6001
2193
2196
6003
2190
2191
2195
6009
2192
6006
2199
2197
2194
6002
2633
4609
4606
6910
4453
4219
3280
4603
3529
5654
1459
2325
3102
6008
6927
6948
6396
6935
7164
3745
6900
1285
6000
4601
5445
2198
3120
5452
2639
6005
6004
5653
950
3755
4745
1401
6963
4078
6122
446
3758
6908
6672
5454
3023
5520
1707
6921
6932
4264
3283
5457
4280
1944
6962
2088
2738
222
3656
6949
3454
7113
1282
727
3288
2622
2636
1652
6783
3528
3753
5483
6911
1942
1431
6120
3281
1472
6849
6907
4273
3040
4604
6708
4600
4145
2628
6941
5652
6715
1377
3024
6033
3109
1701
4608
739
3128
6074
3757
4100
719
1683
5446
5451
1091
286
507
4830
1225
5655
6940
6942
5117
7141
594
3251
1110
3286
2740
6901
6952
3459
444
5656
3764
560
1937
6034
6038
3318
4602
4361
5037
4175
1700
2625
688
6924
122
5744
6007
3462
3727
2442
1375
3989
723
1407
1062
5859
2584
3455
3987
1419
4285
1460
684
452
6453
5050
751
3123
6531
3778
2632
2638
6936
139
1709
6437
6582
5394
2496
5370
3086
5574
1306
6037
1604
7146
4553
4136
4491
3562
6546
6543
5680
1159
3100
1284
6946
4135
1684
4079
482
5553
4834
473
4860
6058
1705
6335
3317
5057
3285
5089
4224
713
246
6249
5543
1281
3160
1641
733
1655
6895
1170
3523
4697
6720
2637
1546
2634
2624
3779
866
863
4263
683
4278
4597
4272
4271
5439
4607
3760
6266
7111
5801
6561
1302
5854
5554
169
5260
1934
5430
447
2742
4124
3752
4130
1147
3044
4741
6076
3049
448
1408
3994
5011
3976
1470
6128
6113
1480
440
6923
1479
3981
6964
3041
1378
3287
329
6277
721
976
2160
5719
4294
137
4147
3527
3629
2679
1303
5821
3822
1027
3469
4516
6560
4987
4268
7117
725
716
707
7151
706
760
5658
3750
4262
5580
681
54
5453
6718
2329
1865
1452
4496
5116
6991
6031
6026
217
1702
1145
2983
4456
4840
4086
285
6426
4605
3347
3346
3769
6884
823
1223
1125
6754
3311
767
764
763
3183
702
3180
749
4455
474
730
1307
776
3640
853
3412
3418
3426
6456
3436
1081
3451
546
3456
1358
1026
3252
6534
3253
3255
1148
6566
1150
6789
6580
4552
4398
1151
3282
3375
632
3568
874
1178
860
647
3928
5038
2828
5456
5458
5163
5459
2927
2323
34
5559
1706
5610
1703
282
283
1658
1653
1651
1642
4364
3027
3028
1696
5192
5636
6916
2168
2606
2609
2627
2635
7049
7103
2677
90
5665
5814
5657
5817
2734
2741
7110
1948
1947
2262
5880
5889
2456
1611
4212
2181
3119
6930
4254
5027
1481
1478
6920
7156
4005
3121
3071
5496
3985
3448
3452
3186
1068
5440
7020
5245
4109
3439
670
6502
5650
6520
1449
1029
4197
6489
3188
1095
5165
1409
5168
2857
4326
211
4980
4558
1126
4499
2164
778
5197
396
4266
4279
210
128
5846
2748
5781
4182
156
6914
3532
2062
5386
4269
2080
3546
6678
913
908
3554
3555
4551
5492
3157
6251
5795
5823
4618
5524
6931
2227
3185
5813
985
2226
1474
889
4541
3774
2579
2008
955
952
6256
6912
4930
1818
442
2460
4046
441
6881
6350
2443
6352
4589
1289
1376
6046
1681
1283
1685
2985
6873
6843
3077
3022
6065
443
4008
4923
4226
3048
6299
4375
5489
4020
3254
3046
269
3259
6322
336
4023
4223
6961
4029
6071
3225
6967
1337
3079
1854
3345
5121
4085
1176
5119
6854
4839
6384
1542
5478
241
1209
3751
4258
4089
4593
2322
1403
3091
1708
503
1229
1228
5570
4811
1157
4494
6444
259
5152
4616
6729
5448
2312
4619
5577
2431
3669
6716
4615
729
5423
2236
5426
738
5482
2187
3692
6711
820
5488
5444
2398
5530
6721
5557
1453
5410
2992
6368
1227
6039
6035
1222
6030
2974
1199
5999
1185
1183
3373
1778
3381
1290
1812
4884
3042
6248
3167
6250
1477
6255
6227
6265
6151
6274
6126
6125
1608
3242
6080
3045
1643
1816
5164
2870
6539
5319
3511
5325
4702
6565
943
2669
2667
914
2081
5750
5749
5400
5725
1003
1006
1020
1021
1127
1116
1114
2833
1102
2802
5871
4622
2788
5249
3458
5850
1052
6506
6510
5848
5244
7169
4846
224
475
7058
58
4070
4149
6847
592
3818
467
4250
465
671
4495
463
327
265
4107
678
53
599
164
477
4450
154
4221
73
218
6933
3920
7144
4139
6938
7153
4003
4198
609
6947
4075
604
6922
4451
6919
478
165
4555
3862
714
4183
51
3945
4498
280
6975
3944
445
6899
7024
4412
5737
4004
5774
3082
3524
6137
6461
1211
5571
4542
31
5569
3450
3521
6567
6945
4142
5441
5599
2930
6944
1204
3076
3526
2469
615
2890
4291
7140
1813
5579
6589
2463
4477
3011
2620
1657
3440
3793
6937
2311
69
6785
1224
5740
4548
6581
3904
1220
5436
3797
3093
5748
565
2082
3510
722
6530
5053
6527
6073
4211
50
2328
5054
3464
6813
274
2102
124
1153
3038
6957
6512
55
3468
3871
4025
1698
6518
2518
4024
5609
1152
6498
1060
1009
2084
334
2614
6054
977
2623
3068
524
5099
6556
6114
2339
7069
5461
5472
6550
59
2988
3029
7064
5431
2282
4816
5449
4069
1119
593
5736
1171
4056
4105
6712
672
2019
1446
2800
799
2805
112
3663
401
1454
162
1455
659
4251
6242
2819
821
5696
5887
825
3299
1869
83
1476
837
5660
2697
6675
405
2189
4297
6275
3221
7106
5827
6742
5832
438
5820
1371
1404
3235
748
4396
3694
7025
3193
6889
2764
4276
3187
6262
769
6252
4392
5420
4322
5862
6674
4774
3589
5787
3581
2044
3131
6926
3122
2855
5169
6934
360
2861
886
2449
641
6366
5191
3582
6364
3991
4882
369
3104
3592
4138
1280
634
