6379
2831
6374
3247
15
4717
5339
11
5185
3248
686
5333
3240
6018
3622
4713
6014
6013
6012
2832
6015
2685
4778
18
3249
5505
6020
19
4252
5342
2835
4621
10
4718
14
2254
3245
6389
5332
1354
4684
4428
2689
5337
3484
6019
1957
2836
4779
6462
3241
427
6027
2271
4427
5336
4698
4454
3487
5771
3097
6377
5615
3841
2255
4001
386
2839
5502
4711
1958
2659
66
2688
1081
2683
4719
4247
6468
1690
281
17
7023
4691
344
6891
2687
5508
3916
2529
6238
1079
6023
5153
2083
6464
6010
2340
5507
1412
2834
5945
5504
2925
3485
1089
2901
1242
6016
6386
3861
6888
1986
3893
2161
4714
4715
4188
7132
16
2276
2583
4585
2924
1251
1244
3917
649
5210
6416
1169
3915
6392
3914
2011
12
3948
1956
5988
4629
6993
2534
2762
1502
1391
3444
6011
4716
5383
3306
3815
3243
4302
3918
2838
7056
4429
3480
2681
954
3489
5996
941
3246
5985
4180
3816
6025
6992
4776
3890
1821
4682
4667
13
5391
2537
4627
1624
5040
1928
5163
4581
3031
5640
1623
600
1
1959
1128
2760
6859
2541
6111
6115
6615
6220
3433
6501
2498
6303
3911
6308
3384
641
6104
390
6404
2792
2576
5563
1235
1255
1901
3695
2866
3563
4695
4894
5042
2822
3585
1516
1529
1550
5565
1164
1163
3507
2408
2286
2205
4301
3472
937
4304
3852
3610
1055
2036
4461
4472
5797
5777
1970
5837
4358
0
7145
3158
3190
7009
57
7087
7118
2100
2481
5044
2202
6418
1909
6412
3702
4250
5155
4583
4576
3773
7017
1952
3178
1953
3015
4168
4620
490
3927
5075
6506
5884
3848
5107
6496
2251
2278
4187
2244
1827
6469
5130
1625
1559
5523
1850
491
569
2852
6823
3919
2572
6819
62
1456
6697
2531
6108
4356
4982
3569
2033
682
6312
2975
159
4354
2565
1166
1168
6302
750
2825
3176
3296
4318
4043
1138
4289
136
6722
3906
5249
1495
7024
4041
5338
6301
843
2330
4307
5572
4896
2277
4059
1042
36
5677
1050
2729
508
4057
1136
3662
4882
2753
4137
5756
5733
5778
497
2338
6583
1724
4823
1743
4804
1076
2339
3365
955
3174
4286
633
6049
6060
2648
46
645
3401
6365
2964
6029
6103
4324
689
6197
752
6297
4355
4413
6251
6257
2103
209
1030
871
4589
3483
5868
3367
3369
4710
3039
4186
5904
7122
5915
4579
4687
5931
969
3477
5630
1870
4630
6441
923
2203
6414
4680
1668
6568
5399
5478
3642
5569
1392
5401
4011
3891
272
150
2486
109
2830
1471
378
5151
389
151
3968
5331
387
384
5048
1449
1520
5526
3643
5177
5503
4981
4033
1260
5186
6743
355
3896
6764
1506
1351
4954
4662
3032
6868
2037
1386
144
3967
2230
1390
1665
5141
6463
5500
4699
5134
7067
6150
794
3036
4460
5902
2790
5908
3037
6161
2252
2867
2257
1877
2489
6094
6807
3267
3704
4305
6090
3460
5993
3909
874
646
3897
2495
1509
5358
3470
7026
3895
2187
6804
3312
1878
4209
2574
3688
3475
4312
5964
6425
2210
1531
3913
3912
6363
6096
5156
5981
1343
5982
1523
1534
3617
3902
4184
6294
5738
153
2320
4005
1133
1448
5767
4151
747
1450
2413
2299
6586
4833
1451
3173
6225
1453
2773
3641
6234
2091
5616
5610
2375
5631
1675
4956
2593
2555
6880
1099
2592
1161
1160
2759
102
2608
4988
6716
2552
215
714
3812
5045
5224
4780
5810
1059
5065
4760
5834
176
3138
6924
1044
3847
2923
3111
1252
7007
2971
1258
4712
6749
2123
3360
6984
213
3486
1234
489
6209
6199
383
2418
2539
6101
5330
6073
2014
1993
3714
6258
3448
1422
6217
4466
2990
127
4465
3146
4391
2008
1492
802
6097
4463
5231
2004
128
2977
5189
1666
967
5167
6259
3661
5811
173
5822
4782
1068
5799
1066
4781
2920
1784
1043
7053
5076
1256
5064
3621
3657
3656
2763
5663
2766
1165
1159
1691
5704
4827
5708
3648
2754
2774
5562
5774
5775
2882
2756
849
4703
5119
5975
4611
5983
3135
1348
189
4580
2948
1519
7036
876
873
1514
6022
4537
5369
5371
5899
1906
4623
1828
7012
2862
1560
5924
1848
5135
5968
1856
1857
1323
5150
4650
2940
4634
3476
5433
6890
1990
6336
2130
6851
4197
3898
4344
4053
648
2569
3389
3885
6677
6585
3809
4178
642
640
571
4199
325
2134
2493
3379
2213
4214
6760
3776
6444
3969
3012
9
4331
6556
3325
3842
4332
7130
6409
7143
3931
2208
258
336
2383
2108
4179
2346
630
6376
6775
2245
4153
6290
2243
6471
618
4173
493
2536
6715
2578
2414
2643
2240
6676
615
519
4049
623
6719
171
3606
5980
3534
4570
4245
2201
4911
4243
3399
6770
4586
5467
5465
4864
345
346
4910
5132
492
498
2351
342
1067
3703
3701
4362
5989
4873
4216
5918
983
2725
1791
988
5853
5913
3631
2727
5032
1000
5531
1824
7052
6999
2249
5898
7054
2932
6503
2769
1810
529
2258
5906
4734
5922
5525
7049
5955
6547
7008
1265
6448
4090
1259
3508
5442
2437
4646
5080
3986
1673
4742
5063
963
966
570
1855
380
5521
4738
382
591
3935
3709
525
2567
3002
5772
130
2545
2129
4861
6846
2906
3064
1121
7108
875
5735
3356
1505
5351
3762
801
4319
2751
2501
2621
2331
2500
6
7116
2085
2976
6292
6230
4169
5204
2807
5780
6218
3502
2069
1482
268
3875
303
1395
1393
4423
6925
2319
5227
3110
3718
6194
4425
5179
466
1388
260
3293
808
6892
3924
3926
845
4506
6072
2285
4513
3770
3557
5149
4531
1537
3432
4533
3712
1150
6562
1441
5432
6915
3711
5759
4565
2347
4359
5139
4534
4824
3182
2492
7103
731
2015
3404
5730
2612
6248
6361
1097
819
1518
3769
3713
122
5806
3818
2649
1092
5158
6569
2287
