5745
5889
1950
1953
687
2390
5887
1435
6280
248
6217
3537
5638
750
4642
5819
6447
4968
441
3442
6449
4647
4047
3431
3435
1439
756
5441
4516
3141
2674
6213
5632
755
753
814
2925
2606
1432
1431
4094
6034
6027
1609
2424
4234
3321
1295
3449
4648
2572
4957
456
4646
6440
3327
6365
4644
1440
1773
262
3611
3445
3447
2395
6419
4645
5312
5885
3539
4064
725
1154
1692
1658
3330
1653
1652
2398
5259
4062
5479
5476
5597
563
7072
1770
3530
1493
455
3335
5148
4201
3432
6068
3105
5656
4641
4547
4643
2824
758
1332
1604
6212
3326
3004
3323
6514
4541
1583
6336
1780
543
6490
3438
5074
5552
5077
4035
1101
5873
3448
6445
2373
4650
5733
1433
2404
900
5398
4640
6050
3332
2566
7005
5812
4077
2421
5443
6215
1337
6083
6216
3391
4060
2678
5389
3441
1775
5332
3163
747
414
6226
7112
257
5450
4063
7032
3571
1108
1448
5232
5716
5376
3601
4376
1102
5639
6062
1430
5182
4649
1959
6434
2599
6942
2262
2814
6017
95
5557
3034
3473
5753
6904
4700
817
926
5750
5952
3337
3336
446
3921
3923
2188
452
6543
5082
2125
5202
1235
4592
3609
5181
3607
5719
5746
6019
3389
3548
3715
370
3535
1839
6476
6146
4548
3782
673
6660
4962
2882
1284
2708
2510
2723
7036
762
5781
119
5492
4285
4790
2307
4136
1104
5846
1697
2343
812
5550
5789
1476
3046
1443
588
5471
4069
4654
4953
461
6432
4952
660
3325
2264
2676
6367
4350
4671
2876
4040
3280
2533
5637
6785
1384
5801
6935
6661
6731
2403
5710
366
6827
759
1983
5814
5559
6940
941
2816
2818
5839
6028
811
2650
2670
3044
674
2719
5776
5417
914
486
3434
2263
2547
6910
3315
5913
5754
3329
3383
3042
2663
5495
2069
3534
5256
5553
5529
5520
678
2323
3446
679
6708
6962
5499
2100
2312
2574
5735
97
6500
6360
3713
78
4090
1380
3718
3626
4370
4366
5106
6214
4361
1015
6517
1787
1438
117
118
4778
4273
6287
4455
70
7132
4604
322
1238
4571
1058
4614
1651
7019
21
4633
4022
7074
1656
3697
4028
7020
5360
813
4998
1717
3289
3287
4954
1055
4804
3284
815
1111
2329
4067
5384
2326
2261
4878
2269
4020
7028
1603
6329
4156
324
2960
2709
2706
5756
661
7137
4510
5752
2664
2570
6446
2654
685
2584
5715
6778
5731
4595
6427
2979
5669
4694
5599
1434
6829
2888
5813
2166
94
2433
2439
5635
769
7085
2844
1174
1382
2819
1334
6499
5002
5881
3544
6665
6031
2009
3698
1924
5113
247
2102
418
3567
2122
924
6093
1906
1836
411
3541
6145
2074
3532
292
6548
5219
6007
6033
1830
428
1951
3648
1831
1772
5152
6065
5097
4338
6990
1388
4359
4264
5568
2869
4256
5102
4253
5555
4252
1837
6930
6511
2407
100
2926
2928
922
5084
6848
5277
3781
800
2091
2916
1437
6510
2912
803
111
1162
2396
1731
6814
6438
2567
6481
6039
1265
2659
680
1253
6485
2649
2634
968
6058
1236
6955
1958
4602
1955
6459
4659
4672
4460
6504
2472
1354
79
5994
4704
6503
71
2489
5653
6418
5657
3565
6090
6493
4684
4683
4453
3570
5117
3036
3790
5990
3282
483
4045
6221
6294
3265
1619
2266
1613
5445
5448
7030
1605
6219
7035
5317
6296
2281
1587
845
5490
2109
6900
3293
4041
2163
2148
6225
444
1719
6224
880
450
1712
6244
844
1052
3878
457
3334
1695
1680
6917
6223
2260
1655
907
1054
3148
1616
6300
5516
527
917
529
6922
533
5867
2309
3861
6331
1116
818
1122
3049
3823
1458
1774
1531
1230
2305
4125
6921
1539
517
5856
6512
6333
6444
6719
6690
1262
5883
1805
6043
846
6078
2350
2559
2234
2435
977
990
6435
6518
5960
5882
5968
2589
5946
6460
973
6546
2204
2425
1095
2578
6057
6513
1715
816
903
1280
5977
742
745
6326
6325
5821
2104
1893
6498
752
1885
2031
6555
1107
2103
1103
6698
1436
6081
2107
5832
6114
925
5958
1657
1840
1832
5762
740
906
2423
2525
2328
6020
1087
1449
1299
5840
2532
2300
5200
3796
5580
5571
3009
4840
3047
2977
3048
4157
422
3829
4879
7050
530
7057
3863
413
3794
2886
2894
2899
4771
3439
2913
412
3339
4276
2929
2935
4262
133
6853
4297
3102
3104
4888
5440
4029
3262
485
3291
3314
252
4023
4955
3348
3907
458
4979
453
3876
4039
5455
3874
3109
4889
5510
4095
3369
515
256
3149
5486
4078
7027
3868
7025
4065
199
4316
3714
6838
103
7155
4540
4634
2679
37
4670
2701
5174
2714
4322
4689
4437
5658
5146
5252
4542
633
2675
666
697
5718
692
5712
4608
3614
344
681
4572
672
4623
670
4631
2668
5734
4543
4434
4686
4698
2862
373
6461
4371
4375
305
6803
2811
3693
4408
3699
2796
75
4703
6102
5088
251
6218
6196
3624
6992
3616
3710
249
1019
245
3744
3883
5130
6108
3711
295
3608
7008
1041
1903
6986
3709
3705
1937
3849
3862
6075
5158
972
5173
1016
3820
5079
6211
321
3791
6176
3788
3637
1785
1788
1833
3704
6570
6190
3926
6315
6545
1389
6380
1402
1406
4334
1161
4333
6506
105
4311
108
4310
110
1147
7083
6387
4356
4714
1338
4596
4609
4576
7162
6456
4545
1268
116
4658
1285
4469
4445
1193
1301
4436
4435
4673
7013
4272
136
7031
1608
4074
6532
4032
1665
6250
1684
4021
3988
4958
7015
4975
3939
1045
177
4884
1571
3605
6515
6516
4236
4235
6339
6335
4189
130
6328
4872
6323
1530
4152
4875
4139
1100
6327
340
5730
342
5493
2310
2321
6865
6711
535
2304
5869
542
3035
5857
2972
2956
5598
5527
2937
4601
5482
2168
2179
2180
2197
3341
2211
5484
2235
5907
3320
2267
