6019
6015
6013
6016
394
2685
3622
6012
4713
5342
1958
6018
6010
1959
2835
750
5504
1957
5982
2103
4698
5022
6020
66
1712
4041
5144
3486
202
1983
4623
4265
5773
1235
14
6419
6851
6416
1906
5076
1950
2687
1088
4651
5074
4621
1253
2241
4638
5038
4699
4090
5645
1081
6418
153
1354
6510
6374
6388
2839
3349
1043
2003
5630
150
1717
5046
1255
2439
4481
5337
5146
390
5510
5508
682
19
6503
1953
1952
2244
5078
3446
1625
6072
5339
5107
2925
402
333
4691
600
2817
3939
1719
3343
2811
6406
4047
1621
4040
1256
849
5033
689
605
2401
903
1901
2964
152
6325
3614
2933
4952
2838
1716
7064
3296
213
1388
5500
3788
5318
3473
5332
3571
6580
1714
4239
1810
4776
5512
366
6014
1032
1955
2816
79
1035
2249
2572
2000
2561
563
4957
4094
6380
1622
4684
1089
2414
1902
1951
3629
2240
2065
6049
6045
3610
2247
5304
6389
373
2632
5611
6891
3097
5681
3012
2929
2889
1870
6513
3344
2831
5813
6329
2654
5842
1802
5463
3695
7056
6767
4396
4472
6746
4314
4815
6839
3785
4394
5002
4432
4654
1086
4065
4703
310
6379
1629
4956
6515
2834
5780
98
6868
1624
308
3042
1083
562
3110
5032
1158
7100
5469
1531
106
5791
4337
1718
6940
2001
11
755
6038
6786
4627
844
4779
4780
2358
2403
2454
2481
1807
2659
2683
680
2686
3963
6323
6679
1031
1034
5423
5831
3580
1448
5216
6882
3481
5344
6519
1282
6509
1343
5149
6803
6501
1284
2692
5835
2690
4346
5331
2723
1038
4269
2830
4260
1046
2857
5746
4955
1710
6359
5797
209
5924
1411
6141
2186
6812
2243
2245
4725
5210
1971
802
841
3623
7152
3612
4717
5311
5983
4518
4814
5177
2412
2417
2419
5315
2451
5949
6232
4437
2576
661
1073
3117
6453
2124
5030
262
1487
3474
5464
656
5113
6615
3248
5073
1218
6400
158
3966
107
156
3933
3367
1512
3348
6457
1517
5024
3626
7104
6225
4719
5091
878
3470
6223
5080
7037
2471
3267
2069
2161
6246
2487
6412
6248
172
186
6133
6738
206
1346
5981
6924
4734
6025
6782
6034
194
803
6827
3935
6831
6772
1534
845
3780
5124
3647
3617
3781
6421
753
5376
3298
6027
1932
3992
2969
3437
4272
1626
3441
1093
3138
6876
7068
6360
1623
4295
1281
2583
5745
2818
2820
2824
2827
4128
4256
4246
4245
2850
2852
4234
6904
6845
3506
653
5158
4868
5013
5523
4390
971
3861
5839
2677
102
5838
375
5685
6386
5836
214
569
1516
1244
6788
6169
6518
1672
1668
769
745
6557
6487
6512
1514
1657
6801
6737
1470
1806
1384
1784
1783
6414
6305
1288
6705
1876
1391
1098
873
6760
566
1924
1283
1936
1511
6886
1715
1053
6441
900
4718
6806
3336
3325
5466
272
3262
3247
4242
5526
7122
3164
4262
3158
3139
5632
4299
3022
309
4331
5154
5724
2935
2922
2913
4349
4894
2883
5756
4204
4134
5433
3445
5157
5159
5143
151
5165
5214
5217
5252
3997
5312
5313
5103
5070
4413
7105
7106
6111
4095
3487
4098
5042
3484
7060
7057
3477
3476
5035
5394
3563
4415
5153
5827
38
4775
4590
2404
6970
421
2744
5978
4754
429
2340
4790
2339
6023
2301
448
4629
4630
4655
6069
15
4689
4695
2125
436
2485
2395
365
4479
4428
57
2680
5883
2648
4484
2533
378
895
801
1234
4667
1156
4682
767
4388
1039
4688
4899
3960
4425
6570
1248
5129
4707
741
1263
6558
5148
4714
945
3967
1113
988
4620
4261
4810
4778
1049
4237
4587
834
1067
4231
4264
4307
4315
5005
875
4601
819
808
4476
4106
4104
999
4473
807
993
6744
5044
997
2091
1293
5967
2437
2474
1824
1819
5848
5847
1788
1787
2681
1744
5834
1731
5830
2788
5776
2865
2895
1711
6228
2424
5974
6218
6136
6091
6089
2168
2058
6079
2055
6142
6075
2901
2242
2248
2267
6190
2297
2313
6207
5989
5980
1928
6168
3893
2916
2932
5362
5347
3538
3549
5333
3564
3588
5316
5277
3697
1370
6516
3765
5205
5179
1325
6536
6537
6539
1441
3485
1495
1510
2952
5711
3018
3023
3045
3064
3119
1620
3175
2931
3176
5516
6410
5511
5477
5467
6440
3341
3342
3475
3211
6493
3584
6928
517
7132
6929
6997
201
67
68
321
376
607
183
679
6870
6984
297
7103
187
34
7107
6849
304
18
583
2
6807
6898
13
578
370
633
395
392
5882
6556
3619
5305
5879
388
5845
5191
3782
5207
5211
181
5528
3639
6571
3091
676
1143
3648
998
2657
3102
182
5635
2532
5212
3700
3240
6709
5927
901
4067
126
4064
5071
6740
4042
685
430
4037
7102
428
5085
3995
7098
5633
5975
5928
3914
3923
5962
2415
2411
5912
2410
1313
5127
936
5126
3968
5122
2408
7075
200
6675
3340
1087
256
1084
5461
3361
5713
3362
3364
3365
3369
5453
1070
1066
5733
5422
5712
5707
1155
5505
5689
3026
3268
3291
2985
1101
3303
5700
3308
2997
7042
654
3292
329
2879
2859
3550
3234
5330
5799
5804
1337
220
650
2756
302
207
5822
5828
3054
673
3541
5789
5336
2855
250
2851
5398
5771
3472
5371
2837
5368
5360
5775
1047
666
2813
2800
2706
3991
3118
1933
4835
6118
6163
805
2127
4572
1882
443
6164
4474
7137
6060
6765
6764
2009
4611
2008
762
2203
4892
6902
2027
2083
4929
1776
6470
6241
6238
4794
2066
840
4298
519
4330
6256
4953
6768
6787
2071
846
2078
6824
1829
4290
2082
4286
6229
4297
4804
4964
4391
4663
4675
4680
4681
601
6420
454
1910
7109
4840
2265
1920
5
4111
6530
692
1956
4105
6436
4422
2273
1660
458
1968
6053
6220
2213
99
870
1491
4636
748
2234
6215
4195
876
4656
6820
