6013
6010
6015
5342
66
6016
3296
4779
5504
6019
4703
5337
13
19
6374
68
6018
3247
1235
689
14
2161
1081
6379
4620
5333
682
3240
6389
5771
1956
15
4514
2241
2835
3298
10
2830
3097
2839
3622
3245
4518
4718
5772
4688
4684
2683
2685
2834
1957
1958
6014
5339
6012
2244
11
3249
6025
5508
3948
2277
4698
3401
3162
5797
3248
3484
3164
102
6580
153
3138
1959
5185
4681
4651
5336
5330
5775
4629
5505
2838
6416
4695
6377
1901
3291
2529
6020
3487
680
4776
683
5332
4513
5338
4707
63
1625
600
4627
4621
6246
4239
1389
18
1889
5210
4717
3299
5076
3483
6441
3243
3130
6051
3349
2083
2240
156
2837
2245
2985
1551
2923
750
1071
1523
4447
5144
875
2583
4699
1909
5982
2271
6496
6868
4682
5502
2242
2422
1788
5630
5022
12
2103
1278
173
2687
1529
2254
7056
6583
2255
3841
1990
2765
6419
2922
4331
1902
2831
1077
3292
5153
3911
3937
2340
57
107
4793
1070
336
2576
16
5148
6248
239
1089
4833
5149
2055
3241
3446
3293
2659
5645
3486
2832
3015
1626
1354
2833
1744
6230
1277
159
5507
4864
1928
1534
3861
5831
2487
1531
1952
6418
48
5216
1065
4243
5107
563
4778
3211
4772
1490
5078
4624
4623
4611
903
2273
5503
5526
5478
4952
6518
5394
5472
4645
6514
6585
2401
6501
876
4093
1925
158
2766
1906
5501
2774
1066
3344
3726
6740
6104
1076
1560
3942
1844
6092
5146
4047
101
4011
4014
2763
5167
4314
4096
5073
3444
6483
365
3127
369
373
5774
1950
2990
6443
495
5795
4134
998
390
2964
5813
5778
2992
490
5123
3014
4704
5205
2836
5341
5358
368
2670
379
4734
6586
5272
5262
2737
2751
3465
5201
2807
5442
3297
3485
6731
6537
513
5849
2292
1569
2279
7132
2276
6072
7125
6017
1158
4336
2297
1133
5921
213
4498
1083
5858
4427
1883
1001
1983
5830
6386
6130
3854
1237
3543
17
4247
1234
6133
4245
2380
1253
3617
4754
2920
630
3916
4415
1078
6231
5883
3905
1073
6232
6717
5033
151
4195
3351
649
1920
3072
1929
2762
6257
6719
25
1255
5911
586
47
6111
5143
1555
4065
2924
4091
6073
6069
6060
5154
5240
6029
6764
7122
4004
5978
109
3978
1782
5122
1256
1088
1621
4663
2716
2117
3728
5708
919
5704
915
5681
5243
901
2227
4553
873
2591
865
2585
2293
5601
2453
5480
792
796
6978
3583
4510
3585
2498
272
6557
3623
5393
3635
325
5331
5348
4740
6437
6446
3829
209
5295
4496
4463
6683
5783
5789
1018
372
686
1968
2066
3379
4458
5090
5091
2769
820
567
2402
2944
1495
569
1827
2971
6770
2406
1481
1453
1448
2437
6199
5467
1013
1329
794
5032
6710
1908
2403
6509
5791
6462
966
1114
6468
6373
6469
5966
6474
2142
5980
2058
6354
5297
5171
5500
1074
2820
1620
981
1072
2278
6075
6079
1201
638
2588
5140
639
5134
845
5344
3584
1314
353
4713
3855
172
470
3851
3441
4869
4708
4074
3346
3153
4256
214
3137
3817
4691
376
462
7104
3342
7111
7103
4760
7100
6861
4018
92
6846
4333
3246
394
3860
3913
7037
3347
7031
3564
4154
7165
4633
303
3506
4534
3121
3129
4667
5399
2736
673
3904
3643
1882
805
3376
2152
2298
6507
3554
6406
4437
1042
3864
262
2689
1951
152
6859
5611
4413
5928
3968
5927
5924
652
3610
5561
6392
5242
2341
7102
2753
3359
3629
1848
4407
5464
1865
5719
511
4630
1030
4481
2614
2607
5773
350
2052
4494
2224
2469
969
967
910
965
5764
4501
4692
5368
219
3722
2149
356
2003
2516
247
5296
5468
5724
2460
4515
3852
2468
2243
3439
5804
6436
2465
3699
5799
2623
6891
2643
5686
2744
5215
1239
1517
565
566
1520
1521
4915
1228
6760
6141
4260
4906
4283
584
585
4894
4292
6078
4892
69
49
1251
1483
7149
510
1320
1326
3094
3093
1381
4142
1276
4242
5070
5071
5074
4137
2997
6163
6160
6152
6773
2986
3135
1260
6063
4298
5103
4590
5165
1776
4321
6023
617
6812
1727
4773
2792
6371
6359
6376
6375
4775
6325
104
1825
6180
7159
122
1740
3709
1132
100
2375
926
1137
6493
6209
3943
1845
1261
3723
4519
6168
7023
2248
6516
6515
1
7107
2332
1352
5610
1358
2316
2315
3999
7166
2246
6225
2291
6272
261
6503
3960
1393
3647
2275
4550
883
6482
4241
1380
5993
1031
4246
6439
3875
999
1553
6027
6412
3824
4041
4446
4289
58
6430
1160
60
6089
3850
1039
4043
3853
175
67
1623
1953
6328
1189
1622
7054
98
1227
1665
6360
2132
7043
2098
4511
2095
4250
6283
6463
2085
4255
1242
4482
5760
963
3893
7080
7048
1884
4495
1231
4380
6448
1667
1230
4485
4334
6142
512
3432
6880
4702
6541
587
3356
3176
3175
3352
3357
3271
306
2739
6702
4628
491
4626
3156
801
4700
6833
4798
4812
627
4756
3480
2500
5376
646
607
2799
6570
4868
4693
775
4697
741
455
361
4792
6777
367
3110
4944
5327
3114
5265
366
5259
5266
5010
290
5059
3134
4956
2651
5075
4950
6772
5334
4711
5189
1923
3289
3990
1924
3345
3343
5931
1761
1755
3866
7064
389
3302
3857
5979
3858
1722
6367
4001
4343
5937
6829
5247
3348
3374
2729
7087
3369
3914
3918
3885
3925
1079
1080
150
2745
3364
2756
5835
1829
1905
6839
5912
3354
3961
6715
6836
3882
1784
3378
1910
2730
3969
5837
1828
5231
1068
1669
1471
496
1476
7152
493
2984
3136
6145
6172
6767
3139
1244
5095
1498
3144
4926
4095
4923
1491
1232
6188
3118
4953
6256
4182
6247
4171
4158
6241
6263
6192
6240
1351
518
519
1363
506
3112
1283
1279
6238
3279
4092
1524
4866
