5108
2104
3923
906
2101
6375
3924
3927
2970
2979
4334
5376
6024
4251
5952
3926
756
5012
3920
2109
1167
5372
2106
900
1954
2920
6026
5733
2100
5109
1045
2973
5100
6027
6028
562
2976
4633
5737
1911
1047
1919
6023
3925
3922
3921
1516
2717
1269
2713
4318
5106
6354
2718
62
6763
2091
5730
814
3929
5734
4047
1098
6021
568
2108
5736
6767
6400
907
4311
909
86
918
6575
1069
5377
1626
6984
206
6493
1903
203
6357
1061
5982
4350
2714
3907
1235
6050
3696
5154
5073
1794
1491
504
1738
3861
3601
905
2219
1041
2244
2971
3606
1147
1198
3872
1048
1493
1955
1067
5432
902
1059
3771
836
2105
2572
5645
2925
5732
2923
6551
2103
209
1901
1912
1916
6769
6762
5398
5392
2311
5855
6054
294
5975
1381
4883
4823
6957
4787
565
6029
4752
2989
1086
6571
7105
14
6384
6483
3122
864
1078
3526
3503
812
6365
903
977
126
1070
1690
1627
5735
2246
6433
4354
4353
6928
6870
4041
1736
2478
2827
6874
6876
6218
2517
4319
4820
2539
904
974
6328
6369
1290
6823
1808
811
1972
3032
747
1083
6510
6770
5430
3040
5500
1081
3687
1766
5504
1141
6768
6683
1826
784
1792
1415
518
4954
4951
3476
3864
4906
1382
3422
4882
2657
509
4095
6765
894
6760
6748
5371
1733
704
3693
3695
5177
3964
3966
1978
3980
61
312
438
4037
5643
2032
6764
1589
4050
892
6364
1079
1910
3348
4822
4821
4804
4323
4396
1008
1068
3343
4636
4314
2839
1250
1066
1194
3218
207
6082
6556
6498
3266
643
6530
6557
3146
3127
2978
6578
1077
4623
2975
5586
5585
4393
7
1797
5568
5648
6084
2902
191
5379
1216
1732
4508
750
3844
2881
6844
6734
414
6087
818
1798
6386
5641
4427
1816
1812
7017
5417
6807
1695
6089
4621
1958
758
6533
1952
7142
817
753
7024
834
3772
1292
6850
2758
1240
4759
1247
6866
6223
213
5092
4502
3424
1606
6201
3501
5836
2515
2834
2514
563
945
311
5742
658
1687
6586
1304
4745
2673
473
4824
2659
4776
202
6496
5973
4310
6361
6017
2597
6196
122
6058
6240
6020
1096
952
1095
5977
1073
5614
1880
1351
6010
751
541
786
6022
1693
1387
550
6732
1697
5697
5715
6367
1043
6353
6499
633
837
5746
6336
5762
828
1805
816
6212
6098
6477
788
5954
5956
6118
5935
6419
2240
4349
3982
4030
5337
4038
190
4358
4654
4574
4156
3474
4395
4185
2541
4952
3011
2704
5229
2977
2986
4285
3379
4313
4316
4981
6855
5002
3344
174
3662
2444
2107
3819
1915
4394
3846
7025
4392
2844
2846
5544
2674
2897
208
409
3097
4377
3940
5418
2076
4716
7119
5076
3700
3092
5503
4751
3759
3290
2383
7021
2998
3115
4607
1074
2987
408
6519
2719
6942
6951
4779
2812
212
205
201
6147
4750
6080
2901
6980
2958
6996
2972
1162
1158
197
3125
6205
6180
3556
67
3638
7108
3683
3691
3928
3909
3908
3906
4101
3899
3897
3895
3894
3893
3812
775
3879
755
730
3877
19
6176
3506
917
626
3204
629
4382
3277
4359
6200
4352
113
6208
4201
6485
6481
3346
1004
4312
972
971
6245
954
6283
4250
6209
4825
1236
4829
1653
5117
2403
313
2409
5107
1608
1587
1670
5824
2481
5049
1486
2511
6686
5020
1461
1457
5830
2356
2333
2317
5560
5547
5622
1959
6766
2000
2030
5450
5438
5396
2151
2162
2179
5653
2242
2248
2262
2275
2312
2574
4957
3847
6916
4857
533
266
2596
1293
4898
2649
4950
546
4869
1310
5964
5959
4854
5976
1389
2650
847
2831
2145
2116
3959
3984
3622
3611
4059
2687
6032
6326
5329
899
2184
1737
5320
3477
2199
4171
6033
5691
873
1800
3699
6371
3838
5581
1921
4856
5599
3813
6409
5604
1929
3881
2723
1950
6388
4769
5632
2755
5633
815
5508
5494
2776
822
2805
6372
2059
1727
1297
2094
1968
2847
6114
3421
3262
1586
4391
4698
1545
3208
2463
2475
2924
5868
3171
3128
4656
5046
1188
5900
5903
6175
1172
1459
1440
1434
5011
5942
1136
2984
2581
3272
1699
6083
2458
3397
1305
6254
5958
1322
5186
4308
6235
1683
6231
6229
5712
1677
5995
5159
5153
4330
6216
2872
5979
5111
1022
4827
4889
1376
4355
2427
4367
2408
1923
516
26
211
315
7135
7022
649
6572
706
7085
6872
149
324
725
7090
557
446
204
6978
623
6803
588
476
6447
263
404
200
5665
6952
2627
2725
6940
930
5675
941
5654
4828
444
6929
2665
6906
6282
6907
6284
4881
6166
1760
4891
6143
2773
4682
2906
194
5726
4719
5723
2875
371
1682
4748
1684
4757
679
215
2841
2835
218
2832
1692
1713
6307
4900
2806
2804
1719
1731
455
5678
1810
1199
4982
1960
2336
5183
5195
330
2305
2287
2281
2276
6207
333
5507
2270
1957
1979
5502
5299
6798
5322
1065
345
346
5339
2015
5388
5404
2061
2092
340
655
5520
5156
4986
5638
4988
963
5636
2926
1196
1093
290
2487
6475
1864
1091
5608
2472
2471
5068
6868
983
1881
2424
5096
5097
991
5132
1927
2379
5137
5142
4972
6335
4742
6337
4094
3536
6102
1307
4150
1308
3481
1329
6391
3471
4183
1342
1365
4252
4270
3383
102
3347
3296
120
3278
714
123
3275
711
4374
710
1300
785
1296
782
7164
3836
6
3817
744
3880
746
3883
17
18
3900
3902
6418
513
3754
1234
3930
3697
6536
6408
6570
7104
3644
3637
6038
3608
60
1273
6541
1464
5951
1482
3121
3120
3114
6708
1595
4390
7023
3096
4563
3045
6713
863
1581
4577
4601
4604
1139
2996
6714
175
5749
2963
2955
2942
5745
6338
4587
5790
2077
1496
3211
6373
701
4425
3209
3214
3175
4431
440
5505
6069
1813
