4106
4102
4109
6675
4107
3412
4073
447
2088
444
6674
442
4105
1178
1287
6036
2081
4103
4104
1052
7019
1176
3252
5608
7003
6959
7153
7004
599
2078
2082
7010
1288
4100
5598
1333
6030
1170
2312
6035
7086
2087
4075
5520
7150
1669
54
6033
5603
1663
4219
6678
5629
3258
1171
1175
1363
3048
1665
567
5459
3772
6789
4072
4659
6059
1281
5559
4263
2085
2563
1418
4274
5545
3256
449
4884
532
856
440
6556
6037
1289
2063
6544
285
1111
1106
4889
4078
2074
5534
5823
3596
3516
6067
1666
1474
1283
1637
52
2633
700
1473
4459
2349
282
5654
2457
4387
2456
3983
280
5535
1173
3288
3667
2086
4578
2077
51
100
53
1816
738
3366
4581
2310
6783
445
6302
3255
1054
3282
3286
6289
3577
2160
6785
6787
50
6050
1172
2084
6032
5048
3193
3226
3365
5658
7155
446
7158
4970
6070
2558
4530
5821
4574
5446
1668
5845
4580
5522
3898
5455
5895
6860
4007
5422
2455
3004
555
1650
2329
2301
5827
578
6942
1406
1595
2637
6564
1581
2347
4455
1412
218
4577
2067
6566
2506
4603
6781
4278
5538
4597
2388
2530
2537
1614
5129
507
626
1546
2070
283
5288
4202
3691
6485
6038
6975
1067
4108
169
7049
4082
5948
110
3894
1177
701
5871
3967
3557
3113
1219
6345
3281
202
5621
6306
6227
6307
1859
913
4589
2064
745
1119
7045
5425
6854
2339
5413
1174
3892
4
2848
1179
4967
131
1506
4360
2897
3734
1068
4608
406
5122
6356
1817
55
5161
2164
3512
5193
3054
5211
952
5269
3041
7079
5361
6031
287
1664
85
6581
2080
1657
2076
5030
2089
2918
2021
2544
1479
7002
4347
4076
4120
4345
216
6513
4340
2573
6512
5542
4218
270
2485
5605
705
2698
4285
4279
4176
166
709
2554
5762
5209
4632
2548
2636
6402
1661
1285
215
1662
6034
6974
3636
6224
5556
286
4678
6214
284
4697
4162
664
4183
920
6727
3181
4187
3125
5038
5034
6952
5065
1402
6039
2661
4820
5586
2663
2600
6766
658
2667
1810
4734
2069
1416
2669
1379
5114
6780
1252
482
6874
4071
1580
7164
4070
2367
6
5448
4450
4419
5457
4881
3843
7018
1532
136
6695
4942
6904
4362
7015
144
1215
620
2000
5530
5848
6815
6318
5943
741
6849
5424
165
5426
5536
1590
574
575
1069
946
1129
5905
3360
5602
7067
6575
2910
2331
2895
117
1114
5963
6254
487
5627
1377
805
862
868
1921
6007
6106
5832
1501
708
5491
6551
716
1483
596
5443
1594
1596
1470
5757
5539
5061
556
6029
5563
1677
1420
1419
5169
1793
6060
5150
1404
1398
6352
5570
985
760
5601
4827
6707
4497
2941
7028
4200
6945
3749
7046
2564
243
2344
3737
2346
6937
6803
3735
88
3695
2872
83
219
217
4161
4163
2209
2206
4600
6988
4598
6788
7001
4677
4058
4174
4002
7012
3994
211
4696
129
4465
4821
3679
6914
4883
288
7151
2034
302
3192
4341
4871
3159
2510
36
443
3504
448
6963
2066
2072
4457
4458
3602
3053
3592
3623
6934
3652
289
5560
206
2560
5626
5532
2447
6958
1330
5653
1486
205
1488
6930
4172
4329
6956
6935
1477
5572
6525
4184
6953
260
4886
2590
2602
4264
6517
1444
4003
2672
3733
6005
3692
6394
3640
3040
3042
7111
1000
3545
6340
3154
956
954
6154
6158
6194
3215
6209
6233
7156
3242
3250
7162
823
5972
2671
3736
3738
6475
2696
4117
6977
1282
2717
2718
4081
702
2758
2440
2812
2828
6438
7021
2871
116
111
3812
5921
2942
5944
3744
1117
1115
1102
4378
6296
5496
4673
6798
2212
552
6716
367
5020
4635
6786
1656
1639
4606
1635
4604
4583
4986
2309
4976
4617
5277
2073
5260
5118
5142
1812
4824
1811
400
2128
2162
5164
5069
4826
5063
2168
2079
5516
2169
5206
2075
4679
1606
577
2113
6569
4471
2356
590
5444
609
4963
5465
4950
2375
6708
4897
4412
2387
2399
5454
5476
2418
5438
6869
299
4490
4880
1976
4965
327
2330
3649
1896
2020
5050
3362
6271
3680
3681
1053
4882
1096
5062
1991
4888
5099
4822
1857
6270
3254
3730
1066
1090
1055
3367
5039
4974
4971
1949
928
3171
3157
4978
1941
2060
976
980
2062
5120
3521
3364
3116
912
3086
1919
3221
3575
6048
6042
1915
1029
6155
1914
5026
2071
882
3567
3515
2847
3739
4208
1597
2610
1598
2632
5580
4179
2302
4539
4553
4562
4582
4170
4164
5398
4210
2578
5447
4456
2444
4379
5528
5478
1491
1484
4348
1645
4342
4418
4288
4276
1471
4275
5453
5449
4414
5392
4644
4133
5191
5177
2866
1792
2892
2166
5168
3938
1800
1124
3748
1813
1118
2120
2116
3741
3777
4815
5855
1769
2704
4647
1280
5713
4674
4087
4675
2819
1701
2186
2763
4034
2778
5217
4690
5842
1241
4265
0
825
405
404
6790
6801
365
6806
355
6762
6853
6879
6902
6912
273
200
6960
6979
6872
162
497
541
6409
725
6449
6397
706
704
6451
6617
6453
645
625
6366
581
572
565
6579
670
7027
6797
6299
7157
7161
7069
59
7062
7117
576
6588
554
6561
5434
3167
1658
3119
1653
1593
7125
1647
1632
1629
1673
5414
1622
5416
5423
6570
3500
3143
2963
1756
5263
1973
6696
1963
4975
1948
1939
492
5031
3110
5055
1879
5068
1867
5117
1819
1815
1814
3549
1786
1763
1566
542
6559
611
1533
1240
3251
5824
5826
8
5870
3311
5897
5906
5908
5779
1151
1148
5941
1113
1112
1109
3283
6408
749
6407
5969
1150
3222
3207
5667
1979
5499
1503
6538
621
3179
5546
5547
1457
5549
3424
5557
5558
5566
1424
6510
1417
5568
6505
5587
3195
671
679
5452
1987
4896
1994
4131
4150
4159
3690
2662
3000
212
2612
6947
4225
2694
