5466
6048
4479
1335
4346
3801
4736
3118
2411
3802
3804
38
5305
2418
239
1338
1049
575
4419
577
7068
4116
36
4415
30
3574
274
6049
3805
4732
6667
6040
5854
4810
3807
2413
573
5041
1688
35
1032
2410
1336
5403
4227
1994
2858
2139
3018
2303
3808
3028
3903
574
4473
7044
1200
1646
6641
6662
1023
1039
6386
6301
4735
6330
5129
6263
2124
4907
1501
3803
3116
1334
6042
5727
4407
3809
5321
6776
4343
6261
4413
2412
4733
1038
4705
3800
6881
270
6664
3025
6666
4997
5285
6041
4731
6898
3854
3998
1647
3906
96
4471
5967
3850
3806
5955
971
482
4115
5705
375
6684
5282
4873
3855
2850
578
5126
4474
6630
846
180
4478
1645
1528
4477
4411
6628
5349
2060
3340
5035
1504
4668
4815
6728
39
2096
5095
3308
1694
5740
6649
7063
659
2308
4850
238
232
4231
4476
5780
5922
4524
3971
187
5124
5032
3010
6983
1713
183
5056
6704
4357
7030
3413
6047
6602
4738
2358
6846
6590
6511
1134
3909
5467
6266
3599
45
3458
4851
1873
4416
479
6607
6363
6830
6488
597
293
4366
6626
1031
6888
6622
4659
1874
2416
3901
4565
6192
1383
1872
4663
6197
2892
969
6707
6839
4739
3841
5099
5381
334
6790
5120
4709
4340
832
4342
1870
6427
5036
2094
339
4564
2176
141
182
5440
6051
6052
6778
1029
4852
1337
3904
1802
2401
2857
2385
2378
2354
1876
2131
77
1976
6909
3792
6757
3844
4470
3791
4490
4374
5265
6894
2912
1711
5484
1692
5613
3584
4327
4576
2617
4130
3111
2317
1141
1132
6072
93
6565
6564
6107
3338
1034
1028
6190
6194
6459
2430
2431
2436
2568
2561
6269
879
5385
3260
7159
3986
5665
4902
2631
5986
5721
5741
6706
6701
6700
1437
235
6682
6858
6654
2140
558
5907
3900
1819
186
4990
3064
1261
2231
6631
5325
6634
5938
2212
6638
6639
4188
5298
333
1751
1722
6820
4403
3029
1681
4129
3907
1130
6067
6070
3911
1030
965
3905
3212
6299
6304
6319
6415
3259
841
6350
3273
6275
3099
3080
612
2853
5481
3411
5595
4345
6726
4326
3874
1409
3376
6656
6651
6646
3017
572
579
6636
1267
6624
3416
5364
401
2296
4560
5301
7069
127
2468
4499
3527
31
32
6964
4892
4855
6963
6960
4497
2376
2438
3797
3796
2434
4493
2178
4488
4904
5001
2255
1871
2052
2122
7039
3681
2298
3516
5039
2103
4862
124
2133
2607
2089
112
3579
4856
125
149
4730
4721
3480
5086
6062
1033
3013
6605
3913
7065
2583
3875
4222
6725
3485
4492
472
4996
7116
4900
2375
2357
4994
132
6968
4114
6681
1160
1100
4859
1456
3685
5003
7082
3341
4224
2045
7091
6077
5722
4632
2351
6132
6716
6370
146
774
3591
4734
3249
1221
1689
3062
2211
5287
330
3456
147
5272
5149
1687
6412
1269
848
5362
827
4409
6632
829
2512
4561
836
3428
3835
7162
6345
6842
5333
359
5469
3368
2172
6771
5523
5190
4368
968
1644
7131
34
2567
4074
5198
964
144
6199
2428
2424
576
4032
3949
6601
3463
2560
6187
6779
2737
3309
432
1189
7046
4141
3361
7042
6603
6043
3898
1218
1204
617
6608
145
3097
4145
2366
4863
3191
743
961
745
37
2460
937
3306
913
7138
6195
2479
2480
6321
7157
862
779
2542
3595
2534
3978
3976
6305
7060
2423
6487
6596
6593
4858
6585
6063
1135
4839
7079
686
4819
7119
4817
1080
4100
6544
6152
4788
2576
2404
2414
1024
2415
1082
2237
6825
6629
4348
4484
4347
2904
5146
5664
5122
5679
2006
2930
5103
5098
2031
2945
2035
1471
5755
237
5783
2982
6692
5085
5822
5185
3876
288
2873
1765
5386
2819
3422
6853
3840
6802
5315
1721
4377
2792
2851
4422
1686
315
4444
5251
5243
2861
4456
4457
442
4472
3846
5050
5718
3720
2127
4556
5878
4928
5008
2145
1275
3012
6640
2126
4954
2125
2655
2229
3700
4995
189
6644
5846
4991
5000
916
5195
930
5284
963
962
6030
4441
4549
2446
5262
5206
1886
6272
4676
1653
1296
2860
2179
3216
1293
1373
2649
3277
4704
4708
2514
5354
1788
2644
5346
2807
2239
5389
6351
1248
4715
842
1799
2823
5299
2636
5363
5309
3256
2793
1690
1271
2251
1729
1238
1810
6334
5407
1268
5521
1609
5527
5092
6105
4271
4818
1448
2969
2599
5090
1112
1432
1116
4622
2336
5034
5758
4854
4240
1395
5817
5037
2712
2315
3115
2061
3114
2067
4225
3113
5829
3001
3106
6207
3014
5738
5556
6198
4901
3110
5576
1942
4999
5176
4569
1012
1021
1332
5648
1026
3160
1973
6044
2002
2271
5004
5006
4495
5709
4544
2292
6157
2236
5097
1048
2942
5141
4184
1264
6650
7026
92
7052
6834
143
6832
6848
3799
3894
753
3932
3420
3908
749
3410
616
236
478
6691
6421
7041
3860
6954
6540
3460
6884
6856
76
6687
6777
477
6559
192
188
3508
6600
491
6713
215
6599
3467
194
7034
3513
800
494
3970
278
6609
6618
6604
3543
3890
7092
6648
2359
2484
2455
2638
7137
4816
2408
5280
586
436
6542
6647
4437
1949
5197
3159
4044
2591
433
2779
4744
4811
3016
5912
88
1905
7098
2360
4197
5191
309
1027
4903
5876
4475
6751
5539
3331
3024
148
1299
3793
571
190
5464
336
3419
1224
5367
6824
2421
6581
2419
4163
3072
2417
4160
1724
2581
4395
6594
3349
4930
389
1209
4399
1202
6619
7106
65
6046
7109
5408
1172
4147
377
6145
374
5451
1279
6141
3155
338
2856
2855
3152
3450
4562
4920
1685
692
3144
4924
1822
5949
6852
4418
409
158
5329
2846
2643
1244
6841
1241
4414
2809
2842
3828
4480
5042
6314
5774
7064
870
4853
5787
2039
3303
476
769
6961
885
3245
2032
7163
1956
252
