6048
6042
2411
4479
4810
5126
4413
1501
5321
2413
4739
4736
36
6040
4815
4415
38
4734
4733
5466
32
5035
3118
2410
2412
2414
37
5305
270
4732
35
2418
1039
6041
5129
5036
6261
30
4416
3998
6207
4818
5469
6459
2858
7065
1035
2850
278
4813
4819
4346
334
1335
4116
6049
2416
1413
5032
5467
2895
3513
6696
5041
7068
573
7008
1713
6044
1338
5124
266
4112
6798
2176
6043
3514
4058
4478
4811
338
274
6791
1694
6152
4730
3308
6707
2655
3216
2860
1837
4568
1646
6208
2471
215
5385
6529
4357
574
878
1711
4470
6332
409
5912
1715
3516
1336
2855
6790
3995
5773
1528
3907
4343
5039
4403
5122
6457
743
4817
7044
4402
2561
4404
5955
4417
4419
5941
5742
6386
6173
3960
1010
4735
6200
2568
6201
5906
4471
575
6330
4228
4215
100
744
4222
5309
1605
4349
3748
2967
1724
6664
4348
6298
6304
4477
6755
1990
5120
1337
1645
3739
6053
6050
6358
659
4472
2417
3876
7069
2968
2856
6260
6067
2415
7079
2851
1241
2890
2087
5091
5362
6564
1505
1031
1049
5460
577
6575
3214
5902
578
5909
4567
3900
3903
4386
2170
1215
4115
2045
6331
1879
5648
6300
4909
4747
3001
5741
5403
4473
4229
753
971
4409
1994
6662
1369
3736
3747
183
212
6187
2565
3738
3807
76
1647
6792
3957
2308
3731
6197
6321
6614
4418
5949
5464
6797
5952
6667
3208
3017
5161
3340
6760
392
5679
2540
3734
1716
39
5700
5217
3116
5127
5707
4345
6676
5082
4340
119
4816
3801
4407
5977
5368
3805
5350
1831
4562
5915
870
1830
868
3803
5894
3804
5904
6551
2569
864
1872
1214
1033
1012
6183
5063
1412
6178
6684
4114
6702
877
3196
2656
4520
3992
6288
5537
1797
1833
1216
6706
5901
6704
337
6370
1330
218
1032
3232
4812
5123
3244
5616
4776
3206
6727
3062
6700
2048
1200
5031
1718
5424
3808
5853
1719
3381
4441
2171
2641
6269
4400
2169
6171
4900
7030
879
2599
4329
4552
4374
2041
3913
3125
6513
4814
4342
586
4821
436
3802
433
1668
5686
7098
6776
2777
6794
3574
912
4444
2419
1376
4484
6666
1205
3517
2562
5954
3800
6398
3515
2089
4138
5367
2778
2012
4862
3749
3735
6709
6881
4341
3595
3011
2809
1229
708
5364
4885
3597
4381
752
1250
2692
1267
2289
5119
4709
2935
3737
211
1521
209
4737
3990
398
3210
3192
4554
6295
5939
3997
1090
6852
2133
2978
3219
2723
1046
2343
388
1962
5125
2342
7000
6692
1933
1136
6175
6070
395
1487
1134
2645
1271
6394
1054
2212
4180
4364
3564
202
2827
132
6701
4676
4550
6391
916
5516
4893
3018
1838
400
1510
1108
1609
576
5910
5907
1100
747
80
6266
6202
6697
2172
213
3549
1874
1525
4950
5034
5854
1835
6091
4622
532
5206
4555
5209
5829
6874
758
4559
6559
834
3740
6954
6105
6793
2483
818
4476
34
6301
2818
2472
2151
2095
4829
1643
3007
2898
5134
3111
2772
5004
3742
187
6638
6524
3835
5282
2514
6345
3703
4990
655
3733
482
481
397
330
3588
3250
930
6194
5938
827
2547
1331
6004
3743
1976
2231
935
2658
988
6616
2939
1218
2160
1832
1368
865
6045
4410
3361
2154
2166
3029
1362
2982
1870
5212
5211
1322
1633
2165
7063
3477
5029
5207
2082
1334
5283
1321
6487
1871
6674
5329
1802
862
4324
2174
4111
2178
200
3961
5783
1042
5764
1038
4537
6290
6765
3258
7109
5727
6528
7106
7105
5720
4499
2720
2479
3292
4480
5934
31
2307
3629
5917
1105
1101
4
1096
2340
2339
3212
273
4363
6778
6824
1693
3700
6853
6788
761
6578
6436
2647
1698
1710
1730
3730
4054
4904
5661
1776
894
7140
5419
893
3809
5975
1203
2378
6333
704
5053
2854
3228
3512
2857
2421
873
1217
4442
4174
4906
4894
180
5643
7009
4475
5607
4474
2028
2014
2800
1181
4865
3589
709
6762
751
4888
5518
1751
1836
6072
2969
4382
6848
1269
2086
6075
5090
5047
763
755
2402
5921
4401
1003
1006
2474
4738
6639
6882
4535
6193
3195
6823
4678
3201
6631
4673
1957
4638
4635
4627
3215
6830
3217
1093
1097
1939
6205
4571
1065
1156
6653
4490
6102
5003
4412
4997
7018
1223
6815
866
6143
2040
1877
3064
6819
6147
4880
6663
6884
3746
4873
3110
6159
7007
3113
2489
6221
2488
4780
5043
3307
4576
2955
2661
7107
2552
5721
2177
2556
6338
7104
186
2179
3508
3806
4202
2560
1714
5327
5325
5324
332
333
6347
196
194
6340
5298
4225
6600
4224
5749
3993
2567
3843
6339
6525
331
6334
7082
2817
5675
2253
7086
6509
5556
5948
4119
2371
6519
1739
6307
1435
2773
5092
2211
5523
3580
5688
2737
6711
4031
2760
5444
3543
3826
1395
4177
5484
1725
4036
2207
1456
6799
197
3599
2951
117
300
3456
4352
206
1518
5913
2642
110
5905
5114
2358
116
105
6786
6272
6265
3889
702
3471
3860
96
5870
311
6283
4361
5246
2912
701
1606
4325
6691
304
1692
2150
6047
6451
6275
3213
3126
985
1628
7001
3128
6768
314
2763
3117
4823
4822
4582
437
3600
1175
430
2346
5916
1685
428
2770
6167
2344
5647
1104
182
1538
6572
4809
3741
2761
4027
1082
6764
3203
3202
6544
190
2243
4530
3261
3254
1919
2643
1506
1135
2300
1030
5751
2301
2302
1036
1037
1502
4677
4674
6556
1512
288
207
391
6299
3245
4752
6630
6979
4024
2709
5699
3840
277
7102
5932
6728
5714
2668
5844
2473
6576
4639
1514
4631
5743
3592
4827
3472
644
2863
4405
642
3785
4998
3474
5281
3476
6229
6560
442
5301
6247
5308
6251
1224
7064
5320
6886
2549
1220
4954
4217
5008
2145
77
5215
742
5099
5103
6063
6060
4347
