6040
2410
32
5321
2895
5126
36
30
4739
6044
6048
1647
35
6042
2411
1713
6041
4473
2418
6049
5036
4115
5124
3308
1715
2415
334
37
4815
7106
4811
4819
5035
4732
4736
4733
4479
5466
1711
2850
4112
2413
6455
573
34
2860
2890
4816
4813
5305
437
38
128
274
4415
4730
2419
5041
5324
2474
4810
4470
1719
400
6451
1716
1724
4477
6881
5977
4413
5461
2414
338
1335
5679
31
6293
3118
5039
3629
1027
1643
5460
4738
5467
4202
1134
3998
4364
878
4224
1712
5129
2048
5469
4555
6345
4412
1578
4416
1338
6330
4865
6043
6426
1717
5030
7069
4737
4478
1030
1538
1337
270
3997
659
3954
2339
3116
7109
405
4475
4235
1112
2471
1718
6849
2641
7065
4734
4735
2416
1976
246
2858
265
5325
4568
375
4676
4222
5685
6749
658
1331
6363
1714
5057
1289
5122
835
4862
2692
2417
5127
1501
1046
2376
2124
975
4363
4111
2412
4677
3907
1802
4562
409
1528
3574
3433
4046
4238
551
4265
4817
5053
406
127
2809
4631
2855
6757
7044
4975
2362
2658
1023
1189
1944
3309
5854
1373
6488
5955
4552
3992
6684
2472
132
879
6091
6266
3110
2214
872
4225
1740
278
5032
4860
439
7107
6459
840
5094
264
4554
942
2856
1205
1143
6576
2010
381
5095
6045
6740
7075
5128
5509
4116
6457
6260
2455
5643
1757
6352
2607
5647
2136
6053
6316
6356
4970
39
586
4346
1336
403
2243
1645
5516
332
1413
874
2369
5142
866
3307
5741
2823
655
43
299
5613
877
6
6301
1646
6340
7116
6310
996
215
3733
4909
3114
577
2631
423
3059
3119
5309
6208
1186
4357
3655
5322
971
1948
5327
261
5359
597
2976
7091
1999
1369
6287
2604
6847
81
2981
1974
1128
4419
6821
6707
5303
2632
6941
6261
4306
5464
5420
3990
377
388
2401
392
6275
5421
3995
6764
396
3385
401
6843
585
4675
615
4674
6746
5368
1375
1376
4892
5197
6366
6513
6452
1743
7124
4138
5975
1029
5950
5949
4537
4105
1893
6548
3598
1990
908
252
5082
6332
6304
4118
4397
4472
3051
3056
4474
6067
6382
6063
1657
124
125
6358
1130
2988
1229
1586
3730
7079
5022
886
6152
802
2191
2135
2133
5700
5707
6290
832
855
3054
864
4584
865
2301
4193
5773
2843
2851
744
4606
1618
4673
1605
5341
4632
1330
536
763
5616
3428
1222
4386
6059
5356
2248
2315
1641
6077
1642
2236
6844
1170
2332
1231
2336
3960
6370
1156
4693
5385
6782
2357
6701
1374
6313
2374
5852
3900
6511
3903
6187
1994
904
4567
1339
3459
5830
844
836
3740
6265
4398
4485
3449
3999
6159
6456
4417
1456
3736
1072
3993
826
1799
1559
5667
6704
3965
4731
4899
5063
110
4102
7104
4818
4119
3184
3111
6906
337
3125
5031
4060
224
6911
320
7041
235
5037
410
5034
4187
5117
3209
4726
7047
82
2969
331
7103
256
2655
6308
4194
329
3592
6630
3210
6776
1659
2660
3748
7137
395
1524
6299
862
5592
6297
3595
3996
398
5119
2385
129
6755
1936
2039
2350
1228
5207
1589
5514
6546
1224
3091
6070
1218
2307
1610
6350
3976
2877
273
970
1220
5894
6342
3732
5778
1276
3017
3953
3739
3737
634
636
5757
2363
1933
3735
3734
2857
2800
2023
2854
1570
5548
2016
6295
4343
316
2130
5340
6277
1741
2195
4709
6204
4
1371
6523
442
6263
6581
5422
2594
6264
4414
4725
2878
3579
4410
2063
5125
2184
1514
7064
6002
2829
1383
847
2176
4906
3169
1710
5315
5161
2103
5615
2982
1334
3208
1809
4814
4349
3259
6803
1487
6801
2460
2462
913
6696
3028
5929
1183
5922
4596
2068
1065
4490
5198
3052
5091
1014
4969
2138
6639
2820
842
5196
4315
6638
701
2148
105
4638
3301
1752
169
5590
3010
123
6008
2212
2252
1886
330
2223
6425
3001
1877
746
6631
1100
6681
120
202
1644
4362
5893
3497
848
1178
3023
1764
3692
775
774
6386
6516
5577
2192
6062
1173
2310
212
5089
5407
3430
6834
4409
213
4026
2488
5424
6274
3154
538
5081
5403
3206
5302
4441
434
6186
546
1946
431
4901
6575
5284
3138
4010
6279
2312
6194
5389
5323
474
6888
2590
4870
478
479
1026
481
6228
2593
5802
1370
4239
2539
5838
6269
4861
2599
6848
6207
1450
6202
3170
3168
5839
5836
2428
6157
4191
3738
1033
6925
4758
4198
639
4571
6752
5106
6339
300
880
1269
2852
6347
7114
80
1223
7034
1606
1035
6351
4963
89
4471
6360
6933
2420
3743
1942
574
575
943
2000
578
1943
583
407
2656
397
6920
1938
2661
2407
3368
3559
3458
946
6307
2384
4679
947
2669
1541
1285
2662
1039
3871
3639
1848
237
1853
5835
3609
1949
6578
5070
6572
6556
5050
6551
5872
7039
5054
985
987
1872
1870
3610
6550
4974
4809
6137
6314
1283
6319
1545
6321
6322
3741
4908
3123
4399
1254
4930
7117
3100
7115
6341
1577
6122
6305
6298
7138
1414
3188
3185
6267
4879
4418
1366
1364
1362
4894
6273
4407
4442
4403
7143
4904
1316
3805
1521
6344
211
1601
1612
1746
2929
6460
1748
6000
4486
1068
3681
2933
5978
3279
200
4350
3653
4530
6502
1828
207
5971
2935
4483
7094
4391
88
6362
3053
3050
4978
6375
3029
3025
1174
6388
119
6057
6052
4129
7102
1694
4381
7098
6086
4558
1409
6675
2089
5642
2190
315
391
6723
4287
5104
6937
581
580
5099
2199
5635
5632
4301
571
6718
4786
4226
2052
4302
3946
5150
430
2049
6709
314
3443
5724
6774
2359
6931
5658
6748
2354
357
4294
804
4223
2366
630
3994
5239
624
5120
5646
2134
6963
4085
5680
5593
3558
2378
4671
612
3981
2094
672
5751
6791
716
5386
2014
