1127
6492
1123
4190
6056
1122
1154
1153
1146
6976
6971
4193
6467
6473
4198
842
6500
1120
6497
6490
4199
4872
6974
4191
4192
2102
6460
6975
4958
6504
4194
1126
2530
934
4875
6485
4877
6268
1121
6509
1151
5747
1129
6469
6373
5761
1125
5762
6350
6052
4879
1152
1155
1159
3964
6685
6055
6977
5403
4196
6059
1149
6686
6687
6972
6973
3902
6688
1180
6979
5087
449
4876
6269
2860
6942
5405
2570
3112
1131
3904
4878
2587
2450
2584
4817
2069
4602
215
1811
744
5047
3096
5164
3049
5768
2531
5616
6484
2537
4271
4240
6786
6935
3941
4865
441
3700
374
1204
1095
4951
6461
6465
4418
4862
505
2922
1157
6513
3455
6502
3290
6498
2655
6078
2643
515
5652
2630
2072
3837
2421
2770
2536
2427
6735
6353
2809
6360
2921
2471
1653
6036
5088
5545
6047
1295
6087
843
5213
71
1128
3944
1791
3834
702
1658
2309
5907
5966
3780
5462
6959
4417
6682
252
2120
446
6384
6352
5552
1135
2064
6037
5308
5570
5401
5603
5367
6277
5743
5466
6082
3452
779
1529
2940
2439
3525
2918
2896
2473
1188
2534
2894
3643
4330
6981
6970
3863
2423
4802
65
4804
847
3448
5014
2300
3379
6576
133
3086
4863
6075
3709
2869
5870
3106
5913
3044
3787
880
3561
3110
5976
3040
6034
3001
2996
6039
3900
3437
6038
819
2942
5218
5749
2426
1041
5404
444
4867
4870
4886
2436
5005
5019
5051
5060
2223
5158
2207
2139
5362
2081
5454
2457
2644
2634
4228
2055
5656
479
5638
397
2574
4366
2571
2547
2512
4601
5476
4617
4635
5753
2582
4402
7150
7030
7136
6339
6335
7019
6882
1137
6508
1332
1227
1206
6849
6307
73
6486
1684
7095
6994
6284
6789
1406
1605
5713
4023
3537
5039
1610
3450
6652
5030
1057
6567
5647
5664
2054
2052
544
5680
6551
4890
5720
1669
4931
6589
5083
5372
2135
6447
1322
5304
6435
2145
442
5219
5211
2208
6489
2116
1144
6378
5455
2074
2302
501
3054
709
508
3907
514
2890
2949
516
3910
2346
2779
4135
5903
334
1403
1754
645
6843
6275
125
4739
6739
4732
6263
1698
7135
4
2610
1175
6689
1528
6705
7155
3025
1693
6709
1848
2990
6071
5846
2417
4262
4341
1280
1933
6175
2419
84
3308
1920
1031
4552
2474
6711
5316
4328
465
5309
502
6940
170
6730
2219
2727
1655
1429
5203
489
905
6488
179
6782
1510
6904
517
76
4942
2312
542
6663
4119
2321
1369
45
4022
4873
6079
2656
2652
4807
930
2394
1386
1395
5089
6930
3924
1643
3906
512
1207
4188
1002
6681
4704
4159
5043
6680
5034
662
2700
4148
2633
6569
146
6091
1034
3718
5801
2957
3436
7092
1134
1673
6287
7091
3449
6288
6289
5745
3420
5742
7054
5723
3471
1064
5690
5655
5653
6331
5619
6337
6338
5602
7065
223
5867
1814
3059
1690
3062
268
1692
6193
1116
1696
6202
260
6227
6030
3019
6
1756
1287
6265
1758
5943
1770
3042
3121
3230
1132
7127
1301
7153
5559
3457
6386
6363
1661
5459
6368
2088
2865
5445
5426
5467
2858
7004
6407
6433
1039
2815
6980
4280
3716
5554
5470
6819
5527
5488
1221
7026
2070
5473
4179
28
3087
6881
3830
3832
748
3694
3043
6964
1284
3109
4186
3852
4182
846
3833
2941
3082
2777
2778
1361
3048
3782
4259
1327
2701
4238
2591
4232
3047
644
46
3811
704
1396
3046
3116
4163
752
3961
3439
7046
912
1362
913
4025
7050
2879
931
1220
6937
4020
3905
4017
3981
3959
2792
708
870
2721
2697
7039
3135
3041
4157
3649
6949
3870
3280
3030
933
2851
3544
1226
706
4111
3431
911
4110
7012
2886
2704
6619
2576
6395
6393
438
5408
1659
5425
1042
2071
1663
5489
1053
219
2066
5617
5629
443
6415
448
6436
2290
495
5168
6487
2206
2204
2184
2063
5292
1030
460
5329
6453
6450
1036
1037
5306
5120
6320
5712
1780
5934
5962
248
5977
5979
1755
6007
1111
6033
258
6042
6115
6069
272
6271
324
6273
5915
1068
6298
2005
5752
5769
1076
5788
5686
1945
241
5873
1876
1866
1679
1809
5912
1924
5094
5307
506
6674
2425
4777
4787
1176
1650
4705
2373
2344
4848
6647
1174
2343
2342
4819
2433
119
4639
4324
4339
2573
6788
6785
4403
4415
614
4449
1454
6746
4623
1519
2459
1181
1171
6587
837
5062
4962
2308
6578
6579
6546
1615
4904
2306
5061
511
6544
149
1019
1185
850
2437
1329
1815
1216
2724
1807
1635
2725
2179
2472
1879
2667
1779
2304
1689
1435
2719
1158
1282
1198
1786
1711
1752
1441
2603
1448
1760
2156
1450
1747
1928
2955
1943
1032
1667
1665
2137
2316
1373
2868
2110
2659
2661
1173
1614
2323
2850
1613
2695
2665
1390
2377
2056
2398
2428
2817
2142
1654
1955
2947
1590
1988
2959
2420
1225
2007
2025
1431
1314
2043
1223
902
2138
2642
7169
5922
4591
4606
4626
135
6613
5657
5654
6072
4641
4646
4658
4678
6084
4706
4731
6558
5560
408
5523
4586
4550
4536
4503
4102
5318
106
4127
4139
6702
658
5694
4234
4805
4250
6684
4352
6669
620
5665
6653
4455
6632
4468
6701
6720
5479
6540
212
6357
261
5209
447
5216
218
5221
5228
6214
5236
5396
6282
257
6276
5282
5297
6274
5317
5134
5129
6396
5096
4810
420
5457
567
4818
4824
426
4874
427
5465
6516
6506
4887
171
5452
6481
6475
5063
6157
6401
6131
4073
4107
4070
3432
3435
5891
7013
5877
3451
6986
3501
3502
3430
6968
5984
3556
3568
3608
5848
3617
6919
4072
3626
3536
5843
5896
5901
3064
1
827
3083
3089
7165
3111
3113
7159
7052
8
3281
5974
330
331
5906
3418
3423
5902
7067
3207
6911
6917
6887
5765
3860
3879
3901
3640
712
6780
