3598
4963
882
6451
854
4977
4115
6455
32
4978
4442
4202
81
4790
2010
5321
37
4739
4975
4792
2317
1331
2350
88
6040
75
4964
3595
2532
1582
307
1963
1270
1033
235
406
7134
3054
6740
6293
2296
2462
4967
4238
405
5548
7075
6548
30
2049
4
36
1672
38
975
3639
89
4470
407
698
1417
4791
824
4588
6684
4798
4676
4062
6752
594
423
5055
43
1134
224
6297
585
388
2410
732
4113
2322
2691
1337
4118
47
4974
6366
1893
4815
2298
5949
422
6523
85
7079
6614
4862
6452
39
4970
1294
1298
4444
1649
1418
4999
1416
5123
2658
6150
1661
2539
245
4965
878
3909
1296
265
4993
880
4555
1330
2418
169
1343
1740
7107
1675
1170
851
6044
1133
583
2140
1139
3932
6738
1497
5129
5667
1580
1109
82
35
7034
6898
87
738
3629
6843
4631
1664
1769
2166
5150
403
4971
6204
2131
2899
6853
1678
4105
2594
398
1784
6060
2891
2414
7005
3118
4306
3116
1589
3112
1175
1414
4668
3858
3634
4995
856
5094
401
4595
41
3954
4973
314
5669
6178
6381
2048
2047
3309
2045
860
1291
7018
1642
1532
4780
741
4899
1647
4596
5722
1394
5124
367
3473
3430
3428
6345
2249
4573
6343
4567
6789
4112
4901
4942
1641
278
275
4102
1293
4597
5516
884
1238
5006
4473
5324
6158
6772
3055
97
45
6687
5110
3052
5323
4441
5043
1039
214
6777
5037
560
5272
1838
6459
1799
573
2577
1035
6332
6051
1411
1514
5128
5029
4730
2343
399
5207
5127
6092
4764
5280
1174
1118
6067
2307
1136
3091
3139
5008
4904
4301
6053
4449
862
1748
6778
1741
6800
2089
1668
3684
12
1024
4709
5289
1715
4813
2028
4811
2023
5571
409
2877
6773
2165
413
415
2792
5126
428
6336
617
4343
40
6576
4794
31
4358
6344
3645
4733
2017
1383
3445
6852
5364
4979
5113
5103
6689
4809
4562
5833
4968
2648
255
5540
6155
1299
166
6458
3262
4736
1306
2566
1305
274
1371
234
5550
2465
855
1391
5518
5361
273
6167
886
5427
6036
185
5282
34
2477
6154
3637
2138
48
1977
6680
3780
2850
4060
1300
42
6759
6756
2139
3001
4972
7093
1023
1014
1013
481
2939
3301
6540
3958
3988
2
4227
1259
6380
4961
4524
4810
2040
6156
1258
853
4795
662
6187
879
1292
6159
1648
1891
1744
4383
4220
4225
3305
872
2895
5285
1274
420
6041
2163
5549
4990
1173
1430
5385
4253
4187
6089
7032
4307
6727
2279
227
4581
1137
5003
2817
2313
7041
904
898
3480
2663
4994
4274
5180
1770
4996
763
4997
1410
2357
4490
5843
7116
5670
3855
5925
165
6682
5829
3902
79
4447
5112
5032
1309
6749
4329
6681
2788
183
2169
6909
1138
2645
5141
104
6745
6310
1488
6313
4568
2413
96
6456
93
1815
522
382
1749
1832
580
584
1830
579
5506
3953
1990
6542
1321
5252
4537
1289
1283
859
6659
868
6660
6839
6683
1210
6690
897
4484
4479
1172
1143
1130
6737
6820
4321
4443
6753
965
1037
4415
4414
4413
4580
3984
787
5368
3997
4695
650
4692
1660
1657
659
4685
5446
4677
4675
4061
4066
4069
1586
692
1568
4097
5208
1513
1504
6902
4116
5234
5375
4163
1399
1392
4589
5365
6857
4410
5700
3227
3612
5104
5841
5842
3681
7064
2455
6356
3385
5615
4998
476
480
3144
5000
3132
3124
5007
5009
7056
5015
2692
395
5822
7002
418
3308
3306
238
7016
2553
3313
4962
259
2564
226
6191
2134
217
3272
2580
2587
2124
4907
5816
269
270
184
6078
7135
4816
109
5054
4890
1896
5514
2381
2859
2417
22
551
6031
2344
2341
2894
5524
5074
5707
338
9
339
2293
2890
6305
421
2412
3784
5170
5646
6057
107
6048
2411
103
6049
2766
1949
303
7047
4535
770
1406
4569
335
257
5118
5114
4533
2315
838
2324
2416
6203
6201
3358
5768
1304
3434
3382
1301
4587
2355
2348
6631
7051
300
4538
2488
1333
4583
839
6199
782
6637
842
98
1113
80
76
2806
2825
4338
7154
5057
2858
2868
4361
2976
1116
2874
2956
1041
2955
1032
5286
1028
2901
5288
5078
4393
6786
6
5985
2965
5020
5920
6077
5359
4215
6849
253
6848
2556
2561
223
4517
866
218
4237
2590
7091
5817
5265
3246
5825
167
2651
6695
4264
4272
6832
5854
2667
3138
4309
3106
1281
4976
6616
3646
5547
4071
5546
4073
483
410
2168
1562
1554
701
5543
402
5205
6595
6503
3906
4693
6600
1892
1796
592
1974
1518
1585
424
426
4796
3788
449
5554
4679
1942
2132
2141
1643
2142
6408
3640
6330
6925
7007
7015
6954
4734
3647
3636
5626
4070
6334
4669
4735
4673
3605
591
4867
1478
3903
3867
6611
5676
1861
4758
639
4749
6613
7030
3725
6291
6621
6622
5388
2284
3986
6537
5519
6625
1439
2291
5693
4706
6482
1712
3853
4828
3850
2093
2086
4765
2214
552
6903
2215
3856
6394
2218
1486
5196
2007
1676
6312
578
3782
1171
6069
2716
6732
3101
6719
3978
6372
6074
5592
1746
6728
6382
6070
5578
6755
5481
2892
3859
2954
1029
1817
1027
1050
1823
2949
1834
3892
2938
2935
6788
4399
5305
1806
2964
3933
6746
3053
1106
1773
6046
6042
2796
3025
1095
1776
5950
3003
2997
5526
1119
3136
5703
2698
2421
2429
1501
3387
3592
2439
2204
4205
5360
2468
3610
2469
1522
2178
3619
2486
6594
6593
5799
4200
1336
5642
2225
1433
3504
1409
6624
1407
6261
6619
3477
6612
1288
3466
3444
6636
6298
1484
4186
3433
1487
1489
1348
6635
2042
1286
2518
3648
2106
1663
3239
3234
2632
6688
3672
5464
6103
2082
5349
1677
5466
3155
5468
1176
6359
6543
1419
3642
1226
2130
1584
1588
1275
