6055
6071
1149
6502
1154
4958
1123
3694
1152
6079
6350
6497
1120
1122
1153
6508
6484
49
6492
6490
1157
6059
44
6486
6047
1146
6078
1131
6052
47
6056
6384
4196
5747
4877
1125
6685
4199
3905
1159
1155
1126
6688
1132
1151
48
1121
6433
842
6681
6317
6373
5088
6435
2052
5087
6467
6359
5673
3904
5428
2102
3112
46
1332
431
71
5374
43
5761
2058
1133
6500
2137
2050
6109
2531
4863
6507
40
4190
7059
2094
5421
2516
4192
1527
3556
2582
6971
6132
6061
6504
1129
1137
1127
6506
4872
73
7047
6313
3069
6705
2397
1334
471
7061
6423
4110
5468
6465
859
6314
1130
6353
6064
2985
1679
6074
5083
3439
3852
6518
258
3593
2584
254
6682
611
6757
6245
2571
6075
4119
3551
3559
6430
5404
268
2512
366
539
5891
677
6488
4731
2508
4875
1291
4870
7052
2090
4834
6974
5051
5060
4876
2138
4198
4635
4431
3837
6689
2587
1209
1526
5762
5240
1018
125
2813
5962
3331
6100
5219
3706
581
4878
589
6069
5609
2054
1574
618
3918
292
6501
3068
2427
6775
4193
4210
2131
4625
6299
7130
1801
1294
1050
6460
4862
3653
1298
6723
4061
3116
133
6736
2966
619
2057
5084
3184
5963
7043
42
6892
5943
2140
6360
6339
1791
6469
3121
6976
6268
2304
567
6511
78
616
3096
6285
1646
4524
4519
2670
1134
1579
3180
2422
6738
1264
2398
5668
118
888
4250
1943
1972
5359
5744
4191
2420
5260
3901
2428
154
1373
2396
6083
5215
74
5425
1823
2473
339
4182
6657
4945
296
4537
84
4788
2460
6099
3072
451
1722
3916
4034
2438
3126
2274
1828
4238
6748
4879
374
2097
6304
6113
6652
2053
5965
5737
1780
31
2433
855
5264
919
2557
5095
5888
1213
4407
5292
3659
6356
2425
1529
2434
3155
5082
2922
6473
5401
2423
6576
222
6046
390
3053
3022
3727
3552
1727
2543
2135
5978
4323
4522
4603
470
3075
6288
472
829
4328
4800
843
4628
2994
2999
3013
3019
4626
1728
6315
5356
6312
3066
6301
5357
4609
4606
5354
3059
3971
861
749
6062
744
1177
3861
905
610
717
3713
5974
5602
5741
1206
5745
914
3640
5766
675
934
3658
1499
4364
5953
754
6076
3436
6266
4084
3129
4867
6225
4869
5407
6209
4075
3189
5768
3255
5462
533
1139
881
1643
3944
1402
552
559
3906
6089
6269
5081
7169
2426
2639
33
2641
2649
383
2466
1821
2903
6485
6830
6687
2694
2695
6680
2699
6456
7153
2710
2139
2637
2548
2717
6783
267
251
6368
6509
2627
2051
45
6888
260
7127
6952
6753
6103
2435
3959
4832
2775
6172
3952
5349
65
2779
3964
6732
3973
534
168
4097
5402
4078
2453
2290
1392
5361
1844
2072
2479
4042
2798
4946
5405
5786
6082
6021
4866
3525
5731
3553
6635
5769
7045
5030
1926
3592
243
41
2610
5881
3602
670
2542
1570
613
612
4853
2707
1970
3917
2697
4194
3911
2513
4925
2519
5604
6065
6063
2983
1145
1576
2536
1572
6066
1411
2808
5094
4951
6436
399
1204
4219
2342
1211
4694
488
4232
908
1746
484
1794
1275
4527
3051
942
4303
4977
2065
1724
360
6450
5208
1254
1697
913
4434
1226
5329
6352
3185
847
448
5128
4947
1175
2861
4690
1800
2036
6794
6809
915
5062
4793
6801
6428
5202
4439
1299
385
6195
6994
4368
5709
3825
1017
1225
845
2348
5034
1510
674
4453
4452
6622
244
89
5052
3671
3675
4436
3678
7034
2056
5838
5765
4366
6639
6861
2546
230
4905
2357
5671
5190
5163
6684
874
6686
2024
2488
5423
1296
5416
5273
76
1988
857
4094
6731
3651
4181
1301
1158
5322
2436
850
836
6756
5241
4561
986
123
3860
5654
2371
5645
5644
3869
5608
746
6653
146
2530
3902
6669
6670
1261
2391
5213
5216
2394
1395
2333
122
4927
2026
2598
2981
1515
6455
6058
2784
1072
3358
6590
7092
2663
4758
457
2115
1128
7054
2644
6302
6135
2712
4808
3153
286
1808
2181
526
3418
6248
7058
6561
295
6475
7067
2869
353
450
479
3467
2696
4861
293
6463
2867
291
3114
1578
2783
3528
3065
5976
627
512
5973
330
4746
517
426
5964
261
6503
2603
7112
6386
3599
1523
1648
3256
2974
3615
6334
2947
6249
2942
2634
2921
3028
664
3181
1644
2635
7101
6151
6829
4794
5276
1822
148
6838
3190
6175
3192
2144
6961
6808
137
3172
2417
987
1698
1699
511
7135
5245
873
3151
514
2421
6495
6192
6483
5271
3187
2147
858
4279
3123
88
933
440
4395
4403
4405
5098
389
2940
2343
396
4493
1795
948
6889
1180
5085
6950
2335
4438
6385
6382
2064
2988
418
2986
2960
2071
6308
1176
6262
5237
1276
5235
121
354
7160
6843
4771
1809
4301
1723
3061
2896
4636
5191
370
4324
372
6427
5169
2039
4363
5167
924
5151
1245
3194
5369
3199
1480
2544
2096
6644
6646
5720
5713
7053
3782
3510
273
2648
3707
221
2660
606
6592
4560
6057
2224
3876
5615
5612
6755
6651
2691
3857
3537
6006
6640
6619
1519
3652
3609
3607
672
248
2581
256
2576
5950
2630
2108
1494
5968
5841
1899
2199
3577
2570
2558
5764
6630
2206
2208
2188
2216
2118
5605
2534
2526
3996
3350
4930
312
3491
6514
5420
315
3300
1990
1636
6709
3990
1992
4589
4598
2448
6970
4118
1996
5366
825
6160
2325
2843
3213
4804
556
4461
787
1009
64
1420
3448
4920
2175
5578
3915
5574
1403
5544
1408
2505
3938
6678
2120
6683
1610
4839
2112
2334
2150
2155
1148
4707
4468
4565
2316
4702
1147
4506
1138
2198
1156
1150
4513
2201
2310
2119
2158
4704
4534
3878
2055
3342
1616
1613
3390
3402
3403
1605
1855
3405
3437
2700
3490
2693
1573
