6062
2675
2676
7061
6065
2672
920
5423
5202
5673
6705
6068
2571
2663
1662
2396
359
7050
4320
3552
148
5888
363
6289
1015
2393
5473
6061
5969
70
5963
2678
670
2216
4067
4034
4690
2397
292
2395
2438
2434
5208
6723
5084
1402
2391
5744
118
6517
3557
558
482
71
3551
1855
6430
712
677
2050
6076
7162
3066
6512
5832
3367
471
1856
6064
1924
2429
88
2421
5960
4061
3091
394
4704
597
1054
5610
2662
6008
366
2399
6888
3317
4649
5495
5875
450
457
678
2912
78
431
81
5893
2671
7075
4065
855
3857
7042
150
3239
5429
378
3829
593
6822
487
2679
6518
3158
1857
4696
3363
6829
5629
2433
4705
6523
924
1334
802
2479
146
6079
5613
2575
4114
3069
6720
2431
5476
2420
1527
5499
3519
2051
5260
6503
3719
5671
5426
110
5765
117
3901
5205
79
3186
3364
928
4694
3141
3411
7016
6758
2468
1776
5392
3550
3419
5471
2674
5421
840
1859
4249
6063
849
2664
673
2195
2618
139
6893
5422
5820
3828
3583
596
5200
5428
2883
1400
5349
1914
3004
2390
6549
390
1411
2432
4007
5085
2435
4174
1299
5497
6198
1424
1530
1566
674
4646
4659
321
7043
328
2887
5407
4859
2953
6227
4870
2599
5388
4702
4162
776
3970
4215
2944
1998
2086
33
1248
3183
8
1964
4081
4084
1439
4063
6075
5745
6005
1614
2537
2192
1112
6532
6842
2430
2428
3651
986
1786
6826
592
2398
3617
3616
2364
1026
575
3559
3556
142
323
926
326
1811
5233
6869
4632
5474
455
6858
5485
1578
3242
7059
1211
672
4526
5883
458
4522
6066
6067
7046
4085
5786
3238
339
2893
1050
4647
5660
6795
6885
3453
1157
976
485
830
5840
923
6728
3365
6963
825
4634
4593
936
5612
3144
7028
3400
7014
528
3442
1279
5713
3123
6867
5935
3657
631
3080
7039
372
145
2498
6427
5301
2785
6581
2782
296
5292
74
5050
2562
40
2721
5030
2708
2122
5215
6366
6280
4926
83
1574
5219
2191
2392
6308
189
2660
1949
6452
5162
5425
6165
1426
2819
5552
2813
2385
3536
3790
6055
567
2563
4628
5023
1789
2567
5645
439
6722
1591
6355
4643
4327
5479
6302
1072
6285
1799
1552
232
235
236
1056
6565
5967
2602
2617
4315
6990
4619
3760
3398
1117
5117
6573
3436
6309
116
1113
4571
2367
3430
6992
7015
1644
7018
2319
6588
6539
2377
6525
4616
7131
5427
5034
5470
5038
1148
6840
2548
3368
5672
2304
2424
3282
5198
535
2780
2928
310
4895
6239
845
6151
6226
839
833
2947
6140
1295
4236
6456
5396
382
6511
3083
4224
6899
2783
1874
4731
2801
2784
3965
6109
1852
4699
6237
5389
5255
4800
3195
5749
4697
5750
3820
3182
2677
4672
5754
4678
4130
679
3173
6721
4068
4083
2884
2880
4075
5345
6560
2363
4456
3613
141
6435
6808
4170
7158
2031
4156
4088
5384
3537
5674
4145
5381
4087
2376
3989
137
1989
571
3577
3573
6960
3973
625
925
856
2124
2125
2127
6507
2189
1780
3768
5873
4326
3782
5881
2196
652
5235
75
3852
3974
1853
6502
121
4385
2335
3952
114
4377
979
5923
1854
1869
6841
4360
3681
2296
958
2094
692
615
6896
2200
1409
1053
4917
4923
3190
3197
5510
6071
1704
254
6070
4661
2648
2619
5489
451
225
2570
4640
216
6739
3325
6748
6243
204
4914
6698
6167
2853
5550
2889
5544
4788
4784
2943
2945
4836
3012
4843
370
1312
373
3072
1298
381
2763
1294
3099
6242
5058
3226
2533
5618
1645
3416
2462
5095
3455
7020
5119
3462
1076
4514
4510
5646
5440
7010
1118
4121
2518
2503
2565
801
1886
1456
6680
3458
6119
808
1457
3065
6846
817
949
3939
2512
2371
2781
3718
6575
3089
1025
3570
3571
3110
5848
3114
3983
3015
2058
1332
1412
2881
2418
1940
1044
6287
6783
6479
2551
2387
3360
2824
1918
2560
1156
6134
774
3002
5808
4010
3478
1339
4006
6209
4005
3909
6648
5994
6233
2358
6626
929
1531
6604
3230
3810
1120
6313
1546
6856
3237
3217
1556
5889
2606
1127
2330
3769
2590
3628
1129
3392
921
2222
3256
2501
1788
3823
3825
844
6236
1499
5857
6306
5999
1850
6535
1505
3576
6245
3160
1815
3420
3178
6363
6248
1247
3180
3285
3189
1821
2258
5880
1177
3413
6077
6401
3655
4851
177
4524
376
590
4658
7150
5323
635
4657
4648
5621
291
7058
7086
4712
383
4573
459
5324
5766
4642
5272
7024
5319
5277
4798
5591
420
34
5027
5753
97
671
4468
93
92
5203
6958
4676
4966
111
6962
4243
7047
687
5738
43
4576
5021
4763
4635
4148
4368
4808
5493
4128
4131
604
4597
7055
5768
4622
5118
4609
143
4638
4125
5363
5553
4766
5705
5141
5529
5142
5710
4180
4965
4169
5414
5217
1544
3682
3554
3553
572
2792
5214
2666
4439
3149
5677
2193
6993
5211
1817
4414
2229
4399
2513
6825
6514
1526
4840
4952
6824
7137
3639
3620
7138
3169
595
6582
4372
6170
4689
2209
3610
3652
3600
1249
3653
3593
5949
6805
5062
3578
6293
980
3185
5968
564
4579
1721
3394
1722
7027
5617
5116
1727
4644
1111
5186
5189
4645
453
3417
6002
6555
6753
5177
1436
309
5150
1433
7124
149
476
2352
5121
3280
1686
2386
2382
5539
6751
6009
6046
2234
2350
6773
6530
2450
6326
3517
99
4677
6577
3198
1773
6350
1422
3193
3539
3187
1037
6531
960
305
1427
5191
2337
3454
4521
7121
3466
6542
5627
119
2327
5978
1079
1214
2805
4674
112
5193
7130
1460
2066
4242
1398
4238
832
831
1397
222
6447
4230
1899
5833
6450
4217
3950
4211
3009
6676
2065
846
2557
660
661
1401
5755
6501
2080
2019
1882
676
217
4744
