6069
2985
6507
402
376
6359
5168
4625
6724
2994
6322
374
6268
6058
257
2992
4094
6515
6510
372
2990
501
4906
2997
2995
3068
5962
365
6502
5428
1921
4533
79
3861
1150
4485
5953
6868
6505
2058
3153
4699
6514
6046
1848
377
64
3904
390
5165
5009
6060
1066
6078
7056
5486
656
303
4534
4524
78
5893
6386
750
4234
4250
2991
6158
4060
6503
713
3856
4693
122
2998
6225
6059
44
6580
2159
2921
6380
1293
4366
6248
5730
6456
5882
5928
689
128
5927
6366
5186
1727
5167
219
4962
4866
4069
1294
6843
4061
6098
4137
4695
5420
3072
3401
1256
4974
1068
908
5983
3825
5163
290
4667
6072
898
2923
5849
6061
5966
4916
4393
1158
3906
4972
5038
5898
4975
353
424
904
104
6506
3403
5586
1354
5323
5322
1291
2999
3963
2996
1339
5001
1519
3155
2120
6071
6688
31
2532
1095
1823
7059
4475
1087
6689
1663
657
47
6435
3578
74
5740
4971
69
1576
1298
3910
4097
1408
5169
2468
5160
2031
3811
2767
5181
1126
4091
4799
2038
2595
4690
6356
2960
4691
6
297
4820
2670
6866
600
7112
6455
6772
3358
2422
379
4825
1292
6055
321
3902
2155
4132
6079
6508
4187
323
3697
5351
6218
6486
946
1333
295
261
1860
4536
3409
1665
6324
1673
2347
3912
4436
1132
1133
741
3470
5880
1151
1154
2965
420
3430
1714
3435
6373
7055
3551
6687
2931
3685
213
6680
3402
6681
5745
5980
5984
1258
1072
4487
6686
1661
699
3969
6382
325
2463
4095
2296
4703
623
428
3905
2306
2039
4096
430
707
4199
3938
4396
6583
4692
399
401
6498
4321
460
4134
458
6426
6336
805
4080
6204
2587
4661
6501
6437
2071
369
4066
413
373
3852
6585
6384
1404
2486
3684
1299
5328
5978
7057
5979
221
124
5736
976
979
5177
987
3431
7085
6067
4917
5189
3406
1668
1672
2986
1187
5712
5611
5544
1491
1152
4804
1993
5612
5104
1375
4717
1828
4716
6097
2753
7147
1514
1829
4781
105
5779
3018
2598
1147
102
4362
5183
5156
3465
417
2317
3437
5801
434
2309
3019
7054
427
3927
2345
81
455
6586
3353
5690
3309
5382
5423
1518
2517
5445
1499
1493
2464
2466
6537
6533
4191
494
5285
7111
457
3408
6685
3404
468
3065
3471
675
638
5260
2394
2398
66
619
5735
4196
70
746
902
6013
3909
6014
6157
4624
4776
2683
1955
281
2641
1973
6759
4912
2835
4911
371
6848
2710
4875
4669
6250
1959
3903
2806
4538
4684
2719
2927
4997
2934
1821
907
4728
2050
6199
4473
2932
4633
4729
267
4860
4994
5970
6777
1065
1064
2685
3721
4680
4660
856
1951
4190
1582
598
4420
4797
585
1411
1414
4710
5581
5489
6513
2011
5604
4698
1992
5630
6099
1513
5724
5394
4135
5361
2455
5673
2439
1950
2130
6447
6019
6257
1677
6018
4539
1037
4952
5813
4964
4512
4477
5942
1717
1724
5121
1826
2290
5095
1157
2277
4442
1024
4543
5778
4560
2107
5268
4636
615
4233
1621
1929
5210
1925
650
5271
1924
2373
6052
4290
6050
1920
1664
1669
6252
5775
4888
1235
2293
0
6375
2573
2838
209
3573
4037
6740
2897
3495
3653
2922
2964
3443
7045
3442
126
4064
3016
3421
3483
6579
2576
255
406
3918
418
421
2654
6746
3911
378
461
370
438
324
316
3978
302
3727
6829
3672
6764
7105
2894
2513
46
4093
3354
6551
515
4076
14
530
2519
3092
1497
310
5616
2037
307
2737
905
986
19
1332
4719
2024
4722
2487
935
3275
943
4697
4861
6844
4796
6849
3691
1953
265
2784
4833
4746
4864
4664
6186
5474
5482
1438
6744
5555
6296
1390
5541
2651
2241
2244
6339
3211
407
410
1490
4682
4545
2168
988
2093
4662
1495
3878
6196
6771
834
3168
3895
4621
2139
4587
2158
2161
6754
1532
1266
2802
3434
5792
7067
7058
5325
5158
3432
48
3446
5093
1296
7004
5080
165
2981
5184
3356
3357
3383
5738
5739
3075
1268
1252
5741
1644
7104
1653
87
5761
7093
5272
5785
1771
251
1137
1775
2875
2870
3590
1862
6012
6016
6919
6904
6028
4880
34
3138
63
2804
6017
3569
1314
1074
3481
43
5896
1115
1807
5005
3114
3115
2901
5332
6932
5955
3296
5964
4993
5889
6351
4099
6722
3936
6469
6425
6516
6463
2316
2530
4090
2303
6462
3935
2304
679
4198
533
2539
6396
2420
6720
4063
4192
2348
680
2634
2399
2391
4398
6738
4181
4070
6439
4356
3967
6497
6482
2287
6673
2278
4170
4794
5762
3061
6851
6385
6822
5713
897
5187
6717
6864
103
970
263
672
314
2723
959
1666
4787
681
919
6473
1628
2920
6467
1255
1254
65
2766
4775
6092
6103
5237
506
301
5219
6100
1245
1244
4182
6841
942
258
6867
6353
6460
5054
5050
2935
4034
5894
2381
2876
2397
2877
5007
6432
6352
5975
1131
4242
3488
4992
5971
3566
2924
2392
4238
3554
3553
1098
634
3494
1822
5002
5070
652
6443
4065
2427
4324
2425
121
2803
3440
5159
6051
7050
2983
5840
1919
1720
1721
2831
2977
484
618
1159
2839
4913
4915
1155
1029
2559
2570
1036
3612
980
6589
2761
4696
3915
1334
2195
2308
391
5421
2294
2117
4629
5647
3240
12
4489
4479
2462
1544
4478
5509
6358
1318
2102
2124
2125
4623
4092
6251
1489
2301
1494
2186
3169
6247
381
360
2307
5381
6512
2715
3914
783
6241
3262
7145
6367
3158
357
3273
6243
1315
6256
1584
2064
7124
5337
6182
329
6571
2259
871
4
3876
4432
3112
3858
6788
4153
1399
3213
4414
4113
49
2714
5562
7119
4666
6776
5360
4465
2648
4665
4472
7118
1407
5369
6188
2274
621
7029
10
1472
4130
6999
6625
5086
1410
1482
1481
