5104
5109
904
5735
2973
3927
4311
906
4804
2
4019
6212
2897
3681
5732
597
5736
5737
6218
907
4957
3697
6354
6351
5730
1047
3693
6365
3921
5924
6359
6213
4313
6367
3926
3861
4318
964
6868
6355
6493
2409
6749
120
5106
3501
2901
3601
5100
4316
2796
2929
2229
405
5486
908
6344
900
4160
2101
1966
1954
1143
3268
3925
6216
2820
2915
1457
6028
1963
6980
1674
4682
3267
4310
5515
3260
1147
3930
6
2872
6024
6215
903
4396
4166
1087
6587
965
6502
1422
6169
2031
1727
4952
1672
4650
5734
786
6382
3695
1086
1312
4844
5407
1451
4201
4398
962
4319
4969
4167
4312
4168
2875
1041
4354
3687
6510
3856
4508
5738
5105
3787
1958
1953
1023
1236
3853
6573
2920
401
1666
6776
1759
2949
5095
1669
5679
3858
4355
2970
2023
3132
3361
4786
4087
4392
5067
5061
2016
2103
1901
4501
0
6229
6820
5113
1126
127
979
7094
960
3923
7119
1024
4314
128
2828
6401
3312
1886
4384
1534
5338
1450
5262
2517
1293
2895
4202
1618
5060
6017
1952
3691
4090
4503
1959
6479
4026
6965
3295
4082
86
2299
3692
1760
3854
963
2238
4334
5529
7131
2214
5069
1390
6425
872
3920
4187
4315
5376
1437
7090
6806
3266
6336
4680
6740
1829
3868
568
1738
4721
1636
1612
3273
6778
6352
847
1637
3133
1893
6384
1599
4647
5394
4391
4906
4164
6206
4414
4399
4862
1316
2997
1319
2911
6356
3969
661
6321
4394
2893
5064
3699
3684
4206
5398
4500
4161
3466
4138
2581
4953
961
6020
562
1798
2670
5089
2303
2222
6783
658
472
2923
6771
2631
4869
1973
5322
5287
6770
6832
6595
5265
6621
5263
5665
3005
2823
6918
4959
2815
2317
5546
383
2812
2613
2972
6779
4246
6380
3855
3851
4234
4547
4235
4240
1593
6481
4241
4248
4524
235
102
1631
106
1495
122
123
971
905
6196
4366
909
966
3606
6405
171
6161
175
4263
1632
4338
3878
6324
6932
3277
1676
4646
8
1670
4169
5850
3
1083
1040
4162
3924
3929
2917
6764
2899
6329
4089
129
969
633
2943
2692
133
6774
967
2684
3694
2302
4156
7057
6353
4317
1311
5292
6398
6364
1169
6293
4971
2589
4179
1043
4244
404
2532
5145
2468
2451
2449
2448
6222
6220
5001
987
2866
4208
3784
4163
121
1793
6162
5856
1491
5762
3340
4689
5579
4474
4477
5731
1663
876
2019
5712
4806
5689
1968
6579
6422
3411
4790
4789
4787
1596
3314
856
3343
6021
3016
1737
4397
4350
660
3261
1800
1769
5514
4677
4654
6022
3609
6069
5522
3610
381
4865
5526
2106
2979
314
204
6926
5678
2634
1675
1641
5055
1766
6536
5063
1804
1034
6296
6301
6310
6357
1820
1862
5847
1825
2572
5854
1373
1158
609
2355
2347
2332
6058
1301
6402
1429
6407
2263
5511
662
1791
1428
1393
974
5557
5572
5577
5117
1219
5141
1957
1225
1557
1556
6287
6600
6694
1972
6607
5994
592
6219
2030
5976
6226
5065
2652
4256
2791
2944
2802
3781
6915
2814
135
4943
3676
4679
3647
170
2927
3637
4351
4352
4578
6974
4473
224
2870
2912
3138
4460
6955
4643
214
6952
4390
295
6834
4966
2908
3817
78
2956
6906
3877
4873
5023
2947
2966
3028
4188
4184
4012
2991
7
4825
79
5012
3848
3850
2737
2946
402
6501
3149
6867
3144
4636
1906
1894
6961
1610
4644
5562
5855
2102
2995
4788
3344
4623
6891
6571
1678
324
4690
4799
3213
4681
4698
5632
4663
4695
4558
1794
1767
2017
1885
2021
1765
3270
3272
4811
5701
3516
4546
115
7081
6217
3789
6395
4251
1244
4249
99
1228
1224
1008
6375
6400
1164
3859
75
7098
4205
3882
1029
4200
3898
3910
3946
4170
6322
4078
1157
4302
977
976
1543
6473
5979
4505
6471
4466
885
3504
6026
6629
6458
6051
209
4395
3602
4358
1425
6098
1397
1351
1349
6165
1315
1313
948
1305
3700
125
124
1594
2125
4660
2204
2444
2948
4970
485
2259
5099
5508
2535
2429
5503
5365
5143
508
2767
2914
2186
6748
5024
2401
2940
5022
5303
2200
5094
551
4954
606
2366
6649
2630
6672
5066
2795
2922
2638
2133
2654
6800
2293
6724
2300
4974
2829
5518
2619
5054
2463
2445
2336
6517
426
1638
4544
1590
2793
475
6386
817
4652
6846
2330
3310
2916
5852
3316
3414
1644
3823
1233
3342
4641
4642
1665
6224
6848
3845
1216
2295
4648
6387
423
6346
239
3705
1430
3616
3618
4353
144
2447
6429
2852
2850
3690
3710
6119
934
1354
4941
3638
172
5196
6176
2515
4942
949
3677
176
2799
1438
3718
2887
439
6633
5987
6804
877
6214
6016
883
2865
600
4357
5129
5142
5270
6454
6203
215
2860
2858
205
4949
4388
4374
218
1688
6233
4653
1969
4805
1960
4795
2635
1044
6898
6360
2661
1918
4808
2681
1907
1309
3115
6586
1117
1890
750
2211
4734
7108
6590
755
1048
2000
5545
382
2109
1
4060
3021
6638
2086
5525
2073
6323
6620
2068
4826
5584
5596
367
4820
394
664
4818
4165
5573
6786
6588
4724
5434
4678
2717
1808
4676
4672
758
6757
2928
4657
1777
4212
1775
1768
5068
800
4994
6933
81
3269
6849
6938
3275
1731
2718
4684
2260
1307
5020
5057
764
1028
1134
6919
2235
6654
2223
6917
321
1306
3682
4204
4013
1303
4085
6298
3679
3907
3785
1210
4077
1131
6277
4265
1084
3680
4080
3696
3728
1165
4304
4219
1103
4306
4308
3966
5062
2657
2809
3741
3968
3717
2708
3976
6308
2587
3996
5125
3830
4134
3698
5120
2533
2126
4332
3146
2220
2941
5681
1880
5700
5703
5707
1848
5719
4718
2205
2225
2933
1826
1822
5740
1801
5050
3259
1773
3263
5433
2269
3208
2191
5666
4783
2108
2127
2104
3022
3025
