2420
2423
2426
2421
2425
470
484
611
488
4407
5349
7079
5363
492
491
2371
2033
5361
2433
2511
3599
4523
3387
2427
5749
2422
499
6047
6430
6347
1279
493
6100
2438
4360
270
4510
2434
5367
5364
1018
497
76
490
3381
2428
5642
6073
1950
5116
5369
2429
119
4363
4408
2448
5366
6323
1015
2472
290
71
2512
1953
482
479
89
1033
6194
4365
6386
4909
1609
1608
3977
431
4511
450
6318
3860
6883
5103
2534
6010
292
2096
2519
336
5121
5946
2715
910
6051
1334
3782
47
5219
6325
6415
5615
2806
4368
6440
3702
2712
4471
6887
5404
322
785
6511
6823
3220
1883
2430
1075
6184
4891
6686
154
6983
1019
6061
6062
6516
1432
749
4236
2171
6072
494
6075
616
2440
5362
712
2803
3592
3292
4696
4680
4592
6098
4674
2862
2034
565
4512
6548
4515
495
2018
6319
1239
6170
1889
6065
4411
4044
4290
2445
1607
40
2468
2469
88
2120
2097
5724
2094
4323
2174
461
5187
83
5275
2404
2437
3970
4727
5324
2446
5521
5672
1957
3137
2436
3790
498
2336
3341
4419
3298
7167
1395
3816
3296
6301
3294
5553
368
6312
6108
3791
6105
795
78
5537
1437
4189
4018
1137
3685
474
5244
5943
6228
4369
2599
472
2807
4228
478
4599
1332
2504
2804
5148
6796
5144
619
1448
5999
4321
3657
3661
451
4358
316
1483
3385
1576
3905
436
3706
1691
1723
3717
496
4232
1535
1604
4033
3731
3514
302
6197
3961
6321
3348
4839
915
4744
2748
4739
2274
5881
151
4736
156
26
7087
2589
1260
2765
7064
2352
7050
2595
5133
5131
5119
975
5784
1080
5024
5649
2135
2460
4920
5305
4907
2122
2843
5998
613
2866
6137
3344
248
2373
4479
531
856
5472
3155
4518
6074
3116
1956
4645
4526
2516
2930
5575
566
865
2012
1991
5428
2010
5466
3903
3929
5710
829
3909
5497
5414
5415
3906
5299
881
5309
3901
1605
3902
5470
5403
5354
4897
5745
6173
6044
4596
4591
1439
4569
1438
1339
554
4524
540
6076
1370
6126
6132
4635
5741
1296
4707
5770
434
1094
1113
1496
6209
4902
4409
5863
4841
4746
4337
4361
5913
467
1271
1293
3584
1837
3687
6412
3605
3738
3175
230
3616
2952
3719
2981
3618
3624
3153
122
3703
6884
3129
113
1964
3114
6669
3591
2403
7101
3103
3792
6521
7044
3297
2734
82
3449
2500
1785
7114
81
2402
87
67
6560
543
5215
985
736
3123
2774
3152
6149
4414
1385
3299
1924
1011
707
5135
237
4496
5181
6989
721
4494
5146
2518
112
6078
5783
5095
5837
2842
5856
6760
2732
3819
2052
2829
5939
4879
4686
4687
4853
2099
6788
4703
6813
6797
4821
4709
145
1275
4522
2720
4922
5775
5778
1073
977
3020
5789
3009
6875
4991
4968
1119
4940
5812
2011
6024
6018
4640
2864
6717
2039
2859
4655
2490
825
4276
5562
6449
4298
5401
4304
37
3749
3629
396
38
4322
7122
4193
4324
4326
2395
4332
2308
5451
24
4199
3730
6419
4053
3714
889
4013
873
5406
4268
435
6446
1501
6295
4287
4349
3734
392
3443
821
6518
3516
6172
3796
6512
274
2386
6336
2442
3509
2441
3793
3585
5627
3777
41
5635
5276
3904
49
7062
957
5896
4932
4747
794
5424
2406
5525
4935
2717
5884
2372
5576
863
5867
4825
4898
5875
2741
836
2740
5511
5504
5435
2317
5273
5416
5132
2157
2161
2531
770
43
48
1017
5726
5149
5347
7052
940
2447
5648
7024
2248
5272
2241
2645
2424
2653
7080
4950
675
1108
7086
5006
5598
5023
2137
1081
746
6888
5056
7083
5610
2678
33
1049
5619
5389
2150
2746
2840
245
3170
3625
4513
536
3628
6459
3156
3689
3701
213
1499
3704
4536
3037
1338
6533
4234
1330
6684
3013
201
455
462
3608
3223
3441
267
3435
6522
6517
1430
1849
6131
1788
475
569
473
4742
6504
1390
4476
242
469
3276
4495
303
4359
249
4597
4235
6351
4683
1600
348
6411
1703
3747
4704
4697
6780
4672
3773
1264
4679
3769
2834
347
2801
5938
6315
2783
1301
1233
575
1304
3875
2956
3799
3937
5279
2462
840
1782
3537
2449
3520
3876
2443
3776
3526
828
4158
2432
3597
4194
4145
3739
1704
4197
4014
1727
4011
2283
891
3979
5440
2405
3978
4299
1743
5399
3748
855
1699
3612
5494
5419
5498
3507
2763
1817
4924
4926
4647
4929
2935
1294
4937
1303
1118
1305
2706
2967
1104
2968
1985
2846
1079
4665
4668
1235
1213
1202
4813
2074
2805
4836
2063
1250
2821
2106
4894
2731
4906
2721
2124
3442
1077
3030
2526
1376
3291
5153
4438
5188
5207
5210
3345
3379
1830
3422
5243
2240
3439
3229
3026
2529
1905
3041
3050
5070
1962
5098
2147
3079
2149
4521
4514
1036
1920
4499
1368
2165
2562
3813
4862
5931
6049
5632
649
6048
7020
200
272
760
7028
429
211
5593
5592
7081
7084
6567
6314
5821
374
373
339
6426
6413
6809
6808
5773
6447
487
516
5781
476
471
6115
530
6495
6365
294
7088
6299
6689
6647
6247
222
5971
419
5903
615
5904
5567
5900
412
5894
6280
415
2815
2814
257
1234
2068
2070
159
687
1867
682
4498
5020
4529
6713
6068
1908
545
6500
542
6480
4517
4676
539
6079
4990
680
3215
6485
6722
1379
1071
4678
2739
3711
1048
4467
6818
5112
1728
6819
4462
2725
1032
5130
2724
3271
132
4700
1380
5761
144
1747
5779
4965
6456
1389
1236
5063
1878
4706
2090
2757
4684
5086
610
5091
2098
293
4673
6515
3058
577
6679
4851
3398
3032
227
3031
4859
1308
4861
646
1975
1309
3403
3391
1833
4830
1201
4642
3380
3115
3107
4810
6566
6017
6015
4820
1295
6025
1959
6004
5993
6681
3528
6575
