6078
2437
6511
4366
6502
6507
6047
71
1154
6486
6508
6055
1332
6687
1072
64
41
6359
4367
365
1990
1334
5978
6490
6580
3902
6079
512
6075
5428
4324
360
369
3904
5219
3852
6689
2425
3112
2922
6447
6373
470
1134
5966
2058
2050
4453
6515
914
7112
6132
4779
6505
1071
6484
152
4623
4973
6069
6052
5486
6460
6501
5313
1298
1956
2427
1126
6688
3072
1155
3782
354
5095
2838
5210
1305
6430
4196
6061
6500
3903
513
4336
3153
116
6225
2398
1301
5745
567
2422
368
5038
1432
1074
431
4361
6504
4192
5920
4877
3010
1296
2531
1291
2396
6506
63
6245
5349
6100
1782
248
3905
5882
1294
1299
516
2421
2423
1411
4537
5632
6514
6881
263
6063
6071
3068
6467
6436
5881
1920
2721
6384
6356
6686
1552
2833
1019
5537
6211
450
1428
111
6469
6433
517
2537
6772
2420
3069
5163
3066
6731
679
6072
4707
2161
6685
1158
6777
1293
2304
2394
6425
299
1122
1137
3695
7050
913
825
915
2342
390
69
3439
4703
3262
6435
237
406
5775
5885
5468
5420
5070
6683
6056
3116
1018
6518
1921
454
49
5215
5083
6512
47
1531
2835
5761
286
34
78
5475
3556
1132
1478
2436
545
6503
5672
45
2244
6828
611
4628
5156
1556
366
6497
5747
79
5749
2994
549
1150
5470
1128
2345
3115
4511
3908
4082
5848
7032
1821
6076
6456
2901
4958
4708
172
843
1740
1304
479
1025
4125
472
4094
6438
1292
6089
3697
4731
2355
3906
2424
60
4234
6976
1354
1786
6648
861
5216
1026
2921
7127
2294
5002
4977
2475
2395
2293
1483
2581
5649
2997
2813
133
3694
5082
2821
5962
2433
6740
5783
2359
6723
919
6010
4034
4035
1152
436
6705
6774
6703
515
5737
5846
4904
2390
1303
1157
6773
2429
5642
5121
5421
6473
2229
6081
5413
6057
1828
2225
669
2031
2052
2102
4321
1829
4781
2534
4323
4475
6050
6065
6070
3132
4199
6389
4314
4690
5604
6073
2120
1951
2094
4797
2108
4513
869
6482
1346
3075
1497
999
993
916
2927
6485
4519
3160
97
6971
33
2349
5921
2670
3435
4445
2515
2512
746
1777
2649
1295
1940
6087
5273
477
6680
6246
2875
7051
110
2903
6421
1065
3912
457
842
1308
2391
6455
5838
3909
1075
3878
6339
6708
5213
230
6301
3486
6360
4531
6380
81
6509
1108
1557
353
1553
2489
76
6025
4873
4524
6516
2987
56
6517
6203
1149
5088
70
1120
303
68
1121
5645
66
4901
3861
7113
6016
4702
4398
5744
394
4869
1608
249
820
6909
1260
3727
6060
4403
6446
3916
6377
4349
4193
6083
6217
6548
5887
6097
676
4061
6555
6098
2711
6432
618
786
871
2439
3857
3794
4343
4194
2570
792
2587
2839
2462
1098
2837
1188
2533
6023
2830
4399
6624
6378
2679
982
910
6336
6450
5977
1153
6649
1226
3858
5888
6492
433
2343
1433
5167
6839
94
6775
5165
5635
5599
5125
3099
1722
2961
5746
2117
5752
3635
2344
4647
3443
395
1717
5186
350
4539
1470
6825
128
4794
1754
6803
5673
119
5304
4560
2985
4788
3602
3151
1822
6787
3108
6835
3155
168
4787
61
396
2071
5756
6717
2147
2178
471
3063
3061
5050
3535
1636
7134
4951
1337
5451
3243
4962
4692
4695
37
4968
4668
458
1297
1561
3272
1555
4878
4736
5762
3016
2125
1604
4754
1949
4704
3114
5880
1048
6439
1620
1622
3138
6068
5342
5326
2077
4759
4757
5354
712
5404
2150
1667
3901
3386
6459
5343
1651
5374
1718
682
2051
4834
6199
7114
4189
51
6361
48
44
4175
5069
6224
827
1903
6227
6368
5055
4949
5034
4130
4965
6268
6324
4060
7
6287
6318
6317
1942
2644
6347
5260
4191
62
132
5218
1811
3143
1023
122
3342
2055
117
1824
675
996
991
6180
986
96
4198
2712
2710
5141
7110
3970
4872
5117
6379
4875
3329
2574
4235
674
1611
6643
2998
6741
1216
6575
1147
4419
5779
2426
5785
533
3647
2870
2797
1236
6830
6013
1133
4606
5644
3671
427
2348
1495
5668
6590
4383
376
5741
6017
5980
1431
3608
6779
2836
383
6604
2834
6754
5967
1390
1439
1162
3637
2317
1156
2297
1151
311
2962
494
257
1263
1331
4672
290
5543
1602
4452
6681
261
1264
465
6682
281
3015
474
6554
6888
3531
6059
6837
4621
1333
1567
655
5636
2241
1300
439
4642
4328
6532
2218
873
4512
960
4522
2397
5104
1945
4067
1279
4392
4391
6167
4407
2438
5015
2584
2376
4952
1347
4945
1919
1924
1235
4171
5789
6192
1926
2354
6222
1328
4920
4493
5016
4917
4971
2434
1898
2175
6137
5743
5303
1492
1130
1066
6046
1123
1727
5592
6051
2111
1710
5367
4344
1077
1078
5375
4650
4705
4330
5472
5471
4696
4721
5301
2152
1657
4665
4656
4744
6054
4654
1586
5278
5271
1773
1159
2318
3221
1163
995
2039
5689
2463
1434
2036
4233
5168
6018
5153
6145
967
5662
6123
4290
4592
4804
1780
6099
1781
2290
2510
1143
6029
2469
2468
4839
2519
6033
2401
976
99
234
6776
274
742
7038
3548
3542
3162
3387
6390
6557
6829
3918
3693
9
4020
163
160
779
233
514
292
3079
3483
285
6376
6375
3938
3793
6593
6644
3152
6635
3583
6788
6785
3582
3229
518
3448
2697
3248
6553
3331
75
3532
25
452
6406
6690
6465
6912
651
6630
6838
6483
254
440
6629
40
6719
673
865
7061
2904
6530
6382
488
6449
3537
544
392
388
3910
3911
3680
74
847
3355
6413
6843
3043
3551
6834
5171
1493
6620
4365
6846
6842
1160
2828
4641
4626
297
1510
6616
1953
3791
629
6537
3854
3855
6534
6533
2784
29
2371
4678
4691
1585
260
1983
2043
1125
5051
1562
3792
284
