2438
2434
2433
2431
2428
2430
2435
2432
5349
5881
2420
2678
6047
6062
2427
6511
5749
5354
2423
71
436
2675
388
2421
5938
6888
479
2436
2512
5208
5595
6825
112
274
2679
116
118
2424
5741
6068
712
1503
474
5497
2426
2425
832
5219
5935
4260
6070
6065
1924
7050
2674
516
1271
6072
2912
431
6061
6132
5969
6459
6532
3903
477
4295
2052
6805
3959
4414
6074
4269
3144
5783
659
2518
5888
6063
5977
5367
6517
1033
1293
5963
5363
482
575
110
5362
470
6430
478
6679
5745
2395
3857
2701
4346
1645
5949
2019
1136
3952
1275
4407
4385
4262
4297
889
3782
484
6046
7062
1754
6518
1501
5784
4268
2429
6512
5846
368
558
5967
1338
450
1332
3042
7086
1788
6289
6317
744
2391
4874
6287
2081
1295
5485
4820
299
215
2726
4649
337
5645
2396
6828
111
4734
113
4225
4473
6662
6935
290
6075
4228
4263
1200
3904
3123
6822
1289
6989
6809
4349
3537
1802
4232
6705
3116
6667
6936
5471
312
248
1334
6066
7020
4320
6048
2149
4640
557
3829
2676
2857
1213
1657
3729
4267
4265
6785
4493
813
396
1589
2809
6723
6447
2632
114
2862
5904
88
3254
6037
2866
45
567
4221
3960
4824
1017
5088
5086
4272
827
330
6632
87
6105
857
7108
1432
2807
472
5056
2422
2398
2403
4731
6135
278
6686
5867
836
4366
6783
4571
2266
212
6826
4641
359
3703
2677
142
1034
3536
5140
5423
6819
3551
2712
2725
2095
3114
5520
6626
611
122
5599
3239
6053
2147
6881
1454
5594
4526
5366
6883
672
670
488
5821
3349
4047
5960
4647
5832
446
5786
5841
3387
1950
451
5673
4631
2010
1470
6800
650
6803
6057
5703
5440
5386
5384
4397
5968
1524
5919
5932
1776
6678
6664
1202
1283
2721
2848
3979
6660
4343
2516
119
1082
1090
6293
3550
2785
6290
84
3553
2643
4279
6280
3041
1279
2706
4787
873
1030
4968
4034
145
2397
3141
1409
2864
4363
2861
3911
6808
7060
4836
4238
4885
2390
4991
3998
4648
4646
5102
147
7065
1953
4635
146
5943
1964
2727
4642
2724
2722
3058
1206
5638
1178
819
5057
1139
5896
48
6456
43
4236
879
5902
1032
2881
4861
971
6804
2944
7165
6823
6386
542
1071
4606
89
459
4601
2783
5913
5761
154
1094
2804
5753
4256
5034
5758
1110
1609
6609
3584
2317
6038
2407
6984
2472
2413
5512
6157
1546
4309
257
767
2113
6722
2598
5493
1540
4818
5407
4359
5411
363
5414
6648
5479
2574
1281
2537
5537
2098
2670
2371
2663
4800
6313
2514
5588
5309
2662
3909
3528
677
3106
2661
6663
6684
4419
2457
3497
4328
6133
6621
1499
4131
3253
3570
6302
2552
6151
885
3514
6668
1029
6563
6088
980
911
948
6531
4527
6106
4523
6572
4292
720
5936
4479
4299
4153
614
1205
4298
3574
4456
1209
1633
1621
1218
6100
3582
4290
6790
3728
6040
3714
1727
4116
1336
4174
6243
1607
6051
4510
4145
6415
1699
1172
4415
4287
6774
3722
1923
5860
2579
4811
2534
222
4020
4023
254
5305
2404
292
2360
5361
5378
2591
5381
5406
2274
339
4058
4705
2175
3238
2145
2125
5518
4668
6885
2066
4721
4823
7039
7042
4928
4951
2917
4974
2893
2890
2883
5002
3973
37
38
40
47
4856
5030
3022
7098
5070
5082
2763
5095
7079
7075
3048
3053
148
149
7061
2647
4644
2014
2510
1922
1854
471
5647
5720
6852
1992
1996
5646
4629
1331
227
2650
3066
3065
5148
7058
6315
2673
5909
5134
5130
6176
2718
1201
4569
5907
5123
6347
3599
4520
814
4844
1170
3040
7044
4808
4830
553
6643
746
3902
2577
6638
5205
7030
587
1287
1285
2599
2547
6634
7024
1273
4825
2635
6284
6285
3561
6288
5221
6782
7041
3085
3608
489
4270
2860
881
533
6564
35
34
3010
4525
1028
7131
1020
3701
5830
1015
1803
986
4966
3381
4873
4529
6525
4191
7
1786
6545
4198
6539
6830
3821
2858
2850
3616
2784
3618
1116
81
80
78
76
73
842
5901
70
3719
1093
1091
2806
3716
3023
4261
7114
4552
3711
6440
6570
3709
1744
1054
3820
3810
4104
2336
5672
6036
1439
2364
5319
4495
6962
6030
574
340
4659
6976
4130
578
4032
2353
1656
5668
1448
2151
5667
2313
6687
5930
6077
6731
4738
2167
6089
3189
674
4387
6940
313
4704
3761
3878
3237
1635
711
1653
4364
6932
5610
245
2262
2181
5476
4361
6059
5598
6929
715
4490
4643
5597
1402
1692
563
6055
2051
4107
5299
2843
1070
5455
1522
4677
5451
4680
1098
1096
2803
1077
5035
6052
3020
4852
5050
1088
6050
4522
5466
1528
4803
2144
6501
4645
3290
5965
4882
4936
5614
5615
6526
4929
6530
1636
2018
4922
5637
5873
2889
1604
1822
6043
1050
6042
2853
4674
2859
1037
4411
2089
5890
5939
2082
6010
5789
3448
5592
6031
3024
4521
1520
2557
1313
1929
2570
2576
4786
1299
6229
928
4821
1288
5202
3087
4499
1901
4783
1405
3072
2439
2542
2473
6167
2479
4804
4350
1694
4344
3102
4789
6215
6217
6152
4788
1337
2538
1335
3516
3068
5329
6295
5933
3043
4637
2269
4276
2264
6384
3194
4557
2775
5652
1135
5425
2779
3029
3202
3030
4286
5121
1962
5368
4739
2660
2664
2666
2668
4736
5912
1722
5135
3056
1204
1203
6078
5931
6329
6336
1521
6542
6073
6740
7134
3706
369
7014
6675
6707
6886
3809
4176
6841
641
309
585
3876
6937
370
4185
372
4007
440
4100
6797
442
3784
443
810
75
6651
6872
6649
296
3837
413
6635
6801
6578
425
3767
182
217
39
36
403
32
152
30
871
74
6758
4067
6728
3800
3980
3805
910
6794
270
318
3803
3802
6666
3996
666
384
3801
