5109
4311
906
3923
3926
904
4318
5732
4312
2973
1047
4313
5734
909
4310
5100
4319
3927
568
3921
5104
2101
5105
2104
4316
5730
1041
5376
6351
4251
2970
1043
6365
1954
5106
3924
4334
2408
1086
6022
5113
4317
1167
6028
5012
4957
974
4019
1045
6024
4636
903
5736
4315
3501
2572
3601
5108
6354
5735
3290
6366
5737
3314
3925
3343
2444
2897
900
1557
6510
6980
3687
6749
907
562
1963
2109
3693
6169
2920
5398
4314
3487
504
4355
4804
6021
786
2979
3929
2100
3606
2686
4026
905
5079
6906
6357
1269
2409
3697
4354
3310
3856
3316
1040
6196
5738
2923
3930
2478
3922
125
908
3681
6452
6212
6216
6587
5486
405
3503
3149
2107
1087
324
1727
1738
6375
2978
1147
2971
6586
2717
2976
902
4759
1676
5997
5101
1534
3312
1952
2515
3861
5500
4090
3502
6928
6916
6757
3865
2789
945
6150
6770
4202
4943
962
2667
6495
2585
1724
6344
7090
6326
3261
3268
2977
2383
325
314
2103
509
2689
5746
3682
3097
3695
3699
2796
2795
2032
2023
1936
2448
633
2589
783
4953
4970
6572
4399
4396
5371
4507
1491
7119
965
4809
4394
4474
126
1958
966
6943
1928
964
1493
1495
4338
6573
2270
1969
3912
2041
755
3460
6924
1085
5843
6922
4672
6921
3787
4679
6369
3315
3691
3309
1302
782
6355
5985
1197
4969
106
1766
6218
2681
941
2791
1675
5584
918
5263
2539
1712
2466
6481
5179
203
6190
4976
2901
7104
5576
1850
5626
3949
1719
4094
5196
2887
1798
949
2710
1804
4698
2684
6367
422
3337
6859
2532
3348
2657
3379
6931
2108
2573
2581
2587
6750
3319
5872
5054
5372
2405
837
2949
4971
4906
2338
2106
2449
967
5337
4978
6026
5271
2794
977
6020
4806
788
3100
4802
5995
3132
6352
2714
5979
5942
6359
3266
6384
2933
6499
5494
1316
3684
5637
7094
1550
5740
6571
5731
5506
596
131
5514
1312
173
3915
4098
1671
107
6748
1599
4584
3653
1672
6732
6419
5579
4155
2944
5665
1815
2972
4353
3005
627
1457
971
2613
2299
4961
4374
2915
4351
6807
7108
963
2975
105
2869
4207
4201
6832
4188
6
1711
5102
5060
5631
2517
2718
5573
1556
2787
5256
1553
5262
2802
2278
1791
1796
1797
1451
5339
1028
5849
2047
1390
569
5973
3178
3236
5891
6771
5377
3147
3342
1044
2093
1273
6920
86
5396
2148
1258
4682
1234
4724
3333
1023
2214
3853
6925
102
1061
3821
609
1979
3358
5790
3786
297
3565
5994
2201
4508
3388
4559
6852
1586
6546
847
6769
822
6206
1733
6531
2519
1568
1716
6891
792
6867
1425
6926
1966
6451
2259
2229
969
2205
630
1397
2381
6585
2382
2204
1880
1392
1538
784
636
1826
2443
1294
2458
1596
0
4718
4444
4677
2911
2924
356
94
2929
2948
3263
207
6054
101
4612
5617
4095
7022
5518
3698
4585
4408
4505
6011
3696
301
5503
3144
5508
5677
5992
309
6045
4066
4208
4790
6987
3313
5066
5067
4350
3859
72
4335
3389
3344
2626
5681
3361
2616
3896
5666
5064
5292
5571
4799
7135
5643
4817
4013
4302
3841
4827
3984
3982
7147
4367
5586
1559
1567
1593
4253
2605
205
1618
3920
3928
3932
6479
235
3944
1790
6493
6201
1602
1732
206
176
4165
1700
4167
4168
6905
1674
4184
4127
171
1373
1537
4664
4676
4719
5391
4792
1001
4825
6868
4869
5322
766
4898
5043
5065
10
5230
5195
6834
884
6847
854
2
4942
170
1083
104
4327
5525
4389
4393
5519
1421
4406
1380
1309
1307
5434
4445
1290
123
1219
120
4555
756
6738
758
4587
4605
1300
1903
1760
836
5987
275
2330
597
3718
2333
6161
6410
6407
6405
2713
5982
3677
6234
3603
5792
2474
351
563
5847
6933
2389
2446
402
6058
2860
6363
2820
2812
5803
6938
2447
2037
3752
3021
2250
2582
1937
2262
3899
3895
3098
3854
2631
3851
2652
383
546
6918
3848
6027
2263
6984
2665
6965
2202
2030
3817
6035
1973
2276
2909
6293
6316
1210
2322
1194
6764
4663
2274
6724
5433
6322
4509
6753
6308
6768
5394
6243
2893
2528
5053
6822
2692
5094
5099
5239
5042
6213
5237
2654
2628
876
2578
2619
5200
5125
4974
6812
4954
4721
6083
5383
4786
6092
1024
2862
2831
979
4815
4862
2809
5331
6155
2525
961
960
2441
2232
1913
1254
5633
1730
2039
4138
1717
5733
1710
1702
3757
4173
4179
3662
4206
5796
3526
1594
1589
5809
2094
4257
1743
2016
1923
1901
6471
3910
6476
3940
1866
1831
3785
3966
3976
3981
5663
1793
1978
4002
5712
1767
3969
1249
3474
5574
6353
1385
1382
2184
1351
1319
4428
6458
5952
3130
1306
1303
3104
1298
4465
4477
3092
1257
2203
5840
1399
6364
3394
5842
4304
1543
6388
6382
5544
3340
3262
6577
5540
5855
4358
6589
1469
3272
1454
4392
6372
1315
5207
5
225
404
401
162
606
85
200
204
209
174
312
816
831
387
6978
555
6957
134
4566
6983
4565
2669
6974
1590
1238
2688
6986
6779
2625
1585
2694
4503
2695
6994
1237
122
2758
6125
6569
5622
5439
3405
6971
5382
319
3458
1649
3457
2501
3427
983
4715
5397
7125
5404
2511
3423
2524
6545
6547
1365
1000
2548
5410
486
6208
4633
6968
5623
4615
2624
2788
4447
3318
4352
420
2926
2946
4169
414
5898
2965
175
407
4307
4305
1485
5556
3007
1429
194
5577
3045
6017
3055
1466
1465
3115
6892
4234
4216
4356
2790
1081
201
4460
2793
6866
1048
2797
4441
4440
1393
5511
3304
5515
353
2815
770
6119
1410
3260
6763
144
1532
4390
1531
4384
1416
1418
2908
2916
4366
2440
5989
3519
5068
880
600
6418
5250
5722
5052
2061
5044
3919
5253
6408
592
3754
653
6387
