2963
6420
1824
1820
4391
4786
1263
6424
6774
4787
3680
4785
6422
1826
3695
4038
3914
4783
742
4030
4390
6421
4394
1697
5050
4788
1268
4031
1828
4037
4392
120
2295
3691
6091
4398
6425
4032
6339
1822
2961
4781
1827
4396
2647
2290
1492
6770
2640
2966
753
747
3688
1821
3607
4397
129
126
2031
3693
3012
2461
4399
5738
2719
1493
2027
2032
5329
6099
740
2872
123
2239
3912
6429
2091
2030
2912
6021
6423
870
1494
4660
5957
1693
6333
121
2515
3919
2962
333
2649
1147
4041
1495
2656
6771
900
748
2513
1267
2897
4346
3910
7109
2066
2036
1829
2294
6335
4893
2650
562
2713
1240
6218
755
857
475
2470
756
2514
6519
1260
1182
2485
6111
2873
4987
4040
5283
133
1916
3546
6864
2467
6118
4426
2213
745
5073
5194
971
2789
814
3675
5166
5951
6096
954
4389
1690
2973
946
6094
2506
5316
6840
5249
2653
2081
2718
6338
2744
752
989
6110
1470
5975
1262
4185
5160
4553
4855
6217
4405
4799
5846
2714
1209
2795
1204
2657
2101
4852
6029
4985
2059
4948
6675
6223
1503
5376
5195
3927
758
5586
533
3686
3929
3945
5106
3999
5326
6354
968
7154
4201
6292
4254
997
1158
1162
2067
2688
6028
1200
4854
2652
2172
2173
2252
6906
6903
5922
4648
108
4642
2827
2916
4401
4988
5092
3293
1457
5038
2926
4388
6090
6112
1041
5707
5958
4558
5950
4556
751
6093
5431
5308
624
5844
4850
4039
4858
4050
813
6128
5191
5301
5700
568
438
5061
5145
5120
5731
6215
4395
5486
3907
6979
1910
1917
5463
3589
2680
2103
2145
2240
1869
2256
3191
2366
2463
3097
3017
2476
1243
6784
6748
1047
1823
3581
1203
3891
1599
6275
3698
7140
3682
1491
7155
1698
1595
1618
2379
629
6722
5535
6870
1573
2644
6845
4632
6842
1266
4615
7156
4402
4421
5396
4517
6828
1760
86
5097
1810
1816
5108
5742
7095
5049
5044
4957
5190
5199
5806
4943
60
5616
608
2105
7150
2170
2223
1646
1729
1943
1342
2565
2717
6538
3485
999
6488
993
3580
2685
4082
4071
6157
197
6401
3676
6207
6357
3683
3835
280
850
872
852
3899
941
746
4181
731
332
2969
6607
4356
2769
3002
4263
179
6621
4716
906
1685
3757
5154
4554
1245
3911
1754
534
942
3681
3832
2849
1792
1181
858
1594
3898
1596
1179
1612
1172
1516
5307
1224
1630
3838
3942
5197
1683
952
4564
1813
2065
2094
1378
3542
2505
3476
4637
3454
1043
3339
3004
2339
3109
743
3343
2020
3579
3582
5076
3100
3609
5054
4051
665
5048
4088
791
1911
1915
4176
1933
4983
4967
957
1919
0
6212
6273
7022
6803
6395
190
7106
6576
6912
6165
5736
181
6277
6364
6050
6308
6937
262
204
404
6026
150
5923
6936
6629
7158
6961
4742
4119
2309
2361
2903
5945
3040
4108
4778
5839
192
3986
1045
6943
3297
6933
1069
6929
6202
2250
6190
4859
5831
2210
4052
2375
3119
3110
6915
2179
2377
4662
1129
1248
2582
4468
6650
1184
735
2612
2703
1199
4417
4412
1225
4406
6772
4404
5999
2646
348
4334
4393
142
4503
1307
6796
2520
175
6877
3967
2464
4649
375
1293
2481
4189
2874
311
2499
4605
6627
1273
2790
1269
4566
1265
6807
5976
5982
838
2627
5031
3670
7142
956
6284
5225
5198
3861
3404
5631
3588
1477
1756
1764
5645
5164
5648
874
3895
1787
5558
3823
1682
445
1534
5438
5437
3697
5432
6331
3687
1591
1593
1798
6337
3766
7
477
3772
1635
1638
5532
6291
3787
6348
983
340
51
6966
6992
5041
5069
3460
1972
2000
3481
53
7031
283
7065
1429
5055
3897
843
3475
6493
5100
3778
6649
6371
1070
2715
4249
816
737
1176
1175
6367
2738
3679
3933
3696
4339
1042
6526
1205
3302
3455
4294
3270
3299
932
4008
151
195
6220
3674
6674
2689
2684
2771
2977
6097
3874
6263
4179
3553
6568
3101
3887
6471
6271
977
979
984
2917
4166
4164
4160
2933
6592
3896
1542
3243
3146
1135
3673
2979
6635
2778
3639
6115
812
3171
168
3833
3623
4217
3840
3496
6624
4204
6427
3600
2876
3846
219
998
5603
2228
4814
2247
1782
1471
4804
85
4797
2293
5157
5165
1351
5169
1745
1742
2311
2318
2004
5917
1322
1321
2338
6881
2417
7081
1801
2226
2220
5035
5755
2009
5030
1936
54
2021
5743
6957
1902
1853
46
2078
4981
2102
341
4946
5809
5082
1366
2178
2186
5697
4856
1805
1734
1716
1945
5372
446
6806
5312
1255
448
1512
1244
5306
4464
1229
7157
2601
4428
686
2619
1517
441
7151
2620
6032
6019
1555
5433
2654
2502
1589
6020
7120
4623
5271
1220
1283
4574
6510
6363
1590
3459
1606
1602
5500
3463
6984
930
3549
3478
6485
3486
3606
991
1714
6405
962
1696
3637
974
1695
1497
1687
6379
7144
3587
3671
1684
1779
1641
1466
1627
1803
1804
6469
1450
8
7006
2665
6932
3366
6633
6849
6856
1277
2500
2495
2841
2850
1141
6858
2482
1287
6874
2881
98
6844
6837
2772
2517
6687
2681
6754
1206
2683
1222
2642
6878
1198
1190
6779
2593
1178
2572
2552
2760
2625
1034
2447
6611
6930
3244
3251
1056
6938
1054
2057
2046
196
2040
6951
6955
202
1039
58
2123
3233
6562
3178
2928
6606
6600
2299
6599
2297
1109
2901
6894
6913
191
3114
1085
2211
2187
3147
3018
3690
5474
3971
4586
5180
844
546
5959
281
4354
4325
4318
3920
4659
5003
342
4280
5309
337
730
5665
6185
5780
6265
5735
5363
6269
3908
6059
635
775
4583
4577
5196
818
819
289
4427
4425
4429
4451
5045
3692
4043
5596
4578
4423
803
5985
362
5259
5996
3992
347
668
559
839
5056
658
5250
4738
5744
6279
330
