6097
2036
2290
3919
6096
3916
6773
3918
3917
1823
4797
4796
3852
4665
3915
4781
2296
7053
6099
3912
2962
1497
4662
618
2961
3910
4661
6094
4669
6199
1821
2965
5481
3914
1492
4667
4791
2293
6841
1828
4664
1827
1262
1822
3911
6775
2294
5945
3688
4798
6465
4666
6191
4660
4782
6204
1826
2038
374
7059
4397
1494
3358
2252
1493
5323
6771
2649
6292
2291
1268
2903
235
5186
4866
4788
2039
4794
4710
2526
2505
1135
1264
368
1266
2653
4731
944
2759
4792
622
3971
251
6339
2295
4017
484
4716
1522
4199
959
6467
2463
3972
6192
3443
1260
7056
4787
1279
855
6743
391
4625
4037
623
5977
2298
5237
332
6109
2287
6425
6482
303
6469
3115
6421
230
6463
3418
265
4966
2598
546
1796
1332
1824
4031
3977
4563
1499
6903
6738
4191
3856
6777
4631
2117
22
4391
6376
264
6802
6029
2359
5187
2175
4399
742
1124
3199
3226
3240
4790
3657
2513
6115
5428
5957
7145
2031
2467
1182
5486
3695
4668
6688
2397
812
5271
4148
51
2577
1025
4198
2575
5045
2477
2297
6888
3010
2371
5182
268
5921
842
2398
7076
4192
6072
1201
5326
7052
1373
549
2644
2996
2719
5705
951
6430
6234
79
898
4626
2139
6756
6722
1613
5558
6686
502
6475
6673
6500
123
4712
2037
3407
231
6135
6865
3403
6869
6128
2715
4113
2035
2421
2748
3811
4344
3979
6460
15
5926
2390
3904
4320
791
2462
2525
6528
1900
585
1982
5647
4527
2813
316
6492
4771
6111
5743
4140
4774
792
2475
4962
3974
6805
1721
2335
6800
1691
4442
6069
6095
254
518
241
7042
6843
4051
1615
1030
5054
6948
1504
4979
4066
4639
7061
910
2872
6736
6413
5229
3687
498
410
379
5532
5019
4368
4094
4976
3275
331
3941
2582
3392
4765
5163
3685
5250
5379
423
4356
3671
513
2832
774
5333
4785
5203
4779
5232
839
978
6112
6552
172
2420
286
2050
1673
281
81
6456
6090
2377
1771
6779
1787
6486
1820
2357
857
6681
1860
2299
6508
2334
1974
6625
6586
2317
2316
5829
5824
2292
6373
1147
1177
5616
5623
5641
1074
8
2276
1072
5671
6379
1261
6153
1263
6533
6971
5738
2278
7055
5759
1430
6124
5729
933
667
2147
2136
3472
4832
2152
4799
3635
2064
6273
1992
4764
2153
1993
3598
6507
5592
5593
3829
1022
1454
4057
1414
4059
1267
1544
1060
1194
4286
4277
4126
4233
4157
4110
3978
4522
64
957
3858
6647
1866
1829
6726
2243
6774
6808
1693
514
995
3933
1582
1560
6526
4890
4193
3438
2306
3061
5697
2473
2620
243
5369
248
2318
6021
5353
256
2352
5992
5988
2427
5219
5841
2749
2732
2753
5822
5820
2476
835
5935
2256
2373
5234
5950
2363
5778
5674
3012
3234
2272
3319
3314
5533
2479
6123
3306
2288
219
2277
5494
436
5607
6078
3228
6100
2480
6098
3118
4928
6092
1128
2500
2509
629
620
4188
1151
1014
1013
1551
4000
1198
2426
4150
4043
2651
2539
2556
592
4128
1390
1374
2646
4062
2746
2574
1216
1432
1552
2807
838
3725
3088
1986
3110
3114
2030
3153
2112
3631
3055
3244
2138
3608
2157
3561
2271
3511
3475
888
3449
3618
746
947
3002
1605
1616
775
3929
1618
1622
843
1687
2396
2784
2804
1695
2364
2850
1825
1846
3901
2966
953
1932
1934
1554
2161
1121
6218
6731
104
5940
276
4628
5910
512
6793
5898
5166
4965
4588
290
5838
80
232
6091
4566
6842
4529
4927
6861
417
6730
5760
6685
4682
4820
4795
6497
6504
6505
6462
6541
257
5081
6558
5976
4757
478
5093
4743
5959
240
6670
4715
120
6682
4693
6424
6684
6866
6105
29
4513
5541
7067
7112
5535
4941
4380
5500
5254
6338
5261
7142
7144
6315
5302
4227
5497
6312
5470
5411
4215
6248
1
6185
5625
6059
545
5722
5690
63
62
6892
4462
6904
5676
6920
6116
5672
5227
5670
6928
5640
44
4423
4429
6954
6973
540
6976
238
6188
237
6074
2311
6195
6110
4197
6052
5406
799
5491
2557
2549
2543
5534
5609
2502
6054
5731
5771
4194
2425
285
5916
5947
5956
5962
263
2433
5872
6514
6238
7050
1400
54
1520
1521
1526
1328
6881
1603
1610
6863
6859
1671
6817
6867
6813
30
1226
1130
1131
1140
7160
4
1157
25
1172
7147
7134
7124
7120
1211
14
7152
2259
6809
1697
6472
163
6447
924
2094
2102
6478
6422
6382
911
6349
2149
6295
2216
6414
84
149
1945
1720
1723
1780
94
1801
975
5360
1844
126
129
1922
1931
6582
6553
124
2682
0
4998
5050
4589
3191
3155
3124
4053
737
4414
3496
4580
409
5119
4835
652
628
3030
5145
5167
4392
3553
5094
3947
5033
3238
4009
4454
3406
4449
4512
4448
4030
4937
630
3996
634
4968
4521
4050
4526
3439
4556
3245
4695
3243
5030
4065
5189
5128
4004
2731
4118
5242
496
4275
4266
4786
5306
5243
5307
2764
4238
3693
5293
3681
5304
393
4350
4217
5235
4069
495
2707
4793
4190
3776
2922
584
4182
5214
3726
3885
5231
501
461
480
505
4517
1575
1606
6687
6695
6713
1790
1619
6770
6759
3913
4642
1804
6747
1778
4624
6844
4621
4607
4605
4571
3970
6827
3895
6721
1623
6799
3965
5324
6895
4060
1271
4388
7072
7089
7107
7108
4082
7114
1258
1227
4383
4099
4119
4254
4237
1173
4152
1160
4220
1154
4181
1139
7166
1132
4189
1127
7054
4006
1340
7051
6915
4018
1508
4436
4032
4427
6972
4048
1495
6984
4052
7006
1490
1478
1473
1465
1458
7030
1439
7034
7035
1421
1417
7037
1412
1394
7043
1353
4688
1987
3779
5205
5766
5184
2987
5183
5847
5130
5918
2393
5944
3089
3103
2361
2946
5092
5088
2353
5055
6068
2313
5038
6075
