6099
1828
4788
1827
2961
1826
2290
1824
2294
1821
1268
6421
1822
4781
1263
2962
4785
3914
6424
1820
6096
3695
2513
4786
4031
2293
4399
742
2036
4783
6425
2963
4037
6774
4397
5738
2295
6339
6773
1697
1823
1264
3912
6090
2966
2291
1492
4030
3680
4787
6420
4391
2299
6292
1497
4032
1261
3012
2031
6021
6097
2038
1262
5050
4392
6777
1266
2297
3688
4796
5055
6771
1267
2912
2649
6094
857
6091
1495
3919
5486
7160
4660
1494
6422
3911
6192
740
4797
1493
2292
1457
4398
4662
2653
120
3929
1829
3681
2897
4038
5481
1721
968
6779
4672
6842
4561
6429
1825
3691
4566
4390
4893
2515
618
2505
7053
6775
129
4665
4799
1260
2259
2296
6776
0
5301
3910
1899
5271
121
3693
900
3616
838
6956
6199
6338
2640
2239
2769
2681
4517
1428
3010
839
6190
3913
4052
6888
6757
5586
332
4791
7156
1074
5588
4041
1599
4564
6098
6751
1693
6787
448
2463
1175
6051
745
5329
5033
5304
952
1366
133
2873
6528
5743
4987
2514
3687
4082
2470
4943
5003
3671
303
3249
3847
731
3895
747
4565
4798
3697
3971
322
2719
5438
2656
235
3019
4949
4633
6198
6234
2244
6868
6469
6541
2210
1339
6488
2030
6916
6958
111
108
6112
6793
833
1173
1147
1138
875
1421
3682
2459
126
5463
3607
2032
3546
5518
6423
2039
3609
3852
5094
1691
4661
1228
7057
7042
4396
4394
967
496
959
4182
4176
958
6881
5061
5062
5070
3191
3933
3918
204
2997
3876
6308
6333
2094
262
2917
2647
6277
5957
233
6093
2715
2078
2813
2298
2601
6128
5164
4446
2489
993
567
1593
1552
5922
5216
5190
3963
3941
6799
5199
6770
6285
5920
930
4450
477
4356
4388
753
4280
6185
1342
4188
6976
4966
746
6219
6983
6225
1247
6909
1393
4792
6892
5041
6272
6869
1432
6845
1687
4366
6291
2000
1071
4513
622
1056
5515
2928
7162
5558
3388
3358
5726
3285
6407
276
6373
3178
3110
4615
843
2073
4642
5665
3002
2973
2903
3667
620
123
4532
7144
2361
2252
319
6087
4563
2688
3861
4678
2665
1134
6505
1890
8
2790
3692
2485
1279
4629
4465
2526
1182
4553
1176
1077
1254
2350
1246
4592
998
1243
2360
1124
4426
2076
2277
4324
3891
1722
1780
1782
3782
3767
1801
3757
2732
1596
870
1985
2889
830
2922
3517
3406
2052
3004
2964
2245
3898
1594
1545
4320
4284
4630
4219
4217
4185
4088
4078
739
4057
4050
534
4040
4039
1436
1452
3972
2256
3916
3915
1520
4367
2589
4157
404
4782
6483
6070
5607
5603
5372
4850
4852
5035
4855
4858
7073
6427
30
4890
6979
5582
7152
6029
5501
4983
4981
149
6078
219
5073
6362
6278
6507
238
6548
4
5727
6238
4668
5708
6501
5704
6212
6647
6270
5280
5160
5240
6271
2426
1242
5286
2447
5500
619
5507
3571
6084
1225
1265
6959
7007
1238
3770
5326
6210
3773
311
6221
3745
2377
5333
986
5376
3848
3677
196
5430
1240
5338
4641
3402
6055
2629
5945
4635
51
232
2972
2652
5921
5694
946
5959
5729
5739
5851
2712
5792
2718
1465
2758
2834
2760
2827
2916
6938
5622
3013
2508
213
3458
1287
6047
3410
3407
3404
6274
6028
5608
758
3275
2551
2565
6798
5981
6924
3175
2613
5980
1346
43
19
800
4189
4368
4854
4362
1618
382
144
2040
4898
2050
1613
4959
4187
6379
4181
2075
7150
6695
2091
4986
2026
4795
6681
1943
1796
1729
445
4648
104
6
6500
4536
4534
4073
1846
4742
4485
1897
6485
4743
4462
4460
4779
4427
4731
7142
2789
4988
5044
18
2242
6315
5038
6279
6324
4043
5166
5068
5088
5060
7095
2218
909
4997
2198
2271
1156
5194
999
2207
5196
4036
5975
5926
1663
1921
2213
1491
237
1896
2761
1734
2264
85
5832
6659
2778
2243
1470
94
6677
2668
6298
2615
6263
6490
5844
6467
932
2175
2147
2072
841
6376
783
6705
1517
150
1555
2363
1597
2467
1519
6356
6760
6092
2101
2453
832
6382
2516
2519
2027
6204
6152
6836
5992
6452
141
6791
6724
6784
6778
2318
2338
1512
6118
2354
2542
2541
6100
6458
2274
5593
3873
4105
4100
4985
4080
4055
4051
5016
5030
5048
5054
4001
1194
1195
3931
3925
5214
5217
5392
5381
3684
5375
5349
5308
518
3785
5292
939
990
1224
995
5229
316
5418
1143
4164
4625
1042
4598
1070
4650
4574
4663
7155
4560
4677
1103
4505
4477
4771
4790
4794
4804
4977
510
1136
1135
4190
4946
4160
4218
1123
1018
387
4853
4843
4842
4277
7039
6576
6961
3306
3262
3257
5592
3248
3645
3243
3210
3199
5594
3171
957
3061
3016
1363
1367
1420
5689
1422
2933
5736
2911
2876
5794
2872
1454
5795
3397
3401
3247
6941
3468
6934
630
3476
3411
3472
3512
6948
975
3602
624
3614
1121
1109
6882
1473
7052
6865
1108
1120
7054
6754
6847
1665
1100
6846
1690
6673
1444
6955
7051
6840
6621
7159
1537
1631
1477
1198
6903
1590
1201
1330
6738
7078
1331
1581
7093
1332
6929
1510
1219
6925
6933
1146
1602
1221
6828
1554
1760
1551
1606
7065
1129
1269
7154
6906
1293
1622
1394
6837
2644
1787
5432
3675
5377
3766
3771
3772
3644
3844
3854
5288
3890
5257
5250
3901
3850
3908
3618
5437
3298
3342
5572
5529
3418
3460
5434
3463
5521
5512
3603
3606
5469
3608
3475
5246
5156
3927
4289
4873
4419
4425
4468
4511
4881
4688
4667
4659
4569
4586
4609
4646
4669
4229
4202
4965
5124
5123
3945
3960
3986
3999
5056
5045
5006
4068
4070
4108
4115
1041
4183
3293
6590
5587
3179
6357
2090
6351
2115
2173
6335
2079
6317
2275
2276
2278
2279
6196
2389
2249
6089
2068
6401
1798
6574
1804
6569
6562
6538
6396
6533
