6102
5099
5281
1012
1563
2872
4356
2474
7161
1378
1710
124
1561
2990
1714
2517
3383
407
3736
679
3672
6367
2723
3749
1371
4992
3737
4040
3739
2301
3355
5975
2515
2871
5004
2365
2987
3733
123
2713
1010
3311
5651
1099
4745
6185
1567
2711
2911
5307
2897
3369
4142
6375
5165
6043
6240
2176
3735
5268
4572
751
3732
2914
3741
4494
2714
5152
3748
3734
6045
5074
6326
5008
2338
6427
4677
3966
6820
2463
250
1560
2335
4993
6725
753
4271
2718
4150
7113
6930
2991
1719
945
3456
5475
4508
3746
5742
1013
261
2672
4575
2824
1712
1162
599
5675
16
6870
1553
2971
6127
5005
475
6711
1300
5800
1806
3104
3503
6812
5807
1098
1220
5827
2917
156
1793
3047
3681
805
4998
1633
4579
1970
3731
5664
2847
2721
7064
4815
1106
6260
1795
5746
2692
3730
6251
1558
1848
5486
7005
5873
5995
109
1376
5313
1550
5635
689
5328
1659
528
2461
5252
1249
6498
2227
6726
3931
131
2184
127
4499
501
4145
3451
1566
3945
2996
2992
4336
3457
1379
853
1713
4679
5996
658
2333
6558
1097
1015
4180
1903
1575
11
4139
968
6848
4273
5953
246
6205
5495
1569
2310
6999
6876
3037
3021
2162
6189
2331
3049
3386
2155
100
2086
2091
5092
3683
4400
727
2148
6307
4417
1944
713
5814
2605
755
1718
1606
6772
6779
3743
6340
3738
1652
2586
4393
3740
1308
1958
86
2874
5805
3667
5875
1307
1955
3677
6217
4342
6083
4497
4671
1794
1869
4136
3578
4345
4350
4516
4865
773
4477
821
6011
3453
6042
3401
6579
928
3679
4314
1564
1586
324
6936
398
643
4475
5813
4769
7033
3082
2920
2876
5715
1666
6452
1730
5700
1349
2415
5634
3046
5704
1717
1096
5007
3041
5707
119
5708
5072
1375
5917
1440
4888
162
2083
5505
2280
2873
6322
14
6476
4904
6341
4991
5712
5713
2614
2929
1273
2592
2567
3787
6932
3792
4880
2633
5665
2719
5659
2685
1609
1482
5166
120
6780
2669
2109
136
3747
5228
6354
2634
1653
746
3826
3823
1873
1357
5424
5432
2334
2330
5490
1711
2309
5496
5500
18
6997
4154
1456
6586
5941
1466
6952
5343
5341
2547
3824
4409
1835
102
3850
5277
6379
3818
2514
701
6510
2501
3872
6028
5325
1556
4357
5299
6324
4202
4570
6143
3163
6276
6831
1534
1115
3246
4942
3522
4911
4999
6901
4996
3071
3426
3424
3423
4916
6265
4950
930
1791
1638
3034
4749
6919
1495
3044
3670
6126
3105
3154
1948
1807
205
4881
5093
2789
3676
4586
4155
6449
3070
3976
3100
960
3351
1348
1027
6978
2160
1347
1433
3109
2419
6262
5933
1070
672
5932
6447
6546
3280
2340
2031
1916
6241
1910
2273
1400
3086
3192
2021
2016
984
642
4143
613
6853
2166
2314
3262
4035
1377
2243
3263
2337
2339
4144
5977
3016
1555
2970
6577
3789
6149
3784
1543
768
2616
772
6352
2647
6923
6256
2877
1229
2108
3693
2845
2830
6785
2107
3696
6336
6333
2744
6093
2103
2985
1966
748
2145
6021
6398
932
6392
6946
6583
6926
3011
708
709
2532
3429
2533
6420
2535
3841
6048
6715
1936
2995
894
892
3462
2080
1111
3811
6750
3797
2538
6776
2175
7085
5837
4505
4501
1604
5662
441
5160
5167
5212
5226
4395
4392
4381
103
6596
5289
5301
4348
4332
5422
4286
5082
4276
392
5696
312
4819
4736
4730
1637
344
270
264
263
1772
4670
5788
4967
7090
5797
5001
4634
5009
5011
5046
5053
5076
5489
5661
5506
6592
5911
4257
4258
5508
5503
12
5542
4099
806
1808
2884
5079
1161
2085
6107
5089
5910
3691
2910
814
394
818
5044
2915
5023
4609
4617
2925
4620
213
6992
2957
7049
1810
1816
5097
4470
4471
2683
154
4255
2686
5158
3298
2717
4487
5129
2725
1196
6091
767
6580
5118
4148
1824
2242
5830
179
6929
5108
2826
2827
3615
6537
2105
5557
218
1117
4909
4900
3449
4899
4728
5918
3427
5547
4738
335
3420
921
1019
4747
1052
6198
1005
2022
6200
6203
3366
986
5776
946
6230
3356
3353
1788
554
6218
328
4713
4912
1059
5003
3606
2219
224
1739
4997
4994
6721
2993
857
1091
3015
6907
6673
1531
2067
1763
6990
4691
1974
3459
4234
6180
2667
3069
260
6173
4673
1770
4949
6506
1444
741
4778
6075
486
2356
5286
1886
5284
4132
680
90
5631
4373
1665
1370
3897
7017
1373
3893
1552
6039
6584
2281
5877
5263
687
671
6968
3928
646
4338
5377
1559
2156
1345
4334
19
5376
1661
3962
6431
5346
1662
5387
6474
1942
2471
2472
4354
7142
1354
3930
5262
6519
104
462
4398
4045
463
5990
5450
5641
2640
520
1670
5479
6771
1410
5568
2320
4412
2653
2312
2659
525
4094
2662
2113
5908
1343
2602
5456
5248
2622
5260
2593
2597
710
2059
287
2193
2183
6444
2318
5383
3240
7084
982
3118
4848
5733
4914
4817
2004
5740
3284
1630
4915
4924
2060
6739
1463
3077
1664
4882
3102
6855
5472
5446
1668
6457
3225
7160
1363
3101
6235
2307
6257
989
1029
3097
1780
4906
4926
4883
6851
3229
5471
3079
1669
1663
3131
7099
6543
2761
2764
2765
2101
5113
2782
121
2752
24
5258
1733
2591
2578
6364
6513
1415
6319
2240
126
6349
2666
5169
2265
2660
2676
1224
151
129
2657
6778
2687
1244
2704
1208
2261
133
7120
107
1419
2084
5337
6409
4970
7145
1708
1095
6839
2988
1468
1434
1767
2411
2410
6264
3038
2199
6432
4995
2979
2496
5050
6629
1494
1404
1716
5632
6724
6822
1305
6277
1306
216
6267
2948
2960
85
2286
6719
1180
725
3452
6896
6897
4510
3864
1971
1822
3477
3488
3495
409
871
4326
1968
3535
6174
3476
6179
5846
705
704
903
901
4067
4284
