5116
6221
4640
4645
4648
591
4641
6213
6220
5119
4642
4361
4592
248
110
4591
4649
6214
6217
6215
1772
4647
4596
4643
6287
4646
2956
1833
4653
4125
4644
4650
4363
4599
6347
4673
3170
2013
6327
1774
5642
5627
1776
5026
5029
5115
4585
138
7028
344
116
833
1965
6482
7018
7032
3381
590
4628
249
4324
3706
1839
1962
75
6081
6567
1382
3987
1384
4054
3068
2532
1832
6390
2819
5200
4320
1195
3657
3605
5117
4727
2504
3988
3066
4189
2833
4365
4870
2700
5205
3441
5875
1700
5516
6318
6348
5414
6004
983
922
6459
76
6521
492
839
6796
5363
2655
5125
6057
6074
4500
137
6743
6280
7137
6325
2829
686
3981
3989
259
3050
6520
1460
5186
1601
1990
3514
217
2018
4968
4923
4920
1830
2425
5419
4836
5505
5789
1778
215
7141
3236
1435
1602
1689
1430
738
3071
245
838
2192
2235
1770
1233
260
1771
231
2471
1478
7127
2489
2500
1110
2828
1129
1787
3069
1431
3584
111
6379
4597
4652
56
6374
4846
6315
4965
4988
4567
6224
5255
81
5319
6005
6888
5999
5493
5725
5761
5110
4476
5857
6479
6878
4253
6522
6535
4228
3762
3713
6877
3588
6824
6009
6006
1468
6893
5923
5900
493
497
6010
6216
6128
871
6377
6560
751
6344
6332
6065
6568
1362
736
6576
6693
640
6457
6308
3389
5492
5820
4332
4277
2864
2878
4211
4176
6989
4088
4017
3813
3076
3077
3099
3240
7020
3583
3517
2679
2664
4613
4784
6927
1773
5720
5550
1781
5369
5290
1836
5846
5215
1985
5202
5024
2194
2199
4928
4848
2445
5210
316
3444
88
254
274
262
15
4202
3391
4742
6662
4198
4847
735
1301
731
1967
1291
3398
4838
18
6211
2825
7015
547
4028
5537
6008
5543
1649
4212
1643
6525
712
2790
2815
1605
4192
1641
3373
5892
117
3195
3241
3744
6504
4536
5779
1439
795
3075
6976
475
3295
6497
777
4571
4369
4583
1231
6480
16
2180
4364
490
861
2171
770
5723
2919
2927
130
4588
2910
1665
929
1015
5114
6108
2567
1838
1837
2552
2531
1835
311
1021
2371
6119
6823
3710
594
1028
3814
6210
281
6219
6223
5323
6228
3702
1811
1812
3790
6289
2406
5343
3810
5324
5397
4511
5023
5045
5256
3624
3919
6938
5456
6047
5499
2622
6044
3701
1841
5416
5059
2014
6349
3509
5856
4415
1818
1683
3985
4199
3782
484
5816
4013
3579
3247
139
6170
7160
3238
1471
3585
1817
6007
3308
5881
3394
6088
3387
6086
3376
6465
4217
4219
6470
3916
1570
660
7011
6043
765
4194
5885
1834
6078
7005
6321
270
1865
2010
4367
5977
6336
3598
4523
1469
2882
2190
2191
2475
867
2493
5189
5365
5673
4739
2366
2839
6664
6665
5367
6667
1298
4979
955
2704
4978
5494
1246
119
4985
985
2311
924
5111
2589
2564
4924
2890
1366
2175
831
6872
3070
3072
2434
2433
1427
6886
3116
1455
3190
1459
5798
7122
5769
7053
6723
5208
6852
2438
4582
5207
655
3769
43
5435
3986
4984
3791
6062
71
5432
4016
5495
3764
1128
5299
1122
1684
253
5424
3877
3781
3878
4018
1711
3843
3835
5228
5148
5362
6954
5123
6173
5341
5089
5079
5410
73
3773
1775
5557
4982
1369
4221
863
1389
1566
5706
767
5721
5722
4622
5726
4615
132
877
5749
242
5767
4419
1437
5829
4451
4462
4467
823
4550
4503
801
5806
5869
70
4726
881
4969
1661
1236
4052
4963
4939
5553
4932
1646
5805
4062
926
5993
4216
1629
5980
4876
1609
4191
921
4872
4867
5610
4834
4196
1304
5670
5671
5987
4715
3965
5259
2673
3346
546
491
2867
6486
7144
2313
278
3608
400
7008
560
6454
3294
6343
2565
2033
1875
276
3580
6731
6462
3375
2826
2834
3368
6669
2739
6697
2734
2733
6534
3489
2836
6402
498
2210
1934
6396
2865
2349
2161
3297
576
3711
2396
299
3716
2447
575
6511
2407
3709
6226
431
434
11
2418
7030
6545
6218
3110
6524
6323
3377
3267
6337
2509
2040
2520
7031
2472
6335
3703
1364
2184
3063
1303
6666
1436
5632
4813
125
4809
4819
3073
5620
4631
1279
419
4862
825
211
5646
4580
4598
1361
1360
6647
4686
2968
396
4618
425
395
134
865
2200
41
2862
1334
840
2877
2213
7098
1419
1305
3004
69
2822
5187
5162
1153
2525
5366
2350
5151
5368
2562
5143
5127
2580
2594
2611
5399
2448
5349
5348
85
5237
1084
5235
2421
5305
2417
6883
6778
2435
1101
5212
84
5335
1042
6863
2405
83
4871
5087
5413
2721
2732
2736
5542
1243
6690
4926
5563
5571
5578
2761
928
4878
2765
2782
2282
4980
958
4981
5074
6753
334
6746
2648
977
5461
6774
199
2674
2675
4983
2676
2682
2684
5510
5466
3135
3006
4537
6467
503
47
1685
1870
1868
3372
1691
4258
3650
1561
4276
739
1555
1698
6342
4029
3695
1831
6329
1529
1526
4360
3363
3355
768
5894
7001
1982
3629
3581
3577
3562
6002
6000
6398
7010
4085
4023
1663
1664
3447
3994
152
4174
6417
3443
4542
4193
5957
1666
1669
732
6449
734
6450
4145
7059
4025
4516
1483
6206
269
4428
3287
3775
28
793
6908
3248
602
36
5822
5821
6523
3739
1467
3804
1809
241
6491
6222
7002
2099
3819
3715
1463
6495
4411
37
2083
6528
779
6179
167
5216
3770
5040
5038
2501
3766
5034
5032
5233
1786
2663
3587
1085
5021
5020
4986
3752
5246
5037
2645
3604
2312
1117
3977
1121
3958
3807
3926
89
1849
3913
7076
5199
3825
7074
5179
3808
1667
5118
2593
1779
1193
6956
228
5213
2624
3718
5069
5075
2320
1816
2436
2440
1690
1108
1850
2746
3508
2898
1493
2197
2198
7086
3296
1388
1380
4697
3298
2869
4368
4704
213
4708
1346
