6128
1934
1243
4987
6112
735
6123
6117
4254
4212
4984
4983
739
6910
6124
733
2624
983
4985
6113
952
730
1245
2620
6672
2615
6129
4450
6924
5438
2626
4055
737
3510
2684
3757
3776
1240
3773
4988
4052
2629
6911
4280
5192
5999
3778
4056
4185
3768
6957
6568
2611
1249
546
2213
6948
736
2449
3101
6118
3100
732
2325
4303
5431
4451
1247
4181
7142
5435
6933
4607
3771
4183
3519
2637
4605
3766
1937
3529
3178
6724
3191
4182
3758
6926
1931
3775
6908
4053
3546
5694
3318
6900
5445
3765
6842
5249
5437
6796
3847
2239
2250
4036
4989
731
2625
3779
2639
2893
6054
3526
6961
1024
4396
4057
3454
4399
6927
2191
3319
3774
2032
4030
1246
2653
5439
7164
2336
2357
423
6771
3967
4712
5892
2622
3971
1890
753
2215
6918
3107
4982
3762
1390
5654
6920
6119
3764
978
1932
1248
6954
5576
4969
4189
1147
5572
6096
2210
6916
5433
4059
2638
2443
4564
1691
4054
4051
4038
3695
6110
1367
4304
5674
5957
4050
1936
5050
5054
3038
5187
5820
5231
1255
4781
3974
3109
2259
4176
2903
5671
2963
2627
547
6562
6310
6125
3963
2733
5553
6519
3763
5432
5456
3688
5653
477
2650
3977
5657
3755
3485
2278
5410
1824
2207
1820
6922
6947
954
2123
1025
2252
1021
1707
2447
5228
746
4615
5363
5166
4606
6952
4187
5199
1796
7071
4986
4981
4980
6941
3108
6934
6923
4214
4439
5593
3011
5579
129
1144
6936
5859
418
3150
1244
5769
751
1260
399
740
6003
3693
3562
4392
3124
5899
734
2038
3518
4665
6071
3706
4360
2094
2961
4971
2036
4266
126
138
5188
6773
1491
5436
6774
6843
1492
5876
3914
2441
5486
2738
411
137
2689
2872
2479
2476
419
4029
5121
2290
4020
5151
2523
6623
4857
5690
1340
3413
5825
4028
3312
4390
6454
758
2393
5829
5260
771
5434
3685
5722
3687
2520
2515
7144
3624
3691
570
5705
2446
4082
232
747
2531
4175
1619
1162
5052
972
6892
5183
3049
3045
3769
3770
4192
6339
5586
6338
6337
6331
3772
991
2966
6301
5106
2187
962
6865
3825
5665
950
4976
5222
5196
1700
5655
951
1493
426
6120
320
6938
6847
2789
6127
6932
410
7127
5872
5856
4786
4710
4787
778
4004
5800
5419
5421
5271
1022
572
571
1124
3840
5186
977
5658
3698
5689
4391
5692
5697
3682
3662
3656
1205
3627
3593
3581
3579
4855
5822
1157
0
2220
6382
6993
350
1742
7038
3385
3263
6420
6422
3012
3415
6461
2647
3421
3389
1366
6097
6100
1704
2977
3043
6949
1697
2195
316
2199
6122
2878
2854
3122
329
2186
2175
133
139
6290
391
1902
2528
7115
2352
2473
7149
1828
3521
2475
6881
1279
1603
2445
5521
5525
3848
6637
5874
2440
1004
6929
6292
2197
2361
2506
2478
1478
6928
6741
1128
639
1020
5556
1695
2812
996
6844
5404
132
5430
2636
2258
2251
230
1646
1644
2238
120
597
6456
5396
974
1001
6907
1109
6919
3912
3913
5488
1495
3894
2214
2313
3943
5037
2299
2295
5184
3941
2524
6777
7141
379
434
3347
1184
6001
1833
4566
43
857
4393
4503
445
7034
1199
888
1998
3458
4859
7091
3456
1242
1225
759
1231
7110
1976
3010
1812
3580
3761
6121
3120
3088
6198
943
1161
7166
6962
4965
4235
4648
3716
6992
5688
3317
2057
6035
1705
6801
630
4788
6802
4612
4449
1826
2366
5189
7160
1899
4556
1853
2385
4799
1933
4145
979
1765
1701
4223
2194
4226
1693
6931
927
4300
4908
4301
1737
1743
955
958
5143
7039
1745
2031
2023
2224
2226
742
4394
975
745
1757
748
4186
4858
134
6912
4974
3527
2444
5699
6021
3322
3694
356
3306
6098
1368
508
317
5701
2442
3082
3022
5574
1436
6308
2904
2786
6390
3921
2714
3767
5992
3411
1188
415
413
412
5894
3520
3554
3469
5923
5844
5942
3466
3464
389
5950
387
3462
3439
5952
3632
3634
1211
5975
3684
243
2682
4783
3972
4037
6502
2628
5320
6582
5413
3994
3984
5371
2518
4044
189
2616
5408
3979
596
2614
6465
1526
2564
2594
234
2448
6748
2467
4087
241
4025
3426
3427
1003
1988
1774
4398
1301
3428
1006
4431
4452
1618
4502
1274
4766
800
4715
1825
1028
1034
1268
823
4619
3511
2377
3572
2370
1838
3467
848
2369
4524
3465
2367
4455
1764
1753
1002
3021
4188
2257
2946
2927
2912
2910
2885
2867
3044
1687
1108
2236
4216
3929
2719
2681
2686
2685
2222
1117
3084
993
4184
2539
3418
3671
3677
4026
2030
3403
1641
3333
3993
2046
999
1342
3309
2150
1173
3754
997
3760
4261
1706
1216
3089
1821
4785
337
311
4941
6210
6228
6307
6351
6405
4895
6424
236
6469
6475
6521
6536
738
6633
6673
6708
4851
6770
764
6772
6807
6834
358
6028
5976
5951
5238
5323
5346
5236
577
576
540
5194
502
5709
470
467
6840
5738
5068
5744
5792
5060
5806
432
5038
420
417
5891
5940
5945
5069
142
4898
629
7114
777
6925
6921
6905
4830
774
6903
7131
7067
7112
7032
7031
4834
6939
6953
6968
6980
6965
7139
401
1935
2136
3589
6002
5755
3361
3607
3609
6086
5798
1966
5799
1968
438
3578
1306
435
6988
425
421
49
386
2096
2053
403
2063
1262
5736
1926
1869
3846
1107
1105
3961
1839
1836
3976
3978
5381
4035
7140
5328
7161
1823
5533
5607
7135
5652
1917
3261
3650
1794
5731
1900
1194
5748
3680
471
476
5691
3700
3724
1894
5663
3681
1360
6864
1364
6902
2502
2513
6677
2225
2521
2522
6647
1555
6598
1542
6589
216
217
6914
2469
2463
2462
2461
6857
131
6835
2363
6889
6824
6822
237
1612
2397
2425
168
128
125
6896
6751
2255
2654
6464
6450
6945
6215
