6120
6122
3109
6910
3758
3100
3107
6125
6911
6127
2686
3318
3314
3319
6931
6949
5651
6921
3310
1441
2621
1937
5658
6962
5439
6929
6928
6905
4135
1449
3086
3046
5654
1932
6121
6907
3529
5456
3755
5657
6920
6129
3101
1480
6908
1936
6926
4153
6720
3085
3049
1472
6947
1706
6933
6916
604
5458
6900
6924
5238
6807
3754
1934
5655
2325
6927
3081
3751
5223
503
2196
3082
6945
606
3526
6941
90
4148
106
5222
2696
3312
1700
1930
3045
6939
6968
6124
5653
5659
4607
3104
3047
3532
5650
6946
6543
6546
6582
3759
3313
3102
5652
6963
778
2628
6724
3323
4029
2616
4182
6936
3548
4004
2620
2194
6912
6914
7148
6001
4130
6938
664
3334
6721
5770
6942
4604
2252
5765
5576
4083
3335
3753
5021
6904
2802
1707
4845
3311
4139
3044
2633
6847
5656
3545
3084
2807
6922
3530
1718
3105
2563
3315
1907
2801
5825
3042
3317
5488
2804
6003
2084
3385
3325
6316
4046
1701
6944
2940
2943
3337
6934
210
4233
3322
3518
2395
1926
5431
6162
3541
1423
4481
139
162
3757
1420
4136
601
3533
4846
1379
4000
4131
853
6935
3456
4927
1117
2481
771
6943
3531
2639
2806
5546
1444
836
1884
2631
4005
609
608
1658
6903
3023
358
6919
5829
3538
3088
6236
4841
4450
1197
1712
6112
3320
4989
171
170
5445
6126
5101
6725
4453
5483
6937
3280
3544
6054
1574
4091
2745
3336
605
6146
5489
6902
2439
5663
1317
2808
3332
6128
2195
5436
5968
174
2632
6461
1933
3389
2679
2803
1124
6403
3976
4767
6923
2638
3582
2449
131
6808
6948
4925
3080
2193
6589
5995
505
6123
4955
6033
5295
5743
4035
2089
3539
6843
3187
3524
2614
3750
5574
1900
4879
163
2578
2579
3535
4455
3288
2407
5102
4207
7141
2710
1732
3316
2712
3089
5322
6558
1156
4849
2230
1324
1310
637
4221
3121
7114
51
351
3756
6770
4090
2947
4010
502
3534
6930
5110
5457
6932
4021
4128
4601
1477
1067
4315
5573
1485
4180
161
4830
2431
4036
4602
169
2612
6454
3505
1503
179
6925
6584
2000
5479
607
176
3269
4003
4006
3764
2681
2678
1705
4280
2002
6906
6741
848
5388
3123
4144
5099
3186
1087
2264
2438
4147
6809
665
2190
6037
1598
2227
2185
4140
3041
4608
2208
602
6009
1723
593
5820
3284
6006
1592
2444
508
6478
3158
6802
2442
4025
6583
1671
2175
1376
4589
2392
4543
103
1409
1454
2435
2960
5947
3828
3933
4840
2080
1888
1906
7115
1446
2573
1866
1404
5879
5443
2434
3472
1286
5421
264
899
2623
1194
1279
3525
3443
3439
5872
4761
3326
7124
1433
2805
781
7161
3339
1249
5534
799
5191
1425
1558
1730
391
5746
3345
6002
7147
1931
1935
3163
1282
6637
3522
7006
1665
5260
2239
3820
4094
1020
4082
668
3502
178
177
6701
5410
4857
5065
3184
3182
3180
5068
153
3528
164
2197
2440
978
4446
1652
4587
619
3772
3083
1089
4149
2713
1979
6189
5107
2824
2575
3752
7128
4759
5625
4753
1653
5749
6537
3120
5610
7034
2530
2868
2446
1458
6503
1457
3547
2400
3106
926
91
1431
6505
1445
777
5967
4834
6034
1777
2266
1714
326
3935
3934
2262
307
5870
2958
6913
5209
2952
4605
1189
3901
6783
5495
2974
5776
3330
1731
424
3967
2998
2642
3370
5989
6731
2991
3380
3304
6865
4609
6109
754
6369
5665
5155
5462
2086
2624
227
517
529
1115
730
3865
4658
1113
5698
2942
4028
5230
5452
1507
5553
5450
2182
3242
5228
2946
218
6136
1508
5661
4262
4967
1436
6378
5696
1377
1941
1396
6397
790
1563
2339
5064
2756
1398
2995
6264
4158
6464
751
5660
990
6165
4195
2443
748
3043
6144
2948
908
2878
1460
2949
2954
1408
2738
734
5691
2859
837
2335
1403
830
1547
6191
4414
2237
4449
745
1400
1443
5033
4540
822
1375
4443
5030
6254
1597
0
1082
5975
256
1187
312
314
2226
6897
4835
6873
5197
5522
2491
4636
5453
4848
2135
2136
3327
1318
4611
2467
3981
6800
454
2153
3987
2675
1702
3355
4009
3874
5446
7146
3639
7130
2566
5917
7129
5367
5370
5296
3594
5383
3553
2004
4832
3546
3542
5895
3537
5278
2526
125
137
5960
2032
173
6981
5882
3842
101
4017
4008
642
644
4034
6665
4142
5589
6672
1359
4023
3150
5113
2203
1119
4145
2448
4020
4133
6239
1285
154
5256
6143
6249
5819
1860
3523
5277
5790
5741
157
3129
4706
2871
909
1274
7031
1061
5426
3458
6132
5974
205
2693
3845
2772
5444
194
4860
2906
5434
5709
2695
1655
3821
167
1016
165
4393
1406
1654
1488
6140
7041
2207
2718
3615
2820
3745
2567
34
4151
4498
4758
27
1948
4763
2398
7136
2812
1424
1944
7139
7142
2222
4905
6151
7164
972
1439
951
950
4746
6940
5389
5619
5387
1450
3783
4766
4440
5905
3571
1998
5284
3587
940
2233
73
943
4594
945
5613
5298
1903
917
4581
214
6387
774
776
3059
3329
3341
2278
6711
3342
4547
3347
4248
4615
5824
4603
2123
4833
5530
5990
2115
5192
6062
5520
806
3321
417
1571
431
3246
3265
2677
4606
1338
5557
3286
4022
3295
750
6727
4256
6786
6789
4212
758
759
6412
527
1575
5060
5535
1374
6407
2466
3183
5678
5198
2085
1184
3181
3939
5976
824
2955
5511
6895
5204
1786
293
5019
1787
308
2959
1186
281
282
5038
4264
1177
3403
5475
3404
1190
5206
2980
337
6917
6918
2684
1022
2692
4582
1118
4661
1360
5912
5828
2691
4744
4542
6066
1188
5797
4856
2510
994
2451
1171
2463
5890
2518
1311
1401
6117
5822
5899
2800
1284
1411
2408
4548
2580
4551
4613
1111
5778
5777
1371
5978
2576
6065
1053
5965
2626
1195
5581
