6121
3759
6147
3754
6125
6134
197
1702
3319
3100
194
3755
3750
3751
5347
3756
5195
3752
192
3310
6142
191
5659
195
5348
3758
6122
6648
3315
3547
1935
6138
5191
6141
6120
6143
3529
6642
6140
3545
5345
6148
5154
5436
1700
3107
6532
6907
1061
3753
3543
6641
3082
1941
3540
5197
1936
199
5193
2614
1926
3518
6592
3549
6536
1629
1067
196
3084
3083
5456
3479
1932
201
3089
6136
3086
778
6646
6149
4267
4007
6144
200
193
3573
5433
3314
7115
3542
6587
1912
7161
1917
6945
6936
1678
6062
1739
5389
5839
5831
7142
2686
5675
6127
6129
1732
2621
1705
2713
5488
2717
3456
1441
3317
4406
2244
2835
3085
4239
3576
6910
5483
940
1670
6765
6551
5658
7148
4268
1467
4153
4066
5534
6582
3541
3827
6768
131
6769
6912
1313
1316
1317
6931
6406
256
786
7117
4843
3443
1368
208
6957
3937
3520
129
3081
6696
205
326
3341
3031
3269
299
1310
1199
6807
5107
1706
6133
6947
4649
1944
5341
5298
2639
6932
5199
6924
6919
2372
1786
6906
467
6928
629
5376
1879
5651
3572
5665
1884
604
6203
3546
5143
721
1913
3829
2175
1792
6571
5650
3828
5223
5807
1249
1737
3393
5494
5873
7123
3650
3140
1704
5796
1730
5461
1086
3109
1782
3857
435
3870
985
4687
433
6388
4039
6808
2684
4686
1563
190
1377
6123
1542
1468
1400
207
4287
6229
1463
1434
210
6145
6762
6864
2872
6400
6037
2247
4923
2240
5765
5655
5439
4607
3967
408
3651
362
4075
4632
5458
6130
431
1115
750
4976
759
5097
5101
4900
712
1072
5190
6091
6424
5407
3817
5222
3791
3779
6112
5248
6475
5250
5260
6503
4989
5343
5198
4384
1192
5678
3311
3232
3153
3148
3137
1974
206
3045
70
1462
202
3032
2000
1627
1937
3023
6903
2230
2239
2246
6725
6858
2399
120
1554
1540
2617
6831
2631
2696
6905
6637
6929
1886
1766
1907
3531
6623
1812
6968
6620
6609
3505
6599
3536
5736
115
1931
437
4694
4783
5503
804
6066
5501
4689
6855
2434
1853
791
2438
1548
6128
2578
5695
2618
2620
5663
2632
6806
6803
5632
7126
2194
780
6963
503
1933
5390
6944
6941
6937
7033
5431
7077
6934
1916
5451
1915
5773
1914
1902
1660
2032
2071
2174
6908
740
1733
7124
751
6902
5835
4929
6897
6926
158
4639
1360
1401
4185
3795
3693
6597
4158
3339
3348
4145
1022
3503
1214
4144
4138
1111
3462
182
3024
1106
369
989
3400
6316
4047
4109
324
3526
2914
6222
858
6579
2771
3577
3578
1375
1447
3583
3660
3026
3585
3022
1077
2883
6739
6748
925
6589
6217
3790
3318
3176
1089
1965
1934
1955
3823
5346
3312
1939
2743
1707
1183
1816
1849
1852
5641
7168
5591
5573
5538
1750
3530
1736
5490
3691
5482
1731
5462
5256
3405
1918
1236
635
3519
2043
5228
4785
4741
2398
826
4706
4248
1566
4263
945
2827
2470
1162
1533
4351
2801
2605
4404
2781
4417
4502
4503
2694
2772
4573
1465
4831
4148
4837
2393
3899
1979
3943
1998
5196
4003
5194
2030
4010
1461
2046
4026
1342
5142
5117
1010
4045
5021
2987
2177
771
4927
1620
981
4131
2252
2151
3557
3584
548
6584
6575
549
6559
6780
6454
332
5793
153
6429
7127
5824
142
67
284
6236
6223
6221
6847
116
6866
6068
6911
6916
5963
86
6917
6918
6943
6933
33
283
6834
6939
280
6634
6627
6722
6643
6645
6611
6650
6679
203
5030
4651
2259
4634
3122
6137
1589
3063
885
3263
121
4403
2408
1601
4381
4367
923
391
2435
4323
6851
2451
4275
3101
209
1968
1966
4375
72
4654
1603
748
3087
2017
4980
6690
1311
4967
4948
6923
2153
4925
1989
4920
6043
6693
4865
6063
4836
4835
6927
4789
4786
6083
3128
442
6093
6117
6018
6885
3535
2502
3389
152
1243
6617
6802
180
6612
3777
3757
316
6530
6531
6735
2782
3586
6556
2821
6608
3575
2873
6598
3555
6577
2830
6578
288
3527
1194
6594
1073
128
150
6812
1378
2549
377
4147
2570
4140
4135
372
133
1513
4087
364
6838
4040
3337
2623
6824
6349
2638
3984
3976
6367
2666
6375
2680
6813
6397
3838
3832
6422
2479
4269
6677
5734
1817
5937
1868
1869
52
5212
6960
7122
26
5186
1900
5226
5429
5413
5402
1910
1911
7090
5872
5337
7085
631
1794
5786
5703
5691
5661
476
5674
4041
1013
6348
6691
1019
5417
4068
1025
2634
4006
2609
1012
1314
7110
214
1081
5460
1074
517
7125
5654
5829
5444
6405
347
3901
3929
3066
3932
3848
4082
540
4099
3110
4270
3106
3090
5322
5316
655
929
926
123
4374
4378
5284
6985
4337
1083
4261
4212
2596
4106
366
2593
983
132
2478
4125
2572
3120
2571
3119
2561
1718
507
3125
7128
3812
1216
5586
6607
6605
266
6604
5587
5577
3298
3049
6591
1189
281
3538
6595
282
5730
2963
3316
6633
1374
3040
1263
3342
2958
5640
6720
6621
1234
3408
1231
3414
1373
1085
7144
7136
6511
6510
159
394
327
6789
603
3762
7164
2739
5790
609
5479
3799
3763
563
1450
311
2834
1862
1285
236
3564
6573
3265
6570
3580
6763
1147
1873
1874
3689
5496
2400
5976
5430
434
2248
1605
5967
2171
6920
6921
746
463
6922
6913
4508
2367
53
5148
5889
2380
6900
5149
4571
5218
6176
4648
2258
1930
2270
4641
2105
2284
777
5192
6039
1646
4658
2320
110
2333
4605
785
836
4683
6925
1625
6025
733
4759
1959
718
726
2222
5209
2242
5132
1948
4453
1573
113
51
5144
4742
2396
486
1567
1611
1969
6899
5206
4738
1571
1624
5781
55
454
4922
1859
1187
5544
6784
1124
1427
1426
57
1449
1195
2838
6787
2842
3748
6596
2844
2847
2133
312
