2195
6125
6001
3529
2191
6910
3755
2197
2193
6120
3758
2190
2196
4453
2194
6009
6003
3317
6907
2624
6122
1249
2199
6002
6006
778
1934
2192
2198
6927
3526
3319
2639
4607
1937
5456
950
5654
1700
3086
2628
6948
908
2325
3757
2620
6128
2616
4609
3745
7141
5260
5665
3318
5439
730
122
3458
3100
3750
2032
5574
1936
3280
4153
6963
5436
1157
1701
5222
5576
6921
6008
1706
1705
4250
5483
3753
4830
6847
6900
6952
3528
5655
6127
6121
604
1199
3089
3759
1159
124
6724
3751
2443
3684
2094
2449
3462
1376
2638
6123
6054
3109
1709
3976
1459
5652
6961
6000
6124
6916
2686
6129
4603
6126
5990
6834
2633
592
4450
5155
6770
3519
2802
7164
4212
2539
3456
2629
6510
4082
6924
974
2609
6947
983
3084
6962
5488
943
6396
6911
2622
3754
3454
2714
6366
5650
2805
2803
5392
5660
5979
2463
3082
438
2626
2448
6071
6582
1403
4066
1926
4396
623
1723
6931
3778
1913
128
1869
4625
4182
1702
4589
3464
2625
3691
904
2515
3752
358
5457
2466
4280
5573
1707
3764
3756
733
4005
5657
1258
3283
3281
4003
2067
1225
3316
2621
3333
2252
164
6035
5192
5322
1147
169
3436
86
6720
3418
1342
4844
1932
3408
5765
5744
1948
609
2446
5445
5653
4606
979
6936
2614
739
6949
6117
748
1989
948
5736
5740
3011
2983
4138
2948
2679
5942
1377
4219
2573
1480
654
6066
6531
3656
7146
125
7147
3525
3910
2442
5431
6589
6672
3524
1542
2339
5153
1401
6587
3314
4135
6494
7115
2594
5992
312
2578
6382
6384
5570
1491
2519
1704
6908
5486
4980
4364
5999
4583
4451
4452
4398
2871
4587
2801
4149
4254
5238
2923
4984
3309
3310
5482
5038
1061
5458
5452
5109
1121
3403
5426
5407
3414
546
3242
3766
3121
3120
4099
2958
2973
4615
5732
5730
946
379
3083
4010
3098
5659
3912
3107
3825
4942
4026
3018
836
1472
1862
2239
2236
2717
6932
6807
2683
123
6933
7142
1918
1703
194
1462
2518
5489
3518
6502
210
734
975
721
6546
5453
716
216
3693
6390
2570
5719
3081
6262
6275
5663
1463
5658
1243
6316
6352
4037
6957
3123
2579
5575
2576
1467
3393
5433
3400
6912
3527
6896
3546
2175
126
5050
3578
3592
5099
121
628
631
3682
3698
6802
3521
3520
4974
2444
4799
5421
3411
1187
2031
2264
2445
163
2259
5197
3469
5193
2227
5191
2062
6750
3038
222
1596
2988
5995
314
405
903
401
2977
7105
5975
4582
900
1685
4144
4226
6149
6113
4147
1375
2943
4474
2872
2897
2893
4223
4145
4422
4142
1400
6155
1910
837
1724
329
5748
3016
1374
2284
4849
3908
4390
1117
2262
3457
3651
5250
5249
3836
629
5069
3424
6112
3697
4139
3687
4807
3685
2431
3409
3413
3929
2409
6716
1373
3927
1183
4834
5343
3779
3465
4374
655
6913
3522
3523
6004
3760
2804
6844
4315
6865
1129
6892
6901
6058
1115
2710
5166
4976
5060
326
6920
1379
5051
363
4961
7110
1151
2696
6918
2806
616
6005
5106
2718
2440
5741
4759
3288
3285
432
3078
4745
1944
1248
4619
3178
4715
6249
1457
2029
1493
2966
4699
6588
6266
1461
2596
2613
5792
7091
5651
6968
4597
6974
3311
5656
1796
7006
3967
2641
4181
427
6994
1812
6157
4130
6196
714
2030
1358
1206
4148
2887
502
727
7041
6506
2681
825
1683
4140
2121
5011
1933
1931
4055
6889
1062
4087
3724
4360
4089
4395
2108
6991
2186
5067
942
1699
64
2096
3828
3838
3996
3871
970
6926
4840
3925
6934
722
799
4158
985
4786
4197
1029
2023
4002
6944
4690
2080
7143
6967
4030
31
4983
1982
2063
2008
3768
7119
7117
4456
4004
737
745
4802
6033
5552
204
3322
6518
2462
3323
6568
2960
6571
1526
2438
2496
5844
2940
5394
174
5383
5370
5720
5328
2269
3448
2886
2434
2513
6501
6461
3080
2623
6204
5680
1460
3046
5737
2618
3102
5762
2584
5579
2989
1256
2986
5796
6426
5534
2982
5528
5820
2528
5822
2878
3455
1349
2873
6822
6843
596
134
316
602
5115
6069
1408
129
127
3563
613
615
6046
1098
6021
625
3653
630
336
2738
5168
601
1420
162
5245
1419
374
1378
160
6751
3472
3079
2226
2695
1729
1314
2906
4252
3032
2627
1696
3045
4183
4221
1450
3049
2781
4389
4220
1444
1760
909
1758
4216
2942
2807
2634
2713
2812
2694
1353
4240
2965
905
1424
1431
2712
2992
3002
1441
907
1067
1946
1003
1007
3865
3861
3847
3845
3459
2058
3818
3460
3787
2061
1150
3505
3906
3761
2222
2207
2086
1048
2148
1593
3533
2182
3568
1110
3721
3664
2187
3688
3511
4094
996
1177
4075
1646
4052
3088
1465
945
1466
3110
1998
3119
2593
2575
4019
3160
2051
4006
2015
3689
1496
3282
1240
2530
1507
1632
3944
3342
3404
1190
3943
2295
1638
7169
857
5613
6136
4712
307
6076
6059
4763
4711
335
5973
5953
5880
4841
4846
5829
353
6140
281
6190
170
771
6580
6537
764
6456
763
6407
6399
235
6351
6337
4691
6302
6265
5825
5806
402
410
5037
5404
5396
5391
5325
5068
5090
639
635
5092
5163
5142
5114
608
5101
5410
6725
5010
4989
426
5722
5694
4898
444
4911
4916
467
5577
5553
5549
5500
5470
5454
5435
5434
4605
4741
621
7049
6939
7108
6938
823
6929
6849
132
4552
7051
6922
6895
7095
6919
6990
4406
7054
6818
7111
4565
6951
6980
6757
154
7131
6789
4440
4588
4604
6905
6953
4586
6783
3122
476
1914
1916
3397
1204
5569
3394
446
3101
1262
3355
1917
1929
6993
5468
3104
504
1919
3287
5542
835
3259
1923
5544
3332
503
1181
1679
3510
1145
5169
1143
5151
5150
593
7121
5121
3532
7123
1126
606
