6138
6148
5345
5347
6142
197
192
6145
5348
195
191
6147
6141
199
193
6143
3870
194
6149
6134
6140
6137
3759
5341
6136
5154
3543
362
6130
3549
6121
3754
3877
6133
196
1234
3545
3542
6897
6082
6144
2046
3872
5195
3756
5494
6139
4900
785
3547
4406
3879
6412
6648
6080
4239
5343
5346
4066
4651
190
2610
3540
3291
5024
435
3750
3231
5342
3755
3176
2827
6084
3531
2171
1370
3831
3441
70
5659
4404
3836
3065
5641
6401
76
2246
2177
3975
5508
1232
2618
3447
5146
3541
1589
6416
4783
198
1586
4752
932
1784
4323
7105
4403
4645
5630
4654
3527
6086
1702
1078
6081
3339
3319
1805
1601
2989
6029
5073
3438
3753
2923
2244
3170
2253
3752
5148
2179
1852
1100
4966
6438
6016
79
475
2051
6996
3446
1667
2056
517
3297
6068
1253
366
2836
266
2428
6348
1183
5190
4041
6018
6010
557
369
1853
312
6329
5340
1759
256
5331
5954
1694
4694
4681
274
364
5789
1905
1920
1870
4918
4324
1746
4920
5775
5143
1313
5662
1172
6435
1157
6829
3082
3751
3122
3700
3126
3544
6555
3535
3127
6718
2101
6698
1029
1594
1235
3815
2439
6420
1322
3995
4121
3925
7077
3874
2399
1867
4999
4976
4996
4993
4990
5019
1771
7032
2406
5621
4919
3143
78
1623
1624
2369
1700
2231
5645
2379
1732
3084
558
1797
1219
2693
5877
5338
5299
2705
5255
2799
2835
5467
562
5179
2109
4829
1815
1605
5123
1608
2407
1846
1736
1620
5407
1739
3232
1975
4402
6207
6459
3500
655
4364
4750
905
4401
1983
4628
4723
6201
6318
6203
863
4818
1994
1908
4154
3298
1627
4409
6288
4468
3434
1670
110
1673
4682
712
1629
782
6208
4382
202
4821
1214
3838
2704
5296
5293
2647
2538
1954
1326
786
2352
2363
4011
2178
2383
4007
837
3866
2175
1384
3957
1382
5455
3819
5447
454
1801
1780
4407
4592
2821
4725
660
3566
4960
4923
3130
3140
3142
666
3476
1082
1073
3442
4843
3416
2059
3213
2071
4204
4408
588
3749
5177
4509
1135
4579
3240
537
1843
4595
1858
4629
3076
2003
5083
3077
3097
3117
1856
1434
4630
1088
4754
1745
6787
6406
128
5873
6692
7050
6549
1640
6512
6614
7122
200
5956
6419
7121
6297
5832
1742
115
6693
5885
6364
6514
279
6765
1598
3479
2400
327
4462
1108
1092
3486
4812
2403
2151
4476
3449
1421
5974
6284
6434
4469
7023
4435
2659
1803
492
1804
5302
5891
1879
1332
332
4864
6645
5284
2384
2387
5938
3148
4423
3147
1811
992
6085
3506
6439
3669
3637
5003
6511
947
3733
1690
2617
3651
2717
2606
6178
1696
4726
4742
6173
603
284
4956
3125
4502
1862
3588
4508
5105
3529
4901
2436
6763
4912
1595
3605
1684
2172
276
563
1689
1438
5052
228
4653
6538
3834
1883
3296
5591
1977
4270
1028
5456
5819
1072
394
5430
5424
775
2858
1955
3341
6343
5404
5590
1786
1039
1972
3936
3060
5504
1766
2881
1779
7127
3282
5585
4253
3924
3177
6722
2110
6679
2055
4010
5831
3998
5356
2112
2976
457
1013
3253
1752
2219
4352
6749
6699
4351
4031
5396
3237
5376
5644
2972
1059
6833
3067
4068
5400
1218
3955
4158
4689
3730
1888
4017
2133
1887
6152
2017
1664
6389
2154
6768
4065
4786
6400
1660
1698
2702
6769
1372
4126
1978
6167
6838
1213
3051
4716
6216
1179
6220
4302
6417
1921
2856
4464
4463
3063
865
6854
3833
1951
1950
1996
6964
3876
2854
152
4367
1681
6311
4381
4405
2839
209
6426
2842
4418
4680
6436
1381
3061
6457
3758
908
689
3777
1980
6446
2920
6229
4395
1685
892
4593
4590
6238
3100
2876
4562
2809
3087
780
779
6263
6881
1336
4267
3974
4968
2682
7124
5402
458
5401
5398
5392
3349
3369
5370
5369
2373
1741
3411
5337
5335
1084
3417
2408
3146
3484
3483
1737
3448
5412
5957
515
5939
5239
1452
133
3166
5191
2411
6678
1027
5664
5736
1749
5650
3254
1316
5632
3266
5627
6703
5755
5617
5605
5593
1755
3292
360
5816
1792
5461
5812
2190
354
2359
1782
357
5773
2302
1070
5524
1317
2342
3517
1385
6594
2174
2614
7027
4955
4995
957
831
6071
3139
1733
2485
6070
6053
3612
4992
5014
5008
5007
595
5001
2589
3650
2541
4948
938
1596
4871
2630
6026
1704
3141
1256
3694
2465
4866
4903
3693
119
5072
4913
2435
564
3747
3920
1035
3305
1661
1625
2091
3655
6517
3294
6694
3179
935
3690
3983
3134
3658
3958
3293
3744
3951
2085
1139
1138
6405
3908
1075
3315
3413
3781
3168
153
66
6643
6642
3111
3560
2043
6429
6638
2105
1365
6793
1635
6573
2045
3508
3812
3110
1007
1127
6532
945
2040
6510
3895
6503
974
6496
6731
3064
3137
1133
869
3371
2057
1609
6421
3066
3121
1644
1083
155
6407
3435
6696
1386
2472
6041
560
5078
7065
1850
6015
548
1855
5097
5107
5108
7067
2413
1816
5134
5137
6004
5101
299
2494
2504
4755
4785
6131
1875
4870
4911
281
1725
7013
4927
4965
6072
1236
4997
6061
2555
1860
1590
2514
532
6166
19
5149
5497
2317
2316
1774
2279
1764
5760
5577
431
5596
1747
5636
5745
5678
5693
7159
376
1750
7131
1789
5793
5458
5969
7092
5967
2398
2393
5285
5898
5298
491
2380
5339
5854
5344
1566
5362
5389
347
5826
5824
5976
6919
6062
6180
6246
2928
4357
4177
798
1973
4234
4503
4734
1909
201
1189
3233
754
6287
4427
1960
4425
6861
1959
6328
6323
6858
2887
6331
4366
750
2850
4591
1958
2757
1149
6909
2713
4688
6837
767
1509
4101
4309
1388
4328
683
2797
747
6223
2950
1200
4151
777
177
2768
4338
1957
2959
2773
2378
3172
1621
7117
1080
7115
2922
1077
3030
2986
