197
6147
6141
5347
6145
6142
6136
5345
194
192
191
6143
6138
6140
6148
3759
6134
6130
195
5348
3543
193
6149
6897
3870
6133
3549
3754
6121
6144
5659
3547
5341
6137
199
5154
3755
3756
3752
3753
3542
3750
3541
6139
3758
3315
3545
3531
1313
3339
1702
3535
4406
1670
3538
2717
362
5873
6416
6765
3544
1920
3732
3082
778
1253
196
2827
6648
4151
5877
5651
2177
1441
4239
4654
5014
3540
748
2618
200
5650
190
3139
256
1317
1926
209
7105
5974
4900
5458
5343
1093
1100
1605
3282
3084
3134
5097
4750
945
2046
4139
266
4409
2056
2659
6725
3106
2713
2043
6125
5146
3874
4007
773
3803
3800
3126
5975
6229
5136
4418
5455
3995
390
3751
5160
6594
6037
435
3100
6768
1316
1256
2383
2821
6855
2101
2003
1434
1805
1694
6664
3086
1650
1554
3807
4508
2850
1955
6127
3176
2073
1141
3105
201
202
4159
4154
1329
4041
6330
905
3932
3836
4607
6532
3808
1766
5134
1732
4966
655
5342
1700
1815
5976
5346
1061
629
3506
3329
394
3828
1678
7109
6263
2408
5773
3997
454
6316
1326
364
3975
908
3838
5647
4817
4259
324
6048
4651
6033
1919
6082
6031
312
6019
6949
6838
780
5436
5370
2071
5453
652
6146
2153
4403
334
4395
392
4415
4408
3081
1235
3319
1179
182
2795
6666
3748
6592
115
2989
6739
2614
207
6551
3117
6555
3801
3438
6583
5909
6642
352
4476
1932
4452
1753
5356
4417
1958
3560
533
3310
1994
7127
5955
763
3441
758
4933
5031
1059
5101
6034
1097
1750
5149
333
1739
3341
6984
4911
4726
5195
3529
2069
4632
747
3449
1067
1183
7
3834
2077
5457
6833
206
6637
2836
5502
6730
5531
3998
5583
5456
6331
2575
3944
1310
930
5641
3879
3875
2424
3872
1629
2617
7128
5476
2179
2079
6701
2110
6704
1234
5376
517
203
4404
6706
4402
5010
992
4390
4248
5444
3097
5011
1601
1784
3166
1157
3266
3369
1101
5371
5340
3063
1175
5191
519
5307
5617
5604
5603
1135
5143
1746
5600
564
5157
1698
503
1467
650
2006
3735
1232
2175
2178
1381
4349
837
2273
2723
4204
3749
4153
2842
4144
4138
4020
1276
2628
2619
2415
901
903
933
1322
3802
1311
3804
2704
3730
1978
3693
3443
4920
673
4904
1851
1053
4890
1853
4850
4843
3520
3527
4754
4736
4730
4694
3805
3041
2977
4593
2929
4574
2914
772
1218
786
1935
2847
4413
644
788
1589
6581
6767
5911
6769
6400
5746
6705
6435
208
6646
395
198
5784
6762
6042
6081
6587
372
5846
6549
7123
5937
5796
180
5954
1010
177
3530
940
3899
3930
3877
6412
3806
3817
212
179
1035
183
6510
3733
187
1012
3709
3701
3831
3934
1001
6324
327
332
6038
4861
4868
6016
679
678
653
626
5092
607
604
603
5130
4620
4602
753
755
4028
3456
4075
4108
4148
6236
4234
6354
4246
6203
276
299
785
4482
6084
311
6207
878
3347
3432
1927
1979
1983
6887
6866
6858
2105
2109
2112
2171
6840
1370
2244
1355
1352
1907
2400
1473
1883
1602
1609
1624
1653
1696
7112
1540
1711
1718
1747
1510
1787
1789
1816
1879
1884
3446
6831
2555
3040
3045
6638
3089
6632
3107
6616
3177
3242
3256
3304
6595
5141
6584
1081
3018
2472
2965
6662
2572
2586
2588
79
6763
1282
2693
6722
96
2799
6708
6696
6686
2858
2925
2958
5144
7169
5573
5602
5284
5467
5482
5591
5396
5745
5749
376
434
5206
5325
5891
5248
5619
5657
5644
554
5768
5742
2701
4405
2076
6436
994
2032
2072
2690
3739
5524
2702
5279
6122
2692
531
6483
6718
995
6083
3734
1905
4681
184
1910
6045
1911
1915
2830
6957
1923
1925
1929
6945
6086
3566
743
99
1449
378
752
3609
2809
5518
315
5390
1440
5737
3698
2404
5740
2254
2655
2224
1372
3946
3141
4136
4135
3952
2479
3957
1359
3964
2451
1319
2439
4066
5331
6829
2337
2342
4025
1328
2411
3991
4009
2410
4147
3937
5917
1376
391
2630
2623
2082
4686
3833
4339
1400
2118
2126
1286
2133
274
6406
6854
2174
3876
3885
4244
6231
6235
2549
4160
3915
1378
2538
828
2839
250
2853
3340
5956
1098
3343
1171
1716
5451
1172
5449
5193
654
1088
4955
1086
1742
588
4931
4929
1082
4925
4923
1755
4918
4915
1759
7115
3043
128
1105
7161
586
6615
6614
373
3130
3127
3280
6630
5936
5680
1660
5082
7126
5073
5072
5066
1679
129
6596
1547
7122
3331
631
3087
5016
6582
3080
4865
4732
1870
1806
5501
3447
5662
6667
1854
338
4751
2904
1792
4752
1043
6018
4709
377
1070
2861
4815
3518
2855
5508
3298
5344
1028
5831
2548
3330
2514
2942
2550
3924
6634
3564
935
3943
397
3110
2407
3168
3137
67
6699
902
6830
904
6627
3297
3231
5454
6613
3269
6536
6601
1031
2832
3288
3121
3232
3486
5513
3569
5470
1192
3042
1007
5389
2757
6438
6439
1003
3781
5377
6639
6643
5848
5374
3435
6496
1069
1074
205
3747
1072
3736
2793
5870
2621
5566
3334
5908
2987
946
947
6401
3479
2817
1019
3085
153
3897
1099
1200
6590
6418
227
1017
5407
6573
2993
535
3644
3826
2812
6702
371
1445
744
1939
6075
4627
6072
4664
4669
4706
4707
1886
4723
6039
331
7004
1850
1846
1811
6928
1450
750
2403
6102
5648
4455
6091
2041
6087
5257
5254
4854
771
6899
5250
6903
6910
759
562
1977
563
2007
2055
1797
5678
5044
431
616
1674
7131
1658
366
5105
1646
5693
5107
5108
1623
1608
5129
7159
1600
1690
5179
5021
5019
1786
6030
4901
5199
1779
1760
1758
5973
687
1736
5967
1725
4961
1705
4990
7092
5948
5018
4956
4427
3148
4423
4101
2081
4386
5645
4357
