4654
6142
6145
6141
5146
5347
4456
6416
4457
6138
4158
5345
369
6147
4452
6130
517
4923
6897
354
1657
7128
2827
5346
6136
1994
6140
4366
362
197
5342
6038
1039
1233
4735
7032
1694
3139
2842
6148
1746
3870
1749
6070
4204
998
364
193
195
2062
3506
4901
2858
4900
1983
4873
992
4459
5938
4264
5967
5341
192
3647
826
6511
5467
6068
5144
202
3344
4407
1650
2589
5440
5413
356
270
199
5370
6137
1326
5349
995
5348
3291
7123
2060
350
6703
357
6319
2171
6203
3936
2081
191
215
3932
763
5149
4659
5577
991
4473
5377
6942
5424
7023
997
1285
4907
6263
3262
1029
6311
4991
209
2133
2273
6222
5073
6152
5455
3130
6881
4754
3898
274
1284
4265
4645
862
6042
4732
2821
4651
913
736
5571
4100
4367
1172
7121
6457
1372
4922
1990
1589
1138
6084
655
2840
1100
3105
6089
3754
194
5961
1237
1236
1028
3692
2717
2446
2437
4734
3951
4755
1234
366
3042
3939
479
4253
203
5374
7068
5148
764
3065
6133
6887
6909
5010
3271
3278
5032
311
993
5644
6730
6716
6704
3998
4406
971
902
1393
116
4899
3441
4419
1753
3498
1658
6459
2069
6287
6763
6789
4451
3900
3549
6837
6830
1325
6157
6180
999
3134
2137
4956
5657
5659
3950
3955
3542
5740
5575
2986
5658
5340
3082
5662
5453
5774
3132
5664
3349
5630
3874
5570
3907
3544
5846
3041
3038
3043
6149
6325
6297
4564
864
865
4346
133
5278
2042
1906
892
6397
1900
4413
4929
1742
6501
1702
6839
1289
1313
4458
6764
6762
2082
6707
516
6690
1384
1385
1440
519
514
4465
5011
6945
5239
2843
5968
586
6033
1088
4155
580
7122
2448
5083
2423
4579
1038
5076
4260
6229
1027
6213
5024
6160
6146
6078
2174
4262
7012
6081
190
6139
36
491
4706
3875
4723
4073
4476
4818
4328
4309
558
562
567
5047
4256
575
577
5092
5129
4753
5403
3584
6134
110
1815
2055
2058
144
2090
2112
6223
6221
1752
6207
836
2303
827
2317
820
2387
6072
2514
6047
3770
2635
1747
1670
1049
1170
7048
1034
7031
1032
1031
6983
1023
1725
6940
1017
1013
6895
1003
1332
1388
1450
1475
1626
1253
2799
767
6034
3288
278
266
3045
3531
5760
3040
5520
5641
5504
747
3556
5925
3315
5458
5475
5448
6015
3753
2850
5410
4623
1335
1360
1381
1434
3527
3521
3369
1080
1528
1383
994
4650
3535
1135
669
3541
1283
4647
1280
3871
3706
660
3876
476
4493
3116
2809
2175
2237
4037
2854
4044
821
3959
2851
2434
2438
761
579
2538
4655
760
2152
3954
737
3108
1757
3063
903
1902
1919
4403
1950
867
2066
4324
2101
4306
3025
4267
1708
3866
4408
4681
6551
440
5680
6530
200
6513
5789
6447
5924
5965
6420
6419
5977
6018
6019
119
6400
6100
6144
6235
5014
5401
6303
6555
6316
6051
6050
128
6048
5125
6037
5002
4815
5727
5443
6825
6964
6803
5508
312
5494
6788
7126
5301
5368
5399
5601
5305
7033
6949
4733
6732
7038
3413
797
3744
218
3752
212
2440
5404
2413
2406
2403
3812
2398
2396
206
2332
3756
5444
3590
3701
3383
3298
5645
5597
5648
5566
5721
3106
5742
2583
3543
3545
3547
755
758
6016
5476
6025
3644
2637
5836
6075
6300
196
1652
1608
1605
6575
1421
6637
1370
1365
6706
996
1001
1007
6834
6922
6929
1281
6966
7013
7019
7037
7065
1158
7104
7116
1134
7125
1091
7131
1072
1653
201
1667
1700
6087
2177
6143
2170
2142
6228
2070
2068
6317
6318
2045
2000
1955
6331
1908
6348
1903
1867
6405
6418
1816
905
1810
1786
914
6433
111
1711
6506
6519
3816
766
4455
3934
5343
5031
4738
4577
367
4498
4495
449
4417
447
5013
548
4336
4810
4351
513
4861
4902
4950
4409
4412
4450
616
352
4125
5034
5097
3877
5106
4652
5078
578
3872
4700
5376
4151
4602
4604
472
1782
4415
873
2003
4349
2433
6329
1759
1941
1920
6333
4363
537
2432
1854
1817
6063
4960
4951
1070
5082
1894
6305
565
5066
2302
5074
207
2224
6073
5022
4269
5016
2149
4304
2390
4208
3819
211
5015
152
151
2097
6232
555
2071
4314
6299
551
2063
4323
137
1755
3822
6435
1250
6937
1011
6838
4518
6806
6941
1328
6787
6769
6765
6760
4491
1334
4499
1336
6944
4736
4685
4689
1098
4696
1101
1105
1235
4703
4644
1174
1176
1218
7027
4629
1171
425
985
982
1668
436
1678
1697
217
4904
4862
4908
6502
1743
1745
1748
6436
1751
1721
1363
515
1645
503
1368
4475
1376
6674
4809
4819
6596
6593
1452
6578
1479
1583
442
6594
2439
6216
4020
5903
2930
742
3401
743
3956
3952
2857
5269
3496
748
5599
3504
5321
5592
2849
5574
5975
2838
762
5528
5627
5632
5873
3343
3272
3142
5296
5689
3280
5712
3126
4014
3995
4182
765
3102
3292
5743
3976
5746
263
4030
5634
5832
3339
3024
3097
4668
5956
2774
5466
3700
5121
2578
2630
3750
3583
2576
5371
2632
5375
3566
2702
5154
779
2465
6053
3649
3759
588
5451
7092
3894
6695
4715
1139
4707
3329
6702
6648
1380
3893
5479
6641
6562
5654
1571
5653
1488
1478
3277
3781
6643
5651
5430
3879
3992
4469
1395
3733
1108
6638
1448
3342
5622
5450
5362
4750
4565
5573
1287
5557
6869
6903
3523
6904
1282
4601
4742
5359
6935
1263
5333
5344
3538
3522
1590
7008
1352
5298
6731
4643
4642
1333
1178
6738
1200
3456
3486
3895
7034
4641
3608
6783
6786
3599
1329
7066
1602
5086
4460
6039
5020
4139
6190
2150
6036
2823
2834
2835
4119
6266
2079
6013
4307
6291
2067
6012
5179
4074
2841
5259
5974
4072
5023
2179
6091
2212
2489
2494
2537
2430
2428
2422
4202
