6155
167
4587
3057
163
5549
5112
6167
165
164
5540
593
166
1414
162
1383
275
161
1118
1588
160
1585
169
594
1580
3055
3052
749
4231
1113
1410
1671
1484
1489
6345
1675
1424
6150
1416
5547
1411
5114
1417
6158
1676
6342
2381
4589
1419
3958
2267
1418
5119
667
2808
5113
3053
799
4233
560
5117
4581
6156
4597
6318
5543
6305
3595
602
1483
6341
1672
4584
1480
5115
5026
4322
168
1420
4585
4582
1487
595
6153
664
176
1413
1864
2140
1380
178
1819
6151
139
103
6169
1364
5150
5548
3050
1376
1584
5116
3054
6299
4360
6723
1084
7141
5300
44
569
5940
1904
5069
823
1117
5238
6343
1486
2901
7047
1356
117
3470
1412
1343
5541
5744
255
1423
7045
4892
5421
5128
7022
6060
5724
1628
4258
1582
1586
4725
1589
6476
5528
4085
3592
3887
365
2131
3374
6728
601
1898
937
3314
4692
825
5427
4563
829
6159
6749
795
4533
610
3281
558
6474
6346
1937
6161
6183
6184
1304
2001
668
1198
358
1352
4726
2907
1085
2029
2934
6874
1052
2409
1291
1777
904
4248
3315
1581
3883
2051
3
2157
5040
3986
2556
4474
1359
5509
1362
6022
3343
1592
1131
1119
5642
4541
2680
1513
9
1470
793
6724
3882
2008
3563
7073
1298
5103
1294
3981
1980
5995
5271
3987
3325
1425
99
4335
1422
3139
6325
4580
5016
3892
1385
3858
4230
6472
5159
1415
5971
2810
2203
5978
1660
6501
5994
5929
4187
2482
2138
1477
4588
591
3436
4019
1472
2347
2481
2000
6187
6347
1148
6907
3928
854
4237
5576
1138
2355
42
97
1490
6916
5546
2900
4763
2098
6479
383
3204
1632
1532
6405
2937
627
246
4944
1270
3899
3533
2688
1365
4713
4453
5776
6315
172
6380
3321
2987
201
1626
1340
2026
5810
1339
609
7162
7070
3565
6720
5990
1903
1515
4490
600
6408
738
599
3556
6887
6316
6319
4320
3566
5983
471
476
6359
4232
2995
5962
4363
5349
3896
2444
1936
6902
4598
1130
6785
2933
6404
6298
2943
506
5809
5025
3954
5177
5522
3888
1544
7129
5111
4277
2909
4852
2108
2486
606
6011
6000
1303
5924
3698
2573
5422
7056
3726
1361
1363
1366
5252
1368
3327
6675
1377
6998
1387
4443
1396
4442
1398
1401
684
661
3313
4089
3957
3372
1299
3384
22
5501
1469
565
828
5544
1576
2800
314
2268
2193
6002
2196
4784
4977
1813
4200
4361
6684
5109
827
3310
6680
4312
7125
3138
2252
4450
4447
4547
3489
3388
1575
4583
5291
6566
3251
953
4534
3965
4389
6727
4606
3066
5969
5893
2575
604
6539
6537
2625
770
5232
2539
4622
1861
5260
6714
1587
5081
3988
1946
1897
3463
608
6351
4083
5470
2741
4227
1700
5163
6221
6977
2454
1354
1358
5013
4184
4780
6234
1740
3733
230
2048
4236
6906
6209
2823
5577
2818
4016
6154
2788
1258
4881
1252
3678
6947
6943
1150
5573
1308
2477
3849
1309
326
6933
1670
6186
335
4165
1139
5819
6255
214
5028
4263
7017
1137
4714
1063
4956
1058
4965
5387
4969
7007
3511
2975
5439
1680
2981
7034
5554
6340
5980
5196
6302
6962
2047
1428
6282
2908
1379
170
2931
5793
1341
5842
1297
6049
3258
1452
6052
3273
1360
5927
6122
4882
5145
1679
1367
1709
4945
5928
707
1288
2679
681
1378
4973
4974
6070
4484
6074
4444
692
691
4917
1306
6098
4483
1854
1865
4527
1880
5267
5663
5696
1348
697
4512
6526
6009
6417
5223
5022
2522
2896
2532
903
3095
2620
1741
3102
4593
6243
1159
4768
5794
5170
1086
6303
2638
6358
6362
3016
1027
6378
977
976
4694
1519
1050
1769
1062
2392
6403
1514
2585
5960
5048
6174
6003
2798
6164
4542
6162
1460
6548
1245
6006
5714
1251
1257
1840
2344
2805
6465
5197
822
4794
5949
5878
6477
6478
859
2458
1572
4840
1202
4842
4557
4546
3162
5062
4543
2527
2554
669
3996
2190
3639
4205
3476
1906
2004
7120
61
5303
4306
2124
624
3504
49
4298
47
3594
1896
5295
57
4313
4001
273
5428
3757
7025
3751
3389
4077
555
234
1933
173
3732
5330
2049
6743
4343
4133
148
131
4155
2021
5418
364
6855
3885
6755
652
401
6893
3946
3947
4242
2229
3326
1982
406
6678
3938
4434
7137
3972
3322
5294
1981
665
37
2293
5852
5118
1069
5847
4130
4959
3399
5790
4337
6438
2501
522
3430
5230
1331
2946
1940
5178
4609
4327
3398
2906
909
6286
4362
4255
1815
2932
3743
5332
5395
1930
5791
3740
417
231
2936
3736
884
2712
3569
4910
5853
1355
2364
1810
242
1353
1816
4124
1812
4765
5339
4307
4849
1778
2466
4676
4224
5400
2192
1197
3500
1189
3502
352
2437
4796
2991
5597
2875
4691
6850
4770
4693
1167
2870
5404
4699
367
6924
6789
6361
323
3458
1296
5770
6120
949
951
3460
2180
6125
6870
6129
2787
5204
4652
4250
303
5836
306
4246
1121
5344
2431
4310
3530
4107
5625
4731
4209
1292
6463
89
2604
7104
5055
4538
4388
1647
1571
2537
6734
590
7078
3889
7074
2590
5272
5273
3929
3377
3285
1451
7076
1667
96
5020
616
1518
60
5110
3886
4524
1541
4525
6604
4531
1662
5256
3906
4106
4532
3880
741
5996
95
5482
4430
700
2686
1579
7040
6035
2694
3175
2270
1430
7041
2356
1890
2159
4552
3160
3963
559
2696
7023
4549
4060
2583
698
2276
7167
833
2
3320
1891
4102
1631
4063
1884
3295
688
2040
5506
5923
2619
2618
6220
7143
6890
3905
2844
3600
4839
5077
2920
6889
5
5162
5872
5524
3891
4219
5070
2616
7148
355
2892
2587
2589
5800
2886
7138
4238
3968
387
7146
32
2439
2543
3922
6912
4764
40
356
1105
357
2449
6914
46
3598
4777
5947
