4905
5366
4407
1885
4344
3901
3599
566
1082
1260
3341
1788
6299
1950
2404
5367
4523
660
1964
5938
2403
1332
6312
154
611
1884
1908
2398
6203
5024
5743
4655
2018
2395
1244
4526
3583
6304
1882
3439
666
5135
264
6152
2434
2438
6323
5137
2336
2737
3114
2171
159
4731
5148
155
6459
4529
1160
3591
539
1216
1230
2420
2406
6317
2402
2400
5021
619
6668
1368
6100
5649
3905
4516
4656
2534
3349
1375
3868
873
1583
5349
488
5939
613
6457
4268
1880
3706
3720
5131
663
1888
6329
6325
3051
2097
2096
6075
6880
4495
5389
5059
4570
4741
1883
4400
5741
2494
5140
89
1072
1389
4742
6105
5753
2670
5363
3010
1338
603
3253
2407
33
6511
2599
6132
4869
5744
3296
5504
3037
4337
5415
71
3034
6830
4525
3035
1237
3355
4232
3657
6792
3961
3554
1601
4493
1018
7061
247
248
6314
4527
6693
4321
4518
3303
4499
565
530
5931
5029
1889
2516
6043
2435
4510
385
7087
2779
1335
7122
4686
2052
1213
484
537
4522
256
1887
6392
2756
1529
6065
2774
2175
2390
4740
40
4504
3876
3585
4689
4408
496
1679
984
272
1163
6883
158
4789
1699
119
6399
5726
346
1200
4228
1212
4956
3869
4221
246
249
345
6412
6157
7086
340
536
337
5130
2396
5641
883
1503
6700
6702
3903
431
304
2177
479
2156
5645
5092
1609
477
6302
5091
4723
5495
4734
470
2728
1295
1108
1438
5149
3564
5338
2635
2514
4248
981
2645
4256
5324
5027
3702
499
5132
2332
2511
4435
3298
177
2705
1432
926
3592
531
3077
3819
561
4894
665
6049
4681
436
821
2767
6073
4922
864
4925
885
6707
6088
6146
4929
2709
5702
2702
3813
6098
5320
948
503
985
989
5673
2578
586
2576
2720
1723
4863
6280
4204
6192
6303
4174
156
263
1337
1480
5364
254
3517
4346
4008
1257
2433
4403
1710
2460
1906
6514
5125
294
1751
1521
1737
1165
2227
292
3291
6416
877
1499
1137
2751
2050
4114
6704
4401
1527
4653
6090
914
2281
1739
6888
489
3317
6062
3723
5260
5086
4074
6014
5656
3641
4309
668
475
3479
2834
3763
6300
4706
6047
2155
4328
2170
5484
6823
2303
1714
6288
6068
4673
1718
838
4891
2700
7043
5144
1013
6370
4236
3812
7089
6669
3862
1959
5465
1266
1252
6440
6126
4569
6194
7083
5107
6166
5354
538
290
6173
2499
6722
1878
2492
3033
6125
6133
6996
5192
3816
4130
5028
7051
5901
6233
5023
4263
48
3960
940
5362
368
465
5793
3528
6889
6319
6400
4267
5975
6886
4178
2890
2010
602
3030
1802
4244
589
605
4153
1715
4793
5936
661
1734
1956
4283
4158
5946
6342
2094
4363
2873
6231
6229
982
6220
5361
6217
3852
1313
4481
2397
1027
5561
1279
1275
6232
4579
2429
4494
1235
1214
6160
2529
1084
1202
3911
1169
6723
2493
3904
2491
6740
6010
1376
3978
4299
5492
2864
1640
4733
6018
743
5412
4324
6295
4687
2174
4047
4044
1377
1548
4033
1528
4011
1501
4385
889
2280
6803
912
4414
2282
2289
2707
2706
4035
4500
1902
5022
151
5923
3299
3443
5904
5686
88
336
5752
3254
5076
5153
3053
46
47
5036
3112
5832
3343
26
5703
396
5911
250
5026
103
3213
5860
262
3461
36
37
5041
3342
6818
712
6013
6072
857
4895
715
1437
759
3747
879
881
5906
6012
2734
5640
4748
6237
2726
5905
4417
1740
4446
6347
5913
45
4243
3983
1799
767
1798
750
175
1975
42
749
2304
6044
3962
4427
4726
2315
5430
1965
1413
3970
455
2807
798
6017
5426
4683
746
5914
6811
3137
2500
5493
1264
2426
2489
1646
6706
3902
6521
6181
6183
2474
2428
1161
7142
295
4520
2140
286
1184
3906
5497
261
1233
4498
2150
5078
1608
3556
268
5414
1110
2504
1271
7041
7101
6224
6783
6109
2656
7052
6221
3835
4476
5557
6327
361
2603
1016
4380
2592
5088
6517
3251
5357
7144
4561
5770
1670
7092
5358
4482
351
2574
2090
4567
4018
266
3703
567
569
6887
3013
5742
5976
616
4175
472
4369
3449
2253
4189
4389
1886
5205
610
5527
5941
7
10
1881
4830
5945
5233
1909
491
604
3685
4772
2974
5106
563
498
469
3321
6418
3998
5236
4860
3059
3031
157
5450
5974
3954
506
1372
4926
7053
3937
1009
3116
876
2638
5887
2059
6332
3842
7149
1604
2386
1865
6215
606
3539
127
1564
1334
925
6795
2200
3431
391
938
4645
388
2687
5900
5660
6788
1561
1905
3385
5235
3524
6103
5368
3953
6801
7050
3514
1749
3610
1363
2053
5632
1691
2232
6501
1164
252
6523
1250
1251
5208
1633
1254
2427
3350
2131
3445
3582
6715
1494
3219
4853
551
3323
3499
3659
2442
1603
543
1232
5727
3907
5082
4512
5924
259
3029
2463
2425
7064
1119
5932
4089
3050
5562
6512
4486
6732
6597
3257
2012
3874
5073
3438
5879
2579
125
1076
601
5501
1080
241
5868
1267
2423
1101
3442
5935
6518
2421
4086
5399
1090
5119
1088
3594
6162
6736
1218
1434
5247
4730
3731
4405
458
3734
433
4030
5275
138
828
3782
830
2861
461
2777
2277
5146
1385
3996
3957
3729
1809
6829
6358
5313
6367
1794
3073
4786
5283
3521
3990
3767
1408
6582
3980
1526
6614
5440
3968
1455
2838
1782
4907
1970
1401
3969
3415
4787
856
5461
5784
2761
2283
4171
5066
6009
6074
5783
6078
49
3292
2764
3655
758
5729
1533
7058
3032
6541
2275
1231
5863
4416
6301
1967
1234
1201
5529
1431
1102
2422
6171
2119
5687
6515
1957
1897
1605
1849
6433
1539
3173
3255
3346
2239
4877
1606
5052
6663
1083
3742
1525
3769
2409
3075
335
2827
3738
2531
116
1227
4838
1081
2539
4901
