6160
6233
5292
1884
1596
4468
1867
1234
2206
4208
175
7023
7012
1425
1595
562
6402
1421
1598
1594
6403
4464
3892
7158
5062
1427
4204
179
1593
2500
1000
4469
4462
4249
5067
1055
174
606
1078
7150
5149
7026
3894
608
1590
626
3760
7021
6407
155
1908
177
2792
4461
3004
6235
1882
6232
3842
2200
4954
3374
5061
4466
2066
7014
1599
1597
7027
2578
5832
5627
1592
4011
4460
664
6230
1676
5626
8
6236
1591
5622
4956
609
5295
7028
1076
1239
4463
4518
2205
4465
4244
6162
5066
1885
5629
3815
1880
5620
3289
3135
4164
151
6212
660
665
3002
5621
2905
5291
5504
3641
5068
2067
3862
3283
5148
1393
4165
3285
7153
4070
4169
5140
3398
176
566
4203
1981
5193
3349
6165
2060
6415
4654
3507
2064
5965
669
1426
6544
5293
663
5618
6495
1671
2405
2322
1235
3864
1889
3648
1422
6854
3868
6428
6491
5574
6695
5519
2069
6151
6237
6239
4071
3869
5496
6401
3370
3346
3606
4508
4184
2081
2409
1457
7019
3564
6410
4743
1864
5478
5664
2329
2911
6243
5660
2204
5147
356
225
5453
220
5837
5518
1088
1082
5146
5962
1280
2687
2188
5774
2062
6542
1865
6494
1887
4655
661
1906
4342
561
6863
4516
4843
1423
3379
3344
6400
3292
7123
5
7033
4156
6569
1788
2440
5342
5458
4431
4162
3745
5836
2797
4083
668
2678
2400
7125
1418
3860
6856
5857
4015
2670
4207
2403
3872
7004
1429
4307
4384
5297
2867
6361
3399
2100
1909
2170
3288
154
563
6166
5144
1986
6408
3413
1314
569
3178
5084
6285
5060
507
6291
5265
6328
3139
4200
4161
4017
3263
4155
1171
3291
3948
5131
3130
3898
5294
5526
3619
5073
3642
628
3575
4572
589
5372
4656
3767
2917
387
4355
2675
2943
1172
5296
4308
5522
2618
5506
4121
1469
6416
6629
2065
1420
2009
1857
6419
6998
2395
173
1863
6549
6477
1176
2226
1941
5868
1558
6213
2071
1905
3851
5377
4459
5028
106
4256
4455
4502
2182
4425
1881
5457
6012
5459
3675
2180
2717
462
6317
6016
6017
4305
1386
4467
6716
6168
2875
2870
6625
2201
677
1248
5078
2202
449
1559
5065
196
1019
1081
1428
6226
5051
3647
3424
1233
5993
2602
4628
4175
1943
603
3502
3500
5596
4167
6418
1158
2605
2402
1193
5834
1907
6405
738
3473
2555
567
144
1
922
3486
3506
4433
5963
2663
3294
4604
4944
1138
3556
5517
7029
4189
3551
5985
4090
170
2331
503
3136
6231
158
1784
2072
222
6501
6406
1320
1888
2106
4705
3477
3142
3166
1844
6349
4493
2006
6344
4918
4915
3643
6365
2044
1989
4481
4608
3397
6417
3600
3487
6238
3645
1869
3149
1851
1480
3679
720
5937
4013
2390
3987
3973
1555
2679
6010
5468
1565
2795
2796
2808
3905
5923
4014
2616
5561
2502
2540
5673
7163
2444
7157
2576
788
5845
4163
5617
7155
4047
2589
2591
292
1195
4300
5455
2185
2183
6808
667
451
1735
6683
3857
1894
6064
837
1398
3852
666
4314
5278
47
3006
4016
4168
1461
6642
1766
6990
1763
3478
3756
7159
3670
7166
3711
4072
3709
4079
920
4127
7156
3766
6433
1662
48
3879
622
621
620
3877
6605
4255
1860
1861
6865
4253
4334
1667
3676
3932
1883
679
1638
6438
7013
3557
1643
4201
1534
4586
7054
1646
6861
1395
3297
363
5206
6176
3005
5476
2321
3032
5479
5484
5982
2077
2972
3111
2075
2669
5123
1017
5114
5346
5096
5075
2625
2617
2671
2399
5474
450
1237
5344
1238
5339
6027
6034
6059
6134
6142
5286
2944
2799
2907
6161
6013
5262
5259
2724
2915
1230
239
4750
6014
2043
1083
3181
178
963
3317
1994
3342
5654
2572
4958
2568
295
6324
2547
941
3395
4869
6368
4849
4846
929
4812
4949
6313
3333
3282
3256
3249
2588
5023
2583
517
2600
5010
2593
6302
6284
3286
5572
1459
2863
2516
1529
2862
2846
4087
1572
2581
1131
2821
2485
2536
2579
1106
2587
2445
1476
783
1550
1516
2442
3952
1123
2844
3417
1392
1080
2063
3198
3205
3239
1312
3623
3268
3280
1970
3596
3287
3566
965
3546
3524
900
3509
3343
3350
948
1968
1914
928
3174
3172
1008
1793
1079
1419
2209
2883
2886
2893
2189
1677
1399
2914
1397
1084
2918
2989
3699
1036
1759
3093
2178
3673
3672
1761
3116
1780
2949
1175
0
279
5605
336
4510
5797
4507
4501
5800
625
5022
6000
6024
6088
6149
6172
6192
6216
6217
6242
4407
204
6251
6256
6258
6280
6314
5604
5603
601
5575
5000
511
528
5029
4983
5064
5072
4955
5115
5145
5153
4907
6404
5162
5349
5353
5398
4694
5451
385
5471
4623
378
5514
4585
4580
5345
673
5009
6805
4275
6991
6649
7010
4174
6624
4166
6703
6978
685
6597
4178
6732
7090
4153
6512
6886
6794
6784
4123
6809
2633
5391
1132
1573
6986
7003
1092
5424
1557
2801
1099
5521
5477
5452
1424
5465
5512
5333
2672
2683
2673
1120
6958
6973
1100
2869
5255
5282
5107
7032
5097
1464
5044
5040
1001
1012
1465
3233
1466
1503
7
3265
3271
3276
3214
2871
1013
5130
1059
444
445
6870
1054
5250
5248
1016
1048
2974
5194
459
3007
3021
7015
1549
2947
2622
1904
5557
1287
1855
6227
2073
6223
2079
2085
2088
227
1846
2128
2158
1798
1797
6156
6246
1290
6250
1292
6391
1329
1957
1342
6300
186
6294
1253
1987
6479
2001
194
2007
6540
6253
6554
6286
5554
1252
1777
5791
2512
2514
5744
1173
321
5678
2565
5665
76
1412
5602
146
2596
5558
86
1732
2499
2494
6055
1242
93
2215
6015
271
6658
1247
2291
2370
2375
2394
5943
5908
5806
1389
1736
4108
4154
3847
711
3640
4338
4581
930
3705
3941
3936
3646
4243
3522
3402
4847
