3294
4331
6230
3860
3863
1889
3292
3482
3869
5162
3484
4333
6378
1914
4255
2677
3862
2905
4850
5618
4858
6544
1076
4856
2458
3164
3346
4854
3865
3867
1000
5250
2164
5845
5878
5570
3009
5612
3600
2883
151
7158
2418
6716
5780
3505
2482
7156
4859
5469
5018
6233
5204
1909
4704
1035
5392
1912
1226
7012
2062
631
6491
2404
4709
2502
4775
3393
4705
3077
3991
3948
5873
2392
3487
4855
4335
1917
2800
5311
523
1919
2401
6187
5583
4638
4700
308
5027
5484
6866
1861
154
1788
818
5253
4851
3844
3845
1314
5631
4312
5164
5517
3096
7169
527
2501
5922
2588
3001
2583
7150
482
2575
7159
2781
3827
6546
2021
2264
894
2340
4636
3888
5039
6854
5067
6477
2503
5398
625
2628
6864
7146
6011
1984
4514
3488
1913
4773
2459
2006
488
3828
3864
6970
6487
3070
4377
3843
5248
902
5297
5877
5203
3746
2621
3098
4070
7
6025
4743
4519
1100
7153
2446
526
4328
4857
5944
6411
5803
5021
6386
4122
4079
1465
827
3849
3568
5395
431
770
2069
155
621
179
3370
3286
749
6870
1884
5558
635
1983
3058
687
3119
3106
3478
3481
5470
3564
5791
3846
373
1327
190
2268
1865
2020
7129
1348
2484
1018
628
6979
7121
4138
4129
5029
1671
3003
3162
3348
828
3079
7161
5349
6489
3053
1982
1107
6494
6784
5574
1989
6304
3006
5958
4852
4341
2009
3731
2792
4126
7025
3989
1516
2584
3840
3942
4007
1542
5211
2755
5788
3483
2643
3093
2837
1480
1155
4089
5478
1469
5797
2782
593
2227
4121
5218
4770
5385
814
5097
5948
6184
5388
5623
563
6027
5853
5806
622
629
5114
746
5163
1064
5496
5458
5742
5810
6383
729
1044
5257
525
5140
5973
820
6328
4071
4620
3824
2974
3884
2906
3903
2067
3945
3999
2081
6035
2095
1441
6876
2824
4119
2818
1421
2007
1412
1662
3647
1886
136
1864
118
3125
3121
159
1930
3460
4624
3113
1758
7168
3603
3008
3626
3644
3007
7044
2098
1410
2402
1193
1199
2420
2305
4511
1230
18
2266
4370
7100
4325
7066
2452
1338
1342
1358
1354
4127
1356
5786
1931
503
2819
2149
2414
3122
3128
2679
2408
5581
2395
1915
1911
6032
5840
5796
5661
5637
5764
2585
2060
2945
2505
2978
2485
565
2269
2143
2448
2443
524
2441
5719
566
3130
3462
3135
1411
5066
4141
4143
4144
4233
4924
4314
4317
4330
4339
4342
4415
4123
4438
4839
1086
4784
4777
4510
4516
4769
4518
4736
4585
1191
4589
1135
4458
5533
4085
5120
3203
1869
1868
3374
3376
3379
3396
1792
1783
5390
3464
3507
3518
5115
3581
3648
3741
3838
3881
3887
899
5214
3904
5210
3987
4023
5161
5126
5330
6048
1171
156
6314
6372
109
6464
318
6583
6863
7069
162
6270
7152
6197
6875
225
6065
7124
6885
6056
6582
6550
6576
336
226
7157
5554
611
5766
4376
1632
3941
3736
3377
5749
3390
4402
4075
3908
5549
5377
3160
1242
2440
1883
4467
3747
4455
135
3293
6129
2321
3743
5198
5546
6865
4338
5790
5201
3740
4446
2572
2718
626
4282
1418
3556
5648
5309
6286
17
4231
2596
5299
3658
1386
6185
1389
5333
679
2179
4139
6574
3640
829
6151
2683
5584
2651
7154
6533
6539
1472
1789
2713
3458
3463
175
5716
4319
7095
5259
4310
3480
1345
3485
6552
5672
5256
1907
3646
3129
2029
2260
2025
6975
4958
774
2262
3906
5023
6466
5444
6952
5959
5031
5955
3018
6580
4707
4706
2348
2975
5982
2788
2814
2817
3949
5475
2642
7021
2801
6249
7019
2780
1056
7048
1063
1019
7004
330
2428
1081
2937
2942
6075
2267
5953
5951
2537
1943
3836
4603
5112
1591
950
560
3120
4021
5870
1196
6898
5129
941
4036
1207
3821
4573
3820
2472
5102
1481
4619
4658
3880
6921
3071
3074
5437
4006
5502
3059
744
5423
4034
3982
1467
4110
6281
3994
5383
3980
2432
815
822
5443
4120
821
5455
4014
3984
1419
4086
1501
6581
4057
2204
5453
1476
6261
4372
5336
7140
6476
2521
4629
7143
2341
2479
4612
2240
4608
5111
5113
1195
4582
1203
2247
1204
6473
4703
1046
1047
4915
4894
4917
4926
1078
1084
4771
315
1105
1106
5030
5033
309
5042
1209
6490
6492
6542
2451
873
1335
262
5290
5295
4288
1351
2587
5312
4208
4193
4146
4142
369
1313
4345
4349
5168
5169
2562
1239
2570
4464
915
6577
913
1267
5208
2226
6349
1276
4375
2453
360
3947
2805
3937
6852
148
3340
5771
393
3302
623
3248
5794
5795
435
5807
1888
3166
602
57
3394
6160
6175
3563
2680
3546
6167
5669
6155
174
166
650
5691
3474
3472
3468
3503
3136
1901
1905
6948
1991
6110
3017
2004
3004
528
2028
2044
2909
2066
2843
2831
2810
6978
2778
6122
2776
2322
5837
1910
5842
5846
6893
1916
443
5876
5879
3097
2770
3086
2136
3076
3589
3613
1037
6703
724
5611
3749
3748
3737
4907
6231
3739
752
6235
5575
3696
2427
1630
3735
5615
1544
748
728
3643
3833
6709
5524
3642
198
1189
1141
3114
3060
1979
1150
4702
4587
4594
100
4659
2644
3027
1137
1937
3111
2244
3090
1490
106
6658
1953
2241
6909
3861
6916
6480
4622
4627
3883
1559
1958
4005
3889
1505
1071
1069
1065
2902
7017
6410
1059
71
1058
2907
2875
1052
2870
7068
3928
2100
1049
2804
7029
1540
1054
3909
3983
1089
3988
1190
1551
7049
2001
1121
3005
4750
2640
1108
90
6973
4763
2783
1102
2996
2784
6456
2981
1546
4776
1987
1928
3617
6901
4124
1756
2669
6721
1332
3473
1763
1670
1416
2659
3467
1768
164
2656
7101
3399
4334
157
266
2688
1676
4289
1705
6761
1402
4132
4148
4149
7067
2678
3569
178
6562
6782
3628
1725
4236
2586
2681
