1880
4655
1882
5147
6323
6166
4656
5024
3295
1427
605
3868
561
6329
4481
6410
5028
665
6325
5291
175
1230
3866
1887
4205
669
601
569
1884
6327
5022
566
5295
666
4016
4653
603
4208
1885
4204
3349
1082
4918
1906
1888
663
1904
2751
177
609
178
4244
5146
4955
667
4018
4482
1626
2403
2402
6418
6168
6224
5148
4657
2365
6232
5
1420
606
3291
3133
1426
5294
1425
158
1239
4516
3862
4207
1158
4010
2362
3347
563
3869
1253
4959
3555
2764
3132
1088
2404
1423
5320
6165
1902
660
6364
3370
5023
1908
5107
608
5144
4431
817
4243
1881
3176
4083
6228
6239
5297
304
627
1883
4241
2169
1234
4525
1428
2400
4337
5026
4013
1524
2200
2203
2226
4651
1905
174
4654
1084
5074
4618
1592
1383
6169
6413
1385
661
4203
2756
5154
6160
5501
3720
1087
1360
668
607
172
1676
5101
1083
192
4246
4755
3865
6161
5344
5779
5504
3867
4019
1625
3138
6016
1785
4830
1005
1369
6233
3
155
5069
3465
4167
507
4256
3341
6236
1451
5232
1279
6162
4913
2589
2938
338
6163
20
5145
5773
4458
602
6222
6231
5649
3466
4595
1498
4249
3104
6319
3351
2164
3554
3135
2752
2121
6414
3679
1480
2891
1086
4582
1621
3227
6400
4047
2409
4956
7080
6953
5059
4498
4567
283
1357
1429
888
468
4389
5140
4934
4652
2947
5149
5310
6369
3788
5343
5091
4604
4430
3723
2952
6017
4435
7076
2407
4939
4368
604
3754
4220
3055
5477
1631
153
176
179
1651
4000
3373
1004
1044
4248
4898
4520
4253
1909
2242
1623
7101
2088
4169
6237
3307
5532
23
1237
5543
3372
4751
6206
25
2395
6270
5526
1053
4789
1494
9
6098
5330
1278
356
3494
5794
4017
2943
1783
1487
2913
3726
3524
4793
543
6406
5494
6403
3674
4486
2638
2497
3344
3350
5937
5624
5025
1521
1866
4952
5686
4488
5159
2859
1062
6092
4637
2401
3518
4510
4630
1303
1671
287
2224
1900
6886
5361
296
3946
6495
1008
4624
2793
2791
7141
4012
5558
4919
1093
6541
494
1453
289
4315
7133
5027
2759
5836
4833
6921
940
5688
4927
5685
6752
1072
5010
5584
6013
5940
7125
3153
3156
2824
4338
5205
5742
1424
5930
974
3044
5772
1788
4165
1233
5848
5535
2588
5538
1777
3752
5137
4594
3033
4084
5838
4770
5078
5858
2495
4798
1302
2276
5102
58
3677
1622
3685
6412
4688
3449
6766
562
280
7037
3628
3034
1282
877
1048
2387
5358
879
3463
6265
930
5324
2599
2974
6250
5302
1509
4895
4247
1546
6272
2915
6125
2332
3088
4447
1310
6283
6196
5610
3880
6358
5859
2529
919
2122
6045
3698
5746
84
3881
3378
544
3663
5695
870
5492
5797
6416
6419
285
1275
6712
5113
1522
4011
4142
3987
5712
2327
2020
5924
652
2329
6472
4501
336
4725
4164
5983
6557
973
4494
2322
250
2562
2744
1615
4420
2227
5998
4915
3082
55
52
50
1535
4945
4527
1232
4528
2745
2995
2229
3567
3995
5054
4275
3171
1362
5468
5042
4480
6271
2453
5058
3164
5292
173
4978
2445
3612
464
784
4242
5296
1710
3155
4518
3629
792
3819
2747
4086
2405
4554
510
2165
152
865
302
5472
3343
504
288
5660
3139
5947
107
1101
5793
2177
2331
797
6882
3992
4932
2167
664
3756
2163
3993
1290
1787
5013
1184
4628
2297
4957
992
3835
4245
2024
5925
5986
4168
1192
4753
3847
1006
4759
880
2271
6540
6479
1100
2244
3883
860
2330
1943
718
2129
1380
5739
730
2489
2315
733
861
972
1798
4378
2398
4114
2079
2572
5709
4615
5112
5031
4791
4762
1897
4112
6402
4772
4072
2098
3889
1389
6399
4090
5021
4433
5499
4427
1508
5347
3375
3297
3377
3165
3670
4529
1641
462
3675
2993
1587
3220
1670
489
3678
3167
2905
295
7055
4563
1549
3479
3502
142
157
2768
5216
159
351
6754
5338
3154
5622
2951
6328
63
1503
4566
2742
2739
333
5511
7093
5203
73
29
3358
1649
5396
3175
5156
2617
10
1523
5395
4425
7096
5487
5260
261
3564
1705
5272
3556
5530
5141
2605
5585
1591
1648
5536
416
286
2644
2
5259
1642
5261
2642
7083
6226
6120
2999
1564
5451
1630
876
2917
873
4556
3157
3509
3174
5313
3562
391
4973
4819
6277
115
6278
4439
1476
4509
4065
7129
2381
3527
4069
1474
2911
7060
4232
1563
3552
4964
5700
5348
151
292
4922
948
1645
3094
2209
5971
7102
6873
1513
7084
6242
4885
7088
263
262
3990
2228
1520
225
2247
5707
2245
3038
247
995
2240
294
3887
199
1306
886
4457
4645
2166
1679
5988
6104
1320
341
1060
1637
4948
5784
6737
6256
5569
1051
4842
5345
1047
1042
2306
3464
195
1889
4929
6787
198
4650
1529
4111
59
2490
2749
511
3226
509
1218
5170
6392
6390
54
503
5067
2084
1366
1723
5165
6415
4773
5157
2467
595
2753
5775
3662
3263
1384
5103
3693
3673
6998
1181
3292
565
2059
685
1734
3789
6428
4424
2518
5174
719
6432
2715
6037
6808
5629
4085
1363
2463
697
4285
2805
1124
1949
6311
624
4166
6445
5491
1347
2616
1119
5673
2810
2576
1572
3839
2578
2579
654
5620
4718
4163
2003
816
446
5033
2460
1951
7028
4158
4321
2451
1865
3613
4496
613
4096
1422
1986
1530
3286
4502
1967
3281
1177
1016
6127
4869
6734
2026
5710
3283
3410
4711
6124
1200
6219
6126
21
3271
3090
5765
6223
3412
1531
3342
3244
5929
6823
4683
2092
4209
4103
3353
5560
1629
3222
1089
1573
7142
2158
4236
3216
3215
4081
1624
2112
90
4228
110
3317
5551
3318
106
5465
2047
3223
4831
34
5519
194
1040
1271
4756
191
5726
3296
2181
2067
1160
1137
5564
