5118
1482
6156
591
1586
2664
1118
4584
6346
3637
3958
5598
3262
1119
5544
4634
4967
5548
3054
2011
4486
5344
3939
594
5119
3748
5116
5098
1415
3149
923
4914
6095
3737
4590
3707
1535
3598
4794
3324
3325
3537
5540
4432
781
6839
792
1483
1489
6191
6164
1112
5387
1488
4241
6827
1532
1486
5277
7072
2991
7070
4599
3738
169
213
3570
2993
4597
7075
3142
3495
5592
1036
1773
3734
3595
3146
598
2130
4744
1584
2960
1576
550
4480
497
460
4483
4276
2648
5629
1774
7030
1777
6799
3736
5639
5549
1585
3733
4911
4084
1530
4897
4896
1056
2157
560
2155
6986
6343
298
6209
5597
5591
2416
5110
834
2768
3147
5112
310
5972
3571
6752
4591
4248
1117
6844
3893
1113
1589
2014
4720
4782
5689
2412
4437
5615
4320
4326
6981
4277
4230
2012
3389
841
6824
6740
3466
5968
5589
3378
5599
4489
5962
3361
5360
3337
6743
6298
317
3323
3739
3714
3957
7098
5094
5103
3140
2083
6788
5025
4977
4970
28
3735
6668
1084
1376
2126
7118
1397
2811
6167
3731
85
2709
5058
3056
3730
2691
161
1960
4563
93
2725
3457
2457
4963
7076
5023
610
1412
1852
827
6237
1904
492
2824
275
6745
2217
6158
5114
3508
3547
3935
6347
5093
6345
98
1416
1417
3143
798
4388
738
4727
4728
4083
6184
6408
698
1333
3719
3265
4659
3702
3605
5270
5753
2992
3269
1770
165
6983
5389
1116
2233
6823
6661
6108
1110
4045
4796
3276
1580
1591
5666
897
2042
3639
7039
690
4111
2035
3708
370
3741
2124
1962
4046
689
5361
4242
7036
6472
2010
846
4232
476
3953
2381
6404
3931
4039
3053
1053
1663
5422
1057
3355
7123
5269
555
1323
3308
3169
5960
2660
1550
5181
6665
2848
2674
2676
6066
4918
7099
4917
115
2844
6093
4890
1480
1487
5207
613
784
6753
3385
3050
1896
4420
3514
5612
2429
4442
821
994
503
2878
3477
5582
1730
3091
4562
2877
5271
692
4592
615
1772
614
3052
898
3083
2222
2903
6871
6159
2757
3746
3033
3761
6994
6939
6190
3743
490
3267
6227
5953
3530
829
824
6183
5964
6340
3470
6324
2399
842
6318
845
2563
2567
2860
6306
2603
6296
3320
6947
851
3278
2319
2662
2999
590
3725
3019
2841
3420
3584
2033
5683
132
4895
6663
5706
6850
1120
95
1445
4231
1125
4221
1413
5092
1410
5117
4117
6540
5487
1496
1539
4587
6814
5545
5543
4571
5541
5538
5590
4102
4487
1873
1890
167
986
4808
1566
4824
4351
7058
53
4237
920
5220
3934
2086
6858
5750
353
1291
1370
6744
352
2113
3899
2151
6747
5273
1386
4043
1160
5528
2876
1582
5506
166
6742
5276
1577
3300
4784
160
1405
1588
6293
5350
1776
1741
1669
1668
6308
4686
6213
6746
5542
7161
6303
1634
5294
22
5290
3326
7090
1561
2675
5364
789
3145
5046
1411
2750
617
6231
6719
3139
5111
7130
5169
1407
6252
7138
2808
3133
1275
7120
5463
4827
745
145
5235
699
1538
6070
6728
593
6177
2847
4913
4915
3004
6103
2723
107
4819
221
3892
1924
2017
958
3509
2016
272
3512
493
6550
1921
2049
2089
2256
924
1936
485
828
4332
3535
927
5927
5928
4306
4233
5701
6879
5942
2273
3715
7033
2228
1894
5757
3648
6322
4088
2034
3896
3450
1011
6451
3453
2200
7073
891
3793
501
6560
4557
6336
3749
1887
3652
1858
6344
849
6963
6520
4080
3491
6342
6982
3938
1151
6497
1154
6680
1379
2818
1393
2075
1778
2258
2159
6749
2898
2211
884
6463
2139
2865
2128
6738
6729
918
2230
1265
926
6722
2087
2257
1295
6876
715
6525
2351
1569
755
2646
2645
1895
6287
1881
6834
6559
1642
2447
2583
1661
6569
1819
1665
1811
2561
785
6462
800
1897
826
749
1541
2355
2758
6193
2356
848
1418
1129
2013
726
1015
6913
6363
1963
6848
2400
1957
6845
6355
1099
1505
1508
1930
1976
6310
6102
5739
554
4274
558
7096
7035
4246
3304
5490
3604
4891
4235
4893
6980
4916
3638
4229
4222
3220
6062
4216
4959
92
4167
553
6094
3334
5536
7071
3451
4575
214
4622
5553
5989
4568
3480
4471
3502
532
4649
4440
499
494
7047
280
3380
4657
282
4713
3366
6968
4148
5910
5732
3057
371
5055
3740
3001
5758
2996
3747
662
5203
3792
5377
5224
5274
3895
5284
5287
5288
3865
4048
363
5388
7074
73
6150
5415
6151
3718
607
5754
6938
6153
4190
987
3973
1893
4582
4456
7005
2018
4085
4129
1859
377
381
5594
4512
2153
2933
6498
6851
6528
5762
925
4049
5702
6523
7016
4050
4287
4044
4302
5752
288
5630
2118
1917
5756
928
980
5627
1898
2005
285
2127
204
4598
1399
1400
5122
5120
1408
1414
5074
55
5070
1426
6675
1440
1443
4971
103
4929
1419
54
5128
1391
5307
5301
1214
5279
1232
5212
5384
5185
1299
1315
1328
5174
5386
5168
1377
5160
50
4925
4924
4923
4922
1051
4654
1666
3837
1046
1672
1043
6615
1037
4645
4639
1737
1738
1746
1754
1027
216
1664
219
4677
1610
4920
4894
4892
5489
4862
137
1511
1512
1517
4843
4823
1560
4816
4809
4799
4790
5508
1660
6453
2938
787
5965
6063
3192
2682
3504
504
822
2425
3516
2708
3532
6260
3548
3141
2752
722
6362
624
3574
3080
2795
3592
6155
6341
464
813
810
6305
2580
3367
2566
3376
2594
537
3387
6299
3828
3327
2619
6019
6886
2527
799
3292
3266
802
2497
3264
2467
2459
5337
3029
3336
2354
6409
6923
6875
2985
3722
693
6993
871
6987
667
5895
2229
670
411
2221
882
2892
686
672
2954
2209
2986
2990
6443
2350
2846
6163
6988
2997
1499
2634
5244
5233
4833
6157
4834
6289
4844
5230
2650
