5221
3613
3231
3237
6692
6280
6178
6697
5173
6176
6540
819
6698
5614
543
6817
3233
4270
6699
6811
4497
1872
1996
3212
1876
3062
1788
3064
5417
4561
2454
6691
1874
5497
3230
4683
6790
2750
6795
112
2735
2265
5412
3234
3238
2777
5827
1997
2775
3581
5214
2813
813
3036
3034
5564
2640
1879
1873
6696
726
478
3513
1530
1689
818
4576
5225
2163
4571
5241
5463
464
222
3239
2888
5498
487
1922
1818
5174
114
1871
2960
2289
6177
3720
461
484
2756
5595
4774
641
6676
3117
4276
2730
465
2457
1785
5180
2426
1842
2138
5175
4770
469
29
5261
1094
1849
917
7026
4545
2656
7083
1878
5587
5583
2512
3604
4370
2568
729
1546
482
2281
4934
3232
1456
6679
6284
2892
2747
1267
2778
2569
5306
2779
5242
22
5329
20
4510
5353
4858
598
7084
858
2352
221
2811
6489
5366
229
3607
3197
2738
2283
832
3989
3254
5589
1843
2770
4890
3429
5008
2397
3228
5120
2754
287
2882
2876
5958
5786
5931
6690
2690
4856
958
2767
480
6950
6671
4593
5309
2402
5362
4570
5130
2662
2552
2561
2167
5031
4569
2742
2403
4273
4893
2025
2137
4996
5184
5285
5182
2751
4495
3970
2737
3799
5005
2090
319
349
2393
5198
6463
951
3215
5905
3103
3217
467
2881
6062
1687
1648
1619
756
6166
21
1049
6173
6193
477
113
3341
6394
6421
6725
1472
1207
6670
1458
1271
1554
563
466
875
5676
459
5705
5710
5517
7072
5532
3587
3147
1846
5536
5670
1060
54
1082
6735
4775
2382
4835
4836
6809
4418
4411
4377
7120
77
4371
859
6549
3194
613
4268
6813
2485
4518
915
7062
938
4515
984
816
4213
2300
2731
911
4504
910
894
885
3219
2450
1037
7087
4686
4279
4211
6527
1992
6520
2891
3881
5605
429
3524
1699
3796
156
1455
2805
5219
5845
2845
734
5821
5781
5229
2866
2131
5674
2771
721
5718
6170
5083
6487
2288
220
4937
4991
1962
5406
1951
4998
419
5305
2256
1526
6258
2752
225
703
1950
3586
6320
3580
2641
3588
4274
3163
570
463
3703
2739
2743
3591
3049
416
3033
3223
3222
3536
3886
3883
4068
3065
4152
3220
2677
4222
3214
3884
4328
3584
4376
6283
6269
5986
5972
5951
5938
5914
157
1807
1845
6285
5753
5671
5610
5585
1883
1939
1965
5389
1994
236
2041
5721
6331
6335
1503
839
863
7095
7082
6962
6935
6882
1033
42
6858
6814
6793
6781
1097
1185
6686
6547
6545
6497
6480
6440
1481
1500
5287
2115
3156
5227
5006
2181
4997
4565
4994
4993
2483
4476
4575
2287
4895
2353
2132
342
2436
2379
346
5019
2275
4714
5178
5138
2139
5194
4423
2162
5056
5047
3047
1344
2557
2429
862
617
1226
1220
3141
1382
837
2491
812
2526
3061
2518
2668
2516
1051
2660
3041
2484
2490
3126
1131
2373
2421
2189
1870
724
2595
1933
1991
2748
1993
2006
3152
697
2135
2134
693
1995
2427
740
1698
1494
3030
2404
3026
1504
3017
2280
2363
1535
1576
1681
1694
1697
2745
1512
2844
3940
3190
4372
4347
4340
6066
4326
4299
4298
3159
5226
6560
4290
5235
5240
5281
396
6056
4217
4113
5939
4064
6712
4049
4047
5289
411
4863
5311
5133
5617
6088
370
6188
6197
6281
6179
4894
4777
6164
4752
4992
4716
4995
4710
4687
413
4685
339
4639
341
4634
5000
5001
6392
4523
6110
288
4426
4424
5071
4666
3979
4039
4866
5599
3221
5841
6989
5828
5773
418
3491
5567
510
7016
5581
7020
3349
5582
3227
5728
5593
3273
5594
7085
7088
496
3555
3235
6937
7122
5350
3203
59
6737
3896
5917
3210
6792
7152
5609
5364
5464
5378
3674
158
3632
6873
3621
3596
3589
6875
3574
7140
6851
3229
1852
6171
6135
1728
5711
1616
6116
5749
6085
6080
5843
1816
1812
1696
5863
5918
5869
1703
1581
5758
1453
1509
6733
1064
1063
1059
1052
6796
6861
6894
1015
986
6955
6985
6713
981
956
7013
940
930
7065
7066
7068
7080
7086
7096
7108
7144
6996
1141
1146
1148
1508
1507
1505
6337
6338
6370
1499
6386
1493
1475
6442
6475
6496
6524
6525
1358
6541
1338
1332
1295
6600
1264
1227
6623
6655
6694
1149
6288
5706
5205
5598
3631
3655
2773
2772
3690
3719
3790
3791
3821
3901
3939
850
4022
2741
2740
4043
2734
4063
2703
4229
4231
4252
2651
2650
2649
2814
2645
2818
3570
3211
3114
3216
3078
3074
3224
3060
3252
3037
3253
3296
3298
3301
2962
3471
2910
3478
3490
3493
3497
2880
3523
3528
2874
2858
3572
2642
2634
2571
5004
5107
5137
5176
5201
2113
2105
5282
5284
2024
5316
2002
5354
5356
5382
5415
5462
5484
5490
5499
5530
5535
5568
5588
5597
2253
5003
4999
4933
4368
2560
4402
4421
2524
4427
2492
4471
2488
4525
4529
4573
5684
2428
4745
4747
2400
4785
2389
4838
4854
4857
4859
2317
4869
4905
2424
848
7169
558
93
775
289
811
747
343
283
546
375
710
232
473
456
800
244
483
539
817
322
3980
4543
3213
5280
5895
4832
1721
4862
4546
5748
441
2523
6350
5290
742
2800
4855
3619
6470
6106
4574
1080
2883
1501
3218
2366
4480
581
4930
6879
6409
5912
6883
2776
4922
3537
4914
4493
5715
1046
4689
6886
3226
6333
1350
6074
748
3554
5904
2360
2889
3985
24
1334
3904
5267
7046
6397
1090
1868
725
1228
720
6243
1232
3811
5369
2302
5844
430
4761
6093
2308
666
2857
5811
7000
6987
3777
5352
1203
5822
5349
2553
2846
3785
6388
4680
1856
3797
3157
6991
5865
1145
2311
6395
6668
3187
1275
2327
5402
5782
2329
2533
5405
3887
1096
1935
3512
3192
3722
3707
4794
1888
5386
3714
1135
7025
2272
5783
3172
5784
4783
1902
