5269
6982
4728
3356
91
5682
2152
3354
7099
3264
2111
2153
4722
98
1488
5355
3935
3933
2117
6188
2118
1325
898
3934
2112
3498
3357
5274
3366
3145
3635
550
3350
6836
3931
1323
1328
1482
361
5351
2119
2115
6180
6182
3262
809
3937
994
896
781
1576
28
1577
1720
298
997
2151
2155
3631
993
5964
807
3939
6837
5093
3493
5589
789
3492
3328
3324
7038
1182
4432
1011
5352
6838
990
2130
3495
5278
5118
5683
6185
6156
297
5358
291
1762
1324
2156
4506
890
999
5277
3938
892
4210
4443
891
3361
6737
5264
3351
3365
3362
3499
6839
3494
1489
4720
2231
996
2285
895
1386
4824
2110
1162
2113
532
5017
7037
5288
4729
4753
3360
2158
798
1329
3603
3497
6189
6184
4351
808
2159
893
7036
537
3139
3707
5919
4489
1487
690
518
5015
894
4437
2954
5279
2360
780
998
5935
5136
1320
783
6101
787
5046
3369
598
4940
4487
2726
2932
3320
4899
1726
4128
2492
6730
803
6159
6747
5266
7035
4723
824
5380
92
3404
3936
5866
1177
331
6183
6466
3353
944
6107
6306
93
349
7130
4914
995
2510
2847
99
5756
3367
1208
2549
2237
2849
579
6305
2042
3957
802
2154
460
5936
1636
6104
899
5689
1036
6267
2879
6191
4551
5946
4827
5312
4823
2288
849
846
1582
699
6592
5275
2273
3300
841
3594
3803
1754
722
1272
1722
4917
5283
3478
6486
1635
954
319
2105
3571
6431
3590
326
6741
845
2128
6485
1333
6116
3301
7132
2129
6745
4376
2092
3304
2550
3407
7092
6181
6387
3781
710
2514
698
1579
7072
695
7031
1571
5139
178
1862
5411
1562
95
3033
3352
2218
3014
6244
2372
3382
6151
489
6519
3224
7007
582
1413
7096
5357
806
3383
7013
2172
5759
5373
4760
3534
3330
6253
797
4420
2306
618
2716
556
613
580
2527
3512
3959
589
4
614
370
2049
4915
2918
4371
828
788
6258
4058
480
1405
3142
3140
2691
6794
5900
6736
399
870
515
685
648
5890
6174
4918
642
5860
2990
3039
5595
4668
341
5313
6557
6478
2811
1634
5268
3359
4483
6494
4892
4794
184
1038
5540
3266
3326
3327
1584
6342
4448
1326
3953
5353
2752
3597
2851
2525
7063
2234
7005
3837
5602
1587
4849
4102
715
6799
5591
7006
5791
3335
6245
3143
6454
3808
4068
2724
1056
5130
5596
2507
3818
1575
6168
146
5319
97
1523
3380
1508
6533
5415
5869
117
3007
6186
583
3636
2248
3037
3402
4750
5648
1841
5273
2646
1847
5961
5867
4122
4108
3084
1473
1277
1557
1156
167
3712
6819
3083
3826
3951
1032
2079
4400
3269
1345
4386
5951
986
3967
300
4766
293
1752
5377
991
6983
2669
1750
827
4724
2728
4433
3949
351
4431
4911
3958
346
5228
342
5213
4916
328
4727
4726
4409
5224
2499
4482
2725
2047
4359
818
2141
2150
3849
5513
3321
2545
3869
801
2727
1415
3846
3575
1484
784
3263
1550
3813
3364
3914
1175
5135
1053
5947
3679
5375
6520
792
1502
3169
5548
1327
1051
804
3819
3396
1321
1517
6760
1678
3496
805
5306
3974
6667
3192
6362
3149
4110
1751
6617
6443
821
3332
6800
6615
3785
3337
5599
1588
3809
3548
3827
6742
644
5634
3161
1560
6476
1568
3979
1668
3087
1735
5174
815
3811
3270
6809
1572
6499
693
7062
4480
519
84
7137
534
2794
4486
555
2302
381
2878
296
114
2012
5009
1991
2126
5007
6070
5666
6095
2346
5681
2845
5701
5715
2995
4832
7033
166
2960
2756
4744
2146
4259
317
2502
7009
4557
4442
2114
2933
6103
4379
140
2078
2569
514
5014
501
2797
6246
6752
4084
2950
6985
4893
2560
883
1979
2959
1551
5706
6871
1012
5379
2958
5785
352
5948
3704
1005
1004
3867
2215
348
2793
4616
469
3409
5227
3265
2936
2025
5220
2270
1200
795
6669
6504
2672
800
1485
4447
4445
814
6679
5583
3403
6157
6158
4043
2233
347
2058
3637
5516
4062
6661
757
3358
5908
2789
6102
5597
3278
2787
340
2757
820
2275
4459
1190
337
4045
5541
2253
1729
5606
4567
2090
1903
2780
214
6285
3036
626
3490
4837
1412
6584
2653
3329
1069
6347
5438
3960
539
2841
4659
7159
5485
1
1578
3506
4755
6087
3005
4847
6448
2993
5081
4578
3015
1099
6834
6529
4919
2722
3765
872
607
6845
5639
179
3547
3200
850
538
1613
1969
2651
3719
5918
5839
5097
688
4765
1525
1207
4756
3463
2494
1444
3844
358
3085
4436
1680
5619
5826
1744
1860
5858
4877
529
5944
1569
2980
5291
2170
4912
5387
6570
4236
7073
1521
355
897
4405
4644
350
1203
3234
5567
5335
3226
901
4913
2097
915
5697
411
1677
3727
1561
2848
3325
2544
173
5811
174
5916
6063
5746
2178
5885
5718
3336
5501
2543
6596
5740
3767
1586
1118
3784
3726
2516
1090
5917
1589
1592
3794
3795
6073
6967
2813
6563
3261
5212
5214
5217
2786
2116
1669
1536
5954
2124
3274
6666
980
3355
2796
6332
1645
259
6060
6341
3714
5258
7000
3722
3839
3708
5786
6100
2213
6987
3303
2856
2134
4584
6247
4064
4065
4067
751
2558
3600
2314
6853
2988
2005
5419
5422
6251
5992
5077
5937
5002
631
5939
3491
3611
5934
625
5131
768
4050
6257
628
6885
2010
5128
6256
2009
5931
5629
4085
4086
3474
691
4113
1334
4764
5025
670
2301
2729
2732
4116
2307
4118
2674
1848
5956
2754
7134
4260
3141
2750
2289
2749
4721
6164
6477
649
3445
6432
6801
7148
6472
1858
2467
6167
4320
6259
4687
2666
4206
1746
1399
5162
4665
2522
3648
840
2027
3030
6195
418
1757
4171
7161
1917
3990
581
2240
572
584
5181
1734
3203
2521
5864
115
3515
6526
