2147
3685
1201
4389
1279
1275
336
4898
2715
2518
496
2516
5271
3594
3911
2039
6098
1202
2095
2649
2712
491
2646
978
4368
4529
4796
2644
2476
294
3017
1494
1520
1691
618
1508
2090
3683
2292
2962
1490
2651
2656
2512
5739
613
4794
5054
2149
889
5320
2469
2296
2460
1492
6197
4799
2467
6092
6518
4662
6198
5688
4191
2511
1266
1495
2710
6888
2642
471
4037
5728
1491
5366
3682
2960
2094
6889
2096
3053
2144
4030
584
2859
4528
856
4560
3012
1721
6773
2297
2640
6884
1493
2515
888
494
5272
884
3014
6131
3599
499
3687
6209
6770
6196
2239
3875
490
1264
2098
619
6880
1271
2137
333
492
853
1521
3852
5361
2290
3990
5748
2643
1722
1823
6192
6883
3726
4193
2967
3910
4190
493
2648
6074
495
1502
4199
4665
5886
2751
4798
322
947
610
4791
331
335
5726
842
5298
611
4032
481
6844
881
4635
2092
6194
4664
6109
303
2371
423
5738
3590
4891
4393
3918
6097
534
1260
2513
2647
4661
4926
3376
6104
4924
4890
4781
6726
6191
1018
4556
3684
2968
7042
5364
3011
897
5264
2099
1720
5276
617
5128
1828
4442
88
871
4194
2031
4343
5350
5428
5349
2146
6107
4236
2420
2898
829
7100
827
554
7101
2514
1033
330
838
2142
1497
6135
5351
2965
857
4196
1500
4380
5358
80
1509
850
6411
81
5299
5753
5326
1016
5297
3015
4712
968
4667
2024
1744
3688
4702
4220
427
2645
5423
5021
2295
6094
3114
2291
4254
2034
783
2010
6106
1262
4797
3978
3994
6051
2293
2468
6056
2463
4695
6460
3592
6841
4787
4782
3959
4660
2097
3598
3597
830
65
5181
3917
3355
3916
832
3914
339
5267
74
4710
3344
329
2576
4705
503
870
5050
1080
5724
6688
6204
4044
5481
4424
1524
4034
4928
3859
4522
126
4521
1522
4360
6332
2298
873
5612
4569
2033
3485
4715
2759
5951
6777
6983
424
4669
7108
477
1379
43
6199
1261
5925
3860
5721
5266
6681
6680
755
2025
4519
4525
774
4691
4927
3856
5684
771
1252
4697
4451
953
5990
3175
5610
6268
3847
4706
6061
5920
2746
3013
6433
1523
7091
5105
3901
332
4387
4795
3912
1132
2713
1934
3909
4369
4015
3591
87
1496
6132
3560
5323
3906
2155
3723
1852
1120
337
4198
5091
2734
2517
6920
2400
5891
3010
5410
2407
5749
4895
6190
6187
2739
2961
745
3987
2889
4637
973
736
505
977
614
2964
3169
6069
816
6737
1232
6647
2654
6376
4411
6099
497
1244
4666
899
2894
6467
1251
855
6652
3080
1267
7053
296
3579
5340
2438
5649
3728
302
6875
1889
2462
7075
2473
2505
1905
2510
2136
84
4790
5121
5367
2434
1822
438
5646
1645
4925
3871
4920
3863
3509
2294
3378
2254
2397
1555
2404
2408
156
2421
2425
149
145
3887
2532
3495
3593
47
49
1299
3607
3351
5950
1298
7109
7102
1372
2120
3595
5306
1376
2035
77
1320
1278
3961
5965
2620
3979
2030
10
5045
5184
159
2252
949
1786
746
3835
6653
1728
4250
6522
6541
5622
5619
6330
2037
6977
986
594
744
157
974
2285
6994
5513
3019
627
4447
3604
5302
6456
1883
7093
7076
1897
2141
5309
3725
6430
5324
71
2966
6610
5140
940
5354
5359
3018
5055
5426
5086
3625
5274
2132
3168
1821
1824
5377
905
5363
4383
898
5123
7066
2313
1128
5953
1505
3903
1129
3436
6706
1499
2426
4036
3370
6903
1117
2717
2598
533
6186
4624
2575
4792
3919
3913
2482
2470
1207
3430
483
582
478
6720
297
290
382
4766
6189
489
2624
2652
4699
5725
6971
3296
1591
5747
1269
1268
2356
4886
6687
1566
6193
3309
2650
5780
5705
2554
6095
740
1245
2108
1205
2122
2036
5311
2125
1203
2536
1294
2038
2032
748
5975
2614
5293
2595
1990
6461
5957
5150
3003
5992
5188
2027
1239
2610
5151
822
2655
6297
6114
1408
4454
2256
5727
1727
959
2749
4960
4907
5708
4510
5789
2756
1046
4589
5704
5702
4515
1030
5620
2339
4527
1011
4512
1920
4863
1529
2134
5888
4793
2479
6100
5329
5331
2461
876
6111
5799
6115
887
1498
4630
1153
2435
908
1829
5811
927
4432
6423
1409
1826
484
3158
7039
391
3968
378
6619
6635
6615
3539
3537
3411
3904
274
6896
6612
399
413
418
83
6689
4038
528
3585
6659
4017
61
7062
596
6651
487
3997
3299
6775
3112
7147
384
3858
4233
184
3671
3334
2641
741
3330
1273
5163
1270
6779
6381
6772
4148
1855
6771
616
943
6759
946
4462
6059
3493
3298
45
1292
3338
407
6618
6552
4776
879
4770
3963
4916
3616
4763
34
1370
3058
5943
2281
5966
1333
1827
44
5970
4708
5723
2336
5980
4704
3965
3294
469
604
1122
1930
1121
73
4563
4565
2139
4566
6682
2740
1094
2784
546
1908
6976
82
4586
5144
1075
6685
2769
1064
4605
1013
4338
1127
1133
472
2157
486
1943
6096
6972
6105
3275
6339
733
2688
6721
592
6133
6655
1158
4520
4524
1151
1891
6309
4124
187
4536
1393
89
5059
2969
4963
845
2974
843
2271
1622
1790
164
2500
5262
3119
2495
6463
4333
5473
295
307
5031
4874
3110
306
4876
5203
4325
2057
3886
4327
3107
257
300
3889
1796
4833
348
363
4192
2026
5741
6462
5088
1412
1413
6497
5744
5722
4312
3034
5080
4861
4295
4887
240
242
851
2437
854
3392
352
1152
2709
5489
1723
6715
4629
4014
1159
1888
262
1526
1887
1157
6912
5797
4625
2529
2720
5771
234
5740
564
2748
1076
2744
189
3722
6195
4894
4892
4889
3724
2735
252
2306
4885
1105
4967
5540
1902
1900
1899
7079
2716
537
3846
1699
3496
5647
1574
4009
4663
5611
5103
141
5700
