6199
3918
3916
4782
2965
4667
1823
3915
4794
4666
4664
6191
618
4662
1723
3917
2039
6841
4661
3852
3358
4669
3912
4560
4344
2296
4665
4796
4798
1497
2649
6097
3726
5094
585
3911
4791
4380
2278
3010
2298
1522
2036
4625
2094
6585
2277
4731
978
6312
4682
3685
3671
2276
5326
6662
7041
6094
304
2279
238
2756
5337
3910
1679
4651
5681
3351
6773
4660
5486
5135
2293
2290
4160
6775
7053
6664
4448
4797
6779
6096
857
4368
13
104
3432
5385
5945
6072
6772
4941
5584
2793
494
1277
2295
3599
79
6699
6109
214
3908
2291
5358
10
1822
4173
2052
4178
3517
2576
2038
1751
3051
2031
2028
6297
614
3099
2715
3978
4116
6192
6740
5185
6514
2465
3866
2462
6667
6666
3803
1316
1262
5481
374
3264
1205
4
7059
339
6100
4444
64
436
3684
534
2754
2147
4077
2513
3728
1492
2272
7091
432
4236
2599
353
2275
2139
6198
1895
235
2271
6013
4446
4440
1156
6798
6135
3309
5564
5342
2407
1274
6643
1261
3018
898
1438
3725
2962
1796
5684
96
2645
3856
1740
319
4688
4016
1332
6771
6363
6777
1338
3919
5022
2529
1829
1521
496
2519
4668
1576
5271
510
1254
1529
6451
1494
4110
4014
5731
1311
1313
1319
3841
6523
1504
2468
5771
975
4799
6104
959
4703
2228
3804
521
891
6726
617
4718
4751
1992
630
7057
3954
640
5375
4928
5330
1182
5331
676
2643
1900
3245
3240
3234
524
612
3199
3012
3266
6750
4804
1720
1722
14
4781
4924
3598
6188
5860
2294
6195
1237
3971
5141
6047
5130
1264
2297
1233
5140
7055
1201
2299
383
7054
1825
1390
4220
6811
5355
1821
5357
3493
639
6861
619
774
6759
611
6301
3618
3631
1688
4175
3808
3807
1490
6105
1499
4869
3903
6130
944
1556
884
6369
6738
1661
3341
6292
5705
5527
2577
185
5955
307
2773
2555
4792
3211
81
188
66
2751
68
5838
230
186
239
4684
293
2867
3499
1278
4803
2581
1925
2775
6078
1080
6707
4687
933
6092
3213
6436
6099
3299
4303
3632
430
3858
5756
237
523
1321
3839
5433
537
2121
4066
4793
1279
5544
4415
3801
3800
6886
454
4080
2557
6106
2779
2476
264
6751
689
4118
6281
6415
4141
115
4509
5128
2408
6743
1607
1828
4199
5290
7061
783
2412
4637
3061
1672
4998
690
855
1801
4528
6614
6273
15
6267
3016
1889
3642
3643
6628
1582
128
897
2716
4973
6264
3263
182
6416
4179
4188
6334
2799
3437
2056
2055
583
6343
2048
2646
4997
525
5938
2790
2670
1432
4172
3418
2090
526
1001
3825
1394
5059
539
3834
6355
4325
1557
2045
1976
6704
6412
940
4115
1957
89
1525
4734
111
4956
4961
6833
6246
6425
6819
4963
1928
6722
3564
1979
881
6865
6880
2726
600
4594
4090
6463
6462
5261
6868
2047
3446
7107
2024
4779
7108
2969
2015
5338
622
1827
2737
4901
6888
6648
1238
2371
1071
1295
6586
439
1133
2511
6634
5738
5741
7159
351
5149
5484
5487
4807
6061
3304
2504
4864
5739
308
6573
2236
4805
2416
367
1206
1293
3342
6622
2903
5722
1
2292
2400
1266
1331
3237
4561
5101
1183
1093
4447
4383
2514
4012
5081
19
5688
2304
7043
2474
6646
5350
2873
3694
5911
1922
6069
3097
4001
1951
1232
1929
384
6257
504
6262
26
4948
4275
1870
12
5361
1899
4663
6636
7147
908
1888
1255
924
666
2176
896
6760
846
3053
3593
6049
784
3594
4170
787
3247
1677
790
4522
1678
1755
4527
1745
314
1741
5103
7134
1724
3969
1717
1716
1715
4171
6802
6052
4166
4238
893
4140
5647
4232
5371
4514
2359
4806
3681
3077
6060
1664
5095
6376
6732
5797
7119
5336
3662
2730
6054
1659
4656
6608
4521
6389
2988
5024
5775
557
7152
4920
6688
3349
5949
2221
3431
2225
4790
2964
4399
2889
1299
580
2553
584
5464
1447
4675
255
4866
4590
2259
1082
2541
2097
4397
2175
3359
2526
3378
2152
3384
6668
1326
2949
2516
5935
4385
1320
1317
3354
2136
3828
2131
4890
5429
4395
5421
1312
4350
5931
6464
2035
4788
2778
75
4863
4442
4302
433
2579
3484
2463
2273
6458
1997
625
4017
1990
272
6101
6229
5924
5673
3303
4725
4930
1502
6616
1314
1258
5105
2951
1044
1184
4724
4704
7154
5744
5032
848
1393
6439
45
6702
3855
3644
5685
1268
3960
6351
1523
1150
1031
5759
3651
3860
1680
3636
5178
5163
2921
3865
6511
1579
4707
42
6604
5282
1110
888
5041
5132
4729
3901
4130
7
1444
3687
6584
4015
909
3902
5694
974
3688
1451
1575
6429
80
6
4032
5088
854
1134
78
1413
1496
1072
1189
6505
6374
1495
6379
1639
5055
6386
92
2758
5021
3723
878
4099
5144
2406
2057
3014
3486
2583
3485
3480
3106
4927
1986
5920
5504
3463
4599
2026
4596
604
2037
2043
2050
587
582
290
2287
2303
2437
382
299
6253
1908
1909
7078
6248
5485
3500
3497
6842
3353
1952
4944
6846
3293
6089
3490
3296
4939
183
2545
5980
527
2231
4369
3382
2161
4905
6158
6132
6133
4898
5943
499
3352
6134
244
6928
4386
3357
4569
2239
7093
4366
532
6892
6190
4441
4337
5529
6984
2494
6187
257
6980
6186
2093
5411
6181
6178
4435
2129
2253
4867
2142
695
4389
172
2358
3055
3591
1777
5847
4993
4994
335
3605
313
5493
6757
7168
4990
5902
5914
5897
3069
4524
157
1803
3249
2644
346
4520
159
6055
5333
6288
5866
3059
6059
5324
741
5907
5325
4231
1860
7051
4241
6756
3230
5298
4243
3534
1729
3265
7076
3533
1875
1879
7047
5354
380
5588
6265
1862
330
2603
3543
6327
1744
1845
6269
4529
3547
3155
5125
2401
3331
1174
2411
2397
3905
