6191
2965
4664
4661
4666
4782
4669
618
4662
4667
3918
1823
3915
2296
3358
4798
4796
5481
1723
3917
617
4794
6841
1262
612
4890
3856
4791
6199
5103
4625
959
2039
4665
6773
235
898
3912
1266
4368
1497
2649
2960
2513
6097
3916
4790
585
2603
1261
322
353
5094
4660
3081
3264
6192
2754
2756
7147
4560
792
4397
3910
6726
6775
4668
494
2903
6193
96
5118
3935
7041
1258
5891
4594
5326
6771
845
802
1521
7075
849
5271
6262
855
699
3495
841
897
374
4979
377
2298
2038
1492
6204
3858
6164
2480
2484
6292
5355
4487
6363
79
1166
7091
3618
6198
2155
4026
6094
5739
839
6135
3265
4524
6351
6181
1264
3013
439
1790
5683
1445
3168
2139
2124
5841
2753
2094
3466
4454
4797
4480
2750
3911
2716
4924
2031
3914
2272
2130
2708
550
2259
614
145
3261
783
4590
3355
2468
692
6182
2451
4232
1577
2878
2643
2648
975
6802
4110
238
1721
7059
6472
2666
7054
6296
3591
5041
2751
5227
3223
4898
940
3599
3616
7052
6983
3671
3211
6089
6109
2292
2291
2278
4563
6096
3702
2710
6190
3571
5045
4867
3685
4729
4614
7136
4728
610
1160
1161
6463
1186
1688
2962
5182
6540
4236
4241
4688
2991
1499
4682
6584
5351
92
1439
81
3083
1796
4746
619
3085
1960
5513
1930
527
2115
1927
2757
5582
6585
4681
2099
6736
4528
2121
1494
5350
1925
6740
3828
1408
4651
4486
2519
4344
5337
2549
938
2557
1447
1275
846
5592
584
5486
5615
2290
1929
2273
613
1164
537
6197
6743
6267
3707
2012
4147
4157
1659
1634
6188
804
4197
5650
5384
2293
4424
4663
3266
3524
7053
5822
3411
2997
5946
7130
2889
2668
5740
3597
3325
2873
3155
3118
3361
3080
4928
2752
3141
2745
3169
2964
3306
3274
3598
3268
2967
4693
194
592
5610
1116
2319
2802
5080
5596
3382
230
4961
6248
4833
6965
2560
5619
6312
3919
2759
5851
4220
798
5639
3033
4369
3021
310
3865
2093
5487
6721
1370
7083
4765
3480
6939
3089
3088
4445
4963
3826
6604
2214
5055
2230
4941
432
5738
4446
3342
5203
6265
5105
293
1979
6827
3403
2285
4760
2867
3460
3725
6462
27
5838
2446
104
6183
2015
3490
5452
337
4130
4536
4864
188
1728
1268
307
3282
186
2807
3930
978
319
2511
4599
2768
5387
3106
1687
6894
4561
3687
4919
3316
4874
4591
5955
5261
5722
5358
3423
6547
2407
349
3010
4844
361
5705
6189
3353
884
6105
1485
5101
2644
2651
1044
5511
5929
1316
2019
5331
3978
773
5731
64
2035
1328
3937
3933
5544
778
5008
6628
5692
5510
6464
4113
5369
4259
1514
1522
4135
4141
7098
6891
4144
4680
648
2984
5436
7099
2954
2982
1615
1568
5181
4217
5935
2968
4242
6614
5353
4091
5098
6608
1922
1900
3087
6409
1888
6416
7084
4744
1868
6461
6931
3362
1405
6594
4968
3376
781
1446
1795
1454
3385
6867
1834
3384
1584
6092
2715
7056
6115
6264
339
430
832
3681
2228
2730
984
5666
3199
6982
1169
4442
3829
2707
2701
4521
3151
6095
28
381
6800
4483
384
6099
5633
1182
3322
6753
396
2425
2328
6106
2294
2687
6066
5268
4866
6273
2126
5085
4953
4781
2767
2118
2117
3630
3354
2542
496
6776
2564
3610
2080
3262
4879
4385
2135
480
6195
3639
980
2153
4432
4411
2516
5681
4799
1254
6676
3351
979
901
2993
4520
5230
6752
3269
6777
4569
981
6799
4683
3001
4607
3242
2999
1496
4245
4246
698
5228
5824
909
1541
21
6759
890
5810
4243
4383
3320
3341
5287
6821
5332
4427
6673
1338
5886
7132
801
800
1374
6826
1325
3107
774
1324
1274
1293
1295
4386
785
4380
6637
771
4506
1168
3134
1099
3034
5222
854
89
1110
4471
1444
1441
848
5766
3129
3357
3334
5277
5003
42
838
1149
5284
833
6699
3084
5006
1430
1259
607
4700
7072
4795
2157
935
3534
6279
5102
6980
3825
3820
5721
2236
2725
3547
6984
2151
4792
483
1964
3970
3489
7082
5990
2804
2801
7076
4766
6334
2090
6044
2095
185
2129
2279
3560
2299
5602
4861
2621
6120
331
3590
2487
2605
6125
5684
5688
7051
3631
2545
6133
6134
4910
5972
6186
2416
5709
6239
2357
5631
5640
382
379
232
236
2662
371
6196
244
2656
4916
4912
1932
5155
5484
2966
2958
3409
4731
1731
4712
583
6918
3467
4722
5093
1803
1726
5450
7096
4084
1799
6905
582
2953
2921
3424
1895
1862
143
3458
4724
1798
2582
4062
1766
4215
2360
3332
2995
1720
3419
2306
5375
5630
2395
5360
1080
4488
5931
2326
2350
1730
5611
4484
3728
1738
6737
1735
4489
1737
1896
1520
2525
5820
1603
2543
3622
3619
2595
5797
2553
6543
958
1576
2566
2569
2576
5237
2579
3240
2412
1672
3593
1043
4118
3698
1036
3158
5652
6471
3684
4526
2448
2985
6760
1545
987
3284
4140
4143
3595
6088
5593
3795
2036
1409
3931
5540
2049
1317
4303
3365
5904
3512
3520
3525
2089
6589
6587
2096
5728
3492
2011
2005
1898
1899
4326
1924
3477
3482
4332
1936
5501
1951
1400
1970
5890
3973
5320
1997
1831
2097
2933
2111
2122
3839
4437
6451
6452
6275
2735
2731
2185
3133
3012
2237
3337
2256
6257
4277
1135
2229
1455
2175
5290
1440
5882
2134
6528
2764
2147
1443
5301
2876
6666
6667
4420
1217
2879
6303
2747
3852
1801
933
2529
140
5172
7090
4595
4920
4978
4998
4977
437
791
6875
4843
141
22
372
787
896
652
4970
7085
4913
893
840
25
7145
4962
4862
4610
4863
324
5229
4733
882
107
5188
4914
923
4720
5185
693
7161
370
5087
485
602
891
115
519
6808
461
309
809
4917
247
6946
7138
6817
518
7118
521
