976
979
4908
4971
3684
4969
435
1603
1973
4524
410
6017
4327
81
786
5649
2893
2274
2469
1024
6100
889
1103
6426
5361
301
3979
2148
6318
4440
974
4445
785
6980
290
4976
6517
4383
78
6351
1273
3970
494
557
1535
6106
970
2386
6204
6054
2468
3466
5942
5544
5632
3324
6523
5731
4385
5375
4974
539
698
2980
2093
4758
5739
5640
5693
1109
1481
4325
6439
978
6200
4256
79
117
4966
4895
909
1890
4975
2098
4965
5273
4901
2436
891
4612
893
3592
2114
3969
897
6064
1205
7135
2519
166
586
676
1036
2225
4973
537
4907
3727
2135
5594
3954
5095
4303
6512
2877
1008
1108
2981
532
1274
536
972
1025
1270
2998
6058
6061
3115
2313
4060
1575
6759
6454
3856
2236
5694
1644
2214
5732
230
5584
4873
439
43
1619
434
432
45
2437
5385
4019
3533
122
7110
6573
351
6186
1379
582
4234
2317
1488
1014
5359
1895
6701
6834
890
4584
3273
810
339
6188
2528
3537
292
199
4475
5181
6305
1320
1604
977
6824
4918
4287
88
4904
3323
6101
4856
3354
6356
3611
5647
975
7075
2097
3633
2381
2130
2462
3859
302
7062
83
31
6353
2581
4721
5952
3461
4034
1634
5269
2577
4825
3543
1100
4861
5232
457
5590
5287
2780
5106
1740
327
3498
5407
1940
2927
2422
3467
2278
1219
1777
3666
2276
6682
307
82
1332
1137
991
295
5511
1001
6323
7091
42
1005
5272
6754
6440
6749
583
3277
2057
1021
4366
6105
5898
4380
5759
4473
1033
6533
6515
6866
6575
5959
558
3010
4036
1600
2137
6438
3143
3330
6294
4309
5730
472
7032
3903
1499
4735
6159
3908
3936
6983
3555
1087
4306
4301
3554
6825
2096
556
2360
598
595
4095
4322
5187
4358
2131
4344
580
4238
1899
4314
4066
585
4323
377
3578
1182
2136
4443
433
1169
7115
4862
2014
699
2012
3956
40
6822
961
7081
691
2229
3839
2767
1191
3959
3972
4521
6502
5024
6717
2715
1997
4977
6473
6359
2843
4970
4968
6458
6366
6367
4923
4480
3974
551
908
2716
1022
3464
5580
3091
3361
3462
1672
2425
1769
1759
1757
5614
6053
2429
1727
6046
296
5494
211
3322
2986
1746
3259
5946
5593
1734
5548
1743
3421
3400
316
6078
1037
3331
1257
3535
103
1524
5369
1298
1213
5348
5394
3332
128
781
112
5786
5674
6139
3016
5673
1011
2212
5745
3334
2140
3977
3320
2751
2050
2142
3958
2048
3909
836
7095
1168
2177
2158
2046
499
6747
1161
1162
89
1608
3321
5270
95
5892
1557
4329
4235
6198
1532
1490
132
6547
587
6932
3
902
904
6184
111
1495
907
2132
4115
4114
4382
197
2139
3271
93
538
5943
6869
5970
3278
5735
4441
6047
6772
6511
918
6068
4409
4068
3147
87
1258
5709
3458
304
2650
299
297
713
3689
6588
1744
2662
2670
5547
3725
2784
5586
5017
5027
70
1799
5266
5277
2361
3570
5354
2371
935
7131
1891
3531
6310
1083
3490
6828
1918
5411
1438
1729
423
2370
1728
5670
5676
4801
5644
7114
3353
827
5688
7047
3338
1325
6848
675
257
479
4724
450
2783
6985
6291
3540
840
3328
3921
7099
3544
6839
3923
2522
822
666
2892
3639
2527
4293
3542
3020
2752
4288
2382
3650
3539
2764
982
2283
2945
3694
2510
2259
2785
3272
697
3274
969
2448
813
3384
3291
846
2445
913
2711
2269
3955
3061
792
3076
3682
2475
3166
3123
2175
2848
4061
2654
3442
3145
915
2277
1347
312
195
190
387
5956
6715
5025
403
405
4978
1951
4962
6051
160
1586
1748
6071
6074
458
461
115
471
1492
107
6206
1487
4725
1315
5894
1272
5104
5143
5440
5570
4302
5574
5422
5421
1722
1666
1664
1663
5381
5689
5345
1484
350
354
5275
5746
5239
369
1896
5210
5840
1607
5177
7079
5885
5887
5328
94
6069
6382
6776
1165
2063
6579
6436
2102
4560
4528
4526
6501
1334
4444
4448
4456
4457
485
531
6384
4458
1411
6365
4631
6583
4321
2023
4324
584
6740
6514
6303
4680
6308
579
2016
5556
7078
5749
1605
2440
5847
963
1040
2446
5805
34
5551
1609
1370
5770
3357
964
223
7104
1665
5671
6508
823
5585
3341
826
275
5573
5683
811
6488
6456
236
6564
5741
2741
6565
224
2464
829
7043
6570
3069
1023
934
1567
1559
1556
2524
6140
1531
6147
2539
6156
1525
71
3028
6158
2928
7041
2571
104
914
6301
1007
1485
6287
6586
3317
2895
167
7070
1271
6380
5920
191
6369
1034
5938
5940
2517
5955
1028
992
6868
6355
1602
5973
943
996
3153
5991
1587
2637
1026
3137
6345
3432
4305
5496
679
4729
6738
6821
687
4808
455
3786
1236
4828
4829
4854
1972
3865
4891
3719
2253
2258
3697
1959
4902
2266
3690
4957
3685
1944
5023
2279
1964
6710
677
477
597
2113
4352
4225
575
2112
4132
4393
552
4459
6799
4006
4487
4726
639
2051
6757
513
4569
4616
3939
4659
3906
2015
3902
7083
2218
3869
1156
5078
1977
4678
3470
3557
5250
3547
1786
320
3545
5260
5341
3538
6844
5355
6842
1886
5377
2372
5084
5380
5410
1849
5404
2399
330
5426
6837
1842
2332
3616
5444
5483
795
3618
741
311
5101
3599
744
1207
2303
3636
2348
5434
5233
2336
5140
1414
2143
2124
7057
2174
1745
1335
1163
2104
2455
7059
2089
1383
1403
2623
7061
2660
1131
2675
2062
2053
2674
2111
2423
2451
2676
1922
1164
1991
1990
1615
1544
1545
6960
1564
1582
6950
1898
2490
1279
2318
1588
2503
1905
1906
1299
2227
2226
7039
2042
2610
1328
2595
2209
2385
1326
7085
1434
2019
1893
2220
1645
2010
1630
1491
2366
1993
2573
1321
6571
6912
3957
3961
7119
5845
3973
