3279
3638
2332
4383
1852
852
1274
290
4906
7043
298
3275
2372
559
3270
6452
317
3961
291
1374
2416
1013
1112
4869
6209
2318
856
2337
2373
2339
1991
3127
927
6867
1974
307
3939
4976
4909
2996
1373
5991
293
308
2351
2665
3119
1606
4571
4387
2768
3278
1555
5731
4066
4799
85
5226
2338
2274
3846
4432
381
2711
4940
1970
4866
6177
3639
6523
3968
6131
4893
4517
6455
4891
2653
512
6570
335
7006
6433
978
2239
2952
297
6072
7114
2022
5739
1162
2511
3685
2503
1722
1856
2614
5122
428
3072
2660
1664
5167
1241
3061
2463
6864
145
6320
2519
1858
1368
4921
925
5635
2106
6822
3144
1576
5888
855
72
613
2765
5926
4777
792
805
1831
822
1848
4634
296
5950
7134
2747
6717
2335
6487
6095
6946
2813
2477
4380
431
3014
7083
6711
675
7144
5183
4688
2612
4678
6509
1132
4676
774
2739
7162
1266
4638
1961
2571
1963
1065
420
5156
1973
4128
4727
417
3435
1531
5585
2743
2512
5323
4393
257
2048
5875
2330
81
2377
4519
2058
2399
573
2371
5849
5414
4902
6076
3318
3977
5499
921
93
2959
5255
1016
1998
2515
6772
1019
5966
1015
1847
3572
6770
2718
3580
850
4772
1497
5889
851
1379
926
5070
312
305
5755
301
6571
3495
7079
2505
1851
1378
2480
5673
5661
6447
4862
6453
5646
2097
598
3145
858
2039
6106
4560
4562
4775
3169
3171
2136
5618
2247
2240
4721
840
6857
2528
2031
3012
2467
5708
5704
6427
6875
4980
6553
5692
4971
977
6063
2417
1990
451
6550
458
464
3070
471
6069
2012
433
2529
5033
5168
3579
5202
5313
5271
3581
3911
1278
3583
4033
3726
5835
5234
5237
3937
1254
5276
4123
1792
7106
1433
1795
40
6358
1794
6241
4110
3885
6718
7149
5419
5095
5186
5181
2374
1665
3740
6077
4895
2662
535
2663
424
3060
2357
2603
5688
2356
5382
3743
2887
6759
135
457
1025
455
1988
2001
5205
3683
3689
6061
1729
4965
2024
1339
3678
5830
974
2050
456
2880
2627
6211
4485
824
823
34
2139
4738
6983
5591
785
2246
4729
3825
826
2241
6484
5584
6486
5356
4652
6132
4667
3856
6497
730
2758
16
918
4776
1490
553
7133
6533
7136
5277
6691
2807
2333
5645
5284
6456
829
6918
71
70
6463
2105
5886
6285
5302
2784
2710
2713
5628
5636
3970
6124
5426
3430
6200
3618
3590
4131
7082
6866
6203
6205
6210
5741
1240
5750
5110
7112
6559
3019
2944
6228
4327
4250
2514
244
4191
1790
6842
5385
1201
5766
7093
2965
3551
5738
2590
7096
5999
5885
1633
5433
7075
859
5883
2668
5131
1915
3492
69
4797
6175
5258
924
6912
336
4858
3112
897
3757
2341
2676
1436
6579
5876
4514
6746
557
5647
1806
4832
3516
3952
1143
88
6018
1294
4794
3272
673
1191
3264
5098
2245
302
5335
5336
2763
2960
2744
4639
2232
699
5757
5420
1209
3226
4674
4677
6970
1826
6376
264
5361
6839
61
5428
6514
1621
3914
4174
2122
2130
2954
1491
1494
636
2721
3905
3573
2143
2731
5935
4590
2259
4739
793
1630
2666
3749
6366
3684
1366
3339
5215
7129
2020
1376
1721
5677
6890
2855
2469
979
6443
4444
505
6326
4044
4947
1727
1066
5686
4973
6243
6242
4091
6432
3657
435
1036
4061
5187
6551
5188
2412
2410
6204
4137
5392
6546
3351
6683
1921
119
5714
3997
2059
942
5251
1666
5498
1677
2376
1404
501
6896
1807
4384
4617
3428
4389
6552
4614
3338
3820
1085
777
6868
6702
1987
782
1269
1892
4150
2151
1259
3301
1824
2057
4060
5613
1161
3746
5587
6899
1333
1331
3745
1307
1979
1552
1067
4215
4368
1292
5759
3231
5996
1291
6951
1075
3561
884
3255
5790
4520
3651
5910
4635
6793
4470
3608
1930
1747
5616
5997
1026
909
1114
6541
3919
842
898
6102
6537
6834
5744
1410
853
5644
3356
1252
6648
6892
4440
2026
2030
3298
3963
5831
6075
1932
3531
947
3604
4561
4127
1938
5693
2142
3437
5621
3901
1855
3960
1609
1611
3277
4045
3576
820
3909
1661
1495
4234
4018
4235
827
4336
3617
3747
1014
1115
4236
5871
6112
1005
1608
1557
5272
5475
5391
2258
6198
5246
402
2437
2582
6363
122
2517
143
2253
117
235
408
5260
671
410
2937
621
4812
98
4975
2661
2817
5473
4841
6250
2355
2994
5500
6448
186
3107
5184
2284
2598
2871
7110
2279
4861
5198
2624
3148
2365
2625
3103
3147
5027
6475
3111
3110
677
2292
89
2391
6434
2955
3115
680
5351
304
3075
4825
48
4851
5487
2223
4849
4699
2741
468
2969
486
5493
303
4691
4961
3195
6482
239
2812
82
4857
78
5374
6430
5373
2804
6187
6185
5124
7165
2231
6283
310
2211
6485
712
6576
1202
3512
6040
1204
7081
6841
5076
2510
1872
2516
2984
1859
5072
3546
6010
1857
2518
7084
4686
1098
2498
418
6879
422
4970
430
6188
436
7061
7053
7063
3068
454
6065
4948
6436
1018
7050
4408
2011
6437
1029
413
4977
1068
3499
354
2995
1912
360
1917
6051
4320
6052
1118
1111
3017
1936
6406
6860
6054
6206
6873
1968
406
1971
4275
1205
221
2532
6737
6692
1637
5375
2687
2680
3969
6319
1434
6750
3979
121
4002
124
126
2657
5837
6671
3731
6264
4034
6263
2755
6735
1375
5887
3768
1550
2761
5352
3859
2745
6719
3827
12
2764
2735
25
6724
3811
1520
5927
5928
2766
1603
5328
6726
3910
1492
5312
2715
1210
6261
3693
2591
3619
4126
5159
5154
1279
3385
5133
1801
241
1251
1249
250
1245
1244
6812
2553
3575
2961
1829
1217
5998
6392
2595
6260
1776
200
4035
7126
5214
4040
1361
1360
3682
4051
2873
6776
7119
7115
3672
2611
