1602
6201
5844
4202
4409
6344
6205
4311
6296
4969
4961
2101
4978
6308
2133
6366
3733
432
5106
6633
1974
4408
4138
6451
5345
1029
3734
3730
6050
6612
2970
3653
4970
4976
6639
147
1554
1273
2171
918
434
6749
1035
194
4829
2916
904
6634
3747
6595
5109
311
3927
5644
658
831
4562
3741
4730
5398
3739
3749
2610
3732
3389
2023
6293
3693
4631
2914
4977
906
6632
1134
3924
5973
1646
191
2539
6638
2173
1690
907
945
4201
2597
5322
6653
2015
2617
836
1605
4965
2919
5641
3738
4734
2987
86
1486
4406
4404
3637
4971
7105
5762
748
7109
6652
6822
6021
4817
7075
4636
377
3748
6082
312
6614
324
5979
4677
3857
4862
6644
6629
636
4974
6646
1491
6597
2977
6043
6206
979
3923
2687
1143
1589
6367
6592
2895
5097
3743
6147
2478
902
2605
2604
183
6995
6041
6744
2030
4352
4679
3746
6611
6605
6455
1510
5108
4676
1606
227
3601
5424
6331
6140
397
6645
3944
2658
1972
3787
974
2148
5941
1662
5325
1955
6159
758
655
1129
6221
6984
266
4966
5648
7070
3736
6200
1253
6601
977
2059
1434
2318
2529
6624
3050
5113
5125
6630
4955
5494
1954
5154
6341
970
4670
4413
209
3261
1254
2878
4815
1257
3609
5942
4396
129
6659
2175
3737
124
2184
6768
4733
3759
4306
5348
2714
786
3751
3149
3146
2178
2618
2619
4098
864
5104
3397
942
199
5542
195
193
3731
279
4403
1743
3082
181
5954
1746
3735
299
3606
5863
3752
2409
5081
5972
410
1025
2051
2275
971
439
6604
6599
5132
6028
6610
2151
2470
3638
1760
6613
2718
785
592
6202
1641
120
1293
3204
4364
2665
6658
6655
1696
6654
6418
2652
1258
3315
1138
6684
3125
7104
1410
679
5519
6343
2923
6337
6313
3021
3032
6351
4473
7131
6354
2850
2802
4402
7110
7108
5590
3333
4844
6176
185
1216
2572
6631
1804
4117
5190
1808
3405
6627
6621
1838
5723
1903
5730
2517
3501
4019
4094
3691
206
186
6143
2596
197
5199
203
2593
192
3416
6596
5422
2872
2877
3610
908
6635
5731
5734
3011
6647
2668
976
5145
3515
5518
476
5133
3684
406
405
3468
2410
6649
2848
5371
5375
3614
425
2573
2654
5383
3578
6656
3132
5647
3117
5592
438
2594
430
6598
3453
435
2809
2843
3553
5094
3784
6382
6048
1604
6042
4967
4968
1136
6040
6212
1990
6024
3907
1586
5995
6232
2071
7115
180
3976
119
126
184
1749
5796
1769
4095
207
6452
4822
1256
6427
4904
1806
1830
148
1694
1693
128
5975
7119
182
5952
6260
1027
6333
1415
355
5053
5894
1008
26
4671
2176
1414
2322
6549
4584
6352
7135
2339
1538
2338
6798
5517
146
6424
3310
2973
4635
2667
6334
4759
6196
4587
4552
6722
3305
4861
6433
7065
6340
562
2685
559
1252
3316
4825
4826
2613
6650
3201
6203
1649
1365
5616
6218
81
3119
5596
1585
4388
4390
755
4441
753
4401
747
1534
6363
6361
4735
4638
6287
2887
116
4749
5347
3179
1450
3177
3170
1457
1609
100
5645
6383
4354
4362
1462
2915
6310
89
2384
6745
3872
1948
1833
6980
6609
3821
2600
6622
1837
5991
5722
2179
6618
3559
6102
2172
6091
2170
3605
1958
4943
6493
5945
3960
1927
1940
6600
4963
3756
1039
2474
3383
187
400
188
6142
308
2355
2399
2320
1109
7054
2471
6606
417
2548
1219
3414
3754
2236
3744
2407
1013
6607
5735
6134
1021
5051
4900
2846
2099
1103
5977
2135
5958
6640
5949
6593
5514
5842
6732
2272
2929
2224
6349
5903
2853
2913
2911
2897
6298
2893
6295
6290
2145
5544
2862
2412
2890
1992
2032
1697
1698
1702
2544
1831
6651
6628
1826
5707
1802
6152
1780
1724
6138
6149
837
1776
868
6148
5700
6139
1757
847
6414
5992
1836
6169
2776
5615
6608
5632
5633
5736
2723
1323
6384
6216
6057
2707
1921
6204
1901
1893
1859
2532
6619
1191
5720
6175
6657
2657
6145
6336
5074
5321
6957
5328
3218
31
107
3202
3785
3789
588
3819
5378
318
3142
315
3873
4656
3128
121
3921
3922
277
274
273
3087
3750
374
4341
557
3450
5187
7117
4405
3566
6896
4385
85
4444
437
5099
7077
3947
5072
4737
3695
398
5239
6812
395
3343
4739
5283
4674
5301
3266
3657
633
325
204
4789
4232
4827
3975
672
4066
7073
3996
4804
4639
3081
6764
4155
226
4906
133
649
4038
4809
6762
5057
2372
6136
2369
5805
1779
6590
3697
7047
223
2313
4899
2310
5852
4041
3721
1014
6125
5853
6121
5052
1023
2316
2380
4957
4891
5123
6892
2472
4828
5741
3543
7067
5156
1566
5166
3459
6848
6620
1259
5732
5105
6906
943
1221
1775
3676
371
2403
1764
201
3618
4106
1747
2416
3608
6157
5100
4837
4738
1028
4010
5875
6077
313
1644
6519
4235
3877
3878
4237
1108
1692
5997
1112
2048
1651
3895
4975
6510
1675
1682
1979
267
1946
1139
6399
3929
6408
3926
6992
3971
4253
4972
276
2091
3856
6084
345
346
6391
347
1041
4808
2177
2215
6208
4748
1670
5893
1835
102
5898
3742
1627
3783
5012
1085
113
5963
1549
3817
1183
6089
5034
5038
2157
2169
4225
1061
1632
6844
4177
6302
4648
5585
6348
3255
4517
2807
5286
5573
3342
1373
6346
2608
2606
639
5248
5246
2858
854
5547
3065
3058
4632
2592
3399
7136
2637
2912
2641
6648
2713
3148
5379
2722
5640
5638
5608
5659
3206
763
5597
3216
2659
6793
6694
3114
5327
3110
573
5323
5407
3242
756
5675
563
1465
2577
4678
6307
6
5473
3420
2928
6834
4586
2547
6285
6747
5462
4711
7127
5183
6282
5460
678
1382
2016
6435
3839
4585
2014
6675
2012
7059
2935
6023
4111
6988
6426
1754
4097
5412
