6202
2890
1640
6840
3993
6348
4417
5948
3999
6265
6267
438
7097
6436
979
5283
1528
3307
2171
1752
6313
342
1184
2258
4117
2046
6331
6529
5944
874
4559
4388
2720
870
6308
4413
6344
2411
796
3455
4223
1757
5934
7102
4226
2878
5838
3125
6704
1696
4567
1835
268
3826
1838
715
304
2013
3835
400
2600
1035
2279
1054
2604
4829
877
576
5694
2040
4028
4402
330
6780
5803
6819
4817
5375
1805
3051
5328
933
4558
5903
791
6088
6755
864
3832
1322
4025
6794
5988
6817
430
4178
1742
1182
531
2247
31
28
5643
2849
2601
331
532
5851
261
5852
1833
700
5460
5034
1629
5028
6186
4552
2170
5688
757
4352
5467
3223
5465
4961
797
4305
1527
1571
1221
6310
2015
7092
3992
1128
6091
6747
7091
2692
6513
3261
6206
6332
1745
384
7106
6043
6885
437
3990
1802
1832
329
912
1709
6788
1208
4217
377
2282
4111
3627
258
1583
4293
4027
5145
5036
5212
2709
3830
4301
1327
3839
6053
272
931
1836
4363
150
6982
4948
640
6457
2467
5686
4737
5844
790
5846
2945
5321
5860
3050
6967
7117
2052
2412
4562
3039
1840
6231
6262
514
6290
2054
4556
260
5043
3459
3428
6153
251
5047
1014
6844
2177
3008
1837
6827
2123
5424
6292
6291
2231
2233
1183
7089
5141
2658
2045
4877
5052
6756
6995
3733
6087
1129
5648
6821
4112
3564
4125
2608
4897
2652
4228
6849
3467
4359
5914
3217
2700
5564
5327
5791
5905
2565
2499
5316
4380
3196
4404
1764
6616
6884
6519
5901
5462
6201
1646
1622
3110
5310
1682
4333
1605
6337
1907
4550
6633
147
3947
4827
1181
4813
6406
876
2342
6465
4823
4405
4020
4814
1224
1204
4448
4815
572
334
2419
5865
6791
2473
977
4454
4300
4554
960
4553
1030
642
38
2476
6835
2538
6829
4732
1103
7061
4509
4098
1124
4291
908
4054
6461
793
6420
5936
624
312
3491
3132
2989
273
2988
6273
1526
6615
3219
5681
5680
5172
3552
6603
5320
129
5378
6614
1945
6596
5461
6263
1685
1621
1601
3127
3415
3123
3425
2798
1734
254
1741
6264
3578
5127
3350
5425
2099
3870
3914
1315
6298
2855
5503
1834
5307
2707
2708
317
2777
6311
7109
3199
1276
6086
1839
3938
6042
119
2776
5157
3595
6082
6048
4412
6239
6621
2495
5907
6613
795
2362
4470
4485
4503
798
3121
782
1237
6459
5817
4837
2413
7008
2840
2895
2055
2043
7003
2119
2030
4750
6994
4747
2947
6279
4711
6266
6521
4568
2470
1943
1948
1908
1955
3168
5858
677
6269
2974
2963
4659
4406
2552
6627
2609
4119
3559
1085
6143
1510
4162
6702
3513
2275
1052
2728
4192
6343
6340
1540
1058
3479
2640
3637
3945
3928
2215
1215
1200
3893
4021
2646
2703
2210
6347
3765
3747
2248
6346
6094
2236
3170
4222
3437
4378
1756
1758
4386
2550
1774
888
2769
4400
880
2331
6330
3216
1789
3200
872
881
3465
1750
6207
6157
3426
2597
2285
6658
1623
1625
1747
2592
6173
6648
6180
2309
3305
1725
4364
6338
2110
2416
5081
5063
267
5645
183
185
5041
408
5639
434
5590
5149
5032
4875
5655
439
5776
7136
5091
5644
4909
5326
5785
4893
5685
7047
4900
348
380
266
343
5179
526
5558
5631
347
345
5389
362
5053
6640
7123
4160
1521
2289
5014
5463
4613
2288
3461
5868
148
5864
2935
2543
672
6174
2301
3778
7118
6064
1746
1180
6175
6646
1755
5058
1313
37
5692
6278
5923
5720
4116
1704
3303
4077
2984
5170
5632
5917
787
789
5915
5795
5083
1716
2689
3174
4484
5082
2702
4493
1693
2990
3151
1090
1743
6341
2184
3025
2607
2272
1316
1514
6281
65
451
5542
4420
6179
4058
3017
277
3011
3838
1683
1140
6707
1830
3813
4931
3056
6271
4008
393
7005
392
3981
581
3210
2856
391
4809
4317
6612
5340
3421
4793
7000
4787
4786
2059
5567
4768
1633
2914
6652
1229
2339
4306
3416
1902
5952
1262
534
1610
5133
6293
1885
6297
243
241
3739
2879
6040
6852
3748
3126
3954
3957
5035
4232
294
7010
5764
4865
6422
5151
942
3727
3997
5563
168
6464
1205
2493
4736
6619
501
3454
4190
4739
115
6095
387
932
3453
2049
344
338
6106
5772
2150
5922
5038
5037
3742
3766
3683
5260
431
108
6706
5078
4390
2705
6565
455
1056
2931
5913
4969
5982
7078
2887
2068
5040
5747
6899
383
3204
1100
5945
6205
914
6288
940
1045
2105
6833
6287
6339
2934
4401
2939
3781
5427
3644
7095
7071
7076
6845
5706
5940
73
3206
6286
432
6334
5963
1808
7093
4229
6509
5059
80
1803
397
3230
6301
895
5051
2156
4172
4353
4416
1412
5488
76
6134
2772
6834
3177
2507
6466
1206
3879
4734
2488
3457
340
3062
1222
1223
6599
2368
1227
1643
3427
6595
655
5097
4026
1946
3489
6645
2319
5802
5551
6200
3463
5616
658
5850
6786
5139
3497
4760
2474
4826
554
3926
1627
6653
1624
3958
6041
4846
1890
535
6159
1263
1269
1253
1635
4824
6605
2471
591
3381
1233
5341
4810
6606
582
5216
6610
4873
4872
2398
246
3420
6643
5346
1976
7154
3021
3018
744
2304
231
5527
6811
5902
3834
3743
764
6272
4532
308
4529
1329
5908
3304
5909
3556
466
6816
2981
1820
6700
7048
6276
807
5741
6954
2898
2295
6642
5863
3037
3035
6588
1523
7156
712
6639
5801
2064
3749
395
1328
4173
4024
128
3975
1826
1941
1809
3866
3876
3922
5954
6795
6792
2970
2009
4244
5135
1123
1887
3202
6629
6277
3169
1175
4166
1894
4087
6768
5673
1191
1214
4194
1317
1368
3995
3789
3996
1793
1042
341
137
2948
4044
4186
3029
4038
6585
5120
3759
4129
3871
6812
318
2017
374
1057
1027
