6205
6201
4562
147
1776
5097
5516
4829
7105
26
2853
3877
2593
2928
971
2179
308
5467
2606
6207
3125
2016
557
2687
433
1436
5461
4413
5707
2412
5632
5700
2178
3730
5785
4950
4409
2172
2613
3736
4402
5256
2596
4900
4172
1600
1602
3872
4734
4550
186
5941
3740
4735
3700
4350
5464
4948
6477
5398
318
312
4408
5375
4671
4674
4733
4814
138
430
588
4822
2184
2798
2854
5152
1806
5681
1103
1666
5036
1604
3127
5954
6881
5949
6896
4404
1039
5776
1035
2015
3427
1955
5802
183
1690
1635
266
223
6744
6772
3423
573
5584
6643
3098
3733
3021
3747
776
782
5493
2823
5648
2617
877
2608
5460
2592
2514
918
3424
2231
758
3305
4961
5035
3266
3259
4730
6321
7106
3087
4564
6043
7109
7002
114
5844
1784
6267
2878
190
5315
5077
2601
4403
2553
274
1106
4478
6352
2176
2174
2145
4558
4737
5956
5782
1434
5471
3732
5542
3739
3452
6596
3737
3995
1468
435
3422
437
3749
3873
3734
2424
2600
2456
4401
3738
6102
6515
974
6745
2406
5129
5735
3744
2214
4503
1031
1034
3746
2170
1054
4441
5665
4357
838
7100
4177
3414
3420
3255
4202
5450
6645
6662
3451
3119
4261
3090
3084
6607
408
5052
4329
5520
76
2885
3998
4352
2827
836
4909
4359
2658
2597
3924
4568
4653
1760
1729
1725
5850
4679
4617
4847
6200
1554
4818
1273
5920
6917
4748
1108
4673
2045
2022
2012
6050
7014
1205
1663
4904
6636
660
4842
4865
633
1601
388
2032
1664
1203
2044
4258
4827
3092
3025
2970
1181
4293
784
2897
789
1038
2017
4346
5418
4116
4111
1583
3840
5498
3785
1313
3748
4973
1316
4823
1318
3741
226
1384
2133
6893
425
4817
6101
4086
3450
6344
1491
6612
3516
6216
6603
5952
7057
4024
7063
4813
3997
1254
6333
721
1865
5818
4399
5815
6822
7117
4968
4355
6717
6960
5699
107
4385
277
1111
6988
2014
2339
6760
4474
5800
6768
2183
1029
5153
207
5076
3116
305
315
1872
5975
2723
2796
1193
1973
5300
1438
3688
6595
1450
2880
1461
2407
6601
1958
5246
2768
1953
6868
570
2436
6611
1947
1162
1032
1819
3501
463
5790
3849
5644
2858
6586
3756
1021
6966
5997
2351
1864
5641
2275
1330
3743
1979
800
2303
2315
2797
2321
6919
2177
2470
3065
5852
6994
3237
5585
1661
679
5587
3177
6798
1711
2602
2609
874
5032
5667
6827
2171
1892
2013
1196
2699
5854
6821
3260
1940
1052
6237
3441
2472
5108
6622
2494
5156
6041
6348
599
3399
5557
1608
5092
5012
6631
1877
3267
1619
1644
767
2919
6626
6915
187
4659
4638
4559
188
6538
7093
4117
4374
4738
4354
4228
6459
185
4828
4837
4309
313
346
6524
423
227
7095
3993
4311
6383
1754
4138
184
1772
4349
5378
3417
3393
1780
3394
1793
2876
804
2479
1734
831
6082
12
4047
5070
2800
4675
2204
3081
2822
1693
3468
2829
4848
115
7146
3455
4921
4076
3440
1733
2857
2856
1829
2889
1978
6656
3146
1981
4226
1990
2083
6967
6048
3122
2082
6478
3009
3011
229
3016
4590
5368
3094
2023
344
3039
6441
6651
6649
6646
4223
6628
1008
1840
2890
4323
6629
787
195
4528
109
4644
6451
3268
6326
2914
6042
7102
3238
3234
4285
2166
1051
2964
3192
5812
5345
2188
6273
5686
2419
2417
4448
2415
4815
4835
5281
5505
6260
3751
4809
3975
973
3735
4396
3731
7090
876
2359
5126
3923
6890
140
3922
3907
936
5702
279
924
3925
464
38
6258
5099
5494
1337
2451
3832
6308
3819
5125
5392
4405
6728
2614
6215
2618
4020
5662
3614
1640
2711
2714
75
2286
1218
119
2750
6452
2764
2261
6382
543
4752
6765
3681
979
6707
6355
2219
2105
747
5706
1058
5124
5711
267
5639
1056
2546
5770
879
2718
2969
753
2972
6725
276
4383
929
311
4901
803
5726
3018
5132
2471
5996
945
2501
108
4361
6729
4567
4364
2515
2236
2239
5089
2826
4552
6331
972
5379
2908
2906
4517
2902
260
2173
2790
2310
5389
6747
6448
5723
4400
2372
2369
2672
5158
5055
6454
2958
902
2151
2156
2956
2955
6208
872
5636
6691
6337
7110
6159
271
2295
5991
304
2915
2881
5142
345
18
5959
432
1680
4678
583
6547
4676
1525
4801
1192
590
1695
1696
5477
6876
4812
6848
6559
3456
6845
6566
3446
3432
1747
3426
5199
3410
6202
3788
3812
5792
6627
3742
1541
7091
3676
3697
5511
7068
1230
1238
1609
6226
3637
5517
3618
5507
5870
11
553
4032
5469
1641
1219
5527
3992
6604
1215
4975
3564
1557
1651
6606
1662
136
6401
3817
7080
4969
6639
4627
3927
3216
4824
3371
678
7139
7103
4591
5801
3206
4825
6429
1976
6648
935
1100
3110
4225
215
6285
2001
7013
1952
1117
205
1389
5500
5497
3316
192
3312
3083
5914
6832
197
5195
6633
459
4274
658
5976
5424
202
6570
6913
4632
4576
6634
6857
5942
5329
4787
938
127
1528
2465
5703
1317
5328
1545
2410
2411
4821
134
6897
5950
1382
2445
977
1311
4816
2042
2354
5154
1813
1826
4656
1876
4647
1143
200
1923
5372
238
5757
1809
5193
4551
209
1107
1980
5799
6812
5781
4592
6802
2028
2059
112
208
5992
6941
15
1232
2340
4464
2318
6762
4475
4736
2283
6000
6175
4725
1660
4721
4686
4680
1669
5200
6778
1191
5756
4493
1699
4497
5846
4501
181
1792
1603
7081
126
4415
6086
341
3579
751
4283
2978
2979
2989
6550
6608
4281
4998
3544
6548
5611
760
761
2917
2911
3696
3695
6366
6367
316
5647
6031
3515
2855
2882
4341
4332
4030
5053
3323
2909
4345
3698
720
7011
3254
3396
6293
6514
6499
374
4173
3372
636
3364
3361
5562
4170
4155
5565
