6213
4647
6215
4643
4646
6216
4644
4642
4645
6212
4641
4648
6217
4640
6220
5259
2589
4650
2956
4649
6219
6214
5924
4652
1236
6223
5104
5627
4654
7028
6221
4596
3391
3004
4653
6479
5577
1774
6387
3295
6346
6327
5529
116
4201
1393
4932
6535
5023
3637
1233
2525
6419
3132
3133
6349
3648
4013
4088
6280
2796
3868
4314
4592
110
6405
6226
6536
3398
6211
6210
4334
6348
6016
6119
2915
2972
3584
1674
2
4700
1101
6784
7033
2949
3699
761
3050
2200
5116
3614
4689
544
1391
5335
5632
660
1968
4681
1360
2445
6344
4167
6402
5233
5515
7080
3473
1553
1451
6218
5332
6545
6224
5117
5148
5875
1959
3170
6287
3601
5075
5205
5597
4599
5545
2500
7015
4508
1771
5557
2205
1468
1313
6325
1738
5508
4651
2920
1737
5505
5202
2675
3751
768
5492
5143
3130
4500
5024
4466
6677
6229
3794
4923
1773
2795
1772
3863
5571
1702
4200
4160
1384
131
4316
4087
3337
2839
6365
7020
6499
1388
4469
6539
5397
1731
6966
5253
6481
6228
1437
1736
1450
5626
926
3220
3547
6401
5735
4255
3791
5527
770
6695
3756
6108
3781
2678
6729
5069
2912
3816
1849
2799
4083
1100
6142
2944
3718
4838
4312
5760
6574
4253
1040
5020
1670
6570
591
4655
4249
5211
5526
4204
4313
1364
633
5856
4166
3379
4843
5066
5946
5734
4465
5113
1047
6222
5115
1985
4968
3503
4501
6160
4523
5662
1312
5207
3795
5208
3535
3695
5062
3642
6495
225
1868
6501
1555
6549
1893
1669
7122
1901
3135
2432
2664
2390
1422
1543
6797
2448
107
2648
2914
6472
2913
2911
1780
6531
1583
1733
5
4318
4338
4503
2670
6856
4460
4462
2673
2663
4310
1028
1193
2880
3877
1138
4082
6783
2828
2815
4169
1700
4189
1667
130
4202
5825
6804
1676
5667
4309
4311
1665
2586
2524
2547
5060
2230
5078
2171
609
1953
682
1957
5204
587
1958
5342
5339
5338
5334
1965
5216
1967
5256
1
1960
763
2263
767
1766
1768
1775
1787
2504
1811
5573
4672
4682
4688
4742
4743
1833
7023
5525
801
7031
5519
7032
4900
7071
4597
1593
5274
3180
1421
3388
6648
6355
1430
3506
3605
3603
1534
1365
1237
3005
3267
6323
3441
1234
1380
2959
6291
6347
3249
6454
3002
1390
6408
3752
3265
3713
3137
2916
6532
3315
6354
6558
3762
3238
5550
4696
4680
7005
220
7011
221
2444
4686
1830
3208
6978
3146
5666
1749
2585
1759
4611
1761
1767
1769
3610
1776
5617
1781
75
72
1793
4703
2459
5578
3600
867
5565
3583
7073
3240
2107
2101
1950
3394
5119
5372
5200
3389
6417
6397
5337
5331
1385
1966
5212
6470
669
5296
1981
3343
1962
6329
2208
3396
561
786
493
4954
5506
2302
2300
7081
6364
2209
765
1885
2237
5022
7090
5441
3289
1894
5061
7123
6491
2614
6447
3139
5895
4163
1657
5883
4176
425
1078
1570
5832
6571
4257
4281
1550
1396
2732
1708
3649
2829
4156
1118
1596
6081
3782
3789
6043
3829
1195
2882
6024
3866
6022
1174
3987
6007
4077
356
2864
2682
1536
6800
987
4320
4464
4437
4331
6231
6542
1730
998
6863
3645
2674
5696
3095
5118
4319
2875
4468
2073
4016
2869
1571
5273
4019
4628
5109
5106
5100
5097
4633
1431
3399
4018
687
3878
3297
1395
4547
5255
1747
922
5248
2041
3783
662
5228
3786
920
3790
3754
2908
2903
1963
4591
3641
3861
4476
3312
3616
2952
1117
3615
2834
1486
1432
1530
2406
1333
3560
4772
4209
4241
4370
1552
2787
4361
2783
1045
1041
2743
2440
2509
4333
4679
3224
861
4657
3031
1465
800
1557
1075
4127
4128
3588
4162
738
4986
1886
4965
4963
2812
3746
4125
1770
2797
3744
1085
3606
1285
4184
3711
1562
4384
4870
1457
981
3770
993
1986
5507
245
6480
6525
215
6534
5417
6731
6782
6799
135
6827
118
5376
6832
6351
6315
6234
6161
5621
5622
5670
5676
5546
540
5706
111
542
5745
5805
439
5969
6017
5523
6075
5710
78
5590
6943
3
7074
7125
8
6938
3923
3925
3981
2225
3989
4011
6010
2523
1172
4123
4126
4129
5885
5881
4178
4179
1086
4017
2232
6020
4182
3611
3630
2254
344
3660
3694
3717
3741
3892
7094
1239
3784
7098
373
6065
6051
3839
387
3748
5872
4205
3609
2106
2103
4514
488
2082
15
4548
7161
2125
925
4590
906
903
900
4612
4613
508
2009
923
5846
4449
989
7130
5816
5809
4258
1050
5807
2204
1043
4407
5804
5783
4317
4332
4355
5764
4367
4391
2174
4304
3602
3566
2527
2849
2862
2892
1599
7014
2421
1594
6698
6970
1589
2954
1572
1563
1560
3003
6563
3063
3099
2917
6795
138
6957
6893
94
99
2654
6934
6835
2521
114
2676
2679
2498
2704
2762
2765
2766
6805
1666
133
6944
1839
7087
6530
3149
1399
1397
6449
1382
6403
6400
6398
6395
6451
1367
6377
3504
2256
6359
3507
7084
6336
1328
6392
5599
3332
6471
3150
7027
2405
3218
3239
3248
1460
3266
1452
3290
3291
1436
1433
6483
2366
6478
6476
3303
3314
1511
6458
3585
5146
4698
762
5345
5064
686
5494
769
4718
4836
541
4952
5153
5539
856
5510
4701
4842
5312
5522
5029
5443
5292
4967
751
5231
5026
5304
5293
6493
3500
5499
3530
3565
3557
3561
3580
3260
4989
3545
3282
756
1438
3335
4957
755
1394
6430
6286
284
750
766
1429
6394
4969
3293
3435
266
6285
869
322
3926
3927
3930
3960
4012
6005
1134
4081
5994
5989
5987
5973
5963
5941
5884
4779
5531
4756
5857
4812
1170
3899
4831
5512
3692
3705
3241
6176
3743
1231
1230
3753
6236
6116
3787
3788
5521
3823
380
3843
3848
6027
3867
3766
3207
205
3201
2452
2489
6942
2520
5201
1779
1778
6917
6906
6878
1762
