5069
6222
1593
2828
4650
4162
4164
1594
1596
4087
4200
204
2822
667
110
1428
4167
4249
4465
669
2589
1426
4161
1457
6
1234
4959
6226
8
4165
4462
4654
3133
5526
6165
5061
5145
1055
1599
1422
4206
4203
4160
3289
5062
6228
5551
6402
6401
1421
5141
6224
6695
4081
4082
562
5060
2991
4253
6555
1425
1423
3898
9
3004
1420
6927
5627
0
2819
1174
4677
1427
3398
3671
1429
3744
1590
382
2068
3005
5459
4168
4169
2931
4468
2999
116
5597
4659
142
3410
6407
609
6234
2
6225
6488
1388
1100
6161
1293
6403
4166
6404
7028
4088
651
1949
193
7157
3417
2961
2293
7158
6787
152
4078
140
4592
3566
3466
6238
1393
3
1451
7031
1386
2504
5857
4241
5068
4641
5920
5953
6522
1
3463
5028
4646
1233
4083
2850
4245
2825
2826
4679
4247
3295
4603
4596
7023
4460
7004
3285
5626
3207
2947
1825
1947
4202
3872
3912
4012
3998
5190
6221
5310
5291
6754
4645
4293
4640
4647
6070
841
4539
2829
4179
2997
4464
1172
195
3132
5522
3516
5832
75
3287
5629
1398
6322
606
6395
6751
1880
7160
5330
2264
913
5033
6451
5067
5066
2732
2775
5147
4954
1176
3458
4127
3002
7065
7131
6955
3640
4016
7019
3233
3817
3215
3167
4075
7156
4108
6041
6917
2235
1943
5523
5525
5536
5588
1688
6327
5089
5621
111
5738
5792
6219
1450
6218
6134
92
1595
6525
5148
4956
6909
6903
2972
6846
4531
2944
2912
4653
5023
6757
6694
177
1173
4873
6687
3068
2995
728
3406
2675
1455
3116
1519
1101
1351
3162
660
2410
3280
2930
919
2200
3157
2062
1829
3161
625
561
285
6854
4397
6797
6778
6688
5592
199
6364
6270
4644
4656
4705
4786
4952
5050
5064
5104
5840
5146
148
5161
5162
5807
5301
115
5464
5501
6902
4163
6417
4080
4
7121
7042
3527
3602
7027
7010
4126
6934
5510
3973
4077
4058
4013
1253
1040
5836
1497
1515
5826
6913
7110
1549
620
1591
5802
5785
608
5622
5608
1656
5596
567
5852
5973
7021
1432
6532
6511
6479
1028
1023
993
6922
6637
6239
6943
6236
801
754
6227
6210
7003
6199
6091
6008
1221
6642
5987
5980
6604
718
2081
1837
4459
4412
2993
2994
4398
2996
4307
4207
3154
3908
3878
3165
3854
3851
2963
3849
3691
3281
3282
3283
3664
3651
3288
3297
3360
3390
3392
3500
3402
3467
3791
1827
4473
4536
5474
1890
1940
5454
5265
5259
2077
3412
5166
2299
2347
2418
2489
2500
2956
5114
2613
2617
5065
2783
2797
2815
4801
2823
4657
4652
2927
4632
4545
2946
2509
4209
3584
283
196
362
144
239
192
278
202
147
6428
2237
3213
5293
3218
2228
1589
1592
6413
1597
2209
3416
4630
3361
5292
3369
3374
6476
3400
5345
5348
3411
5321
3367
1399
1637
5125
2883
2889
4751
6788
1538
4685
2949
1299
6760
5193
4675
3210
4674
6664
4655
1572
2294
665
3117
6649
5251
2274
1574
2269
3159
440
141
6397
5122
4474
374
957
3915
3942
6007
1898
5983
5979
4379
998
4367
3892
5660
1781
219
4129
5821
5704
5708
238
5788
5786
233
4208
4204
4121
3887
6063
6066
4548
4546
6365
3567
2103
6321
5451
4541
3600
2072
1671
3665
5471
6232
1179
3777
6213
3782
5494
1175
6160
1171
3794
1990
3796
6138
3866
6400
2401
5756
5024
1452
2619
4930
7137
5022
7079
4951
6998
2486
2513
7039
2584
4946
2731
5039
2618
6941
2479
4843
2774
6964
7163
7061
2697
2795
5094
2821
1411
5074
7020
1454
5457
6291
203
7047
843
5452
4544
5458
3608
1193
4549
2129
1437
7044
6324
6901
5414
4643
6968
4642
6570
194
175
2211
3293
6976
136
2198
6524
3399
808
2757
289
5344
7008
3414
6429
4597
2739
3418
1632
2075
7018
4566
6405
4609
3441
4534
3637
966
1711
7133
1129
4390
4032
5602
999
1000
4365
4338
98
1867
963
4070
4072
4073
4084
1845
2548
5848
7150
4248
459
5817
1821
1069
7164
5623
2070
7128
2590
3647
3658
3669
3217
170
3692
1673
2693
4533
76
79
1675
3743
4469
1431
2665
1430
6142
1987
6130
1986
1684
449
1158
2606
3877
1424
1948
5497
2788
3557
592
2814
3180
2936
6638
178
626
2291
176
6861
2875
2934
4847
4649
1331
6622
6625
1356
2928
2885
569
2375
3153
5262
622
4838
664
2297
604
4700
2537
1573
2870
6965
6919
2398
3021
4711
6648
3214
6888
4704
3028
3138
4673
3181
6915
6643
6938
2905
2362
1342
4791
444
5248
3096
6606
2249
6609
5533
3863
5169
6045
3868
2585
4478
2911
1152
4475
2234
3852
2412
448
3750
6215
2011
4936
633
1677
1997
6167
6163
1996
1995
129
2342
6148
3793
6145
2935
1384
6774
1681
6037
1984
4974
1685
1686
5518
6149
5542
4463
3910
1103
5664
6863
4288
585
1088
5697
2544
4968
5820
4787
222
1078
4970
4781
5800
1047
4156
1396
5
2526
1053
5717
1397
5782
4170
4219
5764
452
2405
5798
6033
5618
6825
955
2581
6792
5548
5550
3948
965
967
1921
5486
4458
446
3975
1716
1511
4011
1901
5570
6794
4399
1893
4017
5595
7138
1887
601
5949
1124
1514
5924
4420
6758
6495
4816
288
2160
2265
7012
4651
783
6420
5392
59
6415
3741
7014
6624
5393
6636
4553
3461
2461
3468
6640
1213
2126
6371
508
2121
4923
6944
3401
6478
1239
716
2792
6967
6576
3221
6960
1459
3259
2245
6557
6556
395
6979
2204
6530
6612
6528
3185
3362
5331
3364
2189
2188
4205
2184
2762
7002
3517
2708
4584
2074
3585
3609
3610
6252
1570
2066
3072
4668
1280
3679
3614
4663
3652
2415
2414
2060
1191
6356
4661
5463
1666
4540
849
4543
6325
3695
2290
3108
2101
6656
1469
3135
3693
4542
6308
5472
4831
