6222
4650
6221
6224
2828
6225
5069
110
6327
4641
1101
4644
3295
4652
4162
4653
2826
6648
6228
4647
5924
1428
4361
4646
4202
4959
4643
4160
6217
2819
669
4640
116
6214
6226
5141
4659
1431
2825
4539
4654
3602
75
6778
4249
4078
4161
6220
1174
6451
6449
4086
4
4087
4200
111
4531
3441
7019
5980
5023
117
4648
2934
4596
609
4167
597
1388
5559
2674
5050
4645
5115
6215
5147
985
1949
5526
1396
4320
4367
5818
6927
660
3099
2822
4970
5807
4293
3369
6642
3170
6438
6643
4642
1432
1451
6634
4366
6323
2823
4649
3790
4165
1100
6370
4125
2075
4169
2931
5557
4081
4164
2873
5821
1176
6067
3363
3461
5451
189
1364
5832
1363
1422
4205
2829
1420
6213
5026
5074
6308
3133
6321
3280
6231
5669
4077
2200
5494
2904
3132
6649
6963
6404
1426
3400
6646
2228
5552
841
9
3256
6511
3744
4533
2489
2622
459
4538
4536
3217
1515
5265
6005
3410
1608
548
4241
4073
6223
2608
6588
3288
5963
5948
6287
914
2672
7008
1771
5597
4847
2947
2312
4939
4679
6958
6917
6913
2936
2347
6976
5779
7131
2070
5858
7164
5725
5850
4930
7028
6325
6556
3794
2209
4324
3289
2071
2342
1459
4677
5787
2589
4291
3566
3287
5492
1830
2401
1384
1514
4129
6647
115
3868
2584
825
6651
6229
1832
7081
2941
302
1103
270
1360
1351
204
706
5145
3750
5846
2675
4281
1366
5816
6501
395
3652
2664
1702
6803
2679
2949
846
3614
2191
448
4475
6356
6751
1280
3138
1
6604
2
3
1787
5060
6609
5667
71
6440
3756
3565
6402
1025
843
4452
848
6439
1947
5554
3745
34
5588
6522
4082
1656
4201
4459
4083
5156
1825
3740
5608
807
1478
3412
4873
439
3207
962
3557
4246
6234
1437
5148
7078
362
2928
1692
1837
5459
3153
196
2975
3854
6696
2235
1233
1339
2504
4603
3877
3851
590
4635
4599
6211
604
607
5805
5987
4591
4597
920
5288
6091
5792
5785
2895
4683
1173
4416
6161
4609
5852
5761
188
6633
278
1236
2772
3285
3232
2129
567
4365
6900
3782
5563
4058
3367
633
707
3898
1175
4674
5542
5840
3870
3874
1191
6397
3210
5983
6365
2933
725
6078
5301
6238
4541
960
5782
3004
2762
5773
561
6137
2935
1513
1610
6163
6165
2072
6270
4671
3328
6070
4592
2997
976
1195
5570
4206
4039
6033
1519
5193
2023
6063
969
2062
2124
5509
3364
4696
2078
6398
1427
6886
1398
7121
7010
2558
1312
3585
5024
2234
6998
4166
4105
4288
1382
195
3466
134
3469
4918
4457
6659
4437
1681
72
6636
4294
6640
4375
2486
138
6941
2225
316
3567
3068
3157
6839
3562
182
7137
2619
7158
1887
4952
1347
5116
3540
4922
6964
3291
3516
6445
4968
7138
5119
4491
199
4923
4974
2783
132
5034
5930
2818
7018
1230
2932
7168
6965
6645
6134
3692
738
2885
4963
5973
1986
5944
79
4965
4969
626
6136
1593
5028
4976
5920
5343
4578
5338
1253
5893
4896
6747
1833
3571
2123
4060
3449
6662
1129
1695
1065
260
5310
7003
7004
1944
5802
5027
2085
1040
6757
2793
1928
3398
2295
3640
4168
1005
3381
4846
6521
1072
6355
6525
3019
6517
6910
1631
6532
6535
1430
2331
2908
1948
3360
6940
4534
6938
1774
2956
5531
3167
2927
1231
5817
2678
8
6368
2192
1450
4245
4938
5543
4272
5523
5427
447
3878
5584
1429
1838
178
801
2068
1150
6227
714
1028
3297
1613
60
5636
4127
6621
4738
4453
808
4726
3015
3286
4075
817
6626
1674
4657
2304
2739
2617
5880
6573
4106
6887
1477
185
6219
6218
4931
129
1455
139
2425
4197
4630
6934
4936
133
5815
140
1839
5449
2882
2945
732
2184
4322
3527
7098
4656
5603
3336
1870
2930
1871
5578
4670
5571
4287
52
4286
7149
4284
5522
4843
5550
4283
4842
849
7163
2325
4675
5
2311
4323
3558
5635
4639
5788
3299
5786
4258
4123
3598
1561
2940
6967
1990
3337
5632
3517
3942
2390
5708
2074
3108
3948
5680
5649
5647
69
3975
4651
5486
5704
704
5336
5077
1511
6628
5168
4744
2774
6530
2581
1683
4477
4088
1334
5305
1298
6690
2126
5022
6709
2549
2121
2732
2120
5104
3411
6624
955
5210
1663
3800
3796
965
2735
5197
3804
6560
1617
6548
6593
4516
961
6596
2745
334
5061
4454
1024
6612
2216
6216
3442
5058
5064
601
3797
5912
392
1289
1172
1704
6502
1423
651
3362
5885
2655
6825
3468
3649
2490
4204
4046
5844
4203
667
4493
3662
2988
6902
1436
219
6743
606
5348
1053
6750
2541
391
3693
6785
1637
2538
691
6776
5153
625
4971
6390
2274
4121
3072
3417
6774
4494
3366
5520
5142
4189
4841
5114
5525
5190
4102
5166
1007
5163
3031
3028
4104
4941
3154
966
1518
4975
4826
2991
5407
1170
4966
929
1488
5454
5452
4807
5424
1069
4957
4045
5458
4704
4801
1533
1112
1015
963
2000
5507
1026
3005
4778
5259
5262
946
945
5038
4748
5291
4702
4950
1994
6119
2912
3282
2606
6605
6606
6611
6613
6616
3283
311
3733
6637
6595
2222
284
6650
4247
1331
1684
2561
2560
4248
6687
4398
1688
6641
1314
3260
2207
3413
3791
449
444
1639
1287
6394
3764
6401
4673
4511
3754
6454
3752
1651
1653
6506
4485
2198
4473
4462
6570
1665
347
6575
6704
1632
2550
4390
6956
4261
2398
1740
3587
1789
4295
81
2362
7074
7080
120
7110
3547
3545
4289
3530
3533
35
7141
7153
3534
7162
6
3549
6953
2424
6943
6752
6779
6780
1700
3463
4374
6804
6814
6815
4253
1357
1711
2437
3470
1796
3298
3647
4338
153
4336
3637
6933
1890
4329
136
3458
6348
423
6346
5808
1943
702
701
3890
1578
5848
2870
675
5875
1238
662
