6235
1591
4255
3097
6239
6237
1343
1353
2900
3482
5501
3864
4243
6870
6874
5013
5923
4164
3898
6404
6852
6160
1352
4247
4245
2586
2575
1457
1355
6407
4208
6855
1598
3003
1597
4160
4488
5292
5161
5044
3844
6381
1595
3644
562
3478
3560
7026
6168
1676
1819
4482
6876
1429
6734
7029
564
6231
3892
5067
6165
6163
1594
2792
1516
6403
652
6409
1326
1070
1078
5330
4257
503
4843
1359
1596
5162
7123
4244
4424
1076
3987
3164
2580
3477
2206
4168
1354
4081
5953
5043
175
4169
4246
626
1881
5049
5068
1358
5925
2905
5780
4485
3936
4706
3988
4708
1421
1810
3893
4704
5388
5982
5985
1428
2262
4750
4508
6850
5395
2971
2588
1903
4657
6226
3470
7156
6230
1059
6227
6400
5468
1677
1426
3995
5965
4249
2485
1423
1599
5048
2200
3484
3982
356
5061
3243
5062
3425
5634
2254
4850
5954
6372
3981
4654
2708
1427
660
4203
4242
1813
3162
1313
149
1312
2831
4116
6794
1887
7022
771
3869
427
1864
1816
5834
6405
4207
4021
1590
1593
1198
1071
4615
6408
2482
3835
383
382
2375
2583
2999
1756
2100
2081
3606
2975
5342
6236
1000
4167
5558
4127
5622
2043
4604
155
1044
4241
6878
1626
177
1766
4307
1907
738
6328
5648
6324
5141
5837
6860
3245
5699
3476
2205
3474
506
780
3989
663
4258
773
5633
7126
5145
5478
2570
2264
2491
6238
2240
1425
1420
350
3984
2584
686
669
6879
1512
667
5708
6875
173
2062
3566
5704
4705
3135
2680
2185
5029
2689
6872
1280
2498
1592
5016
5231
1784
6464
5506
5832
1381
5011
1084
4308
3133
2329
204
4314
5629
6416
2075
1418
4567
5438
445
7153
1624
5721
2953
2688
4079
3894
3134
5344
4851
4854
609
5967
3877
2506
8
1146
51
5377
1248
4162
4252
3867
3641
2492
4052
2501
7019
4425
6871
5836
346
6474
2285
5484
2349
7096
664
2170
1357
2172
3556
1674
4476
4165
271
6402
1386
2007
1505
884
4959
6224
4911
4487
1064
2550
3500
4702
2047
7023
6882
6233
3502
6284
3347
3479
179
1234
4900
4624
4910
3480
7013
4507
4489
5756
4166
6854
3815
7014
7027
3885
3922
5828
5508
2126
4608
6998
3940
7012
4464
4556
3839
3891
2255
2904
4161
6530
3130
4085
3158
1171
2795
3191
1882
2954
151
5453
1889
174
3270
189
1931
2346
3948
606
752
6726
625
3127
109
4214
1761
5526
5528
2989
6452
2997
2383
52
1806
1246
69
1511
3039
85
1522
1742
1208
5268
5252
99
2401
5046
5042
689
4855
4913
2273
2094
3648
4794
5733
6979
1422
3419
4954
784
277
3632
3483
4918
1671
6332
3724
3376
3374
2066
1055
2005
4751
4027
9
3488
3351
3737
4331
2106
789
4318
4427
5929
3913
533
535
2242
4149
567
4402
4334
6468
4312
607
5955
6969
4071
5877
4248
576
6401
776
4240
2291
4082
5921
4083
591
2495
5948
3945
4175
6971
2908
5045
5028
5023
6562
3352
1867
6156
4988
4986
1048
3413
1329
6209
1670
3424
286
105
6134
1023
4919
3460
170
4916
3473
4912
2671
1016
7103
5040
172
1138
5504
1120
3271
1117
5108
1904
5144
1346
1345
5032
3283
3286
143
2724
6187
7125
5631
5080
3304
1977
5060
3897
5156
1324
1134
1815
3000
380
930
6529
1625
3770
5458
5396
6877
4700
2568
2987
4620
2993
5410
902
1758
2545
5791
4753
4628
2537
4756
3090
1412
2906
5726
4812
7007
3895
3647
60
4791
11
1233
1277
941
4760
5332
5555
5793
6260
6795
1286
2943
2894
1256
3171
6216
1504
3038
1317
3112
3030
1327
6290
3116
1251
4087
3093
3132
6281
3139
1172
3004
2821
6393
3264
2585
788
3639
3645
3662
6033
3975
3973
3968
3726
937
931
2607
2578
3942
6011
3832
6000
856
2540
5988
3888
6886
837
835
3896
3947
1135
998
3991
1123
3279
2444
4059
4058
4057
4056
4055
4053
3289
3292
6732
6364
4050
2707
2702
1079
2458
3345
3359
1043
3417
772
6341
6344
779
5962
6839
0
2006
4754
1914
4426
1919
4782
1920
1923
5111
5294
5295
6476
4809
5868
5797
5562
1550
572
5561
2294
1748
5337
5349
4341
4856
2322
2269
5135
1817
4461
5630
4623
4572
7134
7038
5820
5822
4554
2178
1589
2176
4663
5072
5160
4695
2237
139
141
4709
2245
5147
4486
395
162
387
2111
501
57
7129
4926
6964
5691
4200
5696
5039
624
4233
5408
2044
4914
4259
5540
4917
4981
4915
665
5931
1990
4865
5007
6568
2008
2909
219
1678
1767
1034
3207
3346
7051
6291
2791
3427
1150
6379
2556
146
6180
2040
2625
3808
6153
4622
7128
5659
5790
878
1451
7101
1878
2179
1167
3847
1675
2797
888
3357
1444
5012
5018
3178
276
3831
5164
2173
6554
4672
2555
6130
239
3282
5097
333
5096
7068
5093
5051
3288
6833
5090
3481
5086
6807
3294
2593
6102
4857
214
5069
6954
6569
4859
3485
6161
2069
5698
394
5139
1658
3736
3493
5742
1986
4755
176
6027
1424
3256
300
5114
2092
2045
1013
352
351
2086
1081
5110
3277
1388
196
3160
5986
4401
3037
735
629
3986
5403
731
3983
2991
5922
5530
7141
5976
3088
1790
4429
1763
5853
5848
1764
5291
58
2875
782
4607
5397
5314
1812
4305
5964
2324
1811
3002
2452
1242
5380
4319
4333
4470
3007
68
1314
3015
5326
4351
4353
1549
5319
2481
7150
4378
5339
4209
608
7159
5596
6779
6479
1786
2901
6622
2207
4519
3890
2514
7017
668
834
5826
4559
3883
6953
696
3879
4568
5626
455
4189
7165
2202
7166
851
833
3125
2394
2939
2947
1466
5469
1732
1736
1197
3105
5248
3111
4502
1824
3121
5590
2879
1781
1378
2899
5386
217
2704
2920
2968
7102
3348
1062
1694
1782
7106
5015
2855
