6239
5067
4203
1590
1596
6160
1598
1594
5292
6236
6401
1593
5061
5062
1599
4244
1425
4249
6403
4208
1595
5068
7
5832
6237
3294
8
177
6407
1421
6233
1457
4918
6235
1597
669
175
1676
155
6230
5474
5953
1591
4164
606
5066
561
660
1671
663
174
6854
6402
608
562
6324
3002
664
1881
4468
179
1884
3869
4705
4156
6400
3004
4954
1887
7158
1592
6165
1055
1422
7027
6212
7028
6226
3867
4912
4338
4916
5028
4657
2069
6405
4082
6134
5060
7156
609
1234
6227
4165
3860
5627
378
665
564
3868
3863
1427
6349
3488
1889
373
6629
4915
3164
6415
1426
5664
2943
2200
1386
1429
7021
4169
7150
4255
1230
1503
5023
1000
2678
4919
2875
1017
2974
2100
2999
4070
3168
1943
5069
6166
3872
1867
6328
1670
668
4843
5072
4654
151
6231
5833
4913
6162
6555
2619
1420
7012
1880
1882
1076
6805
6726
2066
2322
2618
3289
3864
3942
4007
6024
667
6435
6372
4010
194
7023
4243
5459
2617
5458
4084
6223
7019
1023
455
2081
4162
143
6898
1763
5140
5262
5259
4575
592
2806
4081
5884
1310
6605
3877
3835
729
4911
2870
5659
626
3285
3283
3282
7029
2991
5622
5312
5660
5629
1423
5468
1313
5878
5650
5501
2106
5169
4630
4516
503
3887
4709
4464
3482
3287
4914
4917
3130
2911
4926
2805
2792
652
2458
2395
2206
2062
566
4166
5145
1078
1232
0
6145
6344
193
6809
6216
148
6293
204
6624
6365
3862
1100
1777
4079
3398
6284
4071
6642
1883
2172
3413
2575
5265
6695
2495
3606
949
2482
2652
5395
4672
6658
2007
3756
5512
3851
2067
3760
6151
3644
1768
5877
3260
6648
5967
3154
144
3177
1314
1428
814
3160
604
6354
6168
86
4168
5922
4241
4312
154
2717
4959
3699
2708
6646
3133
4656
2917
856
6149
5453
2264
485
2272
2675
3292
5147
5162
4650
3397
74
2803
6649
5104
3484
3566
4751
2808
2680
5330
2401
5392
4259
3842
3832
4515
7050
1901
4512
4161
1896
6863
1469
4335
1615
7014
6808
661
1885
6593
1172
6806
1175
4204
5518
4623
1280
2060
596
3994
4089
149
3952
1053
4120
4572
3973
1176
2101
1679
4167
4370
192
4366
6625
4334
4209
146
6632
3281
4333
4966
4318
4246
3114
4248
5018
4207
6408
4074
191
4652
3817
4628
4604
4603
6607
3754
4519
4702
4704
172
4706
3998
3647
3637
481
4511
4000
6601
3604
4019
6595
3560
4844
6621
4462
3346
3295
4083
6479
5020
603
1019
1808
6655
2398
2409
6654
5768
5388
5309
5291
6130
6125
1674
1638
6161
2494
1631
1811
6136
1907
5596
5555
5545
5519
1890
5665
6142
63
1016
6147
5457
1886
1075
5470
6971
1675
5572
6645
1354
6653
2912
6196
1465
1292
5051
5084
1265
2921
1253
1248
6643
907
7004
5148
6650
5155
2801
1317
1235
1905
3995
1893
1297
4039
4008
666
1898
1070
1312
6802
141
601
6991
134
6896
6890
1924
4233
4160
6514
1589
6594
4121
1704
4085
1476
1767
7025
7123
1171
6860
4242
1583
4078
3003
1941
2540
3419
3417
2578
2584
2587
3348
3344
6652
2771
900
3284
2821
3429
3280
825
3174
6635
6636
2894
4257
3135
2914
3132
2918
3087
2989
3030
2846
936
3546
938
2006
3950
3892
3881
6619
2009
2076
1029
2108
6640
1018
3759
3758
2185
2189
6659
6657
2229
3741
2240
3674
6656
3663
965
960
3619
3609
948
2490
3981
6644
99
4695
234
5634
4379
4510
5612
5561
4424
551
4962
440
162
4465
341
6139
4466
5345
6213
5315
225
6169
5278
4489
220
5154
6336
4500
5157
5252
5033
6232
5618
5888
184
4330
4655
6322
4323
4341
5937
173
4850
4663
6110
4316
6033
6273
4314
3522
486
5045
2915
5065
4708
2905
2885
482
2871
771
6203
3616
3601
6176
5100
5142
483
188
427
6622
3293
4927
6627
3286
4942
4859
450
3418
3242
3237
3233
2971
3430
3178
827
4957
3167
3463
3473
3034
4997
5021
6224
3485
449
2612
5106
382
1814
5709
5747
289
5780
5836
5848
1613
6990
1534
1505
1500
1458
6844
1451
1424
5929
1173
1410
1358
1356
1353
1345
5970
5973
2
1287
6079
7074
5655
6140
5621
2572
2547
2499
223
945
5299
3669
966
2416
363
2400
2394
2303
359
5423
1015
60
2079
2077
5546
6699
5547
6722
5554
1048
5583
5590
1897
1891
2583
2440
6084
3675
4653
6387
6085
4201
3850
4624
4189
3855
3861
6355
715
6616
6613
4389
4401
4435
6606
4513
4503
4041
4045
4063
6600
567
6599
4487
4469
4072
6569
4460
6604
3949
4216
6610
607
3755
4245
3692
3745
4240
4315
4307
4227
2325
5348
5451
2318
2300
2269
356
2350
2329
5455
2178
2186
2383
6148
2127
544
6688
1319
5522
2080
6553
6544
6367
1347
2072
2188
2392
6098
4486
5245
4001
6088
112
2570
4493
6000
6366
2497
673
2491
5992
5301
4069
5303
2463
2462
2448
2443
5978
959
1311
2429
115
4488
7157
6596
6542
5311
4317
2064
2065
4179
1759
1727
1710
1169
145
1165
1678
4200
5845
279
5861
6364
5719
4346
6960
5862
5864
7010
5876
7077
1568
1558
1543
617
7033
7020
1480
1612
6705
5717
6095
1153
5965
2017
324
643
2003
1989
1926
5581
1923
1916
5600
4331
1782
4391
6423
233
2610
5633
133
628
6138
7155
5669
1851
1088
5962
4332
1359
3997
2390
4293
6258
3349
181
3888
180
4889
3829
4647
3425
5029
3171
3453
2913
3925
3751
3948
2876
887
4768
6238
6329
83
6326
6612
3162
3866
837
3158
4967
3142
6167
3139
4980
438
451
4991
4953
454
3097
3063
3291
4925
5022
476
3169
5113
5135
2648
5121
528
3648
2630
3980
3610
4553
3693
5153
5159
3579
6651
398
487
2844
3724
5095
3854
6631
1747
