6236
2943
175
5068
606
1427
6239
6161
6407
6162
6165
1426
5061
6403
4207
1457
664
6405
1429
1597
5067
1596
5292
5021
177
6402
608
609
6233
3002
1593
665
4161
2200
5062
1598
1425
503
2808
4087
4208
1420
1599
607
2947
3295
4165
8
1674
4248
1234
4010
1885
0
4160
1594
5147
4085
1053
1880
1887
3294
4927
1000
5069
1424
1595
1310
1590
5028
4169
4082
6237
5522
1592
4915
1671
6415
174
601
4166
4918
3133
4089
6400
5627
5629
4203
3868
5064
179
2222
1421
1591
6408
170
1907
1886
176
6231
1422
6160
1312
3892
669
3135
4205
5295
4249
4164
4244
4200
5066
3164
5023
171
1881
6401
2400
4081
4083
4084
6125
3154
4012
4167
2407
2974
668
4168
6479
5291
3505
4615
660
3546
5145
2821
173
561
5937
3004
4928
2206
6854
2940
1082
3758
1055
4163
7123
1423
115
4959
604
5974
3835
7076
1884
771
1393
178
5065
5060
5765
1718
155
1675
2203
2949
624
59
4179
4926
663
652
2918
1400
4925
667
3981
9
5330
5025
3466
3132
4039
566
1502
7028
6169
3741
1005
6588
3519
5558
5536
3413
5525
5027
289
2409
2495
5388
5302
4315
4255
4575
5893
4162
2207
5626
2201
4700
626
400
562
1386
4658
1184
2946
7054
3755
359
6168
6120
1678
6229
6235
1737
6163
4121
2229
4126
3482
356
5960
4156
6494
631
6344
3169
661
378
5563
5570
2127
6413
6264
2395
3097
1319
1889
3759
1080
1888
204
1317
4486
1882
1398
1914
5259
144
4965
3167
3178
1711
1897
4241
2575
4148
4245
3746
326
6865
4657
4122
1117
4139
4963
2230
5922
4916
2509
1503
7070
4791
5458
4000
603
3860
2996
5621
4338
6166
3160
1670
1026
3547
1811
7018
4619
1007
3207
106
472
3869
507
5248
6134
4237
4468
280
1908
5140
172
5678
3256
1428
4502
1465
3867
1906
3218
3155
3158
1910
5663
4206
1396
7061
1610
4677
623
4158
630
2448
5876
3793
55
605
4464
390
1896
666
5820
1905
2948
6802
1704
3198
5664
4767
5550
350
2273
3417
5307
3842
6122
2540
3131
2408
287
3566
2017
1645
4086
5162
508
3518
5122
5
2390
151
4572
4129
6478
1941
50
3280
3150
1869
3139
4449
1866
3997
2227
6863
6045
24
2228
1359
4655
2771
4656
4924
4654
5501
799
3319
2258
5953
1265
6112
6126
4649
3738
6121
6151
591
6147
569
4114
1450
1233
5456
3392
5395
5391
2067
5343
3604
3424
5324
1777
4307
945
946
947
4573
5238
5206
3098
978
1432
5141
1739
3949
5124
1015
1988
1986
5101
3894
1451
5224
3816
5474
5530
4476
1796
637
4706
4003
5853
4184
1904
3201
5651
1044
3220
5622
4247
3307
3242
5576
4812
1918
3647
4911
5557
5554
5553
5551
1508
1505
4919
5535
5532
3265
2086
1662
2446
2678
3055
408
232
2991
6327
382
6858
6227
7071
2399
6230
6642
194
2942
282
6903
23
6536
3035
1
3
6296
3005
6898
4308
596
2655
5924
4913
2648
4914
5879
628
2941
796
1931
3887
1917
2429
6293
2209
4843
1469
1913
6792
2917
1894
3948
4326
4317
99
3303
3698
5526
625
1210
5514
3161
3737
4650
2945
1349
6404
373
372
6397
3789
3778
4554
141
4634
1316
4625
6883
1311
5669
3748
5618
338
3186
1800
3864
193
3157
772
6417
391
1392
5574
4454
4457
1232
381
5822
3732
3828
673
5800
4481
5797
1249
6281
5660
3994
1679
1710
285
5169
2855
7056
5446
5033
3411
2614
2630
1555
3385
6206
1558
505
2009
2911
5345
3484
5421
6222
2060
3464
31
2792
1124
4144
5491
4954
3527
487
4014
4013
2415
6705
2502
1989
52
7033
4080
5160
3609
1087
460
3598
7161
5149
1248
6410
5148
1867
5179
5164
283
5616
3754
940
2362
3214
2905
5309
6535
730
949
3224
3463
3465
3479
3743
6882
738
363
5142
5623
5209
733
2912
1883
5583
2085
797
1083
2087
1965
205
1963
2088
5470
2915
4976
2725
3624
6454
3756
6720
4912
4956
5488
3329
5496
2781
5055
5059
794
1230
4704
5572
6844
6722
774
1219
883
777
2123
5389
2069
5397
5091
1890
2396
5423
244
4763
4766
2440
6430
3285
6194
2330
6391
1732
2999
53
2993
6324
620
7078
3901
3899
7004
6291
4366
6226
4389
3865
2672
27
1619
6130
4430
3165
394
635
6286
1700
423
1533
3037
4240
4243
4216
6249
2223
2500
3153
1714
2499
6035
3993
1551
426
4305
1552
2621
1703
597
1490
4189
1566
6348
4435
4227
3820
7
3183
2252
3184
3088
3787
4487
4508
5709
3200
5768
1646
5744
7150
4090
1342
2583
5806
4043
7142
6142
4018
4450
4019
4451
481
2586
6355
4498
712
6387
4045
2890
2405
288
2401
2779
4059
5022
4046
2873
2872
3578
1550
5030
5029
4017
2619
4135
4035
4140
3525
1966
6587
25
2010
6594
3504
4153
30
7121
2579
4123
2585
2616
2392
1984
1982
4111
6629
4110
54
5157
250
2397
1570
22
3526
4920
4233
1870
1794
4695
3829
1792
6927
3731
2449
3730
129
4705
6941
3840
6957
2675
3827
168
3735
163
149
4593
3751
1834
4610
4611
1832
3852
4556
5293
2458
1336
2462
2692
1351
3811
4630
2473
2443
4415
4314
4889
1494
7027
4580
4921
6739
3648
88
4293
4275
4257
1522
3607
7042
7050
1716
4230
1926
4865
4414
3866
3724
6978
6993
4381
4768
3663
1195
6806
2491
1467
1912
4331
1164
4316
6820
5294
5492
5508
3376
6095
453
2914
3397
3229
2984
5878
748
2338
3400
3221
736
885
461
5873
5392
5296
2066
5686
5620
773
5453
2084
6458
830
3151
5489
3152
5965
6451
5478
809
841
3159
595
5544
5923
791
790
336
855
856
3289
2208
2063
5364
5992
901
5764
6349
6513
501
6213
6372
