326
4693
5893
4061
6248
376
652
1211
4699
390
2216
6109
5423
2396
2050
321
6079
4702
855
2595
372
656
4238
4701
74
840
6503
253
6245
1799
3551
4114
5671
2284
4620
5426
323
6236
663
4065
4761
4695
4764
6514
5978
88
378
4690
64
5421
4062
6061
4798
1478
79
851
4766
236
5880
5849
5086
4524
359
4336
4628
1552
7043
81
4239
675
1072
1270
99
6736
5428
3419
4034
4692
3578
399
377
4696
6829
1851
3123
458
5887
4321
4625
4629
1344
325
1970
428
2982
3155
3158
3869
2058
450
3392
3490
759
2330
2784
3437
5513
3435
402
366
78
4927
6203
1855
5084
3111
2980
5407
6516
177
5898
4063
1251
250
3573
292
3553
256
1163
2335
681
3857
2468
5429
6502
1164
6435
2899
791
2392
802
3952
6507
6242
1794
5202
6069
4694
1550
3289
422
31
6748
7061
4522
6843
1408
7118
886
1854
5503
4665
1925
4067
6737
1926
5764
882
471
1568
6071
1998
2391
5021
3434
4624
426
5744
794
1569
3002
7166
5255
712
1017
3560
1258
7112
6401
3069
5374
7058
33
67
7054
679
6430
2399
439
7055
5645
328
2953
375
5485
1149
1150
608
1353
3430
2334
327
3432
105
1551
97
3115
5619
6847
4691
3962
1177
6505
6075
650
2691
2676
5481
5885
3554
1407
3094
5883
6359
5489
2943
3433
6372
6376
1426
2985
628
670
3169
339
3364
676
528
593
596
1375
385
3384
654
2986
2922
3445
3144
5881
689
5882
606
503
799
7077
6390
1857
4908
6822
4925
2516
4918
2390
3974
1856
2462
40
7050
4230
1982
7056
6443
5002
2296
4042
61
2005
1924
4035
258
3610
4091
856
858
4064
1131
2175
2395
3639
4767
6753
7135
3852
5640
2056
66
3603
2974
4800
6731
2155
4749
5541
4729
1102
1808
2132
920
89
87
3285
1402
104
394
6055
420
4525
5974
3075
4357
4383
4384
502
3129
457
1019
472
1964
1897
5891
1015
1012
3120
1481
1965
1465
3066
3153
7034
424
5678
4621
1562
1075
5690
3183
2992
2994
5730
1438
1534
7049
5765
3037
7051
4243
1458
4169
6720
1788
368
2727
6246
2728
5068
777
3867
677
2466
2398
1616
4860
5027
664
2393
801
683
3719
6249
3505
2539
6380
5201
3576
3572
3625
2598
2377
2641
1310
246
6328
2670
483
5325
1644
6387
653
674
750
838
845
2927
6535
1168
826
5482
358
6682
1578
1740
1739
4861
1280
4526
3151
5832
5468
1157
3550
3577
3411
3657
5234
4341
4410
4344
3552
4348
3400
4069
3495
3611
623
4066
849
3620
1359
4906
4126
4257
4118
790
5026
4634
1082
648
673
5674
804
5649
4650
3950
4689
3978
3185
1460
825
1213
3694
4681
3811
5082
1447
684
645
4110
3829
837
4698
1169
3979
551
3365
4097
4414
6385
3063
5992
2837
7033
1560
1888
1795
1558
252
168
255
418
1524
6518
2188
2229
2337
6523
437
318
6083
2208
264
6095
2338
6705
6371
1660
2035
398
2594
2124
1607
3112
6182
2397
1809
2234
2010
1577
2929
1800
6243
7124
451
233
6458
429
5942
2940
6472
6262
2385
2527
2136
5937
6567
3072
149
2133
5971
4880
2783
1774
6239
5373
6685
3114
6226
2921
2901
2148
4763
4070
5410
4765
6752
122
6744
1346
1345
5400
3479
1343
1132
1790
320
4792
4043
6681
2663
3480
1265
6506
2364
2367
3651
244
2371
6482
3951
808
3913
6508
2495
6407
3823
2487
5081
3901
1230
6456
2477
3856
5037
5060
6462
249
6515
257
1156
4887
1325
2316
3983
2332
2333
2700
5322
1160
1804
5299
6537
713
5260
2575
5250
265
1744
2571
6381
3604
5228
5205
2545
5351
1714
5454
4726
4626
512
3189
7018
4643
3224
6995
63
407
5621
3275
6076
5967
1891
1091
2971
3301
7041
4128
6062
48
3168
535
3034
6044
3052
3180
5745
4547
525
1437
5723
1435
1975
43
44
6058
21
3148
1850
5613
4473
609
6125
2037
2947
363
2138
1356
5484
5896
4704
4707
2923
4094
5908
5458
3395
1556
3089
27
13
926
2057
3121
6869
1023
5929
1379
5889
1026
5886
1374
7147
25
4340
6446
3905
4921
1030
1920
4521
22
796
4342
3938
1889
1018
3948
5016
7130
4926
1037
4345
209
6447
1971
6498
1730
1724
4343
1989
4537
4843
4806
928
139
2053
2200
85
2185
4771
4123
2066
127
2125
2130
124
1801
6802
897
1111
2146
2072
4670
1773
4156
4546
28
6530
2350
970
1885
1880
830
831
1165
4092
4611
1992
1993
4208
1995
4182
1996
6585
1997
4161
4527
6437
1256
6426
1583
631
6165
6162
360
3416
1570
374
5508
1555
5544
5569
391
6093
3363
3431
585
5453
644
3439
6222
3438
5383
6212
1341
1610
2838
2839
2873
2894
5409
1597
5420
6191
6170
3284
401
5618
3162
6007
519
453
454
3068
3141
3130
3076
4437
3080
3081
5928
5927
3118
1446
2995
1536
5724
2977
3240
3239
6070
1420
413
566
672
2983
6063
3186
2984
556
6053
2990
5703
3187
2809
1347
2538
1323
1640
3496
2701
6264
5919
705
6336
2648
5116
3566
5121
3793
6367
3597
3598
5237
3609
238
2535
248
1260
6400
241
3653
5095
3492
1650
3484
1334
5062
6417
6241
6416
2473
6409
3828
2716
772
3448
1257
5085
2721
5083
3167
2380
1461
1886
3060
4209
1236
3160
1016
1960
3184
1429
3105
1013
3965
3971
1212
2389
1432
3753
4236
2998
4338
3173
1231
2504
3810
3181
4216
3138
4315
1972
4256
1444
3820
1499
3078
3897
3182
4048
3209
3878
4083
2898
1125
4010
2287
2281
4068
2722
1771
1611
2725
2835
2726
1133
1146
2834
1333
1786
2201
2787
1138
1139
4060
2833
1590
4084
2139
1352
2531
1259
3977
4167
4165
3241
1779
3360
3366
