6256
468
6250
6445
685
6252
6251
683
6257
681
460
6442
6259
6437
6253
6254
6443
6242
1099
5866
688
4064
6441
6444
5908
1091
6240
4888
4069
684
452
707
3438
5449
4887
6431
4283
644
1096
4882
6320
5918
462
702
5568
6434
6714
4880
6448
2727
645
2960
709
6247
6446
4284
705
2082
5868
713
5448
5459
4884
4776
2167
2168
4060
6244
2760
710
7113
1097
6711
5560
4604
4289
5919
453
6449
5569
2762
12
5136
4288
708
704
2985
5916
6556
5933
6241
5928
5927
5453
5168
4728
6249
19
18
6034
3383
5507
5531
4886
6814
2725
680
898
5444
674
4282
3288
4093
4964
699
3431
451
4285
1650
219
2286
4572
5934
5505
2763
528
2851
7099
1241
1280
3102
6719
5441
250
1062
4694
3401
643
3245
524
6432
2764
4883
3241
4881
1482
4470
10
11
5134
16
17
701
3049
327
2633
1726
682
5484
5457
5454
2832
6558
1102
1093
1242
527
2769
1065
525
4601
1074
2724
2281
5339
1282
3044
647
1731
4608
3379
454
3047
2838
3240
3477
4286
649
2745
6551
4774
443
2744
641
706
642
6767
2830
3248
1095
1755
57
2306
1659
5813
6093
2195
1440
4040
4039
5661
2723
1476
1068
1066
1565
5447
4885
5502
535
4609
507
5559
5639
5500
6185
6586
3386
2088
4627
6474
1762
3244
5867
5901
5902
3265
4447
4455
3106
5906
3040
6716
1448
6708
6702
3834
445
1608
35
456
6189
5909
5767
2001
2592
2345
5228
5204
2271
2742
6940
2241
3435
6496
6374
4062
6292
6246
2310
1063
6440
646
2162
4812
1405
5937
1516
2702
719
5828
5917
2729
5146
689
740
805
787
2690
6358
4889
6712
5070
703
2559
4501
5904
3247
5864
6715
6192
5983
1105
598
6557
2114
2153
6182
1055
1171
2190
6615
4634
2193
2765
2194
2199
5336
6042
1363
5988
1098
6006
1328
5269
5268
676
6009
2990
2968
2967
1831
5635
6674
1735
5883
317
3354
4287
3838
3397
3302
4171
15
4113
3885
3623
6829
4030
7033
3284
3483
3499
2604
4927
4934
1658
4586
2105
4575
4567
4280
4563
4045
3286
3883
1064
2156
2155
5940
459
3045
3042
2128
102
98
5442
4112
2119
5445
489
2974
213
2834
6554
5537
3446
678
620
5638
5636
66
5619
5602
632
4818
2768
711
1969
2728
6014
5452
178
4154
3893
5458
2041
1160
3740
3356
4621
3913
5683
5682
7112
2875
1979
6004
4602
6039
7040
345
1441
946
2230
13
5889
7159
1445
6248
1444
3105
1485
2253
6819
5333
379
2244
5858
1010
5880
5351
6340
2287
5156
3880
6255
3249
7164
4063
7017
5227
3879
4101
2251
1784
2873
3492
2341
4666
742
3622
4651
3758
3881
1318
2044
3355
4611
752
5491
3496
5681
3359
3495
2935
1322
2933
6258
2342
270
2009
716
725
252
673
672
4777
2749
1916
344
2792
5887
2256
1851
4195
634
6527
648
3937
1888
3774
1267
3262
3447
3484
1978
3235
7012
6453
2730
6262
1195
2716
209
3243
4827
6073
1956
6810
1272
6033
3448
2837
3350
2289
2130
5370
4037
7085
6378
5157
2117
4940
5783
5053
2118
4432
3043
912
3597
5862
7000
5165
2414
6416
6677
1090
3643
1604
37
5771
515
4065
5860
3707
3656
3104
458
3635
2152
5859
6243
3555
1404
4136
7152
6177
3280
3048
5210
5743
5762
5360
1443
2083
677
6924
1216
6379
2161
671
2197
2192
3941
3646
5130
2187
6522
2158
5358
2312
3432
2759
6207
5344
2159
3434
6339
2520
2047
3449
1016
3756
5209
7008
2110
1114
1012
2348
3490
922
5476
2644
2075
2070
3506
2069
2043
2659
2640
105
2600
2590
2743
4824
1957
2151
700
1959
6090
6193
130
1967
715
1092
3481
3710
1094
6102
5164
2719
3709
3590
5206
4581
5657
4741
6027
4485
3103
526
6574
5656
322
6569
6001
1287
2833
261
5910
1642
257
1807
5913
6017
5659
447
547
450
4536
1330
4534
3357
3285
5907
6713
3283
3353
4722
5941
5810
1798
4603
6584
1739
3036
466
5905
3847
3848
1263
1655
5966
4779
3935
5987
5896
7142
251
5742
3007
3001
494
1680
3889
1265
513
549
3034
520
3338
1653
6673
3176
3035
5993
1268
1266
461
6886
4562
448
5811
2513
3735
5962
5795
6195
5939
1107
5420
5784
3575
6676
5798
4953
7084
4962
5383
3046
2576
3987
6419
4218
107
4410
2373
6769
931
932
3629
1474
5229
5313
1479
2343
3873
5211
2340
6260
987
4339
5247
955
5876
6812
3607
4092
7016
5885
4091
1483
4413
14
3158
4011
5077
1060
870
4539
5378
3287
5131
4049
6717
6718
6427
896
5915
899
5912
4472
1447
1449
4463
5911
3840
6326
915
4096
20
3268
2505
3833
4580
4582
1925
1920
4771
4773
6049
612
6546
6544
6048
6115
6498
4654
2748
2006
1260
4625
2039
2890
6011
2704
6111
207
2839
1968
6019
1284
2855
1283
723
531
6069
6949
6937
6031
6550
5662
1182
2821
3445
3948
6003
2005
6002
4262
6160
5451
2754
3749
784
2084
4600
3777
1721
5446
7118
4816
7090
5443
2771
4120
518
521
4815
1235
4823
6982
659
2786
3750
6037
6520
69
2060
1909
5653
1496
3939
1285
3843
5897
1531
1472
1227
5284
5651
1207
972
5326
1212
1277
1525
5886
5870
2248
1515
56
1567
5558
1264
6089
7019
6013
6245
1069
3897
6127
1329
5803
1639
2048
3754
7132
2055
3753
5996
2123
3752
1652
3711
2081
3713
2087
3745
3742
1714
1705
5780
6180
3890
3886
1413
34
6008
5819
6094
1975
7048
1435
3836
7156
6015
2198
1797
90
3930
3831
1987
7041
5843
5839
1045
7150
1421
3690
5504
3766
6208
1058
5675
1611
7071
2002
1040
6044
1930
2565
6455
845
6691
6694
3391
2817
3318
6840
619
2499
3498
622
444
2487
869
