6251
460
5866
6259
6252
6431
468
6256
6257
2727
6250
6442
6240
452
683
5908
4064
6445
681
5918
710
5868
5919
685
5916
6242
644
646
1099
6713
6254
6258
6432
6437
6443
5933
5867
2724
462
5639
4887
6719
6241
5864
6247
5136
2281
343
2725
7113
6249
5568
1093
715
688
2597
5934
645
642
6446
641
453
1096
2728
6253
713
456
1091
711
6816
6814
5139
340
342
2088
2286
2729
1090
5865
1565
649
5911
6444
84
3035
1680
5138
345
5130
1097
2495
647
2499
5560
2592
6810
5937
5172
5170
2289
5932
2288
643
4882
4211
5860
3039
5131
4069
722
5862
2280
3892
5175
4159
6246
6554
2600
5909
5537
6255
6448
2726
5905
5901
682
1094
6239
1016
2875
3034
2507
4934
2087
6244
466
2287
3033
3300
4171
5861
1784
4888
5269
454
684
6712
6073
724
5936
3235
2080
341
6320
716
690
5245
4486
2084
4453
450
465
2492
2285
469
4152
2871
6463
4884
4604
5906
489
700
674
4221
5863
2870
3256
3036
5636
7017
5504
5134
5459
3241
175
1956
4516
4842
5904
816
4551
2960
5917
3499
2771
3387
2863
5135
912
3811
6093
12
5165
5661
4744
4504
3735
693
3737
7123
493
4964
703
5939
5185
4210
719
461
4039
5784
3188
5569
5881
5384
440
2001
2047
3738
5682
2086
2494
5206
2013
6440
5454
2162
4150
695
702
5535
680
467
1503
1593
6569
4154
6663
6189
3890
5457
6714
890
348
1485
6819
7024
4886
4880
1150
5889
5137
5902
5910
5869
6434
667
3833
2114
784
3192
6170
6453
3515
924
4885
6103
1592
781
3185
2660
4501
3532
6449
648
2188
887
4557
3656
6886
20
1303
5133
3868
2544
1084
6403
6717
2206
4789
2890
2497
54
6813
5931
4219
2012
2564
3355
1055
288
5383
5386
2493
704
3284
699
2044
5491
5223
3717
707
5539
28
5068
6661
2604
2722
5355
3246
5907
1496
2599
513
4841
6184
5254
3037
4609
3736
6402
5610
3242
4460
5566
5564
1595
4063
1453
4062
4060
6462
2563
5602
4487
6958
463
5608
6245
2671
2673
1608
5880
3181
2609
4550
1160
4626
5484
3288
7023
1282
1277
5913
2045
6399
3709
4172
922
3711
1482
6744
2085
5914
3814
6034
1265
4151
2168
4745
130
2182
1726
349
7029
3703
250
1163
5145
6365
5443
745
2083
634
5364
5446
451
3047
5447
5524
2341
3263
6769
5580
6767
5168
5360
3630
3492
4774
3245
4799
1400
3730
705
6436
709
2016
1405
613
3350
3749
2490
720
1528
4113
497
4889
3354
3734
2601
3030
1898
3813
672
6400
5306
2283
2721
2282
5292
4284
809
4277
3439
5635
3466
6049
6668
891
6674
4218
1284
882
2763
1425
6160
2194
3313
219
6175
3674
6987
5152
5599
958
5600
6556
4276
4733
1323
4883
1446
5912
3842
3186
1598
1489
787
4166
1597
1596
3477
4285
2160
4623
5783
1452
1508
677
6340
4252
5476
1448
1488
5487
4229
608
2431
5458
4228
824
6324
5706
2002
5204
2033
2041
1000
4824
6004
2075
4748
5221
6027
954
2113
2048
950
1059
1065
1878
5825
4905
1907
1841
5884
1064
4881
1808
5118
1207
5754
1762
5742
4846
5452
2119
926
6233
5333
5606
2310
5597
1590
5619
4468
738
5417
1539
717
4353
696
5553
4714
1643
5638
2155
916
6108
6126
6132
2167
1655
898
881
2197
834
4567
4563
4559
1290
3304
1458
3742
205
2740
3702
90
2759
3704
3182
6474
3710
3718
3195
3383
3381
3215
6823
3893
3184
3032
177
176
3103
3506
4082
447
3511
6990
6984
444
2605
3570
2603
6558
6561
2678
7030
499
169
6815
6711
459
280
21
2506
3818
335
3834
3269
3836
3297
6763
2833
3586
305
4489
2089
1171
3975
3663
3046
2990
2152
1140
6927
6104
5855
4497
1145
6726
915
3748
4953
6557
3104
5728
2118
458
6998
5743
5146
4065
4463
6095
5752
6991
2145
6981
443
5062
5061
4666
6550
928
2855
2099
2716
2723
6665
3724
6179
3727
1062
6174
6172
1060
2873
3731
285
6169
3873
2183
2914
6165
5935
2200
2185
1981
2195
2011
2191
2190
2082
2034
1066
1068
2861
2968
1104
911
2749
6889
910
2821
6883
2864
1095
6776
4562
3858
4832
1087
3714
6195
1735
2166
6860
3722
4827
4608
4582
1202
6742
2559
673
7099
1636
6441
4343
3240
5629
3243
2566
5534
1404
7120
6344
505
4136
5453
606
3401
5268
3438
1535
4330
524
5542
7094
3226
5567
6364
2543
6447
69
1594
3199
1377
5264
1599
3191
1604
4283
528
2373
3190
2558
4244
3187
5406
2442
25
1520
5235
1272
4355
1422
1442
7016
5666
723
7020
3495
1723
1459
7009
5702
4410
6415
6414
1720
5505
5365
706
484
1427
4203
1280
7027
708
3327
1286
598
261
1444
6745
3249
271
951
5966
3835
3740
3286
3252
29
3831
4719
4812
3356
4818
3305
3810
6035
1559
2865
2110
2070
4741
3766
3761
6001
3760
5996
3276
6754
5538
5994
16
4728
6781
3321
3233
1441
5442
3746
5530
5547
3745
1019
4722
2091
3743
6766
5173
6818
5044
3568
5004
3057
5238
1675
4927
5236
1287
1658
178
5270
1302
3590
1884
1895
106
3398
6959
6090
3106
7004
5721
5163
5148
5683
5180
5096
3490
1760
5750
5222
5228
3085
5758
5656
5209
3631
5273
3644
3712
2937
5339
3713
5344
4830
1074
3183
1957
7072
3204
1063
3207
5358
1967
3358
1959
4834
1330
1611
5886
1307
1309
1641
3670
4867
1639
5626
1930
4849
4847
1116
1110
3701
6895
95
5327
3357
4829
729
4425
6396
727
726
4356
2797
2644
817
718
878
474
2192
3883
475
6708
6339
4586
6670
6158
529
569
2608
3880
594
2391
483
2760
2546
4248
609
4482
6185
4603
4247
2768
4250
6524
6286
6694
851
