6431
465
1145
5916
6240
5866
2724
5862
642
6257
3822
6254
6252
460
717
5497
5867
2727
453
6247
2779
6259
6713
647
6249
6255
5918
5907
4152
2773
468
710
711
5917
5937
5784
644
5868
685
6446
5912
5919
1094
5537
6246
819
5901
683
646
3215
1093
5938
6442
5905
5914
6251
4789
6241
3663
719
3030
5135
6445
6444
5406
2432
452
5932
5933
3235
5861
6258
459
6250
4159
3568
513
5910
2725
5863
3536
5564
5319
2673
6440
916
6368
5639
343
340
2726
5900
4064
5599
4774
5881
454
724
6810
1140
6432
6256
5783
3656
84
6175
5865
6693
3542
5864
3036
5682
2041
4818
7024
5568
4353
5908
6524
5417
142
1878
2281
5254
4352
5134
3810
4642
5476
349
6733
462
5597
6814
702
3383
463
466
467
2597
3964
1090
28
4888
1565
5934
6712
3039
3073
912
6443
911
2433
3586
6838
2283
6242
3665
2775
5762
2754
2838
2289
910
2152
716
649
2114
7020
3811
119
7062
3439
5913
3816
3071
5173
3096
2574
5531
3329
2728
682
2043
5175
3669
674
3103
1141
4228
6823
456
4189
6448
5236
342
5137
6288
345
4150
902
3335
5906
5130
5869
2424
4934
715
1045
714
4460
2162
6996
6269
5566
2156
4508
1841
3297
2230
6554
5403
3241
4330
1144
3777
5904
5245
2340
2434
1956
1096
4953
5152
3248
6389
5145
6441
3379
5931
5498
720
6320
2438
6353
46
5915
5580
2280
208
6365
722
690
641
4395
6146
2584
2286
4020
728
2054
704
3541
2729
723
543
5131
6813
984
6364
5855
6217
2730
7123
5911
6661
2793
2833
2797
2834
914
5749
3930
1930
1097
1726
3718
5857
2722
1739
6283
1879
675
4601
416
5225
2760
3746
5222
861
4683
6253
6663
1148
6286
2605
3547
1485
4172
5902
5138
4778
1185
3035
2321
4812
1539
2045
4824
5909
3074
800
3879
6369
4837
5636
4887
3204
3269
2119
4750
5742
4151
474
6245
726
6816
3549
2880
113
6244
727
620
6819
5884
2881
3398
524
645
516
5860
5408
1636
4885
5595
6385
4931
2117
2118
2421
721
528
6526
681
2288
6378
4752
6450
6449
6437
1467
5210
5136
2427
6377
2328
2145
1659
464
1679
1962
4823
461
6436
6447
5743
4551
1733
1755
4355
6982
2756
3243
3245
5939
5977
1241
2771
6073
3737
3881
2776
2777
3047
4350
4166
915
2837
7087
2864
4024
3749
3332
3813
6065
3337
1180
3838
2821
5936
114
2750
3077
4418
3126
20
3567
2738
3657
4438
3555
3218
3548
3166
2749
341
6216
4504
364
5935
4372
5090
1196
2033
4886
5132
1067
527
5139
6379
4880
3330
540
5504
3934
6558
2161
6986
3834
2110
991
2046
6004
549
5063
3207
3206
3321
3872
6373
5930
3253
3747
1670
3498
700
1121
3506
5333
712
45
718
29
18
1122
729
3587
6143
6439
3655
3654
5396
3605
3606
1091
1762
1092
5148
1849
5462
1976
1012
1958
5479
3817
1158
5204
3790
1142
6463
688
6391
5227
5233
3742
3740
71
1881
3736
680
1875
1711
3743
525
1061
4627
2287
4571
6284
3062
351
1395
3049
2956
346
4606
2869
6811
2499
479
450
2751
2494
2492
3037
3078
5870
3060
271
1389
6701
268
1464
1340
2944
4468
4830
517
4503
1760
2423
1350
781
3741
458
6769
6170
6762
3735
3731
4687
5235
913
451
6460
200
4276
2863
6465
4720
925
7060
643
6825
3730
6179
1699
6467
6453
3724
5635
5751
3661
3660
1735
4557
6739
1737
2723
6281
2721
2589
1751
6414
6415
3650
3649
3635
1080
6144
3539
3537
3532
3483
4674
4671
5447
3715
1863
5443
4645
4686
5306
4623
706
5372
708
1800
1730
1098
5786
1159
7050
887
4157
4761
598
2311
4179
181
4937
816
2359
3328
3072
1210
4170
5083
5073
5903
2153
4784
6717
3254
1328
5561
5016
5015
2183
6229
2302
813
1516
6886
3046
4249
5673
2282
3331
3092
3957
4051
6243
6489
3980
1984
3187
4013
4014
1459
3127
5629
5170
5895
4835
1165
4067
3354
2012
6023
4211
5133
3203
2390
938
4928
514
3202
3339
1277
1393
817
5626
951
5826
1736
5638
5585
5921
1608
1533
1680
6108
1206
6171
5470
5880
6034
1003
6173
5502
1146
6386
1154
1461
1007
1010
1354
930
1160
1453
944
1482
6306
5985
6091
1120
807
5993
5874
1233
5444
1099
1127
5754
1643
1207
1503
6072
5467
5706
5750
1137
1695
3584
6761
6763
4351
2804
6798
2865
2900
4250
2952
2959
2975
4167
3032
3034
6887
3042
6895
3064
3066
3067
4359
3069
2746
368
470
469
2426
2430
2474
2507
2514
2520
6694
4575
4565
4559
6700
4550
2598
2600
2603
4498
2678
4370
2400
203
3214
7080
7092
3738
62
3486
3719
56
3501
3711
3710
3709
3705
3528
3530
3538
3690
3651
2
3631
7074
3195
3761
3769
3231
3233
171
3244
3252
6990
3903
3304
3883
7017
7026
130
3334
7032
3356
3831
3818
3814
3418
3762
6643
529
4847
2051
2047
498
5017
687
1873
4935
6479
2257
677
6496
5013
4868
4958
4933
5221
6493
542
4902
1939
5273
2323
574
4748
6430
1957
6480
1975
4762
2367
2087
4950
2100
6434
4742
6525
5389
713
2112
6522
2155
3326
1978
1989
5146
6010
1232
3866
5153
1470
1235
3955
5534
1305
3205
5926
3208
3219
3300
1286
3240
2014
1993
3268
3907
3892
3292
3931
1188
3394
3864
5269
1126
6082
1123
3714
1851
3504
5307
1784
5390
5394
3535
1738
3544
3585
3659
5401
5402
1084
1131
3734
1915
3748
6049
3369
3833
1164
1163
1694
3830
3975
5172
6042
3815
1933
1153
3776
5211
5219
3438
5471
5223
3750
3795
3145
2102
4039
2300
4572
4822
4827
2581
4515
2256
1564
4882
2536
4496
4466
2660
2668
4411
4924
2704
2720
1376
2744
4493
5873
