6262
6265
6267
4625
2984
3455
6275
6264
2983
1181
1184
2990
2988
2985
4614
6269
6276
5851
6279
3826
3818
2121
1683
5383
437
849
374
1180
5883
3811
6273
2996
5089
1223
1186
3158
6322
6726
1220
5094
6263
173
4474
1182
6270
790
2123
5166
1695
2981
845
379
6199
4961
6191
4110
1583
3828
1229
2016
377
501
2878
6277
3081
2065
4609
1496
310
4798
6266
3418
1646
1386
2951
1616
3457
3458
715
3687
2992
3814
3490
5454
2061
1225
2980
3465
434
5474
4271
6427
1685
805
6709
804
2982
3361
4226
4661
2066
4223
975
644
802
6170
1615
3261
2986
1208
1140
6941
3450
7117
2195
618
2199
6437
2194
3466
3453
3452
2496
2493
2128
2236
2931
6248
2067
909
1127
4627
2474
5863
2233
1156
4626
1943
674
6990
170
4729
6363
1613
844
1525
4667
6821
6202
62
3451
848
2965
6274
6272
3282
5452
6747
945
6561
7054
6331
439
2015
996
801
5725
3021
1514
6174
3915
15
6182
1925
3728
6254
4478
1888
640
4035
5503
1949
1612
1526
3151
5505
5846
6753
1610
6260
942
1823
5569
3416
3417
2120
6498
1693
4472
1262
959
791
893
7105
6046
4331
140
740
4666
2549
3415
4962
5988
6352
2286
2692
5680
4160
5283
585
2062
4422
3464
6271
812
5794
7130
6008
1609
3912
2315
5459
5457
6245
2037
4083
2235
935
2769
2582
2192
1091
759
11
5310
1687
5776
3460
6225
6439
1571
6771
90
1791
2223
1684
3211
16
5850
4748
3358
7141
3424
1619
5096
3420
4390
4846
1946
753
6625
5326
3865
680
5656
7107
6239
5086
688
348
3618
6193
146
1261
902
2182
2181
5551
432
808
6334
1775
1044
3148
6335
5636
1222
235
4621
6339
4867
3753
3287
2392
1224
6231
3730
3199
451
3805
7146
1256
6502
908
1723
3749
876
5885
5861
919
1226
5394
5481
3741
3819
5384
3169
5378
4634
4768
1228
372
2255
3141
2964
3813
4042
1681
5958
7138
6948
5085
4111
3401
3578
1328
6006
2849
676
3454
1929
1492
6256
3369
3517
2175
2821
7039
4118
2032
5030
141
2117
2011
4454
6066
5692
6003
6101
5686
4890
1440
748
4475
5002
1447
2127
1144
168
4537
3916
979
64
5771
4283
4562
2977
6773
1191
2415
4157
3527
787
2228
1577
3868
317
3472
318
2234
4379
2060
2538
2204
643
2184
2185
1171
5844
841
2190
5797
3657
5942
624
5442
7132
1680
2640
2357
758
5467
2998
3028
6292
1379
1652
1655
798
2545
2331
2550
3511
494
4669
2613
6227
4531
2605
646
6448
639
4617
5602
5848
2608
1539
607
3893
3877
5557
4368
582
5531
834
5722
4356
4388
6338
4664
4473
10
1437
3180
3935
6354
520
698
2362
6433
1453
2372
5665
678
675
1618
843
6268
6845
5905
6761
3410
2722
5325
345
3285
349
179
4250
4247
3571
1227
5052
3423
4765
4762
4760
6716
143
4759
5045
5044
2271
1168
6711
328
1149
4084
6849
5132
261
6900
1682
3368
1877
1161
5158
5164
4312
4796
6915
1183
5955
6921
1937
1838
6938
1952
4062
1953
6947
2210
5893
6102
1265
3459
2649
1266
1729
2659
5884
2825
2656
7035
1696
3763
7037
6198
4975
455
3456
5028
5886
922
450
466
3467
5027
3463
407
2075
6673
7078
3742
4277
6931
3918
793
6927
1945
1155
7094
4811
4918
672
4843
6908
6009
3363
3917
6257
6021
7069
1494
3079
1164
4530
3367
5798
3364
6914
5840
3914
1926
4804
4397
689
2557
5053
6993
2543
148
1426
722
2513
809
2829
4442
6998
5728
2542
7014
2017
6002
3540
4218
5036
6082
4420
5731
813
7059
2484
684
2594
1954
796
1018
4915
5082
4396
4113
2130
3532
2035
3411
5681
6054
2099
174
2126
3419
6560
3086
6445
6175
3268
4539
1604
6441
505
3135
5336
1607
504
3280
3187
1717
448
7147
6241
3804
329
3118
2618
2943
6179
870
5392
5887
2282
2630
530
2296
2280
5375
3259
370
6585
2960
435
3827
378
932
4030
6451
550
438
6712
324
6426
316
4294
6251
4560
1538
614
2338
3656
1528
2708
4064
3351
7143
1272
1521
3910
3911
3767
3778
3800
636
2191
2702
3325
2411
2227
4293
5451
5934
1267
315
5865
5268
302
4564
2216
2408
1550
5937
4332
6055
4162
2646
7133
6190
2994
1099
794
797
4338
4167
4180
6014
1056
898
6230
5987
6058
1016
2612
2700
972
6249
2597
3992
4000
17
836
6120
6109
838
1314
4094
2710
1160
2932
1338
946
6185
2661
6001
2672
929
806
807
1221
6181
2069
4366
2991
7136
1025
2921
6171
2832
6079
3856
1774
5355
7110
371
1779
2253
2248
2244
1798
3283
6752
376
6754
1807
2238
3721
331
5300
1824
319
3309
4792
5270
2239
3316
5792
4757
5434
2310
1714
445
3755
4722
1719
6574
431
4741
3736
3242
2291
416
3745
6662
1740
5391
4747
2281
4749
5373
1726
7150
304
3685
177
3413
172
6973
159
6992
6994
6995
5051
6997
5068
4861
5023
4896
7030
7041
102
2086
92
4972
79
4966
7004
2219
6969
1969
5259
2215
2214
5203
1855
6827
6844
1890
2187
5137
2129
6899
6916
1928
5092
1947
1948
1955
1957
4847
4849
5080
4830
463
4165
1689
1692
5640
1497
4533
5619
635
4547
5606
6401
4559
5596
5590
4566
2422
4575
3878
592
3069
5651
671
2481
2560
3002
6296
2552
5750
5735
5732
3032
1578
5705
3036
3943
711
1439
5685
5683
2495
5675
4453
4603
1482
4607
6524
3808
4635
468
4622
4620
3177
3195
4615
3867
5502
1641
5470
3121
1642
5713
4681
4242
4443
5418
4232
2744
5983
2124
5864
4668
1434
1254
2529
1721
4665
1452
2133
1454
2135
1724
12
1152
5087
5067
4426
4865
3495
4960
1078
2064
4166
4954
4953
5777
1698
2080
