5464
1035
4816
2858
7103
5356
6207
2855
430
2411
3110
3125
5120
5035
4413
5122
3116
5124
5469
5031
400
5460
5126
4739
334
2417
3997
7106
3995
4737
2410
4814
408
3998
3993
6509
308
6041
5616
5467
3119
6881
7064
2414
4865
6513
119
2419
1039
6882
7065
573
7100
930
5129
5013
4638
2418
1510
2413
5127
3126
1678
4775
4730
7109
2809
5128
5461
1030
4415
3991
1990
2412
2857
1034
3999
6488
4810
5309
971
6833
276
3111
397
5362
2416
332
5123
5041
3992
819
5032
318
5039
4783
7102
5305
5375
1143
5764
6487
3904
5036
5321
862
4819
4736
5030
338
1327
4550
6288
3121
6480
6330
4417
895
3564
1031
331
5645
2583
1904
879
1820
4328
106
5685
5404
394
878
5724
4562
5842
6388
1640
6042
2133
5510
38
5033
1757
5353
4732
5371
1645
1888
392
3127
1905
1088
6879
6332
760
5718
5463
6886
6048
4326
4733
4418
2859
5630
2300
4942
7101
3114
5038
214
2471
6386
6072
4373
525
526
7107
3909
4818
4378
4412
4900
4807
1908
4805
3835
330
6159
4700
147
4470
5454
333
7048
3831
6515
874
2850
4511
4868
1049
1093
4473
4476
877
1764
6424
3473
3152
3629
401
868
3348
329
2339
933
4804
4803
5304
357
1501
1313
6426
274
6422
4843
6382
4556
2103
3680
6746
1155
1276
2064
2465
4238
5977
5029
5975
1894
2576
2455
2054
1660
1204
557
1029
6970
3975
3990
1694
2890
5125
5340
4306
4346
4371
7124
4914
6053
523
2988
31
5352
6774
2957
1957
1958
5462
4370
7104
1071
1133
1013
4364
3305
2974
6870
1952
6248
3493
6201
7068
1756
6047
6506
5224
7003
1810
1032
4785
6517
7092
4706
5218
610
2921
5284
1643
5847
5870
261
4559
2470
6772
5144
6360
4750
1139
3067
3062
278
2013
3845
2090
5379
1481
3129
4873
154
5057
577
5327
157
6691
3943
6844
6834
386
4530
1634
6071
1782
2224
1822
2228
2226
524
5307
503
5083
6040
4518
393
5073
4372
1633
4458
4554
6277
5053
4685
4510
5715
6473
4044
3700
6453
4477
4478
4479
4093
1096
6409
5703
2052
4391
4138
6389
1748
6512
3994
659
748
1322
406
3797
1870
6018
377
4948
3061
1326
7105
315
5514
6791
2830
4815
3112
2922
5611
2451
209
4917
3124
5229
1203
2879
5533
7069
6705
6692
277
272
2401
1082
2595
1208
3411
4802
3344
6019
893
5214
158
1218
6851
1317
150
369
7152
913
3054
5212
4751
2692
129
6576
2999
2426
1983
1444
2860
1207
3799
6696
4909
4159
7043
1263
2407
3780
2110
2402
5203
4459
3761
6876
5004
6849
3120
3059
2969
6291
3060
4031
3064
2963
5140
2950
5107
2939
5326
5282
2057
6284
6324
6205
1128
6202
6888
159
2067
6187
576
4402
5195
5452
2991
478
1268
4801
2835
4735
3420
2151
6653
872
3410
2309
5216
283
1338
1333
5318
6500
940
66
2818
6497
1824
3341
1758
3231
5347
4635
4575
1788
3497
1752
1083
2703
6536
367
6418
2641
5403
4617
4376
5407
6559
3457
5583
6425
2651
6421
5408
6964
6229
2800
1708
2777
1321
5015
112
1272
32
26
7121
4341
5208
5211
6050
6260
5011
1761
1027
1901
4129
1755
1037
1754
2843
1038
1046
4265
1743
5455
2853
6144
4242
7063
5219
1749
751
6138
4377
2842
2889
4410
109
2813
5413
1828
4379
6081
2929
1902
2918
4095
4300
1920
4394
4111
742
4294
6174
4304
4233
360
2397
1232
1589
1598
2116
4572
3349
6400
6674
3159
3619
4858
4863
3795
3796
6703
3359
5370
6629
2408
1235
2136
5574
932
3292
5614
4813
1224
288
6652
5154
1586
2154
5737
2145
5740
312
6436
4629
279
2378
4651
3422
2301
3128
6321
4784
395
2479
2044
3874
6544
5508
4922
1315
2028
1316
1517
6835
4995
3025
4752
1528
1668
193
2473
5193
3452
516
3838
354
521
398
211
859
2071
3117
3118
5706
1503
6015
881
1089
905
1067
730
5052
4808
4734
5619
4758
5688
1507
5003
1329
4393
4912
5520
4404
1346
4919
4911
5512
5459
5110
4990
4993
5944
5477
5021
5970
4901
1033
934
5613
5741
947
5982
1750
1277
4571
5028
4846
4854
1450
4872
818
4899
1059
988
1959
6645
3836
3834
3456
507
2092
2428
520
2095
3792
3790
3779
2112
2347
6884
6370
135
522
6569
3900
6975
2420
6301
2202
1138
527
2045
2422
3867
2955
2959
1185
6337
2055
3481
2132
2137
2231
3074
183
3531
2482
3636
6485
3626
187
6537
6534
6516
218
212
6503
3644
3513
3646
470
3485
6749
6756
6429
5149
6837
3719
3500
376
6827
3676
3065
2488
3647
6977
2895
6969
5134
4248
5342
4245
2827
4240
4239
7089
6140
3232
2833
2572
4231
1231
4119
4234
4272
2368
6089
6642
4336
6044
7159
6648
2737
7153
3296
3307
6075
2627
3256
6079
5346
2817
271
5286
215
3156
7044
7026
5302
6685
3412
1976
6180
6265
6237
1132
1977
3430
583
1236
1134
5285
2840
1221
1994
3352
56
1939
4073
6730
6200
6208
3122
254
2415
3272
3258
6768
285
2423
1443
4855
3155
6765
1427
1442
2427
6762
3130
4892
3221
1415
4879
4345
2453
2883
5025
7042
2856
74
1042
7056
7061
2851
2846
59
2838
7012
2607
5428
1337
47
2821
7097
36
5217
2795
14
2716
2702
5401
2610
4918
2886
1205
2468
190
4924
4925
3072
5501
4929
998
4964
1176
3056
3053
2924
1078
151
5280
1318
5008
2986
128
5466
127
5014
6897
2964
121
156
133
6555
1226
5927
6271
584
581
4474
3947
1672
2023
6297
1666
4493
6329
2062
4448
3857
528
6350
3832
509
4528
3775
3768
3750
2131
5788
5784
6420
3291
5845
5928
1698
1971
1802
6045
1776
728
4375
4324
6000
6070
4314
4308
1769
6086
4301
4299
