5418
3202
3205
6524
3742
3200
6175
2668
6285
6286
3206
6282
6174
3203
6284
3209
2669
3201
6281
6391
5851
1052
2179
3596
3741
3204
776
3282
4609
2665
7156
1054
953
5941
1739
958
6477
4342
3208
6270
6791
4405
2776
6393
5524
4404
5246
6654
2440
1219
2661
5675
5417
5631
3745
4603
3744
4079
3746
3250
6171
6954
6826
3740
6852
720
5392
6797
6792
6528
6007
5595
3749
6790
1792
4348
7002
5725
6561
1056
2170
2172
1546
2446
8
6176
3743
5721
2447
3398
3195
4369
6306
3285
4401
1692
3255
5994
3193
596
6751
4598
4593
7009
3729
4928
6723
2961
2448
5372
3767
7001
3597
4788
2513
4821
2441
2968
4340
4403
4381
4219
1793
1730
7143
2178
6304
6000
1598
6290
1980
112
1452
6170
5878
4345
5300
2677
1798
3125
833
5319
5097
7021
3013
2773
6658
5055
2881
3214
4255
6193
3747
4659
7162
1421
6151
3560
1412
3388
3820
7150
3281
4274
6004
1732
3849
838
5969
2672
2545
5678
6479
2565
2331
5416
5553
6539
1142
2310
4519
5791
2364
2173
116
5726
3079
1677
1722
5954
6527
3509
3122
3800
3131
6872
3873
1734
3198
1106
4890
4505
6728
6003
6417
2099
4116
4341
1738
149
2544
4078
7146
5915
4347
760
2775
2770
6657
180
2853
4540
2325
3748
5412
5923
4674
5855
4705
2967
1865
1978
3009
1520
6628
5672
6429
1614
6184
482
2431
2347
4902
4795
1581
6972
1500
447
4859
3458
4672
3463
6201
4851
4697
3658
2324
4900
5870
1102
3007
1247
5204
2919
2912
5853
6334
6670
2002
746
6606
1946
6610
2740
5871
814
2688
1963
6655
5424
1058
2568
3265
3242
3215
3207
6622
6287
6288
6289
5470
6300
3181
3160
5047
2088
2007
2550
6566
1820
3090
1662
6279
731
266
4402
3808
4122
117
7
110
7153
4052
146
4409
4382
4565
4386
4261
4490
7071
4648
6216
4850
4543
3802
1210
5717
3482
241
1596
4173
4853
5162
141
3191
6652
1175
7069
1545
6526
3864
1737
3863
3514
3512
4611
139
6651
2145
1213
1966
5727
1733
6593
1721
2053
1267
2675
2615
5425
4926
2674
3991
5841
6841
4007
5398
6619
4276
832
3829
2679
4023
189
3805
2521
3239
148
534
4855
7045
6629
4145
2689
3257
2562
2080
3985
6563
6656
3194
4051
5058
2338
5252
5251
1502
1501
4399
612
2876
5550
4057
1869
3681
2199
1794
1854
3072
5637
4203
4335
2293
6967
1828
2191
204
4085
4213
5099
4670
1800
1489
3730
6937
1180
4608
2185
5281
5575
3600
740
6280
5579
2842
4392
4385
4771
6666
4768
6664
6167
2346
6671
7158
1885
1923
2975
4378
3329
2996
3283
637
5945
749
6315
5299
1703
3182
1185
5286
1264
4566
5164
6653
664
1346
5897
2681
1960
4563
6783
5003
729
2758
5253
553
3120
1736
3098
1972
4215
4591
1975
4162
1193
4270
1864
6798
2906
3983
2907
5875
1728
5397
178
2238
5414
136
6529
6952
968
4031
4679
6538
6906
4508
1590
5520
1591
5606
4849
6958
2312
5698
4704
6525
2430
4354
1108
1110
1525
1017
1000
5572
1020
280
5556
2180
6916
5554
4462
284
4796
6522
2501
1386
954
4353
1635
6190
6590
2056
5621
2600
6975
3371
2291
1457
308
2560
459
6227
5668
3733
4070
5667
6601
2547
111
6600
5665
1609
6842
5608
3346
7164
2515
6192
4056
4176
5629
2190
4464
2989
5599
2329
6450
2193
2917
4560
2913
5691
5696
3947
1051
6427
2195
2892
672
6415
6677
670
2194
2918
1826
667
2983
2328
6332
4174
5594
6544
4126
5728
4141
2540
3981
2549
4514
5390
2558
2564
1968
5807
2581
1989
5809
830
2585
6624
5446
6596
4522
4008
5845
2684
6543
6640
5720
4054
7027
5903
6659
2392
5292
1931
190
6350
1118
2421
4497
2435
1217
4500
5881
2785
1214
2443
3957
4546
955
145
1204
4542
6667
2038
2930
3280
5039
1544
593
6074
6262
6914
4355
3892
220
1422
588
387
1336
3775
6006
3219
3833
6204
6927
1433
4983
5067
6235
277
6860
4391
443
3218
448
3804
3468
1594
6267
556
1592
234
233
3483
1589
3868
3192
6774
4843
1612
4291
3840
6002
3510
3516
4217
3094
4858
3093
3695
7163
5094
3376
476
7020
3720
5116
3372
4647
1699
3732
315
4211
5119
1276
3737
3024
3739
5152
3004
4967
4214
4671
6009
6070
4980
3394
6031
4320
3809
4644
3300
6197
450
4941
3807
4511
2073
3806
2068
2575
1606
6599
4881
2636
3810
2546
6387
4282
5738
7040
5423
6591
2077
3358
3413
2590
1632
3412
2086
2567
6565
6077
2551
1646
2602
5805
3373
7041
6562
918
3428
2051
920
2548
1167
5457
1268
4829
5473
6456
2321
4708
4747
4748
1026
3770
6173
2336
359
3626
4352
1432
3616
2192
7052
6421
3701
4649
2266
3760
4081
5622
6969
4678
1456
322
6425
6185
327
3769
4676
5670
2514
2353
6407
5530
1573
3001
6895
4032
6401
6107
6090
3479
951
6394
6219
6869
2509
6882
6474
6205
4357
3606
3603
5576
3780
380
1424
2436
4785
4792
6911
2418
6159
2428
4643
2182
6038
1356
6602
5996
51
6662
590
592
2840
2841
1890
599
4224
3894
5993
6292
4222
727
1223
5256
1753
4175
240
4616
1212
186
6650
4615
3860
1215
7139
2790
3869
3872
1947
6274
5018
1682
5059
5255
5922
2966
1837
1835
2972
678
677
5117
674
6721
1825
5140
4568
1821
1824
3002
5114
1075
2926
3066
1791
5249
5248
3944
620
6331
1287
5877
2900
1797
1855
4571
2908
5089
5944
4569
702
242
4547
4997
5388
86
1731
1190
3836
175
6626
3850
4271
4273
1186
2678
6811
3286
3986
6008
6027
3998
6621
2671
167
4520
6613
2663
6347
4003
4149
6607
6605
5387
2703
2604
3233
1330
3237
6631
6639
244
2746
6793
1199
2717
5314
1599
5956
