6282
3200
6393
6391
6286
3204
3201
6281
3202
3742
3206
3205
3208
3209
3203
2776
5418
6284
3218
6175
2770
6524
2773
6792
6171
2668
7143
2777
3250
3746
6791
6797
3210
6288
3214
1456
3741
6697
3743
4213
6290
2738
2775
380
2665
6176
1875
2779
1050
1180
4341
5524
3219
3947
7140
3589
1220
6798
2368
1052
3255
3207
4402
2688
2669
3740
3062
5417
4788
6002
6000
2584
3839
389
6174
1452
1896
204
4340
6398
534
728
1899
2254
4771
3864
7146
1885
932
3512
6477
3744
3055
4617
1227
1632
4240
6310
2953
2001
4401
6600
6429
2926
1897
5791
1128
3215
6685
668
658
1356
6861
6085
2223
2772
1898
6271
6298
4623
3811
3873
670
3749
4096
1228
3254
3213
3942
6278
1722
5733
2145
3663
864
6003
3131
438
2190
2920
5311
4001
7073
1826
5915
1047
2108
4301
1734
2610
3907
2681
244
5851
559
2651
4997
6995
677
4697
1505
729
6654
3513
5555
465
2537
2172
6761
2170
7047
6173
3654
6201
7078
4252
6301
6300
907
300
6469
3745
5055
2975
1185
4609
157
3902
43
1142
1972
1974
2881
5117
7153
1891
6804
1121
1137
3999
1821
4226
2846
3732
6657
6258
1224
5887
4040
2961
309
255
4223
2536
1159
6275
4219
49
4611
3483
401
2866
5398
3051
2195
6350
5635
3171
2491
145
5412
5197
1341
813
4448
4553
3011
7045
3922
2386
5150
6750
2226
1229
2191
5563
1136
6206
1893
2346
3905
6372
4522
6056
4903
676
6179
2771
673
6273
5392
4093
1455
1276
5245
1801
6098
6385
4348
4871
2882
2325
1131
4179
5281
724
6671
2581
4593
847
5083
4061
4768
6622
1616
6438
5327
2138
6898
5996
3096
1638
2182
1819
2597
4849
814
4745
4748
1058
6004
3963
6892
5332
102
1808
382
186
5028
5631
1509
553
4328
4329
6394
4714
3403
2347
6274
1890
6116
592
3281
671
2364
6269
6793
2369
1129
535
44
3217
6340
3565
78
1138
1345
6639
4933
4305
1358
2192
6151
6027
7144
6655
6407
2454
7017
5286
5282
3216
68
6276
6977
4250
1167
1225
4255
4891
3909
5945
4534
2969
2874
3733
5416
6882
3816
2100
6285
2068
6595
2091
6493
1216
4780
5959
2966
306
3862
6826
1222
6291
6296
3826
1166
2925
175
5382
4795
3747
7070
4762
6294
3920
5057
2905
1223
6606
4902
1946
6307
6023
4033
487
1123
4138
4300
1741
672
279
6817
2221
6024
4303
476
1828
2360
6652
1152
4930
4306
1743
4998
3112
1901
4080
4323
6998
2930
4407
4405
5702
961
723
36
6371
2049
2774
976
5067
707
4067
4069
977
3863
6801
2417
2460
4946
1836
3212
5372
1104
4134
3546
3887
4178
46
1213
2053
4954
5480
2052
541
4863
6376
734
5405
6009
6277
6170
396
3632
835
832
831
6841
6526
5861
1679
1954
1612
318
1818
316
6465
1251
6528
2103
1181
893
5797
5903
6619
4690
6794
1805
5565
1806
1153
5330
1933
1800
119
4486
6769
6460
1257
6242
7129
1748
3122
4630
3729
6297
3573
1459
2528
1321
6467
6155
6280
2854
2196
4173
3162
6352
2199
1784
4174
3174
6428
5757
6471
6252
2922
1244
2185
6006
2845
7039
3991
2541
2021
6164
6007
302
3730
6106
4380
4691
3321
6844
1198
4996
674
6105
2400
5597
6292
1108
5129
2902
2685
688
2402
2403
2409
1114
6268
1122
6974
5069
2906
1273
2923
6255
5196
6279
4431
1247
1035
6754
819
4552
6759
6906
3111
3180
2565
5108
5173
5758
2820
1259
879
2734
6194
6811
875
874
1274
4626
5003
5056
2976
5225
5004
5735
2875
4404
711
5005
4678
4676
3233
5065
954
2482
731
6954
5123
1221
1133
1083
1134
1081
4555
5705
2656
1352
3182
2741
5020
4112
6699
6434
394
7048
3640
383
1635
5994
3658
3628
3676
7066
3678
7068
3692
1662
330
4770
1687
3677
410
1614
3601
4944
6421
1546
4941
5297
5300
6638
2210
3559
1581
4742
2197
7035
6632
6631
3588
7040
2181
2180
304
303
5359
4895
4854
116
4167
111
1803
1804
4851
5424
4154
6529
1825
1827
1908
60
4031
48
6539
7154
4074
3944
3485
3943
4175
5970
4778
4229
4225
3798
4224
4207
2051
3836
3850
2024
206
3861
5391
4196
5397
3878
3900
4177
5414
5694
6272
4965
4693
4354
2362
6681
3463
6684
1500
6061
6682
603
604
4334
1499
2935
1205
3829
4208
958
4516
5751
2929
4111
241
5949
1210
965
4977
222
4787
2036
2031
2028
2918
2687
4395
2689
666
3868
6492
2697
4350
4781
5364
6598
3739
3737
6705
589
305
3726
1681
681
6881
6304
897
1671
3268
4613
4399
3016
2102
5643
3748
5844
2359
4347
5952
936
5954
5061
931
5000
3782
5701
4892
2290
5845
4598
6216
4894
2970
6483
4794
3696
1905
4983
4023
4142
5104
4011
74
4008
2373
3349
3973
1143
4850
1060
5252
3339
4991
2778
4047
1869
6270
1865
4089
7163
4085
5593
1887
4078
1853
3323
7151
32
2378
38
47
4793
6810
6100
7117
160
6512
5072
4804
2876
5734
6494
2888
2893
4193
180
181
4391
1757
1781
4166
148
6557
1802
6082
1046
2831
121
1043
5463
129
5912
5120
4855
5409
2853
5408
5599
660
887
2131
6397
3187
816
6388
4637
3188
2178
4420
6908
5320
4342
6026
1617
5550
2228
5267
550
3552
3630
6322
6169
6437
3633
581
3634
5630
7042
5777
812
3442
1502
3558
1501
3172
3563
5561
556
3566
1347
2194
4302
5029
2193
6162
1349
5308
3243
2220
1350
6452
5185
436
4330
4438
2184
4639
387
6946
6422
3653
2259
5762
5001
586
3661
634
2143
2421
3484
6029
3674
2134
4316
4345
341
3030
6050
6040
3097
6891
5294
6960
1630
5329
381
5008
5295
1544
511
5679
1527
1158
1939
4993
2407
6670
4950
1862
6425
1374
