6175
5418
3250
6288
6792
3255
6174
3742
5416
6171
6524
3257
3202
5417
3253
5246
3254
2775
3204
6391
3743
3746
3206
6282
6671
3205
6791
5424
6176
2773
3201
6286
3200
4748
6173
2776
6393
3747
6284
5414
6285
6172
3749
6281
5412
3203
2777
3741
3219
1875
3209
6279
6561
3740
2173
1052
3251
3208
6797
6170
6399
5175
3733
4404
113
5244
4747
3215
6678
4740
6817
4219
3739
5240
6790
5861
5782
7143
5818
1103
6179
3729
3193
3233
5241
726
4828
4741
5852
6995
2705
3252
6655
6004
3195
6798
6654
6883
4210
5419
3748
3730
6619
720
4211
3442
5567
6271
5815
5563
556
721
4213
4438
2668
958
672
3665
1544
4821
2774
5702
5252
6813
3602
4405
6675
2178
4402
1054
266
2546
3069
1847
4401
3214
3184
6793
4031
4742
2981
43
4609
7167
463
1223
465
467
6105
2665
4534
3207
2565
2171
2172
7144
5668
1185
6811
2881
116
6529
3738
2167
5608
1014
136
2988
3210
3218
5862
234
6483
1181
2935
3777
769
1923
723
1576
5881
722
2770
6794
4783
3194
1229
5131
4853
5367
5635
1734
4296
7001
2526
4291
4322
4945
3512
6278
3734
511
5245
6258
5366
5609
436
6635
3259
6656
5561
6640
2779
6657
3235
451
6026
3024
6208
6200
1972
466
647
2436
926
87
2597
2600
2179
3182
4261
4409
304
2552
3658
4829
5851
5667
3181
3723
4597
4941
2347
2345
2772
6679
1639
2934
457
3902
1808
6287
1946
1845
3381
6396
677
5415
3810
3523
4785
4382
1940
6607
823
3998
2980
6600
6300
5520
6274
2051
4745
5817
2818
6340
6621
3666
5132
5980
6255
879
2919
6347
1142
678
4531
5055
5173
2519
6649
5812
6596
6652
6593
5524
6560
6717
2145
6624
3661
6629
3731
3663
6528
2543
2544
1543
543
2558
4968
4217
1996
1637
1633
5578
3813
119
1836
7028
4299
4407
6277
5565
7002
3515
6998
5133
1617
4323
6304
939
4292
4553
4266
4557
4267
6053
6070
4260
83
6024
2423
1722
49
977
54
4111
3072
6023
6967
1839
4768
6322
2493
2490
6423
3171
673
660
4764
3767
2983
3957
2465
5784
4403
649
4522
6810
2602
6201
2740
3031
951
4430
5221
2696
3066
3890
3173
6061
2758
2703
3062
2606
1579
3179
1108
6439
5850
2734
455
3033
6076
5863
450
3065
1222
5192
1638
2048
4949
1606
1849
5089
824
1619
6610
6606
3806
1611
1616
806
1573
6318
6590
553
3744
5897
6269
711
6639
712
5176
3096
5411
3818
6373
3816
6631
2669
731
3761
6383
6622
5959
4309
729
5354
3676
7168
2927
267
5636
7023
4895
5497
4606
44
2504
5785
5802
2508
6783
2348
4106
6714
2895
7078
7070
3678
3686
78
2456
4826
1503
7047
6952
110
3407
4535
4538
7139
308
6745
6895
147
7154
6670
5487
5543
6658
5801
2170
6996
2088
286
2267
3654
6685
3188
4973
3737
6260
3213
3468
277
1143
2274
3092
640
2497
6477
1218
1322
3186
3185
4848
5787
2496
6299
5607
2286
2144
4138
7014
4523
5122
835
3199
2280
5420
6447
4134
4827
4493
3517
1612
7025
4832
5152
6273
2017
1145
1455
2018
3387
2174
3300
1278
3674
1607
4771
3461
5781
728
3873
4788
26
4946
4822
3258
3938
4279
4385
4947
3732
6705
541
5498
4500
3589
7140
7146
1060
3030
6398
2738
719
5642
6893
3724
7152
3026
4817
724
7151
6029
1545
4903
725
6167
975
3116
4637
3567
3735
1224
4539
5903
4656
4294
1107
1784
6651
5717
5223
6603
1594
5217
1104
2346
4948
6432
510
6712
6709
1944
4362
6958
2928
4364
749
2477
1472
6965
3568
3760
717
2246
1890
5938
183
3769
1897
5551
6955
5547
186
6951
4380
3779
6370
1908
5889
1892
3565
117
3920
3849
3055
34
5379
2368
2699
2746
2852
5706
63
5233
70
76
7086
4638
5287
6085
6084
7165
1680
6047
4550
2400
7156
4082
6055
3872
4270
3861
6072
4274
1386
2388
4659
3402
3008
6205
5164
130
6276
7021
135
6283
6999
2661
2658
5140
2275
5137
4329
5557
4227
4529
5941
1833
875
922
5179
7071
4678
5171
6245
1631
1820
1825
3814
2315
7044
881
6265
714
874
2218
5051
4810
4263
6591
303
1581
6815
380
3736
6440
4972
4492
1221
306
6515
2013
3177
4830
2592
6632
3305
349
658
2507
6448
6616
6486
6480
6602
6605
3692
6488
4950
6799
5430
2599
2180
1227
512
638
6713
3180
6595
4893
2040
3281
6493
4900
2608
6601
2494
2024
347
6694
6662
3745
5041
1960
559
1549
4938
4902
2022
3669
567
1499
6653
1247
3664
4901
6650
6754
4932
1595
6638
2141
4824
1215
4431
4172
4944
4435
1228
1630
4980
5611
5170
948
6247
4974
2028
1800
5187
5724
1809
3079
3291
7079
2327
932
913
4298
1118
936
4203
4051
4677
3819
1805
6755
3833
534
1572
5219
4593
484
5855
3439
3051
1018
5290
5293
2059
5308
4276
6074
5361
3234
5375
6690
6066
464
5637
6674
1254
4268
4558
2557
6646
6659
2553
4265
3243
3440
5471
360
6007
6630
2890
3068
4465
3406
2540
2697
4892
6715
7106
6758
973
6614
6617
5689
3263
52
2541
2052
2855
5463
5247
4290
6628
6003
2709
4287
4096
2373
4894
5378
6000
894
3727
2188
181
5126
2183
180
6385
1869
809
1327
739
2269
5939
5534
6478
3187
285
1203
5425
825
832
3652
3514
3959
2813
4819
2185
1596
2611
5070
1501
6436
2191
5083
760
5878
5885
2190
5935
1604
1896
3619
5550
5062
4395
1980
5058
5890
341
1174
676
3192
160
3811
6403
237
6270
1452
148
6267
1832
706
707
1830
6774
1598
2938
4178
2143
6264
4537
2810
4687
716
2811
6557
1945
5888
6415
6886
5544
301
2283
2460
302
3197
3198
138
305
4078
3510
5954
2196
6520
3596
