6294
6317
263
4304
6307
389
5095
386
4305
387
4308
915
4303
998
1748
6301
916
383
2068
1757
4300
3364
762
761
3574
1743
477
474
3360
7047
7116
4820
3931
254
4262
1893
4302
6290
1657
3365
3325
801
3770
5556
997
991
4264
439
4307
1999
1285
92
6313
3433
103
5673
3776
4671
127
995
4698
4238
3322
4265
4301
2425
7137
5440
384
1749
1289
258
6071
4340
840
803
261
2895
1531
4673
2050
2440
2148
3042
6200
278
2520
2789
4643
993
382
479
3335
3366
3522
7037
7132
5977
1727
2786
2134
6801
802
1572
2933
3323
5571
2595
2052
2012
7012
5949
277
804
1570
581
3327
5946
7130
1577
5679
5574
2843
990
3367
4908
3332
2234
1337
2301
1328
583
1170
260
4393
872
246
1578
5465
6749
954
999
3321
380
6351
2058
7049
4824
7072
5263
6534
4841
5683
2112
4309
2128
472
701
375
1332
2361
35
1647
6310
5857
1726
7023
3383
6291
6562
4646
2132
4422
5212
913
893
4342
6428
6146
7038
3326
4839
3361
2510
3362
2468
2448
4644
3369
2060
3336
7061
6303
4537
2444
1283
5082
405
6350
7118
856
1741
7138
6518
2521
955
1371
5894
1538
6742
4
6736
4055
4053
3978
2237
3898
2300
5328
3775
2877
6889
1995
94
744
808
6834
6827
4060
3045
5038
82
5545
2137
1714
4524
5060
6804
5685
539
5078
4825
806
4734
3631
2936
3559
766
6105
1559
3761
2474
513
6248
307
2115
6119
6955
2953
2939
844
1216
4642
3028
5037
122
3320
1846
4327
2670
2426
7034
5930
6731
7031
2048
6554
6506
1562
2787
5892
5359
6700
4412
1979
7015
4440
3498
1178
2428
7111
6515
935
5493
6786
6738
5993
4184
6783
5448
2389
78
5922
6741
4224
2208
615
5321
5208
1501
2204
4856
5242
5269
6100
2441
657
2152
381
5542
5431
5828
2136
2135
2346
2427
5409
425
5570
6040
5098
5104
2216
2205
3054
4314
3516
6568
1992
7016
1993
6523
1996
3355
4321
209
1669
7020
3477
910
6476
6451
6450
892
6426
2708
4439
6581
6672
4287
3537
3051
3682
6946
1334
1694
2985
3933
3972
3102
4057
873
1030
2878
4174
2866
1157
3552
6755
3548
1866
3539
4260
2879
871
3258
6359
6311
3385
4530
4784
3634
2103
841
1715
7069
4647
36
4475
4675
4685
6213
270
1433
4690
4802
259
6314
4815
4477
3271
4729
5515
4826
4073
1325
1370
2336
4724
4090
5523
1023
2488
718
1034
3848
5616
713
499
4800
3913
512
1092
5668
3189
5559
2489
4880
2304
4180
3059
2840
996
4498
5075
4328
3481
2398
3404
845
3437
1499
2437
4490
3473
2635
879
877
5270
5274
5277
2370
3551
567
2466
1485
3111
3534
4273
4956
4274
5017
2446
587
1295
800
1215
807
5400
4834
5175
6047
100
1665
5843
7052
5849
6012
98
310
2180
1994
7032
6575
5990
5989
6716
91
5980
6734
6211
2113
6935
6793
5907
79
1707
1847
6194
6189
6747
6481
1752
7048
423
6363
6287
2057
6387
470
6
1825
6440
2
1643
1842
295
2061
268
5071
1848
6797
666
708
709
847
2443
5053
2120
3976
3975
2954
344
2124
4171
3946
6776
716
2122
6114
6843
6106
1843
2920
2462
5002
128
4051
1037
1036
357
1043
2897
2133
6800
6182
1047
4953
2469
6809
5036
1027
6808
6803
1050
6070
4889
1470
4061
6802
5724
2857
4670
4347
4348
792
1634
2011
2785
1446
2065
2062
908
1408
4410
6416
4345
4584
887
6389
4443
2049
2615
6308
4523
2638
1645
4496
862
274
4466
252
4414
6760
217
4326
6188
4823
2849
4819
2522
4206
2523
4809
4214
3914
4804
6737
2809
4744
6502
2525
4266
6707
4732
4297
1990
768
769
6572
4306
4721
1997
6243
4324
2534
970
2842
3979
1574
7045
1288
3439
5890
3144
3130
3495
5903
551
1708
5443
1526
3145
3550
3554
2229
5406
2224
3558
579
3101
5371
5368
6945
1143
5365
5420
3056
3155
5856
5743
7163
488
471
1724
5666
5662
5756
2274
1235
7098
2296
5528
3337
5764
5579
31
3363
514
1550
7064
519
40
1568
1211
7062
7077
2213
849
612
3841
5128
3871
5161
3649
6043
3048
2421
2423
3650
3038
5210
2982
5217
385
3639
3016
5211
5305
3010
2783
7066
4359
905
4364
6847
3015
1206
909
1281
2932
1821
4389
2927
6888
218
1282
1402
6844
3779
3636
6438
851
1
3301
857
249
3307
6870
1690
3939
6360
1744
1273
4455
4452
3163
5729
1238
3329
874
2944
2667
3875
3182
4419
3181
3977
6848
3861
3771
6878
3878
3430
3435
1819
3658
81
6962
3654
136
3556
1703
4188
3557
4104
1684
1799
6757
3667
6954
3647
1148
4187
6779
4115
2870
4175
2875
6789
4119
4167
6942
6925
3572
6980
6745
6983
6511
3769
205
1324
3471
56
3129
3704
1774
67
1177
6694
6821
1959
6704
3686
964
6814
3115
3530
6999
3113
3533
1892
4243
6997
2834
2980
6992
215
1841
4460
5057
2069
4676
2155
4847
5476
4849
2508
306
4672
5898
5450
2539
2332
6283
5987
1571
299
6108
5527
5106
2483
4633
4648
6034
6014
2422
4798
2202
5985
4807
4738
327
4808
5973
1507
5374
4719
5377
5943
6186
763
2345
848
4731
5426
4828
5438
4723
731
6038
5520
2305
4969
1553
5065
4982
5645
4622
1430
829
5671
2447
5744
6089
4495
271
5741
478
4492
362
366
1437
6044
2138
5994
4605
2249
1567
2129
4606
4905
1495
5577
2250
1335
6067
6852
3968
3652
6873
2986
5239
3969
3659
6007
6851
3041
370
119
5243
2154
5237
6024
2429
6050
1698
5125
6051
396
3262
5207
1697
2175
114
3896
2442
5062
99
5219
3717
5231
3699
5119
643
3961
1822
401
5054
3645
7075
1751
32
5777
516
37
1213
5820
