6299
6314
826
749
5727
6304
1368
6302
6345
4363
1413
6300
3556
6312
6342
2096
6303
4400
616
5114
3592
6358
6723
1376
1377
4369
3901
829
6459
6313
132
3013
246
6317
1412
6167
243
825
317
1335
5720
125
3957
264
1601
6318
4731
558
914
823
3599
6184
827
6704
619
5744
1605
7047
4902
6153
822
3583
3389
4403
3954
6295
1749
6450
5116
6316
1699
5087
77
4344
985
3706
1130
6457
6002
5726
909
6062
5359
6700
575
1580
6315
6059
2177
2140
7144
2170
1976
539
4606
6309
6187
6706
4905
3059
1740
6701
124
6305
1375
137
4582
4589
6311
1372
6308
3552
3876
6103
828
162
7039
6319
821
5421
4434
4174
3907
5119
1434
6064
2146
3653
4170
1027
4408
4407
6155
3053
5728
572
6707
40
1600
4900
4726
5729
2284
6952
242
7051
3071
2981
6005
2489
5576
2645
1527
5941
795
3215
6953
6068
2663
5385
3381
2319
1438
1841
2171
5430
4450
266
230
5898
5721
1108
6347
6306
73
5521
5260
6287
5765
4404
4445
253
2638
1105
4186
6070
256
3595
743
588
2385
259
1392
3597
6100
571
1487
277
241
1854
537
5923
613
5649
5642
5903
7118
46
2094
5658
3068
3257
3072
1363
2199
3384
6341
114
385
1364
5026
5673
4405
5954
4853
384
4584
5722
275
268
4891
3655
4440
6055
6283
3702
6157
2336
4181
3951
1137
4183
2635
5741
5940
5403
2446
4857
6221
4175
499
1646
5907
1644
5671
1270
1892
5424
5640
6307
836
3522
6301
759
4727
4130
6183
5117
167
169
1369
5272
1606
5499
1374
4581
2396
4114
820
2179
1266
4986
2898
5092
4416
2815
6956
5976
1847
117
1747
2772
5081
6908
1709
4784
1677
1746
1588
1582
5679
4839
1743
506
565
3905
586
531
6192
6083
1741
4744
1694
2580
6177
1548
3976
433
6794
3387
2131
937
6350
4557
2174
139
3385
4360
1362
160
1367
6003
1378
6009
788
5743
1383
69
5177
1090
1084
3191
3193
5926
1062
3213
4456
5939
3073
36
3258
3308
3029
6523
2097
3077
4598
1360
5528
272
4980
6728
6290
2774
273
1419
2779
2775
6297
5781
1513
6067
296
6298
6792
5608
3771
3251
2482
1026
2478
6783
1156
6887
3066
3250
434
5672
6786
5225
4861
2600
3195
594
1072
3971
1074
2634
610
3217
1013
576
2673
3591
5495
3570
5493
536
6702
2797
5516
6310
6289
2530
1332
5093
1264
1261
5538
5543
5414
3716
4942
5556
5654
1395
5357
577
4938
3747
6156
5930
2565
431
4280
6125
4270
232
2310
4231
267
4221
1816
4187
6968
4115
5723
363
4107
4747
5694
5793
6935
4587
4361
4513
4506
5938
33
5945
56
5902
89
4419
2148
2150
2155
110
4402
4401
116
4364
4568
2440
5244
1706
5098
1305
5466
2616
864
6073
1334
6671
2352
1535
6071
6987
847
5580
3521
894
899
589
5968
3355
5159
4444
2460
5900
1576
4439
2196
5420
1267
1275
5428
2893
581
3996
5115
5126
5168
166
4832
6043
4213
2711
6060
4265
6748
3707
2777
6740
2314
1679
697
1436
3656
2448
2449
1480
760
5674
2660
4322
292
1371
4320
6006
6063
1366
5846
3577
4512
4210
1489
663
6040
2785
2232
3350
270
4089
6152
4044
5235
4494
2438
1730
5275
5215
1068
3061
6843
3978
3056
5912
496
7143
6950
6467
3210
4732
1050
3112
2012
1029
1213
2519
2035
6436
2434
2526
4035
354
5349
3857
3041
2099
3050
2982
4499
3846
1991
5237
2442
3054
6001
3983
196
7164
5037
5027
3088
4309
3216
7041
5675
4586
4519
1102
7043
1148
3551
2040
5236
6047
4263
231
5020
4628
244
4271
6294
6895
4846
2784
7021
1125
2050
3641
2257
1432
236
4490
249
5230
5380
3528
3060
2869
5097
44
6505
3678
45
5110
4406
3058
916
5192
6511
2157
5426
2139
2138
2137
5955
6561
1189
6525
5411
4446
5906
5910
6534
3346
929
3965
3459
111
1365
6684
3236
164
1160
4571
4570
4569
3075
4565
7086
1689
3513
5059
34
5913
2180
4368
5487
4561
3255
3069
2173
1338
123
2000
3479
6907
1301
5914
1380
764
2552
286
4876
5559
2367
538
6109
4875
1611
4212
4872
4898
2398
4870
1786
4189
2399
2639
1811
3816
2391
2384
3772
3825
3769
1515
2665
2575
3765
3764
1815
2671
559
6962
346
1499
1496
553
3745
3170
6171
567
321
2604
2357
482
4746
6880
6980
1647
1556
6798
1728
383
3812
6796
4841
3900
2734
4222
590
3810
5667
4220
4745
4036
4741
2637
2332
3685
6856
1260
2611
1574
6665
2842
2133
2843
1691
5128
4158
6801
3415
5103
4422
5433
2890
3439
103
2591
5436
4415
6195
912
2143
913
1279
892
891
3822
4674
923
5962
925
5677
1570
6074
6390
1257
31
4479
3076
3219
4483
1153
387
5223
3116
4862
2475
6465
1159
5283
436
5279
1066
5660
1119
5934
1080
2493
2028
5267
3981
2441
1131
1701
2541
37
7126
1254
6086
564
1245
1241
2938
969
4694
5461
4457
1214
2106
4817
551
6824
3024
4522
49
3051
3303
47
1724
4840
369
1607
4871
5894
4903
411
5561
6689
1401
2655
2720
3602
7069
5752
4232
1856
7061
4945
6000
722
3649
3956
2282
4340
2193
745
5786
5540
6775
4324
6693
1411
234
3715
3708
6247
4199
5832
2794
796
2668
3767
779
660
4585
736
1844
4321
248
1460
1817
5501
4194
3526
5534
2191
615
316
4671
3593
4560
1336
1483
3657
5778
4279
6735
119
3659
6755
6736
3661
4277
269
6325
1863
1399
131
6049
5492
4190
1484
258
4182
6220
1361
3720
2190
5058
1686
6718
4907
419
6991
6790
6889
5978
3514
6048
1713
2705
2539
5770
1626
5943
5553
1475
2001
2400
2725
6291
6173
5925
5520
2058
2026
5273
2494
1120
5753
2051
