6301
383
386
389
4301
4302
6294
6317
380
387
4303
6310
382
4305
4304
1743
1748
6290
1741
6297
1976
7047
4307
4300
1757
6298
2055
43
4534
1128
2319
278
1742
436
4863
384
6307
432
874
4734
1644
4549
1133
2068
1134
1518
6459
5907
6313
6
4308
6295
4671
4324
2486
4852
6502
4907
263
6450
5949
6948
6707
36
5894
6247
6304
3308
258
47
6350
3634
499
6312
2345
3913
2015
6386
5984
5032
2413
4673
6132
1438
6291
1206
2308
2134
2411
6801
4238
2425
5401
1694
2094
2052
274
1749
2866
1634
1990
5615
6146
2342
7061
2935
3332
3516
4444
4968
381
1753
5938
4531
1021
1450
3702
4361
76
6685
260
1139
6704
2818
2858
7131
1432
3878
3217
6047
6287
5993
583
3906
48
587
35
4524
4535
1690
1608
6662
4810
3835
4187
2347
4235
7032
2921
132
4538
5403
6681
2236
6804
4224
2939
4855
3433
3905
1337
2325
6764
672
3322
38
2286
2054
2417
1068
1136
4413
2191
3776
254
1029
209
385
4850
5679
1213
3439
1255
3876
5903
1335
5632
6040
6308
4541
69
7118
7117
277
4226
3099
1604
4223
5428
3072
128
912
4539
4537
4064
6666
4530
2803
5095
5168
46
585
49
581
4862
6100
4343
2720
3210
6128
6299
1751
1514
5359
310
2348
5063
4859
4902
5284
2931
4873
2840
5685
434
3761
3538
3329
4854
2934
470
7052
6360
4552
6759
5980
6749
4731
5989
1430
1437
4328
4533
1752
4309
6684
1635
4617
6207
6302
6300
7091
4545
914
916
6282
6284
4231
6363
1338
6296
2210
674
675
2057
988
5902
3900
2211
6515
6511
2137
1064
4446
4419
6554
6303
6377
5336
3022
3336
3359
3361
1101
5321
6518
437
3126
6314
1131
1436
3213
1024
388
1257
6436
1316
5125
5104
6585
1066
2343
893
1519
6775
6862
5939
2131
2133
2145
2473
5924
5673
2460
5899
2427
2225
6806
676
2397
5777
2346
2448
2542
2553
2607
6259
6672
2344
891
5433
2843
1693
5466
847
2738
6101
6078
1870
6048
787
6762
6881
2018
2049
6664
3406
2229
4736
318
4598
119
4267
3800
3975
3969
7119
3805
4344
270
4858
3574
127
3717
4174
4407
4448
7138
4496
217
3840
4809
3873
4815
4410
4422
5906
2418
249
4841
2251
4805
5901
2214
677
2295
2257
3798
3403
3769
5741
2953
2936
4901
533
6524
2812
5467
2804
3716
5553
5564
570
573
3721
4860
6868
5671
267
265
2488
215
3770
2464
2426
5922
5966
2140
7110
89
81
954
6331
6337
6339
971
44
1370
934
4359
4366
4369
4495
1023
1026
4485
1170
1137
6506
1067
4365
6288
4555
4189
2139
2138
212
4801
4800
6917
2056
3903
2050
5970
7041
4776
5987
4726
3963
6055
6061
6706
147
1647
4175
6248
1525
6783
5385
5913
3067
5052
5086
5051
5043
5354
3534
426
423
3010
3530
3334
474
3111
5037
457
3580
3591
4297
3116
3118
3802
3803
5724
4562
5002
395
396
5083
3326
5820
3809
615
4160
5720
3548
5885
4306
4129
2468
1506
75
908
4739
3102
2423
2421
1470
4265
2414
3775
2412
2410
103
6311
4548
3472
2360
4214
4116
2359
913
4213
6665
2462
5727
4299
3544
5364
873
3874
5946
6071
6070
3219
4710
1876
3527
3306
6053
6050
3978
1828
761
6736
769
6740
2014
6760
6002
2012
6755
5979
4721
5119
1992
6042
2228
1805
6776
401
3068
3839
433
3537
1698
1715
2195
2194
430
1723
4804
3218
5210
1745
2154
4057
4055
425
7069
1776
6705
6113
403
4674
3871
4665
2220
252
5468
2708
2707
1313
2930
6578
6889
374
5570
4420
1334
1130
2842
4363
4479
6390
6389
2638
5035
2668
4475
557
5408
1027
4486
1030
6457
3700
1208
1187
1172
1289
3706
5361
1244
1246
1157
6908
1143
5036
5420
2878
4903
1057
4904
272
2982
2591
350
4856
2559
2615
488
3029
3043
484
3732
3592
4346
5371
2623
4340
4523
6852
3016
2534
4908
3431
3768
6566
7068
1764
5041
7072
7071
1972
1072
6496
1034
4060
4450
1049
1044
6517
3497
6041
3513
1878
1939
4473
6005
362
1957
1065
3409
1132
4440
6559
6087
359
5999
4416
4712
6108
1110
6564
1150
1028
4325
6136
3473
6391
1499
4216
4225
6661
1496
111
6379
4256
4352
6292
42
3432
4261
45
3335
6588
3470
935
96
4280
4536
7116
6340
3435
6334
3437
6965
34
353
1332
4192
1189
4402
4490
1215
4073
4646
6455
6158
6159
7139
6318
4115
6439
6573
1740
879
1261
1264
4606
6438
6575
6202
4162
890
4498
6224
4184
1559
4188
991
6178
6980
4758
2593
5572
5266
2814
230
4820
2815
539
2568
472
2422
6798
536
3779
6888
2436
2207
5362
2437
2661
6995
293
4807
3013
2860
574
713
6834
2875
2828
5985
2994
4825
2371
6821
6819
4844
5801
2705
5556
5358
3790
6827
5559
4829
2336
5817
3599
6932
7018
3806
3807
5272
5521
5502
678
679
4845
5825
2416
5829
639
575
2446
3408
5439
3771
3877
3631
2058
5363
3902
5156
5404
7040
2048
4851
6940
763
5400
491
5142
2531
3908
477
5374
4765
2013
186
479
3064
3062
271
303
5944
3875
744
5920
6789
5437
5435
4893
213
2636
2895
3531
731
2625
512
3216
4861
5613
299
5943
2932
206
611
2927
246
2123
5407
5575
3724
6359
3337
1327
5607
3597
5630
1376
3340
1317
6382
5593
3273
2706
6501
1153
2890
2893
3639
4415
5421
2933
4483
5042
3633
4478
5402
4472
2948
2986
1104
5369
1103
5367
1126
5029
2877
6483
1311
6426
6435
2997
2721
2795
3364
3715
1250
4871
2805
3602
2821
1204
4395
5464
2829
3384
3387
2851
6445
1211
3782
3438
2136
4053
3212
1755
4803
5923
4058
4059
4061
4069
5919
5189
1735
6137
2199
6144
6145
5239
5094
