6305
1383
6345
1487
538
795
167
6319
93
539
3958
4726
5548
3270
166
4725
3954
796
4322
798
6156
5112
3946
5279
1372
6293
595
6362
3953
5540
1270
5274
3275
1585
5541
275
3278
320
1488
1777
3274
3273
6740
937
799
3957
6303
3140
791
586
1084
4306
656
6311
3494
3029
5103
3057
3939
6318
5961
97
6323
5543
3052
4482
7055
1417
3276
3498
558
4237
5395
2380
579
6342
3955
1387
6155
1414
828
2381
3139
6325
6298
3056
1588
555
3144
1589
5026
530
537
797
3058
3059
165
5648
3271
172
1325
1860
3936
993
3277
4587
4231
2384
6347
4723
6343
3551
1747
2635
2177
5380
1757
1484
99
296
657
3324
3325
1489
3279
1584
4904
2846
5381
1011
3145
4265
6728
3051
3937
3142
4929
2680
4922
5440
6316
1672
792
793
7118
6167
5947
891
2954
6299
3050
824
5355
6828
2406
328
4327
236
6154
1113
91
4239
4693
2387
4902
5940
1413
2358
2841
890
2332
5591
2379
4901
594
6837
3138
2477
4652
1676
749
1626
560
4450
569
5898
820
6135
794
6346
3407
997
5509
5275
894
5269
292
580
1535
6295
598
5954
3950
1857
3326
572
3328
77
4595
1385
1483
3956
1854
4892
6809
5399
3406
4483
6314
5689
1582
1118
3272
1657
5115
2220
3291
7038
4457
2143
4720
4443
61
2845
6169
3264
1564
5946
3630
6982
2638
2354
381
2849
4456
2981
2218
4263
297
5547
5549
996
1779
6340
992
298
6150
6159
4899
6898
4256
4708
4248
352
3175
4911
1587
2112
3293
326
4722
361
4724
323
321
4234
2215
2367
554
3301
3143
4104
6306
6300
5020
5925
2140
3366
696
214
698
1481
6291
1740
2248
829
2148
5830
6700
6348
2000
161
1410
4435
5010
4400
5929
6887
3970
806
7035
597
991
4377
6839
3846
2811
5756
697
3907
5098
3972
5386
840
4914
1027
2237
5833
4089
1326
3054
1743
5927
5159
762
5234
5773
6563
4458
4230
4484
2010
3258
5501
370
691
3732
2174
4917
4335
1749
3169
1746
4689
4269
3322
4304
551
3595
6800
3345
1288
5025
550
4584
2124
1289
6064
5928
5923
531
2042
5074
3973
4260
4522
272
1036
1381
6341
4676
5400
4307
6804
7034
6516
7096
764
981
6158
4409
5462
895
616
3533
3536
694
4513
3486
4719
532
4351
3356
1184
5839
2791
934
4440
1973
2801
6749
826
4459
735
4753
4325
2976
482
2951
479
3382
6440
999
3137
6153
2092
3935
1904
5081
3055
68
367
2098
6180
5023
6287
3028
6731
5117
1005
5017
2305
4905
4103
6184
1580
5270
1944
98
295
5059
1571
117
2115
1764
7114
5426
417
2132
169
3849
3236
7116
1778
2561
347
1148
1170
2246
4299
4509
6019
160
565
566
2012
6304
3020
2243
5429
3634
1245
168
4686
3974
2117
1528
2226
2011
1376
556
6371
5116
103
269
4300
624
247
3938
2382
3491
5605
2247
5368
4363
2229
1480
1087
3024
1634
652
3952
6803
1893
2892
1906
3959
5924
2245
31
3633
6070
273
1070
736
601
1382
1218
886
259
690
3327
5024
256
6801
4514
846
589
737
1856
5278
6785
3532
378
377
4418
760
765
4733
5181
3421
4907
5315
5835
6188
1882
1586
2186
4105
2096
3554
6808
3552
2240
3227
2062
2154
3433
4205
6321
405
781
6737
2986
4721
2360
4411
2301
2300
4044
985
2856
3262
1536
2848
2844
995
413
1678
4915
412
411
3041
790
442
6748
821
5589
4709
6698
95
5596
3856
5850
1744
803
3844
3943
96
5500
5057
785
4552
852
2409
5914
5685
2936
3920
3865
827
2823
1771
3402
3404
3409
3637
5793
2242
3405
3408
164
6983
3638
4451
7048
823
7167
2150
5836
807
5910
5084
3934
5834
3446
3427
3449
1647
3655
5584
6980
6187
2895
3647
4383
4490
6935
1486
6183
5753
4235
4236
3571
363
2370
1033
4919
4261
4264
6313
6109
1855
536
2645
2374
4688
548
5272
1890
914
2646
6310
4278
3605
3147
4735
3992
2369
4756
6880
1331
2351
2987
434
2757
4826
4825
2355
4861
5288
6327
1338
1847
2357
7092
6036
1178
5854
2217
6330
1841
6223
4107
4222
5477
909
6468
1622
4606
6894
5404
3320
5013
246
3023
3765
879
266
3338
253
6515
3960
4659
1083
6302
5741
4569
5357
4578
2210
232
2172
2950
3771
240
4596
3307
5027
3445
3492
2698
4308
3487
3548
6709
984
1323
3512
4408
6743
5746
6690
2803
6513
1371
896
1858
897
4298
1889
6736
4296
1283
4279
6528
6406
3888
3635
2498
1415
1187
822
4232
990
2750
1182
1411
1073
2518
3574
2480
5562
3931
5634
5942
6862
3767
810
3563
4655
1991
4794
4811
4814
3259
6040
2854
4839
4852
2089
419
4856
415
1577
4908
365
364
357
5468
2366
6329
476
602
6824
585
6164
6675
571
4680
4692
2302
4701
4703
506
4730
4732
7088
4744
1548
2063
6022
3323
4918
5674
163
5136
5146
2152
5177
6101
7138
119
3025
5405
3022
2176
7149
32
2945
22
2938
173
2146
5095
1645
1601
4948
6885
5002
6060
1621
2261
252
3197
243
3130
5679
234
5036
3123
5072
5076
5077
2131
4654
386
1806
4489
7073
4488
2829
2401
3429
1470
3385
4480
4512
3384
615
2014
2383
5998
3354
692
693
1644
5102
5101
7047
6845
4487
1109
5577
230
5041
4452
6906
5056
2804
2139
6380
5091
6381
5688
1642
5955
3963
1281
2482
4912
351
2109
3590
6312
3591
4374
695
1605
1606
3167
6309
249
4376
5444
4969
291
4988
3971
2828
1620
3967
5019
3965
2142
3470
251
304
186
3085
1648
5273
5938
2637
1240
3014
7037
5302
2916
1753
5710
42
2212
2952
1728
3769
3430
1729
2658
3
3733
5808
1891
3736
3428
1892
1819
1895
