268
243
258
260
6313
251
6315
6302
241
254
269
259
7118
5907
242
6887
249
6317
5905
246
240
6306
6289
6153
5425
3876
264
1027
73
7047
2574
5838
6457
5926
6707
6055
567
6309
4073
5123
5462
6299
6304
4598
6290
6311
7053
1136
256
6450
2390
6785
46
3852
1657
594
4731
4264
5913
1412
253
3744
7055
4104
1515
5944
1554
3556
751
1283
2306
5950
1289
2473
4265
859
5904
6037
385
3258
5934
5903
388
1741
2243
3509
4105
6428
2162
3377
1120
1287
3375
2367
2319
5963
6789
4417
2050
6059
1170
2304
489
5081
1178
6036
5902
245
5914
265
1605
6459
6300
267
6034
5901
6308
2036
1565
6297
3433
3653
4078
2314
3054
4133
4363
149
6775
3053
3577
6314
6303
3093
247
1288
5720
6563
2475
1780
1123
4671
4931
5743
7061
912
4784
1046
1992
1677
5932
4880
3019
4887
6301
2489
1332
6038
6782
7052
2321
5744
4181
6347
4107
1129
6815
4124
3557
3559
3170
2248
5477
1580
4517
3999
5984
2398
5520
5974
4364
147
5948
5476
5945
4606
2673
6202
6221
4800
1281
5910
6506
2840
3657
6470
6549
263
3562
387
273
443
3857
2557
272
248
386
3954
2099
3550
4608
5915
3234
2294
1050
77
75
3136
1749
1709
1159
5673
5116
1601
2938
5219
5540
3048
5306
1487
1480
1470
5421
5947
4593
4832
4266
4260
6295
672
4200
2245
4190
4322
5988
3723
5163
6368
1600
610
5319
1282
6345
1285
5493
383
1625
368
3655
5465
4159
5254
700
4586
1673
431
4597
880
4628
4635
4642
4659
874
842
1827
914
6109
2364
3919
526
1102
2156
1139
1146
1149
4072
6225
746
4263
5397
3500
6798
3207
6962
244
2724
89
3568
7007
3449
3058
3052
2999
169
44
261
1513
2146
5290
6167
1176
4302
47
1174
1668
1520
2453
743
152
6576
4344
384
6070
6074
389
391
393
2074
6817
6097
6674
2102
5727
3916
5016
4269
6174
3112
448
670
4262
2397
5186
588
506
5234
6413
6414
3567
3056
1286
1284
524
2338
2343
222
6843
2301
3552
36
5119
2434
2208
4463
5617
5267
5607
2438
2247
3051
4186
2720
4178
4163
6350
5239
2721
4465
531
6803
6758
4936
6031
5795
4639
4618
6007
6743
114
2890
7045
4889
5912
6003
3706
5956
3166
1095
4930
1971
3707
7056
2821
6801
5773
4595
6705
1057
7000
6056
3815
4821
5428
1865
6690
858
2798
6787
3193
4771
6723
3652
5900
4494
6794
4905
2725
6312
653
1622
1017
1623
5909
583
1626
4220
552
6307
4820
2348
1026
5625
554
2722
1955
1785
5626
110
3551
2323
4886
4102
3065
2333
560
4828
2699
4603
4188
1787
4191
4726
2312
2246
1778
5203
839
4228
1151
4356
4359
4361
1148
5726
532
4513
146
6156
5761
5013
5729
5741
4400
853
3134
1138
4419
851
2068
4460
3370
4490
6068
2051
833
1122
4467
881
4596
6030
4536
674
4587
6291
6287
1206
6935
701
1649
5667
1656
1976
714
4272
2173
2171
902
1986
6001
5765
1675
1753
744
1690
6005
888
5037
754
757
2138
767
3584
5839
1417
5232
1413
6670
7153
2457
2663
3040
1509
2470
7164
5424
6819
6561
6505
5324
2394
3001
6
6685
6684
4016
2488
5454
6783
1546
2508
3895
7111
1523
4015
4022
327
2577
447
525
2430
6738
3733
3042
459
3059
444
5403
6845
2987
6527
4320
4323
5294
1708
9
6278
3938
2433
5461
6155
5296
2623
4675
5399
5087
3384
442
5691
4291
1517
2930
720
6773
5074
4268
3092
6254
4267
6543
4754
3102
1659
1155
5881
708
3917
4405
1748
357
1396
1460
5350
2554
1996
6698
5916
3737
2822
4924
4589
4885
4923
5968
5919
5962
5954
937
2591
4888
5949
3239
1079
4613
5936
1073
4592
3372
6033
4527
4408
3892
2082
3116
2078
6099
1529
6086
2072
1795
1060
6812
4955
7012
825
4882
1118
6762
5429
137
2543
6043
1742
4512
3345
868
4522
4937
1124
6298
7001
4232
1621
523
31
4199
1589
5524
4155
1582
4817
5167
4211
4136
4218
5401
508
645
6316
4814
1411
6885
2329
189
2414
2417
6495
5208
217
4193
4194
3520
5548
642
6352
5169
1280
2421
4013
1854
4793
6461
2346
7126
1213
4816
5128
2289
5580
3444
220
1030
84
4011
5582
2668
6859
1276
6908
6518
4529
1110
1562
2693
4048
575
359
1846
5423
3307
1261
3825
5179
5558
361
4520
3765
2539
1591
4492
276
1791
362
3233
6856
5427
587
2393
4807
4884
5525
6695
2310
2387
6959
7116
1987
1752
3286
6455
6456
1448
3576
1786
5416
118
6729
33
4599
4601
1774
5543
1380
2347
2593
6848
3062
111
4641
7043
536
1072
1074
5545
2324
4591
3288
4552
6697
6844
352
2331
6700
1988
2556
6704
4462
6706
898
2818
4933
558
5766
278
1424
5216
1450
1093
6721
2575
4818
916
5973
5521
5587
6955
2179
6511
5690
2420
2167
2727
6793
6892
6218
6840
4861
474
2464
1804
2662
749
4305
5038
1611
6199
6334
382
2140
6888
2604
6310
5672
4753
677
6296
4792
2201
6522
4780
6930
4231
2931
6284
6529
1006
1629
1531
3182
1527
6540
702
1643
3983
2428
1533
4837
6515
717
6503
4867
5608
1154
4309
2090
5452
2790
5602
4824
142
2636
4982
3008
6096
2936
6673
6094
6090
3216
3605
5516
2981
5236
2953
2057
1355
5906
4673
275
4447
1860
1346
1499
2413
4325
2252
627
6497
3105
5260
776
5459
2257
3640
5297
5457
1052
5230
87
4369
3900
6154
4167
3897
3654
4388
1401
1419
4883
5811
4853
5370
1043
1392
2878
3186
1828
4865
5528
5408
5127
5629
5125
3073
1528
1205
1203
1202
2961
1650
1195
1526
1524
1180
1179
85
1175
1311
5160
1275
1570
5544
1574
5550
5212
1588
5569
5189
5574
