6311
387
6313
4305
1752
1757
1383
4301
386
5903
2840
1626
3556
6310
1213
4308
3258
1487
1741
6298
4902
4307
6294
2055
2246
4264
6291
4723
7047
538
6707
1748
1755
1326
3955
6290
6762
1743
2054
384
4300
6297
6305
5954
246
5907
3647
2068
1067
6315
5424
6340
7040
2177
389
3051
3732
5154
4304
1742
3957
3262
1749
3291
3491
1073
2247
5773
3954
937
4302
6300
5430
6156
558
383
763
2757
3958
6318
203
6798
3733
4382
4758
4726
2056
382
5838
4706
1975
1215
5830
6304
381
101
4509
3494
660
4512
6316
6081
6167
6764
6406
1313
2053
6299
3907
3521
1214
1657
6295
4554
5658
515
1971
6154
5961
6786
1736
1620
5020
5284
1100
6306
5078
1625
1764
3271
4520
539
916
266
5543
1629
6837
327
362
4280
6293
4262
531
350
2843
4903
4265
530
5275
4654
5509
4814
4173
990
1250
2698
5632
4821
4178
200
6760
208
1792
5014
2842
780
5433
761
5947
6303
5279
1746
269
7118
1107
4306
4303
1101
2082
514
388
3328
1027
3345
1077
5058
1589
4457
506
2245
6769
4685
5913
6223
3747
1955
4511
883
6343
380
1670
2953
4451
6345
4568
7048
1627
2635
4502
1608
6348
6763
6738
4459
2637
4452
6159
4734
1732
5144
766
153
4337
4688
2336
4829
2406
6302
536
4359
1747
4112
554
3170
1212
5520
1330
93
7125
2380
4756
1756
6038
4900
2242
4386
206
202
1285
201
3175
6180
2908
6317
6887
4826
6538
4175
5839
7071
3449
1230
479
6323
6880
356
1761
6319
357
4269
6231
6314
1621
2846
672
2848
891
4260
4098
4174
5777
4133
2680
2623
5724
4408
3959
6342
425
1677
1709
4381
1660
5743
4434
6787
1715
796
4439
2878
788
4089
6768
5774
6308
736
2638
595
556
760
762
5832
769
1902
4363
550
4514
5778
3882
2220
2386
2439
4737
3830
5548
3602
254
3323
3270
258
1068
4904
6416
5571
6723
4671
1084
4656
77
3734
3737
5463
1289
910
5461
243
5630
3546
209
3739
3839
5526
57
2243
4041
4606
4402
5836
905
2696
4901
5964
1728
6962
6284
1061
1706
3743
1058
2142
3738
4404
6288
2939
4652
4380
3143
754
5173
2384
3321
6515
68
1219
3498
4248
34
1234
3486
4231
1237
4818
4181
3427
1170
4309
560
5047
6016
5831
5577
1438
1109
3655
6153
5834
4708
1413
4724
3605
3278
548
3298
1750
5556
2658
167
4228
3939
1622
4450
2040
3835
2000
3908
1648
1972
1624
6347
268
4490
6202
267
1652
295
6730
3042
244
6702
5010
5914
4555
2987
4513
7032
4482
7023
4440
2976
3045
5925
7034
4494
2010
3325
1371
5170
1751
4491
3327
3324
2063
5540
2003
557
2771
5159
2062
1385
2059
355
2401
551
4322
3292
2205
3595
3029
3870
588
892
36
6857
5119
5115
1232
5111
6897
4186
6527
5076
7022
5501
913
6222
1284
3876
1283
4204
5468
37
6855
38
1218
4296
581
2776
4086
302
586
4527
1840
2240
4299
2018
4268
2856
4842
4111
1210
6118
6852
6114
1217
4499
3050
537
6803
3731
1906
4952
433
263
3706
1070
259
7036
1483
3748
476
6397
3931
828
1978
4443
5349
2938
403
2720
859
207
6341
3973
1053
3982
3937
5024
6281
2879
6450
4456
4595
1011
6428
4054
4480
1678
2954
1734
2174
6982
3219
4675
4955
5835
6414
1079
5912
1535
4350
1640
5570
152
4922
3478
5648
5142
1623
1786
1270
3736
1700
6679
5467
3771
6874
3744
4183
914
3473
826
1778
3754
6749
1240
3812
3388
5444
877
3523
5344
4016
1731
5270
3320
1580
1386
3216
6830
3052
4073
1148
764
5573
5377
6789
1102
1739
3267
1635
3640
3223
5770
782
1605
6440
5584
6704
6745
1332
4104
4103
798
1758
3522
1486
749
3530
3347
3346
5149
1753
731
1178
785
6714
3176
996
2304
4673
6942
5967
6940
4353
4352
1904
214
1892
513
517
1977
6301
4899
5043
2170
2171
545
2179
552
6307
6151
5049
2400
6187
4597
5848
6287
366
5898
4435
2007
4492
2590
320
4517
1959
1957
5013
1842
304
4969
2561
4400
5944
265
4187
4388
6201
4387
6283
2699
2046
7116
2627
2827
82
1797
4263
4261
73
4256
4222
4755
2369
1810
2241
60
2248
1816
2249
4235
3446
7164
2332
6089
2387
6087
6
3
1288
4558
6106
272
3385
256
2611
255
1241
5949
1239
4813
1316
6232
365
3093
32
5952
873
2301
3100
4584
369
3813
2541
354
7155
3043
5926
6755
1255
5924
6362
5923
4518
5686
2587
2012
1254
4496
4557
4822
5927
5928
3873
4945
3022
5508
3864
1601
296
5269
6765
4523
1381
3132
3109
3336
1443
5563
1104
1105
3332
4894
3552
1433
6483
3257
1372
5399
4716
7097
6148
119
3274
4725
6146
4744
3592
107
6137
5425
1387
103
6138
1382
5565
4694
3544
5575
3127
5321
5328
2390
4929
3139
1327
7134
3145
6674
1513
4923
3749
3349
7143
5988
3535
198
3730
6002
5580
1062
3203
166
3542
4674
1082
6457
2153
5368
3735
6875
5662
3438
1730
3946
4105
2844
2750
2668
4011
4004
5833
6824
1817
4428
3953
1950
4287
429
5074
6254
5016
6258
1769
2811
2684
751
441
789
6931
1831
4267
4403
580
4158
6838
6835
3984
5788
1708
4208
5701
4458
1782
666
5900
4449
669
5036
4182
765
6889
2697
2738
2749
5022
4465
6949
4432
5025
2777
544
4291
1806
3637
567
3255
4068
1432
3250
547
4704
1108
5558
2772
136
132
6486
3638
3251
549
5362
532
5342
6438
5591
191
1052
4653
6166
4659
1883
3200
3201
1065
2440
2150
1072
169
1074
3204
3207
4334
5171
6459
6158
6935
4329
1450
2428
4327
6929
2173
6922
1395
6833
7139
2348
2345
4841
7142
6068
4807
35
33
6575
5108
2275
