6328
60
3862
63
5504
681
5928
5927
5635
3291
4333
5982
6017
2100
7017
6446
6443
3488
4954
1076
775
2043
6253
3869
680
4338
683
3480
1230
21
1062
2920
6514
3864
3483
6022
5733
689
5161
3881
3349
660
684
1889
29
1063
688
2403
6027
6361
5636
4812
6870
2989
4065
1088
685
6703
4047
3145
3476
514
1617
6024
5153
6242
6026
4244
5862
1235
4516
6436
3942
3164
5330
663
3162
5165
4331
6437
3867
3879
3861
289
6821
1763
5547
6714
455
3920
7071
930
5535
1958
513
4334
68
5379
6237
6233
3831
6538
4256
6230
6244
4255
4062
2158
1957
3224
23
3346
6249
4382
4118
4330
5022
676
4692
3229
3623
6029
3620
1078
2044
57
6081
518
4918
5015
1084
2401
6364
4752
1516
1781
6231
2062
566
4208
5108
1788
3296
4657
1883
1358
4699
679
286
6418
675
4756
1808
5639
4750
5836
4576
1768
1233
1587
5590
4370
1539
1530
6496
2975
2971
1212
2923
3481
457
6448
4074
4502
2870
5754
1277
6016
3435
1726
3434
6818
4243
3424
4112
4624
814
5424
2402
988
4950
2047
972
3877
6239
1045
6246
6180
6250
6245
1959
5492
3484
5067
6447
1524
6235
5887
3555
4341
1792
59
4069
5883
315
910
5147
7084
4690
6400
6344
288
3541
1060
1840
3922
279
6212
6054
5712
2106
454
1135
4915
515
2770
1055
2373
2065
805
6145
4379
7158
6372
6435
318
6367
3980
5775
6432
2286
673
1733
1735
3302
1382
6160
1327
1759
1347
3245
1086
1882
174
1978
4314
3171
6445
4086
4751
6441
4955
1887
6377
3243
3838
4316
1618
4425
3556
6157
2487
4620
468
450
6025
462
4445
1150
6166
5532
1676
2875
6713
6171
2884
2067
1611
5044
5339
5475
626
3432
3230
6876
6874
3294
3165
4119
687
5779
1389
1019
4127
1329
1354
1353
3352
682
5277
6515
782
1608
2091
3536
5730
5500
1059
1234
4387
93
53
512
2110
3740
154
5921
3486
6224
5889
1505
6511
1058
2793
5585
1977
4770
5148
4653
4755
281
6075
5156
6348
6084
1979
7082
1952
3883
155
917
6251
3431
6550
3221
2943
4952
2404
5353
3439
3440
5352
1615
3445
1217
4694
643
461
2133
4962
6371
5268
4773
1794
4771
7014
252
3482
6449
6964
452
1800
4964
6375
458
6169
6252
4350
5962
1880
6349
4381
1568
3157
1561
255
3487
1885
784
6512
4718
6082
55
544
5312
598
4340
52
1901
4754
5868
5952
5717
101
1278
6257
287
3839
4698
2702
605
3749
4703
6389
6838
1876
2066
5643
390
1182
3622
1018
4645
2205
4510
4514
1951
4515
5632
2277
686
4856
5162
7022
3734
2584
6050
1326
6053
4554
5375
1322
3299
3975
3887
3727
7033
4572
4121
5226
1755
1036
3578
2798
6712
4656
6444
2458
429
6110
4655
3948
4488
325
1956
25
1734
3292
5235
5083
4842
6717
1337
4164
3154
3356
6087
1330
713
1270
3478
5568
4312
1014
1892
3747
2588
4318
5558
1081
1044
4169
1365
5884
1878
172
7083
3160
1000
4114
51
3222
1908
1091
178
4778
3430
4246
2602
1972
668
5776
5049
647
1429
5848
3271
5772
2287
6355
3836
3893
4758
4780
3908
2271
3167
3889
3168
1903
2599
5338
1975
4201
10
2305
5112
13
177
1083
5638
4271
5027
678
2197
4628
536
6747
3872
6438
1075
6827
4492
7019
427
4829
321
2885
2061
6731
6151
4440
2905
6833
456
3884
3641
1816
3644
467
5993
5973
2406
1064
2737
2045
4864
3951
883
4633
3880
1762
2482
4614
1141
878
5423
3736
366
2471
3637
5538
4849
5536
6323
2040
2041
1161
1714
6434
3606
4652
4508
5678
1797
7153
6837
2719
6208
548
1777
6480
3034
3037
6076
4060
4386
2105
1534
4702
271
4707
5742
2380
4691
3114
549
5140
3924
4373
2976
7004
6503
562
5645
4723
1602
3743
3746
6408
6754
2683
2355
6493
5496
6481
1219
5745
1101
864
4120
3830
1320
5561
1214
5649
5686
5539
6860
932
5544
796
886
5797
933
3359
791
6810
5542
855
1066
1047
3933
3448
5673
3550
1131
3429
3648
4095
6836
987
5714
5503
3866
3438
3923
5468
4110
3422
5630
858
5633
3693
3680
5634
1181
1070
6813
812
3995
5508
938
752
3868
3419
3870
3888
3663
501
451
2890
2883
6325
6326
5252
2490
4493
6329
2493
2498
4497
1694
409
6336
5082
453
134
2922
516
6179
509
4391
1584
6991
7077
166
1592
3030
5292
6998
1612
125
127
2924
5077
5931
4518
7025
1784
4654
2776
5152
6104
6098
2755
4680
250
6409
285
1871
2689
4709
1870
4637
6049
6045
4777
6020
1715
2535
1717
6023
1954
2594
4527
4579
2595
199
5185
1754
5113
1761
5170
2830
5924
6320
6247
3248
1415
2183
1419
20
6293
640
4249
3227
3226
6890
6893
2390
3212
4953
4951
6897
2184
49
3262
2188
1350
3348
2240
3344
3339
5828
5832
2261
1381
5837
5007
1387
2200
2273
672
14
665
3264
61
2674
6518
5885
4345
4346
5340
6501
4349
557
556
3127
1536
541
2114
3097
2108
1563
6961
2130
568
6241
6240
5066
5048
5336
2327
5320
2161
3738
1904
2644
6187
1960
6158
2670
2507
3792
1873
6196
6203
2231
6209
6089
1881
6150
2583
1052
2181
2572
6360
1065
2050
6324
2051
6226
6248
2055
2600
1085
6142
2123
6374
6211
3353
6744
1273
1486
3153
6510
5750
3473
3113
5908
3055
1559
1567
6691
5925
5744
6699
1580
1581
1591
3033
1482
5966
6517
3446
3386
3388
1357
1380
3305
6580
3295
3277
1314
3260
3244
3236
3427
3233
6552
3220
3211
1451
5866
6519
2678
2980
5990
2833
1750
1752
1758
1771
3631
2784
1137
1799
1804
1133
1132
1819
6061
6412
3654
6399
2718
6079
1740
1616
1736
1729
2925
1639
2921
1207
1206
3564
