6325
6323
5024
6329
5022
6327
4655
605
1882
1230
3295
5026
1084
561
4654
566
6319
1880
5146
4653
5023
569
4652
5148
661
3349
3868
1383
4481
4018
1904
6410
4256
5259
1906
3291
5074
4582
5029
660
4516
4651
5924
5649
1088
6228
609
3867
6221
4596
1626
5147
4205
1360
4494
3866
3344
6220
4656
4645
4978
666
669
1385
1082
4955
6418
4338
4337
3441
4016
4253
5144
1670
5112
110
5291
178
2
603
2402
6166
627
2952
6232
1885
4929
3629
5816
4922
3133
1480
6305
1700
795
3370
3624
2915
1253
1651
5344
1676
2403
5543
1883
5504
1380
3449
5836
878
4932
5577
3134
6019
4510
3376
5181
4047
565
38
4442
1239
5103
4686
2445
4204
4208
6321
5295
4918
6419
7087
4650
5116
663
5126
3343
1101
6800
5115
5113
602
1427
1279
5998
3130
2589
601
594
5102
4128
1580
2751
5069
175
6347
6015
3138
4975
5925
2409
767
1959
560
5020
3410
6016
6219
4083
4567
1884
3754
153
4959
4956
4498
6545
3271
3869
3
117
4495
1589
2829
415
1888
6217
5042
6049
412
3445
3139
5159
1381
6332
2438
6213
5025
4595
3442
1514
3104
2434
6944
1086
5789
5812
2764
3135
2404
3082
1119
156
5615
5036
4631
1364
4585
5773
1708
5832
7122
5294
3239
1118
5550
2401
1366
5275
3520
2913
1419
606
4013
5101
6804
5182
563
3055
1777
5819
1609
2504
5107
167
610
2950
2418
5105
3486
5793
1546
3176
1788
6012
5657
2406
6380
3752
4934
3753
5078
3371
3615
4683
6330
5091
4201
3781
424
6412
3377
2827
2824
1033
2936
1233
763
155
4246
3088
953
6224
4957
5469
2572
7037
548
2739
1622
4599
604
4594
5986
6017
6970
989
3132
2460
5369
995
595
3527
3136
5571
5
392
4499
5846
1387
4158
1524
503
2240
1372
421
2010
391
1868
543
4298
5983
5669
5399
1411
5809
429
919
5290
1487
3509
403
4014
665
5788
3614
262
3378
5320
5946
2594
3611
2938
667
6495
5349
1671
1672
1709
119
6169
252
692
6215
1889
6472
1645
6413
1887
4456
5748
6785
125
6222
832
4415
4496
4458
5127
5634
821
769
6824
2707
5794
5119
4618
4725
768
6155
4438
765
4842
152
650
2405
4011
4322
1900
4320
2124
2756
873
2908
3862
1418
6411
6894
6921
1206
1432
2315
5974
5858
5297
4221
5456
2332
3788
4239
1424
1234
1451
4905
2818
4901
6900
4810
2171
608
2362
5741
3058
3756
4167
3604
1331
6345
2420
5031
4726
2850
1370
6818
2400
2953
4939
2416
6511
2956
2957
3044
3560
3958
6537
6887
4074
5339
6479
2900
2895
6922
5343
3137
5028
1158
6540
3880
5347
4830
6625
6626
1091
3965
3736
2407
3816
311
5515
6223
2586
5516
4583
1864
5667
35
4309
3175
4435
6940
337
214
3296
4597
7101
1591
90
2561
3294
5583
5547
5511
3506
4476
5685
1706
2743
7162
1705
6969
1957
6161
6943
4578
5149
1986
5512
1675
116
2478
3297
6211
3341
3413
4248
1478
2472
4431
4315
4581
1909
6142
1787
4429
6318
4490
4312
3523
4588
1655
2599
5632
1174
2103
1172
3997
3610
659
1601
5947
1347
3443
1336
654
5949
828
1950
302
6349
1335
1865
3598
4349
4346
1951
1582
3447
5364
3374
3995
2616
1047
2701
3782
1592
3289
6723
6449
6406
2904
4411
211
5746
4589
1905
4414
7064
4244
948
6414
6212
2911
6416
1668
5578
2322
3093
2327
6426
3092
6216
4407
1902
4077
6390
2859
4111
151
2307
3433
5331
256
255
1087
3024
270
158
937
1284
5187
697
7143
5188
1704
4086
4592
1702
6784
799
6801
2654
5510
1502
413
2954
5305
3514
5508
871
5797
2442
20
406
3164
2200
541
544
6295
395
5048
985
7161
2687
418
6690
419
422
903
4249
3050
1476
2134
5845
4668
894
3292
3525
2964
6934
2247
3521
1425
2803
1420
6902
3946
2122
3348
1501
1521
5361
7129
4293
3494
3582
1036
5526
4297
5787
3734
3369
3980
3487
5662
5348
336
1362
5859
3476
4331
5494
1528
6563
1384
4332
4835
4528
4427
6181
6515
4950
60
3236
3755
7125
6150
6648
6173
3771
6517
4938
770
5584
4019
5342
6140
2320
6440
3316
4452
838
6525
4430
3677
1778
1740
2246
1100
817
5920
803
1192
6645
3057
1753
4965
2241
2098
5557
5875
3998
6072
7128
7083
6699
5817
89
4433
3945
82
6194
1711
165
4513
3939
1083
2931
5610
823
6459
4841
794
4511
2617
6135
6226
4425
4271
1389
1388
558
2431
4700
5993
6955
5513
6870
4529
3786
361
2422
4295
6973
597
5519
1553
3475
5114
611
6346
1357
3875
5310
1958
5395
4899
545
1953
2835
3511
463
6315
4241
3154
1475
5075
999
5976
1477
997
2481
2823
494
2806
5302
2825
5851
5972
2452
993
6328
2489
4264
3005
4657
417
4682
1505
3281
539
1044
5032
6827
6108
1819
3315
1343
1273
1271
2070
1860
231
5622
1642
4755
6214
1653
5742
4060
4762
5327
5013
5765
4048
749
2330
2079
194
192
4780
1237
1236
1625
5027
7141
2132
1620
5573
5948
3275
6013
2759
7019
1333
5706
5648
3446
3277
2398
3599
2852
668
1108
266
4103
3618
2742
5362
6387
3309
7032
5254
5255
3794
6074
3287
2174
6137
5370
2175
3046
3784
5177
6065
1066
2166
3774
3020
1070
6556
1460
1783
1376
3583
5307
5281
1363
5962
5279
6010
1349
1348
5120
5122
3600
3116
6365
6367
6231
3438
5321
6278
1382
6280
1535
6316
5077
5072
1443
5071
5975
5296
3524
1423
3612
6299
2011
1980
3566
3507
2018
2019
3503
6342
6293
1498
1107
1621
5131
3730
3731
1737
5154
3735
6499
6501
3737
1749
6162
5211
6512
6152
3748
3750
6045
3054
6523
5170
6179
1169
3372
1179
6395
1275
3101
6400
6403
6018
