6331
758
1698
6338
6335
5680
1693
747
1695
1696
1684
753
6333
5329
1697
6337
6339
2719
123
6054
2032
1683
746
1682
5092
2977
3607
127
743
2656
5945
1689
759
473
124
4037
126
4030
1685
742
6091
1268
1263
5097
1160
4390
2640
33
4565
1602
744
756
120
2982
5727
942
5050
6420
4392
2872
1267
748
5975
5844
3976
1646
1493
477
4712
1692
1687
3018
2644
5741
2236
5976
5166
3929
752
2873
4426
3914
1491
1794
316
3698
3017
5658
6427
1681
1721
149
740
4710
1694
128
129
2655
745
133
1262
1157
4035
2030
3028
4187
311
1808
2963
1690
6456
6858
6334
7095
2310
4860
5325
5738
814
1438
755
1216
5678
5977
7069
5958
204
5679
5856
2133
5720
31
751
6551
1180
294
6775
3422
1915
2647
5952
4407
2782
4391
6937
6197
4732
4787
437
6263
4182
943
5495
3691
6700
1432
3114
946
3460
3458
4398
6425
3334
6424
4357
5641
968
6058
1791
6493
6028
658
1162
1161
4010
1261
6087
1496
972
1064
1269
4094
6096
6519
5363
533
1729
6575
1225
1265
3875
2478
2336
2377
6932
2789
2512
7049
2201
6911
6903
2238
2309
2312
3496
125
7097
4206
2961
6936
5846
6705
6774
4340
3417
4342
4345
4348
3389
6422
3539
1826
6748
3682
3975
1699
3874
3609
6881
5481
3907
6923
5392
2213
1800
812
2463
1919
5837
7109
3984
4323
1163
2031
6864
1459
6021
1378
209
3228
3191
65
2094
2749
2479
2314
4786
7022
6859
822
908
6314
5957
4609
687
6157
7091
3971
2575
1714
6373
6307
1732
1059
2531
6901
4715
6317
2249
2520
1264
1266
1820
6940
5523
2649
6919
6920
4421
2962
2230
4271
2223
845
5270
1147
4036
2671
7067
2357
2637
2235
4280
4561
6930
2653
2295
2207
6190
6185
2713
2239
6090
2056
1988
3424
5725
3687
820
6706
179
5644
5723
2481
5721
826
3556
2470
3641
6704
7164
5742
5654
3335
2123
905
6786
3115
6779
6856
5726
3996
3314
2208
1436
4057
1686
4039
4038
1434
131
6927
5153
1494
6352
2290
274
2736
1164
1169
403
4564
4477
1076
1452
870
312
2145
1068
4281
4346
6802
4268
804
3385
4381
4111
2654
4403
441
392
1143
4396
3041
5320
433
121
6824
6308
3429
3323
4341
2205
2538
1368
6050
6146
391
4631
5449
2127
3891
7143
4979
6908
581
4771
329
1809
6083
1822
6099
5492
2513
3011
315
840
4709
6192
4625
2989
1691
3574
2979
5743
6843
3597
6518
5595
2984
3645
5593
815
1375
5675
3088
4872
2316
1150
6312
6107
6842
4785
5045
5049
6315
5671
2650
4563
5108
1373
6094
4445
5069
2898
6968
4566
1146
629
2884
4622
3103
1200
4605
857
679
4632
2037
1199
2740
500
3329
1129
6132
1222
4485
2331
6193
536
3282
202
583
5044
5951
909
2927
2447
299
2993
295
2430
5586
6917
3599
5448
6511
2202
3570
6877
5389
5385
5631
2219
1653
5744
4032
3901
3897
914
5521
775
6686
1824
3013
1816
6884
3899
306
1797
6900
3823
3835
956
5450
303
1760
1798
2966
2875
2958
7156
872
6935
874
5874
3543
5199
4220
5322
445
5886
2942
1972
1953
2641
5326
5922
7108
5640
5645
5907
6770
1944
4252
1571
4101
4114
5728
5575
7161
5777
5781
624
5226
4865
1260
7039
1077
2475
2461
5697
5903
2786
5686
1095
7158
2311
5165
1124
1066
2714
1217
6007
2491
2638
889
5064
5383
5384
7151
864
5168
802
1191
5873
5674
6046
821
2434
2435
5441
2438
979
900
5752
2442
5446
7138
1211
1126
652
190
1612
6375
4347
3693
174
3648
6945
3581
2933
3578
1910
2899
2894
4394
4397
501
6304
279
1916
506
3910
508
6299
6742
4405
2878
3535
3532
3012
4428
1542
4285
3911
6556
6579
1724
6544
3840
3959
6502
1805
139
2968
3989
1828
4008
2967
1640
2308
318
4145
1583
3767
436
438
4223
4226
446
3695
4294
264
3003
4665
6098
2122
2792
4769
1377
2036
1363
219
216
3332
6769
6113
6128
4670
4671
1335
3141
4716
2795
3152
6855
4817
3327
2096
3415
4475
4478
1419
6222
4505
6097
1433
3416
3400
3364
3363
252
3336
4434
238
2014
6776
2847
2172
1739
3787
3900
1790
3826
971
3848
3860
3154
3861
848
3010
3465
5515
3042
5636
5628
5653
866
5655
3330
3616
3321
3683
3685
3772
3688
5656
3310
5665
5558
2170
5531
3283
3281
3244
3224
2091
3320
3564
1271
2446
1190
1390
1394
2815
1177
4555
4552
1412
2718
4513
5052
2834
2717
2850
1450
1154
2683
4577
4429
5027
4620
2790
4808
4766
2303
2814
4875
4708
4957
4704
4966
4969
4975
4997
4659
4648
4635
1206
4604
2371
4423
4412
4119
5327
1654
5373
4003
2210
991
5424
2633
2613
3944
3919
2436
5439
2994
2539
3913
1034
4189
5316
5287
1141
4404
4402
4401
4400
1128
2912
2925
3908
5173
5198
1495
2946
1500
5201
1505
1069
4273
5196
844
1238
6721
7017
397
6895
6685
447
439
203
434
6694
694
6632
6292
6559
513
639
6771
7093
6848
5805
410
6627
6234
472
6910
6230
6535
479
777
6763
6330
6929
34
7112
6517
6708
6276
73
7030
146
6421
375
6108
6682
218
818
823
271
827
281
5854
62
817
517
6807
6076
836
5959
619
230
60
6068
6780
7092
21
801
244
246
213
414
6266
427
5990
6062
6777
5785
132
811
2191
2997
3659
2194
2990
5950
2185
1401
5099
4572
5160
2189
3657
3610
3660
1057
5169
5301
2917
5283
1055
1813
5879
1817
3796
6948
6941
4474
6262
6934
6252
5239
3720
3696
707
137
6238
2206
2204
5186
3684
3681
2983
4553
2986
5894
1933
3593
1224
4774
1220
6052
1214
3439
4730
1209
6767
1968
1204
1203
5002
3159
1322
3225
586
