6338
1693
1698
6337
6331
747
5329
1695
1697
1696
6335
6333
758
6339
5844
1682
5723
743
5680
5721
759
2719
753
311
1683
742
5720
2655
2977
746
1684
5726
1493
4979
4030
5725
2656
7067
1602
7095
1690
1689
126
7109
5728
5727
4343
6334
1263
2236
4220
744
473
1264
6424
2640
1150
748
745
5988
740
3607
1694
5894
1699
316
6099
2290
1267
5958
5952
533
4036
1271
4563
6096
972
756
120
3490
2470
5045
5173
4094
5945
2898
6058
2790
1646
2210
1160
4226
3017
5950
4631
6050
3141
133
2968
1262
1691
5957
5320
4223
2654
2213
6197
411
4037
2032
889
6192
1203
7091
2769
6519
303
5326
5951
6193
1268
2642
2653
1265
7104
5722
4425
4565
5092
6984
6682
4280
6054
4038
2479
752
4710
2647
4385
301
2738
4426
3011
1828
4428
3914
5593
1491
4629
7097
4783
5856
3596
942
3727
6021
419
3118
3614
2967
3698
1826
2749
3389
4716
1014
5049
213
1496
3725
850
3913
6685
4561
1824
823
5741
4032
6190
1269
2912
6292
4785
4369
1064
4229
4368
4712
968
4421
3465
946
2832
1438
5362
4969
2478
2312
6681
466
2013
2371
6777
3728
1368
441
5168
1685
5087
1724
1494
514
2014
6422
5267
1992
329
4035
391
2475
1512
5186
6736
4908
751
1805
6775
2732
1822
1322
1157
3840
7053
4530
3700
3891
2099
3476
4397
6278
1140
1057
3126
2133
2289
1176
6308
1524
4962
1721
1452
3627
5692
2036
2314
1104
219
3472
5050
2744
2736
3228
3469
6128
149
5975
4787
4427
3599
2531
513
3766
2447
6433
7093
4861
5363
500
3929
6421
775
3244
2520
5232
1128
5323
4872
414
3889
379
4446
755
1365
1505
3103
2040
6524
4390
4555
2357
5921
2963
2962
2037
6959
7108
7156
2219
1692
4380
4119
5981
857
2313
2932
6456
2850
1154
4520
1215
5558
2281
1225
2903
6185
5166
5959
2214
4552
5694
6733
2650
4569
4010
80
5052
5742
2215
4325
3013
6090
4031
5693
5182
5586
6500
1462
1207
5638
6527
5481
4340
393
392
4781
975
129
3693
5111
2795
977
1681
4862
1204
6053
7151
2838
5211
4774
7022
5977
5646
1279
5428
4297
979
6098
7138
399
7000
4281
6052
1328
6774
2485
3979
5783
4890
3611
248
2982
3609
5350
4057
2989
1163
318
315
274
3597
4733
5859
5697
6881
302
1155
815
812
2720
238
3302
5748
7120
5811
4516
374
6182
2286
1521
3720
2917
190
3496
505
6113
6420
4960
5846
1243
6445
1968
3112
5383
3308
870
478
5270
943
1266
1432
3427
5096
2310
2309
4770
3459
5502
1988
3473
5216
1975
2030
1972
6517
1059
7068
6493
4808
4812
472
687
2295
2713
5515
3252
1102
2075
3624
1108
7166
1048
1146
5081
1744
2936
2430
6091
4114
1216
5898
956
2740
223
4101
2958
5690
6966
4062
2436
1785
838
5969
2651
1161
1644
1808
820
817
2931
4525
4519
5587
73
1206
2217
5031
81
1198
2760
991
1687
2827
6848
5044
304
6094
2361
1002
4252
6276
2377
6856
1623
4228
1340
2902
4192
6713
56
5858
6564
5097
3114
3886
4402
1525
5531
4621
310
2641
1039
4626
3835
4641
1221
3787
1129
2481
18
427
3765
2637
1261
445
2238
6202
5976
5201
5199
1074
4591
1629
3088
3971
2292
2644
6221
330
5673
995
1051
970
2872
5534
2856
5083
7002
3245
6923
3393
4904
1363
6937
6179
6989
6520
3415
2153
1046
813
2154
2023
1068
6007
6567
2220
2145
7039
2643
787
3128
2611
3243
2935
2933
707
5217
5681
4802
5048
2038
1009
2961
6512
5677
5755
2027
4885
2899
6086
6735
2282
4786
5070
1228
1434
7098
3911
6883
3959
2352
624
2453
5365
6378
3989
4020
262
1800
4039
1164
4044
6350
1783
1809
5968
3888
6048
1888
6204
5603
4670
437
436
435
433
3887
6787
1123
404
403
1254
6385
3876
1526
3881
3774
3682
2433
7105
4285
4294
5181
4477
5934
94
5936
6263
4284
6262
4348
1205
6097
1217
4396
6056
5956
4442
6843
5378
124
2366
4113
5449
2427
5447
6320
2425
6314
4157
125
174
1180
6817
5398
5581
4211
4232
6277
1188
4182
3680
2714
3593
3612
4769
6074
2538
1095
5306
4771
5614
3444
3468
6465
3524
6115
5212
1915
3553
5781
3562
3429
480
1467
1459
6755
5979
4222
2916
5221
6459
1726
3475
6734
582
4189
583
4513
6815
6821
6486
2556
4212
6858
1729
5535
1346
5377
5886
232
231
230
5790
1760
5688
6874
6330
4532
2167
5684
2659
2939
3330
5901
2426
2934
3334
5785
4152
2927
7112
5907
2179
587
1049
5538
62
5184
60
58
951
1212
2244
2746
45
4383
6828
4352
4386
1627
6706
6833
629
2379
1223
4429
1435
983
1641
7164
4388
1201
1200
7049
5671
5225
2202
4278
5059
2207
6700
3467
123
6744
1065
105
2834
4295
6135
2211
5180
2258
2565
639
5108
1609
89
1199
1439
6272
7037
7065
5966
4642
6798
5517
4635
3814
3826
4627
3255
6087
3847
5597
2482
1139
5806
3875
2524
2057
4875
4063
6508
2138
6379
4881
5854
7092
343
3249
3772
6730
2512
5477
7032
3685
5729
3721
1495
5327
5521
4659
700
5628
4648
2098
1500
6522
3641
6429
434
702
6786
3769
7024
6521
4609
2137
1033
306
299
5706
2155
1820
5156
2649
6759
3021
679
818
6360
6877
4567
281
4566
3301
4028
3010
5869
1162
2998
833
547
5792
2316
6442
4583
4586
322
3058
3944
2046
6373
3963
5568
6497
1094
4605
319
6011
1181
2350
5215
5120
5125
5188
2595
5643
5647
1008
2513
1224
1229
1145
2536
1037
2473
1030
1042
1135
5073
6948
1066
1152
5599
2294
6988
1124
5071
1070
1103
1275
1191
2463
2421
1272
2516
1214
5594
5575
4448
4773
7073
127
4277
506
3639
