6346
3050
6343
6344
3637
3605
1486
3958
4596
5545
6347
5112
1893
6349
791
5113
6499
6348
5590
1483
6342
6293
1774
2355
798
1778
786
796
3130
551
3953
793
5118
4237
770
6216
6215
6213
2849
799
6336
3133
2877
168
6341
5548
3136
3601
1771
6228
1777
1775
4932
2588
5940
807
5543
323
2233
167
4743
591
795
806
597
247
4230
3699
6472
3051
555
2229
4592
5025
3095
792
4160
1538
2459
1364
6231
1118
5540
5078
4652
2279
7131
2908
1676
6340
6219
5023
4333
4724
4755
3606
6761
5591
5541
5596
5597
6747
1770
3
2586
4235
1083
6354
5253
1040
2380
2487
439
2123
4253
5101
5259
3052
6362
6212
2664
5509
5809
6305
7077
1868
6788
6359
4332
4720
4585
2589
2011
5778
4339
6824
2221
3503
6365
5026
5279
2892
2581
5111
2401
2920
5542
4967
1360
2585
504
7147
3866
3140
1572
4257
1601
3132
1613
1085
2105
5639
4016
4000
4657
3788
2
6729
4909
4019
3278
3498
1417
434
3733
6482
538
6357
4581
2169
6150
1481
1485
6827
1041
4678
5760
4969
592
1890
6211
590
5732
1864
3377
5288
7127
2583
3865
794
5332
502
4338
5273
594
5584
5427
7074
3949
3501
4167
5012
4693
7125
2793
5017
1903
4726
1532
918
5928
6413
633
5927
2467
6155
3099
4088
3663
3093
3070
3707
3734
6220
3741
2949
2945
7073
2924
6024
3600
3369
3139
6217
977
3933
3938
5998
3946
3955
5992
4001
4013
3292
3306
2709
579
3274
2225
7033
4595
1468
2130
2124
1563
2106
2104
4651
2018
2016
5157
1582
5143
1980
1584
1954
5757
1772
5022
4827
5074
5734
107
1385
5643
166
841
1589
1945
5115
5116
1898
1383
5212
1348
5883
4314
6885
5294
5365
5337
2228
1773
5331
2165
6498
6740
5482
1616
3743
3746
1618
3360
3096
1028
1021
1020
1007
1675
6154
2900
3398
3295
5640
3486
3618
3560
4975
3559
904
1571
6218
6745
3005
3090
416
3267
3505
5117
6731
1113
1045
6752
5387
1670
803
2109
4018
7116
4591
4588
1779
4583
6355
2222
6156
4117
4435
4653
2612
698
6480
4169
4334
6475
6474
688
4312
4201
2320
2367
4240
2270
5761
2157
165
6625
6318
3926
1891
801
600
328
1886
1918
599
1053
2383
2913
2914
6587
1232
6608
2273
2810
1769
6169
2904
6308
3344
2525
3362
3363
2307
2846
2354
3374
1011
656
3389
6863
6395
595
556
6491
1981
1949
1985
530
2009
1586
3094
1561
728
1489
867
1415
6978
1391
3004
2970
550
6893
1372
7005
1367
1366
1905
840
2209
3142
1315
6743
3146
6367
2476
976
3609
4242
403
5103
3579
5695
7130
7129
5394
3739
412
4306
5565
3509
4313
4316
3595
4322
5946
3737
4178
5311
3730
5303
5315
5599
5335
3656
5290
4205
5058
262
5275
5066
4918
5095
4331
4163
4692
3487
3466
5503
5506
4442
4582
5733
5632
3957
3921
4718
3751
4656
5627
5804
3749
3507
3748
4725
6043
6345
3934
1579
2629
1578
3899
4642
3939
7078
5105
6323
1600
6645
98
6977
4048
5961
4060
1585
5959
4012
1591
4074
6327
627
6361
1614
97
4026
1566
117
4729
4370
700
228
1904
6161
6488
1909
757
4445
1940
1948
1958
5791
2177
4679
2159
4659
188
4599
5767
1897
1747
161
4311
5020
4965
808
2509
2489
4239
2477
3880
662
4241
1785
797
2454
1789
4831
4826
6606
6604
1838
1862
4310
4756
2824
2091
3628
1270
6749
6184
3294
5334
6180
6108
3689
5444
3058
3057
3055
5300
6210
3457
1380
3347
5274
3311
3356
3277
3506
5397
1121
3547
6202
3170
1100
1167
407
6754
3241
3565
3571
507
6127
3138
1233
3603
3624
1230
1390
5277
2971
1418
2972
3783
2903
1023
3817
2895
6028
6844
1005
3383
3856
6849
6017
7076
1541
2841
3762
2915
6814
63
5254
3441
3436
3366
5270
2959
6837
2956
1025
7070
3738
2952
554
1101
6548
4655
1087
772
5491
4
5480
1086
5508
1047
1896
5563
180
1084
22
5762
4677
1051
2010
1901
1560
1839
5611
1610
1396
1603
99
1399
1400
5104
1588
846
5217
849
5146
5200
1487
5187
5174
1577
5172
5094
1672
5649
6636
1830
781
1124
6812
5701
32
7135
5589
1543
1103
4921
805
6751
4931
4953
810
4971
5007
115
1349
5592
7036
2261
6325
2845
2811
3907
3923
2796
3937
324
3947
317
4645
6326
6329
3954
4011
3863
302
4046
4098
6970
5942
4123
4138
6371
4141
2601
4166
5924
2584
4200
2532
4023
2876
2891
2954
3396
3379
438
3372
6152
3438
3325
3324
3488
3270
3262
3227
6204
3208
493
497
3558
3735
3732
3731
3056
3696
3092
2527
381
7059
6232
3652
3633
508
3562
3662
660
5544
4258
4580
723
7099
4432
6451
6478
4584
6483
4480
2125
2390
4377
2166
2381
5798
4288
4244
6495
4636
6465
4363
3137
3143
5377
3638
2223
1193
3617
5598
3655
3736
3044
1379
6244
6481
5291
4436
4359
1356
1345
1324
4719
5853
5344
2275
4688
4916
4682
4643
3418
1006
5547
5516
2047
5515
6153
3373
6570
3370
5766
3463
4597
3480
5470
1054
3168
3002
3529
6588
3522
3201
5395
4567
3220
2171
3275
3276
5554
1058
6586
2975
2950
3740
6369
1674
4833
4125
1667
1662
4248
1651
6613
6609
6351
2388
4045
4255
6621
6642
2407
1740
2495
2504
5914
5683
4912
6410
4956
4959
6408
4897
4192
4181
2456
4895
2452
4015
6605
2364
1833
2885
5209
5216
6479
5233
1465
1430
3781
3756
5256
5260
2931
2472
4337
3747
3849
2974
5199
6695
2356
1850
1860
4825
2304
3893
5626
1569
6016
5623
2823
6296
5735
4778
5182
5739
6538
3584
93
307
843
157
342
941
498
214
7110
284
178
246
845
610
185
349
947
607
224
326
7133
322
944
275
7142
183
907
