6343
6348
795
4726
796
3050
3605
791
2380
6347
6346
2849
3637
798
3958
1486
3498
5548
793
5279
6305
3140
5541
1778
3143
2157
6318
799
4725
1757
6342
586
2174
4235
4239
434
1774
6142
4723
794
2150
1483
317
5116
3438
1372
580
6344
3957
6341
3953
437
4054
3369
4363
3146
5348
168
6293
2171
6140
1764
3733
1740
6156
536
4237
3057
1571
5632
1328
790
792
4720
3142
2877
1383
1487
7038
537
5946
3051
1742
1779
1747
97
591
1771
2159
797
2177
6340
5545
820
2406
1270
6147
3052
3549
167
5940
5274
1589
3938
2153
2063
6824
3870
2680
994
1746
6897
435
6138
4302
1830
6148
1174
1832
6349
6311
530
4408
3491
1836
1601
6740
1289
3730
3291
5540
1839
2154
3907
7116
806
6731
1752
4596
4409
539
5112
3366
3547
1170
2757
4305
1100
439
5596
6136
993
5590
996
6345
4899
1184
297
583
5270
6747
6184
4435
2051
4301
5954
6614
7005
1773
433
7077
6457
5275
2010
256
3145
364
4322
6303
3937
5345
2130
2359
2354
5066
531
3139
5303
3954
193
3130
7033
6043
1011
6220
166
765
3542
3735
1182
1179
3732
5151
3737
3734
3748
1326
6141
3292
1743
1084
1745
115
3306
3635
3494
190
5082
1381
3441
4440
194
582
1412
1417
6180
6181
2123
1488
4778
191
549
532
4900
5395
999
997
6130
2474
4309
1128
2369
5347
3545
5424
1183
2835
2248
2840
1189
3530
60
548
5543
5898
5648
246
1753
3236
807
6228
1585
1775
7032
1833
7031
5115
6167
1741
2475
1288
3731
5113
7099
3325
3328
6336
6806
551
5025
6298
61
4300
5778
4654
1172
6145
2342
4709
6375
3541
3614
1634
736
7118
5773
1603
4077
5111
3496
1868
3540
6024
4109
589
3739
891
990
1434
272
5927
3749
2143
1749
6982
2009
3389
821
6441
5923
5992
1561
5883
3955
4044
6316
564
6743
5928
6042
572
1586
5076
1925
1582
1772
5154
3751
1387
4582
5756
6803
7008
6448
1162
5023
5091
2384
2487
2583
1777
5020
6459
1770
1744
823
5248
895
1903
4861
1394
587
1413
1580
2151
594
1462
2112
2109
5839
6749
826
560
947
1860
5118
1711
749
4722
4361
4404
4406
1608
4969
1600
1837
6837
4642
538
671
2211
4909
6412
4652
6159
3138
5597
93
197
5659
2903
320
6291
165
3147
4104
3738
98
6134
3307
3276
328
5591
3293
3747
2981
3356
5640
6121
3736
3058
6025
2987
3196
266
6310
2685
6294
3432
275
3939
3707
2844
828
4405
2839
3645
3029
1513
656
1255
840
1893
7036
1484
2343
2344
5036
2795
2352
4332
5509
1990
1272
2854
3649
3750
2914
2042
1584
579
6885
5290
2082
5461
273
6308
1118
2124
3364
2848
6297
2014
3290
2234
3648
316
5894
250
2018
2878
6040
4442
555
3931
3384
7059
4437
672
5002
4306
2486
1382
4308
2594
3169
6791
4260
388
4304
3633
6390
4299
1782
4296
5733
1805
7073
896
1235
4290
1858
6800
5956
1368
2415
4651
195
381
6359
4116
4129
676
1027
4265
6264
849
6835
1715
199
7157
3132
5399
2623
99
4269
3262
2691
1657
6213
2411
3839
3762
4708
3315
674
3534
4932
2110
1712
4939
2100
1750
3936
6143
4707
2069
3934
801
6300
5224
6821
4511
6246
7018
202
3655
6153
3798
4724
4729
4621
1835
759
3271
914
3470
4643
4727
3059
3560
3084
1838
6202
1815
4587
3177
2013
3773
712
753
3170
6706
68
2000
3543
4743
5097
3278
4567
3486
1602
4531
5341
1578
1035
1482
490
2142
380
492
96
2361
2358
5346
6183
3647
2348
2799
4338
3405
2316
1410
1028
383
6363
1481
4254
1
450
992
3434
4062
6786
5730
376
361
3743
3449
4325
5357
4048
2379
1478
2375
991
4261
4184
4383
2593
4401
4445
4446
5985
6331
2895
2172
4451
3754
6323
576
2645
2156
1102
808
2931
286
3951
5549
6745
5547
902
1569
2210
2836
1567
827
4901
1325
5527
5078
5444
5984
1365
2231
5019
323
6216
1681
1399
1232
5143
1367
1313
1344
1349
94
1685
894
3805
3487
4701
5159
802
6801
1528
3400
4767
1536
160
1538
6101
786
3394
1577
3759
3367
3365
3362
1560
867
4732
1489
1678
1415
6788
3699
3741
3795
119
1463
1480
1243
1640
3274
1250
3406
1467
6118
3923
4930
5352
5350
3643
2366
5947
2803
1073
2821
5026
4367
519
2829
15
4403
2376
5024
2842
2845
2847
2237
6137
5447
2178
3980
6332
4694
4457
6325
1101
581
6555
2381
5419
4324
6406
5998
5072
4160
4178
387
4230
6444
386
385
384
2689
4266
4267
378
377
4105
6020
4313
5680
5679
3642
6019
6319
4292
2709
7075
3634
442
998
5962
2465
1105
5649
6674
6146
1889
585
3054
4630
4631
3073
6152
3082
4639
3866
1834
217
5635
1921
4644
4647
3548
5103
3544
3162
5494
3535
6081
6707
6852
4964
1748
6839
184
4645
3022
3445
1985
4514
6299
4515
3933
2011
269
3006
3925
5094
4539
6615
5095
6144
5098
4592
1107
6862
4585
2152
3948
3595
243
4956
1233
3531
5059
3446
5791
6173
1265
4912
1178
5017
6828
4897
1242
1033
1085
4982
6178
1253
3721
1075
6903
6133
6887
1285
4125
6804
4417
2214
6036
5929
2170
4452
2158
2155
3971
2923
6313
2233
6306
2115
4482
4513
4534
1976
6637
1957
1955
4581
1904
6287
2132
2241
2833
4402
4132
4112
2600
4222
5961
4103
4102
5955
4295
4071
4307
2422
2374
4045
4036
2355
4028
2349
2347
5948
4351
4359
2827
6536
2284
1862
1850
4646
3148
3275
1626
1624
1623
1620
4734
1605
6087
3298
3771
6741
3360
4750
3383
6189
3390
3395
1518
3403
3404
1465
3430
3435
3436
3437
6730
5805
6211
1670
4659
4117
1787
1786
6704
3175
4691
6244
1756
