6352
1791
2474
2333
4396
5679
1719
908
4632
4356
1714
6304
2338
1716
4555
6265
3691
4412
4400
1713
6843
2415
1793
128
1491
6045
6267
3454
5712
1795
2337
4737
4390
4398
6510
6940
5675
1711
2239
3018
979
6388
6502
4265
6382
2339
748
1800
3455
7069
1229
1806
6273
3681
5036
2692
1715
5462
5839
6058
5407
1976
6269
1804
6091
1222
1374
120
2895
6266
6974
5092
3688
3944
4384
2812
1712
3927
6276
4473
3426
3028
3568
714
5394
4865
1375
334
5975
1180
6264
4906
6941
6762
3778
129
2419
4392
1181
4098
5674
243
2032
6769
6271
4787
3364
46
3907
2983
6384
4814
441
6513
1604
31
6422
2872
6275
5846
4552
3992
2334
5730
5396
5745
3005
3501
268
1578
2634
266
6497
1653
877
4402
6959
3943
375
1646
205
6955
974
3458
244
6910
6573
1963
972
6975
206
1061
86
6708
2981
1807
3654
803
6456
902
5520
264
6768
3857
1155
5762
1724
1717
6760
859
6774
209
1145
2023
2439
1730
3698
4170
4061
5104
6366
4817
5053
2102
6050
6043
6040
1210
5283
719
725
728
7124
4350
437
438
2301
6021
3261
5680
6546
1434
847
894
2385
5067
6587
5398
5082
5409
1182
4475
125
2232
5063
251
6407
3861
6300
431
2323
261
5057
449
5850
2310
4393
6363
1216
6017
3787
836
5106
6517
1034
5109
844
1969
1953
2336
1641
1972
853
4132
1820
4327
1974
6842
6440
3664
658
5460
746
3459
4818
201
1450
4957
2973
4272
1052
5645
5374
2963
246
4900
4869
2860
1739
6059
170
4606
4875
2517
679
2635
3697
4860
6942
6935
2662
3967
142
2902
5654
3993
2667
4676
2656
6980
2471
2177
6205
3687
2919
4271
4073
3451
4566
6028
1966
5433
1710
2557
6543
1401
6364
1526
1419
4835
4260
2878
374
121
5579
6071
5030
5522
6447
1224
1228
5658
448
4
446
1470
2300
2684
6452
4730
4671
1218
7109
2723
2059
6003
4815
6512
1205
4608
1436
970
2809
3694
1971
4208
3996
1087
6498
3662
6322
4035
6579
4047
1377
5392
5054
3048
6169
4269
5604
3025
4153
5603
200
6765
4478
207
2204
3452
3450
4302
6785
5328
2468
5942
5035
5777
588
1610
6262
6278
2411
3166
2234
6581
2135
4040
3100
5066
6926
2226
1289
4391
3567
2404
3082
5465
1149
6313
758
6201
2295
6075
5656
2077
5496
6425
6429
4311
1108
6279
5483
6274
1162
4172
1223
536
5907
6339
1122
3437
1127
3309
479
1041
6368
1129
5263
6373
6302
1178
1177
4224
6005
3565
2148
3420
6157
3423
5376
750
3818
6306
6307
3424
1696
563
5322
3366
4202
6038
4187
1146
3412
477
5448
1798
1605
6904
3900
3105
2539
265
6786
1644
904
5088
905
971
4905
2368
2946
6558
6994
366
5038
6789
4388
1281
218
6620
3902
5741
3040
6922
5052
6733
3049
6930
6919
4094
4082
3021
5065
3901
6694
6911
6771
1285
123
122
2409
5747
79
1649
2332
3216
4364
1338
2633
224
4354
4975
4353
2717
1240
4738
7116
4417
2686
2681
212
6849
4108
445
6
7091
1225
5847
1386
4614
7055
4019
235
5685
1944
5776
4617
2605
1652
408
4800
2815
2466
4066
6923
4948
4173
630
4953
1378
4904
2979
6162
3510
1743
1565
4474
1371
3539
1583
4069
4418
3921
6946
5737
6054
3695
4612
4804
3668
3693
1780
4625
7057
7064
2632
4636
7105
1492
5461
4675
7155
7161
2066
2579
1098
2576
77
1544
1126
1123
5977
6934
2918
4179
4554
127
6113
2897
1885
1111
4262
2543
975
2854
2848
3653
1801
3607
216
458
3784
3208
1645
5095
6551
5894
6353
3367
6350
3109
4087
6572
6222
6578
531
6316
338
6314
1283
2227
1288
6693
3213
3363
6367
3361
2307
5872
442
1678
4335
5855
1220
435
5544
4355
3415
5126
1211
6492
1209
1657
406
405
2335
391
388
1650
6395
6298
2071
4395
3433
6277
3011
4403
5786
4077
864
3051
2444
4076
248
6263
241
1157
3453
606
4299
5950
250
998
256
790
4397
5050
3024
1171
565
568
5678
4122
848
929
5559
3826
5651
5529
880
4072
759
1975
5889
935
1907
874
5955
4103
3908
2061
5761
5546
5586
991
4181
842
5515
997
909
996
3926
5490
6001
5493
5516
5585
872
3929
753
3903
5636
4075
5914
3825
3930
5527
5641
3960
5738
5525
1045
1219
6575
3010
3007
2996
4404
245
1609
1608
6815
1606
4409
6845
6847
6848
4961
203
1314
5037
3023
6747
1658
6488
6493
1654
400
394
383
202
3201
3125
2367
5089
5467
1643
2393
6701
5097
4958
6856
6866
6976
2596
7047
2783
2780
2772
4633
4602
7086
34
2641
4724
2696
2695
4707
2669
7095
2331
4601
6952
2958
179
6916
6920
1556
6924
1546
106
6928
6932
2916
1533
4570
1527
2546
2874
2514
4359
943
6357
5438
1190
1186
2248
5434
1184
6331
6317
2235
2223
562
5316
3427
680
6282
5325
1718
6268
2201
2181
6207
4264
3456
3615
1147
3457
6196
4295
6102
4234
5260
5387
4319
434
1236
6036
2312
444
717
2086
472
4228
3310
3316
1690
1093
3329
1092
6055
1695
6061
4220
6386
5445
1749
3995
1474
5637
4267
4802
973
3976
5393
1408
4771
4206
1420
1422
1757
4732
5635
4786
4660
4819
1440
1086
1659
5329
1737
5064
5593
5074
1284
4385
1693
5087
5580
1217
4381
4096
1853
1685
1681
4100
4345
1848
5234
1738
4399
1315
1542
4294
4505
4176
4477
1047
1376
4297
4951
5168
4971
4414
4408
1612
4407
4080
1318
5281
1794
1479
2274
6215
3727
2961
6864
2977
6851
3741
2982
211
2475
3193
6556
2164
6838
208
386
6229
5954
6931
6457
5882
6458
2329
156
3800
2941
398
174
2016
6908
2184
2028
5952
6385
2473
6033
2078
6066
6739
3046
6069
3047
