6366
2923
5736
4971
4978
2462
974
6196
3684
3861
5095
970
3925
4698
6510
4633
6770
977
6021
2101
2970
5731
3682
6822
979
86
2466
2928
4338
3687
83
4396
6514
4974
6026
856
2108
3693
2973
2517
3872
6357
592
5730
3697
81
907
2582
5109
4976
6493
4975
3920
4973
6451
3681
568
900
2039
6204
126
6023
976
2519
2313
3689
6351
78
5322
79
1493
3683
1147
3929
750
6586
1495
2887
6363
6573
290
2814
1953
2030
3927
4957
3926
904
908
4314
3695
2468
906
4952
1727
1492
4066
4625
4251
485
4962
4953
6020
1491
2031
6384
975
6024
85
6359
2463
3921
5486
5557
1041
3686
600
4334
4965
2971
1952
3153
2464
5613
3856
4972
5710
5277
5739
972
5738
5105
5100
756
604
4311
5343
3691
945
3342
4315
6372
4399
6435
6356
6896
5737
2107
4257
3863
5094
3698
3911
1235
6029
2532
3694
301
596
4392
4335
6382
4434
6365
4701
2924
2318
2897
5271
6065
5550
4963
4312
4519
235
6190
2100
4383
5500
122
854
978
5745
1439
6405
3168
4566
2598
5801
801
2606
1451
3878
6738
347
2068
3912
5586
4202
2487
307
4719
2515
2788
6537
303
3970
7070
60
5732
4003
949
2718
5814
3924
494
2717
1143
1387
4316
2213
2469
640
2657
2711
6458
3976
3942
1717
4804
6262
5992
6371
2234
1615
2798
3323
4690
6375
1126
1315
3539
5104
3622
4661
4967
2104
6022
5635
3363
7147
3364
4840
6572
2513
1954
4677
5669
1047
3012
2522
2293
2106
6322
4326
128
1454
555
6139
4906
4636
564
238
6893
2497
1433
2595
6571
5152
2929
3344
6427
646
6570
6995
1687
1712
5079
4961
345
3692
4941
943
6354
2499
2026
2719
2333
2494
4895
6821
909
4614
5925
1796
5474
4082
423
559
5023
4830
6503
407
2670
1825
394
5863
2678
5920
4669
2572
5959
2236
4870
6869
1048
5843
5055
439
4966
4565
366
1963
844
4524
1587
2980
297
2812
4398
108
1236
4236
2966
2965
2921
6771
4702
4333
82
1339
1618
3165
1575
4393
5263
5808
4697
6462
3294
3486
6203
6028
2109
6248
6076
6079
1161
3293
2129
4366
794
120
2148
4201
2994
3436
1252
806
2920
3797
656
5151
5660
6426
6867
1924
3422
5882
5883
6854
2274
762
4977
5840
3857
2458
4038
2490
1880
4438
1294
942
4439
3367
129
124
2527
1298
487
7130
2979
2125
855
3639
1574
5552
1603
88
6507
1839
4970
561
2585
3966
6110
150
2186
6069
2195
4156
5301
4668
7160
5054
617
4695
4197
6054
4515
6581
2023
31
4521
1723
2714
4799
302
4692
1169
6046
6206
4718
3229
5082
6993
5384
2766
5503
5712
64
4670
1773
5113
924
6585
2648
1087
4397
6502
6376
6890
6017
6481
3032
4019
4387
3220
144
3236
845
6061
4431
6754
6373
6380
4430
1292
1291
2377
857
3028
5772
4652
6355
5556
5847
4658
6708
4005
4006
3138
2409
5262
1958
5891
6360
608
562
6361
6990
4390
6909
6711
814
1457
4318
3173
1432
4643
2478
5848
3867
2303
6199
5744
6198
3224
6604
6401
3814
4699
257
6588
4094
416
2652
2880
3919
5709
5376
6757
2613
4605
6289
5423
7054
5106
6211
5084
5487
5089
348
349
1654
730
3551
1652
5069
1602
311
6227
5990
5991
914
5391
755
7093
5045
1616
917
2713
5142
1799
4667
3360
6899
2511
1273
3018
4436
2210
5667
6008
7031
785
3676
3677
1534
6842
2512
1808
1234
2976
1269
3792
228
1590
1219
1838
5610
3358
5155
2944
4833
4679
4239
3829
3915
2209
3841
831
6388
840
897
648
846
3910
4794
4689
6452
4681
786
4674
3968
2175
3796
6518
3793
925
2326
871
5820
948
684
2052
3887
4835
3819
5492
919
3923
6389
2229
6446
2296
1384
3598
4157
5076
3535
5734
5398
1572
5067
4560
2715
1722
4313
373
1570
5231
378
1460
6264
1459
2985
5234
1455
3097
5422
5026
2675
1299
1686
1145
3339
3416
3365
5143
163
6778
5713
4496
162
6212
1583
7135
6646
5571
292
2943
5337
2945
4414
134
2948
312
1157
1671
324
2765
121
6231
2911
405
7050
1436
2982
2484
3696
4350
1893
6051
1901
6081
4385
4645
4918
4035
2448
14
1925
5647
2425
1945
4358
605
4379
5172
5864
5643
3225
6712
5746
1347
6336
5637
6273
4078
6114
4076
74
446
7145
2594
1818
1823
4954
65
4330
4968
5756
1538
1848
4331
1544
6326
3155
2529
3157
2523
6308
2922
6484
1258
4445
4708
2061
1274
4433
1295
1296
1301
1304
1458
1453
1331
4336
4711
1402
6662
6485
3971
6772
1775
1075
926
4068
6827
6504
6506
4678
1045
1852
5766
3962
4632
6844
4026
4676
947
1014
6849
4000
5776
4672
1947
4664
1960
971
964
921
4451
4131
1113
4250
1567
6898
1225
2050
4235
5606
1613
1619
6648
4532
2037
6877
1638
2033
962
1655
6625
1149
4547
1714
4684
4682
5735
1117
1728
1729
1112
1168
2287
4715
6161
597
5869
2926
6994
2424
4910
3721
2903
2884
570
5112
5108
5892
6214
553
5388
3388
203
2972
5473
6016
5338
5342
679
165
5495
3015
2317
5896
6387
2332
6383
7133
5849
6150
2998
6005
5479
2324
143
4927
6228
7074
6296
2726
2722
432
2712
2710
5400
382
3604
3899
3565
5038
5021
414
5027
402
5922
335
455
2759
4935
2802
3489
3688
313
2787
2524
7083
2824
3501
6327
3671
5970
5898
3523
470
469
4969
5973
142
2667
2278
16
3877
2223
6058
4798
3869
6955
3178
6433
5233
3167
4766
7162
6125
766
3311
92
2198
6425
3154
764
3295
5261
3855
5260
3283
3851
3335
2235
3329
3338
5287
123
3035
4826
803
2
6068
6456
10
1663
2687
3553
41
1666
2767
4391
1111
2680
7057
1344
4541
4394
401
309
