3080
4092
1447
1114
154
1924
1407
1405
4610
3828
4042
4091
638
1444
1400
2578
1408
792
4093
2404
2392
5890
7058
376
2391
4099
102
563
156
372
2576
3284
1403
636
623
1087
5480
2227
3820
1110
3823
1016
1160
6014
379
5970
5893
2380
1402
5619
5504
4634
2224
2395
5489
5455
4096
4097
634
4137
4140
4144
2122
1913
2226
5095
4572
799
4906
1921
2579
4510
3495
3158
3505
4045
1116
1115
5140
105
1112
1788
5496
7055
439
6418
4239
6354
3296
2316
2332
1089
3824
3005
90
2399
2155
328
2402
3085
1445
4007
3558
3554
791
1082
1165
4134
1446
3550
6726
1409
4142
4892
4146
325
1480
3948
790
2298
740
3081
1925
1235
4608
4147
1926
1910
1970
3051
1914
654
442
1863
1568
159
498
4693
4180
5896
635
3288
7054
3862
3420
2128
5248
5391
718
1884
5389
1908
5325
4724
5021
7067
5483
1265
6012
4094
1083
104
1253
5482
4048
2086
1532
3534
6721
2281
1496
4149
4043
2374
5458
4005
486
3002
6189
539
2384
2403
326
5972
1885
1442
656
5618
566
615
6426
1902
613
628
6367
630
5797
1449
631
2012
1404
5778
3351
2135
2011
3349
2034
5937
5757
1506
5330
385
381
3279
378
4109
377
115
2063
3652
6946
4047
7161
6095
3973
3946
1950
3273
1560
1929
1318
4230
148
2687
3287
272
6494
796
3492
1524
4518
3532
5960
719
2977
158
2339
320
2365
5849
481
2388
1448
3275
2336
2333
3283
6013
3865
5137
5730
4389
4307
1000
2993
4148
3032
4132
3036
4114
3551
1342
3644
1258
4006
4003
1569
3967
3106
1166
1168
3935
1177
4084
507
2802
2789
5541
2474
2511
3249
5454
1763
5452
637
5376
5358
3456
3405
1711
5107
3451
794
1354
4898
4798
2737
2780
890
5118
5148
3271
6992
86
6722
261
6858
2081
1883
6821
2139
10
6363
1946
7150
6194
2037
1538
3082
4037
4004
210
3087
5968
3553
6963
1888
3102
1564
1164
3937
1171
3555
3841
5942
3578
1244
5883
1251
2337
5894
3642
5864
4308
4065
4593
6349
2510
891
596
2744
805
793
617
2134
748
2595
5306
2130
1745
4516
4064
4396
2929
3548
505
6758
6303
1086
5664
4126
4244
6674
4283
2415
2960
5544
4326
4341
970
4076
1889
1323
3450
3348
3453
3325
7155
1440
3384
1443
5992
7118
2255
2234
3166
1857
6066
1989
3289
3394
355
3393
2035
4104
122
1081
3341
3034
6747
4578
2093
5457
2406
6744
3342
1855
2092
4833
3366
852
2085
4131
489
490
353
492
106
851
323
21
2726
6135
5974
6131
4684
2905
4388
1777
7133
2499
1441
4482
4495
2824
943
940
1644
2239
5488
4619
5621
4312
4697
6720
4741
875
3023
2683
1790
3014
1005
4699
3253
4256
538
5598
2407
1015
1461
144
4896
23
7072
2351
434
3564
5250
4911
3688
3138
5149
3719
3721
3424
1714
3760
445
6236
1534
3667
717
3640
5327
7159
2593
7166
3457
5880
6166
5423
2599
3572
710
2605
3664
6209
632
3277
3792
3089
6847
3962
797
307
1310
1161
1325
1162
5448
6015
671
6249
621
4957
620
3105
2061
3821
5138
629
755
5825
2069
5130
3557
5101
1178
3282
5112
5351
670
908
168
6437
2570
4639
672
5352
4701
1483
830
7151
4814
4799
6543
855
2618
1743
3292
1724
1920
4698
4695
6587
1491
2594
752
2805
3029
4590
3425
2066
3135
3123
3767
1211
3793
1245
3827
3109
3229
1187
1558
1179
2078
3406
3829
3240
3659
1256
1315
3527
3507
3499
3487
3574
3585
3454
1286
1535
3643
2062
3150
7050
1351
61
3607
3400
1169
1163
3017
3006
3326
1011
1008
4286
4300
1596
3323
987
15
1992
4414
1634
2873
2859
4303
4171
4153
3344
3396
6862
3953
1401
2032
3994
2031
1502
3086
6822
4034
3385
99
6802
2089
4095
1088
3322
5393
900
528
5868
6305
373
461
5946
2221
2338
2408
6359
5827
6252
6362
341
5453
503
6010
6169
6364
530
6329
2529
2296
586
487
537
484
370
5882
495
5486
262
5570
657
5612
2229
5796
652
390
2502
6264
5798
4831
6770
6940
4071
4824
610
1938
4090
834
4070
1266
2400
4264
6302
2495
4398
795
6561
3538
6565
4451
1533
3037
806
2330
4912
1282
177
2653
5685
5908
4887
4884
2685
5898
1268
3576
857
946
5459
1957
172
1117
1190
456
6818
1559
3869
2375
5826
5476
3927
2783
466
2398
5765
3992
2806
4617
6620
100
5886
3818
2500
845
6233
848
1242
1942
604
3685
4393
3129
6360
2362
3761
3769
4749
3119
941
3787
4743
6246
449
2367
3110
3536
1314
622
142
345
347
6058
2596
2966
4237
2409
1758
3010
713
5300
714
358
3392
359
7104
4225
4605
5249
1850
2609
3395
529
715
2151
2123
696
1485
6120
4252
4248
1012
6108
1466
1464
653
1462
2222
335
3297
5355
5407
3317
2577
3320
4243
6102
5560
1006
5324
5322
680
1389
4604
5105
3033
1713
1712
123
1357
297
1791
3498
7019
5651
5224
3458
2617
5645
3460
6535
5090
6399
4106
6516
2635
1719
1508
2219
5616
3222
5010
4390
6983
753
5973
4130
3426
983
3427
3428
3180
153
750
3178
4014
4033
5601
6281
4009
4039
6742
6675
1047
5756
1053
256
6712
101
4208
2114
5615
4233
6719
250
6724
1119
5605
5695
4141
4044
2099
129
1795
252
497
5660
103
5394
4001
6019
3397
6160
1971
3417
7064
1376
6164
1368
25
7056
2208
294
1348
1344
2280
3462
3484
1522
6993
3452
5979
3389
22
317
1982
3280
6117
3270
3291
1455
3259
6100
3247
6144
6093
6069
1858
1993
3350
1426
6049
6045
3369
7123
5975
389
3157
3130
3778
3815
3819
452
3842
3857
72
1563
441
5807
2083
3938
6257
6259
6864
6262
