6368
2664
1020
7050
3857
816
1026
465
1662
918
7131
3507
2579
6365
3135
2674
2598
1025
4159
5254
5407
1108
597
914
3418
5902
5901
1667
646
861
5963
912
2591
84
5895
4047
6344
2581
5406
1679
3706
1659
1209
1022
2405
1403
4153
5968
1204
3501
71
268
5741
3655
4152
6233
249
5297
6895
5236
2905
2367
5913
313
3638
260
3865
3927
2588
3718
553
3148
3930
1028
3862
6761
2673
2893
5904
4157
453
3575
887
2930
4835
6428
5960
4936
2390
6495
5599
1859
5932
6885
5899
3715
6293
6981
6822
324
3263
2721
72
5219
2576
3123
627
2391
1600
5914
2393
776
2717
711
717
6648
5907
359
2402
1206
6302
5199
1094
6826
1273
3701
3608
2887
6131
1034
6126
4431
1021
459
2908
2869
6431
4941
929
4805
4933
2332
1083
3370
2050
3333
2319
4019
5497
1958
4439
6750
2224
6964
1029
7123
4930
6543
5704
813
5774
125
5632
2676
5245
1857
2023
6450
3235
3081
928
5478
5965
911
5471
5708
6054
4677
114
5942
4023
3577
6065
5381
1793
5931
4694
20
3146
190
262
3653
1090
4721
1087
3268
2578
133
4170
4355
6206
645
2779
642
2940
4639
2711
5881
3487
720
1730
2328
158
6703
1017
5195
4958
6355
2597
5149
3572
363
6846
2424
4984
6418
4167
5476
478
4083
3049
3189
1099
1852
5706
3288
5694
3704
5238
5233
6819
6816
4453
2504
3710
3711
3424
1274
2512
3713
1236
1233
3375
6827
3943
6832
7114
3962
4869
353
1097
3709
5263
6861
2650
224
6995
6713
2724
2667
1739
4016
4201
746
5482
2670
4256
3096
5910
5909
6545
563
2725
2321
4801
2824
1646
1608
4131
5487
507
3156
3536
6986
2330
2617
1148
2368
5084
611
2162
1711
5967
5597
3744
4659
4460
4234
113
4068
5137
157
159
5354
2399
4151
2180
6980
1966
1086
1082
412
5492
4885
3124
644
1103
385
2862
2863
6690
404
1968
6436
6352
4326
5480
2221
1008
4330
5609
4086
6413
2628
982
3727
4350
487
2616
3082
5580
1970
5574
1024
6353
724
728
541
1981
2679
2675
6549
2099
6384
2232
4179
3717
2227
3149
4320
6367
4013
5189
4158
6122
5762
5911
3602
312
5703
5702
3455
4516
4020
2421
4135
2283
7073
6175
4908
3047
5916
2475
5393
4904
3527
1596
5394
1442
2325
2433
3579
5264
7061
1854
6092
4953
4437
4136
3593
5784
5296
5868
4494
5384
1885
138
6281
1733
226
4937
2943
222
4024
112
243
2395
4507
5949
4011
241
3274
1205
2904
1157
1888
4674
3550
1235
5789
6988
5919
2327
4375
1894
6950
3291
5845
3509
2396
1760
2665
3760
5376
5485
869
1785
5572
5130
2394
1593
1788
3519
5564
653
647
3267
3508
2353
1695
5362
3850
3851
5496
3854
622
6663
4240
2333
4778
5792
6642
3528
6626
3260
6565
2678
6573
3790
4490
3799
5107
5101
5559
3816
6609
730
1619
4492
5557
3346
2182
1644
3756
3201
1532
1093
4573
1225
6255
3184
1890
1253
2517
1908
4353
3183
1884
3182
2508
3705
1976
3606
6135
1886
1909
5678
2577
1158
1146
5190
4369
5667
5417
4743
6289
3667
1129
1127
1122
1193
5668
5671
5665
4354
1940
3413
3286
5134
5458
6132
974
5388
6014
963
6008
4679
5973
5969
1825
1503
926
3283
5477
6462
5750
5140
5479
881
2409
4351
6017
1457
3712
1045
5626
1855
3716
1031
4436
5262
1019
3366
6055
6047
1015
2440
3719
1004
1001
5400
2606
5462
3557
2167
349
2973
2841
242
450
431
6815
7112
236
7032
4018
567
6918
4015
147
6907
6749
6900
368
154
7125
2885
7067
6887
6892
6731
7136
175
7139
3944
244
2812
4150
3083
7166
4902
4847
86
7071
470
467
2773
6952
4026
29
3161
1681
4163
7090
7059
2538
4803
156
3378
2234
6290
2626
7121
3672
6303
5637
4123
2798
5401
4592
4505
1985
4832
4166
5620
5699
5862
3099
6243
7062
3261
4906
6432
5472
5737
5734
476
4843
4725
1669
2226
2019
3025
3795
4129
1210
2228
2229
1145
1905
2948
3411
1084
5125
411
1800
6349
868
5425
1887
925
509
2311
5135
3280
1794
3708
5752
4656
433
4178
6382
2318
3741
2322
3694
6314
984
5455
5797
913
2668
6785
1735
832
6531
1792
5398
1738
1126
1123
1906
3166
6329
3152
2326
6890
1107
3188
75
263
4955
2397
309
4705
6926
5575
3952
220
2888
1574
2886
5570
1427
6160
3973
5290
2386
1319
2720
4611
1318
5235
1315
3104
254
4931
5934
2465
5552
3583
6646
2189
3349
6078
2459
5292
1529
1404
660
5022
6086
4155
663
2519
641
4438
666
2188
6098
5544
4142
5295
4675
4716
3558
4608
5882
2423
199
2054
4493
6021
5087
722
2432
2145
3553
3116
2071
3555
3133
3573
1467
3109
1594
2516
557
3130
1058
5710
3564
1527
472
289
1393
3069
2426
1044
1485
6369
6783
1395
5148
261
1791
474
6429
267
5993
2457
6034
6814
283
4972
5966
4175
1013
6410
7054
2605
1006
5732
3177
1441
4189
5970
996
5382
3576
3456
3436
4935
6001
7055
6391
4462
5959
5747
3457
5948
3551
6932
3253
6062
1023
3180
2323
2403
1216
6992
6209
6977
3628
5298
6974
1302
3035
5194
3505
6285
1189
2942
2348
2499
5906
3207
3671
1219
1221
2515
4132
6244
1651
2364
6249
5228
6226
1237
343
6221
5850
345
186
3265
6990
347
4384
6296
366
5908
6919
2574
2952
4172
6091
6831
6828
408
2315
1081
410
3702
1539
416
2313
3181
6357
1116
2571
4508
5171
367
3677
4502
6865
1154
3220
5183
6150
5758
4149
6910
4169
6317
4364
2331
227
1556
6108
6133
1860
2304
6430
5585
3398
558
2722
560
2726
1953
2201
2727
6511
5075
7113
2739
5587
677
1937
5068
3002
7110
3414
4886
499
3294
5553
