5138
3036
341
5864
5139
5869
5137
466
342
2727
722
2289
2280
3034
5867
2281
5865
3814
1878
2492
2499
340
343
5866
3039
724
2495
2726
2728
348
469
710
715
2497
5868
5936
5172
5130
3035
2722
5908
345
6463
3033
6431
5863
2282
2493
28
2729
5919
6259
5860
4064
5932
2287
2494
5933
2283
3515
2490
4065
2559
346
6814
2162
5606
3037
2288
5135
26
3813
5931
2047
647
646
4062
2725
6249
6239
1680
2285
5568
3032
349
347
3489
5901
4887
2507
5602
5604
84
644
5861
5916
5934
4913
2286
6753
2200
5133
5600
5939
453
5245
3819
4211
5862
3030
2605
533
6462
4657
5918
6255
467
4246
5909
6442
2158
4152
4714
2258
4151
4844
5754
4487
6226
5183
5639
6423
4217
2496
6817
6810
2594
690
959
6367
1924
22
6712
1257
1090
3674
649
4218
4223
4226
5937
1709
3199
2491
6665
4242
6169
1344
325
645
648
2072
1258
3242
4586
5415
4683
6684
2555
2546
5566
717
3223
6166
300
5564
4567
5134
4108
3470
3490
2025
4911
4916
463
489
4919
1644
675
3570
6871
5753
6440
1099
851
5905
6816
3818
6818
5221
603
412
670
4557
1096
1506
6170
989
6465
399
1104
460
168
721
3193
4516
752
418
419
1087
4497
5960
2569
3225
5580
4486
6813
5569
5170
5900
7123
3350
1131
643
1564
4047
1447
2071
642
980
480
3099
101
7014
1400
5911
3525
4782
2557
912
4346
2038
5131
426
988
5964
2560
5929
2724
6468
4084
1763
427
4252
6158
5107
2597
1760
6744
1253
1094
2572
456
5938
5560
416
417
2925
5112
6994
981
3256
2353
5638
6237
3528
3321
5682
6337
6244
2319
1429
3511
5132
6561
2079
6564
3341
4713
3835
879
177
6269
2212
4749
2197
4760
6569
1505
1539
4912
3297
848
4939
4503
45
2409
3536
2466
5175
563
4583
1965
3719
755
944
422
3653
4979
640
4095
3694
1145
1887
46
1159
2120
6432
813
3126
5186
2899
4914
4962
4918
1617
6851
6353
5181
3087
3520
4930
654
4213
784
3555
2059
411
672
3579
641
1088
4210
543
1522
5904
5539
3169
7151
3868
1407
1405
6801
3187
2125
3190
970
2544
3192
3197
2578
5603
5329
4551
2542
250
5386
3327
505
6445
7097
5364
2558
2145
6053
4483
6251
3226
3815
4489
6093
6257
6460
6444
2771
4504
4410
720
4687
4717
729
6984
5742
3703
726
3710
3711
5535
3055
834
3420
3358
811
695
607
5814
5706
4063
972
4019
929
1044
5608
3716
3624
450
674
3089
6815
6626
4578
4576
1353
2545
2548
4482
2556
4441
5389
4702
6670
1273
2651
1227
5454
337
1206
1197
2802
4243
6673
4719
5236
6288
21
1696
1807
1808
6405
1874
60
1955
4933
5173
1967
2013
7108
2086
2092
1525
7092
4778
154
2156
2236
4241
4240
6058
1089
1117
5484
1151
4231
3031
4172
4159
3000
816
6829
7099
1489
831
3466
454
5798
3389
3384
4840
3081
6838
1502
2121
2864
461
4157
6240
6241
2335
3326
4634
6808
2188
5283
6258
5267
4686
4111
4716
3349
2089
885
4113
2076
572
3586
3607
39
5136
693
6443
6732
697
1699
699
6988
719
5120
1741
1735
1882
1885
1888
6512
1568
6333
4888
2044
2034
3527
6349
2080
661
5783
665
1962
1086
3715
3714
4955
415
5320
598
4593
4092
6095
2720
3235
4496
4001
1144
3938
4420
5935
2708
2690
2676
1251
5562
6668
948
3238
2543
2723
2863
3303
1164
4244
6755
3300
4585
5461
2861
5883
4039
3141
3642
356
5995
1367
5887
1175
2968
2646
2640
6680
1291
2910
1148
3534
1977
2608
2606
3064
2037
1270
6540
6504
5902
1726
1705
1160
5750
6418
2881
6727
1862
3018
1877
2045
1230
986
5969
1642
1641
5972
759
6517
3177
3200
6669
5951
1503
2550
3085
3230
1093
1120
1485
1473
1458
2270
1168
6811
2551
6265
2993
1340
5984
6209
890
3330
2403
2402
3317
914
2349
2367
878
6017
6819
2140
6328
2075
3211
2077
953
3304
2090
3480
3222
2928
3224
2093
3357
2568
3451
6015
6663
1537
1534
3395
6713
2123
1530
1091
2128
2139
1309
1063
2552
4895
5530
5270
475
483
5017
5537
4239
4216
366
358
5538
4248
609
4588
351
4818
4245
5254
4103
4938
4169
6985
5690
424
5685
5155
5485
4762
5482
574
58
5504
4198
5683
5140
4780
42
677
4005
167
326
90
529
91
4352
6958
4875
590
4877
4389
95
698
5380
4453
280
5184
5326
3993
7154
678
3834
7054
4061
458
3188
5950
6739
158
4882
5958
6560
6795
2114
6800
2065
4885
2191
4890
3194
2195
4147
958
7090
6803
2054
1535
2146
2126
6991
4806
5188
984
6567
1521
493
5917
4078
4086
3172
4091
7094
4097
3198
5567
5605
3254
7105
2124
7098
6329
471
4042
138
6886
1471
2498
2657
2664
1364
4562
2714
6179
2721
2475
4574
1376
2465
6103
2754
2756
2404
2778
4343
2779
252
2630
5360
6667
1323
2570
1305
2549
1299
1298
5384
6165
258
305
256
2529
2618
4518
5408
2516
5965
1397
5306
395
2272
173
2967
2977
2984
1103
4744
2226
413
421
1467
5971
1082
6719
3011
428
1119
2805
5235
1442
2831
2352
6049
4610
1165
4623
6242
1419
5292
1152
4230
377
2890
2306
6020
5268
4701
390
5979
1513
99
25
5681
3537
6385
765
1704
5053
5859
858
4936
3574
6461
1767
1950
864
3354
4931
1720
3680
3679
6809
1694
6359
841
5024
804
3455
812
5695
1871
3308
6426
50
650
793
3492
52
1880
3495
3510
55
624
3517
3727
3726
3724
659
5087
6453
3332
1742
6806
2014
3324
3609
5748
692
3627
3611
893
3323
691
3838
5731
723
3833
268
696
718
1149
6246
4649
3513
653
1161
2887
4495
4621
