6373
1154
1121
4192
6490
6467
4958
6469
6021
6500
842
1122
1126
1155
6492
3964
2102
6056
6384
3902
2584
6460
4190
2922
3904
1185
2582
843
5088
1149
6028
6497
6504
1127
4193
6473
2838
1145
4629
1123
6375
6052
4198
6682
1654
6484
4877
6485
4196
4779
3861
5761
5747
1120
6055
5978
14
5095
6078
5157
6359
6688
4199
5503
65
4194
1159
6739
46
4191
6974
159
6580
6971
3096
2834
3008
2105
1158
4875
4627
6425
5959
6685
2030
4026
1151
2487
5891
5216
4931
2453
4771
6507
1153
1152
3910
2837
5737
5731
4879
2427
995
133
1180
3694
2830
6353
3483
3942
3696
3699
6026
2512
6089
5333
2923
6268
5316
2244
5158
2832
2719
5201
6383
2316
366
2836
2024
5213
268
6976
3676
4626
1147
3568
3615
3654
6508
1296
3908
1186
120
1945
6389
4251
41
1901
6785
3248
6774
1262
6083
2003
4292
1615
5212
1941
6683
6350
1157
4787
6388
6465
2961
4625
5736
2234
6502
6423
2924
3938
3016
6023
443
6483
2112
3903
5619
2515
6218
4250
7127
3900
62
63
6087
1983
5645
3834
5656
3924
5475
5655
1146
5507
3692
5537
3941
6930
3912
950
746
5261
4588
4621
6269
96
1616
4943
449
4633
3018
2973
2966
6509
4872
4766
6493
2926
2218
2634
6374
5749
600
1808
6687
4561
5163
4436
2519
3782
2510
5211
3674
2513
5762
2839
4768
3905
2576
4774
4783
5217
5746
3379
5447
3364
2425
728
5486
3112
516
364
446
2459
778
2463
4960
2340
4951
3996
2813
3695
4100
568
1235
6646
6657
1344
1209
6498
6029
948
2107
5979
906
2120
6427
1188
6069
6382
6277
1922
7152
1636
6263
6378
1301
3044
3028
6357
4757
2962
113
6506
1295
6370
1304
1579
6488
4785
6486
2649
457
5850
135
6482
4949
2921
1573
6429
4944
5092
907
2139
3241
4101
6901
3697
1137
1132
992
18
16
3920
6975
3906
7048
1045
7112
7159
3691
3690
6831
44
3418
6339
3587
4398
4390
6681
3658
4583
1221
4295
3675
4272
1206
6708
513
3687
3671
1803
416
5218
2517
2309
1928
2051
1943
2398
5442
5738
6039
5445
6058
1955
5502
1820
6072
2452
2422
5745
6211
5921
5785
2161
5791
3344
2031
3857
6979
3914
3693
942
3607
1224
4395
3643
4580
4438
3247
2152
448
5481
1299
1298
454
3863
3785
4623
1294
5815
6635
651
2423
2145
5855
237
4363
4339
4077
1144
565
5962
2117
1140
6829
6817
2290
519
49
2293
61
515
514
2108
4269
2039
3660
4323
3665
4299
5633
979
5784
1305
5642
2072
3933
2308
805
3931
6576
1018
1328
6111
5443
4786
1920
6419
5409
4802
4823
6376
2872
6441
903
5308
1570
6428
5372
1574
5087
6422
5070
2657
2738
2536
1612
2723
6489
2538
5441
2979
1701
1348
5210
2581
6349
1822
2439
1697
4661
6097
4694
2468
2630
441
1366
4660
125
1780
6352
747
1142
1041
1631
807
803
2659
974
2537
1638
845
3780
3826
2167
1690
3752
1071
2644
993
1125
1069
1128
2639
2129
2572
2181
2717
2531
1613
3459
2958
1261
1264
3281
1953
1291
2025
3463
2963
3168
1356
3088
2426
1340
3045
2029
1332
1365
3481
2420
2489
717
2773
1183
2109
3686
1189
2295
2026
2814
2091
947
1515
1493
902
1453
2357
2903
3646
1940
1619
1292
7169
5760
5742
4830
6702
6354
6754
6916
6439
6932
6351
6935
5376
6940
66
4876
6731
6272
6386
4433
4446
6433
567
5356
4602
6782
5482
70
6510
6590
465
6245
4825
6655
6868
6424
5583
71
4624
6911
6279
5347
4565
6686
5476
5801
19
533
5105
6038
3945
3932
5373
5374
6075
4032
3929
3927
6079
6537
6085
6091
6654
7132
3909
6076
4074
6034
7031
5817
5847
6274
4362
6977
6680
322
56
257
4939
6621
4762
431
6012
6013
6016
6650
5190
6745
147
4620
4962
6592
6652
5082
374
1572
1911
1915
1544
2587
360
5219
6603
5239
5252
1303
6619
5393
6175
1334
2208
5778
5797
5799
1460
5882
900
2125
1470
5769
2116
5977
6024
1494
2083
6037
1491
6071
6082
6099
5975
6447
6141
5743
1341
1923
2461
6531
6518
5468
2438
1364
2434
2432
315
1925
2421
1519
908
301
2328
128
5647
6152
5712
6551
5015
4852
4973
12
3609
4407
3593
4439
6970
618
6356
1124
6416
3448
3439
6912
3416
1135
31
3369
3363
3362
864
6420
1143
3262
4392
1228
4377
3663
3838
3918
1630
3789
3925
1047
3777
3774
6385
4001
1066
4157
4195
1080
3681
3679
1098
4285
4296
4297
4298
3668
4321
998
1724
6435
3235
4788
1194
2917
1823
2897
2896
6110
74
4878
6689
2821
1826
4945
2811
4946
1226
2770
2763
4947
2749
4948
4953
1637
4582
2929
6709
6715
3213
6859
6838
1727
3043
6751
3026
684
3020
3024
3012
3011
158
1163
4695
2985
4716
6748
6326
2977
6430
6421
1605
1587
1618
1611
6434
3860
1431
6771
6772
6777
6780
6861
6907
1141
1168
6910
1129
6924
6959
6972
7037
1064
7095
1133
6738
1199
6706
6480
1402
1390
1380
6496
6532
6574
1308
6599
6606
6607
6633
6642
1263
6673
1222
1207
1472
6379
5672
6369
4586
4601
3153
4606
3089
3049
4632
3040
4662
3021
4667
4669
3010
4712
4724
4765
4776
2934
2928
4778
4795
4826
2919
4828
2902
2871
4857
4886
2833
4581
4569
3293
3341
3856
3919
3781
3755
4006
4094
4139
4240
1019
4333
4336
3626
4406
3580
4934
3528
3486
3485
4517
3467
4519
4531
3446
4535
3414
3383
4549
3360
4566
3342
3501
4938
2815
2772
5651
2252
2248
5759
5814
5870
5940
5966
6025
6061
6125
1944
6185
1927
2323
6246
6276
1824
6283
6288
1789
1785
6338
1707
6347
1661
1653
1646
1639
6363
6255
1632
2394
5520
2677
5017
2652
5047
5108
2613
2605
2603
2598
5204
