6372
2921
3162
2929
2971
1353
1356
4695
1341
4768
1348
2923
2920
1344
6023
7029
2953
6870
6493
60
5018
373
1784
5042
650
3942
6409
39
5733
4954
2103
3887
4762
6237
1808
6085
3601
2100
1358
3909
1167
3861
3480
4620
4622
4699
4910
143
771
652
2462
1923
2101
2264
2392
6389
3940
6471
812
6371
689
5252
772
1143
4629
568
390
2831
3186
2922
2924
5536
3160
1352
3167
4425
6681
7156
6874
1458
1819
6239
2487
394
6166
5161
3208
3185
3476
5503
3482
2254
6366
6026
2982
4698
6020
2595
6000
4335
2408
149
4692
4690
6235
2491
438
2938
309
5845
5048
6805
3922
3925
1179
4952
938
6854
81
5780
146
4693
4245
1952
4246
6328
5555
4094
1451
1059
7108
3560
1354
2931
655
4338
6684
2926
2802
2901
2556
3473
5985
4763
3430
6804
3184
5423
3920
4765
1142
2347
1493
5259
6391
7153
1185
6505
1134
5089
3639
4553
2805
1514
4962
2839
220
7022
3915
5567
7151
30
5329
325
3243
3218
5533
1163
3187
5828
279
1169
229
3484
4474
401
3118
409
4488
6029
4494
6792
6022
2977
5029
2800
4611
2770
64
656
2485
1818
2777
3980
686
1954
5612
4244
831
6388
6393
5409
2322
6400
2133
3891
7143
5508
5637
6979
6853
6376
1568
4257
6322
561
5365
2766
6852
2704
3168
1166
1168
6248
5049
6670
6246
3180
6999
5619
1287
5532
2362
2834
3183
775
4745
4427
5325
4757
2820
3181
756
2746
6282
2262
750
2267
2850
5314
6632
6381
2641
5261
2955
917
5558
2934
4627
2481
6685
6580
6361
2545
2582
2925
4972
2927
3115
2973
4626
3114
854
1081
6171
2418
6176
2976
4495
857
2681
6798
1591
5610
6876
4621
1505
5040
3924
213
11
4312
3721
13
5388
5970
4247
5925
5791
105
3927
6016
5986
3872
35
100
4252
3945
3478
1901
3622
1078
6163
6809
7020
180
2414
5539
209
519
1043
2185
5737
3898
4233
3923
3130
3155
57
4625
2619
1882
3696
3097
5398
1347
4718
219
6021
4001
2296
3598
906
6216
5844
3563
226
1359
2970
74
1834
2286
970
1220
4630
6170
5165
7025
4701
5915
2269
2892
663
4499
4242
4926
2268
6555
3164
3302
5820
7163
856
659
660
2453
3284
3289
4391
2584
1164
5952
5046
6281
2106
4593
2731
6082
2021
2723
5823
5330
4424
837
1698
5719
1494
3801
2708
6851
3406
5217
4341
287
285
1511
2124
4138
1920
7124
3210
2122
7064
617
6050
5524
3219
4767
148
1446
2594
3835
4702
5742
2816
6288
679
4616
4704
4706
6284
2703
1432
3869
4708
4624
5982
653
5081
4950
63
4018
4318
7018
5108
1695
6807
2773
6230
682
4691
2364
4697
4588
7017
5929
4243
4310
6387
5109
177
3821
2806
4311
5980
2537
2939
3224
5051
3209
6770
5814
3200
3189
4766
3929
4117
284
4114
4370
3182
7133
1044
3154
5606
6360
3281
3282
3413
303
2037
6354
6058
6616
6524
3342
4796
4657
3333
5332
1132
1959
3408
5044
1957
82
3798
5826
4638
1234
1225
1878
6969
5645
603
3055
6193
1345
5803
4719
29
2652
1052
2316
2317
949
2962
1631
1357
1676
5843
6187
1837
4498
4354
6030
6411
6699
432
2260
5299
3806
2241
4633
3879
1875
3988
407
3786
59
2535
636
634
1677
654
7134
162
5412
4670
2532
2529
4002
3811
2486
2702
939
1865
5643
4739
2213
5634
1905
6451
99
5153
4769
862
4771
1839
3982
5611
855
1951
3948
3946
5615
6514
835
2011
832
2031
88
5629
4251
752
5122
2458
6375
2455
936
2441
1709
6377
1727
5581
1734
692
141
6872
6862
6384
4883
6385
3995
3863
4703
4871
2329
1813
5383
1826
3989
140
1805
50
6011
7042
4348
25
6797
4093
4978
4522
4979
421
7046
3099
1076
405
6728
22
6801
3003
6024
5453
485
3596
1037
4331
36
3574
233
4342
4540
461
6007
31
2554
2979
6791
3124
5305
4479
5703
4442
6099
324
6083
318
4426
314
3348
3349
4422
1136
5331
4410
6067
1165
4326
1172
1175
4478
5736
4477
5734
1226
274
3472
374
3188
3422
1187
3203
360
3212
1176
3221
4067
6890
6277
6260
6261
4203
2803
975
3645
2792
1538
1452
6649
6630
1519
5775
4314
6817
6678
7002
5472
5565
6657
5669
2706
2779
204
3684
3797
4654
6238
4316
1407
6231
4918
6978
3614
6667
4323
1592
495
4921
4546
6333
4661
6806
87
866
6510
5535
2
53
5858
4101
988
6826
6525
1518
1960
4927
1958
1161
974
5045
1509
62
6625
6757
10
1530
5400
5100
5829
1953
66
1227
1343
1731
1418
1833
1346
1054
5395
4957
5105
1439
904
68
1048
1803
4062
4063
4963
1790
1389
67
4079
1703
5069
5853
1908
6541
5568
6547
1705
6878
1258
5547
6722
4043
1295
5553
4032
1457
884
21
6600
6697
1340
1838
1867
1626
3867
5512
2501
6168
3088
4669
637
6028
2550
2495
4662
6173
6027
4653
2608
6337
3523
2640
5477
4255
3808
3513
3860
402
4241
2402
4357
2407
3844
416
4549
3111
6374
2466
4682
157
2483
658
3508
2649
3008
5475
4583
3644
535
227
481
2818
483
6276
3641
203
6227
3628
2852
7026
500
6236
6226
2936
4594
469
447
6324
449
592
590
5768
3744
4533
2980
2688
4535
4619
569
2719
6286
2957
2742
2355
6061
6380
776
5327
6474
6909
3928
4441
3285
3250
6462
289
3919
2162
5339
6134
5322
3897
4742
5638
3305
3309
5893
4429
3373
6898
2040
2048
6496
4423
3405
4798
3216
5139
4227
5333
2069
4791
326
4780
4779
5391
5886
3893
5457
3215
3475
7070
371
3201
5317
2287
6408
3206
3877
5504
4715
6410
2313
4713
4714
3878
755
120
359
4472
4542
1157
5822
3116
1228
4340
1262
2930
1251
4065
4974
3477
