3942
6371
2100
3861
5733
6026
2923
1121
3920
6373
6023
6375
568
3863
4334
4633
3924
2688
5502
1122
4779
4314
1047
4331
6020
6022
6024
68
60
1269
5922
2976
4335
3487
5503
2106
2584
3164
6979
6029
3483
6087
4620
1154
6469
5500
1041
2109
3945
2834
2827
3168
4627
4338
3860
6976
2975
427
3346
4333
2487
4519
4565
2101
2924
4629
4695
3162
3379
4718
6384
4787
967
14
4771
2970
2102
4316
3925
4251
2108
2922
294
1159
4317
1045
6374
2299
3926
6383
10
6974
5738
5100
6016
5959
3446
136
2537
5377
1150
18
5342
1167
5018
2582
2926
1358
5089
6481
6484
3808
3171
4377
6021
3948
873
3922
1519
2997
6460
46
5153
6715
6467
2103
6709
2254
1235
2308
4553
2689
6372
1123
4116
3484
4514
5737
4120
3801
5777
3482
1076
6389
448
3245
1954
219
3923
3804
6893
3805
5399
1689
2649
2971
4318
6230
6662
3294
3806
3929
4401
6777
4310
11
806
5772
2471
3096
17
658
2921
4708
5333
4958
135
4900
3481
1983
6379
2244
843
4112
2252
5158
6357
2681
600
4336
4624
2161
3902
63
6328
6370
5376
5726
3687
6971
2271
6027
4070
3966
1262
5329
3248
3364
2838
2697
4399
1372
2897
4954
743
4903
2107
2383
2601
1209
6492
6657
4138
6314
3800
3488
65
4705
1152
61
1140
1078
3802
564
2003
2979
5771
3072
1494
1018
977
1901
6852
4783
3694
1387
3461
3623
6419
6376
6388
2961
3622
870
4709
6502
6385
5723
6708
1128
3430
3941
4877
874
1127
909
7031
3927
7032
814
5780
4319
3485
7021
3908
3909
4361
6996
5023
6681
842
5776
5785
1044
3900
4847
6716
3138
1151
2719
6386
1957
1947
2769
1928
5108
4628
6425
2815
3692
6439
1798
4697
4074
1149
2814
4289
2685
2659
2452
2355
19
6282
2517
3798
6294
34
2241
5156
4282
5314
2600
2179
2644
62
6339
6479
1747
6025
1353
6493
747
750
5836
4311
1263
4312
394
1230
3293
266
268
6234
1189
775
4402
1386
6500
3640
6538
6580
5891
6586
4032
6504
4255
5982
5921
1695
5920
3869
4950
1493
5704
779
3696
579
6881
5643
686
5708
588
740
3695
3593
4953
6352
865
6098
6356
6078
2762
6050
6420
2104
1889
6465
1805
1781
4703
4717
6018
2831
5336
4623
6326
2401
6220
4564
4541
6281
2513
2293
2290
2277
2240
2234
6148
6146
6304
2585
6507
6778
6514
1491
5809
6664
1174
1153
5787
5775
1228
5774
1046
3401
969
961
960
876
1066
4823
5815
5816
5954
1459
5393
4788
5928
3130
5927
4407
4405
4403
1347
5846
4391
3243
1260
6518
5418
2415
4190
4194
74
7149
336
5509
233
3995
190
4037
3911
5082
255
15
3846
4040
5070
5570
3907
5468
5076
5472
3864
3964
5475
1825
6754
3743
5332
3436
6757
1495
2030
3862
3746
6196
3747
803
2000
6028
2640
6909
1354
5966
1820
4079
228
968
3437
5088
7139
567
6084
1804
3434
5316
2895
966
4198
3175
3236
3878
7017
6424
3688
1909
2760
4101
3685
3683
6870
6972
4778
366
2604
3903
5858
2613
3998
5051
6459
5163
4682
7132
5948
6590
2836
3241
2832
3543
5442
3478
1877
611
3480
7023
3906
1421
875
1146
1684
3010
1264
4555
2105
5791
5631
1261
4400
4699
1667
281
3826
2474
6013
6012
5850
4435
5980
4309
76
4436
215
6221
257
5395
4621
3872
4632
2963
4192
6541
6228
6844
1690
6655
2033
2295
3875
3283
4820
3388
2905
6335
5059
6706
4785
2310
1064
6488
4354
6338
1120
1692
6685
2712
771
4741
1072
4404
6846
5584
4707
5465
847
2687
3208
2766
6390
2094
2765
5952
4193
3876
5337
2715
6572
2036
2027
390
6082
2039
805
2008
3874
3546
4313
2709
4488
6365
4105
4786
841
846
4692
3097
1520
1681
1683
5975
3940
5398
6688
5066
6490
1079
2920
4821
5449
6483
4350
1155
3344
5977
4030
4827
262
1224
1570
3290
5050
3302
3921
1529
1604
2978
1180
4438
6666
5799
5797
6006
6056
3077
4349
2830
6441
2829
4461
919
133
1476
6428
5956
900
894
6422
128
6416
1305
2839
6043
5372
3910
2899
1279
4698
4865
7094
2882
4871
5769
1800
1822
6751
4878
3448
1828
728
4199
4769
6099
5992
2255
4265
5463
5320
2459
5649
2655
3809
6192
2460
5161
6175
37
3741
435
2359
2469
2354
3803
4592
5859
565
511
6271
5681
1363
5177
6270
6322
5635
5095
1381
6278
2184
6277
2587
4960
4257
7146
4804
2589
3852
7145
4285
2439
5637
3432
4873
3740
4702
5761
7159
3249
2902
1356
3745
2297
3919
1357
4072
4700
330
562
4535
6899
2875
5531
5529
1295
43
929
2820
6142
3486
619
3854
914
3855
2198
6429
922
604
7153
6448
6600
993
5759
2263
1824
4353
4529
2246
35
1827
5645
6171
5648
963
962
2275
4704
3267
2303
5808
473
5469
6524
1609
1613
6004
1186
2375
3807
1625
5047
3167
4031
5802
202
6223
4261
4825
1242
3963
1557
4824
239
3013
4742
6955
4549
462
1571
5262
5990
1215
4566
2962
1646
1655
1100
1711
2928
303
2927
4215
6704
5742
1728
7103
4398
7037
1505
3160
2512
4719
5317
3847
517
13
1388
1147
3844
286
4272
6269
6496
1132
513
1389
5040
297
7048
2489
6687
2192
3296
2734
120
861
2172
863
3565
2173
1975
794
4390
66
1943
798
2652
6842
1451
4635
2705
7127
2656
7168
6821
860
2037
3125
845
3028
3877
6856
2609
2170
1340
655
6090
6779
4898
6849
1953
6085
5339
3110
3646
3889
1952
754
679
753
4196
4295
6324
6347
5945
5105
3625
5092
2150
6770
1438
383
4305
5507
2187
4626
2683
746
5097
2699
3560
4932
1331
6381
3654
4001
438
1721
1722
1267
3649
2935
2485
4324
1697
6081
1084
1694
5712
3931
