6385
5402
6353
4960
5409
6733
4213
315
4382
1808
2902
2922
3694
1800
1145
1801
1149
1148
1340
1960
2958
4800
3073
3243
1140
1805
3194
1341
5401
6781
1142
4617
4239
6685
3479
3666
1690
6442
5678
466
1972
1185
2953
2224
2930
2232
6502
6350
3193
6390
1188
1144
6736
1344
3980
6678
3720
1915
3660
3661
519
1157
1217
5737
5400
6085
2517
3078
3983
5869
2545
6994
2511
1219
1975
6798
1345
2377
1183
1212
6670
1739
1804
5244
4624
4217
4802
6364
1818
1210
1806
3663
1737
3668
4774
4771
5408
1730
4768
339
1470
5418
1350
1218
3257
4218
4418
5016
4385
6389
652
2289
651
2099
1046
6376
936
6175
2536
3771
1527
3814
286
3252
244
3970
5921
1353
1481
2636
1732
775
3253
6288
6969
2881
5010
5107
2928
5018
5019
1002
1803
5343
3334
4950
7024
6734
5726
4325
78
4270
4565
4352
4353
4520
3887
1640
364
6810
5405
656
6671
4251
5609
3199
46
3822
5643
4381
1738
1257
7016
3218
5674
3245
5712
5736
4821
4395
5855
4522
5935
2490
1548
6382
5544
4737
3905
6052
4574
3258
1349
2254
7046
979
6371
550
6739
3476
4931
1009
1471
4629
1474
390
4554
5607
4323
6762
5085
1849
6955
2603
2758
5994
2609
5824
3861
1952
5602
1141
80
4386
281
6561
1841
1908
2712
3826
6995
4621
2367
2368
2323
2287
2258
5382
991
992
997
1001
1005
1006
1007
6884
2600
3654
6815
5404
3667
4770
3412
2773
352
2556
6524
4252
6525
3725
4763
3762
2487
1072
3296
6209
3943
6173
5943
6171
2919
2921
2925
1346
3209
5465
6282
1644
3074
1473
5538
647
4107
6759
4864
3250
3255
570
1797
4508
3920
3512
1062
1387
5692
6441
74
3593
2518
2059
4065
3017
128
2528
995
6377
5868
3864
3208
7094
3126
198
4871
2078
6666
1008
3885
2185
4116
2779
1517
640
6082
3881
149
3039
649
3038
1809
728
2754
374
2493
52
2097
4267
6384
977
277
219
6795
1954
958
5308
3510
1781
1784
4521
720
4806
2385
784
5781
721
1214
3299
3254
931
5604
6791
1794
6172
3162
99
3727
6106
5603
5862
4526
3555
6688
5939
1180
1978
908
1971
1723
3343
6563
4515
1970
6874
6061
4354
457
68
6381
2384
2389
619
4869
465
914
463
747
6072
5641
3347
2834
6338
4387
713
717
2634
2688
3251
3321
2820
2713
5314
6959
6135
6269
6136
4935
5675
603
3366
2951
6373
3036
3035
3028
2492
2506
7031
3424
2507
3195
2531
3408
3206
2537
2551
4824
5671
500
3215
4378
6058
4220
2139
3808
1689
1125
1682
5531
1964
1269
1969
4747
321
6547
5918
4620
330
3742
4699
5137
5139
4525
4074
3719
343
326
44
1147
1150
4529
1216
1215
5852
245
1728
23
1247
1798
6580
3889
1703
4502
3883
3880
5246
3998
1186
4741
5241
7086
1154
1696
5059
347
1281
4524
4626
953
5221
6429
3543
394
2033
5171
1003
2257
972
1453
5866
2230
6440
5396
56
6682
6996
1533
2056
351
5723
6017
4101
4263
6673
6493
2077
1064
3683
1352
2100
366
60
5593
1721
1715
1251
88
1347
5563
4878
5562
1359
2856
4598
2938
6668
6672
6664
3011
5231
6676
3041
5534
4560
3063
4377
5177
1694
3076
4907
1699
631
3092
1459
6416
1229
1073
6512
6507
1042
2118
6817
2133
6372
873
6375
6829
5026
5058
6445
2220
2226
886
889
984
2383
948
939
2378
2337
2338
932
2441
6518
2557
2018
1213
723
1211
4518
1795
6270
4504
6280
5320
1187
6961
1853
6409
1155
6551
1887
2638
1923
2623
5073
1966
4454
2595
1104
6526
6352
2559
719
2715
2729
3596
4769
6141
4767
4761
3801
3802
3803
133
3439
3805
543
309
3819
4343
4347
4853
294
292
5975
3239
4740
5412
279
255
3938
4257
4260
4277
3657
3440
3416
4814
6074
6071
4809
461
6069
3483
5680
5828
438
3219
436
3520
514
3562
3331
3573
6174
401
3630
6029
6026
3326
6023
3344
3966
3804
5348
3991
7102
4866
4226
4100
4067
5915
4105
5861
3166
7118
158
4214
4223
5900
7120
2239
2281
4425
1475
4150
3568
2248
3547
5754
2252
974
3560
5108
7052
2236
6821
6823
2198
1012
5272
1499
2218
1490
5173
4561
2223
1477
993
5690
7055
6844
3538
951
62
6391
2406
5753
5863
5730
6380
6379
462
5566
879
2454
6374
4570
473
1356
3449
1358
2403
3533
2402
4808
5839
4172
6861
3519
3511
5721
4563
6055
5568
6870
2375
66
1343
5482
6880
7037
2387
2393
4278
6497
2119
6564
5966
1846
7103
6789
4742
5606
3992
1158
5608
5117
1707
4006
5416
295
5776
1146
1178
1684
1189
3879
1785
1786
1790
4719
1791
7101
3930
3929
3927
5959
1731
3908
3900
4506
7091
4498
1807
4495
6681
43
4707
348
5261
1081
2051
1075
3701
6679
2068
3690
5051
2079
6811
51
3669
1771
2115
5725
2030
1879
346
4106
3816
1139
303
1133
5430
5925
3807
1927
3806
5585
5138
1296
4104
4748
327
1976
5694
4555
3418
616
2508
6147
4933
6276
6975
6279
6283
6285
5319
2734
533
2726
6132
4384
776
2705
6954
782
785
6953
3329
6952
797
3330
6335
3342
817
4328
726
6268
5732
554
3103
4357
4359
3071
3069
3160
3037
3200
3018
3201
5333
3010
6196
3358
6198
5735
2957
683
578
3216
4857
4380
2923
567
2898
86
6248
6255
2971
5502
2784
5504
2546
5808
5374
5777
3235
5252
6790
288
6883
5087
4484
1840
4350
6264
296
2373
5634
716
708
706
5988
5956
2924
2920
3406
2918
4496
2544
3876
4491
273
4488
4486
1181
2876
885
6146
1882
6792
2775
4660
1098
1992
2010
341
2770
2028
6964
4937
1079
6514
4219
2053
6138
6527
572
6528
3266
3263
1131
3813
3809
6388
5366
312
