6384
2973
5737
974
6382
6502
3694
6373
6510
3927
3697
908
2922
979
6359
6357
6055
1491
6071
6026
6356
3925
2581
1157
1954
5645
6974
6028
1158
1122
2582
5736
4251
5394
401
6353
3092
6021
4396
4636
122
3924
907
3687
1149
3018
1147
945
1952
1225
5732
5891
3861
2923
5735
4971
2979
4078
128
970
2897
312
568
5095
31
1159
1155
5978
3922
6023
4974
2517
2464
5106
2971
5105
330
1121
6012
5730
905
5322
655
3920
971
6757
600
3806
3342
394
3926
1167
2975
6371
6366
2943
2924
3684
2468
438
405
5899
847
390
4804
3693
6078
2657
6352
2102
1306
1126
5372
83
906
5731
6885
2462
5425
6580
2927
4958
1940
567
2928
5038
1928
5404
5108
4972
4957
4019
1493
5959
2717
6493
4398
4390
842
6058
6079
2902
902
904
2466
4026
2598
3692
3096
1154
3501
6994
6849
3691
1305
6891
2439
4973
5094
2064
1008
3996
6350
5503
2101
6572
4034
5104
2899
2920
6822
3510
6375
6388
125
6501
6748
976
2519
3964
5647
903
1143
1722
3696
448
1727
5762
2195
46
5979
2861
5734
4787
6050
509
6054
6490
4349
4323
2108
2839
6868
1527
4697
5051
2976
2051
6433
6439
2659
4877
4250
2652
6369
1186
78
2901
2887
5817
71
6047
86
6892
4073
2788
6481
6354
6355
5747
6360
2712
2783
6076
3309
2030
5109
5101
6662
6708
5423
3688
7127
3689
5376
1081
5407
2515
3172
6705
4392
6020
5594
4953
6024
3923
6204
2469
6979
2065
2584
301
5998
4977
163
4395
6881
5600
6585
6069
1945
2587
2120
2125
3809
2103
4802
2610
2929
5713
3099
6053
5733
2094
3364
1303
2570
3800
5113
133
2385
3344
4951
5486
6322
2978
3566
274
6806
6436
1047
5769
3921
2052
3942
6389
3727
2619
4629
4625
14
5054
772
5082
6451
2423
41
2697
6473
5840
6483
6512
5177
4660
3562
129
5975
2806
1034
371
470
1424
3690
5850
4632
7047
1942
5314
3281
5792
4473
3358
4724
5982
2187
6980
814
4453
1485
5761
5973
5749
6976
1041
3654
159
4759
755
4566
5766
34
5155
1490
2487
4779
449
843
4366
2
1619
1292
6573
3943
4090
6772
1120
1296
3929
7092
2512
1185
3418
4975
6386
4012
2926
2409
4000
6517
6783
1004
2895
5088
5388
3485
6844
5012
2436
3903
5018
6511
6368
597
1958
5057
4108
120
3808
733
3138
1946
4873
4876
1127
4196
6488
717
4192
6469
6380
2050
1083
1014
6500
6749
1760
1304
6131
3414
7131
4698
2522
5072
2419
1679
471
5468
4690
5421
4692
2518
1188
5680
5398
1645
1175
3259
5643
5637
7135
748
7042
3280
1209
5371
5604
2554
2325
1716
5153
3174
2381
5746
2618
2269
557
5002
2427
2579
1924
388
126
1123
6141
3910
6507
1854
4257
6082
2104
3411
1235
6518
4306
6074
6390
6064
4330
4105
6709
1299
6498
2904
6417
2983
6435
6467
296
3464
942
939
977
3454
314
4038
4055
6492
2630
121
1298
2970
6385
6056
1087
3803
1153
4399
2714
2711
3801
2191
2933
1929
5960
6646
6649
3778
1257
1226
1724
1922
5855
1152
1949
3804
4377
3837
6051
1923
6052
65
3622
2988
61
1018
3675
5096
2908
5179
972
3875
3536
3865
3121
1269
658
3906
978
3556
1003
1002
3902
1206
3912
1198
3120
3807
1190
3779
3877
2641
3944
1134
2802
2613
4364
3347
2998
3285
4766
754
1151
756
4757
834
2719
2699
4565
4699
4587
4601
4606
771
4621
4627
4635
4638
4800
3069
2812
4315
5034
2981
949
3481
2537
2539
4060
1183
4966
4083
4094
1302
2551
3413
2572
1308
2881
4198
3412
4875
3179
3189
4872
730
4311
4318
4082
1654
323
297
6351
311
6265
6245
2068
6196
2092
6132
2093
352
6089
6087
366
6072
6034
410
6001
5999
2223
1499
2236
5760
5742
5741
2260
2266
5676
2295
290
6361
2057
6430
6
8
1690
7108
1712
7031
6995
1729
6971
62
87
6847
1799
6834
554
6828
1825
1860
135
6685
6680
147
6643
6633
1943
1983
215
224
6503
6484
6821
1457
604
5325
5272
1453
5316
5342
5454
562
5249
6578
294
6630
3966
5383
5381
3959
3947
3946
6365
6367
6372
1284
6423
6478
6592
948
2909
3904
2023
211
209
1009
3857
1980
1951
5345
3991
3994
2145
406
4379
6029
2798
2127
384
6057
2831
354
4219
2415
4194
6113
5073
4138
4123
900
339
334
5076
329
913
2425
5087
2893
6271
6275
6277
3805
2510
556
6636
74
2985
6964
3363
6967
6970
5151
3011
1419
1734
6978
49
5271
1617
2460
3290
1717
3225
3213
1709
7061
7105
3073
3126
3124
3122
1205
7147
39
1615
6896
1612
4394
3784
1926
1925
3729
1255
3698
6664
6666
3695
6667
1921
6683
1920
5308
3674
3662
1901
3652
1594
6688
1088
2453
6732
6751
3527
5121
2476
3466
3802
2147
5239
2585
4930
5603
5611
5882
5888
5977
534
5740
2687
4768
812
4522
504
728
5942
4865
4623
1484
4862
732
2221
442
5952
5679
5681
4794
1492
5712
2268
2229
4751
4879
2408
4695
5748
4439
5809
5778
5794
2234
4962
5796
1403
5046
2538
2544
5992
6599
6014
3683
3686
3685
2963
6639
3676
479
6586
1955
2965
2609
5709
2602
3615
3601
2966
5768
6605
2501
1021
3780
1937
6650
1927
1044
2252
1045
6653
2617
3762
2947
5745
5744
750
5107
3721
1253
5476
6632
5102
1026
1944
3821
5739
1947
1585
502
146
6661
5694
6015
3570
1638
1464
2347
3045
3028
1711
5158
2546
2471
3288
1719
5602
6990
6986
1156
2355
4895
3055
3066
4982
1646
3110
553
1428
1696
1197
2380
3125
1192
2364
7104
7103
7100
7095
7070
5623
6975
6973
3458
3463
1796
5141
1803
1820
6770
113
5693
3551
6738
2588
3559
123
2972
3436
91
5142
