5136
5134
5908
6259
648
5866
1099
6819
5933
5911
6240
345
5909
645
5569
2273
5934
649
5135
2729
6431
5906
1097
4154
2727
2728
5919
5864
5860
5868
644
1090
646
4159
2726
6816
4887
912
5936
4888
460
6251
1096
4151
5130
5867
5918
5254
5560
2287
710
5901
3035
2725
641
7123
5916
5917
5937
3030
5931
340
342
2499
6462
4152
3036
5566
5568
5902
1093
4487
5904
4064
6719
5932
3555
2849
2591
2114
4245
2597
2724
3032
1094
2492
5907
2281
6130
6982
4885
453
6256
703
6445
5269
372
657
5014
1323
4153
4687
642
4882
3356
5596
468
700
6713
715
3498
1750
3357
2162
343
4482
5905
5914
1324
2586
4880
6468
1370
6189
5139
5141
3935
4884
4722
4195
3039
4259
6257
550
3081
4166
341
3354
780
2720
5784
643
1926
2280
4158
5939
5935
5865
2093
3528
2112
376
1091
5961
1485
6442
3934
4886
2285
6815
1253
3037
4750
5564
4167
4911
4246
4150
5410
683
2288
790
4093
788
816
3955
891
5133
4155
4157
1326
1755
6437
6163
6897
1929
6254
3139
6141
530
2879
5146
1011
699
704
709
724
6258
2152
350
6037
3359
1650
1272
4806
4300
4308
4623
7099
4719
2495
6814
5869
348
5863
3834
5476
2592
3506
1575
5137
5913
2043
4022
2055
4498
4831
1379
4760
2361
890
6725
6030
1608
7113
5010
4247
3352
4103
6180
1081
1725
6418
582
1756
3179
1083
3031
1277
615
5562
5370
1476
3622
1745
4507
654
6765
5942
896
5172
3270
6767
6298
640
2283
3635
4413
3095
3187
6362
6838
1547
381
772
773
364
4883
2756
4489
2272
2536
115
344
84
454
3813
708
1208
5903
2847
5306
4480
4301
4178
6104
3950
3973
6247
3946
3351
5143
6718
6144
1399
531
4179
1784
1900
1851
3361
1742
3350
6146
4751
1317
1925
1311
6145
1923
4027
7060
6033
1098
6159
2759
5144
106
2751
4400
382
5093
2722
102
4060
1895
5448
5730
1444
4305
4684
4307
3409
1752
638
607
5355
4351
1778
5344
3538
5638
4131
3085
1282
701
499
4172
4090
713
3107
2799
4241
1329
5504
347
1031
3818
2494
261
456
4755
3317
7125
1325
3278
3297
6250
2110
3288
1252
2384
2167
3879
2177
1
6136
3817
3432
469
3256
4868
4728
5380
5132
4864
5004
2278
3893
1569
349
6255
3382
3470
4187
2507
1959
6143
497
6446
551
6443
5455
537
3268
555
5561
1405
519
3097
518
1397
580
3264
515
3188
5508
3328
5480
0
4303
5988
2289
2286
2282
931
932
1678
938
6031
4590
2153
2111
2042
2006
1993
4754
6139
6149
1921
1920
6241
1906
1887
1055
6182
28
1751
6293
2328
1634
6768
3041
6416
5634
2893
5681
705
4889
716
2842
1171
5740
2752
6585
4302
4420
5778
778
2623
786
1565
5861
2559
2538
2497
6810
5900
1599
5912
2716
3385
1743
3542
3969
4134
6464
173
1318
5268
1322
1327
3937
4091
3575
4244
5072
3948
5406
5145
1313
4065
3832
1249
5352
4186
5131
5371
3620
5275
3438
3548
7063
377
1320
4242
378
1235
3707
3750
5170
3953
3499
3532
356
3956
3870
6461
5337
5015
386
7016
4352
3932
647
3015
5591
3034
98
3547
3939
426
6569
2119
6722
6034
2151
6253
4935
1450
4693
2168
5358
3040
4729
3084
5351
5964
898
5682
2797
5694
7004
1352
6310
4901
1234
5930
4829
5711
4899
1488
1496
2409
7111
4833
688
653
2900
7128
2210
3831
940
1453
6741
2270
2757
5341
5639
1590
6405
5155
1184
675
914
2925
4824
2456
6291
6399
3928
1503
104
6168
4450
1878
3304
4256
5273
4756
4252
6158
462
3277
1287
3276
3275
4243
4250
4723
1862
5209
5452
1860
3449
4440
2651
6239
5415
191
3427
6207
1841
3812
1726
532
1758
3353
782
1061
3320
538
3502
171
1032
5138
1429
2007
4169
1394
6711
2710
346
197
97
4715
6846
4237
4837
2069
992
1747
4724
3967
5521
1259
7040
1395
6701
3223
6440
5525
574
4248
4713
6249
5880
1973
172
6133
1013
3508
2576
3759
6316
4842
5862
7118
4496
1584
4457
2498
5882
3819
2490
5876
3830
5890
2486
2529
2533
6820
3839
4486
5193
325
809
324
4497
3758
4205
2408
5009
2034
1255
7033
3974
1316
1312
6242
1038
4029
4173
1723
4076
1053
5064
1857
1284
1746
207
4680
4675
4171
4674
6101
1757
1078
1278
4692
6229
6195
4654
1761
6305
3952
994
3859
2386
6303
5947
314
3885
901
5165
903
2326
906
5160
5159
5157
4827
1660
5147
990
273
4197
2116
2117
20
2063
2126
4206
1250
6740
2229
3931
6750
2130
791
5600
4922
3174
584
1371
5662
689
405
443
6583
5375
2851
1179
3235
4903
3261
2843
3645
5695
1506
3492
3477
5330
464
2794
392
1513
3303
5394
681
5526
6436
5650
624
3047
3578
4304
5567
617
5565
3586
99
4915
4914
3541
3080
2774
2990
2986
6963
1443
3535
1442
6409
437
6432
1187
2949
3136
6400
2933
6886
389
3554
5773
5756
501
5279
5245
4
5278
3332
2723
6987
2714
2702
2701
4257
510
3448
6836
2689
2750
5447
514
1564
5283
3453
4422
4275
1392
3324
534
3323
1328
5443
1089
7024
4602
616
3534
3530
3383
6637
5545
6120
3426
513
4148
2045
4738
3536
3949
194
4759
4679
2113
1753
2087
27
2085
3423
1762
6
3418
2075
3424
6904
4734
6463
2077
3310
1777
5100
1706
1310
2123
5477
4026
1290
6186
1067
5389
6558
5068
1115
3457
6161
7159
470
7054
540
6700
449
3329
5485
6126
3137
1010
1406
5060
1779
3177
3335
583
6125
3519
447
3330
3207
1952
6147
5487
525
5107
1932
1958
450
2609
5332
1593
5742
201
1595
3850
852
5183
6983
2793
323
4845
726
5893
1620
4844
1173
3644
4714
