6404
6163
6238
4245
4247
4246
1426
3470
4241
4249
4242
667
3988
4959
4243
6165
9
1427
4083
1819
817
1048
6168
1251
3003
1813
6235
1887
5040
7029
4715
1816
149
4454
5528
2993
5344
6225
6521
3877
3893
6850
4162
6237
986
1623
7007
4169
5629
1257
5506
6886
1246
4428
949
6239
1292
2075
1624
4167
4538
5032
6227
6734
4207
4965
2900
738
6402
1234
1881
2481
4622
2545
6876
4084
6875
3892
1076
1420
5501
5983
561
6705
3985
3982
3989
1784
519
6873
2591
6018
4244
6879
4465
3898
6872
6409
2485
2444
2909
2294
955
3512
4474
4654
6400
6768
5995
686
4214
4478
143
7023
153
1620
2550
1973
2999
6680
5435
7070
4988
5790
2574
5028
2991
203
6134
201
533
4533
6687
3502
1059
5410
4216
1675
4165
5141
1343
1518
6763
51
3214
5953
6878
5110
4963
1252
6632
1253
1810
7018
3178
626
6871
6408
5156
4482
6874
2938
2822
5988
2989
2486
601
6760
4155
4426
4650
1920
1422
6765
5119
219
3891
4630
506
625
1594
1249
1297
1512
6794
5855
1599
2254
7020
1910
288
1351
6290
356
189
2831
6413
160
4161
1359
3477
3419
4277
692
1880
7022
139
7087
5147
4203
7119
2761
4457
4456
3516
5601
7122
2925
5853
1867
954
5438
2953
3963
5118
5831
333
6793
371
3773
4534
4468
5049
6226
4429
362
3895
6080
4460
6156
2575
3835
2741
5339
1451
3847
6799
935
2739
3890
4248
2937
5834
2835
6525
4911
1934
6913
188
609
4657
607
2257
1386
2168
6575
5538
7125
2828
4189
5220
3460
132
2492
4052
4168
2555
3478
3215
6218
6522
4910
5810
3031
2539
1258
1293
1595
2303
1291
6877
2437
1629
4164
3757
624
374
5952
665
3097
1362
6007
1660
7123
1298
5145
3759
2490
3343
6891
2306
1471
4952
3378
1915
5345
6551
5061
2414
2930
6769
50
2386
1882
4420
2346
6762
3896
1516
1256
3135
6403
7129
7010
6556
4059
2708
387
6750
5121
1596
6963
75
3124
5062
6231
3981
1921
4050
4512
6528
3968
6155
2984
1446
4656
1042
952
2579
6308
4219
6111
4539
931
204
501
208
5186
3562
3975
7046
2997
7081
4233
6927
3984
7075
1425
7061
1628
2735
732
3466
1956
6530
1381
6222
2821
6115
4480
2200
3961
6854
141
7098
2732
2342
1455
5153
4977
6476
2203
2196
2751
6888
6224
4307
4231
3912
1530
4221
6133
3906
4337
2733
2910
5190
4000
469
6221
776
1625
604
731
4252
608
2740
1593
3894
4215
4280
6433
1622
2867
2001
6236
1509
3463
144
146
1081
159
1074
1061
3500
175
177
6166
4982
5996
191
5989
4652
206
5780
2251
4621
4615
1005
2548
1421
1429
2242
6112
5013
6158
6529
3057
1099
3412
3176
4867
4896
3207
1259
4828
2093
1248
1242
5706
53
6193
3269
3283
5984
67
1812
1198
5721
5622
6611
5610
4759
2278
5576
4742
1353
1357
6634
4713
71
2992
6524
4487
2349
382
3844
1457
5096
5397
5362
2625
7024
383
6745
2347
3745
2622
5377
4425
1461
1864
4450
3688
3848
4453
4469
4374
5114
426
4535
290
359
5044
2952
4531
3374
4058
669
3372
3314
887
5728
4055
1916
4056
3776
5372
2995
1990
3174
1923
3864
1294
1514
1299
2190
6776
1501
1250
1919
1245
5663
3149
3139
3171
1592
5575
1317
5630
6557
6764
1243
6732
2259
6728
6114
1043
1511
6494
3540
739
6520
3700
2329
3573
736
3598
6839
734
937
1423
3622
2245
2983
980
6683
3662
5433
969
5879
5294
2268
2006
6478
1469
3411
3751
4039
6531
957
6644
5542
2954
4027
2904
691
6724
5392
3469
6647
3476
2008
5330
706
3940
1073
5533
3737
1055
5301
4121
2191
7038
2731
126
52
1865
4797
4258
2479
4486
4970
5048
6393
5185
2619
137
145
7028
5042
2580
5193
2578
5026
5025
2573
4472
163
4285
54
4367
6988
1685
6993
2381
2036
2668
4424
2497
7102
115
4323
4917
6206
5150
6957
4914
1704
1817
476
57
5157
5965
350
6160
134
4640
6406
4166
6179
2443
200
6889
2549
193
2554
4133
4618
4983
4584
623
4176
7056
198
628
6896
4882
2756
602
2944
3779
6749
5069
2270
2345
5068
5985
194
4635
4966
5388
2947
3763
3408
3410
1393
380
3770
2215
4641
3342
6153
1160
6077
1158
5108
6200
3347
834
1496
205
2688
4934
3825
4957
3373
6625
3375
3561
1490
4427
1354
1904
6661
2665
2939
888
1796
363
5530
5779
2507
2603
5043
142
2597
1067
1907
1450
945
2045
4976
4536
953
164
280
6327
3479
4127
2556
1069
5536
7052
2998
1428
3710
3711
7067
4714
5964
2331
1766
1707
4984
3413
3508
3588
1418
4711
172
4459
6722
6116
3424
4597
239
3002
4485
330
7068
7096
7026
2504
4765
4599
92
98
718
7141
6846
5291
4003
5192
6012
545
1626
1627
1304
6214
2832
3986
423
1308
2746
6391
3267
6559
6096
754
6826
6954
5194
2291
5653
2734
735
6142
2860
2742
6951
58
6903
5893
6407
5230
4873
1290
4149
1591
4151
1590
2769
6
6884
4081
1852
5263
1273
5265
5272
6015
33
4180
562
4825
682
2825
5224
4897
2759
1295
4844
6569
5228
2416
62
5507
1533
6807
6554
5142
2907
76
6284
7128
3900
6980
4366
1674
5625
6604
4329
82
5621
5616
5725
2700
5129
2699
427
3310
3297
771
2068
3285
6958
3909
4368
5346
4871
6615
1062
4751
4979
3095
3340
3494
4685
25
4827
1255
1859
4922
5677
2311
6614
1070
5534
4823
1400
1834
3526
4929
1858
6243
6568
1172
7120
4981
3514
7121
5614
4985
5508
6527
3319
7143
173
5691
3361
1279
2528
2491
5526
6612
7085
4843
2449
3199
3376
1802
4971
1826
6578
1202
5544
5755
2502
5666
2264
6009
5660
5748
1949
5703
3146
3243
