5834
5836
5833
7021
1055
7023
5830
5837
2240
5835
3175
1624
5831
1070
1073
4954
1077
3476
4156
5832
6406
3982
1516
3315
2481
2703
153
1620
2246
562
1812
1626
2243
1076
4120
6854
4335
1598
2485
1629
6921
6039
1595
6874
3988
3040
4468
2248
1622
447
1590
445
1079
6872
3987
151
2647
6875
1078
2245
1783
1059
2241
6922
2242
6943
1810
1625
1867
738
2788
7017
444
6223
6877
2081
2003
3966
2247
131
3314
7028
568
4955
5048
1171
5441
1381
1382
1423
1596
6941
5312
1856
155
626
7150
1041
5388
1623
2249
6035
2686
4517
4107
569
179
6807
1285
7029
3478
2069
6234
4334
3849
3179
6038
3626
6903
4425
6996
1987
5839
5318
6032
2209
7158
2206
606
6944
936
6945
3623
448
4422
6022
2580
3892
1599
2439
2104
7027
3985
3984
6160
6902
2004
2886
870
1459
443
378
5076
1172
2264
4461
1621
2844
2805
2268
2266
3848
5473
1627
4956
1815
1884
3986
1421
7026
3894
3475
4337
6870
3001
4101
6230
1787
202
2633
5512
3872
1215
3310
3312
5653
3286
3772
5148
2835
7156
5654
2483
6402
4601
3941
4633
6034
2000
6878
1509
3788
2007
1386
4857
6931
315
5827
442
6860
7016
7022
7010
3980
1840
5823
7012
5658
1425
5660
152
5033
931
4176
5062
5073
4279
5611
6419
6674
5154
2329
3100
6855
6388
3003
2979
2978
2444
6031
939
3345
4426
6787
1782
5733
5446
5713
5707
5666
1594
4967
5700
4007
561
5478
5669
1280
333
6408
2602
5316
3745
5519
6925
2625
2590
1016
4679
2678
4632
5448
6418
2669
4672
5344
1943
880
5871
1388
3771
1054
2804
5500
3486
1100
2109
6845
3479
3473
5459
3460
6876
482
4859
3398
4851
5665
3617
3293
5045
2244
5049
2456
2454
2944
6915
5203
5824
5523
5144
2312
6899
2001
5106
2267
2262
1173
5194
2604
93
6971
6972
4264
3883
4577
6087
4513
4566
3924
7019
1861
1593
136
4604
1606
4429
5989
7024
4427
3613
6403
2254
1813
1209
3898
3009
4465
751
6675
440
6914
5152
5618
2006
3158
4595
5146
4790
6678
4121
2269
5617
139
4842
1784
198
3477
6852
6853
2082
6235
219
6000
3981
565
1511
1512
2066
2008
4987
2184
3367
2060
3343
2204
1476
3567
4856
6002
4047
628
1474
6404
4843
225
4848
725
3989
4285
937
5505
6542
2687
1589
6416
4203
6548
4654
6934
4424
57
1574
2498
6050
4670
1586
1915
1053
5518
5872
6045
5392
2800
1949
6033
6557
4428
1597
6037
955
2459
6979
5301
2458
952
1422
6477
5985
1000
4041
6840
3316
5967
1585
5454
2596
4253
620
1287
177
1712
5479
3410
2173
1282
2681
1707
5504
2667
6781
2192
3434
3346
4525
5987
5476
3446
2658
5531
1234
6085
6084
2874
6411
203
4124
2324
4455
6080
3088
3085
6030
2379
5180
2387
756
4450
3045
6401
6611
803
2452
4162
5317
1238
4423
4112
4070
6008
1581
2972
3281
1578
7049
1069
3252
664
5065
5626
6714
2263
2823
2825
853
5084
5089
5102
5108
3176
2470
4189
3283
4622
4568
3983
4792
3912
6968
6939
4854
4607
6916
6969
5792
1855
4676
3561
1864
6929
6134
1370
3897
1330
3967
3893
6906
6951
5848
4820
4628
5874
3844
1819
1816
6130
7013
5877
1881
6991
1124
446
4709
4705
3004
6018
1119
4466
2449
3896
669
2938
4164
3239
1107
5070
6400
4464
3940
4113
5612
4814
5147
1817
1671
5917
4463
2322
1106
3102
5162
5828
5174
441
2390
6088
4737
1176
2415
2326
2103
2917
5398
7149
1046
2704
2518
7155
5506
7157
1592
2680
6449
4283
2755
5876
4284
7163
1882
5440
1420
5443
3842
5447
5879
5455
6498
1426
938
2918
4251
1062
2913
3750
5526
1858
3612
6409
5315
384
3759
6927
2859
1084
2480
4200
4204
1628
7120
5345
2792
1398
7137
5370
887
5381
2764
2763
1387
5524
5193
2190
3348
7020
602
2196
1805
3336
1256
6767
3319
3349
3566
5795
4512
150
4853
6114
4852
5646
4850
6006
158
6293
5007
1479
199
2126
2101
5712
3448
6238
4011
6232
4023
133
220
566
3417
4030
571
3540
6271
1802
3374
2189
6864
3289
2065
2017
5050
4488
5629
6009
2291
62
2806
7035
5672
1573
6935
5853
3543
2168
7132
4881
2472
5517
6716
2478
4828
6309
563
3781
6166
1507
560
4972
6575
7116
2068
7007
1091
5314
6410
3370
833
3862
839
4467
3760
7037
2816
844
3288
2841
375
5339
4986
2827
3765
1566
6933
2820
3530
3889
1056
4824
4180
1417
191
3608
4614
17
5474
2574
4289
1295
2661
6481
4359
192
962
2652
3500
4307
8
7165
6519
6850
1682
5457
2609
4944
5969
1439
6828
1017
3880
3879
1811
6151
1045
1040
2705
2508
3430
4278
2512
218
1684
4963
1222
5496
6538
2100
4638
3246
4469
1290
7031
212
7162
5972
3756
6789
4083
6112
1167
6763
1242
2430
7168
6335
5040
1656
4776
164
5100
611
4791
4435
5018
5806
3628
5249
608
3007
6920
2409
5198
3181
3928
4462
5622
5586
3692
4602
1193
5107
6201
1457
1658
3106
3057
1142
5195
5156
3178
5558
1662
3481
4460
4154
5142
1653
5291
2925
808
4165
4032
6924
6977
1200
814
5080
5596
6999
6976
5005
2906
6975
1097
4106
1692
6904
232
6695
2963
4587
5277
6625
1641
6990
6905
4841
6027
3895
5780
1289
5472
2301
2601
6122
5926
1239
5642
5878
1781
6495
1607
1989
5463
2562
1893
1175
1297
2318
2027
5714
1901
1683
990
6064
5912
1068
1685
6311
2435
6149
5677
2443
6417
1710
6270
1066
2453
6029
5947
6415
2183
6414
5522
1088
1383
1202
2194
6148
1919
6137
2164
5575
5771
5873
1911
1853
1912
1548
5794
1914
1042
2405
6162
1051
1686
5550
1880
6165
1550
1517
2419
5663
1717
5821
2350
1657
0
4951
