4203
1592
6403
1598
1425
608
606
6165
1423
669
1597
6407
1420
667
665
5061
664
5068
1671
6162
4207
1590
4165
5067
1599
1426
4164
1593
6402
609
1429
175
177
1422
5062
2943
174
4208
1594
5069
6239
668
1457
1595
4161
3868
5292
6168
5291
562
5028
4169
6236
179
6405
9
1596
5145
1427
7028
178
4249
661
8
4162
1428
4959
4083
6235
0
6854
1880
601
7
3295
3002
4082
2947
4168
6151
1234
170
6161
5930
176
5522
561
3892
5629
2808
4010
7029
172
3055
4240
171
1881
1424
1386
6227
6408
1000
4205
4156
1411
663
7027
624
1055
204
6400
2200
6160
2203
2206
6167
5878
5769
6169
3003
5501
2548
5877
2999
2077
738
155
6401
4248
559
4431
7019
2173
603
4167
1591
5060
1907
2002
6166
6237
4604
4084
4166
5833
5832
173
2584
5278
3464
162
5295
6222
7010
1589
3289
1887
5162
6806
4335
948
2185
5937
5147
6163
1359
2004
7018
1048
1675
4430
7021
1676
2182
5547
5456
1421
1884
2081
3675
3853
5654
5925
4844
5164
4063
1356
5065
5606
626
1890
2550
4247
4245
5953
2724
2409
6741
3256
4676
3674
5600
6855
4087
4918
2558
4206
5169
4210
1476
3679
4078
2954
7012
2917
2006
6872
6270
2771
965
6404
959
3482
501
4705
5468
4233
4089
3164
4650
2580
1818
6794
398
4120
3104
6341
3566
1294
1297
4945
4391
605
3693
2547
3883
4485
1302
1248
2267
363
4910
6954
4108
2
4074
1963
1308
2575
6233
6877
1125
1292
4459
1017
3283
4209
1345
1142
6226
3160
6223
4468
2912
3214
6562
4958
5922
2495
2506
2482
814
4041
735
2963
6324
4849
2727
2991
3986
569
2998
3988
2671
4708
6870
4334
4243
5238
3403
6637
7023
5535
4702
2079
1503
7006
5572
754
1638
6871
3429
2256
2264
3101
1152
7158
148
1175
5392
4670
3774
666
4394
3063
2497
378
3698
4486
4136
5627
3887
1851
3778
6805
3108
6839
3149
2188
5634
2544
6890
5312
3132
2009
2528
5197
3842
4878
6093
990
6860
6155
6705
2076
3864
1898
4179
2540
6852
4163
3004
783
2240
453
4200
568
564
2573
4623
3284
6293
2327
2668
3952
5446
5157
6231
1415
5737
1637
6415
3981
84
6372
2638
4572
6240
3553
5026
6243
6478
4035
3199
1494
356
3193
7020
4967
3898
4121
3488
4771
7007
2029
5249
6898
2075
2772
6695
5474
7144
5967
3463
4012
729
6901
999
4455
6903
146
4212
4916
6701
5994
1342
1013
2555
3845
6424
3944
6285
6120
5551
4255
7004
6286
2993
4433
3
6387
5438
2349
3294
2007
4791
6124
2740
7113
4547
1406
3035
6125
2452
5458
6621
949
3894
3945
4911
7013
4404
6953
1330
1158
3281
164
1146
1573
6230
6224
4766
4830
143
6959
4672
333
2870
1290
5043
6479
91
3561
4957
4487
5395
358
3691
6958
1585
5626
4390
5659
3088
2590
93
5084
424
426
6328
4401
6554
3165
427
5999
4189
2297
6569
3851
6971
5596
7031
4603
6245
6156
5005
2874
4942
6771
3551
4944
326
4000
2492
4765
5840
2697
3046
5518
99
5066
652
5064
2666
6344
3989
3973
4850
3776
5550
160
3982
1574
163
6316
3518
3789
737
739
6365
2066
4987
4656
4038
4039
3784
1612
2995
4059
2983
1893
1299
6546
2872
1896
139
1899
1769
6465
6242
2564
4980
4085
6594
1941
5603
1749
74
5604
1813
1243
1251
6212
1255
4952
1180
2844
1176
1869
4946
3454
1280
4160
3425
1885
3811
1341
4214
3400
151
4889
887
6117
6657
3959
3525
3524
1677
6110
4985
2021
4694
2028
149
3546
4244
4608
2911
6258
5025
6139
2913
1378
4914
1383
2777
2918
2543
6624
6409
1414
3950
3956
4392
3984
2458
4584
6998
4465
7014
3109
4790
5167
6927
2325
2326
5923
315
4769
4464
7022
5919
406
193
5965
2328
2329
166
2392
5453
3758
5174
4767
2442
3623
5995
341
2381
7038
4434
5876
440
3133
418
596
3171
2439
3144
3142
3131
5160
4761
3200
1291
854
2022
3304
6680
6613
4280
6466
2177
1301
1310
2287
1766
6645
2431
2994
6434
5477
5602
5476
4070
803
3934
2784
1358
6153
1352
5558
2875
5554
6091
2172
5027
558
4763
86
6975
5555
2787
4081
3168
2440
4607
2915
3390
3897
1988
5141
3565
1149
6214
6882
500
5049
27
4246
502
3402
7156
2545
5622
4482
402
1184
6532
4241
394
3404
6876
1977
5459
5055
6878
2926
3835
520
4090
3899
4122
2252
1287
3154
5034
1777
2637
6228
4912
3195
2285
4886
2187
60
533
4961
348
880
4965
2946
2582
2919
5853
5656
2814
6650
3900
1811
966
5653
1820
6618
2047
3676
4402
6783
449
2481
3057
2669
1943
6380
1028
6
5918
5374
2902
1648
5920
3780
607
4555
3755
604
1493
2556
1490
6910
4658
2091
1652
3519
5259
1478
4019
4999
677
3096
5848
98
6807
6804
3511
3849
5182
4576
5010
6327
2560
5747
5435
5396
4851
2696
3333
63
165
3850
3414
3760
6361
2678
1626
3242
6035
2353
3409
5184
5893
1658
4227
4986
6284
2069
5536
1432
3224
3854
2324
1418
4706
4745
3604
5546
6276
444
771
2394
3286
3005
4187
1005
286
7128
4062
3407
289
6990
6269
1100
3111
6906
4615
445
3408
1020
5768
4854
5262
730
6561
3606
592
3855
5836
4984
5265
6605
3028
5532
4052
1016
5344
399
2846
4940
415
413
69
4786
4663
1070
6593
446
3859
4947
1159
134
2894
5954
133
1145
422
1882
3287
1087
4640
454
6568
1910
2435
428
403
2876
4917
3421
3203
1172
3968
2735
1459
2390
2335
1678
4053
3270
3526
2749
3469
4056
6275
6273
5231
6420
5689
3942
288
2776
1381
1469
4065
4551
4553
1588
1586
1568
6350
6322
1615
1548
5007
1544
3665
3985
4017
1522
3504
