6214
6877
1813
6878
7028
6850
1816
1818
4645
6857
6213
6215
5029
4640
1812
738
3897
6402
4646
3891
5627
3896
6855
4647
6216
3477
2580
2956
4870
4643
3983
4642
4622
3899
4648
5049
6408
3170
1811
4809
1817
4644
3985
5769
3003
7020
6875
3898
1427
5669
5397
5768
6874
591
4805
2959
6224
4649
3988
1810
6223
4476
1988
1881
6081
1776
6217
6220
5856
761
6873
5119
6879
5528
3989
5026
7022
5116
609
2671
4596
5626
5040
4641
6695
4986
4872
1833
5117
2330
6226
6876
6858
3295
4209
6870
3252
1040
1570
4156
3868
3048
5629
7011
6872
4871
3004
1512
4952
2203
3984
3982
3892
5924
3940
1781
4597
3251
4801
5499
817
2612
4807
4808
6783
5027
2506
1281
6481
3561
1129
578
3478
5319
6218
3473
6405
7018
934
3895
5220
1048
943
949
4201
2952
4745
6479
4455
4652
4429
6535
4673
1178
4202
3422
5120
2300
2302
5492
6470
1384
1511
5565
7010
3921
3598
1042
5833
5842
2200
4277
5111
6854
4163
6746
75
4650
4176
2532
137
6839
4592
4784
6678
6675
6851
6883
4428
2941
4394
5115
4249
4219
5042
3987
6797
3604
3588
1147
2939
3412
5875
6221
3267
4212
1838
2823
3436
4421
4378
4334
3617
4555
5987
1814
1236
5767
2332
3893
2312
2309
5110
2305
3986
5023
5020
1085
4965
4876
5426
2972
5430
2520
1285
5516
2955
5529
5557
5577
4719
4653
500
367
2944
3692
502
1005
6475
6315
1674
1451
1553
6327
1530
212
7015
245
1665
215
6763
6394
6909
5571
2383
3063
1542
1543
4530
6365
5104
1283
5025
5579
4313
6007
422
4878
3193
2664
5550
5781
5542
3695
4488
4500
3981
1470
732
2480
1962
6578
3668
686
5724
5048
356
4392
503
1436
4978
4426
1391
1708
3474
7160
4200
77
2301
1364
3440
6222
1471
5200
6229
4218
2311
5231
504
2704
3091
1046
977
1426
660
3567
4279
2954
4268
4803
3563
2525
203
5622
5628
4988
730
731
5572
1450
205
3965
4678
6966
5273
2239
80
2942
1437
5142
2910
1675
764
763
4107
5404
1380
1431
5114
2109
1430
5100
2815
5075
97
5495
2387
5045
5044
6956
4104
877
5706
7076
971
2481
5848
3195
6766
5892
4532
3215
5925
4742
1774
2500
6370
4599
3683
2504
4570
1815
5999
110
6005
4577
1641
1770
608
2633
1346
3565
2622
1473
5994
920
687
6749
5667
2440
3090
363
2313
6781
1595
4963
2733
2
6219
1061
1786
1965
1963
7026
1059
904
3763
6734
5153
4267
4217
1572
4696
2327
4262
4677
5207
6764
5147
2540
6723
6762
493
4585
6784
1598
4985
723
2405
2390
6571
6576
2445
1664
728
4454
2448
1563
1210
1561
2684
6774
571
5061
739
1657
1195
1143
4323
4320
4572
669
6672
661
1246
1548
4210
6390
3682
1738
1859
1043
1501
3698
6397
5737
5734
1985
211
88
6404
5646
208
867
5614
6989
856
5563
5879
5552
5903
5952
1360
987
6212
3504
6206
3363
6344
3514
3516
1773
1772
6362
1474
6067
6060
288
6045
6032
1832
6011
1834
1479
3038
4654
2184
4013
6889
4105
6458
6476
428
6853
810
2209
1101
1382
4109
83
4054
6473
2102
4035
4205
85
1433
4038
1387
6716
4567
2953
3224
1032
1478
1028
4565
2908
7086
3580
668
7166
1002
4628
3386
1117
2915
4616
4615
983
4181
4263
4180
767
2912
4588
6823
4169
3471
3255
4583
6729
118
82
3031
3651
879
1505
4365
4419
2740
6894
6994
2746
2791
4336
1533
3042
3926
3927
6969
4052
3040
4376
6954
51
2788
941
3847
1146
1418
930
56
4311
2678
2880
3178
1092
3752
3002
3762
3773
4083
4450
3113
3791
1562
3816
6796
884
3770
714
6228
5747
4957
5836
5573
2087
2452
5857
1240
400
2091
486
201
408
2466
5520
6411
574
2478
1850
1841
5808
5986
5776
1670
5069
5106
1307
2389
5038
5031
5735
5028
206
507
6570
2040
2396
2192
2068
3410
1886
4982
2418
6399
4873
5079
6455
6679
5249
5259
6080
5416
6289
1819
5314
6210
5993
6156
6348
4780
136
6324
5291
2173
1412
2257
6237
2547
5246
6038
6036
6236
5236
6643
424
6480
6062
5465
6588
2323
420
3068
2164
65
2611
5663
207
2018
36
5664
2103
4085
1536
6449
1288
4017
1381
5666
5463
1545
200
6961
2968
1079
3950
5574
2076
5578
5433
6978
4087
840
1594
5702
1769
1839
948
7077
952
3594
1027
3589
7088
1460
6022
3577
6054
3562
7122
1830
3258
3302
6086
3343
6332
6326
7140
7147
6308
1793
3419
1363
1800
3212
5900
1854
1335
5712
3797
3095
5715
3099
3116
3777
5736
350
5746
900
1053
903
3757
5699
5763
7027
3693
1870
5832
217
3681
927
1334
3186
3665
3663
3662
3661
3660
3751
5366
2186
2414
2690
4466
4465
4461
2698
2449
2444
706
2714
2443
1663
446
2463
6572
4987
4411
544
6785
2778
6556
6549
736
1666
5062
2366
1130
4418
572
4491
4499
2584
1419
6712
1597
4685
4689
4690
133
6753
4613
138
139
4589
4793
606
4804
665
2632
1599
1637
4574
4836
6581
4554
2491
4516
2485
4358
2822
1469
4203
1677
6803
5292
2913
5202
2940
1669
760
4281
6495
5212
2882
1243
4258
2335
506
2938
4265
1560
4133
1668
6487
2205
2232
5208
6530
2872
1702
2225
4160
5331
5181
1477
3253
1700
3052
1287
1109
2641
1343
1837
3233
1566
3232
2658
2509
1648
3310
1170
1593
1270
1804
2950
1007
1580
3373
2571
3368
1413
2524
2957
3360
1355
3347
1736
2531
2613
2267
3294
2937
2530
2539
2663
2919
2926
2739
1892
1958
1676
1673
2075
1138
3119
2787
2050
1967
1049
3098
1234
1067
2379
2812
1986
1998
3075
1429
2013
2358
2000
1667
2430
2431
2334
2483
2673
3023
2100
2349
1766
2454
1541
1482
1540
