3509
3370
5294
4015
4467
5297
5296
4011
6495
3134
5622
5149
4463
3376
5620
3379
627
4016
5298
1909
3375
5179
3508
3507
3136
1905
1080
4014
6413
1239
3500
3502
5253
3584
7126
5251
4013
5337
3093
5290
4928
5105
5299
5101
3816
6695
1393
4924
5293
5794
5335
3378
2972
5334
5760
3377
6219
6417
2682
3504
6419
2589
1980
3130
4926
2585
2459
5797
5623
6861
6411
1237
6865
774
5339
770
157
5626
2500
5144
4927
1421
5803
1391
5630
4126
5258
1868
1900
6784
4923
4163
3135
4017
3133
3371
4253
5767
4833
6410
4469
5766
4018
1986
6210
4255
4956
1233
1867
6474
4088
3344
901
2405
1902
779
4920
5627
1866
865
6863
2273
5157
5295
4200
1861
5871
4012
5410
940
2509
5631
2583
1234
6008
4462
5791
5342
4715
5103
5804
5331
5214
3487
4155
4592
158
6065
4158
5508
6416
2003
4921
3394
4464
6797
6470
1468
6788
6477
5146
6415
3866
5021
6412
3505
3752
2974
2683
2407
1441
4124
19
2588
5332
2956
6482
622
5765
771
2409
3506
3373
2279
682
3391
5304
3004
3343
4718
4651
1385
3097
1985
4598
4178
5330
6549
1392
4595
3374
504
4407
5217
1906
2453
5207
3706
5873
5634
2254
5
1901
4596
3119
159
5291
5479
4743
3341
3005
1591
1904
3107
3618
6488
5761
4139
2817
5123
1007
5523
2504
1045
662
4090
5344
3628
245
5346
777
7128
3895
240
1908
5205
2941
3091
493
2587
1449
4466
6037
4590
6546
4257
1469
4925
2913
3815
1399
6542
107
3916
7145
1398
3892
3025
3462
4481
2408
6498
4135
3372
1124
2813
6491
1427
5239
5143
508
1480
7123
832
3759
3600
269
2978
14
5472
5377
620
5102
1811
4831
2788
1041
118
4688
1
5981
5257
5255
4334
6496
3398
1445
1700
2971
2665
5248
5621
194
2400
4712
6722
4772
6721
3641
192
4337
5610
242
4127
2799
4731
3485
2942
6044
4684
5651
6909
2201
3753
4934
863
5476
2418
2420
3756
4755
5013
5213
5012
3178
4759
3137
3608
6924
3249
2869
4932
4130
1983
4006
6887
1464
6016
4599
3616
1465
1238
4468
6586
7159
5075
6589
4145
6767
5431
3006
4321
4141
50
6489
6773
7129
6660
3221
3009
4611
5223
1047
6520
4618
3247
7143
5208
2083
3396
6543
6553
5800
5798
3444
4160
38
4314
4645
6428
57
1865
7061
6051
4978
4197
2753
7053
3940
237
3319
4186
2444
241
247
2208
772
2715
4461
2206
5000
3612
2949
4023
6912
868
2964
5127
1945
3583
5842
6472
5505
5311
5506
3082
5345
6149
1232
2774
2779
4465
5313
4080
4782
3092
4204
1235
1920
5189
1332
4005
6125
2739
836
2673
1707
5613
4003
1083
1703
3457
5558
3560
5659
2944
3792
1864
4711
2900
5512
5495
600
3626
5065
1138
610
6469
1121
6475
2815
6479
4706
3788
5493
5521
569
3780
3781
6030
6547
6027
6545
1040
2487
6346
5532
3786
6383
921
6541
1185
1884
6041
4779
2489
6894
6720
5250
276
1395
3413
3342
2586
4460
5256
6928
5333
5259
4198
2169
3044
6947
283
3399
7111
66
5347
4333
5388
7101
284
6850
6766
3395
5232
5190
4470
289
4274
5216
2375
4167
6973
10
3180
7030
1510
153
3310
5148
4419
3441
7023
6625
5868
7087
1982
1981
364
5736
156
2205
3648
6325
4951
6319
287
2445
3782
2761
5510
5740
6879
1460
666
6043
5191
7027
3186
5170
356
4170
7020
4179
6859
152
4205
5349
4182
2529
1455
728
1931
855
773
3280
5695
4195
3314
229
6204
1941
923
6122
4438
7050
5664
6148
5308
3582
5617
2328
3750
3629
768
3642
3292
2326
736
2837
4736
2891
4363
272
259
6011
1262
5629
2930
3917
1260
6010
5372
5946
2842
864
1863
3450
6032
5763
1702
4143
55
6582
5215
3397
2811
2060
6577
602
5813
6743
1043
6567
4332
5481
3841
1400
25
3661
6652
1050
2576
1053
3793
1057
1686
3047
59
5098
2383
3419
65
4655
5212
1086
3518
497
3984
2009
2578
4136
7122
503
6487
6478
1082
6039
4131
4099
4669
6570
4678
6925
5003
4149
6786
1943
5414
3718
499
3318
7026
144
3926
2919
507
5286
4760
5316
563
3983
3315
4682
6218
3754
947
2171
491
3183
2179
6590
1380
3713
1886
6012
5462
178
4662
6014
176
3812
6986
2321
2452
6983
2320
2276
6161
494
6971
866
5810
2454
2446
5806
930
1089
5203
6140
2539
3941
6127
203
202
3311
2758
5644
5780
3154
6789
5164
3692
82
3106
58
322
410
1295
1000
2693
2399
5341
5525
2501
604
6895
4192
1787
4273
6373
416
6369
5529
2952
616
5877
5519
5497
2109
5118
6783
6468
3267
1127
6818
3658
2472
2686
2969
5530
2688
2007
3089
6782
6430
3936
3962
7125
2477
7127
5516
619
1667
6351
5577
299
280
6289
7144
3762
281
282
6539
5254
3559
2252
4594
6540
5536
3207
2398
3410
6749
6509
2834
6905
6508
1108
575
3049
1566
4399
5252
3663
7120
3613
3665
7147
3627
6029
5696
1780
4907
4843
3208
5172
903
3240
2296
1011
5795
1888
6018
3918
1834
4991
1880
4415
4258
5947
2862
5775
3287
5185
924
984
5789
4339
1550
3621
4862
4285
5816
5281
2579
83
2298
3708
5878
3622
5809
7036
5662
4277
3643
4764
3981
2709
262
1476
3484
4744
3757
4523
254
5569
5033
5574
6232
2103
1951
4147
3482
2063
4458
4457
2924
605
3964
6934
4686
3132
3038
737
336
3094
3104
1401
6867
6397
6881
6392
4710
3056
3054
6571
442
6501
3785
4717
3348
6329
3552
6326
2414
285
1279
4007
4193
3982
6215
6213
5466
5464
6100
2438
5401
6978
6979
5383
1913
1912
496
3910
5292
3911
3948
7005
5064
3852
150
6052
3514
6483
6494
2434
6630
4173
6160
3313
3433
3080
3751
225
6812
6619
