6410
4655
5295
1906
1882
6329
4481
1082
4337
6166
569
4018
3341
1239
605
1427
4016
2403
5291
6418
3349
4955
6232
566
158
4013
627
2402
2409
563
1086
5024
1088
1880
5147
175
5107
5102
1884
5144
5148
6495
4205
2404
3507
5794
2405
3344
1908
3370
4090
5101
6323
4019
6419
666
661
4047
4011
1888
1087
5022
3866
6325
1885
5
4256
1883
1083
1909
4956
5626
5149
5297
1902
5146
4017
2589
6169
4927
6541
5078
3414
5179
5105
6168
5504
3865
1940
3342
4012
5318
3564
7101
5190
3505
1904
178
4253
1425
4208
561
4204
4656
5294
3868
1905
2
6607
3055
6412
1234
6327
159
5140
6012
6369
4934
1424
106
304
1237
5629
3343
6608
5127
2579
3518
1900
2859
2459
5292
5251
3509
176
507
4462
4015
5232
3
5302
2400
153
4467
3502
6017
4932
2509
2572
2407
940
4711
6650
6645
6642
4315
1230
6161
1785
974
1040
4957
3486
6599
3005
5797
5795
665
2395
667
5804
4510
2889
4463
6415
6160
3629
6162
6400
5113
1480
4518
669
1398
2943
6582
4014
156
1866
1783
6656
3133
4249
4163
2682
6624
1901
6644
3259
6233
5622
1509
5511
5195
5205
1429
3908
3110
2974
4959
6605
6609
4755
4338
3788
5512
4083
4566
6015
2320
6865
6604
5059
1788
2751
5761
2947
6479
4682
3295
604
4706
5803
5088
5584
5847
4431
5850
2500
3816
157
5870
155
2972
1587
1233
5106
4207
875
6014
6695
3862
5464
3227
4725
2864
5784
2071
336
6737
4275
5813
4291
3611
6978
1047
2752
3136
4244
2209
4098
2576
3613
3464
5197
606
5627
2913
595
6646
3291
2164
5514
3555
6413
6414
6549
6416
3132
199
2630
2226
1671
1084
2203
2381
5214
6863
3468
3378
2453
7098
1426
5331
3379
5471
5025
2578
3092
6165
4618
1631
5767
368
5709
1158
2454
5554
3723
5814
600
6973
3752
6955
3508
2470
3719
5057
1421
2098
6861
400
5137
5623
5427
82
4169
622
843
5772
5012
4619
4795
3628
3153
1302
5334
6641
1881
3941
3316
5836
3156
6625
5317
3377
770
7142
6237
5218
6574
4525
5216
7100
4389
3318
4469
1946
1944
3175
3851
5339
3626
2791
1231
2362
1045
2783
1004
1253
6536
3463
313
6430
2824
1054
562
978
6654
5344
4688
2952
3960
1309
289
888
6016
1308
5533
543
5290
7163
3006
1362
2327
3135
5276
4153
5217
5398
5191
5154
1392
1385
1384
2268
5370
3186
4096
2408
3600
2764
6970
5494
4007
5211
6967
2322
5296
2756
4458
4835
2581
1951
2654
6629
6163
1303
4651
3087
1949
3946
6651
287
294
301
692
4918
1051
6660
4675
4321
3094
3374
182
3892
6501
2800
3904
4466
6428
6542
4527
1889
1080
1941
1887
4504
6597
229
2647
4523
151
5845
3729
3292
5649
1155
3964
4200
5691
1843
5620
3487
903
2103
6491
3514
6788
5617
3720
5103
5614
2429
660
3009
5842
2065
6784
3263
4006
1206
5250
2631
4470
3711
2420
2602
597
620
771
5241
603
907
5109
2478
2504
682
2686
664
4895
607
4333
3992
2681
2588
560
4010
4243
4638
4596
4165
5021
5209
4529
4167
5028
4743
609
5517
2365
3392
1959
3395
3398
3088
3413
1464
6075
283
1986
1988
3446
5255
6008
6219
5986
1453
5853
5849
330
337
5806
2079
3485
3500
5665
5645
397
5621
408
5974
6265
3375
6283
1
7162
3181
3184
1619
7023
6977
45
3134
6884
1777
1530
80
6770
87
6752
3305
3373
6361
1490
1495
1089
6540
2169
1510
6634
1867
6655
6658
93
3310
6611
2181
883
5497
2973
5316
1369
1192
5298
3561
5532
2253
2279
5469
1014
1389
5414
1393
5362
1000
5367
4464
1494
3923
126
5361
6472
4414
565
4461
786
6583
6483
150
1498
1912
6494
6499
5372
198
3527
1491
6110
5451
4636
6122
4631
2809
3857
464
4612
2891
6212
6417
5157
5170
6275
3155
6321
2264
226
2594
4484
1945
220
5378
4528
225
487
1868
5293
4142
4138
7042
855
989
7060
7061
4123
7064
4121
1645
1366
7087
20
1607
1592
4078
7115
3172
7126
876
4023
885
4088
6628
3238
4203
6649
5145
6652
3314
6657
1865
4294
4292
4283
816
4279
1769
4276
3303
504
2687
3966
83
3693
3995
1524
6822
5320
1191
5330
1467
1299
292
5544
3444
2432
2076
3567
5066
334
5073
5510
4952
1241
4948
5074
2503
2060
5491
5859
4928
5881
409
2023
3462
329
601
2224
5064
1423
2449
973
5702
393
5712
5036
5042
3554
5734
663
5764
2469
2439
4973
5786
5054
3026
5798
5630
631
404
2883
1997
4922
5971
6010
2516
1989
5472
4737
4732
1008
3815
6019
2978
6032
720
3526
1202
3827
1984
1463
2837
279
728
2245
2200
5998
4764
4783
3461
5481
3056
2165
5611
2518
3785
5563
2533
2221
5122
2189
703
2862
5552
2534
2147
3189
3709
3222
3163
3237
3220
3519
3705
3178
3677
3271
3658
3183
3710
3666
2817
963
2865
3780
3783
3869
950
2980
1081
3371
3786
3083
3096
3703
3380
3391
1005
3399
1201
3903
1093
3317
3756
3294
3501
1109
3993
3297
3479
1200
1190
1113
3475
3311
3618
2868
909
3114
3615
3467
3037
1041
3962
3154
881
5790
5792
5802
2067
2061
333
332
5858
5896
5943
1999
5972
308
290
1465
276
6125
6126
1979
6151
1957
6187
6196
2095
6208
363
5732
2276
5347
1380
5356
478
5388
5434
2244
2242
5479
5513
5515
4041
5543
5558
5560
5583
416
407
2163
394
5655
5687
5765
5338
6236
6272
1861
6814
1845
6842
67
1731
6918
6924
1667
1651
6969
6974
1546
6984
1641
7030
7065
27
7068
1613
23
7080
7125
6757
6246
6756
6727
1948
1947
6346
6368
1943
6402
6454
192
188
172
6519
6533
6545
6547
6573
147
6586
6600
6601
6602
6631
