1264
743
5728
6192
2968
5727
5726
3607
2967
3013
1368
1721
1262
5721
4565
1261
759
6190
4368
1268
2649
4561
1267
6775
5684
4032
5092
322
2656
6193
740
1699
2715
2645
120
5484
619
5725
3599
4369
968
6292
1266
1263
1689
2966
5326
6338
6427
6423
2096
2032
5329
1822
745
747
4569
758
3685
5729
3591
2713
5723
6335
4031
6185
6090
496
2031
1260
2519
4037
2960
4782
1494
6333
742
2655
4662
1269
3929
1265
2719
749
1438
2962
6339
3901
5945
1108
2179
6331
857
616
2898
2873
1363
2035
4030
5720
1104
6197
6217
1723
4783
1364
6314
1693
1697
3597
4788
6334
4389
3010
6811
4220
4229
746
2295
494
96
3490
6421
4563
6429
2155
5481
2513
3017
3355
6299
2099
2097
77
294
4405
6113
1279
5350
121
6735
4400
2037
2030
4402
3018
6300
533
5742
6096
5739
5738
6424
1728
6337
2653
2640
2737
2514
7169
4898
1160
1196
6704
6815
6700
4785
1496
3350
5087
3012
3261
3609
3682
4403
5680
6743
4560
2314
2094
3698
1376
899
1826
3720
4787
1377
588
1722
6280
2289
1691
7053
6422
316
1985
4660
6467
6099
6100
2308
3673
6332
6184
6440
2292
3875
2511
2157
2139
3265
6107
51
3825
4891
3215
2026
6777
2371
6312
694
6094
4838
1074
2079
3670
7082
5097
1413
785
2599
1687
4949
4384
2644
6983
5568
1696
1682
5529
981
1609
4401
2170
4404
1505
4421
1432
5639
2717
6198
1692
7112
6221
6425
6465
1080
4799
292
4794
4564
3659
3978
3891
1195
6776
5283
927
3905
4920
3171
46
1633
6774
923
925
1686
5271
6495
5364
4407
6358
1232
4226
989
1698
4171
4665
4340
6445
4141
1018
1378
6152
5957
612
3876
3415
4223
65
3593
4769
2178
6195
4397
707
613
2310
3671
56
3391
3651
6373
6433
2172
3233
7054
2239
4997
1154
2319
5891
3687
3689
2056
6459
5722
319
6173
1729
909
1380
1412
4280
491
6272
2815
6255
753
6956
5228
1695
5538
4406
4416
4435
7095
7164
1646
5286
929
2710
1475
2512
2515
1771
3913
2025
6500
5088
6706
473
1072
5351
5951
6955
7083
6817
2716
47
6051
2752
2475
2282
3396
3141
3112
5956
5050
924
6841
6304
3389
5070
480
6792
1107
6295
900
2463
2290
5215
6191
5103
1042
2838
3011
5856
617
4686
129
5666
1733
4157
1737
7085
7084
5681
5652
1823
264
3422
4039
1880
828
277
1888
4774
4781
4044
133
5649
4285
1521
4528
4527
1544
4499
4491
1681
4438
4432
4426
5575
1502
1476
1694
4629
752
5593
1470
4342
5620
4290
5743
4853
1375
3968
3916
3914
4931
4890
1245
2036
1244
2039
7046
2072
6460
4926
4925
5844
2059
3614
4924
1203
2027
4863
3521
4979
1214
618
3592
301
6420
1690
2695
921
2304
1462
2201
2572
1579
1573
1237
1200
926
922
1499
6966
2635
1216
6648
610
2517
2090
702
6519
834
1988
6779
6315
6486
1365
1884
6485
823
2001
711
2024
2470
6953
6534
1824
2357
1820
2489
845
1747
1252
1705
6894
1975
6816
6880
2092
6533
2965
244
295
5004
5753
3930
3902
3818
3790
5027
5863
290
7051
5377
5031
45
5374
3590
5093
5976
5137
5990
3676
4015
7080
266
5490
5487
4723
4591
113
4578
4519
5558
5564
4869
4876
7093
5587
232
4189
5415
76
4130
4927
257
4943
3173
3088
4683
466
2827
5225
513
6171
5298
950
5227
5236
6183
5221
2834
5299
2974
4998
2775
1239
4145
1734
2767
2765
1730
4170
4174
238
4185
543
4190
3961
1701
1254
5752
5290
1978
4930
495
2536
5740
5731
1915
2813
1966
708
6491
4035
4948
2578
1208
1828
4940
510
4080
506
256
1792
4928
984
4277
1255
1275
4786
1519
1334
787
6712
2668
149
2750
5281
2666
4625
2744
4661
4666
2723
1436
1366
2720
124
4681
126
5524
6646
4515
4505
7088
4321
4343
748
4344
2761
847
5582
5276
190
4411
760
4424
4428
2753
4858
1683
5280
4855
1679
4852
4493
5451
4211
5755
5748
3805
6392
3496
1076
3514
3517
41
3583
3594
3596
6835
3643
3657
3663
566
3235
2899
2147
3937
2145
982
436
6007
3219
5157
2933
7000
2485
429
6795
5131
3384
3394
6052
6790
5119
392
6784
6056
2259
885
2327
6088
2465
2434
985
2038
2438
7063
2516
6773
3907
3917
3918
2442
5781
2020
3009
5008
3911
2076
3795
2883
2102
5029
3026
3696
54
3707
5860
2108
3726
3024
1105
6175
443
5024
2131
3680
4779
1314
5495
4731
5156
5201
5173
6702
1369
5309
4747
4743
4772
5213
1161
1002
5021
1150
1177
1146
1137
1198
4707
6771
4941
4934
1097
1094
1092
5417
6830
5056
4902
1064
4900
4877
1054
5338
5130
4875
6798
951
5149
5450
1271
6814
4910
2705
1394
3413
3424
5940
2281
3459
3479
2236
2202
5921
3564
2171
3641
6430
3675
2141
3677
2137
3678
3686
6456
5838
3747
3764
3771
3798
3399
3381
5959
3358
6225
2662
2661
2758
2634
2790
6194
6189
6181
6284
2500
2910
3810
2494
6109
3019
3134
2372
6062
6055
3214
2334
3286
3338
3341
5981
6157
4688
3890
6475
4471
1638
1619
4495
6626
1546
4520
4533
4549
4570
4576
1500
1495
1493
4599
1464
4659
1437
4667
1430
6682
6685
4669
6694
1402
1684
4436
4433
4429
6479
6484
3963
1972
6504
6521
4036
4043
4075
6541
5709
5705
2022
1785
1753
1739
2718
1731
5668
4192
4295
4351
4361
4365
4374
5576
5678
949
2642
800
6842
293
483
7066
6996
774
286
603
755
7089
35
696
499
848
33
7030
7127
7153
123
353
465
240
186
42
6969
827
770
343
6959
484
5962
781
5561
6689
2872
493
4477
4516
4514
1542
2876
4481
6988
7098
6715
2735
2738
125
6256
2576
6252
2587
2591
4689
