6434
6829
6446
673
4694
458
684
6449
6242
456
677
535
457
687
5889
4069
5887
2373
4065
681
6432
248
7112
6250
6443
5885
451
452
455
468
1015
683
21
3435
450
4962
676
5635
6437
1019
6754
4063
70
6442
2875
3438
453
460
6252
6256
1851
74
678
1102
6702
547
688
5636
6438
4968
4067
1831
685
3483
6241
4064
454
6445
5447
4771
1026
5745
680
6246
1608
527
7113
549
6708
196
5883
4634
4964
174
1617
531
1604
3339
5828
3973
3431
6251
1435
1439
4845
6340
6448
6244
2599
78
2262
4112
674
1017
130
1611
4062
6249
5926
670
247
521
3284
528
2386
6447
435
1267
6247
5077
2084
3857
6465
2510
3699
5910
7017
2870
7015
3545
7051
5866
431
545
7166
6253
1432
4604
5417
135
713
4575
794
2349
3034
1016
671
6538
4060
6076
2241
679
63
2168
4045
3386
712
461
5881
7079
6444
262
5360
2009
1898
1603
3575
3541
1483
3735
6243
6175
25
5632
3499
6144
6257
6095
6093
6717
4516
234
644
7010
5927
5928
2350
1505
4792
3742
2727
2081
7071
4861
7072
2937
2653
3549
327
303
298
1406
291
3605
5284
249
1987
4778
2087
1265
2621
4672
6025
2871
6309
6061
1012
3241
1020
1658
6292
710
6096
1609
1114
1605
529
3383
3913
1227
6793
3449
1930
540
4010
2161
5551
5590
79
105
2299
7156
2182
5779
6554
6320
6441
4955
2017
6860
4324
6557
5895
6719
5882
3885
198
3535
6192
6179
6240
1494
5168
3123
6512
2566
2584
5070
6514
2160
915
3749
1214
543
5441
3203
2960
4592
3169
3227
4572
742
2876
2873
1896
6897
796
672
663
6560
69
1101
1104
1105
1107
5919
5915
2723
2721
3145
566
3952
6427
3937
1210
3542
3171
3620
263
886
4381
2503
1404
1443
1440
305
946
177
4563
1291
483
267
2051
2590
251
4353
7052
6016
1616
66
5484
5277
1072
486
3608
3505
6085
1309
2192
1063
5814
6245
2287
2043
80
5389
5913
2725
228
2724
462
5918
286
620
2297
1154
1264
1125
5459
1266
2719
4043
58
3479
1445
6704
5027
3042
3388
6284
1444
5476
4965
5602
6248
3286
2563
880
2319
3168
2874
3747
2388
4927
5819
1345
1346
5218
6480
6536
538
5682
536
4571
2091
3434
3196
2962
1212
4901
6143
6431
3886
5541
4196
3432
2926
242
6706
5672
4897
2088
1028
2253
16
5454
3738
6328
366
5156
5639
7074
7032
1430
4702
1897
6296
6347
276
3883
5424
1330
2292
2105
4376
1656
2185
1152
1956
530
2704
4888
565
2680
541
5275
588
6476
6138
6526
6259
4827
3144
264
1832
5601
1153
2730
3162
3989
4113
707
1899
793
5733
4133
1893
4136
2342
2318
3248
1029
4671
734
740
2130
5719
3240
1858
4208
4211
2341
3205
4608
6698
3202
4595
4709
2844
1055
1715
4542
1836
5916
1592
1781
957
6280
4286
4553
4790
2744
805
4781
7011
4775
4046
139
2776
2256
6092
4744
3609
665
5937
3164
6050
6576
119
1111
2668
3544
2505
2450
3777
4350
5627
272
3484
5033
2038
3482
428
5007
7160
441
6703
199
6149
2290
6148
4992
287
285
1299
3443
1303
5125
6206
5646
3672
2526
6490
1363
1362
302
1476
2286
7099
4367
6810
1336
2083
3734
2082
6555
6460
6457
1800
5835
3870
4512
1229
2122
1447
4953
168
5419
1218
4920
1544
6946
3881
6145
231
542
5826
368
3285
782
520
2345
2291
3889
5163
3283
4236
7164
5164
1370
7067
7093
4139
1219
6842
3743
4712
5495
682
1379
5839
1071
5838
1500
3019
3167
3733
4594
5124
4722
6286
1770
6294
2070
2833
5941
2836
2645
2669
6714
2150
5227
2905
1438
1421
6481
3530
4192
1380
322
6524
321
6745
3215
5729
3625
883
6865
5273
4229
6228
3531
774
6373
6234
3246
3725
4673
6090
4154
525
6731
3603
1339
5558
1216
5537
6699
6504
1482
7078
6713
5559
2885
1014
6475
2367
522
806
1141
1137
6318
1963
3835
6282
6153
3338
445
4877
622
3330
7043
7004
35
6517
1268
265
6221
1121
2167
1811
4825
4824
2260
97
2332
3565
7013
1151
2627
5886
956
2402
3988
2169
482
918
6151
4994
2171
5411
2705
1728
3428
4336
5341
1771
73
5423
2048
3015
2266
3103
668
4727
4071
4074
6027
5079
23
675
798
6094
51
5458
3638
2263
5021
3480
6685
60
817
2372
5347
3628
5780
3572
4763
2477
4534
6485
2040
6130
2452
6486
1727
6043
882
931
3122
936
4321
6326
3158
1738
3086
6042
3112
961
942
4372
4340
960
4371
4285
928
5312
3226
1294
6170
6803
3782
2264
6162
3476
3829
37
5618
3842
3448
3447
3445
6792
3442
6146
3876
6790
2269
3439
3748
3737
1427
6553
6212
3623
1401
6825
5689
1387
3548
6813
1382
1460
1366
6188
1349
3714
3715
3730
5642
3739
94
1228
3887
4033
4039
6546
57
1103
5589
4066
75
6890
1621
1070
4092
3326
1640
4120
5717
1011
4174
3229
6097
3882
4029
3350
3888
1195
3429
3425
3421
3940
6778
3401
1171
3396
3980
3385
6773
6111
6872
3985
6270
6110
6271
4023
2294
3577
7016
6979
6377
743
5865
5026
4670
4674
4998
1869
5365
2395
5743
709
2846
7117
7118
6991
5406
193
1910
5058
5072
5169
791
5165
4593
2080
5157
6349
373
404
2559
2072
2961
2562
2569
2943
4630
5539
5840
4610
5174
4967
5418
642
4773
4774
2763
2690
2755
6676
624
7134
4793
7005
615
2715
4836
5912
6674
5757
148
4797
480
4879
5455
5773
6436
495
4940
6435
5769
7027
2666
4764
524
6403
7025
5449
138
5451
550
1989
2196
1921
6344
2595
5252
6007
865
6491
2995
5226
5289
259
6006
317
5281
315
1830
5279
277
279
2485
4507
1805
301
6000
