2797
4170
2796
2793
2794
4080
3648
1395
4172
4177
3004
4129
4179
2795
3651
3005
4743
4632
770
5066
4077
7158
4163
4178
7157
2500
6695
1390
5623
1394
5078
4956
2799
3
4462
4659
4339
2009
204
1399
4088
4173
1914
4204
2972
5529
4932
1465
5248
4081
2815
117
6694
7152
3642
1780
6523
2676
6893
923
1397
3133
5561
4200
7061
7057
7151
3132
6842
3655
6856
1092
6244
5527
2895
6866
1233
622
1000
2946
1393
5023
6421
2663
1025
7154
5253
3007
6043
3006
3649
3645
3567
3507
3517
2208
3400
2589
2529
925
5145
2401
2664
1305
1869
1396
7155
4645
5627
5494
4
1398
5840
1391
5526
3659
6774
4206
6758
6228
3233
2672
5334
4122
1063
1237
1054
5521
5525
1236
662
2781
5760
118
3608
2170
6425
2304
3817
2201
3641
2202
4012
8
5792
4031
4071
3399
1
6392
2819
5064
5160
5067
5335
4464
4405
3650
5492
3643
3600
3852
723
5804
2785
3396
6215
2888
6222
4121
3009
3653
4186
630
2949
924
4320
4085
4160
2945
1392
2587
1544
6491
6784
41
1174
1984
2752
2274
2277
1679
1468
6978
5497
5499
4253
3559
5495
3606
597
6119
3391
1424
2375
266
5997
6161
2173
4125
6840
1789
1824
6865
4016
3962
2179
6786
3669
620
4202
1986
5523
2391
110
4181
108
4127
7150
2504
7162
1301
2489
5069
6488
2780
4785
1052
5141
5259
4838
2673
5250
6479
6481
2662
7156
1239
1542
2675
1543
6717
625
2459
960
3652
4686
1917
987
5704
5708
6859
1822
2767
6863
6864
1829
5786
5
4013
6788
2753
2660
728
1912
742
3866
6420
6213
26
4598
3159
4783
4784
2475
6217
3394
2502
508
2256
3397
4392
1716
2526
5157
1469
4788
6550
2813
114
2205
380
5236
1268
5396
4467
4578
1670
1402
2
7089
4162
4772
7110
1421
1662
5448
6966
626
600
5205
1263
7159
4943
5621
4400
1573
4938
6869
5257
1240
4435
1464
5442
1533
717
852
2688
2105
3617
113
6285
2187
6533
3556
6094
949
6729
946
6210
3390
6221
1193
3222
2399
2996
3154
2464
6255
6116
1137
3603
5897
6846
2783
1820
5766
2737
4075
2787
5898
5806
1886
2790
3812
6648
176
2733
3664
4687
1385
2765
4781
2779
5126
2810
1051
2503
961
1312
4786
2883
2792
2601
5024
2811
5039
1299
1351
4843
2611
4787
4126
4650
2102
3657
1985
3663
3668
3680
1555
633
3827
1840
4076
1677
1795
1781
660
1241
3583
2200
1463
1060
2415
2405
4612
4579
3166
3171
4656
3367
588
2255
4391
1101
3504
1103
3552
3379
989
4166
6556
5609
6553
7121
7088
5629
5635
5673
5605
6667
5293
5861
6750
5788
5800
5807
6693
5696
6498
5235
6495
6365
6867
5161
6415
5463
6490
6422
4402
5676
4404
1983
5476
5761
4333
1987
5785
4568
3926
6722
4576
111
5671
4074
1861
4169
4318
4310
6811
4188
5584
4187
629
5496
5493
635
1196
1108
4183
5485
347
5626
86
4401
6799
4132
3584
2251
123
872
2590
3137
2600
2604
6532
6511
2963
2956
2912
2537
918
921
6485
941
2817
6401
981
6424
196
963
2791
920
2494
1045
3366
1100
3743
2249
4596
6687
3704
3689
3686
5857
6682
3647
6680
2393
6059
3568
6622
1056
3471
260
3398
3395
3392
6224
3816
5387
3999
4688
5324
5065
5079
5332
1293
7080
4672
1296
5171
1462
5100
1549
5338
1540
1495
1432
3863
2978
1982
1919
3099
6688
4098
4718
1915
1260
2461
7081
6326
4116
1913
5312
4740
1911
4164
1910
6797
5679
6100
3051
1232
1548
7069
6979
5214
3135
2479
3239
5842
6557
121
6576
3996
148
3393
720
5022
5202
6220
3374
2107
4011
5798
3815
2585
1989
2206
4069
7123
6596
4789
1467
5050
3210
3213
4017
2059
7122
6232
6689
3417
4171
2961
4403
779
453
4399
1745
551
2417
1195
3661
2864
4654
75
4174
2761
4330
1298
4321
5162
4438
2397
5390
5392
6011
5962
2383
3614
2774
6427
72
3609
7050
6423
5429
1741
2798
3585
5809
3550
1828
2682
4681
628
1565
7126
5618
1334
1427
4677
623
6065
129
1572
6812
6329
3665
6487
5873
1191
5510
6364
3662
4671
6219
2418
6091
3519
1058
6606
7082
3557
135
7083
6208
1412
3485
1069
6062
3605
6061
4959
6068
4975
4628
3370
2947
6339
5084
2944
1314
457
2908
6346
1291
2739
6357
178
2875
6484
2852
2823
945
947
202
1300
7167
5140
439
964
6430
966
2789
1342
244
6504
6291
842
5190
3297
6226
5034
2509
3237
3236
2524
3230
2571
6233
2577
6539
877
883
6535
2394
3096
2640
2650
3069
5166
6525
5164
3008
6283
224
3098
130
2784
6992
1608
4356
100
6754
4388
5274
5256
1994
1998
4390
5738
2001
2050
382
4018
5793
4010
1609
1541
711
5590
3949
2100
1747
328
1606
6848
1578
1821
627
4678
6887
1827
535
346
1562
1556
647
1791
6827
4167
1845
1847
1190
5670
78
6782
6976
1591
4112
4108
4319
4416
4433
1825
2253
3781
3763
3746
4900
7044
1438
1537
1437
4642
3701
4571
1656
1428
5853
3676
2270
3671
3670
1675
567
7047
2276
5382
45
774
299
6681
3878
5973
5805
2156
2389
2171
1531
3658
4460
3902
1122
6858
116
120
1711
2299
5922
4492
5847
70
2355
4643
6457
2709
6822
2782
2715
7160
6470
1306
2744
2762
181
1697
6476
1214
2766
1742
984
6473
982
1792
1645
7059
1336
2072
2505
2083
150
6723
7109
7084
1047
2176
2188
47
2204
6577
46
128
140
2421
6660
36
2293
6664
2298
1422
6451
2692
6555
2066
6494
1826
1560
6501
1550
88
2666
1863
6518
1885
1901
2619
6778
1916
2390
1364
1378
6546
7010
2573
6743
2541
7012
1131
6760
6243
2786
3921
3942
4014
6447
689
5762
4086
4087
4089
5702
4123
666
