6442
6445
468
460
5866
6252
6251
6242
6431
4064
6257
6256
6250
685
6810
6432
453
452
456
710
6241
6240
5919
6437
5861
681
6249
5636
683
6253
6244
6443
5916
644
4065
6259
5864
5639
647
5867
713
5868
6444
5865
2373
5933
5860
2724
5908
2725
3034
5568
4887
715
5918
2287
6434
688
680
2727
5889
6446
6449
5887
5862
6829
341
6247
2729
6320
641
6254
5937
4069
343
2281
646
2722
1808
466
1091
463
2499
6255
2507
3036
6714
6095
719
4771
643
6712
5635
6258
461
707
2289
4033
3039
3235
6093
458
462
5139
340
5863
7017
5901
2728
6713
4893
5917
5927
5934
4694
2536
684
5928
3499
4486
5360
6813
5131
936
4882
4634
649
6385
5172
2493
1228
4774
645
1090
1229
3889
4152
535
1166
7112
6274
3037
3880
5137
5138
4487
1099
1097
3035
1094
2609
1265
1227
5175
3883
4886
7113
6276
2091
5909
348
2495
6466
6463
345
2726
342
5130
467
5638
1212
2162
677
6814
1145
725
505
784
1104
5152
704
4067
7084
543
1220
5133
4888
5936
740
1096
2286
3881
6671
6453
4039
4040
724
3838
813
958
6550
2280
5136
5904
5134
2597
5869
2592
6090
6269
6685
4229
457
717
4252
2033
2285
5905
4934
5814
5221
6440
450
5913
3103
1500
4043
6448
4614
4172
1065
2168
2644
2600
416
7118
3483
1409
624
84
2240
493
3980
3727
3714
530
5070
4572
1349
2771
1210
4894
4953
2288
4093
3607
4516
4515
4113
4049
912
816
4962
5932
4171
5165
451
5168
1800
6717
716
3187
6441
2544
5939
4483
5911
454
3171
219
6719
3431
705
3811
3887
3842
5157
1898
3813
6423
5245
3030
1160
1223
5902
1309
326
306
3683
5906
1221
5910
3654
4353
469
5996
4575
4062
465
4063
2088
890
4074
6017
674
6670
682
687
4154
2627
702
2603
2599
1803
718
21
6708
4250
6094
6085
2875
4626
4896
1064
3818
5254
2258
3814
3033
5173
213
3834
4748
1960
7024
6268
228
708
706
1068
709
970
720
4885
721
722
4213
4217
4777
4799
1140
4339
7016
4883
1060
689
932
6170
4030
4037
2195
4666
3885
900
2188
640
642
3623
648
3610
673
418
3680
1232
2185
3973
1214
699
6860
4906
3017
5609
1318
2744
2990
5170
3188
1294
1840
2497
4964
5783
5235
5883
3199
5503
20
1303
5885
5312
5378
1565
6736
28
4940
1805
4913
4903
5561
3555
1498
2601
2786
2490
2034
5757
3442
1405
3586
74
3169
1267
1723
5666
6781
701
1975
5959
2640
3836
78
1110
7074
4159
3233
2323
1728
5537
3253
3568
2719
6455
130
1063
135
2871
1611
1052
3766
1482
3762
536
6462
3760
1642
1608
6245
6246
898
3184
2742
1680
6561
4776
3702
5484
1093
4785
1539
2606
711
3296
3886
6818
3651
335
1291
2966
4868
349
3480
2155
3481
3489
6061
1222
1264
2494
4880
6279
5780
2492
972
7048
3528
6292
2001
6996
6680
1301
1302
1058
1015
1354
4683
459
6360
2167
2253
3435
2881
1804
5884
6429
1161
1150
5566
5560
2604
2520
3884
2241
2002
819
726
1791
6993
5782
6174
7120
2044
6179
948
6767
938
2935
942
1966
924
617
6769
927
2701
1617
2533
4211
1822
1823
728
831
4218
4438
2513
2538
805
4277
4284
5661
781
4381
4330
6073
4358
6520
4276
2890
5604
1784
2873
2855
1888
2765
2764
891
2735
4091
663
4210
4092
5510
676
2716
2702
5733
5524
1755
57
5600
2723
3952
2256
2451
3193
3192
4773
5881
3185
7090
1447
3438
5181
1401
531
1165
3663
4979
5931
1181
3401
5160
1404
3300
3302
1408
495
1152
464
2960
6270
3226
1098
6364
1095
1916
5828
2035
3174
5840
1564
3510
1568
1260
3515
399
1899
2282
4926
1051
1055
6082
1298
2008
598
1062
3047
4960
1057
6277
1516
4889
5307
1148
3703
1151
6816
2487
3511
1259
4177
1125
3338
2551
3690
2501
1274
2511
1300
6711
3465
1307
6272
3451
2217
1290
3432
3428
1345
3604
3603
6324
6538
3403
2230
1987
6328
3358
6338
1219
964
2650
1074
6761
1485
6793
6399
2870
4060
6694
4041
1059
4031
3040
6565
6421
3825
3831
2926
1953
2357
3862
1566
944
2962
946
1573
3890
1961
3920
6189
3173
2402
2820
2769
2246
851
2651
1112
4151
6673
1878
4150
3252
2319
2705
3224
3223
3215
1972
1695
1444
1969
1881
6586
2734
3195
4084
4075
2740
1453
2760
6754
3180
6474
6569
6171
4916
490
729
6999
4895
4669
70
66
5452
4897
4678
5155
4436
5500
2197
5886
2187
7066
4633
2030
714
5182
678
6995
5504
5745
4884
6990
4519
5738
4498
498
492
4485
366
475
7133
108
5184
4798
298
5487
527
4841
5619
293
4760
4912
23
538
10
4919
5671
5056
5678
5993
4741
4745
5610
2105
2192
5602
379
42
5100
4719
4624
4722
6409
1297
2458
2986
6427
5301
613
5784
3102
4842
2194
204
973
3477
1517
3492
2985
4630
6683
6175
3016
2039
959
4625
7057
3488
1542
5935
2964
4946
1521
2038
3476
1111
3917
208
5135
5888
6689
4709
2130
3829
528
4716
3257
2186
6326
6886
3777
2311
3774
6365
5076
1950
555
7014
6353
6688
3354
1363
5859
1322
207
3227
3455
1962
6398
6191
1494
5900
3145
6192
1911
5188
3162
1476
1474
989
1471
3905
5185
4789
4786
5174
7088
2190
2328
4675
1452
4783
3197
5328
3656
7027
3622
2584
3620
812
2084
5714
815
3619
2283
6271
2611
419
69
4226
4223
4219
6026
1741
4480
415
1738
1737
2114
1217
4195
413
703
4424
2183
4251
2559
2450
4350
3665
1182
2491
6275
429
1169
4301
25
2523
2527
4397
2166
3630
790
2016
1801
41
6964
3629
6718
1794
46
2557
6098
1163
4420
4489
3350
