678
674
673
6443
6445
680
455
6448
6432
6449
6242
4609
5636
450
676
5168
6247
6436
5927
5635
5928
3749
6244
687
6434
2662
6253
5745
6717
6252
3739
119
5632
6447
4516
681
451
452
6512
5887
5885
4603
457
462
1438
6017
6340
677
5424
6517
3746
6708
2723
4694
6241
644
3748
458
670
460
4069
684
2875
1150
6249
5889
679
3738
759
688
1413
5490
6440
5027
3733
2721
689
743
672
1440
7151
3389
6444
69
4039
5169
6437
2188
3735
4340
685
5916
1694
5639
4063
513
2669
5547
130
5597
1692
2663
6153
5484
920
5568
7156
6439
1959
3019
456
6250
675
1102
671
6328
6005
2310
4445
63
3740
5941
6300
3743
3747
4519
5452
2968
1229
1153
3730
3284
3734
3731
3737
204
6000
4067
928
1111
6446
5881
3741
5727
3072
1066
4171
1415
2386
780
2373
6254
6256
6258
6217
707
642
4709
4744
588
1830
5070
453
6175
248
2666
1419
2674
444
922
117
4604
1265
1975
3105
1609
1611
468
1065
1230
713
3570
5953
1227
1957
3435
1652
1658
5156
3386
3381
7071
6814
1151
536
3285
2182
926
1435
6438
5457
5454
6848
946
6058
2645
3818
2599
7051
6442
6190
73
6221
7153
4361
3018
5417
4567
3286
4575
929
5459
6025
6224
715
4962
4064
925
4111
264
4819
3308
436
441
924
6560
4572
4608
4341
5451
5202
3488
5720
4324
5846
1068
961
4322
5058
6298
2873
2864
1604
2664
1368
5952
3169
2084
1869
6829
6450
6320
138
1214
2660
1800
7005
2967
2199
6314
6007
1603
6427
1608
968
2319
6171
6713
169
1605
6702
2937
683
4561
4606
5905
3825
4336
6090
2868
4576
4125
2197
4112
132
4225
2212
4094
711
2158
6127
1406
826
2725
4062
4060
2087
2727
2672
2070
2833
6276
2981
1602
702
6076
6952
5726
2001
7004
6754
1656
5929
1662
6338
1125
629
230
758
4485
1072
3260
535
4459
512
5910
4900
4905
1160
1162
4916
5407
7017
4365
105
5163
1505
5723
3742
1539
1976
1972
6313
1960
3736
3069
7112
5750
1478
1015
1054
6324
1064
4641
749
1052
5520
3640
1026
3725
7030
2350
4483
752
2344
7084
4562
1434
722
543
4953
4888
1831
598
5119
5125
4771
1840
1916
5165
4671
1919
663
437
1950
6556
6304
1617
4634
6299
6222
1610
2062
2080
6550
2160
6257
6251
440
1650
781
5883
7118
2676
2679
5924
1280
1220
4042
1377
4035
6093
1364
1224
1228
2890
5861
3202
969
3858
5420
6053
6453
3171
2960
3607
2990
6033
3261
5544
2997
4136
256
2655
5447
4330
4350
5912
2463
1164
5903
4381
4403
4211
5888
4342
1808
6815
1063
3330
1695
1014
1714
3334
3071
3206
3265
1680
1212
4838
1835
3282
4748
4673
3383
4702
4846
4849
1120
1154
1117
6777
4404
972
1963
2192
4114
6669
4220
4224
4571
4569
834
4591
823
1465
7018
4508
2349
4369
4453
1482
6900
1432
2180
4075
890
2994
2992
1314
7049
2015
3810
2926
2898
6714
2043
6706
6704
2870
2865
921
907
1580
2123
2719
2998
1190
7169
6102
5754
5175
249
5729
6524
6347
6184
5668
6516
116
6159
6157
5638
5117
6334
6331
6287
6318
7113
5559
5138
6044
6307
7110
6227
5920
5069
6246
5270
267
5880
6554
5227
266
1349
723
2851
4226
4320
2847
828
6095
6078
5301
4551
4223
1375
2892
7011
5501
443
2228
6054
2899
864
2909
2914
446
6063
1376
6927
5360
2475
2491
2502
745
1501
5384
4489
740
4486
2503
4456
2343
1452
1449
174
1447
5418
2289
5329
6167
2283
2282
2668
5446
139
4343
2819
1378
6674
886
6048
1163
1036
1169
3715
5762
1171
3332
3732
3326
305
3289
3280
5680
3811
5679
3694
5915
1159
6792
3455
1101
3537
3539
3431
3429
5862
1119
6776
1123
3400
1062
1060
270
3630
1152
6049
5919
5950
1284
5599
3024
4046
7069
5580
2995
894
4077
454
6042
2986
1318
1322
5540
3046
3205
5604
3070
219
960
3868
6824
7059
3907
6835
3081
3076
6703
5977
3957
3073
1267
6491
4030
6551
3401
6259
1834
1809
4650
6998
1839
4904
1699
4817
2054
5226
1698
6277
1693
7090
1910
6352
6333
1832
2133
4906
593
660
2099
1851
1898
531
2089
1984
1544
1633
1738
501
1966
612
564
2183
4775
2012
4663
4873
6976
7164
4868
6701
4841
3869
943
5973
4844
3106
3160
6711
5640
3883
3920
3075
4845
5114
3167
698
4837
7091
78
4071
1643
4074
2991
4778
4079
2980
33
35
621
5537
4139
4082
5990
902
3010
205
4010
6001
6493
3049
5118
2999
5602
914
3034
4808
1646
909
3015
1285
5656
4884
1236
253
5092
5901
1161
3651
3353
3646
1798
547
1146
1713
3608
6408
5080
3388
5805
1747
1732
278
1091
3490
3451
1085
3710
533
5866
1074
275
3420
1739
539
3432
3867
3712
3716
3860
5955
1881
327
1223
3214
1219
1216
3255
6811
5918
5675
239
3283
5693
244
5907
1696
5093
1019
1833
299
3321
3335
3320
1012
3295
3288
5721
1003
3745
5742
626
3459
2013
2671
2168
6431
7082
135
5444
1416
4357
4570
2085
2169
434
7008
5265
1402
2179
6105
2724
2155
2743
466
5277
2781
5458
7019
6156
4683
2086
2312
486
2156
6196
2561
6185
753
2563
483
2568
2159
6910
4552
6230
4440
1451
4658
1445
2901
111
1559
4659
5423
2348
6233
2088
4563
4597
3480
6274
4256
4252
4602
4234
4704
4229
6284
2217
2040
1346
710
6288
6306
4723
79
2895
6061
4726
701
4175
861
463
447
4271
4642
712
6663
2262
1525
4614
1365
4628
2056
2048
2828
3397
6936
1107
1565
2196
252
3452
3453
2191
2264
250
3327
2195
6908
6260
1751
7012
1103
1489
6897
1733
1697
6790
2286
3350
2288
5882
2221
5900
