4928
5290
1080
773
4926
4924
4920
5671
1007
1868
4014
4515
236
5298
3069
5561
4686
5860
3858
4663
5634
6199
2726
5299
5134
2728
1075
3970
940
3855
2974
6381
3134
5021
359
774
3560
4687
4923
1232
4681
2273
2465
1688
7044
1670
5342
777
1796
1393
3856
785
4130
6440
1212
3655
1786
5918
5670
6462
6846
3066
4599
3604
5254
5410
5497
5167
237
4689
238
4158
3554
5215
1316
7087
3706
4665
3956
6247
2585
3093
4257
3376
4668
4925
2018
3072
3583
2774
6229
2775
6841
1455
3978
3517
7050
182
5508
4522
3137
6532
3810
3816
1883
3850
2884
230
6135
3010
1908
5130
1841
6706
5175
1886
3156
5672
4519
5676
4524
2407
2400
3854
1799
5705
4997
5487
1237
5334
3790
4938
5891
3392
4172
3651
6811
5319
4901
4255
5901
1097
3168
5902
4941
2284
551
4921
3355
2283
2729
1686
3076
7122
3303
6416
6314
5366
640
7123
4703
2432
2484
2930
3981
6693
5160
1721
6775
4080
3969
4709
5935
5135
1024
233
2096
652
1888
6191
6065
5234
1319
5703
885
2298
3152
1679
7060
3094
5911
3795
1681
4197
7057
3799
1481
1849
4706
6198
5262
239
470
23
2662
299
4336
5171
2364
479
7054
2494
6779
5149
346
4760
6623
6887
4868
5925
349
118
4357
3177
2784
5137
499
6288
6654
186
3346
68
3160
4152
205
947
5766
2056
5374
3298
5760
4927
1728
1438
2586
44
3031
4068
4935
3671
5395
1689
4074
6861
3129
3908
5337
6195
364
1723
6350
1794
4011
2720
4385
5243
6883
339
984
5251
5296
5429
4157
4173
4178
2853
4268
4415
6316
1640
901
3997
3199
1334
3797
4651
119
1090
7064
6458
3213
4611
1082
277
3813
4598
3133
3130
2005
3829
5000
2308
4671
3268
4721
3509
5932
5933
6507
3555
1210
1213
5939
3593
7126
649
1235
721
2277
6596
5784
1312
1313
3852
6100
5718
5099
524
521
6671
3051
6390
5131
503
6656
6415
5085
5133
3030
3077
3079
6385
193
3974
5489
1901
1980
234
3916
4493
2258
4506
2278
1747
554
5140
6584
4902
4436
2511
1881
6771
6248
2477
5148
4731
4746
4838
1897
726
6607
2292
6645
6721
1988
6720
4569
5003
539
4596
6731
800
4620
6626
6701
5179
1845
4664
6463
2050
5233
6704
6479
6725
2299
6602
6662
4338
526
5914
5341
5272
3853
183
185
187
6119
3074
3060
3037
6130
3028
5628
1465
5613
2969
1003
5495
3983
5488
3998
6147
4015
5694
978
1072
5709
3480
5907
3485
7144
5938
3599
42
3618
3341
66
3293
1264
3265
3260
3253
96
3220
1094
116
3153
5710
157
6848
2179
1687
2783
5343
1674
5286
2773
2705
6210
6236
2787
4175
2725
2053
4991
3164
1349
6461
1315
2630
6743
3796
3240
3794
5763
928
3782
370
3793
961
2296
5689
5692
3092
783
6204
3827
6086
5704
2028
6640
5008
3822
3136
5708
4344
5717
4195
7061
2754
5728
1311
736
1217
1214
3585
4903
1211
3394
6582
3400
2682
3411
6579
3443
4878
6567
4736
4863
912
4764
4782
4701
3595
2689
1218
4680
617
5258
1126
6598
3661
1260
3632
3630
6647
630
6594
6593
4685
384
5868
5956
5890
2259
4922
631
2397
2009
2460
2940
5348
5498
2945
2948
496
3957
269
5563
2968
1645
6141
2813
4372
4510
1902
2967
6723
4135
3994
453
4088
5406
4407
4411
6843
5421
2538
2529
1854
2526
292
5463
4438
4439
1822
1870
2438
1460
1951
3073
4170
5335
523
210
2429
1935
3866
6659
6778
3061
5630
1401
2434
3081
1983
5080
5485
6173
5228
5484
717
5362
5216
6171
1071
5479
5684
5430
6508
1846
966
2150
5908
2137
968
5041
1739
914
1964
6430
5415
5906
6516
1777
2115
6511
1771
6327
6496
1338
5354
1274
6072
5302
5631
757
5566
5765
6480
5729
1023
6474
6061
1034
6468
6466
1092
5622
1269
1974
5255
1125
5265
964
1031
5144
1879
5867
1049
6368
1236
5866
1814
5967
5101
6127
5850
5721
767
1508
5644
5037
3584
2393
2391
558
2833
4227
2509
2858
7055
6638
6637
6865
4570
6869
2499
575
4624
4026
4248
6697
394
2898
2336
43
4635
6669
7043
4256
2880
3371
553
2396
3762
3791
4795
345
491
3628
2727
2426
2781
525
6819
527
2712
4473
3163
3294
3617
6830
6650
4132
48
4460
2406
6842
2487
2399
2724
4669
4016
3089
2257
244
4700
3590
3418
242
2583
4368
232
231
4707
228
4715
4309
81
4719
3701
3018
6570
6733
4328
3035
3479
6738
3083
197
3067
6985
4380
2739
3971
3977
2287
6591
6898
4678
6899
6777
7041
3825
171
3826
2673
2304
3224
3824
2958
619
5281
2730
4323
6243
6281
5280
369
372
5774
6792
2675
2660
1098
2668
4238
6773
2708
1708
3229
1694
388
4298
5748
393
6790
4303
3219
925
4321
5279
2178
2756
5481
994
1560
4013
263
6092
254
3955
1504
3952
1502
3950
6886
1060
3864
1030
1408
1409
3911
189
3025
3905
5633
216
1442
5674
3087
6152
5466
5440
2761
4174
2779
114
3801
2785
4143
4140
3162
128
7059
959
3151
5367
2830
312
6740
5381
138
4092
969
7053
1607
4023
1601
3819
4017
3759
4346
5185
3720
4948
2052
4666
6614
6464
6617
4645
6624
5885
5882
4992
5881
6629
4610
4674
2019
47
6636
4564
5950
4560
1993
425
5025
1982
2395
1140
4528
6428
3610
5873
6417
2293
4677
4793
3461
4836
4853
6553
5919
6520
7160
5904
4890
3440
6513
5931
2108
3586
6583
2099
6585
648
5936
6589
24
2274
2280
2282
4929
4931
28
6489
734
4705
4526
779
531
6365
5143
75
3292
2493
1866
2503
5157
2421
2528
5170
77
4418
832
1843
5797
5787
5181
6715
5187
1818
3694
436
5214
6043
6736
84
88
4397
830
3876
528
6392
1905
