6453
818
815
4046
2692
811
819
5307
813
5958
2245
6254
1503
5830
6849
1065
1098
454
1068
4777
452
4279
6240
4040
6320
810
6755
6882
1807
1113
5546
4868
2656
6249
4896
850
478
2642
6360
1099
165
2008
6277
1419
1220
1229
4113
6241
5917
2657
4739
3302
6675
460
2243
816
4388
459
6442
2098
5273
1416
533
710
161
4263
4606
6250
607
1207
304
3252
6566
1093
1744
5309
878
1091
332
4102
4967
2419
2738
4442
5835
5784
2417
1066
5229
3492
685
4527
2730
6530
2890
5950
4095
752
4894
302
301
3639
1224
4512
6556
6273
821
1284
1096
2084
2311
2044
1415
1203
4789
973
593
4394
1754
3336
1672
6242
4322
6054
3227
84
4387
465
468
4240
6091
6001
5905
824
4063
4250
5124
3470
489
4552
6159
1791
5866
7100
214
2661
5951
4893
71
5490
300
330
1158
2168
7113
2998
351
4846
6913
1719
1033
2826
2095
6072
408
7136
3330
6708
4159
549
5616
6274
4559
5831
6276
6151
1614
1490
4614
542
5173
6279
587
3992
1288
1289
405
250
4793
406
2074
5912
437
4105
3574
3548
3539
3541
4811
1898
4478
1046
1194
4883
3991
4882
3339
5773
334
338
642
2410
4118
6785
3345
1228
5070
2412
1911
3020
6513
2103
6177
1536
565
3537
2943
1564
6174
4078
828
3496
4069
5842
5888
858
1933
6886
3235
4349
3144
6045
4554
4265
3491
6019
5030
4888
889
2855
2335
3811
6003
6251
1377
4556
2059
6053
5091
1109
820
1797
1125
4060
2141
4880
3335
2937
6866
814
4603
755
2952
6828
583
2646
313
817
658
4776
6209
888
4389
5906
34
4393
456
2239
4383
4691
972
553
861
700
1004
1798
400
6770
675
1035
4356
6516
2820
477
2182
1712
4386
4520
1074
1081
664
1907
827
4849
7096
1472
1662
3570
1223
5547
87
6440
7034
1932
6324
1488
6431
6380
1939
5236
169
4485
5017
3588
3587
3580
2048
4417
5636
5520
2612
5129
2088
2718
2574
594
3534
6394
3536
6265
5090
4278
1963
4222
2990
6169
4443
4219
2750
6093
1470
433
2591
1378
5544
480
1381
6678
1376
2049
887
5881
4448
3351
894
5368
4964
4292
2747
3126
3127
822
38
168
2017
703
5050
6256
5165
6275
4381
4432
670
4637
5614
5420
1978
6146
6803
6110
1971
586
1966
6115
706
173
709
1498
1793
793
2318
2016
510
4047
4262
4675
2337
6746
5036
2341
2935
3907
7140
6106
4038
2011
716
543
4814
6452
5360
3331
4299
2166
1118
4111
2544
5283
3727
2146
3726
1155
7102
5540
4326
3722
6526
2203
4499
1217
6912
5949
1283
2160
1037
1272
3589
2518
6073
5704
4885
1095
6432
3308
5707
2080
1916
6437
5971
3328
5700
2196
6444
2145
1668
3192
2143
6550
5708
3633
1104
2800
6154
1222
2162
6245
5041
1097
2348
5839
6759
1740
3052
4886
3055
6135
4601
1197
1178
3999
5206
1969
6058
1972
2906
1973
2159
3960
1162
5218
1987
6223
1539
2368
6772
1212
1955
1215
1216
1523
688
6269
1613
3691
753
1412
5277
1406
2047
1302
1307
5982
6534
5889
1648
6537
1308
1891
6456
1641
3001
3530
6554
895
1309
6663
2087
3745
964
3538
4824
3764
2241
1331
2242
1370
5139
853
844
2013
1620
4676
1482
2331
5847
3886
1736
4683
3023
4897
1258
1714
1477
3824
2951
1790
6519
1277
5156
1040
1282
6310
6005
1626
1034
3295
3710
5966
5996
6510
6455
7169
2804
4295
265
4150
2743
573
474
4246
4353
4041
4325
261
455
2870
29
4248
2722
2669
4112
5741
560
5638
5750
5749
482
4503
306
4231
4567
4131
2413
4221
2841
2727
5687
7103
4201
513
2828
2651
80
4104
5688
6977
319
2741
520
82
4229
4152
548
5690
6935
4117
2507
106
4382
2662
2481
2644
2677
5934
4737
1414
3829
1621
1404
3499
5122
4064
5126
4291
4298
4557
2745
6709
4946
3859
1645
360
1375
4449
1372
1669
509
6998
506
5599
1087
4230
1070
1936
1073
6356
99
6252
1382
6879
4842
4294
1935
365
5865
5983
1387
4238
3532
2190
6293
7075
2247
1474
436
5464
166
5916
5635
412
4110
5061
5904
4775
4109
4269
5033
7073
6560
2997
6290
2010
152
7064
4097
7062
429
4819
5035
2467
4817
1484
2232
1420
6298
5461
2475
392
6897
2476
5995
1588
5928
2195
2193
3187
2822
859
3188
5746
5883
5731
5927
5245
181
4771
2469
5071
398
448
3715
2595
886
5370
4420
4285
2028
7084
5926
388
3439
32
1180
5681
690
4355
4155
1210
2381
1800
3630
1214
1896
6767
3980
704
6406
2660
544
2771
1910
1720
4914
1303
6839
1716
5174
3562
1181
6172
5582
1204
3961
6101
644
4024
2373
1202
4623
4630
2411
1794
641
4027
5581
6414
1761
4889
5498
6458
5965
2414
4504
3337
4636
1715
4497
5303
2338
606
3555
5691
2082
2857
748
6139
1327
5960
5168
5686
2878
6742
585
3660
5170
6060
3542
511
3885
6948
69
5169
2679
4507
6988
3053
1919
2859
6825
336
723
6066
1152
1226
3997
4039
1782
6472
6395
2933
1227
5040
5230
2772
2113
6947
5302
3000
402
1274
4106
407
2222
4895
6536
988
5288
4502
4440
2999
1486
3071
5545
6538
5909
2231
5284
414
1346
5013
331
4207
4151
1151
367
337
1148
3561
2148
4872
6497
6475
6480
5541
4845
2751
5706
6933
1330
218
3027
2163
3042
4513
962
1354
4224
5326
1089
3725
3498
1064
5356
5005
6454
1198
5496
3058
308
5354
1281
5678
5675
4884
4470
2045
3493
2140
4154
2041
1291
1293
6463
1413
2043
4127
4235
6466
6506
2818
1290
4169
5221
153
1619
2957
829
1938
823
1892
4062
3934
4550
5836
4337
3930
4555
3353
1639
6696
5838
1618
3305
6090
5118
674
6255
4738
