858
852
2337
244
1804
1795
1974
2334
859
2338
85
1790
6452
1801
2333
1374
2335
1971
5950
1806
855
4869
6458
1970
2330
6209
851
1791
1210
1972
4866
1800
6376
3231
1373
5641
4387
6455
181
1794
1131
3632
5675
5382
2139
1013
1960
7043
4354
1258
3651
4863
1996
5186
5054
4906
2232
3279
1997
3653
842
860
5671
4328
2571
1846
89
2057
3638
1138
4693
6497
2239
2393
6135
6381
4383
7082
1730
1560
3112
3639
3610
6095
1407
5234
1498
2318
5841
1378
5674
6352
5489
3270
4862
4238
2313
1798
839
6681
6547
1807
632
2969
5396
4384
4860
4393
1739
4749
5183
1212
1216
5236
4864
4780
240
6880
123
3962
5684
2155
7136
82
4893
1963
81
1975
4213
1793
1217
2813
5167
835
6164
2648
6676
219
7053
88
2518
40
4091
1568
6093
4268
4092
4217
3554
4385
4061
2146
2028
4066
970
4522
1375
3720
630
3553
339
3273
4526
48
2556
1551
4502
6363
1964
6696
2364
5198
1569
6421
6620
746
2142
4575
265
4555
2162
4114
3655
986
853
3701
1219
79
1998
2316
6552
1527
4524
1274
1266
2377
417
5178
1740
1879
1149
6456
3275
5955
4976
3591
2252
6869
3971
379
104
2394
1109
1797
1132
5462
5323
3119
832
4675
1244
2526
148
2516
2397
4267
264
6457
2753
4710
3166
3302
5267
4634
7075
496
5936
2039
4040
1267
614
2339
64
3550
3272
623
6657
5428
4639
4890
5402
6385
6758
1213
2553
3187
1564
6057
4977
5231
3234
6409
6297
5237
3633
5160
6867
2053
6736
4002
1214
3239
1130
124
602
3650
3555
5965
778
3573
4049
4080
1135
4344
5904
4521
1966
4137
6614
2095
4506
4423
3271
6590
3237
402
6424
6541
2539
375
4390
6866
2050
2387
358
1146
6462
2903
1133
4220
3475
2545
463
1058
2722
1115
972
4896
459
2357
120
4043
5585
1554
3912
5893
5897
319
3919
6725
4887
4270
553
6061
3576
4099
533
4738
5974
3944
3559
1786
3970
1897
2582
1895
7166
604
7076
1842
1847
587
6759
5052
850
80
2603
1412
5843
2138
771
857
4905
5380
3382
4963
898
3230
2640
5490
3705
5690
4664
5849
6595
6600
2317
5205
6801
418
2888
2964
593
2475
596
6795
3968
617
612
2528
421
648
5161
3829
6577
3261
6688
987
6671
6692
3915
3238
6698
3917
810
6841
2465
699
3235
6750
2505
4396
6753
6860
6523
4140
867
3918
3707
413
3190
6273
4098
6295
2745
5561
4505
2034
6066
5189
2595
3488
4039
1256
1735
4789
46
6097
4593
3619
5214
1470
3197
6191
3384
1548
5226
4661
3681
1232
1992
415
4908
7045
3194
4065
1409
3630
4579
2735
6392
2274
355
1169
385
2059
1856
4223
5956
7115
1826
1844
4424
128
5931
406
4226
137
5617
1492
2873
1205
4034
6950
4033
3053
1896
5609
2259
1562
1874
3405
1546
5970
1855
4576
6685
6684
1533
3644
4570
1852
1827
6096
6770
1891
1892
6094
2965
3528
5898
1799
1808
2478
2636
1648
6720
2681
6699
1705
5678
6150
1566
6721
6125
3253
1987
974
3479
4380
1201
6425
5184
4386
6540
4699
2656
2056
2651
1166
1270
6433
3825
6503
2391
2098
5173
3160
2399
1092
6463
4691
5535
1099
2090
6442
2646
2367
2645
6655
2319
4561
6650
3667
819
1456
2156
1450
5225
854
5302
4529
2332
863
3703
6633
4325
5351
592
4669
5638
2923
4772
3713
6601
4812
3725
2662
6670
2725
5374
559
7086
573
3049
4177
43
3036
236
235
3977
2552
4132
2511
171
4131
311
143
6811
4048
5090
502
3111
300
4172
3060
371
7078
6844
346
3115
5092
5081
4148
340
535
2987
2499
466
6861
44
5388
6659
1538
830
6453
3911
2744
121
425
419
5235
5582
1935
2573
4076
5033
256
1555
126
3226
1843
3527
5353
7016
1561
3213
1536
3662
2314
3063
241
2747
6177
5915
6678
5360
184
6652
1926
1517
4855
5035
3659
813
115
1872
4294
5229
2938
411
1524
4303
3520
1522
1922
847
3607
4381
2922
189
2779
2798
1738
6553
989
5604
927
984
1724
1659
5242
5243
4358
3598
3577
3578
2786
182
1672
476
1697
1679
6052
6589
4611
487
6099
6100
7059
4320
4093
1046
2594
1828
1822
5947
2767
5593
868
149
150
5957
2296
1563
1027
2294
3054
1792
4233
885
2771
2290
889
5962
3613
1769
453
7061
5968
3885
4554
2417
396
4134
652
6290
654
4266
2382
2071
2720
752
4771
1180
1179
26
2054
5468
6264
3192
47
6737
4461
3706
2035
2032
6732
1401
1405
6748
1211
6298
360
1254
6366
1275
7160
5692
4142
5125
5702
2632
4038
2376
5301
6775
5191
4042
1228
4970
4883
22
4044
3950
634
1220
636
1321
4135
3722
2023
1408
3942
5128
3693
3193
388
5181
3916
4426
7109
1968
3274
734
1136
2493
543
391
748
3117
84
4894
3680
74
5409
720
1991
5386
4808
6091
6090
7051
2817
3180
1222
1475
4382
1110
6178
6309
1137
6868
1626
6109
1014
2287
2612
4891
5182
345
1268
4495
5227
6584
4989
6055
6360
332
4356
6368
2520
331
6565
4785
343
2371
1129
328
4861
3664
4041
6196
5241
3604
6077
1134
6079
1293
185
3723
410
3251
6983
6265
5423
3824
1503
6984
3034
5532
3779
4800
3035
2336
2482
4062
5221
4398
1413
3702
1534
3386
4229
1072
1162
281
286
6475
1410
5175
5176
4573
3168
5359
5343
7018
4063
1139
1606
4045
2802
1025
268
4485
4188
3683
6892
6288
6285
2867
1499
6283
201
2869
6203
1490
6133
2575
308
6519
5171
424
2331
366
2304
5566
3110
6798
3114
4005
5910
3224
6679
6680
1927
6682
7089
2743
6691
5482
7096
87
1965
86
539
2737
6697
726
2953
7107
1961
60
6830
2592
2504
834
4234
