3154
3157
3222
3167
285
3221
3152
5779
3165
3159
283
3229
3796
59
3155
5530
289
27
3791
5536
287
3161
3797
24
29
284
3799
3220
3151
1949
55
282
5532
280
4471
3153
3156
3792
50
6489
3794
3150
4477
3793
54
3790
4831
5710
2436
2472
917
3469
4326
5219
3795
31
3227
1337
3461
1942
6687
1608
6511
6516
3307
2927
1948
3224
286
23
21
400
5852
53
3133
3228
3226
5533
5782
7064
396
5818
4475
2538
4677
4833
3163
5427
1947
1025
4016
3207
1014
3223
110
5817
4412
7110
5551
1437
843
935
6756
5554
1024
6078
3132
5197
4375
4744
1334
4739
6322
2819
288
37
1204
5703
1683
5820
1433
22
4670
4553
6967
6081
52
5816
6686
5535
6858
3903
4112
1026
3160
2994
4990
1339
5801
3744
5324
7018
3196
6370
6486
261
1835
5858
5857
5875
473
6606
6202
5772
1431
2658
1331
6396
58
5474
6200
4708
246
4125
1839
2558
7117
334
1455
5446
5187
338
461
3573
4053
5472
4968
5083
3444
392
6778
395
3567
20
5050
1514
3665
2821
6267
6843
4414
25
6057
4197
2009
2945
5787
5534
4087
1945
4058
6067
5813
4117
4999
4202
1940
6001
4972
6641
2746
1075
4963
2696
4975
5282
1944
6901
5761
5196
6529
6684
6722
5656
3743
771
3256
2422
5069
1430
1432
4511
2362
4659
1549
60
921
51
1833
3467
6754
34
3465
6268
4573
6780
1223
5557
5538
1231
5850
3658
4706
5410
299
6522
2477
1643
746
7003
1028
1497
6997
5310
1233
1641
4838
2825
409
2766
5170
5000
4110
2872
6693
6853
1832
3904
6688
6689
316
4085
1298
6649
6718
5165
5873
5193
1294
1830
4129
5885
6817
6813
6712
1817
4118
1299
5815
398
882
6636
3602
5643
2425
7079
6451
119
5406
5664
148
3068
1384
4815
2533
4323
2564
7088
4294
4685
4493
5550
4610
5
2282
4625
5567
41
4558
1526
4548
5492
4543
5471
4537
4674
960
6088
4736
5280
6065
4952
4920
4962
1119
4160
5775
4923
651
4206
5202
248
4995
6548
3112
4157
2619
2706
1946
2169
6602
6236
6604
5089
4679
940
2742
842
4658
455
4545
4175
2315
4641
6266
1129
6642
4614
6289
874
2885
880
4673
4198
658
4273
2602
5043
2086
5037
2085
2546
5006
4099
5944
2560
6524
2600
4837
6091
655
4870
4700
4872
4365
467
4704
6588
470
4470
6059
474
2828
5057
4453
6199
6475
6480
6076
4875
4364
2895
1714
6932
5516
1546
5613
1338
5814
5363
6938
7113
260
3664
5808
5479
3341
5802
1758
5636
5644
3902
3069
5792
6909
1786
7089
2991
6903
6899
7111
1296
1291
235
5286
3878
5343
33
1837
3134
1838
6958
1719
3381
5766
5747
6779
6003
4701
3259
4457
2704
5718
3652
4703
2535
3739
5212
2534
4146
2731
1315
1698
5189
4126
2748
7005
3162
7002
2566
6447
3852
3732
4836
4293
4819
4291
6000
3188
2165
1124
131
7061
4732
6163
254
5234
6589
3116
6948
1717
2120
4904
1080
4372
2102
4878
4797
1095
1404
2479
6046
6773
6923
4879
4710
1327
4420
4964
3191
5669
1401
3663
1716
1396
259
6045
6964
6774
7010
2401
6366
3922
911
1836
5053
1905
5126
38
5807
6372
4539
6377
5046
357
3915
6719
4541
5881
2949
5822
6820
5823
4546
374
1209
3468
2876
5161
5812
4644
913
2943
452
4478
5879
4542
6758
7134
7143
6281
5788
6413
6231
2191
2997
2288
2775
12
2194
1809
2988
7115
2204
4491
4613
5008
5971
5539
4681
3400
2891
6287
4834
2552
3414
6500
1045
5338
1019
6508
185
2088
6504
3459
916
1478
2260
3180
4329
2291
4333
1684
5537
3201
4632
4798
5725
861
4642
6360
1389
5388
6456
764
7127
5654
116
81
2365
111
2424
5385
3311
6228
5424
3576
5445
3295
6221
7114
6224
6425
6225
1439
5606
4533
1406
4376
1015
63
4653
1651
5488
731
3346
7044
6173
5452
930
147
4711
6484
6482
67
7058
4417
4707
4538
5465
4712
4697
4847
6521
6887
6884
3008
1943
2759
2999
3028
5785
526
2769
6685
5180
5004
513
6682
1301
547
7008
1128
6919
293
6917
6008
4994
4148
6005
4996
4139
4997
1308
6645
1304
3044
1814
5929
6700
5920
2860
4022
4021
407
6752
439
1238
5853
5149
4000
5141
4003
1236
4006
6772
5825
6626
6796
6727
5034
3906
1908
5166
5805
3919
5810
5055
478
2939
472
1825
2931
465
6818
6814
3075
6648
2874
2068
1703
6621
6933
4191
6570
1332
2597
6573
6966
6939
3733
632
1054
6580
4274
5285
4846
6605
3096
236
4248
6611
4938
1117
4162
6925
3798
6609
675
3746
1330
1756
2567
1692
265
591
4647
4645
5489
4816
6086
5715
5752
4650
5876
5289
6261
5064
2080
1870
4835
5305
1693
1229
4832
5133
1685
5563
1224
1697
4640
1239
1220
5574
6264
1037
910
5743
1681
5522
5859
5821
5811
4973
1715
958
1941
4922
4924
4737
5365
6222
6052
4928
5440
2160
4689
1399
1106
1318
4960
1400
1604
1111
4991
4974
2121
5321
2184
1392
1191
4665
1666
2036
1454
4671
5890
5039
2209
1180
5030
2023
5800
4790
2196
6240
2195
2019
1805
5186
5949
5281
6073
5542
3118
7022
6788
4410
3727
182
6792
6794
391
4397
4392
204
4391
4379
216
377
4371
601
3186
222
3975
3981
2411
3234
6775
2415
7042
4242
2419
2697
2911
3668
4472
6624
2435
2443
2692
3984
405
3190
3662
6963
3940
3072
6912
3061
4193
4276
6543
3898
4205
4211
6578
4223
2985
2614
6568
6893
3025
4226
6528
2935
4178
3079
3748
2529
3749
237
707
3921
3917
4330
6603
3777
2542
2543
6934
3789
689
3916
6927
6520
129
3218
128
7121
2308
2344
6646
871
453
7160
3546
3401
4029
4057
4064
2708
6723
4080
3455
3363
2301
49
