6464
4195
2586
4025
773
1064
4021
4028
5163
3885
6461
1516
5162
2254
3511
4774
6320
4717
4214
4020
4029
2831
3241
3560
3107
951
6474
6496
6466
4776
3480
6469
5921
2520
1937
4258
57
4001
4666
1066
778
4023
1547
1919
5223
5170
3243
4027
3245
955
649
2480
5558
3489
4779
6562
5631
5204
5698
5625
1932
4621
6462
3945
1927
1934
4910
4662
1353
2443
6377
4782
2689
6715
4057
3240
901
5189
1910
6520
2782
1917
5447
5070
5258
3776
3328
6979
15
640
5172
5168
4259
7126
2240
3171
6944
5634
5438
2266
6119
3244
2263
1930
136
6584
56
2285
4989
5435
6916
3928
6379
5437
5156
3941
5439
3770
5568
4255
1352
281
4192
2759
3160
1065
469
5134
1475
4022
4760
6292
3485
954
4624
5222
2836
6123
3319
4059
5337
3387
6568
5931
6114
5336
1068
2273
2449
3942
5151
4794
4331
3039
344
3043
5157
4055
7120
6677
2484
3162
65
6398
4024
5565
2003
3248
3101
1916
309
3518
384
2491
13
1074
4599
2271
6947
2834
2123
5018
4669
1358
5139
4667
4026
2258
6972
5810
6900
3134
19
2757
3106
2250
130
2161
2487
5326
6780
4198
2965
3764
2495
953
3847
5648
4151
3844
6819
2501
2975
2507
6814
5434
5080
1537
4189
5395
6468
2162
1069
6463
3103
2437
5891
5144
5339
4125
5945
349
4713
2906
11
1340
6234
5333
3000
5146
4153
2749
4157
5995
6914
2441
618
2745
752
3247
1911
5692
6115
3299
2786
6890
1278
4983
4051
6526
6902
5441
6852
4217
1359
3385
2762
4056
721
2753
5797
2121
5186
5185
6908
1912
6235
2763
5607
5567
6948
5431
2505
5486
2498
648
4687
3838
4484
959
6378
2615
2283
7062
7123
4454
2904
5330
3947
1073
5630
3940
2680
932
1935
5135
5508
3095
1936
5864
6182
969
4888
4277
5268
3476
5699
2729
3484
642
5633
3030
52
1098
2458
5642
2255
3762
2790
2832
6129
5866
6673
3249
3810
3814
3771
4427
1575
2278
5793
6522
5836
5803
4506
7165
3334
7141
3330
2835
467
3031
1928
3834
2499
4152
2583
1477
2276
7108
1706
3312
90
3315
4485
7071
3883
5158
5432
5166
463
6124
5966
1242
6925
4074
3986
4887
4052
540
1357
5791
2900
4691
1355
2903
2270
6347
1354
5319
6894
2055
6411
4591
1004
6928
2295
6930
3475
1758
4857
6430
2361
3481
5537
527
4851
1094
4252
6976
2000
6995
4854
1121
4715
353
2685
3549
5332
5502
346
3587
5780
4333
5940
5045
2686
6374
3588
4664
6924
5783
4367
1901
4424
5562
4257
6743
2838
493
4514
1249
4428
2272
4411
2968
2282
6785
2286
6117
6589
6671
1255
5136
2264
4339
6023
4360
3164
2269
3225
4858
2830
3917
3597
150
3918
4718
4710
2682
180
3948
5331
5328
3541
3916
199
4194
1076
5811
5311
4882
2083
6961
6957
5924
2720
6416
3483
3540
2730
139
131
6240
1931
1933
4855
4850
7145
4842
2554
985
2559
5505
3833
3910
69
7099
7085
3873
2493
7063
1978
2620
5865
936
3622
6191
1834
3859
5271
5569
2444
5539
4054
421
6471
815
3313
6460
6490
805
4661
2754
4146
5681
3327
3364
4636
1322
3362
3337
3339
772
2792
3326
3444
4651
3306
5717
6931
3474
3290
2213
3472
6926
6813
1376
2117
5935
2748
2120
2114
2556
940
5560
4759
1198
6500
2971
629
5112
956
5102
962
963
6202
4841
1003
647
4859
6221
4875
759
5107
2446
4513
6127
6533
2751
2688
6380
2901
6184
2712
2681
2743
6412
1091
2742
2725
2740
700
6112
6566
4707
682
4712
1197
6120
5759
777
2788
2787
5639
2483
5749
1812
4519
2925
726
1128
4602
2910
4714
2492
4702
5829
3008
1639
196
6985
2043
1295
2230
3934
5694
3246
6999
7168
2029
5986
4216
2187
5342
6903
5990
3912
5869
1453
1631
7041
4254
5867
7044
7049
3177
3173
3880
7024
3320
3538
5902
3446
6898
2297
5672
6918
4101
4122
342
348
5238
3390
1343
358
6938
3383
6943
5588
6977
6842
3529
213
383
5227
3879
2159
6954
6953
239
4006
5232
6951
5228
3646
3605
1247
1472
4406
6035
3860
3836
3036
1700
5851
7142
3018
6618
7110
7091
2281
3088
6027
2262
3071
1688
3015
3773
3818
18
5824
17
51
4008
7147
3813
5534
6392
3985
6409
3989
7140
2711
6220
3504
219
5503
3871
6419
1870
1929
2750
1368
4856
5933
3750
6927
2111
1105
3775
4680
1381
2521
6934
4852
1385
2732
3777
3482
7149
1022
5275
1387
2097
7148
6950
5912
3829
3526
961
140
1449
1062
1511
1060
5872
960
1471
958
3863
5399
931
1840
7087
4790
1980
3887
7060
939
5401
3881
5860
3661
3656
5526
6389
4720
2005
5436
3819
2562
3649
3539
198
7122
5846
3964
61
3562
2502
3938
1722
1517
899
1926
1042
967
5413
2497
903
3589
7009
1925
5876
5939
2764
4053
3187
6550
1906
6111
4574
6556
1164
5696
4290
692
4298
544
4332
5042
3166
5443
4251
6531
2243
1284
4213
2839
4981
6527
3210
4218
1279
1755
724
2756
5988
2247
6528
4980
6719
1246
3038
2288
5133
5085
5131
5570
1900
641
5704
6615
3012
3011
5113
3009
2984
2909
2967
4488
3100
4528
1765
1243
6577
6582
6022
3077
1239
1188
2280
2948
5708
4395
5048
4193
2849
5575
1327
1328
3351
6128
4141
6864
373
2152
784
2785
6467
5237
3376
790
364
4928
1126
5778
2425
4924
1341
4921
6875
5245
1914
3401
6885
1351
4077
3340
1140
505
5691
5153
6810
412
4618
5159
6835
4979
1601
6841
4880
1151
1233
5500
1300
1120
6025
2482
1192
2207
2511
2246
4982
1189
2129
5254
5831
1071
1108
1903
1495
6028
6230
2119
5944
1379
2481
5792
1113
2287
5130
1388
5415
1277
2358
5277
1081
5918
2157
5012
6189
5909
6116
1168
1979
5999
