6461
7127
4022
4025
4029
4192
4028
1547
4191
4196
4198
5891
4021
4020
4877
4759
5258
4195
4027
6467
6469
4194
4193
6460
6464
4026
4258
4259
4878
65
3107
5747
1121
5698
3810
2586
5625
4872
1188
6113
1935
4190
5690
6995
1934
1932
6918
5163
6500
6504
4870
6486
4969
901
7063
6825
2711
779
5699
3782
3469
2738
396
3095
3562
5237
6701
4876
7112
3330
7041
4715
4416
5222
4130
116
2900
5183
777
3625
1937
3489
4875
6131
2965
4199
3535
6490
2528
5181
6195
955
4024
5151
1262
1367
4324
6204
734
1368
6078
2904
1126
778
3225
5769
3544
3011
773
6115
316
1722
312
1786
4641
2056
371
4362
4365
5761
5749
3010
3913
6932
5725
6466
3177
3878
293
5228
3825
5439
6521
4536
2880
6632
4524
2742
4844
5644
3338
420
27
934
4125
2710
6028
5801
1128
3928
6132
4157
1702
28
6123
5223
2325
4920
6735
2620
5575
6086
2745
5692
6390
3520
350
2308
6527
6308
2655
3387
5186
6128
4367
4879
1936
4484
1933
4710
6182
786
4023
5188
2052
3340
1364
5740
6357
4254
1198
5588
5631
1838
3531
4503
1072
3560
4712
6119
953
2258
3173
3877
3320
5410
5298
5047
6462
1192
7136
3902
6522
322
5940
4664
2207
4669
6826
5573
950
6900
5959
6830
5739
1269
6947
2437
5196
6301
2446
417
6484
1811
3764
1927
6292
4368
6287
4766
4366
5785
6599
3013
1930
2357
811
362
3075
1453
771
2759
4837
4591
96
424
1264
5671
546
4727
5694
6588
111
5716
4453
642
4871
6835
6492
7126
847
6775
6114
1024
6081
3627
3870
2096
4736
6579
3323
2175
6046
2229
6776
1721
3858
4928
2909
4668
618
4665
4135
4054
6507
1980
4411
4650
2721
2747
1433
6927
2749
5885
4475
2376
425
3151
3339
5647
1204
4500
979
4420
3118
476
3597
3290
5774
1334
3016
5787
1920
6963
2448
5731
5728
2425
2997
2519
2522
1257
6191
4008
6908
927
3389
2940
6465
2782
960
6857
6867
2259
2570
3830
2282
2945
4974
6885
5421
139
6398
1191
3611
6647
1180
1900
399
4618
5486
435
6146
3385
6891
248
4965
6634
3502
481
469
1025
6613
5012
6633
3490
1340
5199
6307
5741
5759
5790
5792
5808
5810
6214
6211
6202
1261
3752
1231
1216
6185
914
3604
5944
5951
6136
1129
962
1117
3689
1108
6127
5990
6112
1049
5693
1779
776
5640
575
2898
1760
1750
1747
6566
3529
5272
3856
5299
6508
5319
1635
5351
5354
3834
6485
675
1600
5373
700
5434
5470
5475
3168
5555
2966
5576
5628
759
3935
5063
6846
6780
7128
4532
7091
76
6994
3951
2772
4216
6821
4874
4662
6952
2257
3329
4605
6850
397
6832
6976
2712
4873
3358
6727
6834
4361
2603
2223
299
3318
3381
2119
6913
3436
215
349
426
232
3441
2828
4124
4886
2653
2672
4729
230
6916
239
439
6706
3353
337
7141
2515
3375
2746
6829
2720
1633
1322
1226
137
650
3132
4721
3595
309
4661
2510
2191
2195
3972
5811
4666
6531
1701
5781
124
2732
2491
5642
3589
3411
5846
2533
6502
2523
2933
2342
2480
2423
5714
6897
3579
1409
3542
241
5562
6336
3363
6931
1514
2967
4454
2748
780
2968
772
5633
6914
5637
2350
6358
6326
138
2302
1384
4360
6982
149
3009
3261
6472
1603
1601
4277
4611
3981
2443
6303
1366
3581
5413
6435
2948
4403
1376
5429
6941
2427
6937
1754
2178
1153
1854
419
5116
5119
421
5121
957
422
4197
5995
5136
7085
428
4885
3319
7081
7140
3100
403
1164
7129
2039
3332
30
497
2638
985
5016
5014
989
1095
6723
5002
2623
967
514
5988
412
515
5072
4257
5087
392
4863
6715
5935
4214
982
4752
1773
3328
6589
3859
3337
5903
6088
1038
7062
6592
5200
2145
3443
572
4251
4924
3662
2005
4061
6152
6614
3871
2679
7060
5157
3609
2847
5215
6056
4223
2899
7147
4226
2102
3043
6911
3066
2426
2743
1032
6125
197
6331
2650
1428
1004
6107
4419
4406
4471
1021
774
3090
5665
6087
3790
6933
5989
6347
212
7052
4369
6312
6143
3018
3019
1300
2489
2492
6225
3756
6997
3044
4227
3753
945
1274
4327
1266
2728
1197
3034
2531
6190
3342
7068
1200
7051
6184
2501
3015
6268
2483
2637
2695
2741
2740
4150
4151
6971
6974
1122
968
1357
6975
1352
43
3315
1338
3312
963
6985
7093
5768
3134
956
3587
951
3335
1147
3624
6910
3223
2355
2212
1688
2214
1674
2215
6511
3850
5323
5080
6828
5079
5326
512
5341
5347
1632
653
1605
1609
5037
2939
290
1886
3944
3538
5363
2238
3260
4653
297
2055
5166
320
3465
3206
2902
545
592
353
2887
4723
1739
3965
358
6590
576
574
2814
2123
2815
3903
5141
1731
2211
2910
323
5266
4667
5265
2179
1841
3530
6777
1835
5139
540
758
616
3906
6639
6894
711
2030
1973
228
1537
479
4531
3549
6373
1942
470
431
6394
4976
4506
467
235
4975
6708
434
4935
2826
1964
5587
1974
4881
3930
6380
1478
6700
502
498
6648
2270
4902
4567
5473
6454
1903
2285
6438
4565
4549
1918
6363
2046
1575
5435
6685
1823
1830
5143
4782
5932
2591
1163
4904
5916
2587
4836
2689
3707
4921
3050
4888
1105
2882
4205
4145
2049
3885
2628
2701
1104
1123
3684
5007
3940
1926
1929
1868
4137
4883
2023
5099
2648
3910
5957
1839
4839
3696
3922
6063
6070
1831
5946
5177
2525
2118
4002
5509
1407
2311
5481
5718
4537
4539
4541
5569
5436
2433
2435
5399
2283
5375
1362
1359
2261
5371
4542
4408
1519
4509
1471
5634
5649
2360
3803
5660
2344
3805
5593
1442
4477
2386
2750
2343
3795
1436
1504
3794
3938
2989
5691
3979
2894
4636
5748
5820
1249
2527
1735
5844
1737
3039
5865
