6462
6468
469
6463
4760
2495
5133
5864
649
4687
5865
5139
3814
2492
5868
4197
2729
2497
5172
640
342
3031
5869
3036
2285
5860
5135
3489
3035
5130
6819
5254
4719
2728
2507
340
2499
346
2498
2283
3039
5567
5932
2490
2774
912
7122
1455
5170
648
2726
4833
4715
646
2162
2287
343
348
5137
345
5863
5867
490
5866
5134
3032
5933
3819
2273
5931
3240
2493
5131
5569
3030
5136
344
7087
5132
3480
349
4684
347
1094
3297
4714
5415
3818
4152
2722
5908
5919
3585
2280
5562
5565
6719
6810
7123
1090
2529
5634
6671
5185
724
5245
2288
4157
5939
5936
5935
4717
3813
2034
4680
3419
5918
1453
4887
553
6161
2494
4711
4831
3223
4713
2725
2281
1097
3816
6464
2282
641
3187
6095
4686
3916
4718
497
4454
493
2751
4169
710
6399
5180
2727
3037
3034
3033
1393
5138
2504
5236
5902
2033
4778
4533
6816
4247
81
4252
467
6713
6995
4693
4664
492
1897
498
1849
4524
2313
1099
1353
5143
5364
464
5937
7147
3188
5904
2831
5561
5861
3811
2296
28
495
5181
2720
5508
6259
3563
25
2255
3684
4922
6712
3917
5911
4179
4929
4001
5337
645
2210
4150
5560
1451
5334
2685
5183
5080
1044
4935
3762
5909
3702
1429
7078
3560
6327
6150
3810
290
4151
4216
1891
5155
2597
6814
1370
6431
465
5639
2037
4749
1878
3812
4014
5900
689
970
4033
901
6257
4650
5563
4539
4011
6092
856
1784
652
4590
1550
5145
341
1951
4064
15
22
309
6240
2491
2039
5235
2756
219
2462
4251
4166
84
5934
2188
722
2203
4974
6813
959
6743
3911
1514
1563
5331
6415
229
5778
5189
5797
6322
1970
2289
4420
2682
3158
4205
5630
414
6108
3686
5980
647
5333
5332
594
2971
3015
5342
491
3853
5175
3569
3850
3241
5410
1166
5901
3182
1168
499
5970
5487
353
4531
966
6466
4652
5112
1961
4667
6374
7076
6379
4669
2724
7074
7070
1013
4886
1986
60
6818
68
4759
4748
2673
4159
715
6894
2586
4246
4168
122
914
6770
4221
2934
2931
2925
4891
4536
2923
4895
4012
4487
4941
6209
4599
23
4043
6482
2825
682
6239
4847
964
293
2759
29
150
124
3378
1560
4740
6726
783
453
4842
3247
2272
5330
1564
5820
4230
2949
6891
3598
3621
3622
871
4463
3583
3653
3661
24
4630
496
6859
1900
7120
4645
4651
551
2018
4689
6998
816
4257
2035
2107
4437
832
4885
3225
3199
2591
2648
2664
4153
3968
2674
6414
5188
5186
6392
6390
6020
3135
3097
6362
5116
2935
656
6191
6103
5151
1392
4979
1024
686
2779
642
2754
6049
2753
1397
4978
378
1511
421
4888
4200
4195
413
3858
985
3915
5916
5615
4170
4178
4934
3683
4154
3817
5262
5141
4460
5144
5148
4594
4467
4910
5564
5163
884
5568
4567
750
4849
4534
4742
3919
963
5344
5414
5339
4691
5171
4963
4131
1110
4682
607
4383
4959
785
4229
5182
5179
700
5343
5100
4227
4189
569
1081
4074
4779
5504
4972
5880
6255
2198
97
2180
6474
420
2965
6892
1258
3253
1354
2545
78
2936
2932
6985
2409
2026
2022
5810
417
307
328
5906
6632
5987
1291
6697
6013
2487
6722
6741
188
2500
3220
402
2773
6521
1274
6744
2258
1343
5910
6823
6199
3177
1959
3508
1958
1938
7125
5640
1838
6368
2746
6442
1875
2734
16
5671
281
1852
10
1390
5638
1841
1379
239
1960
6440
2608
2688
2880
466
1160
1
1456
1740
2486
977
1519
2761
4921
173
6619
2480
6585
4158
5103
4088
2510
699
6376
4093
6471
3610
2542
723
5064
6413
1460
4163
1471
6366
2569
2706
2408
2017
2011
4360
1993
4681
7056
831
7060
4411
927
1962
4665
2019
7088
4654
4639
1924
4637
7137
1679
26
1686
1870
1857
4489
5
4661
2412
4692
938
2405
2318
2298
969
4217
1561
965
1568
961
772
6740
4799
6993
4794
2213
2205
2200
6886
6890
802
83
2108
2083
4710
4698
812
6742
4782
1723
6251
5366
5813
5360
3303
5822
5862
5881
5882
5899
3245
3852
419
2775
5271
5927
5928
3918
3190
5252
3942
3185
617
3948
3950
5983
3385
3969
3387
5406
5601
5642
1163
1165
5660
5663
1169
3579
3573
5701
5703
3558
5526
3555
3554
3726
3517
5501
3491
3793
5492
5486
3444
5783
3401
3389
3972
3887
667
2829
2863
6023
5146
6069
302
654
643
6097
5157
1344
2920
5165
2924
650
6215
1043
6164
6238
1399
1298
3976
3161
3641
3470
4416
1808
926
1965
4026
3624
4019
3410
1799
4365
1974
4525
2592
4167
1161
3358
2560
4312
3418
2598
921
4423
2820
2818
3678
2814
2835
4440
1850
1675
1394
4048
1373
1395
4492
1927
3511
4081
4429
1458
4427
2900
3766
2901
3173
940
2030
1575
3912
3222
2284
4187
986
3207
1518
3137
962
4191
1569
1304
3184
2292
3180
3962
3179
2371
3170
1537
4207
3970
3178
1534
2466
2416
2279
1490
2278
3877
2944
1231
2464
1236
2966
4253
1237
2511
3296
3267
1252
2161
3246
4250
4172
3851
2163
2182
1091
4245
4241
1505
4236
1089
3224
2201
3854
2271
1151
3584
4624
5069
6323
5118
6234
6225
6219
5055
6218
6208
306
6194
6158
6131
6125
6210
335
5045
726
6680
6670
6638
4841
4845
4864
6363
6634
171
6586
4938
228
236
6394
6618
4747
6094
358
5338
5341
5792
5407
478
5497
5875
5772
486
5694
5690
5543
5557
5610
5730
6041
5323
5896
5184
627
6027
6016
6015
609
5322
5265
5990
382
5272
5274
5930
424
5991
4746
5558
4741
86
82
6999
66
7017
839
7054
4662
4653
852
854
4688
857
7133
27
19
7141
7144
11
8
7165
3
2
4538
7108
6827
42
6815
6811
3235
7138
3243
1260
