6485
6500
5213
2102
6490
6576
6492
6484
1154
6508
6470
6460
6486
5761
6504
5217
6467
6056
1122
4199
6487
6473
1123
6373
5214
2587
4193
4192
6497
3471
6475
4198
5218
5207
4194
4190
2883
5216
6481
5088
4958
2489
1120
1121
869
6469
842
4196
4191
3902
7044
6735
2106
3290
2813
65
6032
6489
56
6480
843
4872
1146
6971
934
3147
6357
5843
5981
6028
6782
5767
6482
1300
6488
6509
1041
2521
2308
5215
3964
1570
2343
5039
3904
5212
3112
41
6657
2459
2811
847
6875
1126
2256
6621
2105
6756
5871
2582
2932
5747
4026
6976
1129
6687
3096
1510
6655
4633
3381
1127
3940
923
3846
1727
3488
4463
6767
6507
911
6423
6688
1298
1780
1209
4784
6550
6495
1519
6652
1152
2522
2427
2896
1922
2525
5201
4351
2746
2530
5759
1291
1622
3909
1045
1307
2815
35
6570
2520
6425
2937
118
542
257
6682
5849
223
6653
5684
863
93
3228
2300
1042
221
2104
5087
924
4636
2655
4580
4363
4287
3159
4285
442
396
915
6021
2580
6748
3227
5095
2749
1305
3020
3777
3665
3619
6619
865
6465
2888
6557
5642
859
1299
3387
6612
1783
523
5509
3668
3796
5815
1362
5666
5405
2453
3379
6483
5211
6078
3907
1334
828
7152
5468
4298
6347
4549
6574
1269
5668
4536
2370
4678
2818
6600
4893
6595
5079
2334
6618
3001
6975
1132
4877
6631
6351
4875
4870
6361
6639
6590
4820
1167
2333
1198
4772
5768
1040
4727
1137
7159
811
6289
1747
6150
3278
6047
895
6055
3380
113
5891
2394
1515
2571
2524
6059
6062
3791
3360
2471
1821
3926
3908
2211
6268
5469
6283
3860
1811
1369
5892
4471
4490
2741
6965
2100
850
44
6894
5190
4532
829
5730
5298
3383
5964
6421
5317
921
1770
2109
540
6592
5077
2405
2383
862
1011
2519
5617
6548
810
5127
5677
2124
815
1037
2584
5350
441
2527
2074
1047
7059
2450
4951
518
5737
3302
1516
1848
6057
1483
3262
3261
3235
1536
4195
4
4265
6011
4291
4292
4296
1095
1415
2307
184
1543
3961
3474
515
1781
3487
6867
544
3507
551
3621
6836
3795
3830
3863
6110
6104
6064
1586
3946
3364
5962
4375
4299
6718
1289
1288
4377
5842
4777
1188
6970
4789
296
5763
3026
1153
6979
77
4879
131
4920
4924
4940
2311
1912
4541
1935
4477
4479
1364
4461
4432
1901
5872
1366
5963
5523
749
5959
819
827
6153
2310
5951
6036
6039
2348
5587
5910
702
694
5515
5834
5588
2355
2312
6116
5584
3388
2379
3277
1861
1879
4234
4261
4272
4295
4327
1416
1390
4384
1365
3153
1332
1308
1301
4535
4124
1296
4117
4102
1785
3481
1778
3506
3568
3608
3616
3689
3886
3889
1814
3906
3924
1531
1530
3333
4075
4104
1293
4563
4569
5178
5180
5205
2742
2677
5257
2642
5309
2634
2631
2583
909
2167
2457
2426
2244
860
5176
5163
5158
5100
4583
3045
1264
4688
3040
4770
1192
1178
5512
4808
3007
4876
2030
4943
1085
2817
5081
5092
1151
4886
7169
6708
6601
6799
6602
6255
6606
6613
322
6620
45
6786
295
291
6654
6680
6681
6974
449
6714
76
6586
353
6638
135
6850
6874
6918
6534
5769
1517
1511
3589
6774
5714
3567
3552
6762
4138
1470
6739
5731
6737
762
6873
1443
222
225
226
4321
4324
4326
6740
3612
3959
3881
3896
6812
3797
3905
3785
3918
3782
3708
5762
3707
6362
4011
3699
3923
4330
6520
3931
3623
1574
1572
152
6785
180
3956
6838
229
6788
1399
4883
868
6603
4964
6477
5070
5071
6572
5103
5425
5165
894
5177
365
5372
5202
5208
906
5219
967
5237
6498
6530
5269
5271
5276
5312
4839
6640
1155
4822
1392
5612
1385
237
1368
5593
5894
6689
4484
4488
1320
1306
1303
5643
6683
259
446
1294
6675
1283
822
4677
1226
4752
292
4783
4802
4804
6419
5895
925
74
47
2576
2979
2982
6026
3016
2535
1936
3048
2533
39
2523
2752
3061
32
6172
2513
2505
3146
3152
3264
2970
2967
2933
6981
581
2730
6081
2072
6099
2723
2765
2779
133
2838
5977
2036
2027
2877
2101
7022
568
2107
7046
6113
6303
2918
2847
2438
3053
2748
1854
2417
114
2259
3367
5957
6192
2344
657
2247
2382
5928
2434
7124
3362
7130
5927
6314
2414
1829
6326
2425
7140
2423
2645
4785
1
930
2357
2673
1292
7015
6679
5241
4728
4715
964
6522
5273
5288
2686
4588
1263
4597
1268
4586
2681
275
4581
283
2695
4642
7164
5253
7136
284
5108
4826
2517
1093
6559
2512
5114
5110
5109
5012
5017
2488
5047
1069
2472
2201
2446
1039
2217
6607
4932
2420
6611
1158
5236
2602
7051
2304
6541
992
5209
7047
4854
2387
2389
6632
1128
6622
5196
5194
1125
6633
4828
3390
2757
3865
3880
1625
3281
3899
3900
3901
3903
1614
111
3276
3275
3252
3919
3233
6938
6939
3939
3224
6947
1573
3113
1569
1661
3790
1850
6837
6888
3478
1786
136
6878
3486
6907
3370
1771
3559
3366
1567
3601
3625
3651
3654
3669
3671
3678
3686
3356
117
1842
1845
3617
260
1562
3064
4361
2002
2898
232
4373
2022
6727
2025
240
6710
4467
1339
2788
2070
4524
6686
4533
4534
1309
6685
2759
1304
1302
6731
4334
1413
2001
183
1537
185
4015
4016
4022
4032
1518
6973
4101
1493
97
4115
6757
2976
2973
4263
2966
2934
224
4311
2926
1999
2000
201
520
4333
6089
5529
6184
6185
746
5416
6087
6209
6210
818
5940
6211
808
658
6370
616
5710
5586
5683
5682
5897
5404
575
5944
6424
5766
5484
6456
5984
861
5493
5497
5499
5758
558
431
6180
5479
6317
5473
513
5517
5738
701
6429
5723
526
5836
5490
525
6339
6035
6234
397
479
5896
5847
5514
4773
1576
1203
