6480
5213
5214
5207
3791
4678
3797
3796
3152
5766
6570
5761
5217
5033
6487
2813
118
6500
6488
3792
5512
5124
5205
3793
5202
2883
6576
3629
4677
6470
7074
2817
7044
4597
5469
6509
5511
2547
5710
3153
4276
3227
4372
6571
225
3795
5212
2811
5312
5718
4709
2300
5510
5046
3794
5215
3790
2658
6485
6482
3617
6486
6324
6508
6799
5216
201
5201
6766
1075
1192
6575
5318
5218
4376
6515
4253
4377
5841
6864
6489
5251
5712
2445
5211
3612
2911
6549
6767
5773
4326
4375
4928
3785
3789
5304
4920
4675
408
284
245
6061
2602
2919
2509
2504
594
2501
2471
6504
6210
6782
6289
1952
6484
6625
6574
482
6079
5870
3156
4373
5253
3780
4707
5849
4383
4596
5613
3119
5616
3799
5142
5117
5518
7106
6513
5429
6557
4371
6490
2917
4698
1118
200
6812
751
4737
208
24
6970
4816
392
7064
1334
6471
6507
229
5835
2540
3229
2562
2619
2451
6032
2782
3155
3610
3091
3151
6371
3621
3009
1901
3623
1924
3619
5180
2916
2912
275
6075
3220
6866
620
6899
299
4772
473
4688
402
397
376
4927
4676
3624
3410
6475
3625
3719
3788
1953
5519
3616
6503
5516
2931
5497
4128
5477
4672
1478
2396
2398
2420
3576
5299
3473
6586
1339
5760
4638
1861
4659
6653
1437
1236
3584
7103
7162
19
223
27
81
82
2450
3387
2429
1868
4415
7042
6572
2459
4739
3782
5763
3238
2419
3004
2766
3239
768
6019
5781
2397
5833
88
4088
4775
2165
2166
2765
141
5165
3515
6548
4674
2585
5643
928
6768
4696
2632
3450
6765
3452
5126
6760
3025
112
2533
4924
3161
977
6045
1407
6978
5662
4921
6740
5464
5122
2003
6081
1511
5764
3567
274
6857
3348
2307
4321
273
5786
4514
1914
1717
4488
1954
207
2240
5578
5703
4616
2910
2333
6559
4719
2472
5259
1553
7024
934
5672
1310
5248
1439
5875
6566
3781
3481
4614
6038
3848
4370
3426
5473
6076
5584
6481
110
5203
108
1534
878
2214
943
3165
5541
5577
400
3457
3451
3420
5920
1531
3560
7086
3471
5768
6381
5848
1417
6430
5767
770
1712
2163
2355
1113
3110
2358
202
5834
2394
5987
2788
1331
5232
3381
4234
2
2915
2974
3603
3005
4018
278
6604
5206
1154
3628
3786
5479
3787
78
6479
6845
5989
3298
6620
5792
4511
4587
1959
5623
774
5038
3388
6411
920
2169
150
3453
6875
3444
3550
1433
3092
94
2913
6319
4279
6784
2837
6542
786
1589
4744
3573
3627
779
6021
2761
2855
1560
765
5219
3514
4773
3602
204
25
6867
3024
4701
4926
4925
654
6912
152
4287
4314
1925
832
6040
4061
5733
4725
5161
3639
5715
1782
2918
2595
2385
5832
6417
2410
6698
3228
6578
4592
1053
5842
3784
6567
2468
3197
2103
372
6723
4397
2503
2382
220
5611
1155
226
4463
2247
2261
5804
6204
6451
5074
1698
7022
7079
5070
1232
5794
5609
5571
4521
3940
3290
5313
2209
7020
1776
923
4953
4217
942
5127
6078
6472
5634
4651
1411
4952
6748
448
924
5466
181
2544
393
1621
38
3739
4967
429
395
3419
5873
941
712
188
3823
2371
4779
1333
4700
2561
1156
4532
6323
4536
5705
1510
5670
3849
5256
206
6068
4467
2244
2590
6062
2248
3889
1281
6654
3883
926
3744
4810
93
5322
6218
5608
6607
6511
2050
5257
5298
6121
4743
5388
6807
63
4649
854
5517
2000
1045
5676
1056
1040
801
5246
6565
4628
4068
2506
2086
6738
2512
5671
1402
1059
6539
4016
23
2389
4338
4633
2816
3962
3618
2783
87
5515
3967
4075
187
3626
1112
6541
3970
2416
2426
5621
5363
6540
776
6679
947
2241
5112
7003
5886
1562
3154
5808
4125
5176
3223
6955
597
3163
5049
2944
328
311
2956
5110
479
4868
5500
1569
2969
6421
5179
5732
7006
5055
5871
113
3147
4202
6947
5839
4872
7083
4950
5105
3182
1688
5462
235
6969
5836
3184
5854
3391
1554
5414
5493
5858
3224
4274
6909
3459
4841
230
1552
1541
6918
4237
4209
3375
4909
470
97
4838
5118
6543
484
4686
471
2616
6320
4418
2423
3696
4692
3443
2425
211
6690
2558
7057
6037
1143
6563
3660
2160
7152
5303
4193
5252
6122
2692
840
5035
5669
2682
5666
2675
5663
1455
5301
4705
6329
3966
5030
1844
4703
7061
2401
2654
6579
6063
927
5143
1783
985
2522
1046
2084
2083
2519
2104
5422
7027
2532
4650
3159
5846
1809
4654
4647
369
2496
3185
6460
2502
1794
2505
4645
3186
149
6389
1384
4636
5856
2102
1645
5845
5632
1415
7109
5783
446
1079
3118
4670
1077
6551
6550
1080
4584
3112
4007
1830
6477
6769
442
4590
5775
958
2554
119
6762
2074
428
4268
75
3132
3128
1772
6406
1419
1073
5290
2164
4917
1211
6216
6215
6213
2978
4230
3842
6824
5508
4499
259
3516
2964
1512
1228
6518
2308
3509
6217
270
3828
4510
3829
6372
1203
5433
6010
3614
61
3613
1971
5440
7124
4232
6498
6447
2302
2265
5506
5335
2256
1716
237
4323
6881
5208
2929
1935
1936
6449
2922
4819
1517
2891
5978
2846
2301
6364
3345
5592
1905
3904
7081
5724
20
2857
6512
3577
3881
1910
3827
3997
3488
5927
4904
4523
83
4906
5406
5926
4522
6495
5181
6656
5311
4879
1586
556
4515
5928
3363
6675
85
6964
4736
3620
2774
272
6659
2363
2997
4530
5413
221
308
1129
3368
1779
5785
6455
6190
6616
5805
3878
3880
2387
2148
3779
240
6564
3333
66
5101
5802
2168
1269
4986
6425
1389
2368
1713
3960
2238
4255
239
1282
1034
1035
5334
79
2365
1786
1041
5770
242
3405
5023
2361
2324
6150
5831
4517
1665
185
186
2418
4189
1085
6410
4451
6645
144
4419
3977
3926
5553
6648
5021
