6495
4463
2405
4015
3370
4011
3507
5622
3509
5297
3379
5626
627
5620
3500
4469
4467
5293
1909
6419
4013
5296
5627
2972
1867
5294
6413
5794
4466
3004
3892
1861
1393
4462
1421
3377
6491
6863
6417
3378
4200
3374
4927
3508
5179
5623
4460
5299
3391
770
4743
3398
2500
3375
6865
5105
1981
3136
3373
6410
3816
4016
5298
6695
1864
3135
1866
5062
6477
2587
4163
3093
4464
2589
5251
5292
6415
2509
2504
4468
5334
6219
5621
3502
5767
3505
5149
5101
5335
2978
1239
4465
1900
1468
6784
4017
4014
3372
1980
1193
5253
1380
5760
622
3926
1040
4124
5339
4253
4924
3600
1427
4461
3376
3287
4928
4155
1865
1596
779
1905
3092
5629
2459
1047
1880
5295
5798
6428
4127
4490
1986
3399
1000
3371
1234
2201
6210
4956
1579
620
3395
5256
1593
5255
3608
6412
6479
1469
1863
3006
6365
3394
6499
5624
5618
5131
3130
5372
7027
6498
5290
4312
3603
4012
322
7023
4018
2409
6861
2399
1045
5291
3392
5012
5761
5102
5806
3360
5148
1884
2974
157
504
1572
3487
1594
3344
7061
1086
5258
3815
2206
1599
2408
7130
4926
1985
5552
5146
6160
5992
2585
5804
4940
1398
3009
6797
4088
1570
4718
6978
7020
1392
3267
2407
2673
3895
1591
1233
5109
5088
6016
5021
4941
1237
921
1083
6368
6411
6474
845
6541
178
569
4167
10
626
5505
5762
5797
5868
5
2209
2664
925
924
923
6232
2200
2107
6478
2102
3642
1080
1118
493
3916
4007
4123
1443
4434
3133
158
1425
4595
4618
4438
4764
1195
5113
4655
3289
1385
4921
941
563
1590
1167
801
610
1041
1860
664
774
794
1464
949
777
1429
1238
1465
3584
5144
3285
3410
6481
6475
5263
6402
6351
3506
176
4433
3671
3872
6008
5790
4019
5849
4307
4169
4431
3156
4596
6625
2489
1
2499
2572
7133
2588
4772
8
2815
2942
2944
5250
260
3005
4688
5803
5337
5472
5247
1107
5215
5157
1209
5506
2444
5983
7126
606
7123
7045
7028
6964
628
768
6494
6470
6329
5147
6216
6213
6212
5842
6325
1419
4925
1679
3448
1686
3433
3417
3280
3155
1868
3504
1888
2752
1982
1984
2715
2682
2072
2581
2205
2766
1235
1597
3643
4920
4843
1241
1280
1391
4645
4598
2274
3567
4592
4321
1449
4249
1476
1519
3917
1574
3898
4481
412
0
254
292
107
6887
1127
6315
1122
507
5248
7054
4628
19
4633
2508
1655
5705
6347
3134
1092
6357
2494
3962
6407
3189
6418
2109
5698
5257
3678
5981
4430
3756
4436
6027
5493
4165
159
5476
4389
6012
600
6161
5573
3928
1908
4536
5625
3689
6924
4132
4337
5344
4333
5332
2907
5114
6484
6034
3180
4198
240
767
4755
5068
4090
2783
5084
1595
5765
880
6586
808
5766
5065
3641
4779
4932
7162
3184
6783
3341
4073
6545
6488
6500
6
3007
242
2202
2956
2799
6508
2330
175
4782
6215
6217
1913
903
2576
2579
3918
6169
568
6065
865
4439
1260
4078
1902
5492
1857
4141
1232
3235
4047
605
876
6567
4096
6743
3396
4121
5071
6051
2188
1087
5207
1082
6358
2060
5181
6812
3659
3566
3981
5116
6472
6859
5024
3397
2028
2390
5331
2208
3648
4600
732
1123
5064
2005
3365
6326
5237
1106
4126
666
667
2027
761
4205
4848
255
4308
2753
5736
7145
5816
5578
7087
7163
4355
3104
3186
3450
2708
1351
5946
14
3188
4199
3447
65
1484
4193
4275
1702
3896
1671
1460
4285
5763
2676
1399
5764
3094
5881
5800
6369
6823
1573
3283
6745
1394
6819
2050
907
5791
6346
7055
1424
5732
3288
5871
245
3286
6570
2501
1402
5213
6722
1675
2389
3861
2394
5100
771
1581
2171
257
1457
5079
449
5075
3002
940
2420
376
3366
3183
5106
926
1451
1485
6405
2759
3561
3179
2396
2398
5140
6469
268
1445
1448
6480
3569
6482
7111
3485
3182
3178
7021
5458
3434
5557
5560
2279
5454
6634
3899
4079
869
2900
2026
2574
2345
843
4209
5628
5459
5987
2973
6969
5843
562
5504
4429
5519
3220
5497
5523
5525
5495
6079
3501
3752
5529
5547
6971
3096
5847
4944
3181
4599
5259
106
3792
4131
6225
6289
1146
3897
3949
6255
3460
1987
6574
7026
4334
7047
5668
2905
5631
92
4338
1700
6233
662
3645
906
6543
4029
1502
1480
6579
2306
2234
4023
847
1576
2967
4945
5809
294
3621
5061
2204
5812
381
6553
1513
1516
262
4953
1565
6549
2968
6546
5789
4978
5734
3650
1914
5617
83
1924
5630
1931
1912
3948
1362
5660
1708
5664
3793
6316
1989
5666
5998
3696
1279
5526
3750
5478
1843
6100
1906
1780
6011
3239
5571
6162
6165
1885
5569
5669
1691
1681
6416
2104
4204
2127
2144
3653
5151
1607
3314
3185
6501
259
324
5067
6492
1053
2076
2074
3796
1397
3284
5691
5702
5214
5212
5728
5208
1422
1426
344
3290
6037
5188
5883
1922
258
4156
496
6788
2909
802
487
4590
2949
4784
3444
4304
4608
4611
2529
4080
2943
2765
4166
3367
4314
2383
2862
3362
2729
4665
2578
4330
4527
389
4320
765
7036
508
4539
3364
762
4585
3442
3552
3452
2527
660
4194
2792
2794
2502
3393
4640
4258
7147
6841
4654
4651
4437
2322
4208
706
6991
3387
705
4203
2326
2327
7129
2328
2839
2519
2346
4827
816
2930
681
669
1845
3927
5496
6108
1850
609
6966
3754
3085
5473
1825
4139
6976
3924
2583
5452
3919
6955
1881
2586
5479
3233
1904
3342
3420
3551
1121
111
6327
1108
5232
5254
3282
682
4643
3559
3669
3044
5190
5216
4604
4602
6285
1198
5388
1196
4531
4535
6921
6228
5342
1953
6900
1959
6068
3265
5265
104
3249
4587
2869
5499
7125
3451
3856
1441
1438
5739
2758
475
7074
3446
345
251
1416
3865
