6493
2929
6023
6354
5737
1143
600
6375
2979
907
2973
750
900
6359
2920
6026
3925
4396
1147
2923
5735
2901
3927
5322
1953
3693
1145
2897
5736
6020
2970
3861
3601
4390
3920
5636
2718
3929
3691
6471
4698
6353
3694
4395
5398
2108
5104
1954
5503
1340
4398
2670
5376
5982
4620
5730
1958
4804
1901
6372
5635
6389
127
4629
4769
1347
1354
5400
2928
4627
4957
5108
4094
120
3697
1952
6425
6380
6510
6580
5680
1459
6021
6367
786
2657
5840
977
5734
6333
2103
5153
1349
7151
129
5595
5697
948
4391
906
2922
6502
5775
4077
2101
3695
133
2924
7146
5394
6017
1808
6246
756
2683
6027
2834
1162
1695
5785
2971
60
4357
1959
4619
6770
904
1356
814
4711
102
2030
3404
1639
6361
2463
6384
633
2265
2535
6583
3400
3208
1351
3660
6024
1491
3622
1348
6029
3921
1341
3563
2264
3503
3483
3696
5083
318
314
728
4392
2831
942
1950
6388
1126
401
1235
5393
4138
3162
903
126
4438
979
5733
1157
2839
597
1571
6058
1161
6373
4101
1185
964
5089
5732
6515
2814
86
7031
4547
6360
3924
2424
66
3501
4830
6424
6089
727
6176
1957
4757
1618
2537
6868
4338
5745
639
4074
974
3209
2659
1236
4445
5314
2260
806
394
2921
4682
3120
517
2100
2685
6374
1342
6028
1199
402
1345
1894
6444
1612
2982
651
4695
7069
4946
568
6678
14
3665
6483
2269
5599
4802
5731
4350
4323
3684
4725
1008
3827
4623
6447
7025
2133
6512
516
2104
6597
2532
1191
6053
128
6045
2584
103
3243
3122
5952
1224
1228
3996
4047
1794
5375
1800
812
6862
1826
4690
1915
6571
3524
6806
3923
2767
908
5807
3574
6810
4394
6774
5095
6387
4318
2236
6511
3926
6517
3878
4354
4201
3943
1760
4122
416
1684
1696
3854
4436
3798
3851
4090
6279
4642
6276
1862
1820
5738
3786
7006
1141
3008
5850
1168
1190
122
123
857
5407
2998
3096
1225
5373
2244
6907
1269
5997
6012
2613
6025
758
1222
747
5475
2994
2
2902
13
2925
2926
2887
5759
5772
945
943
2781
5665
5645
2958
1052
5613
62
2975
5597
2816
5805
909
1045
6828
1263
4311
6091
658
6211
4778
3692
6729
717
1431
1462
1466
1493
3402
6731
4785
3690
655
4779
6218
3408
2487
3772
2266
3409
5097
3403
4699
2270
1087
1086
1698
1098
1848
4717
6441
919
5796
6216
4771
1693
5632
1869
4737
970
967
1043
5746
6212
1545
4767
740
1111
1229
5977
5371
5073
6083
804
6000
543
6377
4540
5252
1344
4478
5152
742
5046
4546
1220
5016
5508
4836
4840
6422
1733
1140
5844
4397
1144
1187
4953
5418
4954
5002
1436
6398
4548
1840
4952
3266
2872
2032
4096
2853
2401
4086
4076
2619
4038
4035
64
390
2977
3966
3964
3942
2989
2224
121
2213
3024
3784
3016
6791
2174
2776
3907
3699
2125
2796
7057
301
2451
3797
6864
3240
3406
4251
31
1968
2522
3219
7145
2933
3363
6501
3218
2585
6514
7148
844
4762
5959
136
3769
3390
299
4741
3760
6952
4745
1223
2582
1227
6831
1219
2606
4714
6274
3267
3265
1186
118
753
3293
2230
2235
1197
3792
6245
6985
4691
3790
1206
3333
5173
2262
2719
1602
638
3252
2267
308
2652
3153
5996
3615
1458
5999
6779
3414
3564
2466
1432
800
6014
5017
5038
6015
6804
5201
5259
5069
5225
5075
2422
4765
5316
4932
3687
3181
3184
6733
3676
5117
5109
818
680
1477
271
3405
4838
5106
266
6662
5317
6901
5100
6899
3654
5990
6448
1081
5529
6439
5694
4508
2934
4544
1972
78
6620
3908
2783
5655
963
1732
5507
3853
563
5802
2936
3945
2957
2963
7132
1825
1034
1803
4082
6532
6570
6386
6573
4031
2820
4638
5584
5678
6429
4370
4252
4433
1719
4263
474
6351
5445
2733
6990
2927
6282
5852
11
2903
2906
1903
4632
4633
4616
4334
1149
108
6338
1960
4353
1946
2932
3849
6328
1944
2181
1690
1142
1692
2883
2935
6010
2945
965
6011
5245
3259
5692
960
7135
6019
5679
7157
3257
5771
1334
7138
6851
2595
3210
7143
5856
1047
7014
2689
5486
2997
2714
1210
5461
2766
5899
2747
2775
5399
2723
1194
124
1163
119
1188
3076
1165
3072
1169
5846
3126
3127
2795
2961
5643
2838
5312
2618
2837
5633
805
2830
3203
813
7064
5337
2638
2983
1254
822
5372
2988
1103
2654
5390
3128
2616
5861
4294
2221
6382
6385
312
1802
4718
2268
1805
6217
4439
650
2308
324
3698
6555
2325
6717
279
1544
518
3682
4783
3680
4786
4787
661
2031
4689
1637
6352
2145
1738
2186
4612
2188
3887
1683
6649
3922
4543
4674
6608
2116
4501
6838
6371
2107
4477
4004
4647
4650
6263
4475
1759
2340
1717
485
433
3607
435
3393
437
6063
6822
1966
441
229
6803
1822
6792
3468
2442
5050
446
3474
4281
4331
689
4290
2003
4206
3268
6054
1978
3648
1984
4906
5076
6427
6499
6764
2919
1883
2788
2789
3855
3967
5511
5537
4336
983
2931
3930
4328
2895
2787
4117
4026
1837
4187
2946
2950
5675
5500
2955
1979
4435
5690
2041
2046
1975
5641
5639
4235
1804
4382
1003
2969
4374
2976
1774
993
2881
2980
4431
3260
2773
1438
5287
2617
1461
3618
2372
1472
3626
5270
4873
1495
4868
3201
3666
2634
5338
5339
3189
3204
1541
2409
5265
2572
2515
3253
1339
3360
5158
3380
1365
3533
3446
1918
5233
2608
2609
5044
5012
5262
3206
5218
5482
3180
1231
1656
2218
1667
3817
3821
2737
4621
2743
1167
1150
3028
1682
3027
3850
3000
5460
4609
1713
3823
1549
3066
1654
4763
3705
3718
3125
2295
2703
4738
1587
4643
5396
3787
1616
3078
3791
4659
4658
4648
4646
2263
1389
2912
801
905
326
6288
6479
