470
6508
6079
2423
6100
2422
6078
6507
6047
472
5088
6502
2427
6075
2420
2426
6686
2425
5215
369
3066
6430
6515
4363
5002
5977
516
919
3904
6501
5978
6071
5219
71
474
5216
6484
6731
6511
3114
6516
1332
479
2137
6055
2433
6359
5349
3694
915
4367
484
6881
5082
354
7045
4839
5881
913
6580
5322
5342
5745
230
6386
1236
1149
3861
3189
2976
2927
6245
2468
1018
982
6435
5998
5381
6384
5428
1334
4681
2432
5764
1922
5789
3782
388
5210
910
5846
4232
1211
5882
5121
5095
4234
2437
122
5676
905
2345
2436
2396
6486
4628
6089
4707
4295
4473
2050
757
4545
3069
5171
3153
6433
366
6504
5723
477
2508
96
5967
1990
3996
3583
2421
6152
5632
6740
2052
3978
5724
233
2101
873
3602
2838
6021
6970
4349
1103
2475
3116
401
390
5208
3068
49
6483
6498
1570
5071
4623
1260
4629
4668
1313
4703
4804
47
6470
1607
3151
2434
128
2438
5609
119
5592
1724
1716
112
488
1727
1679
6703
6709
2893
3010
2138
6570
6738
1983
2058
368
6485
2150
2244
2981
513
3065
3148
376
6294
2167
3296
6488
6072
6710
6888
2840
4328
78
2670
1081
2466
5363
5374
7054
6025
5404
1023
7047
991
2428
6966
4336
1094
4361
67
4772
6
2512
1293
4958
4966
1233
5645
5084
45
5201
1137
1128
1122
5233
4366
44
5668
322
3920
5920
845
836
2391
6013
5747
6909
767
5670
5672
3906
3112
1136
3857
6073
1157
4407
3796
5143
5125
3108
5202
5946
6069
6050
1337
6514
6051
3051
4701
1319
6010
360
4675
365
4674
3061
4953
1950
6065
1235
372
768
2133
3925
1678
1681
998
531
1694
6367
4269
4262
6356
923
6352
4171
530
908
5604
2108
5680
2107
3537
3961
4324
4323
5737
4321
3155
6436
3387
3355
1050
5371
5703
4299
4061
6490
1657
0
6578
7064
74
2813
2473
2397
2843
6760
6748
14
6775
292
6576
2846
2479
263
6762
7135
2706
6768
237
2534
2839
248
2489
5504
450
2598
3183
3129
113
6480
1713
7095
1718
4492
2903
3456
5106
7034
48
5108
42
5497
5597
3156
5132
1719
6440
1154
4256
2398
3383
6360
7048
5317
2712
6733
3309
2471
1071
6312
2869
1033
512
1061
5938
2140
1689
232
7043
1133
7037
2635
3381
6287
1688
2734
473
478
4365
4364
996
1108
2333
2090
5081
2685
4601
2371
6887
6012
1799
1499
6506
1953
6068
3971
4602
6500
750
3927
1481
7
375
4688
7114
205
1815
6061
3960
1957
3687
5741
4678
5849
311
4068
154
4779
353
3791
5038
712
877
6684
6816
2833
394
3903
2317
5896
6087
2406
2313
4838
863
1788
6533
5034
3608
3944
7042
3905
5860
2103
6104
6023
6020
2352
5420
2385
107
762
5894
5401
736
3299
5399
3291
5421
2097
5775
6843
5720
3439
6769
5593
5605
911
586
903
3290
3553
3554
2019
2018
2774
3550
2845
1717
1715
3921
551
3700
5798
3348
1686
984
3585
3959
1691
5486
5748
1710
209
581
3706
6113
4308
5083
406
1519
3123
2587
2131
2589
3132
4493
425
3144
1544
2496
2595
6447
274
5135
41
2922
1155
448
451
405
6491
6495
2308
4754
4836
4853
4863
339
3020
344
1317
1316
1311
3185
4904
4922
6579
2557
4647
2576
4987
1250
384
389
4546
4908
6419
1924
6416
61
1107
1104
2888
510
1126
7081
5229
6382
1634
471
1077
2465
5305
1098
6417
6388
4314
3229
75
2135
5329
4318
3908
2815
1075
2552
1587
1437
1026
3929
1438
4679
1021
1825
4673
2814
5760
1269
5299
5749
3924
4900
3901
3902
2834
4758
3792
4820
4834
1354
5914
3810
5898
5354
7144
746
1890
1644
1325
4742
1654
3855
3856
6819
1389
2539
2389
6830
3878
5867
1331
7112
4873
4704
5891
2394
5729
4606
5657
4132
902
6955
2424
2430
6984
917
5616
986
7031
4196
118
4495
1132
981
5149
4436
43
1690
2737
111
1696
5525
1711
5205
2627
1139
1134
4094
4082
1537
4327
5730
5475
7111
4569
4549
5430
1238
2472
2812
7108
5710
7104
5709
4544
874
5037
2783
68
5057
1684
4524
1602
993
63
5086
5671
5092
62
827
5359
4800
3115
4795
6266
6687
717
6439
6017
3644
3045
2303
371
6014
345
6412
382
6766
414
6301
278
6203
6771
203
539
3697
6475
2973
6481
2105
2998
6425
206
3058
2858
6503
455
1959
340
6401
1952
6541
249
611
3763
3032
6459
2336
6008
6685
290
2161
6368
3631
6373
397
567
6132
3719
3721
303
655
2901
552
570
245
6537
2070
3490
6532
6535
257
3390
5466
37
7036
2318
5468
4238
1543
2072
1699
3141
6688
1708
396
31
1513
1226
5053
2435
5054
2439
4182
2738
1213
6172
6177
5599
1209
1208
3450
3448
3447
585
4515
277
4510
3401
4499
952
3397
6229
2862
6303
3150
2125
4395
4303
5375
2460
5368
238
4304
6336
2134
5214
2654
1589
4375
6389
4313
6736
1095
5264
1090
2890
7069
6365
5393
3262
2469
5304
7061
5240
4317
6350
5303
40
5394
4300
3364
985
3361
5133
3152
6693
7038
995
2094
4434
5440
1565
5429
3532
4265
270
46
1584
2120
1583
4298
1660
4396
1143
4297
1022
4296
6428
3161
4290
269
7050
7109
3025
6581
3907
1854
6572
357
3922
4920
6046
4685
4929
5783
1828
3955
809
3956
1754
207
5756
6883
7121
3973
831
5736
1283
4695
3634
3969
4671
2985
6064
2570
4677
2842
2390
3006
3050
3714
4840
4835
3727
3728
3789
3829
1920
1921
2274
4787
5942
5949
1926
5932
4660
748
4721
4696
6024
4698
4878
1954
3876
4737
769
765
1408
761
1876
5885
2538
2516
4952
4344
2415
4625
5712
865
1244
4640
5662
4636
1470
5689
4047
6765
3072
4592
4600
2300
