6510
908
974
1491
6058
3861
2973
6196
5730
979
1952
2466
4396
5737
6384
3693
6512
3697
394
4094
4957
755
3687
5645
1493
126
3925
1043
3927
5745
4393
6517
6770
6519
1158
3691
366
438
2468
976
903
6069
6071
4955
5746
906
1954
5736
1087
2108
2897
4394
4698
905
5732
5038
2928
756
2921
5109
2717
5500
2517
3018
312
900
6352
2723
301
3684
6019
3682
977
5734
1727
6375
1157
6502
4038
7104
2712
904
330
1225
972
6493
3690
5376
4398
2409
6190
1955
1147
750
6351
311
79
563
2572
4804
1155
4636
2657
1086
2714
7105
2929
6382
5054
485
128
6366
2462
6359
6020
6021
74
390
5104
6054
31
6571
4951
6851
1235
209
2469
5586
1712
1953
402
4389
2923
2719
2713
6091
562
3342
554
6337
6924
4390
5982
6380
3926
2236
4019
6506
5742
907
4234
4315
2515
4713
5741
1273
1495
5322
5106
5113
3698
1848
2463
210
3011
2339
1936
405
2654
6822
4078
4095
2032
6322
4953
1088
5177
605
5712
3100
3109
5681
3344
4037
3017
2101
1586
2578
6023
2922
2977
6367
2970
3622
1958
1081
6016
1979
3920
86
297
6849
5735
106
4387
5092
2681
5102
1959
4366
2030
4452
6133
1490
3042
6025
3045
423
5108
2925
3683
5107
2718
1726
1729
455
2478
4699
5407
6028
6515
753
6418
310
6907
653
6061
6936
4066
6514
4061
121
6169
5724
302
2692
1470
6518
4906
14
4251
6022
4069
6024
6333
4047
568
3314
2381
1376
5888
2439
6388
5076
5121
1321
3695
3694
5071
5002
5371
555
3343
5840
7109
6926
3923
6111
889
83
509
6098
1143
5952
5165
876
3952
745
6356
401
4971
748
2595
6769
3921
3997
1411
5486
3012
274
4623
3048
207
5604
2920
1672
4350
4335
2986
5594
6705
1923
6891
4395
2924
129
970
6675
2998
215
3316
1067
212
5848
3310
1928
3014
2093
6079
971
4459
3929
2313
2295
3023
2239
78
5814
2652
5144
655
2464
679
6744
1258
1665
6017
6834
533
6012
3590
34
7091
6844
2634
6910
5277
2511
814
5546
1719
4605
2481
3688
6827
3692
1236
4800
3721
5404
1714
6265
1177
945
4090
5651
4325
1089
5738
6749
4826
2812
1983
313
7108
4106
6505
6503
629
122
1148
2824
4312
4820
5423
6984
1416
303
446
1315
656
1018
103
3348
2979
1419
1724
557
458
661
7147
471
6145
5169
1716
4349
5635
3092
2570
2576
6277
2065
6026
2948
6353
789
1663
1664
305
3158
6923
6806
1669
6050
805
4316
150
4840
2039
5073
1710
5975
5544
2638
1906
200
3724
4751
5647
1992
2839
4967
4065
2325
3046
1950
365
3966
5775
1387
3266
3262
4786
2195
4040
378
6106
2191
5154
6423
7075
6961
596
2419
2872
6389
4952
2997
5740
1921
3728
2031
101
1924
1098
4098
6419
4737
2
6249
6248
639
6276
700
2963
5272
6942
6102
3065
2667
782
2783
6143
6935
3040
549
2820
6324
6940
2686
6157
6068
1215
2994
6932
600
747
2670
5105
2606
2802
744
2789
3318
6930
4714
909
5439
5598
4151
102
87
352
2148
206
4068
978
6763
6575
2192
6904
379
1477
1807
3992
3967
4966
4565
2244
5454
4236
1973
1957
2037
4354
275
5665
946
4318
943
319
2051
2061
2092
4272
4263
4453
120
1472
5482
4833
2057
1799
2197
3924
1277
2333
6919
477
478
2514
5967
5969
4691
6994
1587
2487
5990
6738
494
6005
6922
6807
5084
6868
3501
1534
1253
6034
4697
6673
6373
1482
1354
1113
192
1653
6772
457
4614
1282
857
4587
6708
6430
6847
4601
5044
1635
6746
1484
965
1826
1926
1951
1697
1668
1492
2848
6572
1068
1066
6263
6615
1498
2573
2023
6453
6422
856
2408
752
2444
1229
1349
1284
1279
822
2632
2519
2532
6931
1256
780
2203
2017
6765
6764
948
6945
2805
942
1220
1145
6897
2133
1224
784
1414
6321
1403
2147
897
6507
6501
740
6426
5276
2943
3914
404
3931
3933
3959
384
4035
3874
369
4096
4109
325
318
314
2933
4265
4067
4269
3870
3859
6045
3454
6033
501
476
5965
5949
421
7000
3700
441
3758
5899
5894
5882
3857
451
5680
4302
4313
124
5453
5425
5420
4962
4977
4978
4814
5398
5082
5361
5095
5098
5167
5329
5320
5394
4802
4799
5494
263
4392
4399
5630
4474
4509
219
216
4553
211
4562
190
7090
173
4654
4695
158
6067
3364
5689
6110
657
2985
2995
3043
6114
6113
3124
3268
3041
2990
3053
3126
2960
6141
3102
3054
6144
2058
3138
4311
2067
4824
4075
5474
4319
4757
4356
267
2827
5504
4729
6537
4386
1499
6287
2046
295
5688
4829
4041
4060
362
2710
4073
4104
105
2142
902
6147
6218
5749
333
3189
6900
6757
4239
7100
6158
4256
5457
3153
5739
758
4425
4423
202
1044
4577
1808
7092
197
1732
5556
194
4667
1638
4606
5549
5547
1713
1658
4633
1700
4635
1696
170
1690
1682
6198
5541
4684
6580
997
996
4036
4724
1503
4429
4440
4451
7067
6866
4719
1944
153
6569
3125
2788
5520
1932
3105
1927
218
2801
213
1585
6209
6573
1907
203
4520
82
1034
3334
383
3676
3685
5323
6085
6916
6915
5389
2474
6917
3710
444
3269
5920
6980
3755
6911
3458
3456
5346
2950
1281
5052
819
6015
5142
5356
2971
6001
2555
6357
5088
5342
6354
5081
3529
3647
5184
2512
2649
6999
6075
2958
5959
818
1206
6928
6360
5260
6424
6339
3877
540
775
5270
2887
70
3930
2323
2316
6121
71
2635
3943
6454
2252
3945
6136
5400
4976
3408
1339
5896
1178
3446
2641
2640
741
3823
6831
1333
5284
6786
3430
548
853
6328
5847
2991
80
2399
4975
4694
5271
1205
6678
4690
1657
1610
1218
4663
5301
1615
5264
