6937
2730
1932
2745
5498
1194
5222
1873
1937
5490
1933
1936
3107
5227
1876
5491
2754
1935
5223
2738
6110
6912
6531
2577
6916
1938
6918
1930
3027
2742
5226
3016
543
2747
5229
3020
4296
2620
951
6907
546
4571
4667
2759
6947
5439
1939
6933
1196
2764
4001
2750
4292
6122
4298
6320
5390
721
5719
1872
1659
5782
1197
4669
4683
6537
6533
6771
3103
6911
5810
3824
6938
2751
2260
6930
2739
6913
2741
5090
4638
6011
4546
5859
5099
5855
4666
4998
5748
4548
4286
6179
3613
3235
7025
6926
1545
6914
6948
2756
7145
3699
734
3829
2392
235
1934
2270
4544
1874
5711
5793
1199
726
988
953
1877
5434
2515
4362
4545
3764
3625
4662
3615
3587
3391
3244
4714
307
2965
5005
2743
549
2662
2353
2870
811
6842
6905
6929
7093
6279
6924
6274
7108
6968
2782
2822
2859
1454
4761
6820
1366
1364
6546
1348
2125
3022
6867
7087
4612
1871
7085
2735
1911
2666
6520
6936
2528
2459
5486
2256
5336
2755
5818
2121
6115
4285
6123
6275
4611
3385
3581
6273
6111
6277
4299
464
3327
4290
4540
4541
1098
4542
3131
3212
1191
3660
4291
5995
6469
6920
3788
2252
6928
2621
5199
6699
3580
6466
2263
2266
2368
5256
3664
2262
4605
2681
4573
6558
3049
4566
3044
6536
3230
353
3010
3001
6818
6866
542
2746
4942
4989
2740
4295
6919
2677
6721
3883
230
1441
5532
884
5538
5511
1973
1940
638
5475
1495
1497
1222
978
7100
1807
1192
1063
950
729
1064
6841
6177
4769
1468
813
510
3503
6809
2960
5784
3012
316
524
4195
4774
6778
7147
6003
4543
3268
3263
6577
7119
1195
7098
1224
3100
1228
1229
5811
4661
1350
5809
6543
1060
4879
3026
3396
5799
6376
1765
6377
6923
6278
2554
642
6499
6489
816
6692
2340
3827
4040
634
2268
5283
234
5311
5315
2259
6441
5436
2245
6453
2269
6934
3882
6991
2749
6715
1828
5697
6908
1829
4066
2736
6526
4505
2668
210
2732
1913
6949
887
964
3606
3690
929
3317
1065
3341
3626
6694
3616
3845
6691
3513
3755
6727
888
3501
3856
3666
2238
3267
6910
6915
2718
6962
6939
2640
2639
2603
2592
2517
6932
1942
1946
2331
1948
1967
34
1825
3310
1651
2772
6729
3233
714
3232
3215
6759
1373
1379
6782
3014
1485
2958
2906
2826
525
1619
2780
1632
2572
3584
5587
5805
5198
5228
4776
322
4272
6373
5262
4738
5709
5263
102
6538
4337
5690
4471
5287
5314
5316
4938
4576
6584
5497
4547
4549
5456
5417
4148
5178
4569
5814
3949
4993
6532
4796
4845
4006
4036
5997
6125
6072
5996
3886
6157
6522
4975
5825
5990
4849
5847
55
52
59
5328
54
5331
2243
613
2196
2261
288
4991
2660
2573
5197
2463
264
2145
5306
5071
2325
2298
2290
5070
287
2264
5258
114
3885
5412
1449
5800
5804
129
1360
180
5815
131
5975
5998
5798
1181
723
1066
7129
6097
6113
7146
984
7161
6204
871
7120
6460
5796
685
6422
6395
6388
6931
222
6963
1916
1910
1906
1900
5795
7057
5695
5700
5707
1783
5714
5717
1542
1520
6333
5794
1870
301
138
2753
6563
3609
4142
4138
3047
4096
4153
3672
3681
3696
4781
4782
3774
2888
4773
2882
4157
3225
3319
4477
3389
4521
4931
6660
4564
3469
3254
6750
3525
4193
3582
3586
6589
2872
4764
3322
4835
4836
2810
4840
3904
523
4865
3910
4888
1821
5688
6609
1466
6234
944
1472
940
4159
1490
3383
4196
1537
4273
6633
6351
1575
5770
6210
6623
6211
1631
5749
3481
6219
3414
3408
819
3880
848
907
6186
3783
3786
3677
3930
3688
3941
1025
1190
1185
6120
6697
6012
6670
1089
3945
3821
1071
3817
6028
3676
1448
5959
5851
4151
6711
1370
5808
4150
3854
3658
962
1338
963
1274
1273
4131
5819
3851
3669
7070
6127
7162
5586
5657
2871
6922
5184
5195
5196
2556
3884
5220
5225
2624
2478
2452
6925
2364
2362
2361
2962
5253
3000
4770
4795
2297
5163
2651
4934
6900
4939
4941
4957
2758
6827
6534
4844
5156
2783
5006
4830
4828
2669
5093
5096
5112
2661
4825
6917
5683
4746
5266
5437
6429
1947
4561
1944
3249
6591
5507
3309
1969
5517
5535
6940
3312
1927
3316
5610
5656
3321
1878
5530
6779
4563
2002
5285
4729
6539
4664
3062
3074
5326
4607
6777
2000
3115
2239
5359
2168
3176
2139
2123
2095
2051
2024
3129
5203
7169
319
540
280
718
688
90
136
465
224
104
695
51
53
632
161
58
637
335
416
600
265
306
113
746
351
283
257
18
545
4783
4797
5320
1351
4789
5807
6960
3518
2877
6981
5307
6092
630
4799
1323
5509
2897
5822
5813
3947
452
5812
615
5533
156
4008
657
2280
4848
2578
6149
3442
3443
6608
3447
3996
5267
2272
1404
969
5271
3462
2122
5789
742
4832
1919
1922
2918
959
3918
961
6114
2913
1363
3985
3484
2632
2628
3726
719
1187
5977
2767
1086
5449
2771
3695
6873
5394
1220
707
3858
1205
5872
6784
5957
5917
237
3785
4593
1145
2731
5958
6805
4560
4610
2136
3758
2744
6853
1119
3541
2785
4497
3589
2004
32
5844
4448
30
6927
3555
324
4009
6677
158
3915
6946
4444
3656
4472
5494
6891
2038
6902
3622
1051
3621
6049
3620
4474
3607
3887
3888
2021
50
2031
5251
6824
5778
3108
4979
3259
7121
3101
6464
4268
7115
2961
5150
6467
4113
3248
6472
5614
4937
593
3086
3314
3323
3328
3337
3339
2525
6254
7099
3091
7124
810
3247
6367
4197
5008
5054
4173
1701
2410
1702
7152
124
487
6392
5001
4146
7140
4145
1636
786
6420
4140
1630
5113
4135
1612
3109
5696
4992
6530
4287
4974
2535
6582
3401
5550
2559
5239
1823
14
885
5186
1442
