6538
6860
5585
139
2458
2082
4709
3986
5839
5830
6557
5174
3873
3476
4381
1782
1769
5500
2161
5196
5586
5198
5598
213
2242
6575
1819
5156
4967
1226
3989
5773
2003
4391
5007
5509
3339
5070
6767
57
5778
2243
6769
6897
6320
740
6029
3227
3623
60
2612
6328
5117
3223
135
3747
687
3988
4382
2246
2357
202
4965
2355
1330
206
1960
5199
2168
4653
1627
51
3545
3338
1483
288
2245
1471
5161
4842
5226
1073
6377
287
4331
5707
476
180
602
3546
1956
4008
2401
1382
1383
3695
6615
793
2755
2247
6220
5700
3985
6022
151
1589
6434
5277
3001
7127
6826
6916
1058
2827
1056
5309
2841
1067
1807
5224
1732
4237
6842
4707
549
1212
7040
756
482
1486
63
5055
6713
5836
6729
2045
682
2241
4041
1500
4333
7142
4517
6333
751
5330
1364
3907
3629
1363
209
6760
1978
5197
1919
6298
4821
2359
4037
1738
2366
544
1381
2184
5186
6311
3150
2196
3226
3229
2294
7016
3984
3243
3262
5301
812
2326
1617
7057
1387
3734
1384
2194
5315
4514
2240
52
6420
1066
1068
6371
1119
5524
1070
131
1214
4316
2680
5534
150
749
7071
1219
5287
5439
6708
2324
2477
5940
5222
5284
1963
6763
3224
4502
3831
2734
3244
6828
5920
2456
1611
1071
284
58
3743
3293
1624
6874
3788
4652
1505
2000
6318
7156
2563
6421
3637
3167
1281
545
599
3478
5538
7017
5853
3143
201
4074
3880
3103
6832
4513
7
2212
1827
1797
2487
5780
1110
3549
6878
3160
4708
4723
228
917
6178
2976
3388
4727
3844
6274
1736
4756
4758
1054
6150
5535
2145
5076
3171
435
3757
2738
3132
3871
4593
2186
5917
3162
3870
1544
2521
4176
3212
3228
4553
6873
2078
2654
1911
4754
2647
1742
5757
6148
1754
4894
565
3482
7011
6145
3542
1840
6144
3541
3535
6852
1813
5539
1204
6110
1210
448
3245
5835
1135
2730
6215
810
4630
5022
786
2698
5508
3337
510
5001
6406
1217
3680
6204
4977
6441
5073
4330
4904
1042
4065
3050
316
977
2830
4394
3016
4100
6293
6762
6787
5433
207
208
6765
2354
6824
3966
6336
1284
6825
1077
4392
4512
1366
2876
6931
1051
960
5599
4399
6271
1101
2256
7134
2484
1368
198
6764
6768
3980
4697
5300
2874
540
747
4975
5532
542
2875
4519
2320
1069
1626
3312
1448
2718
3315
6310
1065
3738
3330
3941
6324
775
3945
4659
5826
6205
4676
6870
7112
6016
5636
4704
2912
5981
3481
2602
203
4785
3486
3543
4378
197
4387
2380
2358
5610
5776
3531
1824
6130
1820
4255
2361
1816
4825
4812
2374
6899
6845
3479
5537
1052
6821
6112
5314
1930
5814
3428
1903
1731
2963
1365
4969
4079
3565
6348
4398
1873
4909
6519
1750
1752
172
2640
4274
698
53
2561
308
4117
2244
4573
1546
4112
6234
4106
6722
2248
2105
6766
6340
4310
2252
6925
2743
6590
2088
1587
3765
6292
863
5584
2142
4569
4334
6559
1263
6933
6929
5194
1114
2482
5475
2481
824
2223
7078
3861
6038
4561
3849
4563
6566
5124
2520
4566
918
5921
1033
5043
286
6876
130
1608
1222
3744
814
2046
6223
5831
4492
5047
2040
280
447
5711
4632
3241
283
67
805
3739
3863
3544
4484
6778
4509
4560
784
5928
4564
4507
3940
1755
4314
1060
791
6813
1800
5781
6774
4145
5859
1506
1098
5923
4339
6875
1794
1792
4286
1784
4040
4049
5927
5855
1276
6677
792
4788
5846
1511
3839
4775
3748
6864
5949
6718
4230
1479
3749
6717
6111
3995
6114
4098
734
752
3620
4195
1076
932
3987
6879
5861
3639
1698
6719
3597
6692
5828
4358
4692
3838
6021
864
1224
4449
1542
4350
3730
4752
4592
6081
1228
4313
3581
5895
6703
6118
1322
1313
4488
1283
4636
4244
3127
2872
7117
5632
2853
4998
137
2450
2451
5289
425
4979
2101
2811
4978
2104
6231
6376
543
5643
2485
3191
101
5714
3003
2491
6576
1933
6179
4952
516
515
5077
2084
2961
6527
211
5033
200
225
5046
199
6603
5312
5712
2328
2017
5349
3401
452
2008
2373
2376
5058
5607
5365
5071
234
7084
6206
5002
2083
5375
5074
2016
2771
2302
6572
3483
5777
7090
2736
6422
3164
4903
5662
24
25
3029
302
3488
5111
55
54
2164
2261
6446
5229
2697
2690
5533
5154
1876
6138
5159
2764
1894
1893
1896
6551
2762
3145
2143
3139
2750
3011
2747
4836
4822
4835
235
5672
5220
2969
330
2231
1388
5889
4511
6911
5779
5631
2217
5204
6279
5302
7114
6284
6536
953
954
956
950
1453
5871
962
281
267
265
282
6323
289
7093
4453
6924
2317
4447
2276
6919
5639
935
2262
5232
3963
3965
7113
6331
930
2316
6807
1804
6335
1138
6877
6455
1230
2741
6833
5948
2746
80
1225
6466
1112
5959
5470
4154
6381
2790
6379
96
1100
1113
6481
56
1147
1178
5545
6850
6849
2636
5536
1192
2637
2653
5944
19
6837
5922
2577
6442
2681
1215
5558
1150
2719
21
1370
4125
1274
2880
5387
2406
5986
167
6346
4072
1339
2937
5389
6343
2364
191
192
4036
4386
5343
1358
4028
2356
2365
4337
2870
6357
6831
5444
108
2478
2802
2472
4353
5587
2470
1059
4104
4103
1074
7136
2836
132
6496
2437
1064
6363
2820
165
2214
1740
3740
5834
1892
1618
2041
1620
5040
475
3580
1623
5810
481
1625
5027
5808
1890
467
3446
4605
1581
1585
3766
2087
6230
1874
6711
3625
5753
823
1739
1877
5056
6599
4950
3310
5020
1629
6633
548
3688
547
4999
4996
546
1696
3346
3644
1955
746
6184
4976
1952
3691
5838
4678
6084
3320
782
3736
3329
1712
3733
560
4963
5005
5825
5824
1938
1939
513
6076
1979
6714
6632
3843
860
1756
1787
1540
7070
1786
