6531
6530
6536
2745
5490
6916
6924
5458
6900
1937
3289
5453
544
2322
6867
4608
4066
546
653
3288
6110
719
446
5451
3280
1701
1702
1280
1284
903
6003
3752
6962
3286
6034
6921
6918
6910
6909
2324
1282
3106
6469
2070
5457
4601
711
4603
5454
542
5228
7164
5445
6891
1286
1098
2738
541
5191
6376
4285
6908
3080
6113
6927
1449
4715
449
6911
5439
1441
6545
1932
545
549
2168
2572
6534
4604
7169
718
5896
3105
3049
3651
3764
1138
1450
6940
4541
2326
734
139
3829
723
5550
220
6551
3108
4593
706
5413
4600
5441
3046
2570
2882
2822
1171
2328
5229
1929
6981
6926
3027
6433
5825
1655
3664
2925
3044
1530
3568
714
5610
1192
3285
6942
6558
2452
5587
3281
6025
6532
5417
5332
4648
6537
224
6782
136
1287
4607
1091
6930
6922
548
1099
4605
2007
3753
5236
4602
1116
4072
5436
1911
4611
6033
4623
6937
2528
6037
716
2578
2896
2899
1407
1650
4465
6458
5498
5524
1344
4640
5526
204
1522
2589
2579
3091
3235
1910
2392
2329
3622
5637
3525
4367
5647
4260
5177
7161
3750
6785
6739
5859
5719
3284
6549
4023
6546
4153
6715
6946
5642
3755
5665
5819
6015
1365
1072
1373
4198
2869
3932
1089
4151
4272
3705
3040
5651
4455
2836
6028
6005
6001
5554
5973
6038
3316
1700
1658
5966
5963
4573
4336
5880
3646
3115
6947
5519
1065
5657
6119
1081
2431
2605
7108
206
6783
2577
1928
5088
1927
2334
2316
2539
6522
5086
1196
1456
6905
90
6904
2394
5018
6637
2667
1173
1139
5459
2741
2743
2673
7141
1448
6920
4646
540
6721
1935
7146
3715
3331
3660
443
5226
1377
1704
1596
4258
448
4219
5061
3319
5336
2376
5845
5809
596
2269
2264
3668
1933
5099
2325
6948
5652
5087
5695
1446
3520
772
2008
4292
2434
4007
5717
4764
6122
5455
2628
2977
5748
6447
1066
7042
6213
222
4647
4100
2023
4135
7087
487
2782
2864
2792
6366
4923
1900
5816
1922
2438
6007
2459
1289
1926
2146
1454
1442
650
454
4456
6031
1854
14
1194
4193
654
6936
3104
3100
6806
4167
7153
767
5227
4154
5156
5725
4609
592
1611
4641
1651
1537
5456
5452
5545
1674
1478
459
4795
1388
4453
637
5376
6974
447
4387
444
5619
4362
4315
4312
5656
5109
4280
4150
111
6219
2926
2478
3045
6903
5232
2437
6933
6036
2923
6035
6938
1025
6626
1355
1001
3283
5994
6632
6030
2331
6540
6210
2625
2633
2669
2677
2678
2681
2686
2742
6539
235
6928
2759
2880
6234
1343
4149
6218
1197
6503
6694
3173
3709
5808
6866
3756
1807
3861
2266
363
5824
3701
4022
353
2081
6807
4070
5803
113
2207
3412
3625
929
2263
2262
2252
5780
950
2257
1467
1176
1966
1179
659
1985
5197
5223
1195
1479
1923
2004
2327
1936
1257
4696
2254
5121
2408
2432
4974
4970
4936
4930
2435
2196
1443
2195
5150
2193
1924
5157
1920
4144
2614
3384
739
955
3527
3555
1362
3653
4314
901
3681
4297
3344
4286
3758
3782
3828
859
3904
3982
4042
4047
4158
1765
816
3751
1919
3290
3287
670
2666
1545
4654
2755
4612
2821
2831
2886
1068
2918
1360
707
3047
3048
1901
1659
3063
721
1348
1679
3082
3135
1359
1657
3487
725
5650
193
6526
5872
6543
5855
5390
6518
6556
6111
5813
373
6750
131
6764
5823
6501
5899
210
6021
6020
6114
6115
6011
6277
6006
5979
5978
324
6320
6419
5965
5492
6452
6769
125
365
503
6963
5578
6949
5306
7020
6934
6931
7056
440
5633
5783
543
6914
5331
6853
7123
5239
5797
5570
771
4191
3107
5659
4196
3312
3311
3310
992
4240
3249
4289
3160
6012
3333
313
6008
5230
1003
5970
5723
3902
3391
3930
869
3941
3820
3787
3944
5810
5817
3716
3713
3711
359
4139
358
4079
819
4131
5770
811
3616
3608
3601
3565
3529
3924
3519
5843
3528
563
1041
6847
2001
116
6789
1285
1281
132
2212
2260
144
2312
6708
2323
6687
6686
1963
159
1942
78
7166
7128
1486
1509
1562
7019
1706
1707
6965
1766
1790
1850
1356
1352
6929
6913
6085
1225
1216
6368
2824
2833
6284
4295
2870
6255
6221
2887
1074
1071
6125
6121
3060
3074
1121
6586
6373
2740
2454
6554
2517
2571
2575
201
203
2592
205
1170
2621
2624
2659
2663
6438
1127
1092
1451
5482
5134
5079
4844
675
5573
717
4869
726
5220
4763
547
4606
5531
5497
5553
4963
604
609
5325
5204
5470
4361
4939
5507
4643
5426
5475
646
5012
5272
5641
5520
5309
5010
4622
4469
702
5054
3416
6709
4631
6660
138
3394
5370
5968
6705
2268
3389
4629
5486
5491
5649
3442
906
356
1968
476
1970
1971
5879
6822
112
6812
3610
925
3609
2071
2199
5881
3566
2082
2101
6787
1288
6778
5924
2164
156
6773
5942
3469
3466
6762
5882
3509
6594
4644
6464
2620
6206
2623
2904
4754
6215
4761
2893
2889
6220
2668
657
5446
2920
226
1088
6404
6403
5443
2730
2862
2736
4802
6390
6388
2749
6378
4790
6333
1086
5995
6149
3020
6009
2335
158
3672
309
2395
1224
6593
5002
6581
3166
4991
2444
2458
2580
673
6063
3101
2525
3095
189
6523
667
4703
2573
4931
5449
2576
3043
6498
2463
357
3602
5188
4040
4029
1783
5789
5794
5795
5186
6957
1817
3976
3964
5210
3961
786
3950
4257
7098
6945
4542
1520
773
5330
1506
5784
3885
1773
5782
405
401
4145
6970
4140
1678
5579
4138
1385
4136
7033
5575
4133
1384
1403
5774
5720
1708
4194
4195
5778
1767
4067
1769
7119
6944
6902
4548
1452
5539
4296
6912
4287
3774
5143
369
752
6873
3757
4291
7147
5812
6872
5827
3696
5125
3873
1474
3863
421
593
5821
1460
6860
7163
1341
