6549
5617
5205
2321
3238
6545
6542
3239
225
5519
6540
2813
5878
5214
3234
6699
4595
5208
3613
6970
3785
3231
2324
3237
3230
2322
2660
2913
6698
2817
6541
4072
1530
6547
1138
5870
5589
5211
5033
3061
2256
6523
2326
2459
2004
4415
226
2007
5587
1139
1133
3233
2320
4780
2323
5841
5582
6893
2896
2328
5202
1050
4784
6470
2131
1780
6487
7043
1192
6694
5213
2073
118
2138
2547
2002
5477
5767
5517
4571
4601
6285
4772
1659
3194
5845
6543
7042
2889
6812
6978
6032
5127
6767
2327
4275
4285
1136
220
2006
2329
6559
718
5203
6793
48
5216
2471
7159
2454
1132
5318
5877
6030
5512
2768
5497
3110
5469
4103
5849
5081
2605
2607
5210
4775
4007
5464
443
3104
114
6739
448
6428
2811
5217
1179
7152
4858
2082
1479
5306
3619
899
1241
6563
2837
2562
6544
1520
3116
832
3904
4783
1677
3665
923
984
4905
5981
6861
5031
4010
6681
4278
3999
4942
4467
3718
3788
5195
4115
1861
5123
1850
4854
276
6039
6509
3628
5209
3616
449
3786
6888
4016
2303
1551
6574
1546
2271
7015
5356
5834
2663
3418
5843
5583
2673
2508
2418
5502
6909
2916
2452
2758
6973
925
5030
3553
2036
6172
703
5331
2144
1474
6546
5879
3349
3841
6110
4813
2541
7106
3274
6732
5763
7053
5122
247
4355
3866
229
5240
5191
6212
1991
4562
5294
1232
2846
2164
3982
4598
2414
6891
859
5128
5296
5239
6867
112
2752
1469
3047
510
6192
5842
2003
924
5200
6863
2911
1922
113
3119
308
3723
3783
930
6757
5507
3096
1947
3060
4018
5516
2972
2001
2919
2677
5013
3924
5836
3919
5780
6695
2667
5078
2079
6309
2090
5096
5105
1509
3909
6766
1852
5129
3617
1554
3615
4270
17
3333
2478
7026
3568
240
6955
6856
2865
4315
228
4678
5309
224
223
6410
6482
4626
3486
4575
5246
1673
4745
3277
245
5206
3713
1282
5204
3669
3664
2869
6984
1531
3059
6036
1876
4656
1524
6333
7124
2810
6576
4463
4464
2918
4855
4600
6280
4856
7121
2845
2765
5664
5794
1863
7157
4377
2917
47
4788
5764
441
4279
1882
5673
4141
14
2862
1769
1901
6526
5609
579
1512
5627
6531
915
2761
1543
2800
1171
4866
5915
5212
259
3623
3273
5422
2503
3632
3248
3197
6784
6064
3186
1286
3653
5353
6031
6029
2417
2376
720
5243
5242
3509
5304
737
5308
221
2453
1131
6021
5926
3343
659
2146
430
4924
5812
1382
5816
5022
1996
6690
7062
5113
2106
3964
4951
2676
5035
3789
6737
77
3117
602
5073
6096
5684
4638
5227
1137
854
5588
5233
5230
1624
5298
5241
714
4927
6230
6421
879
5253
1441
1173
1655
4627
5511
5018
5221
5610
1264
653
5768
5201
1508
1039
1523
1054
5090
6047
5493
5564
6379
1059
1332
6038
5274
5382
5657
4770
5898
6166
1552
578
5124
6187
6374
839
5765
2832
4586
2319
3519
7168
251
2253
3618
6811
3658
6433
6782
3710
3716
2163
3787
2109
331
3848
2067
2051
6696
6691
6682
3951
3960
3983
4015
4031
6866
6558
6877
2396
2860
18
19
7136
2790
7107
43
45
2974
3040
3062
3064
3065
2669
3113
3114
108
6994
3271
3286
2489
6956
2470
3370
2457
3434
2400
6880
1873
3667
1827
4387
6480
4576
1845
4578
4289
6484
6508
1815
6801
2397
6886
1589
4363
2412
3416
3397
1586
2432
2435
2438
3379
2451
3672
4655
5336
4651
4418
2434
4720
1195
6329
5207
3629
1558
6037
1754
6790
4754
4752
3612
6795
1565
3567
2290
2294
6495
3514
6860
4631
4730
5237
6785
1853
5441
3708
7102
7105
5775
46
5771
2763
928
40
2892
2891
2883
4592
2795
2796
5661
894
2805
5751
1664
873
2844
5783
5605
5603
5595
2573
5873
5449
5855
779
1027
5466
2626
1637
5472
3235
3091
2675
5510
6477
7077
3053
3048
5795
6419
1679
2964
2664
6371
5713
2009
4928
6177
5087
4839
2076
5072
1372
2072
4850
4204
1468
1350
4853
393
4926
1844
4925
1828
3863
1843
1538
6660
3891
4865
1362
2014
6232
6677
2089
4781
4171
4930
6667
4816
6099
4174
5161
4789
6551
1817
6086
1501
6216
3715
1856
1997
6553
3815
565
2596
4932
4939
1994
4468
2686
3085
4427
4604
2629
4446
5495
2662
3105
2661
3941
1013
2652
3071
3711
1928
3049
2868
2793
5626
1499
909
2799
1867
4583
4588
5667
2858
5685
2824
875
4785
4594
1976
4818
5709
4898
1967
4201
5584
2926
2915
5460
4071
4079
1909
5613
5621
4119
4159
4596
4838
2593
3244
5458
5101
2091
3608
2087
3559
5088
5084
4731
1821
5236
5052
3513
3506
1196
3500
3493
2069
2257
2098
2252
2251
5178
5190
3705
3677
1811
2151
3670
2148
2358
3736
2132
1557
3655
1233
3651
1816
3626
5110
2137
3478
5034
3446
1373
5344
2509
5359
1092
2514
3276
1380
1116
1063
4425
2571
4986
3932
1041
3214
4949
4943
2539
1031
4999
1369
4699
5250
5263
1534
5291
4220
3410
5297
3356
2428
5021
3395
5020
4215
3377
3375
5003
4672
5299
2330
7169
202
6015
829
6882
522
5766
482
6424
749
6041
5853
6710
6059
6744
7032
6178
7150
5761
610
6986
6008
5969
5808
6777
575
7100
63
727
6525
741
6383
6255
51
44
6781
6996
408
824
6697
7037
5802
770
7162
6394
7066
6845
6734
6497
371
6079
6481
6570
6831
5874
6488
5871
5744
73
6485
6068
5897
13
6679
6151
2610
1548
1135
5950
4232
1880
7045
3984
4265
1487
3896
4836
1480
5428
222
3905
6841
3512
3507
5429
3610
1070
3174
4773
5368
1517
6325
1888
2647
2293
3127
6693
3593
1082
2300
4793
1130
238
5120
1080
1498
3552
3093
3164
3166
2307
3550
94
5942
5313
109
6316
1767
3504
5071
5177
3302
6668
5042
3287
5024
