6542
6549
226
3785
225
5512
2913
3788
2321
5617
2917
5477
5517
2454
2322
220
5519
3333
223
3613
3238
3789
5318
3616
2007
5583
2324
6545
5511
2450
3239
112
2911
3784
3781
2916
2547
6540
5870
3786
2817
2457
2163
6547
3628
1050
229
3025
2459
3841
5518
4595
5845
245
2915
2919
4678
3783
5802
227
5311
5841
2006
2004
832
1780
6989
2453
2329
3621
5877
5523
3618
3626
6509
5205
1667
1942
3760
3615
1554
5587
3237
1116
3316
7150
3787
6030
3113
4594
5214
6970
3056
751
3054
5304
5312
6652
4377
1905
5000
5294
2896
3619
3468
5510
3612
4936
5208
5422
2445
3780
5020
5286
1138
3849
6039
147
6781
2389
6782
5078
7068
1785
3317
2452
5515
108
7159
1530
5123
4072
3617
5203
5129
5582
5219
2326
6544
5878
1051
5217
3292
2451
3348
1558
3429
7050
6698
6032
5664
2421
3642
2237
4415
6278
6031
221
2328
1901
2846
3643
5127
2844
6160
2204
6660
3645
5398
5605
5915
5211
148
4590
5611
6565
5262
4370
5190
4745
5479
3281
6861
5469
2470
6595
6166
839
2858
2816
1509
6418
6601
6653
5497
5521
5209
1054
1032
5213
4431
1238
3646
5084
2652
6972
3059
5317
3924
5356
93
5516
155
1112
1961
1977
4544
7065
276
1676
3719
5006
2002
5003
3723
2654
2813
4232
2675
2892
2889
5315
5008
5548
5595
1637
5463
2918
4995
2800
2929
2811
5405
3863
259
2792
5289
5120
6000
6487
6656
5280
3629
4480
2300
5876
2261
2003
5243
3610
7152
831
2220
3452
2166
6603
6563
3487
6598
2009
5252
2857
1783
3782
222
3274
2428
993
1553
6632
3418
3021
5201
5874
5597
5206
5259
6766
2303
4467
5362
7026
1031
7101
3932
766
3246
6831
764
3960
3005
4547
6848
1458
5791
4016
930
449
4315
5282
6909
6604
6605
6606
6610
3457
2210
5427
2215
1507
1508
224
5843
6620
6410
3909
6846
1909
4183
4999
3179
2633
3647
741
2358
4996
2622
1221
3851
1056
5218
4770
1788
3692
2602
7015
3230
5057
5233
2567
2409
5914
2639
4956
6655
6654
5665
1624
6658
3119
2351
5705
320
6345
757
6555
6881
3136
6557
765
6683
3128
654
5202
4007
3708
3717
6593
2891
5122
5033
3553
3349
5349
703
3266
448
1086
868
1038
3550
768
3453
6867
1348
6805
3956
4945
6635
1124
1239
6629
6728
3376
6649
737
6232
965
487
1391
3306
3116
5303
5313
3984
3987
3450
6388
1398
5296
6213
6787
1055
3888
5799
2164
5833
272
158
6037
1853
2796
4143
2189
2619
2165
1501
1565
2160
4418
1995
5751
4457
2363
5713
5756
2226
1659
4171
4178
5589
4839
1664
2352
2360
5481
4456
1584
2755
1589
6964
1754
6064
2089
7042
2269
5464
1476
2401
6978
2414
4907
5947
2455
4730
2435
4372
1769
5895
5662
4663
1767
114
2682
6807
7103
5300
3855
2315
3207
4451
3854
2320
563
1631
1034
1242
1653
3865
3641
3637
6986
118
1035
4255
7100
4997
1904
3276
6777
1661
3260
3703
6408
1777
662
3761
1139
6699
2403
5274
5265
5031
7055
1122
4373
2418
3718
1762
3850
4329
6008
3848
1884
3231
146
5588
2362
154
5253
5075
1850
3370
5610
5287
5216
5285
6014
6012
6482
4227
1943
5204
1510
1395
2202
5105
1389
2214
5403
3971
2169
1534
6233
4942
2217
2218
5395
3962
2219
3008
2678
7153
6609
2073
2112
1456
6590
6178
2874
4601
4048
5149
7162
6888
2912
4596
4070
4071
4005
4079
2148
5178
4068
3451
6230
1109
4638
3423
6973
3110
6638
6285
5857
6832
4808
6289
3414
3420
6631
5854
2693
2291
1587
1947
3028
2238
6622
6623
5849
1580
3941
911
939
6473
3416
5789
788
4598
3706
4709
5800
1106
6597
12
2392
5788
3343
5242
2131
5873
6470
3509
4600
5
4463
4466
94
3558
5712
3700
837
762
1047
3648
2354
7073
5200
141
6624
5212
6657
1882
4437
4689
6659
4458
4546
5073
1991
2083
4593
1843
5193
2376
4592
772
2183
4540
1057
6612
769
6628
7155
4705
2378
425
4011
6056
2628
3197
1226
4126
3866
6052
1397
1399
4937
2616
3858
595
292
393
4768
519
3846
5295
1409
1414
3842
279
5571
4141
2647
373
4204
1336
1588
6293
2687
3087
6280
1341
3093
4186
3104
2580
3024
3954
4802
5550
1598
3122
3146
4840
6329
1538
5399
2964
5514
4002
602
3837
441
2479
1765
4013
2458
4339
4918
1776
2845
1143
2851
3259
4931
2853
666
4345
4348
4725
5035
5669
2854
6428
2862
2432
4342
5650
4816
443
3234
1487
5281
5290
2535
6885
5468
274
2562
5009
5158
6156
5195
5176
5199
5196
1500
6176
1418
5474
1332
5785
5458
3015
941
5758
3459
2910
3463
2793
1431
3473
2841
5834
2969
5460
6541
2814
3528
1546
2850
2944
1356
3467
5445
2430
1325
6387
5288
2370
5591
2369
5590
2561
1192
1045
1873
5291
2583
1673
5577
1049
1890
2375
2377
1803
2420
5667
5246
1141
3341
6396
2398
1825
1148
1766
2387
3356
5221
1089
1039
5709
5297
3114
5871
3407
3408
3111
1296
1948
1304
2267
3088
2260
1002
3062
1324
3089
2431
1944
2667
1206
1656
3382
6361
6354
1225
1237
2636
5309
6068
3163
5316
2304
6077
1940
2242
3398
3584
4090
824
7076
3843
4184
4181
4436
143
5004
5010
833
6826
4818
838
7029
68
6837
5056
6613
7032
4633
6744
6607
4876
3571
4958
45
6621
6626
3624
576
3640
575
763
4994
4470
4679
6645
4676
308
4657
4462
4772
4990
4450
4684
4446
3744
7108
6627
4688
3853
6975
3862
7154
164
4944
6697
416
3713
4387
4934
694
4919
6856
4588
3766
240
6899
4334
232
4338
3983
6721
3564
3559
4616
6871
3557
1
6845
6844
4628
4780
177
4743
6600
4711
3958
3772
4905
3951
6599
653
179
6797
7039
641
