5214
5205
2813
6470
5216
3613
5217
3621
5211
5304
6970
4772
5213
6549
2459
3626
5318
5617
1192
6547
6509
5583
5517
5202
3612
3611
229
5203
3786
5512
6482
6570
5218
5033
1780
2918
393
2891
6698
3627
3785
4775
6487
1035
2817
245
3616
5767
6574
3788
2454
6541
6542
3623
5510
6489
5215
6557
923
3239
6212
1922
5942
220
6866
2470
5870
2105
5760
6410
6508
408
2163
6079
1785
5981
5497
7015
3624
3617
5323
5232
3618
3781
226
225
5842
2166
6737
3509
3614
6767
6032
3234
3091
5208
2450
3061
2889
5464
2857
2913
7124
6567
5294
6523
2800
5311
4103
223
4638
4018
6488
4571
3500
4688
3391
6480
6075
5469
4616
5031
6766
5511
2916
2641
5078
308
1530
5519
2768
1531
5849
5481
4321
6490
6507
5611
3629
3717
1037
484
5614
5620
5764
5207
4612
5127
5804
2503
5845
2164
3166
6419
915
5071
4866
3238
2682
2453
2764
6812
6576
1901
6867
6863
1517
107
1783
224
6694
6116
5201
3114
3434
4594
276
2850
2743
5297
1554
4128
3783
397
1927
402
1416
7101
1481
2919
416
863
7043
4678
6558
6545
6559
4234
5843
3237
3690
2524
1418
2572
1034
2393
4253
5182
1510
6364
1664
2838
3665
2837
2899
3507
1124
25
2445
3619
2479
1831
1468
6760
6788
2360
6110
2654
3610
3226
4600
6232
406
2811
5398
3227
6978
6491
2072
5212
5200
6498
4784
4836
3782
6472
3117
7152
4777
5210
989
5296
5143
3991
1997
6553
3396
3829
2003
4773
3110
3231
2642
3189
5761
1507
4958
5791
3119
5084
3375
5766
3153
1138
5088
4934
5081
2677
741
5209
6899
2972
5477
1661
1040
5339
67
5316
81
4770
6865
5513
5515
63
6984
5291
3044
2807
5610
3508
6845
5255
3088
1557
3561
540
5640
70
549
2741
2833
118
5672
6497
6484
3787
2169
1909
2091
6673
6430
6361
6485
3628
6475
4083
6731
3967
7103
2396
6500
3941
756
1988
2244
6448
7166
3719
770
1207
6503
855
24
4595
2300
3378
1920
2256
6204
924
925
5306
2752
6447
768
4645
88
4774
7062
259
4640
255
5308
1693
5251
2216
886
2767
247
1926
4754
2755
6483
1603
1036
862
2019
5841
6495
4733
6019
1996
1843
6417
5074
1479
329
4017
1051
4377
2475
152
6550
112
4285
3228
5977
3221
119
5443
5369
4656
2896
1995
3152
1191
7087
2165
4528
5174
5181
2326
3933
5146
5794
5795
5353
2525
5731
4443
5157
2950
230
1625
2974
2148
2952
2955
1622
1032
135
2956
5356
3993
5299
4795
3983
3134
6515
3370
3356
3341
4932
7030
3183
3305
7055
6533
6535
2001
6540
3233
7044
3224
4838
6504
3377
4833
2132
5259
3780
5250
3069
4779
1566
5228
6686
5221
56
6975
546
798
2073
3096
6486
6625
6973
2937
3471
3568
850
2509
5626
6219
5623
6025
4621
5834
2253
1332
4628
6246
414
5616
2248
6782
4624
98
5645
5655
2389
6030
19
4467
2372
7083
4569
283
2324
7100
1325
2539
5693
2309
4596
6211
3615
7080
6285
4632
257
680
2477
89
6869
1237
4383
1389
6383
331
4362
3446
5974
1852
5462
2915
4015
5448
310
7107
79
4274
2858
1665
5547
2832
1465
6369
27
6338
895
2835
5871
3866
4921
4925
3904
7088
3374
3852
867
1467
3620
751
4276
4463
4955
4279
4385
4410
1414
7085
4716
4481
4651
4661
894
3668
3696
897
4764
1491
4752
4066
14
673
4710
4730
911
3397
4737
7057
3660
3518
4238
3376
4839
4518
22
7081
4590
650
3379
7102
4720
4613
1411
3554
4790
4783
3784
6555
1046
3194
373
2647
6822
5773
2595
5786
2660
1829
1155
5835
6784
5927
5928
5946
5812
114
5695
5674
430
5589
5605
1334
419
5615
5030
412
1776
6829
810
5627
395
5658
411
315
2451
2414
6717
6690
6458
6677
6471
2074
1905
1990
1991
2027
2014
2010
158
6551
2064
1239
6388
6735
301
6029
1868
1195
2382
6739
6097
2322
1218
2302
1226
6271
6280
6325
6333
1686
435
3789
1668
6556
3159
1536
3155
1550
1640
5312
5293
5290
3047
5422
3054
3151
998
3136
5186
3127
5219
543
544
565
6988
3082
5441
5331
5189
5472
464
6881
5077
598
979
976
458
2862
1645
3186
2851
2911
3637
1903
2279
2215
2241
974
2242
1271
1236
1499
2050
2211
3163
3184
2112
2115
3766
819
3752
1959
3736
3333
3703
1983
2168
992
993
1417
3718
3371
3713
3181
3725
3709
3089
1546
2640
918
1039
2957
2651
1346
2742
3604
2751
1109
2637
1108
2759
3441
2910
1333
3473
3486
2869
1074
3505
1089
1651
2321
1642
1154
1551
3625
1552
1562
2407
1083
2420
860
1861
1493
2571
861
2457
1850
2471
1845
2478
2489
3005
1031
1033
1614
2452
2739
3584
3799
5332
5344
483
470
5473
457
5490
455
5493
5499
5532
5584
5587
5621
5670
5676
5705
376
375
5317
5257
5253
5230
627
4927
620
4956
5012
5017
5018
5019
5052
5759
5056
5101
5123
5158
5178
5179
5180
569
563
542
5096
367
5779
5839
6738
6744
113
6781
108
93
6848
6861
6959
6733
6972
6976
7006
7024
7037
7089
13
7091
7136
7159
58
4711
6730
6670
5858
332
321
6017
299
6061
6089
6210
6272
6699
6323
240
6439
6481
203
202
6517
6519
6532
6536
6380
4707
1410
4614
4215
4669
4682
3965
4566
4010
4072
3962
4473
4333
4575
767
758
3924
4633
3960
2455
2417
3444
2421
4275
2429
2473
5950
2469
2432
5998
5962
6018
4703
2397
6191
6188
6182
6115
2327
2328
2329
6021
2352
4171
2373
4176
2383
6053
5837
6037
287
5832
5796
5798
4344
2747
2750
3795
5629
399
2753
5624
404
5603
2809
5595
5592
428
868
5548
5544
5673
2516
865
2736
2529
2533
6213
2557
2566
1143
2589
