6556
6551
5168
69
1068
6554
6320
4777
4775
1919
4776
1069
1065
4485
2001
1066
6550
6559
6866
1064
202
6378
206
5966
2937
6762
6760
1915
6767
2341
203
512
3568
1531
1552
7011
3063
1916
4600
365
5493
6734
687
3071
679
4624
6868
6942
2575
5780
2832
2817
6379
3822
6860
1140
6397
673
1280
6447
815
5447
3885
5900
3077
1831
1911
2837
501
3068
3061
6482
3883
6940
6509
3060
2241
902
1061
1150
6558
3074
1074
1072
6448
310
6763
205
6694
6761
4626
4704
1551
7144
2161
3471
5771
2838
4350
5928
6530
4771
219
5927
3171
354
5420
5441
4035
1781
2570
506
5070
443
2997
3245
3440
3474
3672
5873
1516
5033
3477
5443
6904
4604
3241
6901
6496
4772
5834
3042
1673
6909
3473
4094
2958
6733
299
2058
5502
1658
4150
6038
533
6766
1067
4519
5442
5654
946
6848
327
5156
6741
3651
16
7017
7032
130
1346
4063
2663
7029
2996
2833
2520
2000
759
315
2475
5633
3989
1076
5952
2813
5835
460
3072
3048
6069
1677
6523
14
5978
1517
2082
3070
6717
6843
681
2762
4774
440
6546
1650
6764
3248
1289
446
6557
360
5876
5781
393
17
3889
3843
1811
3848
5333
5672
3040
3709
1003
303
991
2284
2875
2349
2834
6738
5469
5987
4812
683
3078
6759
56
1063
3075
62
5981
3390
2424
1146
6716
6916
3556
2236
6230
5236
3007
201
5918
6497
18
19
6506
5044
6911
3244
4074
5877
6920
713
3286
2312
445
3067
818
5326
7004
5089
1670
4220
213
2571
5108
4336
5166
132
3041
5882
2822
5878
3859
441
6507
6445
1830
6498
437
3091
3864
6409
4067
4444
2985
1917
3554
3483
6395
5673
5783
5786
886
6473
5958
2311
5962
1901
2343
404
1836
4608
2017
2118
3076
4685
685
1910
5581
5231
3611
5202
3243
5210
4262
5226
200
207
209
3240
5311
6867
541
2009
1155
1144
1136
3660
174
3247
4773
3722
4784
6256
1434
2879
1693
4878
3401
5336
6241
6222
2886
1317
6981
625
6970
2503
4285
6240
3164
725
4703
6377
3665
1520
5409
4171
5449
5505
4705
6765
676
1022
1062
6769
2763
535
4577
5040
1314
5910
621
447
6975
3884
3283
3886
1285
1281
7043
1450
5080
626
820
2784
3249
5163
4062
456
6058
727
2992
6714
6013
6438
4700
3096
4119
6317
7044
2835
500
7034
1629
7026
6338
4854
1695
5507
6456
4942
6466
4943
4949
6411
4958
5930
1345
4702
3716
135
6253
3044
629
5374
2238
2530
6930
4555
2244
5785
2539
5653
1091
4455
7128
3065
4209
70
7112
4104
1139
352
1102
1125
1654
4183
1625
674
3069
6529
5417
6
1196
2396
5201
6922
1242
2310
1927
2921
5224
6505
6924
1983
5831
1012
5829
5616
4707
1482
578
869
6777
4627
63
1199
2820
1848
2990
1621
2983
6050
4530
2984
6242
6073
3583
3714
4516
4501
3991
1446
752
5169
5189
4265
5211
1188
4251
4281
5304
3472
3166
3158
5408
4709
1512
5313
3112
4297
4330
4781
3619
1440
4797
4395
1411
3287
4858
1349
5011
3308
5016
4331
1319
1382
5464
1046
4133
5788
5799
3563
5879
1832
810
3504
805
2340
5937
5939
4069
3581
2344
5912
2133
4645
5727
1009
998
4113
3079
5612
969
965
961
1657
3073
931
5699
5704
5708
5720
6019
2414
1990
2851
6949
519
6746
387
2660
3911
2584
3735
6768
2755
6487
2540
1968
6389
2003
2502
1914
6350
3881
2744
3852
524
3811
2736
6926
1956
248
6812
6908
2485
75
6839
6437
7012
544
208
6441
7158
6443
357
12
3863
565
6432
7038
6553
3873
3905
6864
6502
6449
6444
485
2821
3882
3737
3018
2826
5206
3019
2235
2437
6882
2719
5213
1207
6900
444
6301
3269
2007
2994
5005
5010
4333
136
744
2669
747
2671
2673
4328
4325
5047
5049
5052
6455
1287
2677
5955
468
776
2081
3246
5203
2823
6503
3233
3880
5467
3105
4159
5484
5490
3066
4101
5495
5499
308
5745
1006
1001
997
996
1988
3860
1816
5693
3090
2050
3867
6669
956
6575
6574
6532
884
281
2812
2246
6870
2724
3231
431
1170
2251
3217
1154
1151
414
2733
1142
5274
4187
5858
1133
5836
5385
2481
4177
1092
5824
6793
3853
260
5444
3854
239
2662
6570
4758
4778
4779
92
3736
3713
1969
6234
3710
6373
6374
2547
1438
7132
3913
1684
4621
1979
6244
6386
1428
527
98
6245
7048
4641
7049
2926
3480
7104
7093
7091
3481
3478
1998
2394
66
4713
2531
4620
6339
4734
4425
73
1478
3944
547
2884
4765
1461
2925
1562
4729
1688
1431
3626
7
4861
4867
111
3588
4617
6307
7021
2836
4362
11
4901
4356
718
7166
118
6294
2865
6433
6027
6434
6025
3383
513
1525
4601
1611
3580
4609
4860
3432
3569
1692
3561
1406
517
967
4514
4661
6732
1925
4631
4650
4663
5433
302
3858
6571
3668
6715
5428
5658
318
1542
1550
1070
4551
3108
6693
2580
3739
15
6739
7155
5580
3593
5453
6683
995
4449
1057
3673
4443
4623
2749
5446
6689
7010
1522
1284
4321
109
1694
4302
4842
152
3431
4286
5162
6934
1966
1423
5185
5121
1286
1288
3284
4979
2666
1347
131
4946
2206
1359
4355
6988
1311
5661
5035
3417
4882
2674
5186
5200
2655
5207
6855
4349
1479
4422
6853
1145
4754
7077
4717
3731
4185
6829
3162
1098
1096
7069
3748
4767
1460
2008
5217
6902
4793
1436
4260
2234
3622
5235
204
1195
1755
2721
6872
7056
4769
2083
3128
511
6526
787
390
6531
6471
651
3887
6470
2863
6464
2342
5956
893
5807
6110
6247
6544
3904
5764
5977
6093
480
5983
6252
2016
2346
374
3700
2831
2373
5926
3003
3046
3964
3980
840
5872
430
3696
6513
2329
6490
6489
3985
2028
873
