6559
6767
6556
6866
4777
2813
6550
6551
5981
2000
3617
4772
1069
1066
5033
5217
3091
5842
1068
6032
6470
5214
6576
6509
6488
5493
202
6848
6867
6487
4775
6762
6557
6970
2459
1912
1914
6570
4776
2817
5213
206
4638
6574
1531
6868
6571
1517
5786
2503
4773
4285
6760
393
1901
5207
5201
3608
2895
2937
5203
5469
1040
1065
5318
5499
6575
1911
5211
2811
3048
6320
923
5764
4784
3061
1919
5168
2782
3848
7162
3471
6694
3880
3883
5966
2781
3410
1927
5767
620
6845
6799
4362
1064
6411
5205
2001
203
4678
4577
2832
2918
6860
6546
6864
1516
5942
2083
2755
4171
1783
5840
5879
1022
2164
6473
6490
5506
4283
5441
1915
1916
2762
1917
7161
5202
2520
3315
6035
4125
2478
5250
19
201
5760
918
7015
3481
6782
6533
308
6539
6766
3651
3824
6466
3001
6930
3568
5507
635
118
4253
3884
3772
2780
4627
135
5216
5218
629
3967
4566
2662
6558
2785
5464
5449
2763
5505
2475
5611
1241
6523
3827
5212
6498
6553
5070
6011
5215
5039
2838
2660
2837
4970
5336
2736
208
2810
1191
5658
1479
4612
1545
4288
1542
810
6784
7057
1046
6812
3583
406
4645
3396
5872
6934
3660
6525
6922
4172
2244
6924
6481
6938
70
6485
1861
4278
6947
1074
4202
6940
1552
6448
1067
2743
3889
3781
17
2418
18
5473
6234
3941
3626
2320
6289
2312
5616
310
5316
4122
299
7044
5257
5253
56
2471
3119
5531
1979
3267
770
1987
5790
212
6554
4632
5792
6763
5031
6869
5766
817
2489
6714
4485
5142
823
2571
2501
1192
845
5392
4080
211
2822
1042
6378
5433
1051
3619
2311
1780
5804
4675
5876
3829
5510
2082
985
5873
3785
2607
3991
1195
200
2455
3757
3171
3665
5463
565
6222
7081
4636
4176
625
3612
2666
5835
131
3567
4562
5771
5071
3393
6549
4377
4277
4279
3504
6978
5208
404
5304
3611
5977
2888
5313
5312
5311
6785
5781
4284
2611
6788
5174
152
506
3362
3364
3367
2673
2539
5623
5583
2604
2741
2739
2677
5836
5831
432
4943
2758
1190
4770
4700
3244
4659
3252
4641
4635
808
4563
3391
4561
1091
3561
4289
869
4274
4181
4177
1063
1061
1056
4026
1035
3886
3788
3845
4854
5520
3040
1199
2768
5495
1281
5444
5437
2815
2818
5339
5323
5248
5236
621
622
626
5204
1242
1240
5166
687
2996
5055
5012
4989
4986
4975
714
718
1196
5849
3584
6586
2396
213
6827
205
6729
6959
1541
6975
6928
7103
6480
2452
16
117
98
6535
5870
110
5871
6283
1402
6547
1707
6038
6739
2340
6748
2014
3314
3248
6326
6229
2800
2786
1982
3363
6063
3518
6110
4444
3474
114
1989
815
6177
2451
2450
6204
1981
3365
2166
4737
1360
6677
3004
5030
221
5035
6476
6477
2883
5223
5235
2102
2979
5074
5210
6507
2909
2886
5126
6530
6491
6447
5251
2247
2300
6388
2074
6902
309
2274
6579
6578
4866
204
4894
6419
2256
602
5308
716
209
5301
4951
4774
3554
2889
3621
5661
5663
3964
14
1062
2674
4275
3708
6948
3581
4218
5928
2540
1351
7124
7120
446
5714
5695
6988
3961
1848
2570
5712
5983
4276
6944
5783
365
2502
5614
2521
5927
1922
4321
1686
6945
3613
3623
5952
1057
3627
1666
1910
6037
2676
430
867
7106
979
3885
3005
946
3007
934
4969
215
4334
2509
3823
1236
5158
6541
5129
983
5124
5118
7142
1642
2932
2109
2972
7133
7132
1465
956
3945
1662
1472
5023
3963
2091
3090
1045
4601
4597
3318
4571
6842
1983
132
6942
1973
6933
3310
1085
6921
4467
6916
6899
3500
111
4412
4383
844
4333
92
4621
4183
4622
926
7091
1054
4838
4101
1787
1092
1482
6695
1789
2050
3103
4127
1557
2015
3233
4676
1551
3603
6761
6968
6789
1998
4896
1510
3825
6532
5896
5314
2835
5839
2253
5654
2454
2470
408
2248
5448
5989
2596
2246
6355
5232
5230
6116
2477
5653
2788
5636
2310
5608
2812
5830
6039
5584
512
5805
2506
2733
5834
2504
311
2826
1431
5502
2833
1310
2574
5517
5987
5817
6455
5973
5969
6500
2783
2241
5490
2784
5780
5693
2524
5209
6508
5761
6221
1365
2394
6497
2760
6214
6475
6190
5497
2572
5512
6519
5460
5858
5705
6484
2173
1274
5795
1668
5796
1511
5607
3514
5592
1512
3512
3444
6115
3419
4463
2573
5177
2747
822
7109
4528
3401
3507
6875
354
5798
4432
2753
2732
1925
7011
5704
1840
5708
1829
7038
4123
927
2647
4121
4113
1565
1060
5979
4100
7069
924
1781
2480
5958
7087
928
5696
1859
6979
849
6043
4339
5612
5794
3622
3566
5615
5617
4287
3552
1913
2675
6029
4051
1079
75
3589
5679
1577
72
5680
2458
2444
443
6213
2245
1474
6572
4979
4978
706
4971
3881
6449
2851
977
6444
6441
7138
3009
207
198
3038
728
4858
133
6577
3882
4852
5226
6567
2893
7152
651
6544
7149
6520
5125
5122
2897
3846
2243
5085
2935
1218
5077
237
412
5878
6489
1209
1468
7140
1630
5900
1701
4827
2329
1491
3262
442
6764
6765
3659
2003
6769
3653
1664
3043
6260
3614
3633
1997
4600
5492
4584
1364
2414
802
1985
6215
4631
5443
3247
2020
2307
3727
7126
5390
317
6746
1657
4813
6675
6717
6724
4709
2016
2562
5807
5440
6271
3668
2060
1625
3780
1654
1000
1629
2488
3812
2575
1578
3664
3786
1688
1515
1567
3096
2816
2309
2820
3069
1481
3049
2067
2823
2257
2834
1197
3019
2249
1178
3008
1473
2880
3000
2105
2242
2936
2238
2931
2906
2236
2235
2168
1462
2161
2865
3110
3215
3217
1059
2633
1827
2650
2661
3587
2663
1890
2667
2681
2683
2456
1918
3556
2742
1388
1300
2323
2324
1146
3286
1495
3301
3616
2367
1988
2437
1953
3412
