2591
5990
6307
929
6554
5002
1365
3873
69
2008
928
5156
6335
206
2872
1781
1697
1140
5727
6812
3672
6021
1683
124
4674
1378
1459
1129
2875
6338
3944
922
6337
4628
5966
1150
1602
2001
823
5723
3878
5671
3978
1818
3976
1693
5846
4848
3488
2475
5894
1382
133
4842
2485
5995
3578
5666
2184
6333
2878
5235
2879
3063
4845
5930
1696
747
5996
713
1606
6102
1154
1689
473
1684
123
427
1151
1069
1850
758
3478
7141
756
1779
6340
2815
6371
3158
1361
2628
1677
5001
4650
5329
2145
1024
5087
6551
2873
2133
5835
1621
3968
3885
5177
5575
2188
3141
3563
5962
4623
1360
743
2744
3401
3739
3735
3526
1698
1068
3355
7149
277
1152
1203
3389
1254
1211
1685
263
6220
1691
5016
5725
2198
1972
5747
5989
271
5910
5987
203
4425
358
1682
1695
2251
1692
5875
2182
5547
4648
4626
3075
6028
1125
2713
512
6315
86
1097
533
753
1064
759
3825
7034
7095
5044
7108
820
7112
1016
6497
6433
6733
7142
2670
1146
4704
3071
5184
4201
4834
5163
444
4702
4250
4841
1269
4844
4847
4969
6211
4519
3013
2624
4849
2653
2028
2016
919
6502
3975
752
796
4516
5680
751
742
6556
748
316
1919
391
6083
6103
6113
441
5958
1367
4422
1366
1362
1359
4367
6217
6397
1251
511
3731
6320
5885
6762
5876
1062
6341
5844
6739
1856
6735
5769
6243
5633
648
2570
127
5076
5151
3213
5237
5492
5125
2655
5402
3996
2318
6991
204
5116
3011
2676
2997
2259
5099
7119
131
7148
5159
2573
5186
4979
4066
2736
5542
3112
1620
2575
983
6035
2958
417
2627
4765
5997
4800
6061
1478
4965
6990
4336
402
2556
6287
6901
5898
5426
3810
6112
2663
2379
1690
5228
1623
1013
4708
1627
4365
5236
4361
1609
2593
1358
2481
3771
4354
6126
2466
5171
5945
6218
6396
5326
7049
1017
6221
1189
1778
4180
7067
5482
6966
5729
5493
5495
6536
4252
6339
2719
2181
275
2180
4830
3402
6952
1998
1061
2148
2002
3848
679
5049
5585
6331
1072
5587
5079
1903
4808
1955
2262
202
5100
311
2246
1139
4801
2257
4450
6357
7144
201
5825
2284
744
501
3748
1195
3737
2886
3695
2738
6748
437
6358
3694
4035
6768
1433
1434
6760
1066
139
3914
2888
2611
125
519
2660
1126
2706
6215
5026
3922
3907
1123
2666
1029
6367
1344
2877
6240
4752
1043
3728
3732
5048
6376
2674
3734
121
1022
1368
3757
446
5070
3609
5865
1794
4804
2977
4444
5900
5903
812
6896
4904
5926
4426
821
825
2314
6498
2343
4806
2442
207
5781
3429
657
5642
643
2107
5663
3406
264
2183
4840
3038
4251
5720
5728
5486
1916
1915
745
3947
1699
395
404
411
5988
4671
4677
6023
3123
6022
152
2893
931
399
6427
3774
2536
6435
952
3581
3942
887
3553
3548
5188
1494
967
6718
6709
6449
5957
3763
5038
956
3861
3078
3066
6559
3843
5052
658
946
1065
6469
6538
3798
6485
5005
2957
1028
2870
968
826
6438
6424
4295
4778
775
3747
921
4891
3754
3103
1021
4807
6504
2931
3427
5088
1791
5437
653
2285
1770
4586
5886
3519
5424
3530
5415
3538
5941
1706
1705
3335
5385
5382
4620
4641
4642
2478
3556
4453
1808
3490
1841
2058
5653
2100
2022
5576
5668
5557
2000
5675
2157
4547
1632
5684
5694
2192
5721
5722
3390
5726
5475
1875
5830
5831
2236
5690
1629
1625
1624
6156
3651
5117
6223
6224
2667
6230
3691
5114
4714
5108
1354
1147
3721
1128
2710
5092
2717
2718
3733
3736
3738
2740
4729
2705
5080
1357
2622
5222
1605
4673
5213
3565
5993
5194
4679
1553
4691
2547
2629
1533
4400
6058
6087
1438
1437
1430
3625
4374
1388
2091
1369
4406
4451
1537
6992
6687
6738
78
3919
4177
3965
513
4181
6951
3906
6909
4094
3963
260
310
6713
4209
6911
6953
3883
6866
6694
6815
426
6969
603
447
4212
7113
6763
7166
179
253
6744
120
4150
414
342
3421
3749
7002
3583
3768
3896
957
6862
2444
2443
2704
392
3940
1548
1598
985
5992
398
3577
4629
1027
6390
5601
4803
2101
5280
174
5281
2449
365
5007
5008
3443
357
4670
6471
3542
2032
5942
5935
4171
5932
7025
2027
4809
5928
1681
162
6447
892
581
378
1070
5977
119
927
5975
4998
6864
924
5968
4297
4871
2847
5119
5952
5950
5245
588
6764
4797
2376
4348
1381
1384
219
4585
3693
1209
1205
1377
2199
5428
2191
4340
4600
3627
1187
6957
1180
4381
1419
5433
1371
2240
208
3665
2707
4564
3657
3656
2933
6242
6216
3653
4777
6222
2265
1341
2711
1364
4350
6820
2175
4324
4320
4395
3602
4396
6071
1104
1103
1098
419
6078
1096
6060
5393
418
6056
6769
2680
2679
2970
847
421
514
3730
433
1436
6843
2329
429
1157
3620
2721
3400
1144
4316
1136
3332
425
3610
510
2894
422
3607
6765
1721
209
3966
6927
5681
1813
4428
3863
4695
5912
6672
669
1857
3474
5150
3448
3822
3876
5712
740
3852
1826
5699
5832
3969
5822
6693
151
5674
9
3521
324
5820
739
4061
6688
3041
1911
5200
2021
3072
3171
2004
1800
6557
3472
6931
4129
3871
840
6530
652
4038
2626
5168
1910
3516
1795
5748
2544
5073
6908
5927
1809
1121
1138
7131
1969
4485
500
1453
7127
424
2807
4390
6997
5090
1450
2141
7
5849
4172
5555
6847
2368
5182
6535
2887
3114
3962
3897
6761
2377
6533
2677
3316
4723
546
6935
1120
4028
1815
3608
6537
3606
1824
4513
1821
3409
6680
2334
1493
1099
1816
746
2683
6681
5020
3913
4785
6910
1353
2210
456
3386
1247
2936
6828
1252
3930
3932
5499
1370
1373
1374
5801
6244
97
3069
2267
3383
1291
4958
