6552
7011
2341
2349
6553
7166
2937
3888
1060
2156
5535
869
4044
6489
1169
55
134
59
1558
53
58
529
1567
1559
4770
3386
2575
4702
289
486
498
2364
5306
1615
1165
2335
1350
285
2118
6897
54
1536
50
5234
2034
1469
6465
6615
864
4004
527
1063
7013
280
282
1166
820
130
5250
866
3074
6184
1569
632
3702
5532
4749
6547
2374
3328
867
1568
495
6144
830
3191
2755
6860
4133
5125
3987
1555
5533
5352
3226
3221
2810
1787
2625
860
4005
7018
5224
4006
1600
3283
1786
2033
5019
29
3236
5640
678
1168
6448
2223
6076
5496
2252
5558
6721
1161
1160
286
2987
283
5921
992
622
2367
6466
288
7012
3157
2063
899
2730
3541
521
2337
5226
3073
858
3917
5620
3864
3544
865
4866
2505
5353
2526
4709
825
5900
612
990
4110
634
994
4551
4033
684
1163
4771
4223
3496
1164
5402
5837
2620
3339
3324
4226
6376
7158
4142
4002
6446
4009
1328
3979
4705
752
6443
5530
2377
2746
6731
6733
63
5598
1196
6379
1242
51
4152
4756
4712
6227
23
244
2781
1750
6869
3392
4114
3224
1461
6752
4447
4445
2574
1141
6716
2319
4036
863
2653
861
4529
826
1616
1613
3531
851
3301
4519
4837
1329
4831
3884
5410
2110
6669
4778
5843
3352
5834
2612
636
2282
3159
3842
6726
6349
4140
2116
3699
2306
514
2232
2749
287
3916
6712
1400
5697
537
933
317
859
815
792
628
690
691
3881
693
894
699
2272
2570
6550
4710
1119
4408
6492
799
805
1387
505
4410
724
509
910
896
2521
3575
22
72
3484
6093
4610
4612
24
1036
3327
3396
6987
241
1560
6967
1564
3393
3542
1062
6097
137
5350
7053
1617
5189
217
3656
3384
264
3532
5386
898
3244
5754
3591
4896
6691
6930
2629
695
7043
3057
2375
696
2276
3334
1557
1551
4708
1114
2333
5585
3067
3085
2292
3320
6663
853
1162
6096
1595
144
7015
3913
3304
3534
637
2621
3307
7072
1758
4255
5826
513
7096
1386
621
3489
5484
1000
33
1611
4867
2971
3880
62
3545
3886
3497
2394
1001
3103
6713
6381
2353
1877
823
4812
1537
358
6559
2357
4727
3167
726
300
604
5545
5333
346
1930
775
6411
4148
249
6209
2520
4575
3688
5297
5377
4707
6558
5897
729
6895
5135
2199
5719
166
4858
2066
2503
2064
3440
3874
3620
5478
5276
4589
6494
1577
3550
2065
2961
3494
1057
4091
5367
623
1529
2748
497
2062
162
160
3355
6572
3937
4832
138
2176
84
2525
3635
6582
987
272
6260
1079
2153
5161
6101
1603
3161
7027
3918
2736
515
5828
518
6863
4773
3351
1159
4701
3166
5406
4233
2938
5143
5408
5926
2290
4598
2984
52
3594
25
5751
3070
238
354
3245
4017
6719
1989
4113
5601
6717
4639
2136
6444
2012
6773
892
5570
1440
6758
6029
6182
3741
1945
6115
3331
5186
1153
2502
5894
5895
4752
2376
1446
5015
2643
3077
2573
2326
2280
7121
2298
2038
3145
2122
6982
1135
681
3264
2146
6647
3394
1382
3325
1381
6086
3150
6491
2283
3139
2863
1563
1405
5534
6111
1917
433
1767
1123
3487
4744
2553
336
5618
2277
4035
837
4331
2311
90
2869
91
5257
2161
2391
626
4103
2393
2789
6134
5892
4122
2219
1010
21
1177
4177
2211
5908
6430
1189
1026
6127
1207
1019
2733
6361
1680
4722
4119
5387
4570
4045
5806
6328
3505
2669
3353
1642
1752
4225
798
6108
56
7114
5871
683
7116
688
1652
2801
694
698
4798
7055
6363
7051
1465
1464
6766
3222
236
2577
379
2500
3078
3241
6730
1553
1556
6041
4958
1410
4356
6706
2603
6700
611
1562
6971
5628
4468
3002
2996
3572
6959
469
1466
3723
3683
5500
6894
3685
5499
260
3165
3160
1861
6077
3701
5114
5110
3113
1531
4441
1532
4624
6818
1534
6230
3137
3603
5536
2356
345
3721
3220
5093
4482
3814
2980
2942
573
5502
5227
3530
7006
4704
1807
2456
3919
1797
986
539
3936
1790
1340
3951
548
6143
549
1602
5716
3533
1324
2050
2088
4605
4282
1151
5758
592
1374
2061
5476
2884
3889
165
489
164
1020
4325
6986
2132
6625
512
481
5220
4443
6095
2623
2359
6057
821
2523
6065
4528
2522
2626
4580
5927
5928
6056
4579
2288
2690
5979
6177
2607
862
4335
2467
4608
2328
6104
2698
2397
6257
893
4461
2342
2344
4458
2458
2666
911
913
1070
5947
1179
5950
2527
4585
1956
1984
1434
5580
6736
5007
3080
6377
5449
5453
7020
6753
5053
1460
1463
3112
5231
364
7033
6715
3322
6707
4852
3887
496
493
1372
6617
5275
3852
360
2039
7059
5624
2036
5269
1403
3822
3038
3039
6665
3910
3722
5539
3192
3639
3548
184
3623
1856
1561
3577
234
233
1853
1851
3229
225
3258
1844
221
6890
174
3546
3171
163
3714
6805
6808
1916
3140
1915
3707
3126
3706
1913
1492
168
3162
6854
5506
1504
294
1914
4850
3359
5677
5293
4761
5864
7134
4769
2193
4774
4051
673
1735
1267
2851
4777
2854
5279
5383
4039
2861
4775
15
2206
676
2735
2237
5916
6409
7148
5311
2227
2762
2226
734
6436
6441
4126
4123
2786
5883
6476
2803
4754
630
6546
1272
1550
6567
3488
1323
3980
1327
4014
2126
5731
5743
2104
1650
1322
528
564
2135
3492
7119
5774
618
3482
615
614
2117
4034
2152
3914
2147
2143
5755
4001
6555
1320
1824
4587
1064
1747
1705
5334
5206
1575
5236
5274
1591
5470
5388
6109
1778
5444
5256
1768
5380
1762
2399
5238
1728
1756
2379
1058
1816
4728
1846
2037
2040
1380
1379
2067
4847
2100
4833
2119
2139
2279
5753
2305
2155
1265
4762
5866
4758
5867
5945
5880
4743
2248
2231
4731
