6678
3252
3251
4263
6675
4270
4268
3253
6781
3255
4106
4212
2506
3521
442
4279
2637
2636
3772
2634
1707
53
6953
6952
5654
280
52
6671
3193
3526
5367
5535
51
282
3089
2063
2872
5534
6961
2449
6672
2638
1800
6032
1548
5538
6564
283
3250
951
4734
2635
7086
5532
4606
3258
5431
3254
2116
5652
1610
3257
129
2485
2630
4294
6801
4219
889
3524
4267
2632
4109
50
55
54
3413
1975
1972
6663
3529
286
1648
1706
5246
3667
3691
5430
1696
2067
6288
1109
2457
6830
80
3023
3983
1816
4107
5655
7049
4278
58
507
4225
3083
3187
1082
2611
2570
6736
4340
3525
5386
5436
4266
1224
6050
3041
7077
3693
6967
4980
3720
6936
6563
572
5120
5660
2232
128
1214
3838
3226
4523
6803
612
2164
1663
2518
4217
4504
3830
4213
5039
5440
4238
5050
6106
288
3087
3056
127
2641
4103
972
6844
4525
1808
2334
6935
3576
702
5225
4228
1578
3035
5608
1533
1178
3690
1177
4222
5236
3042
6519
6856
4745
2530
1891
400
6670
3317
4986
6058
5450
2571
4398
5641
1219
3195
4555
120
82
1705
5750
5426
3412
5096
5530
1473
3180
2088
7092
4984
3862
6129
6399
371
5753
5653
3833
5658
5752
5762
4345
4341
4347
4226
5087
285
334
6567
1633
2066
5235
2064
4326
6350
6753
3659
985
2339
704
6385
1470
1471
6333
2054
4223
133
1701
6988
7120
1730
88
1704
1887
1970
5894
858
3510
2861
217
3126
855
4862
3194
6960
121
4889
6950
1157
1697
6945
3221
1960
2860
3184
4003
5566
2617
2466
6059
444
3967
6062
5906
2633
6956
6302
2447
1595
6157
1002
1635
4387
4876
1614
123
2520
4884
6338
2928
7018
5943
5754
3222
1881
2895
5921
2110
7058
1215
4362
1216
1477
1285
6966
6077
4352
5142
1731
5414
5019
2403
4577
4271
6783
4102
1814
218
2336
6789
3033
1812
4114
1530
4503
4119
2309
6849
974
4520
2239
4860
1760
1791
1147
4552
2258
4224
3636
6874
4895
5465
6424
4274
4273
4073
5260
6265
3519
5106
4471
5031
4038
6048
59
1229
5048
2302
4260
4176
4321
4385
4218
3832
1249
6086
1859
1794
1769
1501
4210
1724
4871
514
3109
3159
6422
1735
6066
441
1480
5098
6054
1037
438
4787
2335
5029
36
1813
3024
2227
6053
6392
1474
868
2429
1491
7098
7010
4925
1612
287
708
1172
6774
211
3649
2053
3520
6758
6883
5539
958
2062
1962
1179
2647
952
5211
4639
3527
339
5603
2032
1375
5320
1367
3562
4537
6809
4558
1669
5888
6806
752
6855
6792
1400
6790
5862
6788
980
2709
4574
5827
4500
1322
6674
1894
804
6676
6677
6128
2863
3729
5544
6963
4396
661
3700
6835
391
3322
5202
663
4502
4864
2119
823
2128
1787
4867
1774
6041
4390
1014
6331
860
1790
6202
6209
1714
1662
4393
1665
1974
2013
6337
6121
731
6456
2236
1998
6091
879
1999
1726
6237
1618
4578
6176
1847
6274
4658
1736
6173
834
6276
5854
6283
4328
1639
1908
4329
2086
5742
1739
6183
6125
946
603
4957
2215
2046
6186
4416
6044
5017
2055
2056
576
1647
850
658
4423
6266
6004
6796
4221
6786
3110
289
5270
3651
6756
1129
310
3666
6749
6744
1115
337
6721
6720
3703
6694
5173
6679
3766
3769
3771
2565
3779
2539
3834
3835
3836
2718
1472
5598
3572
1281
2963
89
5536
105
7089
3244
2927
3181
3256
5435
142
5434
5556
155
2868
6954
6951
3160
5483
1173
212
3121
5363
2772
5362
5488
1148
3113
6804
2507
1222
1052
3088
5678
3084
4101
7154
5138
2312
7166
5140
2399
4108
3078
3962
1525
5685
5052
7150
4063
2374
5107
1503
5706
5392
5570
216
6937
2800
6544
3514
5736
4819
3022
2221
2809
3491
2329
5402
3518
1176
3837
1165
3579
1809
3573
4866
6817
6423
970
3038
1524
3555
5489
1377
3542
5579
6560
748
1978
859
1327
2337
1164
5366
5413
2224
1698
2988
5939
2289
7020
2986
4174
6467
4789
3185
2948
3219
1213
5054
3186
6071
7069
83
4783
1283
3197
7075
1220
4784
1737
1228
126
1817
6949
1188
948
3582
2226
2855
2856
1702
2864
5425
7158
778
6007
2879
2890
1885
3308
1538
6993
6113
938
137
1709
6513
2878
5595
3589
2010
6329
2118
1009
3768
6382
4414
3759
5629
3758
1780
3727
3102
2097
3717
2089
4821
355
5189
660
2444
6578
3991
6735
4342
4970
2573
1597
2493
1795
2491
2490
2479
5646
406
6356
403
3100
6353
6352
3813
1479
7140
2467
4987
3776
2558
2559
2564
4394
5786
5161
4516
666
3653
4475
5856
867
3639
4477
5605
705
3632
1409
6785
2395
1131
4483
4051
4497
6787
3627
5301
6795
5599
2014
723
1512
1664
4034
5844
2060
2059
1793
7138
3054
4002
2071
4863
5208
5212
886
7151
6568
6056
1123
6271
5492
6040
2065
2191
6264
2684
690
5495
907
1763
1240
5523
5973
1271
1752
5049
921
5616
1642
1641
5206
996
1110
1629
5621
5768
5645
4989
5761
1606
1092
5137
1499
5027
5675
5038
1527
5693
1532
5723
1125
1644
5244
983
4870
5456
4872
5448
5438
4881
5437
934
1713
5905
1329
1223
5407
5389
5896
4896
5576
1149
5870
1146
5316
5309
5302
1402
956
1539
5499
1785
3479
3497
2802
6402
3522
6878
567
6429
215
2222
6454
4220
3528
2781
6858
4183
4181
4180
517
3478
4357
2156
3456
3318
2081
4455
4452
4450
2092
6975
154
4421
3533
2865
4412
2670
2132
4389
6355
4382
3424
4380
4378
6959
6994
3536
2313
3831
3812
3637
2568
375
3719
358
6700
6759
2612
2631
2639
332
331
330
3655
2672
327
6747
284
2511
281
3847
4099
6840
4084
4082
6001
6566
2398
2402
4010
2305
4005
3556
3992
3564
3570
3587
2478
3879
2488
6793
