6560
6567
6170
5119
4322
6004
6753
3719
4749
1369
5414
2216
2199
5971
7163
4211
2346
482
929
6438
4361
5980
1609
4594
1613
4746
5416
1435
1119
4118
1617
6006
5305
882
5783
4832
2809
2855
2676
958
5412
6175
2084
4225
2086
926
922
2192
465
6814
236
1015
1370
1430
3255
5454
817
3242
5241
3250
5754
1614
1605
2860
1604
484
3562
670
5827
4819
3202
4046
692
6886
1009
4276
2190
5885
6755
5361
4414
2194
598
5703
3070
5365
5364
955
825
6053
2288
5821
2343
2193
1362
6676
6009
4219
2011
6007
1535
928
5417
4622
2088
2087
6756
2568
1891
5750
5793
2662
2700
2374
2560
4575
2828
1998
2672
2567
2563
4867
1562
1142
478
6534
2577
3129
1539
245
1600
6108
880
3742
249
1481
2212
6005
590
1616
5040
5037
655
935
5019
6396
71
3745
6214
2368
1437
611
2348
4221
5491
4936
5509
270
5589
6677
3205
2763
4811
6719
5368
5369
3811
3602
3876
5360
1809
2526
2493
3947
5058
1367
1366
1844
248
3068
6792
706
7137
7016
2089
5887
3714
3715
2423
6426
452
4025
924
2196
4027
659
6252
6002
6003
36
672
6066
4113
7098
793
2595
2341
697
4067
6472
1610
2080
2421
3443
2675
1140
6270
5773
2866
1062
3453
6998
2664
5822
2019
1037
650
2034
139
450
6515
5244
6287
687
2980
6279
5553
3576
5838
3381
6696
3373
2951
5683
5705
717
823
3019
3398
3241
1026
5825
1040
5969
6434
6440
469
6269
6524
6752
875
6539
6536
1525
2768
1530
3451
1439
6001
5557
1619
2663
2013
4567
1999
1618
1994
4597
4609
3678
3195
4697
3078
4747
4762
1875
1845
1819
4845
4881
4525
4934
4520
3710
3843
7141
2426
2393
2367
7107
3761
3163
4222
4224
4229
7076
7074
7072
4253
3176
2197
110
2181
3701
4935
3285
3071
246
5057
1680
1649
1648
5129
316
3450
4477
2124
3440
5926
4504
4326
5939
931
5116
2160
5845
2049
2191
2861
6988
1483
5786
5077
3240
1989
1996
2775
5820
6817
3091
2016
5087
6824
4523
2195
886
4618
4069
693
38
4061
4044
4029
4024
22
6432
3123
3308
2455
2503
3583
6398
723
4279
725
2344
6523
2765
5243
3734
480
5235
837
4190
4123
3749
812
6092
4097
3378
1583
734
4639
985
5447
6707
6709
6715
1888
1887
5471
1446
1153
1361
5053
1843
6746
2708
4836
5022
4871
2803
6790
6758
1781
5406
5383
4930
5367
3073
4937
4979
6787
317
5528
2829
3192
5578
4739
6693
3657
2837
3822
1229
1694
4744
5679
2802
6234
1632
713
1785
6221
2364
6176
2362
2349
5206
2048
767
4897
6119
1186
4614
1379
2806
4112
795
6072
1807
2599
2867
2345
700
4062
2801
3820
575
577
3818
594
3814
1739
2677
1624
6286
2457
4619
1431
5685
4022
1969
5176
6265
2420
5363
4616
5749
2402
5178
5387
675
678
1110
5670
4063
2605
5668
3746
1540
3723
5459
2180
1453
5930
1507
2836
2169
2163
1897
5910
2820
4388
5905
5517
1537
3709
3703
5005
2075
5880
5875
4533
2825
2826
5089
5341
2875
3725
6058
2907
921
1713
3743
5221
4216
1643
2257
5625
2253
4227
567
2705
3738
5619
1497
2781
4772
1343
883
1231
4273
888
4274
2912
1340
5972
2198
5118
1338
920
5457
4641
7169
278
6882
7052
6759
7035
6757
3206
242
527
368
79
3033
130
6888
7026
3120
6884
2996
70
332
154
6913
7167
310
6669
456
3177
6439
457
462
3215
7030
253
2857
6073
2200
3598
3466
6070
2853
28
4324
3257
112
1882
3006
2188
7059
6671
5212
30
3722
5152
3374
1226
719
1220
724
521
4968
3613
5629
5642
3717
4764
4002
5649
1195
4360
2165
1568
5673
6467
6174
6172
760
3726
6492
5219
4343
4332
3372
511
7039
2204
497
7061
4226
7079
5070
4223
1615
1621
889
4213
2350
2274
52
4199
4194
1612
435
4110
2890
5894
3660
3442
7094
4174
5960
5911
1920
3592
957
2904
5881
3254
3668
488
3730
1118
6950
3077
2395
3573
716
2732
4266
5752
4258
1088
5757
6050
1950
5762
6048
2930
3735
3117
4631
3739
3455
1601
5804
3079
1607
2679
6963
32
6238
3611
5242
4500
5544
7010
1360
138
4410
6453
2562
3517
3280
2120
6247
2121
374
5562
305
4442
1385
3857
5418
1984
3229
3514
543
5505
6437
6264
339
3076
1504
6262
5307
5506
2819
2822
4418
2074
1522
5534
6322
221
5472
4593
6241
2564
4879
2496
4954
5612
222
628
3135
1335
1543
3987
7011
5446
614
1427
6829
1981
634
2544
4516
691
1471
4582
1800
3126
5384
5443
6280
4472
5574
2542
5386
78
7015
4635
1490
4228
3052
4231
5829
5302
1939
3170
2248
1608
1611
1357
5444
5824
3449
6869
3200
2291
2041
3252
4531
7004
5909
3015
4534
7003
1651
2661
4550
2788
5124
953
1656
1647
4672
5404
5889
1019
4215
1016
4498
2804
431
1451
3066
2807
4234
5139
5138
5309
6540
1641
2287
1642
4506
3587
6733
5753
6625
1185
5246
5672
4150
1532
2168
3711
5676
1566
3570
1967
116
5687
6700
1965
3470
5545
1158
4409
6686
2161
5230
1546
1227
6394
6694
3716
5610
4368
167
2148
1973
5597
169
3490
3034
3713
5636
376
2833
2645
113
1282
2182
6702
6975
7065
298
5465
6697
1091
1496
1085
6727
2865
6663
6973
7017
5779
2233
3736
3457
3456
5792
4453
6731
1509
1113
3232
4417
1146
5255
5261
2772
2858
2818
7058
6670
5725
1127
5493
5487
5485
5273
1116
5482
1114
1112
3747
4834
4552
491
861
213
6309
6008
490
2365
7110
6315
2937
483
481
877
6302
5018
6522
884
695
3862
227
4726
474
702
5006
6105
2592
3420
3297
878
2507
6938
3007
6062
2391
6249
2396
671
1789
1849
2556
2388
674
2575
