6483
5216
5870
6574
6541
4283
5210
5211
4288
4281
5209
5764
6978
5507
5205
2760
4289
5201
2253
4287
5212
5449
2837
5767
7142
4284
5878
2082
5208
1241
6048
4627
17
3960
2769
5444
2839
6032
4413
6212
2417
4562
6042
2838
5336
4138
5204
6559
5206
18
1242
3848
6370
4282
2320
19
2762
6470
3514
6812
5202
4285
2103
2541
6152
3397
2411
5217
2414
5853
2832
2244
5502
5123
4772
4776
5858
6570
1207
5218
6207
6482
6480
4215
5213
6767
6378
3904
5771
4773
5794
7097
4348
4813
5125
2006
4415
2830
1232
32
5807
5876
3961
2340
2755
409
6797
5503
5799
1501
2105
744
6696
2659
5469
3214
2768
6575
6509
3924
1039
4559
1100
4550
13
5584
4103
397
2974
6716
5129
4357
4810
62
3564
2471
2547
6840
1515
4893
2562
6544
4294
4822
3696
5813
1362
270
3094
4925
2154
5686
279
2164
6491
6457
3665
6256
2763
865
6477
6441
1136
2647
4346
2813
5787
4377
2009
4345
5306
4258
2412
6375
6333
1831
6791
7077
5464
6557
2259
3909
332
1139
6710
823
2418
4222
2413
408
6956
3900
4229
5309
7008
3375
1138
2642
2271
2257
3913
1035
5583
4031
5259
4927
4826
6536
3843
1365
5761
5802
3513
3244
2087
5253
98
1510
5874
2303
5467
2109
6039
5108
2407
6496
2817
3006
338
703
4827
5798
3118
5036
4784
5855
4783
4921
5873
5842
659
5733
294
5777
2607
336
1479
3795
3491
5030
4100
38
4291
209
1985
565
989
1348
1772
4342
109
6507
3393
6444
1244
3445
5505
6549
6551
1694
3444
873
5305
6576
6582
5127
1911
6801
5542
5251
4618
3248
2929
2004
2308
1990
5215
5082
2342
4286
4352
5941
930
875
2916
2834
2937
1464
1369
2489
2833
1554
4183
4359
4201
4829
5356
1523
5981
895
76
1883
2242
6940
2400
2151
108
63
35
6984
113
5790
4785
66
6075
747
1067
6448
5091
278
2251
5687
6283
2640
5081
6410
6300
6699
1007
5078
6307
3007
6317
1010
2013
6330
6331
6348
3908
3903
3889
4535
1240
2110
320
3543
3771
3307
620
2088
5851
3519
5531
6200
2470
1329
5849
1054
6508
6506
5517
6488
3880
3189
6529
5329
4920
1082
5304
3840
5663
5773
5811
5661
5643
5073
5691
5570
2432
5506
504
3611
3050
5157
5783
3117
3785
5788
1322
4926
5207
5372
5214
3680
633
4675
2479
6762
3238
6739
6677
1195
3443
6571
1191
6556
3964
6542
4478
4347
3461
1984
6489
4510
3464
2761
208
6428
3468
2752
1995
2003
3213
3462
3487
107
6790
1243
7149
4080
12
7105
3302
1693
1250
1366
4176
37
1254
2851
4185
3374
6970
4275
6948
3379
915
1836
3245
6836
1868
6803
1666
1830
6329
3219
2014
2982
4732
2078
3516
6326
4736
742
2116
6043
334
3546
4752
2540
4775
4777
2153
4786
3866
5979
1463
4821
5879
2503
393
3126
6217
3881
2083
6231
3496
274
2979
3503
772
5283
5021
4280
3790
4779
4272
4780
4018
4601
941
777
4620
1461
4621
4818
5246
4688
3756
971
1012
2406
2972
4114
4073
4909
5257
2652
3060
3062
4854
4102
3906
702
4596
4770
4575
5101
5012
4734
1481
4446
3788
3886
2827
2402
4388
1045
4374
1389
877
4896
4534
2932
2622
5032
1002
1061
3999
4745
5105
983
818
4723
1031
1342
3000
1069
3045
3027
5124
5803
6014
203
6793
6025
206
3110
3176
3183
6041
1988
215
2119
5760
5698
6439
6798
6833
2112
6848
6091
3446
1531
1837
4101
3090
1833
92
67
6013
196
3580
1133
6547
1192
3569
175
3231
5854
2219
5940
6691
3125
197
6694
1200
5806
5805
1141
266
1551
6485
3233
5984
6734
6004
6008
1955
2091
6421
1994
7043
1797
6354
6347
3377
2309
5373
3490
5359
7068
1518
6246
546
2041
5339
1167
3305
5327
1736
11
276
6337
5300
5299
5298
1231
5437
2007
2168
5497
6205
3470
7003
7015
513
3373
6386
1092
3216
5537
6147
6369
56
3937
3492
6400
1989
1179
4458
4580
4582
3931
998
4640
4466
6473
1981
2657
1628
211
4537
6349
4612
4629
6398
4630
1008
2764
4554
6367
1630
6499
3907
6487
5296
2810
7033
4030
2896
4242
4244
7000
937
1375
4266
1376
6957
4276
4279
6881
4265
2899
3372
2911
7152
1733
1702
1698
7098
7069
4123
2920
1780
4143
4171
4174
1235
1782
36
6864
6863
2891
1865
6735
3234
1916
870
3969
864
1956
3438
1962
6674
1640
1708
1637
6577
2811
6737
3966
6760
3396
4293
2890
4297
899
2883
94
2856
1872
894
893
892
1888
1902
4340
4341
119
6304
769
4647
1105
5633
5071
643
5681
5712
5035
5715
5033
1543
2434
3020
448
5743
2438
3822
1545
1474
4882
2224
2226
4894
5818
5627
3600
1124
3614
4928
2978
1336
1334
5815
401
3699
1528
5303
5313
5320
5321
1077
5242
5331
2343
2344
2311
5350
5352
5368
5371
3748
3739
5436
3043
3731
5509
2300
5491
1066
3717
3735
5466
3737
5447
5446
5441
5440
5154
388
5763
1468
751
6172
4739
4740
6137
2114
3518
1341
4769
2134
2144
6021
6018
6011
2216
3876
2076
6213
6280
2630
1283
6261
3192
5290
2614
3888
765
288
2072
3512
2585
6216
4730
6010
720
5603
2165
3846
2166
1467
4815
2194
3567
3132
4814
3128
709
4816
3127
5924
4793
2160
708
3269
1356
1199
3779
3217
3736
1173
3738
3747
1085
3772
3508
4036
3232
3884
3506
3766
4071
1196
3844
3967
3196
1281
1300
3434
3064
3432
1309
3241
3669
3399
1357
3666
3690
3175
3391
3467
3096
1263
3111
3637
1332
1216
3928
1003
4010
3733
1178
1065
3069
1004
3463
3074
3040
1099
3113
3867
3692
3545
3993
3601
3386
1707
4108
5871
5877
2169
5914
2167
5944
5948
5951
5974
2159
2156
2150
6030
6035
6036
330
6185
6187
