6579
6573
6588
212
216
6571
2948
211
215
6587
6578
205
218
6575
2942
2812
6570
6572
6229
1848
1918
5063
5142
1666
1315
5488
4658
2940
7161
2941
1316
2945
4148
6355
6583
1319
1053
2259
3967
1061
214
4143
1311
5433
210
5873
6786
1236
6506
4407
6585
200
4917
5489
4721
923
404
4145
3583
207
1437
4187
4099
1310
2222
473
4234
6848
597
2631
6307
1067
1115
1663
5200
1401
4153
2986
2175
1433
6589
4475
208
6188
3100
217
6018
4137
209
2878
6581
6748
2307
4998
6582
6765
4080
3825
3137
5584
4256
2828
6559
4909
5976
2672
1959
4132
2780
6832
6287
1177
479
7095
5546
3318
6075
2662
5559
1886
1339
502
2815
6865
1772
3602
1660
1869
3462
3871
6778
3961
3516
6769
6043
1391
1111
2300
1317
5478
1313
1312
6970
2691
131
2706
1079
2842
2819
7057
2847
4681
1334
2654
3047
4
121
2227
4489
4680
5679
1436
506
1396
1408
103
6312
5529
5196
920
934
5768
5351
5483
5385
5760
6127
5616
5849
4362
5006
367
4417
4487
1430
4643
4202
4646
6700
4688
6720
1670
1332
1687
1750
6763
470
3962
1252
4916
3823
6386
3763
4891
2530
2947
2333
3471
6968
3084
6952
6868
6919
3031
2396
6
116
6858
3460
1979
6980
111
201
7086
2399
3004
927
985
3314
6352
7079
2225
928
6740
5420
2803
5001
4392
2796
3340
6764
6546
6768
4155
1668
6724
4182
4176
6060
4321
4324
1087
5143
3213
1103
2397
4141
4140
2145
1664
6267
3086
5115
4971
5104
6577
6944
129
2411
270
2468
1403
6788
2982
1254
4890
1371
5837
2023
425
4686
6461
435
5924
1318
6065
2302
4685
4647
5202
4914
4923
5565
5562
822
1203
4644
2339
6392
4994
2874
4724
6313
4722
6486
6485
3089
2944
6306
4860
110
1331
1438
3106
4412
4682
2388
122
106
2791
6558
2371
1402
104
5097
2991
7047
6574
2804
70
2279
472
4450
6504
2336
118
1240
6686
2309
6899
918
3501
2670
2671
6102
5496
3405
1752
3353
6194
1953
5479
5747
6905
2683
2156
5613
5741
3683
3790
3791
2015
3810
746
3812
6121
1907
5631
257
845
260
3456
5473
6869
6925
2426
6924
1647
943
2514
3293
5298
5338
33
4131
687
6701
6481
4115
2717
1973
981
5989
2686
5450
206
4075
6840
1974
6436
630
4787
2872
762
761
5946
77
7149
6081
2848
6100
5890
6086
2845
6069
4804
5207
1250
5208
5212
6295
5215
2711
2425
1024
1022
6247
1126
5098
6222
5381
5392
2591
5082
5466
5007
2679
2676
4992
4991
2666
856
7059
6146
5658
2498
5724
7050
2753
4940
3537
3454
263
1793
4275
3109
1547
2027
2209
4170
128
3325
6946
4414
1866
3681
4449
4478
1829
1633
6926
152
4061
4087
4002
3322
1678
3976
3969
3336
6762
1754
1669
3355
3421
3937
6776
312
3914
4483
3672
3323
415
4677
4579
6857
6864
412
2949
411
6841
422
2990
6855
6843
4640
4687
436
3535
4736
4732
4610
6498
4703
3578
5527
2539
1714
5941
3530
1786
5495
5493
2552
5981
3533
3432
921
2661
2678
926
3963
3531
5963
5490
2656
3631
5557
5738
2598
1862
1873
5761
770
1988
5765
5805
3603
5766
5767
2504
3608
3490
2478
5850
1944
2634
1791
2621
5591
1957
1796
5705
3901
5623
3895
5640
3848
1825
3549
2603
2884
5282
968
4943
1200
4570
1450
4506
2238
1472
1495
4436
3023
1156
5047
4419
5065
5079
4409
3042
3001
2996
4919
4641
2880
2295
4704
3543
4820
4828
4831
4837
5092
1259
2330
2332
4659
4893
1238
4649
2993
2994
4678
4081
5093
2201
1040
5263
5277
1665
3260
1667
4756
5284
5285
2428
3310
3312
5354
5358
1674
1692
2437
5257
2148
1654
5225
3083
5117
1112
4356
1556
2398
3098
3113
4365
5195
3153
2741
2739
1609
2155
4183
4181
4172
4248
4700
4869
267
6932
290
293
6866
7114
135
499
6816
6722
123
6154
120
6711
6710
6283
311
117
6317
7091
6807
6584
108
629
621
474
475
482
6425
6130
6484
6488
337
6920
6186
202
197
6782
6199
431
203
423
6930
488
5637
1205
969
264
2277
1636
2274
107
6692
4144
1209
1780
3837
5618
2997
1817
5186
5187
1745
2301
3365
802
3363
4913
3921
3907
4915
2326
5680
615
75
4922
5666
581
2308
2143
2135
2897
6314
1214
4929
4171
316
1634
6137
6923
4135
5009
5552
6164
6914
942
908
6936
3146
3859
5030
5036
6934
2116
892
3870
258
4009
3279
5064
3974
2174
4088
937
3149
6941
960
3141
3261
919
5099
119
5429
6775
3041
6718
6945
3161
6321
4200
1679
5431
1691
871
3968
3150
3068
3319
5571
5280
65
6824
1323
6820
1912
4512
3620
385
2448
3507
3492
4480
4788
4479
2698
5337
2429
5872
2427
381
6101
725
6103
4461
6553
5713
4822
4443
390
4438
4584
5942
7160
3548
2519
4689
3566
2573
1936
6495
6492
1400
7147
6007
6507
5983
437
1970
7138
4733
398
4636
6070
5289
4598
442
7130
3518
2664
557
3634
4448
5816
4350
1066
2774
4331
4827
5764
5763
2782
6217
4326
4320
1255
3795
7061
3797
1077
1583
4302
3417
786
788
5736
1235
4904
6333
3443
2031
1068
2750
2723
2390
2721
4397
4375
5219
4403
2752
1876
4358
5361
5781
2012
5777
4835
1835
5199
3636
3799
6301
3816
3824
3572
6318
3671
3860
3599
1814
1811
6779
3855
6289
6266
5166
3899
1861
3853
522
3850
5256
5216
1117
3817
4273
5110
1510
6456
4416
4400
4398
4393
4366
1274
4364
1269
4357
4864
4351
4872
4329
4328
1258
6430
4311
4805
4310
4801
1309
420
1379
4664
414
1395
6508
1406
4738
4642
1338
4633
4758
1329
1325
4536
4532
6475
4490
6532
6535
4261
4900
1237
5003
6738
4082
5027
4068
6749
