6574
5870
4772
5201
5205
5202
5211
118
3961
5208
5209
6541
7142
2768
5783
2837
4283
5661
6570
6482
635
4289
5507
2438
2782
3462
2434
5879
6970
6032
4288
5807
5215
3960
2253
5213
2258
5216
921
5858
4278
6484
3396
3904
4277
4176
6577
4284
924
923
4281
4143
2432
3514
4773
2676
5878
5210
6677
4276
5212
3469
5787
6498
2320
3843
926
5088
1918
6584
5204
5767
5233
6508
3829
6785
2765
2764
3795
2083
2259
7149
5441
5235
5440
4275
4279
7161
5764
2006
1701
5217
3464
2328
5663
7120
5872
5798
5207
1400
2883
3467
909
4688
6035
5761
2244
4282
3511
1531
1654
4427
5493
5497
5537
2769
6782
4627
3848
5874
2323
6565
5228
5253
5218
3066
3069
5206
5942
4774
3227
4640
2766
3518
2763
2762
2562
6812
3827
1911
2541
2752
5503
2256
2864
2326
3665
6893
2813
6470
5811
3708
5873
5794
3461
5876
4171
2435
4612
5771
2445
919
925
6378
2164
6582
5786
3583
5855
6978
4287
2503
4285
5529
1365
5729
1091
2742
3651
5531
951
4779
5805
5849
3787
4649
2780
2663
2760
843
4215
13
6008
2251
4614
2834
5806
5655
3189
5851
6532
4641
5760
3824
2833
6433
3391
16
2303
3709
5483
1464
3823
6784
5691
4080
5859
4786
6444
6520
3091
6867
6557
6864
2755
4199
6507
1479
4377
2329
2914
6267
1912
2019
768
7081
3468
3785
3466
1468
1077
3248
6217
1076
6483
2076
1463
6182
6213
6212
5795
3778
3681
6490
6948
2838
984
3454
1241
6192
2899
2666
6957
12
1260
3846
959
4145
1984
5030
5804
928
2832
5792
135
3664
1040
5785
5854
2168
5941
6396
1437
3618
2672
6586
3713
2673
1402
6370
3465
920
950
4273
3241
2790
7141
4445
2783
1559
2781
6410
6694
2501
2867
3381
5654
2241
6112
19
239
5515
3183
5511
5236
231
5411
513
5444
2257
6877
4212
4659
7041
6899
1160
2520
5448
823
5853
3705
3398
6938
6866
3791
7030
6924
2741
6916
6909
6488
6480
1927
3457
3962
17
5584
1707
6274
6799
5442
5056
6509
4838
2686
3781
5434
3459
3615
5810
4003
5158
2216
4218
5818
786
6523
1822
5214
3613
2830
828
5200
1351
822
3982
1772
41
3985
2839
2240
5429
4514
6546
1334
6544
5846
3452
6419
6567
809
4600
3050
6489
5809
1401
6491
3372
3699
99
2911
1917
1916
2082
1914
5070
5443
1910
4647
3190
3828
4645
3841
6280
1254
2761
2754
2753
4138
5506
5447
5449
6037
1191
4294
1721
6215
2089
6767
6923
6021
4321
1362
1163
6011
3151
5505
4141
5446
2340
2327
989
958
5666
2674
1542
1526
565
6326
2601
6724
5652
5649
2732
4454
4921
2009
7145
4258
2630
3444
3197
393
7057
6579
3199
4286
6469
4662
3967
2677
6014
3970
2271
4192
4626
6369
2661
4776
718
27
3410
6116
18
5230
5232
6279
2670
5955
6272
6079
6425
4648
6448
3346
4643
2238
4642
3418
5981
1785
2807
6039
3941
2759
1242
833
6865
2105
3561
2915
5078
5551
2906
4128
3519
1099
1092
7044
6781
6868
1274
829
4989
4388
3195
2571
1045
5326
1541
4101
2452
4099
1551
1553
1075
343
1473
6878
1988
1231
3089
5435
3608
6986
4271
1998
3628
1431
1199
1192
3603
5502
2087
6932
5484
2944
1173
6918
2942
6905
104
1156
2075
3153
5499
3568
7037
6682
1552
3860
1291
3267
3252
1293
473
3711
71
463
408
6588
462
3902
6559
4031
1609
6522
6525
3000
3002
3007
4006
941
5790
6626
4569
4446
3269
6485
2659
4934
4172
5190
963
876
812
1228
1467
4839
1243
873
3611
1164
2707
5800
3937
6065
3393
2286
5835
707
4788
5492
5481
2502
1367
5390
1366
2660
2269
3600
5816
1195
1262
4783
5578
2459
2679
952
2566
4926
3517
779
3660
5336
5650
1022
2616
5237
5924
2675
2311
5712
2580
5788
5946
1098
5223
2701
1140
3401
4775
5781
5085
5312
2682
1359
1666
3554
2264
5313
3450
3425
1298
4777
3416
3443
1693
6810
6944
2014
3234
7084
6398
2861
2997
6527
3969
2785
6693
6333
3239
3355
6320
7097
7098
6275
6717
3003
4100
4407
6902
4182
3006
4146
4644
1782
3240
510
6526
131
448
1989
4011
133
1809
4515
1823
4023
1985
1981
6495
7002
6572
2004
1844
6583
3094
6589
2160
4291
2084
370
3290
4293
2144
3009
4121
2945
443
7146
1913
6776
3194
2889
4344
6739
2035
4219
4144
3193
4661
2896
4331
6841
4123
3188
6256
3213
4677
3192
1894
4217
210
4367
4127
6984
2310
6848
929
6994
5079
3246
5096
1201
3251
5596
6625
299
4032
2912
1207
6621
3096
6955
6969
4909
2372
922
7017
2489
3088
1097
5573
4374
6533
3543
6535
2181
6777
4018
3906
4021
5105
4280
2637
2636
3463
2634
5772
1222
3849
5766
5765
6566
5437
5021
6952
6105
5597
2604
2324
1557
4309
1466
6915
1530
1944
2868
5495
1004
337
3490
2596
3121
2869
2937
1012
5665
1167
5640
6720
6721
2880
6901
1161
5490
1539
6729
1472
953
4125
1054
956
1861
4357
1193
962
2916
964
6861
3810
1890
5450
968
5517
6943
3880
6939
4969
5710
5705
3867
6670
981
983
6673
986
5513
5698
5512
6930
6680
6947
1025
6373
2422
5259
4619
4741
5203
6211
2250
70
1646
6210
3451
2015
2713
1342
2996
6430
6439
2406
2013
4601
7083
4669
6466
5256
4731
1332
5250
3718
5334
2396
3666
3028
6219
63
6244
4189
7125
3010
3008
3928
2262
2263
6226
2437
6269
3426
1389
4664
5414
2705
2266
3926
4646
759
6276
592
6292
7095
3965
4633
62
2789
777
6355
3037
2815
1331
6474
1622
1705
2073
2652
1618
7054
4566
6496
6119
1614
2478
108
4682
113
3766
3772
3085
6500
6504
6506
872
2974
7159
7162
5803
5802
5814
3919
10
4678
5339
98
827
1354
