1042
1627
1624
1623
2246
1626
3171
2109
5177
5076
1620
2000
1625
6414
5074
1360
2247
5154
5159
5100
5156
1074
5830
3176
5836
1365
6406
3966
1783
3757
1077
5157
152
5988
3885
1621
5526
1381
5108
6016
6538
202
1955
3175
1622
2242
6084
3963
6999
1629
2091
1073
5151
1068
1066
2243
2184
5975
2245
6326
5072
1366
2008
1256
3174
2059
5831
7142
949
6234
4254
6087
3924
6481
5012
2827
5996
4187
2252
1453
6519
2753
5773
2104
6277
6375
5328
6812
3476
1255
5509
5070
2240
6029
4759
6357
4965
4652
1778
2895
4425
2923
153
4776
6695
2613
945
6996
1248
3211
6228
3771
5430
4682
3312
3926
5343
1495
2244
5346
5997
2703
5838
1810
5079
5586
7127
3479
2249
4041
6343
5839
3179
4337
4688
1158
1517
751
6220
732
942
1362
6420
3871
6232
5957
2938
5528
5146
4952
3546
5835
3968
6891
4251
4038
1098
4651
6944
3609
1062
3012
5337
1364
3882
6111
6556
2003
448
4204
5042
927
6311
5707
5700
2654
2467
3668
4654
206
1606
5848
2241
4932
947
2489
4513
1240
3173
4517
2976
2001
3170
4334
1269
1369
3565
1787
123
2823
1167
1069
5344
2478
1903
1797
5347
4433
3812
1097
3817
5991
3899
658
5078
2832
4183
2464
1129
6028
4532
4280
6840
6211
6997
3580
775
333
1253
3446
1388
3764
362
5272
1252
2647
5649
4030
2680
4717
1813
3401
5775
5433
5769
6767
6498
2752
2697
6427
510
689
5307
1806
3693
6416
1954
6787
4098
743
6896
4037
1933
2529
4951
5174
906
4465
4948
4655
65
4530
2610
4637
5903
6018
7105
5998
4564
5150
977
1361
1070
2401
128
131
133
3922
3923
1382
5842
901
2383
5048
32
7149
1245
1244
2306
2541
3172
6045
6931
2301
1254
4567
2026
5665
1085
1798
1938
5106
3927
1065
1061
5675
4201
5711
5314
3177
2699
6327
1041
6438
3861
5132
2705
7141
6763
7125
2826
2825
2835
2734
2836
6786
1259
2470
4150
2481
599
2483
3692
1850
2820
3889
3893
2105
4177
6102
3502
3825
4181
2815
3244
3879
4435
5199
5981
6272
4943
6324
5196
2685
3754
4621
6916
3310
191
971
963
962
6892
6323
3315
201
6913
281
5194
2384
203
6943
213
6283
2652
2952
1690
1486
4742
4581
6870
4404
6218
2925
2173
2170
2275
4583
747
6874
733
5964
265
6221
2822
5855
6320
4656
835
6118
1513
5809
3379
4505
870
6718
900
1902
1194
6325
3567
1251
5832
1936
3585
1561
4484
3581
864
6110
3210
1971
865
3212
4848
1241
4842
4478
4698
3578
1387
4170
3225
5983
985
4432
1079
6392
3100
5954
6238
4428
5962
2933
1781
1368
1378
4580
2897
1383
723
5714
1384
1385
5748
4716
2970
4560
4817
932
937
4804
4512
4789
1628
5646
6024
4787
6358
4449
4783
2872
4173
1829
4285
633
6148
6021
6364
6011
3146
1511
1856
1217
3698
3695
3623
5160
2027
464
2458
3921
2698
5073
2750
5340
2738
2736
2485
5087
5345
438
6788
2707
6993
3907
6998
5413
126
2106
5119
2103
3662
2587
4978
2314
2101
5007
2176
5494
2294
4903
5186
4040
2277
3873
2657
6735
2186
5024
6902
302
4400
1807
2686
4588
749
3478
3675
3676
1618
1424
4318
5940
2355
6906
172
1812
3486
1040
3666
7023
4899
2659
1824
3788
4416
2379
4963
6807
6370
4959
1816
1395
2963
4956
6383
6223
6225
5342
3763
2248
3689
5310
1731
5309
5871
2633
756
3436
3752
3688
6421
2693
2331
4382
4000
5834
5171
2179
2320
6947
4387
4390
6924
6850
3471
3470
6469
4393
2649
5332
4628
3007
196
3465
197
3686
6455
5792
2887
3945
4633
5155
943
2279
941
3088
6844
1638
3883
2793
6680
5005
5987
5092
1877
5622
7093
2030
4876
5587
3608
5585
5990
5049
1198
5543
3588
2743
3138
3143
1380
3894
1292
2452
6770
6140
5523
1959
3233
4870
3215
475
6694
3
6734
5499
6196
5648
136
4785
3848
5500
3178
132
1852
3912
3587
1215
1063
3872
5109
1864
2758
2517
6190
600
5982
4470
4577
6704
5047
6308
1494
2302
2490
2318
1174
5844
41
4381
5167
3876
4377
5127
6086
3969
3866
6356
5022
294
4313
1202
2979
6081
2989
1601
5778
4481
5784
1586
6724
2536
3011
2272
5813
5816
1542
6082
5035
6083
2497
1589
5799
5050
1483
6271
3819
4394
3097
4589
7085
5952
107
5956
2419
6991
3940
3262
4585
2414
1363
4582
125
1367
4405
3914
4422
1371
150
7022
1376
2589
5917
3132
7102
6019
6113
6114
6115
5001
931
2614
936
939
7123
2461
2611
5054
3759
5861
207
6026
6138
4391
6139
199
198
6275
3891
1294
1297
4392
5153
5912
4636
1391
3612
2882
2935
5708
4777
640
5463
2689
3504
4754
4111
6774
6768
561
6395
4740
6765
5372
2811
706
5704
3673
2107
2829
5399
2076
6873
602
6557
2854
2714
5393
5734
2924
1794
6530
5308
1697
5713
4878
1826
6423
3521
3417
4186
6750
2761
4718
2886
4195
3682
5331
1805
5663
1802
2764
1978
6473
511
2704
6732
6487
5492
6820
2020
5643
1935
2794
5472
6760
5679
656
2021
378
1780
2100
5951
4957
3297
6994
3298
6798
427
2368
3677
5966
5117
3305
5654
2713
1815
1827
4406
6373
6208
3772
1390
2593
3485
5129
3929
5144
2881
1025
4401
3670
3529
5379
6510
6995
2971
1067
3877
4860
2487
3880
1939
2797
546
1932
60
3168
1258
1263
4993
6131
4534
6091
3836
5041
3617
1
1212
5502
2772
1988
1200
1237
3606
5038
18
1969
7156
3875
5520
1958
7144
2582
3232
6766
5986
4565
4976
1353
4151
6600
4154
5424
3902
4975
2572
113
1072
4972
120
1092
4841
1093
5584
4450
1290
2040
6772
5465
1304
1308
3895
6150
2437
86
7108
5080
3556
3252
1875
5432
1808
1505
5284
2251
