6587
2948
6588
1918
6573
5488
6579
216
1316
1315
6589
2222
597
2940
210
6571
4143
3086
2941
6577
4099
4724
2812
2791
2942
4658
1115
5142
5489
1678
6572
3462
1319
6229
4145
4144
4721
5483
4148
3084
6355
1061
218
205
4256
6919
4153
630
4087
1053
1317
6578
4137
1401
6582
7161
6583
1400
2259
1311
4149
3083
6905
3967
3424
3089
201
1674
502
1450
6584
607
1310
5591
5104
1936
5924
2227
1313
4140
115
6765
6293
6925
4310
2801
6575
1791
1670
3423
4989
3456
5063
4487
5584
6121
6939
5109
4311
1963
6865
1067
6749
3501
3927
1862
4147
3025
6802
3319
1666
4313
412
1087
5436
211
6585
3759
208
207
200
6748
1793
415
5873
1672
5433
4379
1403
791
2949
1318
1312
2336
2333
3799
3232
2631
3085
106
6933
104
4319
2613
4911
1886
5768
3106
6980
2330
6965
5195
3823
212
4003
5101
2530
5105
3457
5496
4384
6768
2126
960
334
3268
3140
1869
6769
381
3290
5701
1447
3946
2945
3100
4610
2225
1859
4141
3270
4636
2023
5942
1396
3421
2753
3340
4970
2116
1913
4275
7147
6581
1660
7115
3600
3518
7059
4358
1082
6352
6931
4914
6362
3417
3137
6858
1874
5407
3098
1932
1907
5730
5732
4722
1023
2993
1083
1485
5546
6127
3460
1236
3045
5248
3817
3458
5196
4026
4006
3005
6125
2973
2634
5976
486
362
2586
1110
367
981
2947
5631
2717
6720
3899
2799
3949
3064
4081
4132
6868
4315
2331
6907
6994
6916
4248
2279
3222
7131
4202
170
4607
215
214
4683
1986
1974
3277
4374
6947
6929
3795
3109
2448
4135
3313
3516
1871
325
3149
6392
5542
6926
1745
75
2587
5508
1408
3080
217
6764
3921
3925
2408
3521
1857
209
6316
1407
3279
1323
5514
1872
3082
4160
1086
1914
3422
5001
7123
6936
2796
3419
2803
6498
5736
5064
3322
2382
1702
6499
6944
4680
2750
5872
4489
6934
4316
2209
3681
5890
2383
6461
6963
1429
3427
1796
420
1040
5396
3413
2908
6725
400
2588
6564
6722
408
4506
7055
6532
417
3926
4103
4000
1444
6611
1711
3451
3316
6620
3405
629
599
2539
5183
6641
6475
1736
6643
5300
2092
4912
4005
5199
5079
5065
3962
4084
2093
3310
2561
6346
5263
6968
4234
5090
4412
1969
2207
206
1850
1177
3755
2639
4357
5479
5559
6906
3533
3856
5657
6917
3536
5961
6915
3113
5521
6786
3356
1167
5525
235
5623
6832
3791
2880
5659
2826
194
2828
4801
3260
5434
5735
3275
2686
27
3644
6913
1001
1873
5450
5665
904
5456
5850
5891
5572
4312
6035
3972
625
2819
1548
3794
1542
773
5650
4317
2754
4
3662
6957
1663
5734
4314
7138
5718
989
5679
3261
5652
595
2208
6471
5562
2538
7077
4372
3273
3488
1397
3492
7056
2630
6222
1409
3915
5371
3503
4375
6188
3507
5392
5431
788
5394
3526
5337
3483
2878
3455
3966
5193
4474
5197
2897
4341
4345
1250
5207
5526
656
6367
3474
6344
3950
5279
5503
3213
5480
2175
3314
786
2752
1701
2445
1733
476
1912
4166
2468
4677
2449
1866
4732
2444
324
422
4146
2411
2337
4179
1856
438
3161
4696
3050
4890
4913
2338
509
1954
3087
1767
6762
1329
3912
6920
6186
197
4139
371
4831
6161
6150
4370
1314
4364
6134
358
3895
5473
4354
2887
4649
6922
3519
6348
439
1764
701
3282
2572
1766
3943
4615
7041
6924
3936
3278
6189
7054
5351
3930
4127
1379
1804
6210
5380
5382
6763
1812
4378
5397
6194
3935
6203
852
3865
4759
3787
3781
5640
2214
3603
2806
4753
4167
2380
4738
2793
3754
7127
5964
1117
988
4682
2230
2780
5710
1937
1939
1973
3697
5747
3143
3664
5761
4318
1928
1168
2388
3790
351
5490
3216
6918
5257
5513
5515
4664
1258
5527
3353
1240
1238
5545
3812
3810
6911
4168
2393
1192
6807
5985
4169
5482
6804
909
320
5586
7114
898
5573
6910
2965
1507
5198
3317
6985
6621
4019
1532
6623
546
3315
3426
4502
4919
1644
5155
3312
5180
6932
558
4916
4188
5060
5012
4198
3430
5194
6928
6634
4576
3420
2446
592
1700
4570
6570
6369
6943
6691
5093
3002
1566
1712
5149
3414
906
1679
3150
5066
4002
6778
6066
846
1858
3578
3586
3797
2184
4009
131
5039
2498
5099
908
2829
3101
585
6473
1685
3553
6476
6043
2847
6794
3558
1868
1681
3828
2360
4080
3218
5570
3566
5571
4804
3172
6086
4661
2684
5579
5067
903
5565
2302
7118
3411
1935
5689
506
5699
6960
5841
5713
6543
4686
4326
6857
3229
6885
1668
5740
5746
5777
5778
1966
1043
1970
6945
5686
1971
5762
1024
1022
5798
5800
3415
5763
3750
3337
3620
3758
3022
4998
7121
1164
2385
1900
2484
128
2339
1993
4579
6809
1885
1169
923
2714
1910
6961
504
4155
24
3425
3029
1650
1123
2795
1919
4505
5664
4991
6838
5674
127
3099
1738
705
5226
3363
2272
2614
2307
4259
4918
778
2335
6204
2535
6191
3520
2970
1449
385
4865
3918
2616
4377
4178
1765
3948
761
1806
419
6664
657
418
1794
7033
3157
734
1405
2273
2578
413
4182
411
1506
1795
4484
1801
7057
2979
4098
709
708
2122
3452
1351
5161
615
3272
4371
65
2102
2451
4086
1754
5147
6353
1851
4904
4483
4230
5113
6692
3896
6364
5115
2405
5331
1761
4843
6750
6169
6426
5268
4170
2354
180
3953
4393
4984
1778
2235
2061
5765
2548
4090
4884
2474
4976
3667
5322
5250
4508
2555
4398
5256
1667
1944
5298
1457
1488
1462
3687
5222
2470
1756
1958
5694
1441
1466
4693
2239
2276
5236
1934
3945
5760
2440
5678
5675
4729
2238
1952
1750
3877
1129
4657
1259
5092
3901
1713
4075
5158
2201
2202
1591
5439
5437
4082
5564
4860
4490
2683
5523
1860
1855
