6585
2277
6573
3809
4009
6662
3806
3803
3804
3801
6666
6583
2279
4682
3807
3463
5584
3808
6572
3802
3805
3800
6355
6014
5772
6588
3211
3138
3099
6664
1250
4137
5331
2272
4693
2275
502
1918
10
104
6751
2945
6589
30
6579
6578
6571
2753
5337
4454
5394
3118
4484
2754
2948
2607
3354
39
2613
1799
4441
3467
1862
576
1877
4006
2923
102
597
290
2259
792
585
2889
652
1251
2756
5036
4448
3464
2228
2117
6802
6587
5771
2273
5503
6724
5562
5514
3578
6667
2940
211
122
6684
5338
2545
2791
4873
2270
5342
988
3418
3927
5502
4688
2852
6186
1044
2222
4019
2588
4620
5483
35
3865
2965
2670
1957
600
1958
1940
4374
3903
7116
4318
3763
2278
5142
2944
4005
5569
4477
4479
6750
7149
6267
3462
4718
324
5480
5565
36
3684
3948
4625
4692
5509
6597
216
2941
1717
4138
4314
374
656
3416
6608
633
2549
4681
4815
3925
1235
4116
4680
7160
2411
2933
1255
3081
5330
1254
2626
2773
5985
4627
2769
212
2276
4319
3498
2683
1329
297
4534
1277
3064
1339
2760
6013
3460
2621
1331
3963
6840
1167
2629
1647
307
4003
4311
1183
4310
4312
6468
4246
4243
4729
1886
2604
3912
3906
1946
7111
1952
3353
6586
6727
1979
6720
2464
5132
638
5063
4099
3357
45
3356
5351
843
4724
981
5465
2271
3935
4711
6819
935
5850
3446
7047
904
2550
4487
3817
6191
3586
1327
5924
636
2986
4379
390
314
3259
5899
518
3517
1087
2778
572
3512
630
4160
6359
4088
6356
5992
6367
6384
2897
4422
6451
3969
5979
4093
3199
6501
4413
2920
6261
2929
1257
2839
3322
6229
3635
6069
2227
3433
4651
5736
1949
1945
2529
5707
3411
1888
3130
3466
4242
4687
1848
7119
3461
2616
5371
5563
4197
3094
1823
1802
5429
2581
2585
5508
1724
1716
7061
5193
5700
3359
7145
5082
3340
5042
2408
5798
4804
2229
2401
6891
7143
2023
3499
5135
5377
5373
4446
6357
4447
604
4950
2187
3762
6301
4912
2806
3031
6199
3671
2973
6633
2812
1750
1756
1796
2969
5385
4473
574
44
2887
6369
1986
1959
7131
5266
4919
3352
5109
98
2932
6701
2931
639
3137
5355
3409
186
4868
4417
4239
3410
2953
2907
3414
4357
4829
3347
4831
6374
5310
6189
6868
1713
5591
6017
1189
3465
1200
1206
3967
4538
1231
5685
5730
5732
5735
1259
4549
5944
3533
1485
2737
1293
3490
3493
4621
1437
5808
3062
6871
215
2609
1534
3559
2598
2602
2593
1711
2793
1727
5095
3487
1082
2111
4751
4166
2949
1299
1298
1294
4170
3495
5136
2468
6592
4794
2062
2052
5934
5935
4489
4002
1679
4827
2689
3507
6649
6646
1392
2692
3210
6636
2221
6182
5813
1272
3264
2415
5890
4913
5894
2419
2706
6163
3946
4574
3662
5797
3516
2152
987
4698
4721
933
1103
4153
4178
5611
4478
4092
4725
6362
6104
3415
3419
2877
2767
6101
4689
3421
6043
6046
6049
6067
4474
893
856
6581
1211
2628
2601
959
3575
4091
4086
1249
1244
1526
3406
5295
3910
3923
1241
1715
1405
3351
5433
5681
3968
5663
3915
2541
3468
791
5713
5795
2761
339
103
2985
258
217
6689
209
6740
7122
31
504
6851
270
4275
6806
377
7147
2988
182
3097
46
6800
128
3025
309
4317
7081
325
252
4741
4315
6488
5665
3000
6747
1928
5640
3697
4471
4738
5300
2631
3405
1236
3402
3404
4570
4130
81
6722
6124
6725
6920
5190
7125
6584
353
3021
4567
4759
4524
6575
6129
5263
6570
5265
909
118
3851
5984
382
6821
4911
5322
3426
6757
5437
6759
2608
439
3428
1274
2895
7168
3926
5531
4256
4289
6997
2582
4180
1712
2586
188
5948
1726
1714
3008
1719
1718
323
6481
6354
7041
1240
1875
6827
2030
2751
6462
1860
4245
2908
7070
6181
3812
6412
5358
4440
319
6343
5382
3424
2901
1654
6351
214
5407
1804
1803
3936
2649
836
5776
6687
1477
2413
2303
4000
2685
3358
359
622
1353
2971
6105
6609
627
6641
3333
5075
7139
2320
5893
5078
6892
6804
3309
1357
4202
6626
6625
1115
3342
522
34
3878
18
4167
5803
5012
6210
4864
607
963
4975
4972
6012
5849
5105
5100
5086
257
4187
5851
5997
2093
5852
6650
4224
4657
5141
2474
3028
2345
3035
2048
251
2947
2362
5792
4532
6648
2688
2119
1495
3601
6605
5090
2139
66
4014
3454
5942
1409
975
6231
4313
6344
3937
6862
3503
1403
4579
3585
292
2594
4293
6896
6893
2591
1053
1400
3840
4690
2735
2842
5787
6262
5764
1318
906
1348
4675
6263
908
1347
1321
5740
4637
6293
912
5692
1323
3842
4004
255
1514
1519
6794
1538
1337
931
3518
1316
3472
6188
970
2614
6960
1636
2618
2619
2831
967
1630
1471
5712
2803
5794
5775
2623
318
5774
3080
1607
4483
3828
5630
4302
404
5647
896
6801
3841
1008
1722
2460
4971
7129
3682
6709
2476
4537
5145
1208
4782
6123
2038
2486
2031
657
4397
6366
2498
5185
3208
5200
6841
5223
6732
5247
3400
7118
5268
3905
1182
2028
4953
4147
2766
6630
4375
3169
3350
6628
6836
2225
37
4974
605
4863
4973
5015
2209
506
2405
2195
6838
6612
49
2175
5053
2286
3364
2134
5094
2124
4528
2116
2451
2410
4321
101
1936
2796
4922
2553
3422
2339
3425
786
550
4358
3279
5431
389
372
5
3051
6764
4120
4918
6398
2576
6392
1278
2579
4
4195
1748
5949
1742
180
2587
7014
3778
1829
4929
2924
3911
4740
4952
1923
4736
2752
3866
6499
5313
3757
7099
6748
739
5320
1851
3918
3552
6441
6483
3916
6024
1882
5328
5321
6471
5891
4535
6833
3551
3037
4533
4334
3960
376
5880
5922
4148
326
6848
3845
3534
5955
5964
1258
331
3848
