6588
6583
6573
6587
6585
1316
2948
6229
1313
5584
5330
2941
4137
6572
5063
3432
1670
6579
6231
252
1319
4160
6764
1674
5142
1918
6575
1331
4256
3138
1021
4143
6589
1272
1315
1317
2940
2628
5924
1311
6571
3352
1750
597
3437
2588
6355
215
6868
2942
205
218
904
2812
3740
1752
2585
4301
5095
3359
216
3946
2607
1318
585
5873
3484
6578
5777
3953
2227
5740
4139
5373
4148
7041
5776
4909
5502
3388
1485
2586
4724
7131
2279
1339
7116
2923
212
3644
4319
4620
6301
502
3106
6584
3732
557
2830
200
6441
5778
6444
2924
6963
3050
1851
208
4145
3322
211
4140
209
5371
4953
1312
138
891
103
4087
5647
2623
3462
4444
3097
210
6581
4138
2136
4257
4448
2945
5764
255
3164
4692
1678
5336
4288
2803
4006
6920
2452
675
6127
607
2422
6076
4099
214
6310
6833
4758
5483
3426
3430
4305
5488
2621
4310
6701
4440
1647
1067
1061
2177
1406
1230
1450
35
34
4899
3533
4829
4357
5196
1115
7047
1329
3353
4202
6340
6716
1600
1028
6354
5385
3959
3445
4718
6316
3351
5375
1449
1082
2401
4827
386
6852
6768
3492
6548
2229
6263
3925
4695
2427
318
2340
6709
6367
3431
1053
5509
3332
3948
551
6298
6293
3433
5011
4904
3955
4822
4823
4703
6769
4009
7134
7056
1235
1742
3080
4182
4135
30
31
822
4341
1666
1660
5816
788
5239
4259
3047
3099
3025
1650
2723
5771
2843
5979
6222
3162
5878
4141
207
1327
1326
4281
893
4313
5632
3733
2900
7091
1958
2625
6704
1756
6710
5730
3428
6711
90
4447
7040
96
1472
227
4311
1277
4318
6408
6570
5770
5772
6
10
3493
5444
1238
2793
1675
3463
6405
5801
5109
4406
2222
5817
367
7128
2823
4825
7114
1117
3435
6506
106
4826
6089
4248
1183
4231
4224
4127
6346
1886
2947
4115
1310
170
4167
6763
5023
4658
6834
4149
4490
1957
6789
307
6360
3357
6725
6224
4000
4756
4005
5359
1314
1940
4573
4701
1876
4111
5565
5503
6146
3487
4004
6247
896
3984
4024
1672
3495
4721
4086
705
708
709
2237
5449
4076
1743
6483
1830
5942
5489
4304
1634
6007
1761
4302
3737
6356
4283
1636
1476
3748
509
5542
3837
1601
908
2208
4316
1866
584
6436
1748
4144
580
3643
4153
4816
4166
1754
1755
1871
4300
1250
5104
3448
1349
369
32
36
4974
4973
37
350
1404
1401
2839
2842
6765
3169
2386
2654
115
2848
1276
4907
2949
101
3425
5226
3421
7077
5036
3363
5394
3043
4888
1135
6836
6577
3093
134
6857
5153
2755
3086
3482
2581
401
1335
1208
6970
7161
385
2778
3280
6825
2986
4446
1942
5985
5253
6345
5325
4264
4568
4950
671
5090
7058
3045
5263
4453
3806
6189
3988
548
3282
5583
5389
2612
6203
1874
5527
2975
554
3377
6154
5379
5380
2583
1837
132
3318
265
2029
6294
5553
4239
6980
6075
1952
3903
3906
5027
5013
257
4235
4699
3924
782
604
1330
3027
6017
2590
574
6025
5545
3865
3000
6334
3867
1020
5546
1023
582
583
117
3040
1948
5093
4255
3335
909
3746
6721
18
5322
6136
3446
4627
6133
3545
5105
2804
4060
4596
5631
6474
359
2197
1928
4334
536
3631
4824
4338
688
4359
4362
6565
1100
6910
5442
6558
2271
3490
6905
3480
4361
7159
7
6913
3497
3498
3501
3530
890
383
3534
5651
1729
5209
2828
6921
6706
6130
4312
323
6386
3736
2629
5920
6186
5922
2123
3420
4441
6370
6369
1937
6720
2624
1133
4445
6702
6686
2631
3064
6917
7111
353
3062
2315
6412
6439
682
5101
1651
6120
1753
2885
988
1189
679
5735
6643
6152
4136
6926
6936
2566
5303
4120
6137
3003
6144
6141
4562
5279
5290
2997
6054
1286
4164
5890
7099
5879
5736
57
2829
7119
4317
7124
1727
5812
5748
1715
1278
4345
5115
7143
2691
886
5193
12
897
4372
4
5150
4375
906
1679
7135
4147
74
5927
6042
1836
5686
1832
773
4205
1617
6022
2584
6018
786
787
790
2920
5067
4474
2589
4258
5251
109
5229
5724
4303
5949
2929
5223
4308
5928
119
3082
3136
1036
6740
6461
556
180
2195
3442
3828
3340
564
3586
3574
6751
1029
3337
3566
273
270
4806
3544
364
2308
6802
2023
3602
3444
3896
6322
3548
3874
3871
586
1524
4751
6446
6359
6707
3440
4908
6668
6666
5421
2130
2143
3730
2145
1396
4804
2154
3696
6395
5350
3739
2125
3634
6723
5514
1479
537
5508
4915
3749
357
6366
1383
314
6375
6715
3635
2225
4809
1408
2277
6304
3131
1949
4020
2259
6188
1547
388
1323
4023
3109
5433
4027
2264
6182
4651
6897
5633
4850
4046
3095
3094
6543
4077
6546
409
4610
707
5331
6216
4008
3535
6499
630
1251
6261
1337
633
6873
5580
5015
6254
1086
1980
1087
1447
2458
4001
2468
3503
5337
3464
3496
1956
250
222
247
3956
4854
1121
4820
1654
4900
5426
5467
4880
4828
5768
1445
5767
1081
1258
1236
4603
1071
1207
4555
1001
1167
1206
5060
4679
5591
5332
5028
5598
5613
4673
5298
5021
4657
4587
4652
5640
5657
4599
4602
1580
1166
5475
1338
4693
1274
5482
5222
4801
5732
1477
5224
1045
4755
4750
1137
5529
1033
4729
5256
5537
1026
1352
4704
1156
4700
1007
5351
4550
1102
3949
902
6537
6564
407
3481
380
3441
2317
6626
2320
6641
6648
6662
3434
3427
3424
2355
3382
6722
6730
3358
6745
3356
6749
3334
6786
2262
2400
432
3538
3855
3834
3831
3820
3798
545
2092
540
2100
538
3753
532
3743
507
6387
2140
2155
2158
3647
482
3636
4373
455
3547
3543
3531
2055
3321
2416
3001
135
2973
2971
6968
6994
2955
2953
2596
111
104
102
2602
89
2907
2901
2840
2806
