2340
2834
5336
19
18
2830
5502
5507
6374
4627
17
2838
2762
4289
3248
4283
5505
2839
11
2760
5771
4281
5210
16
13
4282
6575
2271
4288
6571
6441
6018
6444
6583
12
4718
1956
600
5442
66
6716
2832
5531
2541
2837
4286
15
6014
4621
6439
10
2241
3241
4776
6379
5204
2244
682
4779
4620
5212
6222
5764
5313
6764
5449
3247
1334
6010
5878
1241
3240
4284
211
2763
6572
6386
3217
6013
6448
2659
6025
6580
5858
3007
6015
2422
6570
5333
5259
215
5760
2996
6389
6378
4331
5813
5873
3461
5503
2765
4478
3484
3245
6377
2060
6978
2083
6483
2769
2833
5209
2320
2932
5158
6559
1952
5339
3064
4357
6968
2253
6938
6868
6929
4932
6370
5444
2621
3249
6797
4579
2308
6556
5441
5207
5429
2411
1871
1066
5251
6802
3243
1336
2562
5816
270
3487
3517
6585
5879
2883
5787
3210
3867
1388
1983
2683
4576
3138
3848
6012
3062
5023
5063
1957
218
3001
1874
202
1515
2835
6496
5342
62
5802
6648
6411
5584
6662
6573
2161
6525
3580
35
1242
2836
3543
5467
6915
6916
6686
3441
5331
5335
6375
686
6717
360
6256
5788
6073
6501
6046
5508
6477
5337
5804
6019
6043
5420
5983
4651
3367
3516
3464
3444
3401
209
3363
3213
1391
6944
3162
3072
2941
2924
3581
7057
2754
2585
7117
2540
2432
2341
2286
32
2277
2124
7143
14
1876
2829
4080
6544
4479
4777
873
4287
1068
4293
4407
6805
4120
4437
5153
6723
4698
4773
4684
2772
2773
1541
2823
2565
2561
3967
4538
2472
4989
5089
808
801
1719
5253
2000
5257
1959
1958
1647
2509
6221
2895
5767
3903
3900
3880
5785
1156
3790
3587
3569
5537
5851
1067
1065
3380
1064
6004
3312
3246
3244
3232
683
4441
6072
2931
6075
5636
4473
6283
750
3584
6574
186
6541
132
6919
6602
117
212
6609
7132
6696
6932
6940
7162
6626
6588
1105
3904
1717
6864
6049
3841
6011
6065
3804
3795
3582
3668
6137
3600
37
6914
6220
6229
6231
3369
39
1348
6320
3203
1191
6628
5979
6326
585
802
5211
5215
5783
5777
2117
5330
6709
5696
689
6692
6664
5649
633
5042
4138
5036
849
4294
4413
5924
4475
985
6767
4514
969
4611
4703
5818
4813
5812
4827
6640
5030
3164
5570
6579
1519
2755
2435
2434
6489
6507
7098
2753
7121
6551
3077
1545
6578
2761
2438
2810
1872
6948
2777
2982
7119
1010
4683
4682
4619
2825
4436
6783
4549
4446
4417
4573
3153
4361
3909
6840
3998
2489
2923
6016
4122
5938
4125
2504
4132
7029
6947
4261
5982
1518
4128
4359
4812
4741
6509
5338
5761
2085
711
6699
2739
205
6697
620
687
2733
6691
5523
5559
2631
2555
5225
5216
770
6480
4810
3908
63
1973
874
2768
5810
1979
869
4896
6488
6493
5792
5201
56
6506
2781
2937
4247
2488
6906
1918
135
6176
3572
1236
6913
6208
6210
6985
3513
3902
6917
6219
6965
3480
2362
3211
1421
3096
3216
281
108
6147
1339
6586
3386
284
3067
6228
3446
6925
3601
4535
1713
1928
1714
3788
5640
3843
2306
1328
3364
6724
1772
5226
3068
2948
5217
3379
2264
3393
4121
3397
2122
5185
1165
1169
805
3417
5070
2401
2103
1335
822
3100
1607
3882
5539
5533
659
3881
2014
2679
3212
685
3937
2486
6937
6934
3094
2945
4014
2415
707
3292
2066
3076
6927
2745
4033
3443
846
4123
3573
4562
1053
3575
1516
4496
64
6778
4477
2986
2831
4472
4458
4448
4314
4324
3004
6791
3648
2851
3660
1666
3665
36
57
6760
2985
1022
3805
4923
4126
2764
865
3483
870
2920
4852
3050
2766
2503
3800
4823
3504
4815
4129
2984
6751
893
4736
3558
1235
3507
1628
6446
5809
5815
1933
1914
6177
369
5912
6582
6048
6260
6392
602
409
5883
6630
6603
5872
5807
6042
5828
6063
6473
6024
6553
6577
7161
1984
6304
1901
5789
2852
6818
4255
1058
5984
7
5884
988
2249
1510
1953
2867
2921
3294
1731
4366
966
5944
4338
6804
4445
6943
6558
2817
188
2815
845
844
2812
5805
6474
5018
5793
5078
5091
2129
6482
5012
6763
187
1967
4550
6354
4568
4570
6761
6928
6459
5853
4635
5850
110
4729
2827
2826
257
6823
1100
2934
1675
3470
432
6355
2345
6584
1331
1338
1231
3060
3576
6171
457
3588
6911
6920
3463
1886
3360
116
1837
1909
118
2391
6234
3391
3115
3352
6924
6224
6922
6591
3458
459
34
1200
3710
2436
486
6607
3906
1939
1879
3960
2980
6027
4074
5114
4115
6625
6412
1944
3861
1069
6901
3824
1456
3740
1189
3746
1711
6905
7008
6068
3806
1167
3318
1161
1160
3816
3823
482
803
6631
6253
2041
206
5334
5205
5222
6532
1567
3230
2123
2087
5265
622
6939
6710
6537
5385
1608
2015
7111
5493
5500
5497
2418
5332
7107
5470
3215
6702
5772
5628
5218
2574
5434
5142
6347
2100
635
2681
197
2420
5770
98
5759
7142
6416
4170
7134
4160
1784
5433
1941
3146
2706
2983
6836
2065
6029
4088
4086
6261
2062
2082
2127
6417
6262
2423
6325
6790
5915
4422
2247
6788
4438
4444
5321
5899
6263
4454
6546
4349
4335
7025
5949
4213
2255
4242
5372
7137
7145
6825
2940
6427
3907
262
6651
1051
4285
6801
6800
5348
5733
7146
3888
3472
1272
433
6254
3499
2346
3073
6926
6217
3070
3514
6213
1250
1912
1337
2607
3468
3091
3462
5632
3365
5630
6238
3118
2589
2003
5526
390
3099
3440
6923
5565
5563
631
6358
2373
5440
3061
5509
3803
1636
5686
2990
3809
1848
3815
6902
3827
317
5447
1715
5695
2410
6045
3802
3801
1870
2997
6666
6148
3583
3586
673
7130
6257
6179
3009
3643
1830
5494
3708
1195
6677
6398
3622
3359
1351
4634
2216
5029
2174
182
2535
