5157
949
6812
2105
1251
927
5151
5791
4934
2091
5332
4339
2003
6326
901
732
1256
6892
6218
5316
5996
1259
947
3885
5510
5146
4195
772
2009
3379
6891
3969
1245
3174
3968
1257
1255
6694
2495
2109
6466
2499
1258
5155
1253
2652
6244
340
1158
3173
4254
6373
945
941
3825
2487
5346
5076
778
5865
2682
2008
3966
6498
5172
5252
1901
5634
6416
2006
6419
3755
6861
1045
5997
3178
797
194
6894
733
1252
3756
7127
3762
3924
4250
5079
4026
5803
1092
2187
5877
5760
2926
3506
3134
4177
3651
3963
728
3132
193
4651
2687
942
5159
3759
903
5992
6021
5937
133
1344
4011
5842
5633
1232
5503
1080
2256
3659
6993
5337
2454
5512
794
1571
3646
2972
5891
1675
6469
5974
3788
5780
4151
4074
1108
3781
3817
6996
5347
348
5334
6898
750
6228
3565
342
5253
1248
333
6255
5343
3390
2007
5631
5644
5651
2004
5345
2188
2186
5154
1900
5330
5293
2107
2589
2497
3782
5074
6490
5307
115
3665
3362
1244
3663
6110
4257
6732
793
3622
6427
4080
6464
3610
3504
3172
6111
3171
900
3866
5072
2689
6896
989
5883
3039
5917
3696
65
416
5254
3654
5259
3690
3752
3754
3626
4041
3669
2285
3568
4181
2640
5101
5106
4956
2743
2572
2751
5144
4766
3608
4691
4469
345
4404
4333
3485
4252
5078
5179
3604
5149
3177
5374
6016
2002
1983
1041
6695
1789
6687
6680
1593
1121
1358
5863
191
1453
6463
6442
6354
6346
1445
6210
1441
6142
6140
5914
6028
717
5639
1533
5959
6846
6999
5339
228
943
6977
5344
2251
6974
2179
4464
773
4590
4251
6978
3136
3166
4259
816
1243
734
6215
1349
1341
3344
3343
4244
6148
3864
3757
6141
7123
936
7087
6395
796
1126
6860
3668
6863
6885
6810
6784
6890
1047
6688
3650
3693
28
4208
4040
453
4065
6499
4136
6495
3614
779
4173
3887
4179
6413
4203
979
6420
3942
3130
2811
5188
5876
262
2108
4878
4921
4926
2103
2744
2102
5174
666
2459
719
2708
1384
716
5731
1915
1910
5864
2529
1460
1542
1679
5769
1902
2709
2254
2458
2831
4623
3097
3095
5311
2273
4630
4650
5956
4660
2821
2302
5294
723
5794
5239
5245
2896
2888
5331
4771
2605
3753
3780
2267
610
2309
3763
469
627
2452
811
2409
940
1040
2703
1058
1233
1240
2916
2919
3267
3233
2925
3231
2971
1393
3005
1296
1356
2278
730
3436
1154
2887
1151
1097
1125
3618
3617
2683
2685
718
1747
777
3588
3580
774
3519
2793
563
771
1448
2279
3584
4334
4435
4402
5341
439
4390
4932
6012
4467
5990
6899
5495
6971
5511
4229
4201
6973
5482
4167
343
5299
4938
4957
4958
6292
6383
5139
6411
5314
6250
6519
5182
6225
6532
4669
5213
6202
6474
203
4935
8
5847
175
5853
159
3960
5766
3856
3962
3965
845
7048
3
5706
6992
157
7142
5793
197
179
3926
1254
5283
1870
2475
6212
1880
5191
1893
6231
5181
199
5145
5804
2707
5797
1702
1191
5795
5067
6275
2525
1235
6257
2587
1755
2585
2584
5784
6256
5143
1239
2414
5306
2328
6019
649
5868
5492
652
5957
5561
641
1385
2059
5681
150
5879
2005
198
5878
204
6113
6118
6123
2326
6149
6145
5304
1906
5861
5315
1262
5328
1911
1920
2259
5372
1299
1925
5441
737
247
3785
4928
2735
3609
3607
948
960
4204
977
3555
3546
495
799
4166
3488
990
6864
6829
3397
510
3363
4377
4394
3292
6715
4285
3235
3612
4038
3789
849
7152
3758
3863
3868
906
7149
3916
931
4129
3751
458
932
3933
7130
3940
412
3948
7126
7122
3629
3750
4405
3369
6712
2979
4710
6531
2935
2933
4454
2914
2913
4717
4764
4774
2882
1143
4789
6365
1144
6359
2756
2753
3038
3081
168
4481
4515
341
790
4595
3133
1314
6268
6272
6363
1234
1465
6725
1500
6650
7133
1540
6327
1185
1566
6134
7159
6294
1578
5843
1149
6410
6125
1069
6637
983
6161
6595
1100
1380
6219
5892
5991
6655
5866
6027
6462
6425
946
6782
5869
6994
6772
1184
6708
6136
6091
5874
5376
1654
3341
4401
3176
3168
4536
4591
4605
4624
4626
3044
4662
4682
3375
2952
4712
4713
4714
2881
2832
4785
2814
4833
4844
4876
2789
2787
4711
4327
4307
3441
3773
3766
3826
3834
3883
3902
3929
3718
3930
3934
3686
3945
3658
4012
4015
4028
4122
4152
4183
4192
3569
3560
4239
4240
4253
3489
3446
2758
4877
2713
4959
2172
2171
2170
2168
2129
2123
5555
2093
2046
2037
2030
5622
5623
5655
2001
1955
1927
5747
1909
1884
1875
1838
1808
1787
1758
1674
1670
2173
1613
5474
2181
5010
5041
5084
5100
2624
2621
2613
5134
2588
2583
2582
5190
2492
5192
5236
5291
2437
2380
2324
2304
2303
5318
5342
2253
2238
5415
5445
2180
834
7169
78
819
394
102
178
814
92
449
468
807
753
201
380
682
382
798
402
714
600
608
192
726
620
2240
4066
6445
5773
684
2924
3291
3586
4783
1913
791
4960
1905
1427
309
6241
2911
4787
4321
4782
41
4977
1697
2782
5855
1440
5846
1360
5840
6465
2307
2306
984
6739
6867
1249
3578
2288
2283
4395
5468
4718
4392
454
6788
5481
689
5809
5799
6652
6893
1596
1594
464
6344
6414
4903
3051
3063
1978
5666
1985
6404
1377
3082
1378
1104
3164
5620
3623
4178
195
6388
4171
1159
6979
6371
3135
1152
6614
3127
5251
2104
1180
783
2185
5271
6859
5526
5763
4098
2960
1598
4843
6768
1599
3699
1951
3694
6423
250
1721
3225
2127
5717
648
2121
5712
6329
3674
3213
4931
1098
1181
1592
6473
448
2767
5933
5153
3542
1805
4655
7147
3484
2657
5136
3832
6557
6483
2668
3396
2417
6020
1284
5370
925
