6628
6658
6605
182
6630
185
187
6599
6602
6610
6624
6644
6640
6603
6639
6654
6631
6634
6611
6606
6627
183
6659
6629
6617
6651
6656
6613
6590
6622
6650
6604
6593
6592
6619
6652
6636
6638
6623
188
6601
6653
6591
6618
6607
6597
6598
6608
6647
6635
6649
6595
6645
6609
6655
6633
6600
6620
6594
6596
6612
184
6642
6621
6616
180
181
6646
6643
1945
6657
6641
6632
6637
186
1940
6625
3456
1035
1802
3087
2178
5193
2619
189
2436
5190
1948
1584
1941
6728
1946
1879
3453
3450
6615
4733
3387
3054
6799
299
5852
147
371
3420
3414
3381
3125
3341
3971
5600
2549
6195
1504
789
4339
4493
6066
2176
2988
1949
2618
1905
1939
1942
5511
1221
6077
5470
3083
3485
2550
2172
1510
5597
7044
3618
4632
3899
4401
3783
4261
3719
3703
2987
4867
5389
5222
6907
108
6725
6881
556
6912
6960
5841
7009
6967
5611
3996
4736
1086
4817
980
3700
274
913
3462
4413
3025
237
2566
2779
2709
5375
2569
2543
2553
2558
5592
5219
2778
2693
7101
3894
7100
7030
6985
5877
5967
5474
4961
2617
3564
4963
2583
6201
3459
3457
3451
3380
940
6584
6565
5388
4012
4735
4130
5644
7070
432
2170
3110
3119
620
5149
4409
726
6663
4329
1052
2391
6648
2416
5089
5298
4680
3994
377
4232
786
272
148
360
6788
2864
3024
5035
4475
6768
832
4816
6989
3706
2830
2691
2585
2842
4737
20
3619
4287
2863
5304
4865
6614
5630
216
234
233
2083
5703
3263
3268
5197
5211
3340
6043
2404
1678
1679
1870
2423
1784
1589
6229
7122
1232
150
1239
2339
5565
1080
6267
7075
5322
3106
4538
4227
2817
4635
4638
6929
3318
3317
2969
5613
6845
3304
5318
600
2869
375
622
5142
5158
6744
5129
5118
3129
6823
682
2867
5850
5753
5760
4328
4470
4473
2364
698
5676
6509
5870
3569
6176
6186
3501
5462
6203
3458
6288
2567
918
1293
2258
3413
5043
1128
3368
6586
2546
6488
2548
1014
3570
5063
1441
3628
3943
3932
5897
1680
1056
4746
3817
6626
1651
5356
6041
3711
3709
2488
3705
6089
6105
6134
5467
1445
3644
3064
5598
3584
116
7076
6986
6965
7086
232
19
214
6984
276
3238
3266
5098
3344
6578
1036
1051
5185
6582
5039
6542
5510
2964
3124
2690
5366
5335
2761
5330
461
6483
7102
2811
2859
2892
476
6388
5214
5315
4564
64
3452
4007
4686
6765
4730
6726
4814
4815
4059
6692
4639
6690
6678
3750
6668
3722
4088
3707
6260
3454
4135
4126
3515
3527
6589
4590
4967
4592
7000
828
787
4843
4974
5425
6415
7056
2527
2522
5464
6937
5466
5800
5796
2135
200
4415
2340
5539
2019
1582
5595
6049
2065
7057
5650
1894
2538
1754
4293
1868
6886
4480
2620
1415
238
1401
442
1806
5853
824
4927
4909
2041
5732
3647
7167
4810
2015
854
4956
4016
5709
872
4678
5705
1675
5687
834
5722
1983
3701
6701
1886
4758
5810
3912
1895
1904
205
3967
3788
3697
3780
201
754
1943
3713
3712
770
6968
1974
4006
4795
1930
3467
6205
3463
3107
5203
3089
3085
1134
3062
3049
597
5238
2980
5460
1233
1237
2885
2850
6346
2561
2565
2791
7104
1301
5325
2609
2737
2612
5414
5427
6480
5670
5479
2456
5665
3460
2151
6014
2233
5013
2621
5032
3418
3383
3382
3353
5055
5057
2320
7024
5093
5097
2321
5105
3260
3246
3242
5516
2400
2430
1061
2472
4019
5847
573
570
4362
4225
4075
4253
4453
591
4398
6840
6832
6
4202
4068
6816
4471
408
6842
6918
4559
4148
6868
6958
2189
4448
5394
6549
4344
1636
4
4863
3648
5615
6553
318
6883
5429
2628
4558
5599
4920
6204
5433
5406
329
6664
3261
4819
1316
3759
5145
1319
4500
5143
3197
5365
5367
5689
2711
2165
6660
3717
3715
3714
2127
5126
2131
1659
406
6273
334
551
3259
2118
3303
2282
4924
7126
6177
2412
2417
2419
4474
2544
4323
3417
2435
3507
2542
2450
2451
5053
2541
6164
2459
1492
5489
2536
2479
1480
2535
5030
5022
5463
3455
5461
430
4472
2410
2564
876
6063
1313
5579
5563
6987
3595
1565
3324
5083
3586
3582
4953
2322
2325
4330
6571
226
534
4479
4973
160
5508
140
2273
2381
5524
3553
4294
3348
1409
3566
438
5146
2526
4432
2890
4718
3079
3080
1765
3081
6366
6359
5899
6743
1935
1936
6758
3092
3778
3907
7109
6963
2848
6964
6851
6344
2844
1962
5191
3128
5915
3132
3955
3957
207
208
374
7106
7059
107
2986
5215
1872
3997
5212
6769
5797
3051
2945
4687
1210
4395
211
6936
1218
2913
101
5276
581
4391
1801
3133
4651
5307
3793
3809
7155
3152
4058
721
6806
720
6487
3785
6489
5290
7036
4811
2071
5170
6336
3828
692
5311
2003
2014
5752
2908
5257
6370
2699
143
236
235
951
1424
2788
3223
2787
2898
7029
1034
3168
1225
5041
2841
2545
4503
1168
3184
6858
1058
6412
6410
7
3428
89
5334
4535
5241
2974
1049
3031
111
482
935
459
6284
6869
1329
5155
2950
1410
1417
7091
2865
6884
5179
1110
6202
5195
7110
6468
5300
5096
6200
2858
7114
3120
4248
132
4552
6330
3281
6848
2639
5416
2658
6559
5056
5435
4274
6369
3230
3137
5204
3333
2812
5175
5176
13
6463
6540
3316
2696
2604
5178
6898
5078
6844
2694
1020
1402
6887
4549
2868
6363
881
2991
4568
1760
1934
655
1937
2113
560
7067
4412
6919
6811
4380
1944
5694
6669
3723
4734
1662
4436
5608
5891
6038
4895
5772
3671
3710
6971
4860
2156
4390
1932
552
4619
1646
3958
3725
3895
2045
397
2030
6720
7065
5758
6687
5761
3850
1976
1713
4366
575
5943
6697
1947
1960
4755
4829
3890
4738
3763
4818
4743
1957
2086
3779
5922
