6656
6624
6651
6596
6607
6605
6649
6650
6654
6595
6629
6628
6659
6645
6599
6606
6621
6644
6635
6630
6603
182
6593
6622
6627
6609
6610
6631
6608
6646
6598
6592
6640
6623
185
6601
6602
6639
6590
6636
6634
6658
187
6633
6611
6604
6600
6591
6620
6616
6653
6647
6612
6597
6642
6613
6638
183
180
6594
6617
188
6655
6657
6619
6618
186
5190
6652
3414
6637
2617
6632
5193
181
184
3024
5850
1879
6641
3087
2178
1941
6643
5852
1940
4261
6965
4564
189
3083
4401
2639
2619
6614
1239
6960
1949
1944
2172
6842
6799
3341
5511
6648
1945
1802
2071
3527
5197
6232
5784
2618
4651
1942
5785
2737
2170
5676
1946
5078
3855
5665
6811
1974
2915
3851
3260
1947
3088
1948
4632
3418
239
2436
4746
6176
3467
2637
1293
4795
3618
4293
1504
6936
1801
6937
225
2917
3996
2911
965
7057
2549
720
5315
7039
5841
5191
3411
3238
5022
5565
3785
2176
2189
3681
3461
4409
3850
3763
3062
6626
6779
6584
3230
6288
4566
6772
3237
4012
3628
7068
3413
3456
3671
3570
1943
147
108
1688
1680
1631
963
5041
5512
6846
6918
5753
5670
5262
6134
5644
5097
5265
4735
3
1237
116
5474
1935
4991
3012
150
4346
982
2913
7122
5510
5000
6820
3468
697
5145
6690
2322
3416
133
3784
5035
5008
3263
6841
6728
1829
3132
4088
6989
4204
2272
26
237
4560
4663
4493
2779
4480
4687
4689
2638
960
4730
5802
3485
6725
5805
5222
3970
2
6565
3317
3854
4659
3788
1296
6780
3381
3402
6913
4016
6488
843
6532
3463
2297
3459
597
3692
3640
3615
3943
1554
223
4956
5705
5322
1651
5427
726
1890
2517
5318
968
4961
7044
3064
235
5316
2912
6410
6907
5272
2919
3543
2325
885
5436
3450
3462
2630
967
2451
2853
989
5
3453
7081
5782
5146
5280
3133
7042
2435
1191
6660
3259
5807
395
5809
2404
2558
5815
5384
6967
1205
936
786
3026
6542
1080
3022
3387
2774
5846
3415
980
3464
2186
3858
6776
3778
6778
4281
1905
3782
4405
1636
4395
4681
6774
4686
1769
4291
4788
4339
4974
6726
3866
1806
4995
4484
6414
6267
6415
3610
226
234
1659
6787
4817
6329
4668
3031
3028
2703
7108
2454
4596
346
4993
5487
5497
1705
3089
1874
6884
6771
4473
962
5709
4873
5694
230
6985
1803
45
5655
2885
4569
4431
4932
5597
4938
981
5588
5587
986
4075
1054
4369
5523
4295
4074
2561
5287
6845
6777
3783
3781
5149
1233
3771
5055
694
3755
6198
3712
6699
6696
3705
2291
117
3458
3703
5089
3647
7086
6680
6687
5129
3501
120
7
6932
6540
6663
5286
5282
4561
5266
4032
5260
5870
5241
6832
3971
1395
5213
4676
888
6915
5198
3853
3333
7100
5199
2141
3900
3316
2095
3932
5006
832
959
6912
1765
1681
534
948
6790
2569
6683
721
2553
2254
2277
2228
6689
2147
2326
2328
2131
1145
2432
2434
2062
1088
1086
1971
2438
6883
1783
2542
2541
969
551
1872
961
6902
2461
1630
2445
7000
2442
6806
6886
6788
783
4439
4930
3706
5526
64
3614
3586
3525
3520
3512
5050
4458
3454
3452
5039
5563
4500
3417
3344
3340
3750
5600
238
5386
4267
112
6392
274
4268
4269
4287
4007
4292
3959
4294
4391
4413
3863
5215
3789
6195
5099
3759
5394
3239
5595
2897
2892
2889
6088
4786
4819
2864
2863
6615
6064
7160
4843
4904
6046
2778
2777
2775
4992
6043
2687
4922
2811
2914
7109
2945
6122
3197
3190
4998
5689
148
3025
5752
4666
5703
4680
6278
2988
3016
5057
4969
5003
1301
5141
1393
1259
1424
1290
1495
5132
5056
4994
6816
4997
1304
5031
5515
5148
6906
6121
6116
966
5758
5760
5761
5791
940
5817
5854
6077
6919
5914
5922
6929
5945
5986
6038
5584
5144
5564
6901
1225
5158
1201
5178
5195
6868
5196
1134
1109
1108
1100
5259
5338
5395
5519
1056
5529
1049
1031
5551
4963
2609
4941
3137
3216
2430
2424
3231
3281
2368
3342
3069
3420
2299
3465
3479
2239
3625
3685
3701
3711
6679
3066
3032
3021
2635
2652
2733
6625
2788
2552
2551
2546
2545
2850
2881
2515
2512
2927
2969
2991
3008
3015
3018
6701
3719
2181
2179
1825
1824
2608
1804
6327
6323
4460
4565
4576
4578
4591
4616
4683
6268
4738
4838
4901
6221
1654
6330
4943
1883
4272
3756
2173
3779
3816
3867
3903
2073
3967
3998
4006
2030
1983
4018
4019
6387
4130
4165
4169
4256
1895
6545
3584
764
7078
232
299
575
143
7131
7076
7082
7167
7095
6977
196
7089
6958
6968
432
479
113
7093
600
7065
1299
1298
1297
3469
1275
2896
2094
4853
985
360
4863
1249
693
7014
3030
5818
2830
2465
617
3082
6692
2459
1313
3081
692
1360
2859
4783
5821
4160
3517
5135
2433
3029
5562
7060
1038
2385
6963
5024
4080
3859
2986
5104
2144
7157
3349
1144
5567
5700
4971
6222
571
3429
3425
1203
4929
1232
5707
5650
160
7073
4948
2126
2127
4178
3954
6275
5611
1767
2533
5751
2632
3679
233
1722
4407
6794
229
2526
1686
669
7002
1679
6795
1704
3649
2620
2536
3729
4323
2564
1870
1899
1844
2589
4403
6473
6149
4298
5859
2538
6768
4296
5844
2540
4185
4481
6981
2479
4637
4639
5771
3567
3566
5605
2767
4650
204
5607
4674
5915
195
6563
4701
4655
3643
2761
1528
5463
2684
1633
4515
4249
3619
2715
2006
2498
1584
1991
5451
5604
3585
3583
2753
341
3904
6092
6164
7149
5242
3213
6926
6420
2269
789
3139
5366
6427
3994
6423
2256
4013
5331
5281
3292
3969
5674
3219
3966
3942
581
5539
2264
5240
2293
5278
3254
4519
2688
7110
1629
4682
2420
4253
3410
698
1292
3129
5434
5806
2695
1632
337
6971
1605
4990
2275
