6603
6602
6656
6631
6596
6630
6640
6654
6628
6599
6605
6606
6639
6658
6627
6650
6607
6651
6617
6624
6593
6619
6644
6610
6590
6638
6601
6655
6616
187
185
6646
6649
6652
6635
6629
6653
6618
6609
183
6636
182
6595
6621
6604
6632
6611
6613
6634
6623
6645
6622
6657
6608
6659
6592
6637
188
6591
6600
180
6598
184
6597
6612
6594
6647
6620
6642
6633
3414
6641
6643
5193
5190
1940
189
1802
1949
1941
6615
186
181
5850
2436
2178
1945
3381
6965
5089
3628
3463
3387
6267
3024
5197
2988
4564
2619
4293
6967
3087
3464
1944
132
5511
147
6648
2703
1946
6663
4261
1948
3467
4470
3461
6936
3259
6728
3462
5315
208
4287
1636
6066
2083
5035
1769
7057
6614
6960
5815
5753
3341
5097
3783
2172
5665
3260
5318
6227
1056
1221
3380
5644
2315
5158
6884
6985
6565
1947
3618
5852
459
5287
2991
1942
3125
5041
682
6370
5537
5785
5870
6584
6765
6883
5595
5752
3263
2984
4339
1765
2997
5276
4480
6937
237
960
2535
4291
360
3729
238
2853
4413
6260
7039
6768
3415
2830
5510
3139
2892
2450
7009
789
5470
1128
5129
3160
6907
2699
4075
239
1680
3485
5551
1540
7044
3083
3062
3064
432
4401
1054
3028
3860
6077
5758
6725
6780
108
4659
1803
4632
2015
7068
2617
4873
1943
3640
3711
3703
7091
4569
698
2639
5222
6772
1879
5802
3855
2451
828
690
7000
6776
2864
4917
6557
936
5375
6987
6046
64
5191
2986
4335
3016
3466
3681
5611
5269
1504
3468
6886
6660
2014
4817
4819
5565
1870
3469
809
556
2691
207
2176
4493
233
6195
3266
693
787
6542
160
6963
2762
3957
965
4733
4551
150
1630
5661
4557
2258
5209
3333
5265
726
3018
3269
3418
6488
3008
4227
3281
4289
3317
5047
5897
2013
3894
5213
3712
711
6958
6701
3710
3853
764
3849
3458
2181
3459
6918
4248
4735
3088
757
6205
3465
1890
135
950
962
963
964
4453
1052
4867
2604
7076
2609
1688
3570
5142
6842
3304
205
2693
6626
6625
5706
6201
1895
116
3971
299
6202
5817
2902
4591
5056
2416
5564
4101
5055
3932
6877
5810
4409
6799
5063
5170
3954
3558
3324
1239
551
6889
6665
6668
3340
5127
581
3586
3956
692
6692
5386
3959
3619
961
3782
1208
5278
967
5211
969
5366
5145
1188
3785
534
6813
3300
2160
226
2863
4558
2536
4663
2340
2339
5539
5782
5630
2553
2566
2580
4283
5508
5533
2889
5841
2412
5599
1528
2435
1894
5579
2982
6989
2990
5701
3025
5784
4395
2896
1956
5818
5879
4709
5807
4863
6483
1681
6941
2601
209
200
6258
2638
2618
396
5000
2089
5463
4484
6031
1319
4730
2185
1801
6203
5709
6134
4561
1760
6200
2482
4012
4568
4566
201
1768
2603
3988
5805
2567
966
4549
2637
7070
4503
6186
4877
7086
3967
4006
2612
4538
5452
3617
5204
824
694
3763
4728
2087
6017
6716
19
4738
17
2045
5922
2210
5953
754
3851
7
2170
727
3854
729
5963
5218
2218
3719
843
6041
2457
935
7100
6811
3625
1930
2430
4603
95
6105
4818
639
6089
3644
3647
5851
5853
6669
56
872
3702
4795
3705
3900
3709
2472
96
4003
3543
6901
3456
6383
6373
2992
4961
2980
5584
6564
1510
5356
4365
1523
5078
6334
1541
2885
6871
5588
1402
3428
1160
6929
5467
3318
5469
1225
5474
6509
1293
3353
1301
6915
3368
1304
3246
3383
6538
5389
5507
4282
6288
2817
5043
2737
6848
6845
5655
1061
5694
232
1682
5648
6266
1629
1631
5682
532
6868
1035
2264
3197
1051
2269
2071
3750
2286
2062
2549
2749
3707
2328
1169
2326
2325
3858
3401
5878
3292
6544
2044
5666
1191
6032
3416
2620
2082
3778
2165
3303
6489
1734
5451
6238
3331
1754
3833
2709
2186
3268
3767
2189
781
786
5433
2228
788
1205
2711
1204
2256
5689
5425
3706
3801
1165
3700
5384
3595
2438
931
2442
2800
5769
2453
6578
2458
2459
5594
1517
2935
2434
1106
5774
5350
1829
3512
1872
2569
2527
2913
2851
5307
5642
2538
1584
5650
980
5755
2983
2811
2012
6261
2763
3079
2778
2003
885
5281
5855
6082
896
5367
3077
5289
3072
1422
3452
6088
6664
2386
3453
5697
3454
5311
3043
985
3029
3026
5524
3142
1080
4332
4592
6982
7117
4475
4816
5208
3996
4330
4973
697
4292
6769
6875
5083
4651
3873
4560
4420
225
211
4489
6790
234
4500
667
4458
4903
4904
5153
3985
274
4553
7036
4995
216
4736
6923
20
5022
4
5039
6760
6762
12
6559
5640
6919
6916
6272
5639
6832
4911
1632
6274
5439
4245
1635
2834
1227
1587
284
2867
2869
2880
3564
2910
1002
5316
6837
6330
2833
1639
600
2769
918
1725
5031
227
6230
2695
4473
3413
231
6816
4165
934
2710
5163
5027
7048
940
3616
4901
1675
6911
3615
2760
1654
1651
6913
3970
1010
1646
5427
2921
6986
1274
1058
4295
6405
408
6410
1067
3129
6968
5516
5512
371
6466
4274
6484
3294
3217
5487
6586
3493
1308
1300
482
1295
4994
4117
5059
5358
5362
6574
4247
3223
3067
4130
3460
4374
4019
5598
3451
5325
5597
1509
5587
2981
4958
1231
1031
2987
6846
5333
6974
6899
1441
5114
4329
1049
5006
538
1014
335
3015
3001
2999
3312
3529
6850
6570
4963
7035
3890
1983
5854
6085
4810
1974
5721
4635
3723
1957
2428
1937
2431
4596
695
836
117
3713
678
5803
677
5198
2488
5196
4565
4559
3902
7082
3701
7101
696
2357
4678
5967
4755
2168
3850
4756
6745
13
2214
2217
4741
2219
5986
2113
2231
16
5920
4758
2085
2266
4722
2279
2291
3791
6038
2046
5877
3788
45
700
3906
5266
3420
5195
1819
6168
5770
212
4550
6176
2565
5282
6193
5750
