6614
6613
6612
6622
183
6616
184
2178
6595
2176
6593
6617
6657
6653
2171
4810
6634
185
6638
6631
6594
6652
5350
5123
6610
6639
6645
6655
6654
6347
7051
6591
4536
6618
6633
2172
6611
4596
188
3782
2486
6659
6596
6043
6630
6619
38
181
3614
1806
6620
3591
6606
4401
6459
2645
6637
4535
4402
1518
6621
6590
186
6600
1554
1830
1839
6656
6644
1831
5954
6615
589
273
4408
1519
3139
6332
2412
182
6640
6152
2342
6297
6592
4227
1675
4404
6632
1833
4567
1747
5838
5984
187
6601
2177
1974
6658
6643
2416
3605
6298
1372
2343
6737
2306
6597
1832
5321
6598
4595
4651
580
4817
6628
2354
1514
6635
4044
4403
2707
180
1801
4415
1487
6603
4900
6529
1035
5043
6605
6173
4591
4594
1413
1605
4409
3196
4400
1509
1510
6599
6312
2489
266
3
5648
6650
1837
5403
3747
5310
771
3618
5688
278
532
6627
6381
2818
2170
2173
6414
415
395
388
4413
5915
1513
5946
6416
5689
5466
2938
2913
4892
272
4853
4819
5247
4813
4522
247
4739
4736
237
6048
2914
5510
586
5281
6646
4405
6647
152
6624
1836
3520
1971
3954
3784
2174
6232
1749
1935
1990
6629
6636
3612
1980
6604
4130
4792
242
2919
2249
3998
5516
6602
1838
6798
4902
4676
5032
2850
5081
5091
2150
5347
895
854
6181
795
4874
3733
6623
4261
3913
6330
361
2375
5791
2991
6745
6225
5974
4446
3125
1445
3175
2351
4531
89
5920
2304
4215
4220
2345
1879
4549
2987
4534
4559
201
7079
5331
5313
3748
3990
6788
419
5480
3956
6457
6415
588
584
5617
1834
1521
3496
3610
4590
2935
2344
1628
4442
1601
4407
2376
2997
2411
6768
3053
1502
3133
3132
6765
4306
4592
7075
4593
1336
6787
3598
5127
937
4080
5058
5035
1528
4920
1769
4092
1757
2245
4116
4730
7005
1275
2587
6329
7000
234
9
226
6341
6278
269
6238
37
6149
6295
232
5761
7068
5179
3013
5213
1983
5218
3743
3738
231
3723
2488
880
6340
6343
3825
4015
2915
2916
6201
6323
6202
1010
2934
260
2394
5059
7052
2568
3900
276
5141
2090
5298
798
6884
3168
5460
5462
3170
6041
5469
5644
3386
5515
3304
2358
582
5583
5584
5588
5513
2482
3470
5395
4999
491
3599
2141
2142
757
2169
3500
6288
2179
304
6695
5684
6699
6704
6706
6291
4043
1875
7008
6150
4901
1293
4485
6147
4679
4897
6
6799
239
4517
1137
4229
4231
6130
4417
1648
1261
4706
1625
1620
4406
4216
1410
2658
2835
4749
4538
191
1744
6142
4963
1523
1740
5953
5853
1753
1100
4599
1580
4529
1406
319
4361
4309
195
200
241
5360
1255
6141
1501
5345
6690
1218
2147
6608
7087
4539
5582
2363
1383
6548
1385
2350
2346
6451
6452
6138
2308
5509
5501
2294
4509
4486
4677
4480
2247
5433
3452
2307
4456
5251
4317
1896
5074
3969
4194
994
5036
1107
6164
1844
4163
5024
4922
7160
6197
4924
6195
4925
4134
6191
5000
4054
1038
4995
1776
4098
3952
4332
4204
7053
6664
2071
3720
4301
3731
1588
3739
3741
3749
859
865
75
4267
5188
5181
3789
4238
6651
4232
6649
1136
5126
3866
1130
1921
1920
551
2720
3734
6775
3112
2414
6762
6794
6018
2465
6406
2417
6319
6790
2896
2648
531
413
496
2701
5773
5702
392
3029
5751
5642
2410
5956
5983
3479
4877
6327
5351
4873
3569
147
5344
4911
5341
4990
2604
1779
1786
4236
754
7043
6684
6158
6521
1072
1680
4912
1109
3513
4899
5382
6965
4919
6861
6607
5404
3547
2211
4932
5363
5362
5858
5358
3493
4950
7078
6696
1815
2603
6228
5105
1930
5272
824
5785
5129
87
2504
839
7065
5178
3057
3021
3788
3783
852
81
5190
3781
878
860
6334
275
5282
5097
2093
4048
1031
5317
1835
5021
1013
2931
431
4010
117
5041
5324
2477
3624
7047
2115
3963
5078
3960
6913
5086
5291
2939
5286
6210
172
5216
2299
1237
6811
638
610
4369
7007
5564
3381
5484
197
1515
4533
5980
1264
4532
4470
3441
35
6880
5623
2364
2319
5512
627
1271
575
4712
4664
573
4419
203
240
574
6830
194
2827
4795
7107
2388
558
2705
2348
5955
332
5891
2349
5945
3237
2652
2355
2757
1626
4818
4487
6133
192
2387
1192
5587
4337
4755
2384
526
4780
4327
2347
5541
223
2761
1923
2706
2569
3953
3957
1905
959
4500
3937
3950
3955
4665
4489
4488
1634
1305
7001
870
5214
4598
6555
2010
3026
882
5950
5189
3022
1323
2995
6260
3801
1391
5764
1407
1313
3876
4655
933
6342
3234
5135
5145
5146
3805
3804
5157
3803
4654
1893
428
5815
398
868
160
6167
1213
5846
193
4929
1080
1745
2811
4948
6172
1232
1742
2680
2854
1679
381
1621
5
4878
6148
1143
4324
189
4211
4815
1584
391
372
393
2845
4675
4096
4977
2589
4444
119
4013
5939
4465
422
433
989
3968
6064
4481
107
4484
344
148
5008
418
7039
5926
1244
1773
207
1050
6325
412
4709
1251
1483
1254
4410
1267
208
4917
2405
5361
3726
6042
5402
5330
5399
3730
5293
277
5303
779
3732
2352
3592
3072
5567
5571
6667
666
2039
3499
3595
636
6460
6413
2439
495
2134
5275
2131
5514
765
5518
6358
5481
5304
5267
5364
3494
2146
5243
274
2165
3633
32
734
5464
856
5589
5368
2028
3425
6316
3142
5998
5353
3140
3239
2018
6465
6483
6666
2378
3629
6304
5242
2359
3514
3303
581
2460
26
743
5578
5375
3290
5348
4828
4239
6535
1624
4826
376
2241
3432
6153
2656
3434
4844
2651
1132
4870
2621
3543
1728
3143
2858
6701
4916
7093
397
3763
5388
4910
1688
4905
6479
3508
394
383
1649
3147
5416
4876
5415
4237
6887
6156
2218
