6613
185
6595
6658
6619
6657
6601
6616
183
6659
6652
6610
6618
6653
6639
6634
6633
182
6605
6621
6590
188
6612
6624
6628
6629
6640
6635
6630
6654
6599
6620
187
6631
6593
6592
6617
6644
184
6606
6638
6611
6600
6622
6627
6655
6650
181
6651
6602
6645
6656
6647
6596
6603
6636
6594
6598
6623
6591
180
6649
6632
6646
6604
6607
6614
6608
6642
189
2178
6637
6609
186
6615
6597
6643
1879
4261
4409
2172
1806
1801
5190
3064
1554
1510
5035
9
3782
1802
3387
2176
5565
4817
5043
6176
4961
6641
1942
3062
4536
3894
6918
5439
6937
2450
5915
6936
6195
5425
5350
7000
5841
2619
1935
2896
2779
5039
5145
771
5523
2436
4549
5648
3125
3304
1974
2550
4401
6201
3780
2987
2488
6284
3783
5097
5141
5974
5644
4538
6648
3601
6697
6965
3618
3784
233
237
1941
5971
4059
3139
3026
4267
5191
2553
2558
2569
4317
3520
2933
2648
4484
4639
2778
5193
6806
438
148
6692
1134
5199
2773
6509
3779
4676
227
1675
3788
2934
4187
4795
6291
4635
6288
6696
4959
4227
1939
5984
2170
5564
1940
6625
2548
5123
6
6168
1035
2173
1010
1983
3402
3463
1
147
4531
4591
5815
3132
150
2997
2272
5463
1143
4967
4160
5307
6366
3290
2618
6344
7009
3619
6728
2935
3238
273
274
2542
5689
2071
4298
4164
1945
1504
1949
2549
6963
2913
3266
2325
5365
6886
4
4500
3022
1514
395
226
5197
6483
1422
5617
5000
1678
4266
2435
2228
1046
5375
5129
2567
2932
570
4075
4165
6985
423
2551
5838
2637
2315
1395
4310
2604
2568
3107
5606
532
3237
842
1225
2249
3701
2560
5055
1390
371
8
7108
5758
3971
4130
5850
2291
4168
757
5852
2991
6134
5462
5298
2546
1523
4533
3
1680
662
6884
6699
235
201
4245
116
6569
6564
6906
1803
5194
6480
5196
3501
4638
5318
6913
3381
6334
6807
2364
6958
2818
5512
6933
5511
6202
3414
2652
854
6225
888
1930
3341
276
597
5288
3260
4311
2394
4810
5485
6799
4240
5304
3550
2342
5278
2486
2344
5315
7075
841
2378
4206
415
412
5510
5563
965
508
2408
5466
4292
720
3582
5188
5600
2417
3029
4306
4179
2425
6664
2346
4214
5579
5
2691
4730
4736
3801
1920
1923
4804
667
2684
5061
6232
6931
1175
4413
6169
6415
581
234
6451
6768
6794
3515
2811
4590
3614
6885
3729
2776
1769
1776
1584
6467
4677
6912
3785
1971
3981
4046
2587
3990
556
341
551
4049
3954
3946
4058
3202
5822
3199
4539
1313
6063
329
4339
5895
2850
5089
578
4517
4596
5213
5216
4534
4567
5222
4535
4319
3529
5056
2969
4678
2694
988
2639
1221
7100
575
2919
573
4295
4818
5149
839
2916
2658
2915
700
7
5102
2555
2685
4749
4743
4470
5183
7107
4963
7103
5091
2561
1635
2492
1937
895
6929
1518
1948
1960
3930
3232
6077
3230
3216
3204
6038
6028
5967
6971
3998
5922
3591
3184
6976
342
4019
5891
348
3242
1253
3850
1932
3647
3644
3628
6804
6845
3616
6868
6871
6880
3428
3342
6584
2267
202
3333
3781
223
1804
6907
1648
3711
240
6394
6346
6330
6286
1753
5791
5980
2355
5587
4191
738
2353
4196
1509
420
5761
4202
1457
432
5477
5470
4241
5460
5435
1441
7065
5363
3569
5356
5317
5291
5588
2347
7003
3485
4162
754
2279
135
5665
5735
5676
4169
5753
6679
3198
4163
3319
967
4001
3767
3759
3043
4522
3344
3340
787
4161
3053
3720
3024
2949
3020
4291
703
4290
4269
2830
3726
3054
3306
4479
2929
4173
980
4193
3873
3203
4299
4194
2918
3863
2917
4296
3101
4287
4200
3464
3261
3809
2914
3263
4465
3994
3804
4313
4204
3800
3789
3610
789
3348
4078
641
4557
2221
5936
2189
6018
2143
6043
2014
6056
6070
1990
6164
6165
6238
6264
1936
1933
1931
5899
5846
5844
360
5526
5539
413
5562
5567
403
399
5607
6293
396
5615
381
377
2294
5724
372
5752
5784
5611
6297
6332
1924
6762
85
6765
6778
6790
1599
6805
6851
1636
6883
64
1522
6960
1517
6987
1396
20
1319
65
418
1672
6690
6388
1872
1870
1829
1823
225
222
6460
6705
6492
6542
207
6548
6549
200
6576
1681
6667
1784
2354
3512
2566
5264
4733
4970
2540
4737
2543
2689
2544
4809
4814
4815
5170
589
5167
5122
5121
5104
2559
534
4819
4863
5062
5522
5030
2632
5007
2620
555
4995
5311
2698
4917
2800
5503
2777
4663
5394
5508
2441
5480
5509
1080
2770
4593
5360
4674
5331
5514
5321
4558
2363
2412
5464
4671
5313
2835
1394
1756
1238
2640
2621
1779
1300
3318
3316
2931
2651
904
1682
3493
2699
2910
2912
1613
2695
890
2693
1421
1248
1642
2688
3380
2788
1450
1688
1747
1639
3408
2358
2609
2495
2223
2231
3183
3182
2258
3005
1129
2817
940
1128
2215
2275
1121
2297
1093
2416
3129
2345
3110
954
879
2348
2391
2430
1041
2210
2171
1824
1833
971
1874
1877
1904
2586
1927
2583
3256
1054
2207
918
2552
2000
3217
2013
3206
2547
2030
2545
2151
2156
3200
1969
3160
3584
3513
591
6283
6282
4867
4873
577
4887
4900
4911
4912
6285
6239
5003
6221
6210
5032
5041
6200
5057
5063
6150
6147
558
6317
4801
6347
6540
6535
6529
655
6500
6488
6468
6462
6424
647
231
232
1293
4559
4569
4578
4632
239
6405
6391
4706
6363
4728
5078
5101
6121
5105
5521
424
5961
5546
5602
5608
5613
330
5945
332
5920
5670
5687
5688
5706
337
5709
5732
5913
5747
5897
5853
343
426
4473
5519
5516
520
299
5182
5209
6055
5272
5282
5286
481
5362
878
6034
459
5991
5404
5407
5427
5972
5438
5458
5469
5963
5474
5517
6562
4568
5877
89
