6619
6618
6610
6658
6611
6617
6629
6652
6635
6602
6605
6601
6612
6659
6656
6633
6627
188
6654
6630
6636
6649
6647
6657
6624
6616
185
6599
6650
6653
182
6640
6644
6646
6603
6651
6590
6645
6621
6622
187
6655
6613
6628
6593
6606
6604
6634
6638
6642
6623
6600
180
189
6591
6643
183
6607
6620
6609
6596
6608
184
6632
6639
6631
6615
6595
6597
6598
5193
6592
181
5276
186
6884
6625
5565
1945
2749
876
3125
5190
1930
6641
5709
2756
3726
6614
3724
274
294
2178
1275
6594
5702
2619
1941
5687
3723
6637
2291
335
1523
7108
5043
4795
881
888
336
6989
5365
3300
4553
1802
1504
3728
6886
234
1722
6238
1949
1520
4335
4529
6168
6105
5055
1490
5853
3381
5922
3685
7070
2609
5706
7100
2416
6077
7101
5222
2172
5688
6648
3894
4569
1884
2751
237
233
4557
3729
3722
4564
1202
6883
2618
5661
4814
613
5058
3263
5563
6092
1491
5366
5350
5122
4794
4007
5425
3801
2620
2436
5897
4231
5739
239
2567
6134
4227
4810
7067
4380
4012
1509
3014
4561
4959
5852
4566
3463
276
1421
5564
3640
3725
3414
6227
4389
6880
5953
1940
1948
147
5388
3129
5980
3110
5967
3260
4635
5059
6366
3344
960
5145
2339
4413
6195
160
360
2601
3080
1080
5701
690
636
6967
4330
856
4590
6165
1529
617
5707
1422
3720
3026
4001
5315
2272
3684
2569
1239
5170
4705
5172
6726
496
1498
2147
4166
1522
2176
5700
789
1204
4493
6415
2017
405
238
4275
2730
3707
1598
2859
6889
967
5611
4248
3721
5850
4221
1675
2612
573
6626
306
2921
1631
1974
3018
554
2867
1441
4245
3760
2604
2511
2499
6288
6200
658
4825
5032
3342
7076
6819
1314
5943
4591
6842
5598
6770
1201
3564
1221
6132
4165
1215
4168
1879
5722
2898
5142
3860
5089
6334
2285
1682
2621
4706
6198
1946
7051
1507
2297
2013
2488
1947
5272
284
151
2585
471
5489
6232
4291
965
6963
3994
6936
5878
6987
5508
5524
4967
5663
667
4111
4121
1318
1315
4793
703
3546
4701
6403
3767
2014
6705
5185
2412
2684
2322
4293
5264
1143
5331
1492
2863
2855
3387
1823
2254
85
557
2268
5562
1801
871
596
614
5567
5271
4432
969
6728
3946
3809
5367
3012
4556
9
7009
1734
4558
163
302
3016
2566
6197
2065
6163
216
1723
3700
3292
3942
3072
3706
7102
1588
3087
6111
208
3948
6663
3958
4961
5096
2347
553
2608
7086
6816
116
4963
3318
2258
3015
4605
1445
3711
4711
2239
3761
3712
3970
4241
5149
4702
4401
4676
2646
6565
700
34
2515
4409
330
2600
5342
5551
3817
2279
2030
3269
604
3304
5470
2495
3031
610
4447
4927
5097
4328
2561
3485
1688
3628
854
6849
5721
3745
5262
4565
4596
5648
3402
879
2760
4911
304
303
5726
4941
5474
5587
5194
5584
3618
4453
4597
3644
4220
6151
2275
2617
884
81
4535
2568
4003
4006
1983
5738
6199
6721
10
6958
6772
5806
1867
358
3460
4148
1527
4503
5511
6779
353
6201
940
3242
1554
4534
4538
968
6230
2969
5963
5488
3835
4169
966
964
3688
963
962
6239
6203
1744
6202
4369
3160
6462
2095
6918
6410
6291
3599
1728
3851
6907
491
6463
2364
2353
1635
4130
4796
1496
1495
5091
3705
4247
4638
1304
2991
1895
5035
6404
4903
781
5811
1319
5245
4203
2080
783
1769
3592
4593
5823
4424
2083
2096
3558
2325
2536
3594
4096
3303
809
4677
2462
4428
6451
2386
3124
3053
4360
5752
2460
4799
3462
828
3598
4718
2715
4585
5463
5169
5646
6776
5191
5451
2018
5724
5784
1829
5364
2643
5601
2417
3916
3911
6372
4
2099
2346
4817
3482
6332
5062
1528
3355
3777
2911
4500
5480
2909
6912
4639
1514
4973
4637
4663
2522
2039
2997
2144
5197
5127
3142
83
3800
4242
5681
5278
4292
6665
355
5386
7109
3990
6231
4651
1597
150
977
961
5503
3997
4522
3681
5054
4002
2160
64
4008
5703
438
6960
2527
2203
3348
1889
4737
6937
534
1469
5267
4674
6875
6160
5330
5269
272
273
2269
1784
2294
2614
1686
3804
5841
3259
6863
20
3268
2293
4560
2830
612
4306
6852
556
885
3802
2255
3858
4332
1442
2564
3139
1691
4697
3783
1877
19
850
4678
4333
1
5238
1035
5665
5351
3246
1071
4261
5626
6725
978
3808
4207
1934
3470
4867
5363
971
6720
4246
3855
1121
80
4826
6468
2593
6662
6669
1960
2512
4828
824
2603
4667
5362
89
2592
2560
4895
1056
5723
4236
872
875
2640
3850
5057
3138
5725
73
3853
4662
5644
3854
2015
1054
3294
2231
1510
5291
4715
469
4018
5298
4016
2927
4511
6965
4517
4520
423
6974
6236
3341
5325
4714
1508
5287
5123
3647
558
2260
5537
545
542
540
2252
408
4469
532
4470
1457
1461
5327
5326
2223
1497
3107
3992
400
2170
167
3032
5920
171
4568
3746
6150
7078
7047
5462
7103
235
231
6135
1768
5318
3064
5961
2067
3646
1680
7029
1591
1593
2971
371
4728
4549
363
359
5041
2987
3701
347
3703
3756
3083
1639
3317
3719
6193
1424
2791
2299
2710
5576
4429
4431
2806
2345
6387
2712
3267
4079
5155
5549
695
620
2315
5255
5141
5265
639
6407
6405
632
2737
4090
5148
6381
4427
4898
3617
2769
771
6877
2688
3111
5558
4075
2818
1342
4708
6811
6844
6370
4421
108
2331
2271
2699
4071
2400
3413
3832
4116
6478
6483
2146
5061
1630
6388
6494
1316
6020
5809
2498
1303
5965
3517
5025
2089
3863
5949
1765
1243
2443
5167
3579
1195
2108
5099
3892
2381
2118
6106
1685
4894
1278
1679
3952
3803
1671
5915
1666
3957
3595
6204
3996
1599
1480
4076
1218
4244
5131
3873
3859
4955
1399
