6621
6654
6624
6627
185
6607
6620
6629
6635
6659
6605
6650
6658
6609
6611
6595
6613
6649
6645
6601
6606
6610
6590
6653
6633
6657
6612
6628
6651
6636
6640
6596
6656
6619
6623
6618
6634
6639
6602
6600
6644
6630
182
183
6631
6599
6603
6652
6592
6655
6622
6616
188
187
6608
6647
181
6593
6617
180
184
6646
6638
6632
5850
6591
6604
5190
5852
186
6594
6598
6642
4261
6597
189
6936
3414
6965
6637
6643
5815
1941
2436
6641
4291
2178
1802
6883
1944
1940
6614
237
1949
5193
5197
4294
4293
3026
2619
4292
5841
2435
5565
3024
3022
6176
1942
2172
6648
5706
6135
3501
6918
3463
5644
3027
2430
4296
3259
4267
6960
2325
4391
4287
6937
4298
3462
5785
5648
6626
4327
1948
5805
4295
6077
1879
2604
4272
1945
4281
3469
6774
5782
3729
5145
2638
6806
4392
4786
4817
6967
3020
4268
6267
6615
4269
4564
3087
3461
2618
2639
1947
1554
6334
6907
2173
3381
2769
3402
1946
5854
5363
3028
2170
3023
2431
5470
3281
4401
2608
2013
2617
4648
3467
843
1974
5041
7
3899
5055
1675
4676
6932
5665
2256
6483
3387
3464
2434
3468
233
6678
3959
1935
5734
4160
720
1319
3681
5579
3782
4558
234
6195
6989
3029
977
3263
2438
5818
6768
5104
6805
6963
2935
5844
5859
7057
6785
2684
7000
3016
3132
6424
3618
1943
1682
3640
3260
6370
2488
3601
4263
2515
6877
2239
3644
6933
4795
116
120
5721
1803
2637
5043
5529
694
3428
4606
5761
2609
4082
1178
872
6584
2635
96
4828
5199
1680
4566
4398
5196
235
5587
5056
4825
6906
2912
879
7108
5439
201
6780
5511
1528
1769
3567
3520
3012
551
906
4266
2293
2344
697
5784
4007
6232
2328
2538
4644
2322
2525
5661
2897
5799
5807
5809
4677
1829
6366
1470
1313
1303
1806
5702
3695
4557
1288
3680
7020
2176
1801
5524
3454
2004
5425
5463
2102
148
5367
2632
4484
2014
1678
4299
5039
207
225
6784
208
6787
1702
6788
2189
6726
3340
881
5739
6679
1129
2000
888
1820
6772
3267
5758
6373
6799
3779
4961
5584
6351
7095
1128
2915
3752
1061
3755
2315
5802
5676
5738
1631
6202
4032
4596
3342
4409
5922
4006
1629
4075
2740
6221
2612
5213
3817
2600
4101
3398
1639
4569
5272
3912
6150
2737
4659
3902
6288
842
3310
4565
2353
2030
5474
6405
5817
5512
5747
4248
4227
3064
118
3088
6540
2966
1201
2963
6811
943
4225
6564
371
6884
348
5097
3459
3460
6916
3002
6958
4390
6901
5129
108
5858
2267
1790
2703
4369
5967
6842
5523
1930
1293
3646
6816
3688
5732
597
764
1221
1497
4785
6425
1510
1890
4311
3125
1804
2652
4265
5881
6021
1315
1239
2558
5703
5971
5752
4394
5879
1316
4078
4323
4317
4335
2587
1205
5737
1283
4166
4500
2326
5666
6031
4399
4493
4553
1143
596
669
6088
5846
3425
4637
959
960
965
1681
6765
3290
1657
6762
200
204
1636
6728
4863
3348
238
4822
3415
6675
3416
274
294
4809
3429
6587
2433
5035
3235
140
3133
5264
2779
2811
1854
2911
1832
2917
832
2933
2945
903
2970
1565
5315
3004
6931
6926
6923
6912
6889
6886
5365
6875
5366
129
5375
2997
3527
5771
6563
6415
6414
403
405
6278
2527
6293
732
3720
3863
6376
2620
2298
2023
3767
3774
3778
6344
4674
3784
471
1086
1492
4804
3558
2522
6499
2432
3996
6422
3954
4639
6473
1504
3946
3952
3785
702
5216
839
838
904
4460
5198
5263
647
5089
5753
4583
4642
5597
5222
1056
5354
5520
4810
4517
4538
4552
5537
4603
5543
4738
5735
5483
4826
4829
4867
1045
4711
5709
4959
1054
5434
5694
4561
5564
951
2552
5670
5045
5063
4503
5253
6929
3032
2279
3628
375
2210
6488
1509
6479
3691
6909
2291
6913
6401
6399
1523
6387
3756
6354
3771
1457
6346
6915
3781
3783
3787
3788
147
6930
459
6284
2297
3906
3062
6545
3253
6807
6804
1689
2105
6789
6782
2646
2244
2640
1654
3316
1635
6745
359
143
3409
231
3410
239
2258
3413
6625
306
3458
3129
6574
353
6858
6868
2636
2991
3251
2987
4196
2919
6039
1301
6038
1786
1296
4202
7093
542
6028
1833
4221
1263
5963
2722
7154
1233
2788
1225
4389
5853
5847
2773
3
2
4402
6062
1314
7091
520
2336
6210
4019
3958
6201
7044
4016
4104
2969
3943
2331
6133
6091
6121
6134
3927
4003
3932
1824
5022
2738
3238
2708
5030
1783
5115
2853
2859
2018
2778
5211
1704
2892
5054
5191
5050
1828
3050
1818
5058
3101
3102
5062
2461
2914
3199
2913
3219
2896
876
948
4405
1522
1679
3994
4001
2536
4138
4143
4145
4185
2541
4199
4203
1971
4260
4523
1254
2580
1245
1243
4290
1232
4488
4297
1204
4360
2553
1191
4395
2564
3956
967
4640
3925
4917
3344
1630
4823
3417
1599
1570
1933
3546
3553
4802
3579
2566
4788
3610
4787
2523
4718
3706
3728
4689
4687
1425
1422
4651
2532
3921
4647
3759
2749
5855
6542
150
789
6902
6758
2101
5878
5663
690
786
6813
5563
691
5567
6467
5949
534
438
2259
6582
6548
5394
568
5386
415
396
6778
65
661
6308
6359
64
5526
557
556
6451
5331
7028
5724
5350
5489
6329
5436
5267
7160
6169
5271
6165
6690
5276
2228
6046
5468
6229
476
485
783
5600
602
703
2425
2427
7138
6273
273
2247
360
2127
5480
209
7149
2272
5595
3543
6565
1190
6532
3570
1939
4453
1983
6535
4431
2621
3564
632
3569
2394
1937
639
2572
5768
347
5262
5750
3420
4591
3418
2095
6203
696
4597
4599
4601
698
4605
5655
6687
4632
3408
3407
6697
2539
1117
1593
1121
346
1934
658
3485
337
1147
3465
5838
4473
335
5723
5722
6588
5688
