6631
6639
6630
6654
6590
6640
6644
6624
6656
6603
6606
6655
6600
185
6638
6596
6629
6653
6605
6607
6595
183
6602
6658
6622
6651
6628
182
187
6650
6657
6619
6652
6649
6608
6598
188
6634
6645
6599
6613
6659
6593
6618
6611
6610
6627
184
6594
6591
6621
6601
6612
6636
6635
6609
6633
6592
6617
6646
186
6616
2178
6623
6620
6642
6604
6647
6597
181
180
5190
6632
6637
6641
1802
5193
6965
4261
189
3414
6614
4470
1940
5850
2172
6643
6884
2619
3024
3628
2170
4401
237
6960
5039
5197
6615
5035
1801
936
2176
4863
3461
2604
1510
1221
6799
6201
5129
5041
3618
2436
5665
3894
4484
4413
5315
3087
3619
2811
1949
5000
1941
1806
3125
1803
4568
4409
6648
5854
3783
2703
5078
5852
6488
5089
6918
1944
6626
4558
6886
5276
6987
3956
3029
2536
5127
4817
5281
4733
7039
3954
6967
4557
2618
5611
5510
3263
6728
5630
5815
4819
2639
6868
1879
4901
1035
5644
6565
1947
3260
1054
1056
1946
5753
2705
6176
3998
2617
3064
1293
4012
6134
4549
108
6077
5318
147
4632
2249
6370
3703
3381
5470
538
1046
2800
5463
5595
1051
4405
4291
3592
4564
238
4493
3464
6936
5008
965
4480
3706
4730
4395
556
1011
2412
4339
6260
1769
5022
3387
865
3785
6232
6267
3782
3858
2889
2853
3340
5689
395
2935
6776
3647
5344
6041
1974
5721
918
2885
5356
5196
3028
5195
5986
5213
2817
2315
5732
698
5199
6017
3591
2881
2609
3463
3701
5282
3855
2658
3850
6880
6985
5469
3304
3312
3543
3788
5523
3780
5511
2603
5272
2693
2695
3900
5648
2472
3705
2488
5785
6907
5802
6663
3711
6969
3467
3380
3719
639
3459
3458
1983
935
3119
1541
1942
5043
4873
4755
6227
6479
201
6284
6509
239
4902
4678
1523
1895
4567
4569
1890
4638
6288
5097
4994
135
7044
1943
4075
4369
7101
7107
5003
132
4810
7100
4402
1188
4560
5366
3468
3450
6889
5464
6883
2533
5191
6692
3512
3629
6937
960
4995
961
5368
2450
1784
6678
6664
6018
2189
5375
2417
6963
551
5167
3415
5752
789
3026
3025
787
3022
6765
6768
6548
4813
2851
2855
5700
2864
2933
5707
2917
2913
2997
2779
1399
6483
1584
1239
4651
3720
3344
5509
4903
3261
4709
3259
5565
2691
5579
6415
828
38
6557
2709
3139
5466
160
6788
4267
3957
3959
3784
1945
396
6088
1971
7057
5122
274
2131
4287
5126
6238
2071
6164
4293
3333
2173
1540
7068
3341
1509
2635
2045
1052
5512
600
3317
2637
5474
3413
6383
2482
3485
6330
6334
3460
5897
5286
3854
5285
4591
3428
5055
879
878
2568
872
5059
2602
3899
232
45
4177
5222
2991
2850
6811
2987
6772
2969
2858
1948
7
4818
754
2919
2915
2902
1301
5244
4900
3970
5758
6205
836
2688
6913
2694
2699
4735
3168
1128
1424
5805
6842
2737
658
662
2773
3083
3062
4538
3479
6929
3712
3617
3616
2168
6968
5342
1804
3615
5031
7082
2279
5347
432
202
5309
5967
2179
4473
116
4997
2416
7070
5006
3625
4351
5032
4404
5085
659
1391
6046
5562
1829
809
6841
5784
6048
1783
6195
2701
5809
5594
6460
5600
3202
233
6040
3172
832
3907
2254
6668
2707
5289
2708
4736
6043
4479
4332
4871
2986
4403
4815
6660
2863
6542
148
150
720
2988
4415
4407
2174
4843
5321
3750
2896
6787
2893
2892
5146
2220
2185
5121
3054
3053
6941
4865
5666
6278
1372
6066
3995
1009
315
786
3016
4804
4809
3700
692
693
7102
4163
7009
3266
969
406
2569
3417
4335
2386
1870
5915
3558
219
2601
1241
5280
4917
5278
1208
6576
4992
4592
3859
4314
534
1765
2553
4306
4991
4590
2558
2094
2346
6344
550
360
3462
1504
3873
2269
7117
1872
4904
2630
2414
2638
5533
200
6875
4681
2435
4680
207
3292
1517
4663
1529
1528
5508
5311
2451
5367
3527
1905
1646
5961
1215
5722
1753
6695
1629
6268
1867
2430
1682
1339
1957
1688
2867
1300
6147
2517
2869
6780
2492
1747
2865
2531
1952
6625
764
842
2368
6200
2267
6669
1132
6455
5853
6282
6401
6283
6410
1058
6584
1134
964
963
2266
838
6405
2651
1927
771
1413
6285
2841
2362
888
5738
6351
1296
5991
1976
1031
1390
1014
2310
1886
1819
1237
2590
866
2600
1939
2275
2561
2418
2895
597
3316
5047
3930
191
6915
7091
6919
3528
4431
337
143
4460
3890
3237
4999
4471
3853
3849
4993
5597
6986
5598
6906
4990
371
375
6845
5377
4328
6983
5516
5056
5141
4130
532
5123
7029
5149
4165
5439
5155
4187
4196
5091
4247
4248
554
7065
4274
3418
558
5063
3501
227
5467
4295
5416
573
3971
5057
215
5515
3816
6850
459
4676
4682
3599
3601
3756
3570
694
3638
3001
3640
34
3713
3709
2981
5688
4746
5362
4877
4874
4867
3692
726
4795
6958
2921
3
1
6932
397
5142
4659
89
4596
3786
6830
4565
4597
3088
4635
482
3781
96
4535
6837
4561
4033
2890
3707
5307
2083
5335
6064
4086
6056
3801
985
5145
2096
3681
2097
4049
3789
5214
5312
2165
2014
6082
3905
3757
7000
3946
392
3729
3953
1086
3722
3955
2143
3973
1042
6149
3715
3996
415
3997
1080
3866
2124
1894
7036
4907
4674
1521
7143
4668
1538
64
4705
1544
1588
1232
1589
6353
1640
4562
4551
6388
6321
46
6416
4816
4814
1294
4853
6492
4862
1392
6414
6487
1422
1275
4737
6473
6467
4879
6452
1415
1213
1709
1722
4330
5053
5058
4298
6964
1143
1901
4346
4294
226
4292
4281
4269
4199
4194
5104
225
6261
4411
4420
1210
1723
4523
1754
1202
4500
7109
4489
4488
4477
4474
1794
4465
141
4438
4432
4424
273
980
1313
5755
5879
6724
788
2423
6820
3416
