6584
1441
3107
3049
3047
4135
3043
6632
6558
1930
5227
3101
1449
3046
6647
2745
1442
6643
6721
6725
6623
3106
4148
6599
5222
6650
6617
5223
3104
2749
1945
6726
5651
6120
6642
1445
6618
6609
6928
6127
6637
6604
6930
6907
6641
1651
6589
721
6115
6615
505
5879
3917
3915
6937
3724
6926
6597
6413
4153
180
2730
2619
6590
498
6919
5238
353
3044
5657
951
5659
4130
1655
1477
6601
940
4139
1726
1948
1940
3912
726
1942
6611
2612
2325
6592
6949
3918
6608
3080
1303
3082
1659
4166
786
182
6636
6630
6628
602
6912
3906
4601
358
3318
1654
6610
6938
2155
1937
6621
4006
4246
6634
187
6633
185
6929
1475
6627
4149
2317
4577
1472
6616
90
6034
6968
540
604
1282
5913
3103
2759
6540
3105
6602
5967
2686
1302
5458
3472
2280
6577
6543
3109
6629
6646
2864
6651
6464
5599
210
4661
3287
6689
4639
4630
3758
3582
4924
3910
6635
5491
189
6624
1440
4140
2328
1941
2738
7161
140
2756
6612
5226
3319
6603
6936
4136
3284
1936
6598
4717
6594
3133
618
6582
6808
4147
642
5290
682
6030
2725
2123
4712
6827
4453
1932
2743
4048
1873
1658
7108
2067
3902
6412
881
2868
4000
4605
2596
4003
6942
1927
3083
188
5450
2430
2436
1295
1300
3522
6625
6920
1448
3414
3160
2472
2320
6620
153
6905
5470
6613
5228
1160
2424
2159
6901
3587
6607
6965
2407
6904
6658
3721
1168
1400
6619
6177
6240
5170
4143
6767
1443
6122
4141
5145
4157
6461
6065
4710
5592
6644
4634
5647
1057
1163
6688
360
4610
6095
5873
899
4608
5308
1286
1679
6659
1306
1446
6057
1765
6526
5011
659
6931
4001
2326
3086
2019
3933
2153
3384
7053
2643
4020
2286
7033
2620
64
2847
6908
4004
20
3916
2702
2771
2948
1935
1949
2117
2711
2392
6806
6960
2709
3750
4867
1508
4662
3569
4874
6654
4669
632
5298
73
34
6663
4715
7070
4796
6645
1768
183
3528
6600
3269
3295
6605
2416
5101
6940
3311
3341
5093
5090
6984
2431
486
2331
6591
147
2693
1307
1308
3485
6913
2271
6903
819
6921
5655
6588
159
2323
5261
6917
5354
3752
2113
3045
5479
6818
1986
1763
6327
4328
3042
6730
5488
5490
2751
6720
711
4022
1967
4045
2969
2965
6463
2597
1946
1944
6789
1939
2593
5520
1706
950
2400
6125
2724
2095
3085
3783
349
6687
5439
5462
4626
3821
6545
4573
771
3088
6593
5784
2434
1098
2435
5229
3100
1284
2427
5664
5650
1348
3238
5431
6963
6444
5652
2821
5330
5788
3102
5466
5815
2859
605
7087
1305
6531
3118
3108
1179
84
1169
6520
6583
5811
5916
7056
2536
2442
5453
1317
5486
5268
901
2940
3087
5498
6578
5383
2438
7105
1359
4493
7147
1717
6163
4574
3964
6838
2060
4481
3828
3759
634
4631
373
6948
2125
2127
216
4611
6111
4472
4432
1933
4142
6802
1870
6764
1868
4144
6805
2731
309
651
4179
2754
6195
6191
4244
4259
6728
690
6656
6883
4774
6033
5054
3348
1470
4973
3443
184
2296
2322
6927
3376
6037
3359
2340
6097
3518
3495
5042
6649
4928
1547
208
3268
461
3707
6376
3586
1563
2228
5977
2183
6093
2746
2740
2817
1005
1010
2807
5810
5687
6239
843
2804
5966
2710
5907
5905
2621
5874
6072
6126
700
6134
2667
2617
2921
2603
6185
5945
714
6039
6038
4101
1064
3909
3817
1652
3755
4667
2151
4731
4735
4738
4776
2156
4860
3646
4963
2252
3928
4602
3934
4599
4131
1934
4151
4159
4021
4167
4180
3486
4192
4240
4241
4243
4019
4471
2002
4529
4221
2281
3418
3380
1253
5388
5474
5475
2530
1166
3040
5325
5502
1128
5537
1116
5554
3001
5610
2583
5511
2592
5323
1293
3375
3352
3312
5105
3283
3244
1918
5322
5254
3183
2452
2456
1304
3115
1301
1296
2437
3230
3584
371
466
549
6947
6522
6525
6369
293
56
467
7101
19
474
6699
637
6807
7100
359
53
144
368
592
6918
6680
6880
6744
186
6496
542
6727
7030
6626
6741
6648
6986
6895
611
500
6845
2618
200
910
6743
1344
871
1480
4008
1900
832
1337
1871
614
5258
6031
5264
3389
4947
3520
1316
2585
5294
2863
5904
4955
2282
6820
3525
5185
41
5968
181
5125
6585
2748
6914
1401
2229
5197
4007
3469
3462
2941
433
4205
6404
7102
7120
1351
5022
6596
2616
4277
504
5699
7085
5524
5703
5522
4145
6981
2419
4023
6499
5489
2408
6967
1164
4146
4039
3095
6989
5615
1080
6768
1086
3136
7020
2432
6465
1053
4025
5658
1876
3187
7000
6446
6414
2395
3048
1249
5350
4160
2554
4046
5841
6750
5307
518
516
2964
2578
2579
1297
1492
5743
3351
5367
6944
294
6941
3300
989
3313
5366
6546
5782
3340
6813
3030
138
5371
1888
4232
3524
2147
6179
209
6657
6254
4339
2035
2066
288
4718
1920
1558
644
2736
6259
207
748
3975
4811
211
6652
4411
1915
3904
2144
324
1584
4767
719
692
217
2152
6238
237
654
4258
391
1754
4716
3829
6264
4848
4925
4286
6668
2121
2065
1504
2723
6320
6788
2747
6046
1678
4233
6325
2779
724
821
667
1720
2116
1784
1802
6165
4242
1529
7145
1926
6078
4454
6785
3959
3656
1636
1522
2185
4521
1783
1516
4557
2811
5456
1718
5389
4280
1225
4575
3823
6552
5434
5435
5445
2364
3316
6826
3834
6939
1707
3310
1711
2069
3288
1719
6537
1496
1178
4337
6469
3919
3163
1099
5598
1094
6474
1093
6831
6462
1964
1796
7024
5619
5628
3932
1115
5553
1121
5476
235
333
5483
6951
4441
3900
1161
3903
4398
5497
3196
4390
1762
1132
6985
5535
3281
3820
4627
4018
5092
3702
3705
4841
6606
3511
4245
2162
6911
4820
5134
5141
5142
465
3711
3712
