6650
6599
6629
6624
6654
6656
6651
6627
6590
6605
6644
6630
6649
6659
6607
6610
6601
6635
182
6596
6595
6633
6634
6602
6658
6640
6631
6621
6628
6646
6608
6592
6603
187
6645
6639
6657
6598
6600
6622
6611
6613
185
6632
6642
6609
6653
6606
6597
6612
6619
6620
188
6655
6623
6594
6636
6593
180
6652
183
6638
6618
6647
6641
5190
6604
6643
6591
184
189
6617
186
6616
1802
5193
181
2619
5850
6637
1949
1940
3414
1941
6965
4261
5665
2617
5197
6960
2618
1945
3024
4564
6883
6626
2436
1947
6648
1239
6936
5841
5191
720
5815
2178
4493
3341
1944
1948
5852
1946
5967
1942
2609
6967
4291
4294
3087
5315
3263
2189
6195
3527
5145
2435
3463
7
4012
6811
6410
3260
726
2181
5753
1879
3671
3088
5149
2593
2639
120
3413
5706
5703
5366
5784
1504
6728
6820
5000
4287
6088
4863
1801
4292
5022
6963
6806
3729
6232
3026
885
2638
4007
6614
3132
2620
534
711
4401
6907
6884
1221
4565
4566
2604
604
371
3779
888
6725
3317
3342
3418
4959
5196
3083
3756
5198
1804
5199
5222
3064
5291
3628
1803
6985
6540
147
950
4016
940
771
2515
6176
6134
843
3016
3022
5879
1829
4268
2853
4843
3750
3464
3801
64
3462
2325
4655
1630
3259
4204
6813
1734
3344
3461
6165
1769
3416
936
948
6937
6678
20
5565
832
4557
2127
659
237
476
5702
6415
6668
6886
2461
7039
2176
6664
721
3996
6726
1636
3959
1080
4293
2538
1208
5595
6267
4346
4637
2536
5676
5785
1631
872
6695
5564
5644
5587
1296
348
5511
5487
5817
432
558
5474
1233
5877
6625
5470
1225
5318
6284
1540
359
5986
6168
6722
6830
3932
3459
2030
3467
3062
4165
4795
2969
4785
3851
3570
7070
4561
4632
3028
4738
2710
1974
2315
2737
3528
6880
6918
3618
2024
4295
2600
5055
3752
2636
3281
2885
3970
2637
2430
3899
2499
2512
4873
2172
4019
3894
6969
2779
4267
6912
4339
3804
5899
2272
3784
4296
3759
5859
4323
4298
2282
6066
960
3942
2601
2632
3956
697
6329
693
2438
2434
6414
3866
150
2404
2386
4166
669
667
158
2709
5058
5782
4244
2328
2322
2711
406
3720
3235
2830
5522
5146
5491
1935
5425
5394
5367
6774
4991
5331
4788
7122
6615
3081
5264
4974
26
1565
274
1784
3415
3520
5143
5524
4481
5700
5
3238
5099
2023
4500
360
5707
2889
2917
1679
3681
1232
3555
2628
233
5611
5752
4391
4651
556
2892
3311
695
3333
6402
3912
3267
3160
3316
694
3380
3850
3410
3754
553
3601
3783
3788
3807
6584
6405
3536
3032
3037
2700
3711
3855
3485
3456
3027
3703
1675
2597
5427
5439
1943
5497
5523
1304
2002
5363
4635
4549
5670
4470
4460
2170
4431
5709
2095
5721
1890
1503
5059
5078
1680
5141
5142
5043
5041
5282
4963
5194
4956
4860
1867
5265
1509
1884
1573
5725
5739
5747
881
879
4168
842
2431
4032
6288
4169
2495
6357
6370
6373
4006
4003
2517
2592
6334
2362
6121
4227
5758
1128
2239
2249
2271
5854
1054
2291
2297
5891
5961
5963
4272
986
964
6038
2331
2608
6077
5129
58
299
6772
7108
45
3
6832
6799
6687
6807
459
6901
227
6779
2
7100
6663
7076
7101
6721
3586
3349
5594
6423
2811
4249
5878
1704
1971
1249
2326
989
6768
3706
1783
5035
5563
6931
1323
5024
1723
5008
1011
3579
1303
3582
3610
1905
6451
661
789
5510
786
1765
4472
4088
1806
4789
3124
6841
1086
6964
1088
1882
732
6660
2911
737
2131
5809
2893
3674
3411
140
4786
2872
6889
1854
690
6765
2847
4163
3387
2859
4480
1202
471
6666
4484
3133
5663
4903
5689
2933
6758
4013
2864
6238
3652
3782
965
3809
5280
4392
809
4687
2065
5172
5170
557
2003
6057
5157
3012
841
6689
2684
1633
4639
2228
3833
2018
2708
3025
3468
2687
324
234
6778
5281
4161
1427
7123
1426
5463
2185
3785
5451
3340
4269
2988
5436
2756
3567
6810
2293
1392
3172
3800
871
3802
5245
967
3873
9
2589
6141
3805
7042
2587
6585
6846
1908
6135
2915
1093
3501
2912
6850
2927
4626
423
4074
6125
6085
3031
4711
3564
4130
6701
968
1014
4755
5922
3591
5897
1939
962
1934
6697
3543
3529
951
4075
2400
2025
3625
239
6105
235
3018
6089
2987
2652
1930
935
3615
1056
4735
3692
5802
1632
5322
1635
1453
1639
116
5096
3943
6990
5316
1441
3816
5089
1651
3808
3806
1670
5056
2751
1682
3817
5298
5132
5137
1554
2646
5195
2640
7030
5175
3854
3853
5266
5155
1510
2686
5272
2688
5148
306
5286
5144
2621
2703
5140
335
3655
7068
2773
3689
1201
2500
4877
5694
4018
375
6974
3686
4927
3685
7095
2880
2881
1883
1132
6842
5772
3675
1895
5738
5641
1810
3701
340
1705
1706
343
5512
3971
347
4994
1301
349
1293
1760
3753
1274
280
4961
5597
5598
3712
1237
3705
1373
6166
3584
3089
6565
4196
201
3222
4362
3458
655
4248
6433
4578
6424
2128
4369
718
4245
467
6283
563
3107
4453
6932
577
4538
3318
2275
658
6239
6203
2334
4569
3216
202
4531
3253
4529
159
3428
715
2279
727
4591
2173
4503
6421
4390
3402
4462
3381
682
3230
836
600
1
3125
2320
838
6383
597
2090
6929
729
6709
2964
3952
3585
4448
3152
4413
4995
3319
6808
1754
5936
6392
6667
4281
4948
3950
781
1038
2147
6989
4558
5375
5881
5661
2432
5378
6397
6867
2863
3450
294
4560
2497
1422
1399
5061
4992
3904
5412
5480
3778
6384
6724
341
1702
2183
5774
4266
5771
3355
1722
6467
2778
719
7098
652
3679
3774
1709
3680
6376
4817
6987
3684
4819
1872
4809
2897
2460
1901
4011
4783
4275
5054
5844
