6595
6659
6613
6658
6634
6654
6650
6624
6629
182
6640
185
6590
6601
6610
6593
6627
6639
6599
6653
6605
6633
6630
6596
6612
6628
6651
6657
6656
6621
6620
6631
6611
187
183
6644
6619
6635
6652
6600
6638
6623
188
6655
6618
6622
6598
6649
6594
6592
6647
184
6602
6645
6606
6616
6607
181
6617
6636
6603
6646
6608
6632
6591
6642
180
2178
6637
189
6597
6604
4261
186
6609
6643
5190
6614
6641
2172
6936
5193
4409
6648
1801
1802
3782
237
2619
4401
2170
4795
1879
6195
2325
2618
1806
6965
5644
5097
2436
3701
5676
1974
3894
6176
1554
3260
5000
3024
1941
1504
4493
2176
5565
3387
6937
233
5670
3850
2617
5665
4632
1
5149
1221
5850
1983
6626
5523
116
6201
5035
3132
6883
5197
965
4500
6664
6615
2779
3087
2189
2071
4204
5689
3263
9
6415
4817
5841
5191
3520
3784
5145
3064
6985
5852
299
5043
3932
3414
3341
7
5511
3780
3854
5967
4402
2567
201
3
1940
1942
6284
6134
3971
459
4531
147
4227
2173
5199
4635
5706
4591
3711
3304
3705
5141
3381
6077
4538
3783
1510
4130
2811
395
3610
238
4639
6768
4687
1529
4564
1971
4674
3759
4863
4287
5703
4206
3619
3026
4179
4173
4164
5784
1784
6232
6960
6912
6963
5815
789
1829
3527
2933
2917
5
3139
1935
1945
2632
2435
274
4298
885
1239
1949
4294
3729
6329
3720
2863
6886
5466
5463
3706
5055
4810
1237
6
2512
8
2667
2315
276
597
5078
4959
6663
6288
4956
1219
5129
4867
6625
2297
3628
3618
6725
3709
6334
3756
694
1031
5753
2639
4369
5512
6846
5974
3564
1635
4295
3855
5564
6880
2637
2488
5961
5897
5877
5648
4012
1803
4075
6918
6919
4187
3501
5709
120
5758
3005
6842
3601
2850
1390
1393
1395
1421
4678
4676
5286
6799
3788
3125
239
1947
3413
5318
235
5362
4404
202
5439
7068
3591
3817
3062
6038
4549
5363
6034
4165
5821
534
5844
5846
720
2911
6141
6229
5315
1080
5366
5367
5375
1038
3022
5510
6043
693
3016
5524
960
2564
5595
5617
5632
476
6458
556
5702
557
2538
5752
2404
4843
234
3858
3344
4539
7039
64
4590
7057
6806
3804
4663
4668
4677
1422
1409
4730
3801
6778
204
4733
200
195
112
148
1681
1679
4267
4007
3996
4268
3959
3956
5146
4291
4292
4293
3450
4339
4346
4405
3785
1734
5104
1313
3648
1319
5099
2322
3700
4
6728
5039
5143
7122
1232
5022
5008
4819
273
6765
3266
20
4788
4991
3268
2569
3681
5847
3703
3944
6225
1867
3781
1824
3943
1804
5805
4162
3647
4168
1753
5721
4177
842
3970
771
5922
3930
1960
6135
3779
2869
6147
3608
1948
1944
1927
3463
711
2867
2912
5976
5854
3570
3851
3853
5963
3719
2915
1886
5945
2919
6203
3713
3712
6132
1884
5891
2013
5194
4272
4202
5265
3267
4743
5272
1134
5282
5262
1394
5298
3110
1108
4603
2249
5342
4659
5347
4818
5222
5195
5196
1225
1233
5059
1253
3242
5003
1293
4961
2299
1314
2291
5213
4993
4569
4565
4561
5597
1670
3458
2987
1675
888
3456
1680
2181
2430
1688
4256
2179
3459
881
5587
3428
4329
4535
1523
3342
4503
3640
4470
4460
3398
5470
5474
2391
3402
4390
986
4362
1739
6291
1035
6584
2773
2
7164
2560
6929
111
2604
6971
6532
563
6861
2550
6974
2817
6565
227
6697
6401
6509
6932
223
6695
6976
6424
6811
6884
7108
7100
2548
7101
2737
6779
6868
423
6368
2561
371
6540
2609
1399
2465
6451
4736
5364
3029
6776
6031
2845
2813
5368
703
2558
5594
6709
2272
6726
2913
6762
6542
3259
484
5425
2587
2914
2118
5451
4080
2847
5394
2778
2283
6967
3566
3507
1906
2638
3238
5965
2461
3859
3558
2684
3614
3955
5157
3952
832
360
2566
2935
392
6987
6989
3942
1143
5264
7000
5278
5280
5281
415
2346
1885
2450
3750
2536
841
5895
3863
3202
4992
6692
4995
2014
3866
2386
5350
4998
5899
6678
6981
508
1086
5064
2006
3981
3975
3873
783
1210
7009
5061
3715
5915
2894
4200
612
5522
6841
4391
4392
1584
4403
4413
1565
2549
2553
6164
3287
2701
5650
3800
4484
2228
4504
2423
6820
207
3020
5526
551
1686
5579
6483
4269
140
3004
3453
6881
6267
4296
2417
961
1636
2997
967
596
2709
4330
2862
4335
3417
969
3429
4523
2893
667
3025
4705
669
5464
3789
4686
4163
4681
2648
219
3303
4651
1769
4161
6066
6063
6788
4160
4665
4671
2774
6790
3714
4680
4593
697
6113
6784
2876
2160
661
5661
5480
5304
2542
4709
2425
2687
222
3833
5588
1939
940
3808
964
5458
6535
6488
7054
3028
966
5487
3899
1100
5485
2394
5497
7044
1010
432
5389
5515
5316
2364
7051
3816
5521
3088
1930
3049
1890
968
3083
2640
3584
2799
203
4431
4453
4462
3380
6832
4473
2163
1747
4536
1509
3333
1503
3318
3316
3467
6807
4566
4568
4169
231
2600
4398
2207
1728
1689
143
2182
1682
4248
6907
4274
6911
135
4225
232
2621
1639
2171
4328
3418
4351
4365
4366
191
4384
1593
4220
4596
4599
4638
4997
5005
4016
5057
2577
3998
5089
6983
337
5102
4019
3543
2635
2331
5140
5142
5144
2568
359
5266
3129
5291
5123
1883
2141
3204
4648
108
3281
3269
4090
4734
4738
4785
3265
6958
4032
278
2279
3237
4873
4900
4901
4068
6699
4963
4969
6696
4829
6479
1128
2546
3604
2969
6091
548
2085
620
2426
2002
558
2515
6421
6142
5943
5723
5725
3754
3755
3615
2688
800
5914
6221
6121
6200
1969
662
2865
2686
6107
6410
754
2457
2492
1972
6130
6402
5678
6133
5705
3787
6205
3710
6330
3644
5739
3625
5623
6283
532
5738
2090
2030
696
6282
573
5785
