6654
6656
6629
6624
6650
6653
6590
6607
6658
6651
6630
6640
6605
6631
6602
6610
6639
6659
6644
6628
6601
6595
6600
6655
6621
6596
6649
6652
6603
6638
6606
6599
6635
182
6657
6646
6619
6645
6611
6627
6634
183
185
6622
187
6633
6612
6593
6618
6613
6609
6636
6598
6617
188
6632
180
6608
184
6591
6616
6623
6620
6647
6592
6642
5190
6594
6597
189
186
181
6604
6641
2178
1802
5193
6637
2172
5665
5850
1940
6643
1941
3414
4261
3087
6614
2619
6960
1945
5197
3024
4401
2436
1974
6176
6965
3260
5852
1221
6648
6883
5565
1801
1949
6615
3263
6936
3729
2176
2170
2617
6077
1946
6288
1944
4795
5129
3125
5721
6967
237
4291
6678
1806
4817
1769
4007
3416
5841
6284
6626
5644
3281
7044
3850
6334
6884
4565
135
5097
6565
3467
6918
3628
1879
6201
2987
832
2536
6195
965
4493
4500
3464
5815
5191
5366
1504
6415
4564
3259
274
3462
3681
3413
5706
6811
3463
1682
1948
5196
5648
6868
5587
5199
201
3894
5967
5511
4635
3855
7068
4409
5041
116
5222
4470
3501
3854
5272
2512
5854
4503
239
1804
5142
7101
5758
147
4362
4369
234
5276
3959
233
2189
5595
3468
5784
6937
1901
6765
5035
4663
3026
1630
3344
3527
5039
6963
3720
4415
5367
2618
6728
4287
3461
4863
4293
4294
5611
5000
3858
2435
6989
1239
5702
556
5563
2853
5470
3459
888
2969
3381
3062
558
3129
3160
4032
5694
6842
432
6907
3853
5298
3851
2315
2430
359
2515
371
5318
2609
5265
2637
2639
3705
3701
5262
5362
3618
2773
5738
459
5725
2604
2181
1760
5055
4357
1510
4678
7100
108
1523
7070
7108
1554
5089
1225
5043
1943
6370
1942
1947
6282
1509
968
4561
1803
276
4566
4569
5198
6410
6509
4075
6134
6227
7
1633
5689
3429
6886
4346
6726
3415
5463
6820
6881
3785
3782
2917
1971
6542
6278
5375
6778
5782
6776
2811
6768
6232
5809
1794
1894
4405
5350
2863
5425
4484
1765
476
2889
2892
4637
1734
1722
720
2997
2779
6841
5630
3873
5167
885
534
4001
2325
2322
4268
6066
5524
5099
6867
4788
936
294
3016
1205
208
3387
3833
3202
1275
6175
3012
960
7039
4292
204
238
967
2017
726
5722
5723
711
3601
6479
563
5753
1274
3543
3564
2858
3088
6846
5739
4810
4829
4591
5732
1798
3267
6830
3485
1680
6540
3428
5512
5688
4941
1631
6286
1646
658
4735
5487
6880
3398
6832
6381
4659
3342
3083
6373
6798
3064
3316
3317
5705
6799
3028
3458
5709
3341
3027
1689
5523
1201
5213
6779
5976
2030
5963
5945
5943
3860
879
6625
1049
1054
4328
5891
2482
1056
6985
1972
3783
6193
3756
6150
3899
2291
918
963
966
3204
5195
5194
2173
299
7065
5149
6969
3970
2223
2238
6105
3932
3930
4220
4227
2239
6663
940
4402
843
5805
2651
4404
6200
3703
1927
3709
2688
2703
1886
2710
5817
3711
120
5363
1128
1121
3685
1808
1939
1867
5056
964
5785
2099
2083
1829
6664
596
1905
2269
961
1792
5666
5663
6092
2830
969
5752
1529
6427
1528
6790
1232
2711
2144
2145
732
2859
2687
5707
6238
6267
2986
2970
6705
2964
2522
1935
2620
2538
2569
5700
1679
1080
5703
1086
5844
828
2777
2893
6762
1923
2023
2404
1204
786
2638
1038
876
5915
2434
6197
859
6260
2438
1202
2450
2988
1783
3025
3022
5315
5104
4819
207
4281
200
4593
3566
3558
4298
4558
7090
3469
4330
4335
3452
5464
5466
5480
3417
6889
160
3411
5008
3619
20
216
3700
4677
5267
7002
5281
5290
3952
4705
3957
3859
4709
3994
5508
3996
3801
5229
6987
4736
7057
4903
6964
3726
3722
225
3706
4639
5510
4267
7009
3266
3261
3300
3268
4474
4403
4395
4480
557
4523
4391
112
4413
4392
5022
2567
1768
4638
3771
2603
6330
2592
6974
971
4130
6721
2561
4969
5853
4632
2565
89
1109
6725
3719
604
6772
5802
4891
6147
3646
6135
3110
1540
4785
2095
1215
3692
2652
1219
1786
2636
6335
4225
235
4902
7040
3723
6584
836
842
2517
881
2400
4706
4867
3246
6685
6283
2364
2362
2357
1688
4869
5287
4943
5282
2331
5266
3206
5986
3900
2297
3217
5598
4676
5286
3779
6203
1293
4994
4738
6850
962
5870
5877
2488
1890
5897
5584
1731
5922
1269
4006
6697
1635
950
2431
1639
4961
1304
872
96
3971
2179
3640
5059
4240
1052
702
3031
5439
1960
5687
1490
6391
3420
4431
507
1983
1495
3418
7086
5670
5047
132
6424
3479
3570
4828
3465
4826
3333
682
6807
1814
3456
2915
7095
3460
2912
5469
3318
4352
7093
694
2898
5003
482
5474
4818
4825
1061
2850
1031
6488
2013
4460
143
4274
6826
6780
3617
3599
202
4873
3604
2015
5676
3002
6433
5678
3018
2991
6929
1035
727
5388
1421
1034
5564
146
6171
1930
3591
3625
1685
948
4407
2259
4345
2186
2256
148
4948
1885
1966
4553
5058
4651
2228
4505
3954
4381
3956
4358
1699
163
312
5594
1702
1854
3969
2254
150
4360
2044
4011
2133
4590
5127
4219
4232
226
1784
5122
5121
2014
7109
2096
219
4249
64
1793
2018
2032
2071
6164
1681
4463
2065
4992
4199
195
7075
1723
4342
4033
1733
5214
279
5211
277
4323
7046
6261
2185
1978
4314
1046
4145
977
5145
2160
4560
4296
4991
1933
1143
4428
6206
7123
4674
3592
6787
5734
6912
5728
2855
5392
5412
6792
3520
3504
5724
471
5433
703
5720
2897
3596
693
6784
5386
5349
4786
7160
5807
6376
6774
4890
4809
1520
438
2272
2770
2776
2778
4822
2800
3610
4823
2911
2913
3454
6487
3303
5661
3292
3072
3081
617
5567
5579
5642
4843
6544
1319
5633
3139
3203
3205
5533
6483
631
3029
496
2933
