6657
6619
6652
6655
6658
6639
6631
6640
6590
6653
6613
6600
185
6618
6602
6603
6630
6644
6654
6638
6629
6659
6610
6605
6601
6599
183
6606
6627
6624
6635
6617
6593
6628
6595
188
6616
187
6621
6622
184
6656
6596
182
6651
6650
6647
6620
6607
6633
6591
6611
6636
6598
6594
6634
6612
181
6649
6592
6623
6645
6608
180
6632
6609
6615
6646
6642
6604
189
186
6637
2178
1510
2488
233
1802
1879
4261
2172
2932
1983
6643
6641
6597
2935
6884
5190
1052
2934
5897
2818
4339
6614
5463
1801
2346
3387
1941
5035
6937
5039
5043
4401
5317
3381
3064
6176
3414
3644
2267
2436
4549
2811
5425
865
3619
5193
2619
6936
1945
2779
4557
4291
6483
5276
1806
6886
4534
4635
4535
5980
4274
6985
4533
4075
6965
5922
4536
3125
6648
5047
3380
3647
2170
4538
5129
4531
5089
135
4409
3894
108
3062
6370
6288
3780
1221
4470
6284
5350
2933
148
3072
237
5895
3292
2587
3942
2450
5122
360
5815
7009
3026
4484
6195
4558
6728
4287
5524
4639
913
2896
4330
5915
1519
4817
5611
5565
3263
3767
4863
2345
3304
842
4638
4569
3711
5984
6227
4795
6041
7100
5055
7044
1940
1974
5852
2936
6625
5041
459
1948
6488
4597
6283
6201
1682
5470
5648
5644
6697
4227
3640
3168
4282
2817
147
4328
1056
3485
5342
1035
3564
6868
5474
573
3844
5709
3129
3701
2482
5123
5097
1121
6883
1517
3729
3724
4335
3720
1848
2997
2414
3757
238
2777
2778
2536
9
4293
219
1232
2527
4298
1514
3024
438
4413
5311
396
3558
5315
6467
2762
3016
6987
2863
3782
6490
4432
3202
1046
4537
2553
4292
3022
4500
5127
4049
150
5702
5630
3344
2486
4219
5167
3029
4267
6762
6692
985
6678
885
2522
4539
2417
6967
3860
1128
700
2969
5318
6285
2604
6286
5078
6317
1675
2769
4893
2695
6282
2637
2694
2310
4565
2693
5687
6373
4867
1803
5871
5351
4289
2737
5981
5986
881
4196
2773
2705
1523
4810
1122
4082
2788
5598
6077
1518
5213
2565
2734
6202
2699
2921
1054
1639
3971
866
869
3998
1058
5721
2348
2612
5850
4706
3160
19
3713
3712
3705
353
3710
6842
7154
3402
116
3788
6907
3783
3260
7070
3703
3569
3591
6509
3646
201
3628
56
6564
3463
6971
6799
4059
3706
5264
3461
3707
6056
4479
6046
1765
5217
1679
6960
5211
5197
2186
2830
2618
3205
6018
5170
6576
1143
6889
3499
555
2541
6797
5464
1080
5509
2102
2523
1319
5689
2521
2505
5579
2118
5601
6806
1011
1051
5368
5278
234
2855
3722
3203
3512
3546
2176
4179
2569
534
209
1042
1565
5366
5375
787
4044
789
1239
4564
3956
828
3258
7057
1422
832
3863
2339
3809
4894
6197
1829
3266
4819
3054
6492
7000
6487
3340
862
6460
3907
876
2800
2325
2691
2749
2342
4705
2648
4709
4718
3996
1784
2690
2344
1504
3973
936
1971
1188
6388
1554
7167
6
5597
7
3294
4365
3618
682
1314
3617
3572
934
1631
5564
132
1884
5558
5416
5523
1629
3305
655
1943
2898
2869
1942
7164
4678
622
5469
4333
4591
1946
4503
4561
2688
754
2609
2013
5176
4958
7029
6918
7023
771
4519
58
2640
5056
5063
6976
2651
3458
6958
5218
5238
5244
2867
2703
4402
2583
1947
7108
863
6880
1689
5288
5287
1960
4877
2600
7082
2814
7076
2603
100
4471
3204
3269
2530
1421
2418
538
3723
2349
1747
5761
5758
5753
3110
5739
1789
202
6200
3779
6221
330
3007
2331
4187
2440
532
6055
276
2987
5964
1154
6626
4117
5891
2430
6663
4130
231
3709
215
5847
1527
2416
3001
4012
5967
3008
3119
2156
1814
6291
1215
6383
2931
2155
6669
5676
2258
5706
371
375
6350
5145
6359
1241
2638
4816
6057
4630
3462
6066
6981
1630
5121
7152
4523
6082
3464
6963
3873
2412
3300
2770
4701
4733
4493
2761
3053
2014
5214
3112
5971
4504
1828
2185
5983
6372
3714
1769
5172
4046
5615
7151
2264
1492
7130
2256
2247
4903
3954
864
6232
6238
1793
1840
867
841
1597
6260
1598
2698
3261
4814
4815
1949
6267
1636
3785
6088
3087
6177
6557
6553
65
3801
5061
64
6304
5058
6118
5053
868
7020
5042
2228
7027
809
5022
4541
4480
4553
6175
965
3726
7036
6415
4078
1722
4284
551
6765
6805
2453
1318
6660
1060
659
5752
2889
2071
4268
2558
5367
5774
5510
5562
5563
3582
3139
6768
3592
5508
5503
3172
2096
6787
200
4194
3597
6664
5466
2535
5724
3199
1735
1469
4296
2083
556
204
1123
4199
1734
5784
612
2435
2124
4405
5599
3648
5841
4171
1901
2918
5844
581
5607
216
1870
720
2842
2938
274
1529
5612
5595
2054
2526
4266
6860
5661
1894
6851
4173
2062
4395
4391
208
5321
5594
160
4583
1225
3899
1301
1509
1495
3267
4632
1428
3817
4263
2772
4224
3342
3318
940
4248
1248
4676
3067
1300
4255
4270
3902
3018
4280
3638
3890
4559
3845
3459
3217
3111
4400
4177
3702
3719
4517
988
3467
1134
2991
4189
3559
3206
3471
4511
2858
4447
2850
4070
1540
1014
4101
2834
3486
1590
3616
3580
3231
4198
954
3944
1595
4568
4192
4295
3963
4473
3253
4329
3761
4369
1067
4550
2895
3760
3412
3200
3588
3587
3250
4362
4003
4191
3428
1938
4240
1939
5309
658
5438
5439
284
299
6584
306
6565
6562
244
5511
5512
2524
620
619
6552
5537
6535
6500
5556
1847
232
214
2550
5298
6811
130
1890
136
711
3293
5316
702
698
1877
6725
6716
5356
6708
2561
6168
5377
6699
2173
203
600
6497
332
2249
2297
2431
5892
6347
2428
1804
6334
2315
5953
5961
5963
5974
1768
482
6017
4708
2391
6253
2347
6134
432
5877
6823
2291
5853
6486
6485
