6665
3716
3711
6661
3718
6986
2863
6668
3715
3710
6663
2869
95
3705
6669
2865
3713
3708
6981
690
2864
3712
2868
3570
3380
2867
6660
3703
2861
3324
4551
3701
3304
3704
1539
3709
6989
2118
885
1962
7032
7030
2319
6662
7035
694
5676
5270
3702
1680
693
3537
3722
6664
6987
3706
5752
4523
1504
5386
6666
5599
5384
5553
3571
5706
695
5287
800
5670
994
1535
4557
6667
692
2862
6568
3327
5753
3321
1482
4867
5709
5487
698
6985
5059
2568
2567
2140
1967
3806
3807
5899
3714
3776
3634
697
2569
691
787
3801
2042
3803
7039
3804
7098
2542
4437
2237
5689
4907
3303
3308
4456
2286
4548
5162
1295
1525
1527
696
4221
1965
1537
1895
3761
3513
5564
5138
5754
3269
4905
2047
6814
5750
2128
2563
6623
2041
2212
7009
488
4668
5717
846
3515
6582
5580
3717
7138
461
2566
3724
3532
3805
2493
2709
2708
3046
3809
3047
5702
4507
959
737
3172
1723
2014
521
3775
6732
6800
5607
1246
614
4211
2441
2442
4504
2089
4135
3593
781
736
784
1725
6830
2235
5380
6584
2218
6811
1166
5657
5354
5716
7076
3334
1890
3480
883
5758
3242
517
4130
1580
6540
1530
527
2727
3265
3049
2043
3808
3770
3530
4506
1020
5537
6127
4874
1270
5204
4227
5192
2080
3266
4500
2289
7033
1765
2131
3264
2127
2012
3332
4923
6259
4542
724
3326
5539
3190
6053
6824
5367
4985
2283
3322
6988
3194
1686
6526
1249
3858
3142
2615
3124
789
6593
2496
3800
4744
3632
5594
6795
1634
6949
4213
2460
6546
234
2564
1735
5751
7038
5046
4055
529
996
6525
526
91
991
5597
2013
1439
6124
4175
2086
6727
4436
2015
5938
3779
5438
5437
4935
4938
4453
3260
2129
5759
4062
5484
4503
5118
4052
6637
2231
450
2860
2233
6602
456
3988
2852
6962
2833
5655
466
4795
2137
3368
7139
1977
6684
3930
499
6547
4139
3067
558
3719
2440
4597
2546
3522
711
4222
3533
1587
1689
5387
4225
6381
3773
6759
2561
2560
2552
3511
230
4369
4683
1705
782
4212
1728
5410
4982
1961
5019
3599
3765
735
3355
5381
6100
3337
4277
1769
1738
809
4064
1699
2189
6794
6092
1103
5170
788
721
722
4051
5364
3989
3323
6603
6297
3973
6672
5053
6778
3802
2044
6719
1467
6742
6628
2035
6444
4983
617
6728
4968
3768
3439
899
1529
2018
1257
6446
3758
1275
2126
5083
4226
5202
4136
3539
5701
4143
1863
3525
661
990
5278
5276
1894
4223
4306
1449
1119
5822
3073
7090
4541
3274
5574
2328
7073
2540
4840
3139
217
5919
7036
4879
5960
6982
3213
4579
356
2340
339
2322
5820
4705
2557
2785
3306
5720
6064
7137
4782
22
4527
5703
4509
5615
2892
2893
4526
4873
1168
5682
4591
4714
3196
5967
276
5363
726
6301
2447
7029
6818
7034
6831
1799
5114
3216
5435
5427
590
6171
4958
2903
1964
5999
4400
5415
5969
5411
4986
4988
3236
647
6846
6227
4365
310
3178
6239
4984
5344
3631
7037
3769
6738
2661
5273
3939
4810
1508
4189
926
2635
934
2700
2710
3037
3033
1435
1430
6454
5606
4800
2696
3088
2621
5590
1731
7041
70
6796
7043
3148
1688
5096
6779
5656
5653
1247
7074
5639
848
3725
5043
2599
2603
4216
5274
4780
6884
432
1706
2090
349
2040
3381
5456
2046
553
552
5450
2119
467
3276
2257
6129
2266
3358
6132
2260
6972
2138
2045
4545
3395
2263
2033
6954
5485
2299
2217
6120
3320
2197
2025
3309
6743
6390
3729
3108
4663
3104
2269
5868
3594
2084
3592
2626
6299
4210
2133
3361
5862
734
6755
2288
5939
6810
4457
4297
2462
238
3630
2097
6813
5550
3633
2449
3141
1772
1679
3595
4262
1640
6103
4922
739
2535
841
5575
2121
6106
7099
1520
6543
2754
5756
5755
4717
5085
1286
4116
5185
3956
1255
5642
1243
6581
40
3985
2193
6596
6647
2866
2196
5113
6617
5116
1145
4054
4059
3300
5215
4141
998
7094
5058
7097
5366
1502
1498
6432
1489
1480
3043
4174
4171
3039
2660
3038
6445
1436
3822
3030
984
3888
6520
1344
3029
1337
1335
5783
5601
2160
2298
6886
2280
7014
4589
3210
645
5441
644
3574
5965
3248
4585
1906
1839
598
3484
557
6872
4878
2341
6852
1931
3263
4582
4998
5412
2350
4355
4572
3239
4981
6003
7002
5408
4937
6839
2017
2429
1809
3219
2327
1882
3198
2010
2329
6123
581
3197
5436
699
4929
3520
1832
3514
5495
4573
5530
4441
6198
3036
4702
3035
3335
3814
1441
1393
890
3230
5989
2725
5869
1532
6928
1540
482
2262
3855
5388
3085
5389
653
1500
3486
146
5266
5527
3357
6741
6440
6731
6895
2634
6721
4807
4805
7113
4812
470
4535
997
6701
2781
2180
5640
6168
2956
1983
45
44
1233
5659
42
4939
6938
4876
6554
5683
4747
2321
3418
5685
5137
5439
1156
5130
6620
5687
342
343
1133
4063
2858
5236
2236
3932
5233
981
983
6193
986
3241
2353
6929
6992
3470
89
4818
3901
5770
3934
1002
1324
4708
6529
6537
353
5768
6545
2349
4712
351
4531
4529
7136
6552
1003
6230
278
3760
3536
5355
5359
4845
2087
4844
4254
3129
5037
3182
6355
5908
2530
4246
4469
5572
2548
2287
7031
2551
2556
4547
2075
1642
678
5913
1647
687
3214
6312
5554
231
3163
5559
380
2400
7047
3641
2113
218
6108
6107
1687
3538
4450
2284
1676
4270
5333
1655
7008
1732
187
4607
738
3271
5458
2436
6379
4228
4596
4550
3531
5889
3105
494
3742
3195
662
491
3217
715
6047
6826
4602
730
6286
358
3386
2575
6153
2583
2446
539
3723
2094
6073
5699
1210
2326
2203
2894
3325
6567
1978
5634
2782
4056
3389
1720
6174
6083
1730
4058
3205
3548
6598
