2073
2077
2547
2072
2076
6959
2079
3514
2913
3785
5603
3239
3789
2558
2917
6958
5519
2074
1175
2323
5602
1473
3781
223
3784
2078
5855
2071
3596
6563
6785
6549
2916
5512
5477
4072
2910
1054
5583
5608
2919
5318
6542
3619
4218
3198
2327
3194
5518
4275
2329
5617
5604
2544
3238
220
3512
5600
6975
1192
2324
2915
3237
3787
817
4594
2088
2551
2911
2450
661
4176
3612
6675
6690
5629
4598
6557
2569
225
3193
4592
2543
6032
5841
6030
2253
4073
449
2321
3616
4108
3626
4672
1785
6953
6035
2758
3615
4103
245
5511
1554
7055
6545
7167
4278
2540
4279
2811
5845
6950
5214
720
4415
4590
315
4595
2918
5312
5024
936
3613
5422
148
3518
6285
2548
1177
2457
4107
5972
1551
7019
4263
5203
5241
5974
6289
6781
6845
2568
6972
6154
7004
6540
7162
5517
2694
3780
4678
3256
5516
4587
4780
3788
6036
46
4955
2542
7002
5313
6567
2559
2164
4285
226
6548
1996
7000
4007
2226
2813
4276
2557
5609
5605
221
6490
3054
980
6033
4853
6037
565
4858
6031
7063
6280
2459
5211
5304
5510
5405
2326
1921
1051
2533
2421
6329
1882
4377
7046
4134
1637
88
578
653
934
6955
2912
1141
2396
2387
6034
3618
2622
2403
3617
6793
5560
5055
4578
3005
5469
3786
1530
3110
1108
2471
2470
482
3233
3230
6564
1002
5606
1004
3216
6176
1777
2320
5209
1406
2454
575
6047
1987
2817
5761
7165
4132
4102
7003
7015
2087
2075
5870
4106
5221
5288
1845
227
4234
5246
1088
6472
3234
3775
5689
2562
1924
2846
2328
1082
3956
1479
114
3192
390
1997
3510
3515
1176
5627
1517
1769
5589
2300
2082
5786
1474
6698
2433
1992
703
2009
5581
2004
3350
3166
272
3047
7050
5712
6513
7027
4675
2066
1840
3266
5046
6790
4023
112
1843
7062
6070
1218
4855
3623
1411
2394
1116
1287
117
1648
4270
110
5178
185
5587
3511
6562
1999
1472
6561
2555
6309
5435
2517
6306
6696
3624
6500
3513
5176
2556
108
5853
2375
2695
4388
1606
2550
3506
2007
2358
2665
2661
1083
3252
5437
146
6017
3772
2492
6005
7052
5791
6799
620
178
177
6699
2693
1477
6569
4376
1282
3590
5300
6497
3783
1332
3884
2816
308
1154
5201
6882
6515
3936
6517
4851
276
4451
6984
5638
3941
4419
6541
4068
1307
5216
232
6525
6068
6670
2218
2561
4075
313
1766
4854
1552
1762
3105
6509
6317
4986
6866
6980
1546
2452
2642
4059
6801
2166
2354
292
2845
1487
5463
6979
5113
509
5398
6278
6385
1299
6174
41
2423
4918
75
5832
3768
6212
1118
2674
588
6050
3048
1046
5431
6614
6512
4143
6767
1155
3043
3126
1565
4141
4852
1425
2397
5856
6978
5717
7028
1636
1084
6652
2914
4850
2382
4133
1512
3261
5311
5033
3343
4670
2373
3602
2896
5674
5971
4574
428
6677
1103
669
5637
6838
6544
665
2118
184
3815
6543
2809
1780
2473
6325
2889
1592
4174
1931
3199
393
5607
4522
3509
5073
1470
2261
1735
1594
3387
3516
1995
411
1599
5878
418
2234
3614
5582
959
6705
5406
6988
4866
174
2578
3782
1887
2322
654
7009
3991
2554
2441
4865
1922
4208
6673
4911
3556
1593
3412
603
6613
776
3501
70
4810
1031
1019
71
4875
1580
113
5473
1553
5515
2420
6075
754
2409
1927
1035
3341
7168
5081
1017
2656
7067
5411
2447
1032
1525
668
4353
1006
993
2508
5485
1005
3333
2636
6062
6680
3479
2456
4162
4601
6604
8
5205
1291
1771
3930
6504
4508
368
7153
206
5317
1967
2115
1787
6410
5877
6300
397
1173
1439
6559
1867
408
5875
4547
880
5586
2309
2113
2974
1788
3179
5031
4052
1293
2151
4041
240
275
278
6166
6156
2163
5213
5020
1976
2167
4459
4010
2173
2902
6986
5018
3993
5672
1301
5013
1292
2560
331
5444
1329
5768
3718
4384
1653
2699
2546
2353
2545
3040
3723
558
4602
2824
5102
3667
5558
839
838
1069
6323
4635
4638
5802
5438
3761
2841
1418
5839
4659
2552
6566
1281
2602
3628
7107
4122
5994
155
3770
4591
1904
4676
1991
4856
2796
6172
4232
6478
5446
1008
4288
5812
6162
6167
2541
5026
4967
995
4968
1480
4980
1246
4214
2516
1543
4983
4258
3361
2615
4985
832
6555
788
6582
4322
3141
1243
5509
1241
3190
780
2503
5835
4945
4217
4981
247
5251
3726
4385
1305
2698
5120
6657
2224
506
3955
7020
3953
1694
1888
3776
6019
6794
4078
2209
4518
566
1801
555
550
2690
2363
3679
4136
6784
1669
3698
3994
6791
1677
3777
4656
3950
4118
5350
5349
412
1734
3868
404
3857
5345
395
5962
5611
4516
3888
3905
5876
7001
3933
1104
4113
4109
4105
3004
341
6419
3946
1783
5219
3800
2899
1880
6415
2307
422
2232
4145
3046
4751
4051
1382
5713
6688
262
4061
692
4367
1601
269
270
657
4754
5247
2154
5294
3092
7057
77
2451
1210
248
5720
4814
6667
2632
2445
6473
6064
1923
6470
4783
4775
651
648
5618
2647
3621
6352
4381
2390
4058
1844
4456
7042
6961
1607
1298
2383
6305
2178
4458
2904
1630
273
1038
99
3566
4064
4065
4694
631
4720
1645
3582
6350
4696
579
6751
1310
5034
1146
1296
1309
1129
1148
1308
2572
1300
972
6296
2603
5426
3049
5423
6237
1052
992
6233
6223
2650
997
5250
1034
1000
1206
6347
1264
1003
5403
1212
2629
5056
2814
1058
5107
2815
6291
1113
5164
1435
1102
5158
5129
6369
6418
1333
5123
5362
3143
1247
6302
3019
1430
2865
2696
6430
5101
954
7169
950
5588
5969
3849
5598
3862
4544
4536
3875
4529
5961
3883
6868
1753
3902
6887
343
2233
340
3970
3971
3983
5684
6942
5981
2312
4588
444
6782
5559
6789
1676
3716
