5167
2990
2998
2992
2995
3072
4485
2994
2999
5160
5953
5169
3068
2991
2996
3079
6063
2997
4635
6505
2058
6324
4513
2784
5163
4866
1794
5692
430
5704
69
5708
501
1848
942
1517
624
4512
4911
1346
3638
6868
1386
7044
6227
1074
775
4914
4917
6069
1801
365
1588
1561
2983
2984
2463
5421
4663
5420
5168
5950
1586
1901
5611
689
5628
4517
727
4511
6381
371
5893
5925
629
6638
3168
946
3066
3604
4487
6248
123
6209
1625
2482
4912
1927
5732
5464
4584
372
2036
219
6867
6507
354
6409
5229
6617
124
65
4836
5428
1806
4420
3811
85
1130
189
4397
6487
3858
1415
6746
1411
2293
5165
2985
5033
3617
295
3854
6013
1013
1014
2671
1974
5164
6653
4864
6655
4041
6590
3414
6509
5038
1988
852
1810
5470
639
2246
6486
1804
4916
73
376
3855
3298
2993
1540
632
6652
6115
1188
5737
2274
5501
360
2747
1194
3076
6414
2294
6553
2811
4915
6630
2225
1621
901
5612
4040
4611
2247
1920
369
5392
5214
3345
871
859
3957
913
3070
6576
1487
3279
3619
6163
1668
2986
4951
1783
1828
6644
2318
6322
2660
3911
3160
3231
3110
4833
3409
6168
424
1510
2921
1569
1497
1585
379
1482
6096
2958
6901
3075
3069
1490
1665
943
2582
6631
1987
1846
3943
6639
3912
5963
5693
5356
6289
4390
5672
6485
819
6306
5032
3853
2292
2291
4243
4234
3850
1151
6844
4168
6497
201
4571
1620
5838
6654
5848
5166
5831
171
1148
164
5830
6508
1622
4882
4883
1826
350
5840
2213
6555
6705
6657
6941
6656
783
6640
6651
5888
1917
1982
2879
631
2964
5186
1663
485
6860
1582
1664
5143
5121
2813
6078
6073
6074
2897
5122
6629
1560
6018
6624
370
2314
2338
2381
2410
6029
5353
6829
5308
5301
5988
2553
6839
2461
2339
373
6260
4806
4803
162
64
4781
1070
1068
160
4771
1191
967
7102
1256
3662
6164
3270
4411
263
3680
4703
254
1042
6188
4161
4483
4694
1009
3959
1152
6222
1494
3169
182
3494
4110
3914
3954
6197
6550
4506
548
1007
4524
5973
5964
2783
5974
5344
6869
5351
5080
2436
459
1001
6218
2515
6605
5288
5176
2685
1374
2651
187
1310
6600
6268
2725
5213
3576
5220
5244
6028
520
1333
4519
6616
1796
4362
2098
1842
3893
6466
3919
6642
3920
4125
6720
1154
2113
2000
1960
4094
1150
1149
4084
13
6658
1125
1121
4043
6455
6618
3851
638
817
2332
1791
105
1048
1266
3471
6770
5469
2304
1072
5474
2297
4247
6330
1056
93
621
1064
1065
5920
2252
2299
6072
3119
6887
3015
3260
6156
4941
3275
213
4719
1541
1429
2981
6516
4959
407
244
242
6907
6102
240
966
363
3121
947
310
3129
327
4893
4869
4919
332
4860
6952
6532
4800
6150
6153
361
1495
7024
4722
2852
6888
4638
898
5028
214
6510
633
965
636
200
4572
4197
2240
3234
5544
5007
5035
652
2203
5589
5595
5601
1615
3857
5615
1822
1073
5563
5508
2153
1795
1545
2872
969
4249
6060
6111
4926
6767
3262
3258
2290
3257
7050
618
1800
805
623
6341
1232
2273
6765
6473
3504
3859
1520
1077
773
3483
4098
1971
1970
1859
6649
3091
5786
1096
1990
1954
1098
4889
207
3990
3994
208
1126
3127
1392
4038
3092
5630
1997
31
4298
2099
961
1079
4142
460
3061
4137
5697
3063
3077
47
3910
1484
3915
1844
6724
3488
6458
3073
699
3947
6736
4634
0
2505
2502
3661
6238
1610
6095
6912
2467
4698
1030
1724
6092
1111
3355
4952
4472
3573
987
1414
5025
163
4475
5234
241
149
2960
858
6492
5279
528
1350
1669
6010
6241
6137
5154
6512
5289
1677
5975
6097
531
6099
6277
4461
7090
1420
5928
3728
6619
5425
2988
2691
1294
4486
1046
4489
5927
5947
6177
2731
6100
837
3401
128
5181
7056
1782
835
3695
7059
6502
126
1877
6090
1413
5871
1845
1623
1127
5896
1852
1147
6237
6586
6421
1499
6591
940
6601
6602
1627
1862
1132
6135
757
6515
1786
6196
1067
6154
6199
6283
6475
6613
1417
5944
6599
6214
803
826
1291
6061
1892
6055
6484
6309
6180
6482
6171
1451
1292
6374
838
5955
1488
1158
6462
6245
785
1416
853
1827
1661
6561
1824
6607
6276
1821
1814
1562
1075
6609
5918
5970
1629
6570
1071
6558
1798
1120
3042
4364
2817
5068
4382
4384
6882
5049
5047
4393
3691
4356
431
3667
2902
5005
423
4999
4993
4429
2962
410
408
2898
4958
5081
5110
7104
7103
2552
5284
2574
7101
4248
5265
5262
5257
6866
2603
5230
6846
3403
6849
5196
2677
3764
4328
4336
2772
4250
2524
2969
400
4575
3486
4785
4778
276
275
3251
4581
3267
3269
4563
6986
4753
4745
4615
4624
4712
6999
3407
4699
3405
4691
4591
402
4536
4828
6918
6919
6930
6932
4459
4473
746
352
3590
4910
290
3071
3572
4886
321
3111
4508
3125
303
3143
3170
4532
3078
5291
7018
4245
2057
5694
5690
2105
5631
2155
5616
2162
658
2507
2217
3909
2244
2276
4150
2309
56
2055
6729
2050
3935
4048
6
4083
6680
1930
6681
1932
1939
5467
1940
1955
5785
1963
3958
5759
7144
3951
5730
1944
58
5596
4191
5343
4207
4165
5323
2355
6779
2477
570
2384
591
567
3825
5387
5342
3856
81
79
2333
2330
5395
5382
5423
554
4395
4580
3974
4095
4528
4522
6316
4092
3979
4091
4233
4242
1123
4238
4067
3411
4651
4004
4230
4625
3997
3440
1143
4086
1254
1210
1205
4080
1378
4501
3827
6406
4135
6251
3635
6385
6264
4428
3630
3891
4424
3852
3657
6376
3707
3684
4392
1180
3916
4190
4349
4514
4505
4323
3829
4480
1155
4330
4195
4478
3931
3577
3925
3918
4474
1159
3622
3623
4515
