6694
3669
3659
3233
3568
3651
1092
3664
3665
714
718
4789
3663
3658
723
3654
5236
728
6255
5498
2660
3235
3653
923
6693
7169
5490
6364
3668
1565
719
716
4784
3650
5497
3096
2399
142
113
4172
6758
2813
6550
3061
1542
6110
6498
2822
5492
6556
5235
2768
711
717
6244
929
5493
5417
2662
1533
2253
6866
6793
5157
5087
5494
925
5862
6812
6551
6447
1780
1911
2821
5636
2663
5495
5079
4177
6448
2571
3060
2815
2520
3069
7011
4294
7155
6523
924
543
3652
4285
4783
1548
3213
7158
2752
6252
3567
441
2882
3661
706
3657
3166
5202
6717
2676
3159
713
5499
6534
4412
1791
3704
5671
2972
2860
1025
202
2091
1549
3267
3231
2667
6996
1781
6422
1377
3379
6553
5762
4170
6988
4865
4080
987
6066
840
2009
1916
2127
928
4598
7157
3660
2888
3715
5842
510
2256
3063
5679
4819
2564
1145
5997
7144
5973
844
3565
877
3655
4738
3686
2105
6497
120
2673
6008
6425
3007
6218
2880
4571
726
5052
2996
4772
3390
1072
2332
2001
6119
2743
5786
5306
5861
3904
2164
2188
2274
6784
4066
2103
5674
4129
3734
5239
2302
287
2786
4786
2862
3656
1543
2573
443
721
720
1526
3254
2630
2747
725
3234
7152
1915
4323
4355
7087
2704
707
685
5053
2744
5561
129
1191
4171
5461
847
1066
3607
3367
2475
1378
2503
6032
3417
2067
1129
5641
5448
4273
4270
462
4460
5738
1789
5496
283
4201
4132
310
6761
6396
2865
2109
2858
1233
5531
4626
4010
3962
5195
2391
2394
5760
5892
6253
6955
4838
6250
6038
6059
6990
3383
647
5156
729
2875
2895
5034
86
3195
7080
463
7110
2739
2661
4957
110
4956
2881
2826
5078
872
5857
5205
3787
6574
6285
6429
5263
1644
3861
921
6901
3670
3690
3071
3872
6424
5792
3667
3666
2797
6439
4631
4970
6420
4464
6698
464
5033
4612
1697
1809
6427
6546
5443
6531
4564
2736
1795
5491
1572
1800
5168
6437
2829
1596
5104
4781
5463
5070
5855
6712
3076
126
3287
3693
6280
5818
915
919
3730
3731
3735
3737
124
6864
55
204
127
2872
813
152
3401
2529
3613
2541
742
6045
6257
2877
5868
193
128
2765
199
2767
5879
938
121
6322
2014
2008
5627
7061
2666
4281
6217
6215
7084
1157
6148
3146
1901
4350
6718
7033
2032
3247
4173
6326
3261
3969
114
7098
2107
4174
4069
6792
2060
6352
5664
6774
5673
6978
465
2
5092
5164
475
468
5507
801
1158
2926
1146
542
5529
6399
6401
5532
1108
1069
5675
6340
5767
5785
635
943
922
5246
6279
5843
5849
5225
874
1365
845
1370
1373
1374
6455
5898
2869
1775
680
6488
2780
3817
2236
2235
2181
3919
6827
261
3926
2784
4031
4070
3738
2061
2787
2015
2002
1947
1939
4289
1850
1849
4462
4468
4469
6695
6782
3736
2321
3691
79
2705
2703
7083
3215
3222
118
123
2572
2547
2539
3418
2489
2474
3556
3557
2406
6940
2758
6930
2368
201
2361
205
3075
6905
3676
3065
362
280
4869
439
1567
4632
1719
4934
4833
6536
3021
2823
1562
6532
4939
4741
1530
4684
414
1593
4577
4993
6682
4942
4826
4575
5942
3583
3610
3612
3614
3563
3573
2753
1783
4862
2761
865
4836
816
876
4827
1371
3077
2775
1594
2754
2764
3507
805
3157
2714
5030
2707
5024
3174
2668
2889
2611
3268
2589
5094
3308
2570
3004
2562
3363
3369
5126
5146
6064
3416
5153
1545
6029
2873
6024
3527
3554
3555
3361
1366
2307
3695
4655
4645
1993
1966
4265
5609
2864
1951
4275
5544
4276
5335
4283
4284
4287
5336
1919
2856
4478
1822
4558
3068
2795
1068
1772
1831
1235
1853
1880
681
4320
1229
5841
2016
5666
5813
2300
1610
5211
3815
4787
2796
3852
1334
3910
5795
5794
3915
3916
3917
5226
5782
4118
4671
4113
1455
4038
4685
1716
1685
3982
3964
984
1683
1679
5771
4011
3132
5066
6473
6675
54
50
6251
7119
7121
6457
6275
7130
7138
6970
6243
288
6732
6444
6241
484
301
6277
6824
6416
6419
6414
195
7012
133
125
6820
437
6530
6567
6320
6417
6470
6843
7094
6893
14
460
6441
666
6212
1531
1125
6157
70
5545
2741
3949
2592
2593
907
1293
5285
1291
6283
4614
4627
3711
5396
916
3713
918
2396
6508
2171
4896
2600
1987
6892
1770
1556
5847
1771
2471
1821
5880
4958
1147
3703
3078
4949
3705
4012
5530
4943
6687
1798
2884
869
6686
1263
444
6269
1790
6681
6201
1787
1539
5536
4559
4932
7030
4570
1797
3147
2393
1976
6559
5334
2634
1063
1061
4748
6421
1059
5639
2263
5711
5644
6554
5100
6484
5694
5089
5685
5654
3451
400
1632
1045
3812
2500
1040
2665
3217
1618
1065
1421
6339
2375
3718
6485
3154
1097
946
235
1713
3897
688
687
5310
3253
1696
2198
5075
6570
5080
3252
5779
3743
4834
3747
2887
6533
1675
1673
7082
5761
1670
3180
1690
3311
2251
224
2963
2966
6442
5459
3536
6733
770
7159
2981
6211
1196
848
6757
6025
5465
7150
1482
7142
2923
1973
5004
5003
6004
4101
5479
4362
3
758
2087
5452
457
1969
2870
203
459
3608
5424
6966
3398
17
5434
5041
18
7154
1953
6994
6091
1216
4181
6749
5442
4180
1943
3391
5233
1234
6433
646
6062
3519
2832
6402
4994
4975
1307
1450
2331
6379
136
4398
2789
1503
5175
2334
819
2100
3346
5994
3066
2783
4250
702
7132
808
4388
7021
6811
1314
6699
5441
1062
5661
6206
6495
6490
4991
5510
5067
1211
1996
7002
3331
5449
1257
3708
4809
2318
4971
3221
3218
4813
3397
1612
1232
4814
3396
3699
2329
5522
3447
1042
5526
3777
1055
448
5440
2265
1601
1997
440
1454
6382
1098
6520
6891
5406
5464
