5019
4937
5015
1340
6730
6053
514
6736
5014
4754
893
2367
2950
4753
5017
2957
1527
4762
6733
3494
339
6056
6106
4931
4322
6737
933
5409
3126
3498
992
7035
7136
2110
517
775
1183
3879
5083
518
6052
734
364
6082
2232
1155
4960
585
995
2116
994
5370
2377
4152
639
3307
2119
457
4874
1001
2040
5694
6833
2374
6731
4938
2316
6759
1481
3223
6973
5938
991
5010
2958
5485
1361
5087
2152
6735
4866
1628
572
1359
4862
1226
2702
2154
3221
1140
6188
5413
3635
5361
896
5647
6949
519
6083
864
6825
1992
1724
889
931
6884
6136
2368
996
361
2287
4119
2959
1507
4939
782
4447
2393
478
576
861
2955
2043
4765
4750
6534
5356
2138
5357
236
7037
286
1186
4757
5373
1189
2212
2115
5921
1127
500
6552
5404
3497
6935
513
3544
6086
4871
4802
4639
6755
6385
2462
4509
1853
2427
1843
4752
4481
1328
4879
3150
3660
1615
5402
1037
3980
5408
3123
2879
537
5593
6982
5658
3874
5674
892
301
5743
998
2153
3668
1997
3558
5016
2720
4951
1344
2117
2135
6560
515
1194
3226
724
4936
676
3264
3900
6269
6283
512
3814
6686
2215
2045
2046
2055
267
532
6140
332
2132
2218
4380
330
3908
2058
6684
7065
5379
6887
5081
1332
1329
5905
465
5465
6537
1271
1206
3088
999
1184
5341
2951
3167
80
79
1014
5355
1142
2860
70
3531
2953
3352
4935
1979
3042
5690
5688
866
4529
4532
1789
368
6669
1725
898
5396
5779
29
4933
4758
1539
4861
362
5655
3831
2922
314
6492
3694
3051
3117
2988
3722
2954
454
3634
2395
3524
2421
3540
3541
2476
510
6350
3439
357
6665
6390
511
3359
2756
2803
458
516
3210
3627
3633
799
2526
3151
2341
7038
5899
1321
1327
1350
5939
5947
5234
5952
6835
302
7124
1701
1720
651
1742
1524
1188
1180
5340
5692
5679
5673
910
5652
5533
36
5828
5835
5453
5428
52
5406
5375
72
5367
5352
4631
1755
6467
4418
6138
248
4262
7075
4110
6111
4385
6182
4066
6097
4448
2216
1996
6707
4190
287
7059
3991
6465
2308
4484
1882
3974
2282
1149
2362
2139
6515
2921
2952
997
2210
7032
2936
1044
6977
539
2858
2236
2248
1139
1771
6928
2112
1750
2437
6789
1726
611
489
2379
6663
655
1667
1627
1994
677
2677
1499
2370
7043
1369
2727
1352
587
1324
2806
6910
6734
1786
1185
2850
6830
7169
4498
4706
4617
4607
4506
6084
6085
246
6142
6166
6180
6183
4722
6203
3725
321
3572
3549
331
3538
3533
3528
3493
352
6348
6246
3382
4723
4875
5685
7166
5770
5532
5530
5829
44
45
56
67
5358
4864
5347
5230
5227
5906
5909
5107
5088
5059
5047
5943
153
4876
5261
367
798
3148
3060
3224
3115
3059
3347
3334
5371
5368
6824
1144
4443
5353
1123
3127
6739
2019
2012
2010
5349
4457
4458
4449
589
6104
84
4213
2118
3258
4223
4226
59
2111
2864
5186
6123
6732
5189
7033
5399
2071
4363
2064
5383
6436
3056
1153
4751
193
5894
6817
6578
436
4613
5895
2851
391
1746
644
6037
1741
2857
5217
3141
5279
6809
6808
6145
1962
1257
1926
614
1922
4836
1902
4518
4522
1179
5862
1182
1250
4537
4574
1836
4496
2855
55
4158
5774
899
5071
5085
3542
3339
3554
2730
2776
5617
3611
3331
5599
1347
396
1036
5783
3525
5773
3499
835
837
855
2578
5009
3384
690
6897
6668
6353
3351
2486
5680
7163
2439
2429
374
5534
6460
3758
3870
4878
3155
4065
4067
2213
3319
5903
2175
1009
5405
6829
4098
4100
4118
2149
2221
5170
650
2280
2288
3979
4044
2306
40
285
2283
6703
6838
3073
3086
3328
762
5820
7098
1325
5086
6505
6516
1207
5930
6920
1277
5902
5901
2700
6929
5450
3078
3075
993
6972
5535
1002
5566
5653
895
890
5682
6497
5725
5641
1005
1006
6962
5233
5892
2939
5270
5291
1156
6503
3129
3160
1122
5400
6942
1094
1072
1034
5218
5034
1764
1453
3934
3951
6702
6211
2252
2242
4018
6187
6186
2807
6721
2159
2156
3305
4159
4198
4254
3237
6134
4278
6127
6120
6116
2802
4325
3834
6288
3380
2645
2612
2537
2511
6383
6381
2488
2483
3486
6673
3490
3523
3529
2743
6558
2371
3576
3591
3716
3721
2369
2801
3826
4337
4353
6096
1695
1687
1654
3163
4867
1623
1616
2865
6828
4877
5984
1587
1562
1540
2867
5982
5981
5980
1525
4905
1518
4958
5006
4756
4746
4699
1740
2056
4417
2051
4436
4440
2041
4452
6536
1975
6072
6786
2868
6798
1849
1846
6814
1807
1797
4594
1779
3220
1756
1753
4621
4533
2980
5749
310
105
51
7111
582
351
7112
7114
7031
48
700
470
147
450
687
21
7034
467
283
366
300
303
549
304
313
678
320
214
215
569
570
675
529
327
82
3947
3946
1526
6934
496
2467
2468
2518
5306
7097
2473
640
6660
642
3822
1749
3830
1735
2484
4962
3838
3871
1187
1745
5308
6664
721
6263
5978
5421
3950
4863
4133
1831
4135
1832
4153
1057
6148
4194
6144
256
6698
2289
2286
4238
6141
6137
1857
4267
4269
5686
5348
1073
6945
1082
1781
3964
1135
5864
3724
6678
5320
288
3995
2397
736
4004
4009
505
4017
4020
2363
7053
1809
4054
6813
2352
6206
3972
3593
6305
3187
2930
385
384
670
3257
3261
3272
5103
6530
5926
5200
5098
6414
2861
2856
2854
1610
3322
1454
3172
1564
3159
3047
1529
1517
1513
31
3082
1504
1498
6457
665
1492
1487
6472
1548
2989
3124
6490
3142
5904
399
3109
3720
3340
373
1322
1320
350
2707
2704
6567
5615
5887
3550
3555
3562
3574
1278
5988
2610
1704
1708
5002
25
5231
354
659
3447
5580
1383
5581
