707
7162
6711
5881
6046
6498
6456
953
6001
5426
1609
5423
474
1942
5749
725
2628
5859
3433
6872
4349
4475
4145
2706
4276
6709
702
4975
5056
1102
1021
746
6708
34
7111
6716
6439
2650
2788
4697
6850
4616
1611
5809
451
6572
1449
4287
5816
5637
1400
3462
83
2533
2893
329
2435
5883
5885
6426
2423
706
3994
672
2392
1335
6715
6883
5748
5794
5787
2310
3436
1033
6701
4149
5253
3456
5598
2025
2312
6058
5435
577
2512
4003
5184
4273
6370
3899
3590
635
671
6720
2436
6725
853
3027
1015
5299
6727
4139
4972
5801
1435
6570
6267
5366
296
3985
5258
3509
3828
316
704
1818
3091
7161
3469
6366
2711
487
4007
5580
4736
2538
3464
5197
4281
6581
4974
2882
4135
4120
2654
1022
6873
6742
3774
3800
976
1949
3009
5489
406
403
6204
670
4143
5804
3442
3940
2427
6003
2010
578
2430
3945
2515
918
7024
5959
5886
482
4021
675
3625
943
33
2472
5725
687
3044
479
5806
2942
1692
473
5483
4005
678
611
5768
1651
3023
5388
5765
6076
1948
5739
4566
4884
4891
2586
3120
2598
5063
4976
4196
135
907
1091
3377
5817
424
5767
968
1115
1025
2061
2742
4130
5760
2659
420
4060
1019
6706
5308
422
3579
1547
2632
2425
6857
1433
6264
399
411
3011
2988
3809
871
6054
1722
6825
3871
6941
2892
2532
6063
6356
1334
2679
4636
4908
2977
2510
5251
6946
598
3611
5451
5276
3896
2738
5398
6384
6912
5181
615
4971
1945
5813
4294
5647
6461
3068
216
779
5844
7020
705
708
5071
189
3123
1119
751
7062
3254
4067
5611
5781
3976
5798
740
6723
2195
3537
2194
4144
4140
3959
4136
2421
2710
4619
978
1918
4327
4895
6910
3821
4075
6877
5272
4325
2812
753
3683
6194
5803
6921
71
554
1493
1619
16
4861
3824
3820
7112
1441
6899
4124
3398
7091
423
1017
6574
4603
4131
2740
6901
5298
118
410
5363
3458
5297
1944
6131
4609
6190
4148
2640
776
5810
6522
902
1339
5745
3107
2364
844
212
3508
6038
311
5180
950
6783
3986
3983
1810
6380
2477
5163
3049
6386
257
4261
3561
3018
3028
5955
5554
3037
3965
2981
6588
674
2456
677
3007
3282
6034
4274
1653
6932
2320
6826
6650
7049
5889
5187
5215
2859
1111
6582
6879
461
748
2764
3594
676
4882
5150
3102
3323
4924
4970
1105
1336
5210
745
471
6579
6578
1202
2715
3385
6589
6546
6712
4967
3158
6527
1401
1404
6855
3507
3443
709
6489
6491
6262
4962
1037
6261
6705
5211
2782
1011
722
6577
2894
3597
613
5098
5030
3378
3095
4774
4701
3280
957
2899
6728
438
2005
5440
2523
6936
2386
4268
2193
1980
5782
31
30
2580
5812
3989
211
210
1817
1604
4020
4023
4123
6914
5887
2325
39
5441
1783
4277
4438
4432
65
2438
2434
2479
2433
1702
301
7115
302
4029
4147
2021
1691
4414
2503
252
4466
5950
4472
2144
324
5942
2432
401
370
889
5846
3797
1506
436
4339
4297
428
5367
5873
1542
421
1910
5757
4347
5612
6195
6137
7042
4195
5840
5381
3802
7045
112
2120
655
5848
1193
253
5490
814
6884
6721
2420
5482
5086
5488
1028
7066
785
1116
2424
6761
777
5476
2095
4099
4719
6411
2437
6971
1054
6974
3565
1930
2236
6975
6700
6539
3019
5644
3928
4419
7068
6702
5852
5027
1147
5814
6396
2372
701
5568
1874
4366
6564
3988
4022
5884
1121
3096
1014
2197
6673
726
727
1117
4357
3069
3066
1812
5850
3967
5502
3970
2315
232
2388
679
3536
1026
1799
5854
5920
2281
1167
5858
7095
5651
5021
1811
1158
1785
73
3330
281
2780
2783
6127
402
3806
397
3808
2637
1402
2636
2624
6107
2621
6268
6918
1600
1379
375
5690
540
5257
5256
371
2833
6842
3685
5249
1546
5232
3799
5374
3753
4224
3752
1496
2718
5750
4886
470
1500
2081
447
475
477
478
6634
5323
3780
5322
6219
5766
7139
5319
494
3309
6876
4573
5314
1439
4525
27
4467
2926
2927
323
5221
4966
5182
4453
6580
600
2501
834
3375
5454
3897
293
1940
291
5456
3903
1713
1252
6575
2975
67
5470
5196
4473
7070
2531
4272
1331
5198
951
6930
6337
4935
575
2900
4632
6924
5199
363
574
2530
2175
5727
2006
5696
6592
3259
3227
977
6608
4973
1036
2196
5783
3226
5646
908
5733
2127
2143
4920
2191
5820
2125
5821
5815
2209
5789
5823
4904
5002
2032
2135
980
2189
1993
4991
5807
4928
1491
5627
2559
5428
6065
6064
2536
6333
2522
6050
2904
5188
2924
2930
1279
5443
2505
2940
2941
1693
1698
2945
2948
1617
5169
5212
2584
1489
5336
5335
5329
2709
5328
1470
2701
2682
2676
2674
2748
1535
1544
2647
1419
1408
6122
1405
5290
1375
1607
3169
2960
2968
2328
1854
2318
2314
5879
5878
2311
1095
5595
3109
6499
1087
5614
3122
2268
3151
1924
3152
5054
1929
6526
3093
5165
5099
6477
1249
2979
2985
2986
6417
3022
5968
3024
5958
3043
2415
3046
3047
2382
1802
2378
1813
3081
2340
5565
3082
5888
6447
5050
7079
3803
4141
4283
3379
828
3376
7105
6851
3804
248
4551
77
4146
768
3805
435
3448
6970
309
4153
3891
4610
6703
4340
769
4138
412
4078
124
4634
4764
3921
270
673
786
119
6963
6881
3801
4637
415
413
4856
4323
6960
138
3444
292
4618
650
813
4286
4777
6864
3363
126
3621
6778
3991
3454
720
180
3620
7036
721
4499
448
4510
4157
6822
3607
4883
390
728
4885
873
3340
3472
596
4477
3829
504
4258
336
339
4205
4346
6644
3461
631
378
6937
3863
3981
6331
1113
1156
6713
2336
5553
5896
2662
1539
6976
426
2426
3065
3098
5969
