2837
64
360
6078
5978
6378
2833
369
2838
6580
6072
63
1956
5210
2161
5428
825
61
2341
2830
4702
6515
2241
2244
13
820
6245
4620
1740
512
4034
6507
69
4973
234
365
6537
1150
4626
4779
6731
4336
6246
2937
135
6013
5218
1072
5502
5201
6075
5966
2835
6505
4776
1071
6079
2422
5771
3440
5336
5649
6709
2839
6501
5783
4775
5429
19
3074
2836
2834
6025
5088
4707
6187
727
513
1611
2575
4621
3153
4627
68
2980
6373
4114
2810
4514
2813
2763
1990
1347
3904
4233
3077
454
5878
3061
6010
5420
4777
919
3245
4773
4703
4367
4036
6508
6536
3556
5507
6509
4366
6506
6533
2437
1744
2677
5333
827
1019
5216
62
66
70
6686
1551
1552
2921
3060
6430
5980
56
823
2832
1065
3069
3068
6514
5835
3248
3112
5033
1066
3072
433
4283
1070
6069
152
2147
2503
6052
1155
4651
915
1018
1922
6436
6970
2883
5071
6441
5211
676
5451
354
4701
4171
6530
303
2058
5770
6511
4383
5831
6484
5537
4758
1189
4446
6503
1983
6439
6047
5444
1620
5442
3432
2345
71
1074
2987
1531
1625
3241
3066
368
16
4699
1064
1472
470
376
6076
3486
2050
3493
1629
4074
2406
741
7095
5852
153
5896
5849
5672
5921
6554
5156
2364
4624
5788
5030
1991
6717
1411
5441
4321
821
1782
1337
899
1722
6489
6490
4331
4705
1925
5647
5313
5581
510
1621
1366
6881
4035
896
809
6406
4448
2269
6389
3727
4285
12
6377
2340
5375
6359
168
3151
163
541
3611
5882
4623
443
3443
593
5229
2922
6019
650
3243
5168
5813
5153
602
6723
2146
5533
3882
2071
790
2136
3162
6446
6225
587
1156
5260
3470
3446
6716
545
3114
5457
2739
682
4795
549
843
2817
6012
3903
5385
4538
2957
33
4704
6940
457
4534
2024
675
679
4519
3908
4638
4128
1231
1928
1332
3138
749
3160
5830
3951
2266
1346
4452
1946
1940
5423
2218
6433
6687
2158
2260
6759
4018
2349
17
4361
5547
6448
2420
3886
2396
6486
5475
6559
4772
5158
6482
308
230
306
6374
3120
1434
1068
4481
4537
6715
1278
6739
1334
406
1205
390
7025
1360
1163
446
4493
4518
5447
1350
1203
237
2286
2736
119
5413
3484
3494
3496
6232
139
5421
5422
3643
3674
2395
7134
6376
3726
3728
684
5022
3439
5962
3164
3150
6060
586
14
3079
3070
5223
3240
2985
3291
5215
3299
2889
2886
3349
3384
2755
2264
982
6531
1920
5367
1889
3991
6435
6557
6487
515
6646
5304
5635
1636
357
1617
5303
1544
516
5789
6444
2149
2143
873
6657
6483
2117
6447
372
2083
5095
815
2028
822
3863
5642
5373
5470
4762
4708
829
826
674
824
795
744
4757
6909
600
875
3970
1017
2489
5870
3647
2456
6328
5858
2398
2394
2391
3721
2304
2248
6410
6411
2159
2141
2140
2132
3860
2537
3569
6248
3523
3129
3115
3107
3071
3067
3057
6015
3010
2994
2098
2950
2923
3311
3318
6132
2769
2737
5940
6211
6230
3296
2070
2051
5793
1490
1478
4282
6669
4289
4328
1389
5583
6710
4231
1365
1277
6727
4445
4453
1201
5511
1160
4513
4531
5554
986
6648
6642
3902
2001
1998
1979
5780
1788
6601
1661
1654
5636
1651
1627
1626
1622
6625
5655
1567
5645
1557
1556
1638
6984
7169
165
5317
60
116
34
111
304
5091
18
7021
5204
5326
353
5078
281
5205
290
7037
7159
5163
548
67
450
567
286
5318
3351
6104
1949
1945
4335
6705
1383
2764
2982
393
5958
2745
1368
3888
5186
1361
5773
6188
2064
4769
1926
1941
3942
828
4322
4754
779
6668
5786
6683
6155
3961
793
5352
2027
4692
5787
2006
5604
255
810
5601
1919
3401
3289
5775
5440
2697
2072
2570
5125
4456
430
5832
5128
6388
2526
4472
3602
436
2510
5330
150
1171
6320
4560
6325
448
2465
160
5503
2439
1130
3665
4539
458
2423
2397
2268
1226
2247
2245
2082
409
892
5002
3857
3483
3852
6719
233
2120
2125
913
1299
3499
1344
5928
3828
931
3827
2174
1272
4656
4655
5534
4630
4629
5816
2595
2240
7121
5927
5764
1679
3431
5070
585
6073
566
1555
4066
3996
49
6037
40
4095
5673
41
301
317
6053
4004
3053
1563
5746
5743
5719
5662
3227
1844
1630
6583
1783
6556
673
1882
1720
5217
3073
4120
6628
1710
6502
3016
285
5237
3247
4858
6018
1717
5459
6842
11
6552
6425
611
5342
122
5178
3798
4632
4196
2621
7111
6061
3096
3543
2598
6733
1333
5716
5814
3845
7051
6866
7166
4857
6869
130
223
1293
2659
6626
3869
2683
559
2642
6570
895
3531
6714
1271
3121
6574
1270
3867
3861
926
5358
5379
2334
2477
5493
2471
2348
178
6599
3646
2454
5847
1137
1718
1063
6337
6616
1133
2436
6777
1705
7034
1075
3167
2426
1665
4535
456
6605
455
164
3671
1132
7167
6379
6038
7043
5309
3564
1631
4447
2262
2263
5357
1207
1206
4601
431
5893
4459
5504
7168
332
3753
1747
2297
5670
1014
6383
3723
5880
7142
5485
4569
2324
3626
2271
2712
58
6868
1947
1481
3246
7100
5019
3906
2932
2025
2934
6702
533
4944
6534
4333
2784
3675
6539
4337
5587
6469
695
4731
5213
5250
5982
5084
6087
4272
5974
5745
6014
2895
5081
6158
5355
4770
678
5744
95
5356
2901
257
1431
5089
6907
1948
2814
359
4723
746
4949
394
3288
6496
284
113
6184
5222
2981
1587
6016
117
2734
1515
869
6711
7004
6109
5426
6493
2768
4239
6911
307
1380
6916
5584
1140
279
1519
5778
1513
4123
3979
6760
1929
3699
1921
2404
6593
6619
5083
5752
166
3937
6649
6384
3729
6518
6787
3722
6608
1524
1176
5846
1504
373
2392
6349
4281
6767
1906
