6443
6717
6448
683
681
2161
1956
6377
6247
6446
3483
680
66
6246
2083
57
6444
689
3401
5447
12
2763
5636
462
3162
3484
6252
6437
6719
3240
6447
684
6257
6242
6025
682
2683
6434
2833
5442
6253
16
3241
3249
3246
63
3247
4121
4703
4286
685
6251
6241
3245
3243
6441
6250
3480
2085
7017
19
455
457
13
468
5330
6010
5168
5927
6514
5928
6432
5539
4126
673
6439
5333
688
6013
3103
5507
6244
18
6713
5495
5857
6248
687
676
5505
2566
5775
1870
1869
5635
2755
2340
454
5185
460
2373
4718
461
4709
452
6256
6436
5319
6379
3167
1959
53
6374
678
2870
6076
6328
281
58
2875
6438
6496
5889
5504
6249
3740
450
535
4620
6474
1611
10
946
5921
5339
4123
3394
15
2009
2762
458
5618
14
2764
451
686
2765
4069
1982
2723
4350
2873
50
6489
5449
3749
915
3444
4514
5885
1917
5881
3164
6583
2837
1235
5534
1953
4172
1608
2999
6027
674
513
4101
620
5918
284
1957
671
5866
456
1461
6580
3897
6482
3392
920
70
51
1150
5204
2671
1000
1075
5334
130
7021
5502
7156
17
3438
4744
2830
2160
3504
238
5632
3622
5478
3072
3657
6491
69
2503
1865
288
3739
3829
6029
5544
5441
5561
6810
1401
3393
5336
3248
2766
6389
6417
3397
6723
1981
6860
4774
1363
54
52
5160
459
3743
2087
21
3391
282
11
6015
3738
5163
299
622
626
3293
4684
68
6061
6442
3160
5884
4779
4708
3481
3432
4792
3398
4704
4702
5424
2487
7113
2501
1102
1063
2509
1465
4627
5531
675
253
4519
679
2834
4485
4289
6714
5810
5806
5672
4282
1330
1342
4252
820
5547
2241
5875
1464
6586
369
5786
1468
1066
233
2731
1925
4324
2786
5783
4288
3094
5508
3982
1617
4694
4512
2194
2682
4464
4067
1076
4283
2240
2191
6240
2736
1916
3400
3431
6376
707
5795
219
6863
2601
928
4080
6715
285
6864
1078
1060
6890
6476
3948
6893
4645
6829
1351
3748
264
5153
6259
6009
6258
5033
6006
2255
6551
5131
5070
4610
856
6556
1055
5472
2084
6073
2502
631
6494
3665
5446
6693
5165
2838
3734
1914
3396
6518
4553
7027
2585
1064
1028
5766
729
1059
4255
5779
5257
4127
1339
4597
1346
1065
956
5250
1115
1072
5500
5801
549
3736
5551
3746
3747
5535
4571
5745
1242
4060
5493
3792
3810
5538
5953
5496
5537
4609
1212
4812
3658
3651
6230
713
712
3434
1421
5814
3435
5819
1462
926
5639
3446
4714
1314
1026
5621
3568
3603
621
4707
3505
7142
2746
2477
6869
6381
2937
3154
265
3066
132
2884
135
2388
33
2678
6440
286
2399
1987
3233
1861
2263
3386
56
3346
2391
2563
6865
2520
3296
2590
2797
1864
6702
3098
3285
78
1318
4330
3885
2732
5630
6553
5627
1910
5498
4478
5492
109
5494
3006
1214
4076
5503
119
3864
3777
5533
6978
2676
593
6000
4515
5565
3852
2089
5919
1489
1912
742
5860
1993
1989
4064
6677
4120
1950
1984
1408
6707
5812
5813
4065
5837
2819
5816
5828
2821
1460
5873
745
5876
623
625
1913
5661
4284
3942
1915
1484
1483
1911
4276
3985
5887
2924
5883
1919
2748
6813
2017
5771
287
2562
6712
2196
6427
4764
64
1784
3566
7079
3517
924
3093
75
987
1062
5202
5189
3600
7057
4771
2206
1677
6449
2298
5252
4827
365
2277
3157
488
1111
6445
4888
3169
2195
3439
25
493
7025
7158
453
5443
4701
3009
2256
6081
6280
3732
1851
5440
4692
3374
3730
4677
6065
6322
6512
7151
3735
4920
1721
5420
6320
5248
5817
6842
2202
5040
2789
5206
5027
1402
4112
7144
6848
6754
2768
5205
6779
213
2760
1976
2262
5156
2271
5772
1071
1988
874
1333
2055
5411
5423
7052
5553
2672
823
824
2670
2663
2416
7051
4599
2592
5444
2506
116
2105
2583
110
1193
102
5532
6877
7071
4468
2741
5253
2740
5255
6858
169
2197
5459
2192
5645
2310
6866
943
5332
782
165
2168
6870
921
4357
4365
79
2724
2742
3390
4125
1665
6058
6511
1497
293
629
3733
6574
1490
635
280
3669
2907
6480
6094
536
1841
6096
3298
3644
5922
2905
3895
6552
6538
1559
2971
467
6016
6004
2992
2994
1531
1797
6340
3860
463
6522
5941
482
6318
3255
5929
3893
1930
3215
6184
1656
1958
677
6456
249
3114
6708
231
1963
3106
1438
6199
3545
1673
2832
2880
1876
5392
955
5489
2822
7022
6520
2559
2208
6526
4775
55
6409
2190
3191
1663
390
1792
7124
4608
5293
6018
2990
1889
5501
6023
6026
2188
3171
4773
4894
5235
3548
1601
74
4823
3620
6110
3079
528
543
2458
5418
4698
3076
3077
2432
910
3482
3448
2165
524
6544
5335
6212
3563
5471
6137
4822
925
4674
521
958
6192
882
6069
3731
4882
4685
2505
3737
3680
1024
2082
5777
6778
4034
740
4014
743
2899
1387
4129
4140
1378
4146
4171
5878
5879
3289
2749
4211
3221
273
279
5778
4040
5125
2782
4066
5119
6718
5811
1419
4093
2243
1411
237
5077
4257
5807
1951
5804
1404
248
5798
255
256
204
263
5782
1980
3987
4964
1755
6873
1337
5167
7149
4917
2692
3229
2679
3842
305
2264
1542
6002
2675
5550
6550
6179
825
3793
2660
6378
1901
134
1286
4381
4921
4954
3979
3978
773
630
628
6557
166
2730
790
4928
5186
6326
3873
5937
4927
4825
2230
5044
1114
3224
2266
3286
1113
3430
4909
2198
1074
1692
1670
2292
2257
4829
2244
2251
1816
2826
4791
4362
3861
2944
2719
4469
3855
3880
4511
2677
3824
1238
2956
2662
4576
3843
4356
2727
4336
1432
1973
4099
2835
1714
1448
4139
2759
4177
1353
4236
2743
1475
3913
2728
1227
4798
2962
