6721
4144
4006
4005
4149
4140
1400
4141
4147
4130
4003
4145
4143
4135
4148
4610
4139
1441
4099
6584
3080
6577
4136
1480
3828
3533
1786
3823
7161
4146
2579
5489
1449
1116
6725
6720
940
2578
1447
6543
6963
4007
6589
2395
2392
3462
216
3106
604
5228
2942
5488
1115
5483
6582
503
5480
2038
6546
3163
507
6039
1402
3824
502
4131
6127
3865
1444
5482
3049
7058
635
6930
4273
6540
5140
1537
3085
1558
4092
4142
3104
210
6960
1348
4009
4004
3047
59
2328
5873
58
2367
3107
2252
771
5388
5530
6120
3667
6193
592
5021
4529
2780
1948
5490
1654
1942
1940
2622
3160
159
5458
3341
1659
4023
4611
5491
158
2227
1538
156
4608
5425
5719
4034
2326
487
3082
5890
6937
1407
6936
3327
4925
6967
5000
6037
2335
3376
50
1409
3888
2948
2782
799
1442
3081
3829
5290
1401
5099
1344
3983
5476
2974
2667
359
4573
6626
3342
5651
5298
4605
6962
6552
1445
2884
6929
1532
5765
5227
5410
3820
2324
1785
5725
950
1005
2364
5450
105
4706
5387
2400
1012
3572
1569
4731
3557
5554
4132
1868
247
3086
6052
287
3102
3157
6572
2269
1941
2296
2314
3827
2221
3652
2435
2463
4137
3555
3221
3550
6264
2576
3482
339
6531
657
1080
1945
1082
6885
6489
3239
55
1405
6773
1545
6751
5306
1403
632
1928
157
5286
5610
5963
5263
289
5496
6129
283
282
280
6135
5452
774
4714
5892
6830
2407
3664
6826
2007
5656
3134
3386
6781
5877
694
6623
3115
1295
6706
1481
3167
3615
4712
1109
637
5659
6558
4525
5973
2313
5101
3321
2262
5532
1728
7166
6588
53
746
5536
3083
5744
2309
7041
6905
1356
1788
1787
1546
2321
4471
2319
3089
2298
6413
5695
2146
442
30
1520
6333
618
6191
4926
2940
4924
2745
3720
617
3985
4153
1502
2322
6011
994
5421
846
148
1560
3325
5453
1561
3322
3238
4890
6778
4001
1574
1408
7053
3355
4710
3911
3280
654
6065
2006
2756
6728
4589
2434
4342
3562
1460
3544
2632
602
5895
285
5533
1929
1124
3593
4593
1924
1923
1920
264
1854
5191
2666
6581
528
773
1446
3378
2620
4665
3384
3093
4268
3046
6726
752
4456
6314
4598
5879
1949
22
189
5643
7098
3109
2570
324
2438
118
5380
6884
898
5423
6910
3534
6887
4975
2574
2575
3311
5354
2315
3559
3658
3418
1485
5397
6878
4575
494
525
486
104
619
4905
2677
843
3288
2399
90
638
6968
2331
3821
6907
3414
3576
3808
3334
2334
2452
5896
3591
5945
1406
2662
6880
3377
5897
1549
6034
1183
4622
1944
1652
718
4315
6727
4658
328
6782
6535
4252
2304
27
2095
2098
29
6107
3154
6109
6633
6545
1089
1930
1777
3023
3044
236
240
5236
1814
744
5232
7111
1358
1114
5588
5598
1177
286
6729
5260
1918
3105
5613
358
6125
2603
6014
6008
6381
2784
1006
3220
4124
7131
6846
2783
6920
7052
5448
5729
7054
3222
3027
4036
1541
6711
5299
4022
6650
1540
3282
1553
3173
6387
51
5107
4715
7055
3962
5223
2785
1350
6715
586
6054
3464
6057
5039
584
1286
3003
3468
3469
1440
832
6179
6705
5258
5947
772
3159
6197
6195
6113
3365
3363
3152
615
612
2967
2968
6739
3131
6946
6046
2716
65
2873
6192
5008
54
5095
3100
6164
3228
3095
3284
6350
3496
6646
2185
1202
4701
2208
385
1563
4767
7046
4098
6668
5720
2144
5728
2259
6853
4008
1536
2280
2289
5752
2308
3916
3915
2311
124
2584
4190
4197
2135
4580
241
6583
4585
1724
4510
1832
5544
6567
1119
273
5570
1111
5582
1888
5601
4344
5633
5650
5652
4297
5486
4286
5481
6636
6458
2122
5422
6758
1547
7002
3706
5386
504
4920
4928
3662
2404
4930
6989
1506
524
2429
3707
1470
3594
537
6750
5904
6883
5367
85
3554
1463
4974
566
3509
3597
5821
3639
960
3801
112
2329
3797
5807
3804
1357
1117
1707
1705
2323
2634
857
1908
2457
1927
1655
1185
1500
1189
6861
6090
6847
1946
1753
2316
3018
1790
6601
1332
1161
2621
3013
3008
2577
1448
1507
6682
1168
2488
6574
1121
1355
6901
2436
2299
2353
1527
1282
1021
2266
6669
1015
6199
6654
6722
1258
1530
1497
2713
6869
2868
943
1002
2258
1566
776
2781
6673
777
853
978
2292
6537
6814
1974
2287
6780
2050
6096
6831
6368
2128
6102
2681
1477
2139
2958
1756
1325
6932
4828
481
3799
4820
5805
3825
3826
489
5434
3919
5753
5439
5444
4021
4045
4770
4798
4763
4831
4833
5314
3456
5325
5019
4997
3528
4933
3723
554
539
5891
527
526
3655
4884
4861
4927
6972
5457
154
4357
4362
293
284
4453
4616
268
5487
5495
260
7101
242
235
4601
224
4581
4604
4114
5484
5631
4152
5465
4180
4192
4198
4215
6062
4325
4711
4255
4693
4263
332
5475
323
5479
7067
3375
4586
696
3059
21
5112
23
6030
726
3317
6001
3113
714
5230
702
33
3236
34
3183
5282
5190
5201
3045
2226
1037
2120
6665
6376
5449
790
6461
2099
4230
2080
6467
2063
4242
6923
699
2036
5186
2034
2254
6100
4257
1548
336
2005
1993
6520
791
4199
6666
4771
4134
7050
373
372
370
2228
691
2195
2193
6409
692
4158
5696
690
2175
1568
5717
5455
5251
2147
3155
163
2143
4769
3150
2136
2941
1564
3343
6530
6526
734
4457
2977
1341
1335
4497
254
252
1839
4518
5524
1817
4522
6795
3056
6785
4540
1159
1165
5242
225
6598
6597
3087
1171
4542
3051
234
3053
6587
6585
4546
1985
3099
5571
6097
1970
6122
6926
6031
4291
6542
4294
5649
1349
705
309
4661
4343
4347
3123
4348
4631
4639
5599
6549
288
1910
272
1913
720
5611
1926
5612
1650
