5178
5176
1845
1846
1843
1842
1997
5242
5247
5897
5243
5171
1844
1847
5175
3522
4746
5237
6567
3197
1607
4740
2526
114
2670
5671
4365
4864
5241
1305
3619
4367
5240
1996
885
2753
6950
1995
4741
5759
922
5416
5588
5244
6814
1987
1362
4848
2465
5399
2283
765
1992
4675
4324
6440
1999
5415
3523
766
1841
5080
3971
1849
5938
1775
1667
2508
3386
1365
1537
1994
5411
5898
2489
2761
2288
6449
1062
5605
1366
6790
5609
4937
4866
4017
2188
7160
5024
1735
2752
3650
3239
1299
3972
762
5125
3117
6667
41
4731
2524
800
2787
2726
1475
5684
44
2727
1301
3486
6984
6327
4938
6966
3013
5892
6699
622
5896
5668
2903
2494
6638
1293
6895
1770
2212
2115
4743
2113
5857
4847
3069
7167
3383
2406
319
4849
7007
5843
6680
4747
1998
3655
3381
5233
2005
3517
2569
6172
6664
3974
5026
938
2496
270
2536
5900
3979
6743
6195
6707
344
2525
1364
5133
5601
3387
5662
1060
4095
5278
3213
2676
1617
4494
7098
1213
4784
3238
925
924
413
5353
6457
4504
6555
1560
4493
5935
5556
4361
6463
3338
2370
6156
70
5088
1771
1562
1499
4547
4177
2217
4844
5497
3237
2797
4362
3265
6515
6702
5918
2180
5930
1302
6687
1304
2517
6714
45
1291
4599
3666
2552
2645
4216
4366
3617
2547
575
4845
7030
6534
6823
4114
6600
3890
3490
368
346
5487
6986
6438
2504
3032
4935
2304
620
6955
2287
6869
4956
3513
2391
950
6626
6990
3380
1206
1063
4524
5683
5709
986
4873
1567
981
5996
6811
1369
513
1097
3389
4344
6689
4171
3656
1872
1840
3355
4174
5146
6647
6660
6593
453
5235
2493
1090
514
5231
5412
3192
5405
6665
1294
984
1982
5784
5774
3717
892
3813
5689
6998
3555
666
910
6991
911
3552
2071
3819
657
5674
3841
2888
936
4466
7033
4840
2152
4832
2183
3653
2767
7122
769
768
2785
761
1543
5931
5660
2729
2720
745
1633
2811
5956
5962
5864
5860
4548
4543
7085
5642
4931
5552
6750
5561
1776
5571
1781
5578
1360
2591
6243
1367
6232
5604
5119
1993
1772
5614
1298
959
6329
5627
6698
1303
1297
6719
5617
1306
2211
3608
2345
558
3977
5414
5964
3260
2170
3402
5499
1031
1975
5869
2198
2156
4150
5396
3962
4154
3405
5485
5993
6383
6537
5606
3391
5608
512
929
3934
2058
5670
5638
499
5475
949
951
4043
3407
1092
3559
5990
5495
2377
5564
5566
2119
3814
869
5705
6068
3561
2002
2253
5690
3590
4189
2182
5902
4469
1458
1216
3173
2568
4495
2910
5232
4846
6706
236
130
3230
3231
6586
362
4369
358
2653
6655
4364
342
7008
5130
4939
116
4506
2509
4253
5201
111
6972
4492
5213
6738
6662
4436
322
7044
7108
6799
6992
5318
1546
6985
6554
4498
3065
6691
6818
6826
5005
1602
2603
1569
5287
4996
2737
4749
4570
4780
290
5140
2454
2815
7054
1393
6962
4989
5134
4591
5266
6861
4462
6978
2886
2664
5673
2274
2660
1409
2282
5624
5001
1383
958
5661
4465
5663
6177
928
6867
5666
2967
6889
6893
640
2286
160
2893
2968
3550
4878
4497
5821
1663
4542
724
4574
5968
2707
2813
3614
7059
5865
4592
3659
1535
1544
3635
28
3657
1548
5895
2745
4721
1558
5912
7145
88
5789
2862
7027
4923
6100
4922
3554
4500
3815
2877
7002
4505
5007
2675
2083
915
6070
4522
3804
6063
5720
6060
6057
3583
3585
7016
1454
1679
2117
7009
5008
3258
6220
5215
5214
2503
6415
3978
6217
4277
4290
510
511
5174
5492
6657
5172
5494
6392
6671
6378
6688
2527
5510
6693
4363
3354
3190
3199
2475
2432
3261
6528
3266
6514
5280
4157
3240
5370
5393
1863
2359
418
6491
6487
1107
3303
6476
6472
5413
1104
1103
2461
4232
3291
5528
6414
229
6737
2564
5077
5074
4432
1008
4437
2559
2006
6795
217
982
6800
4444
5009
6820
1361
6732
1385
6299
6319
6723
263
1780
2163
5597
4576
4738
4748
4999
3930
3848
4993
4772
2162
3939
5543
1619
4990
4578
5260
5254
3667
3878
2167
4130
1309
1264
944
4684
4682
4688
3913
1879
1600
1300
1875
1895
1873
5880
1296
4723
1549
5004
5286
921
4628
5285
1132
1739
4215
1137
1540
4227
2158
5723
5722
5721
5205
1964
1965
5667
4969
1726
4384
5729
4467
5557
3810
5173
3812
1273
1689
2079
5694
1803
1779
5676
4400
4018
5148
4808
1001
1731
1850
1049
4841
3703
3711
920
1099
5047
3716
4529
1290
4128
1464
5577
1094
5230
1456
1789
1453
3783
5019
1308
7169
4683
76
3111
2257
78
456
2565
3556
6105
2567
459
3528
6482
2583
6119
6462
6731
231
2251
2705
6704
5997
3591
278
2799
6005
2546
2551
6533
2817
3572
6727
3569
2556
450
570
3311
6454
6439
6351
6244
2334
2972
2880
553
6929
6952
6956
6283
3441
578
2663
3418
345
3471
3489
6999
2361
2398
3066
2389
621
2867
6184
3049
7082
7023
113
2371
6374
6208
6211
3034
2673
2869
2722
2661
5994
3605
726
3220
6679
2500
3233
3163
2728
340
6599
5991
2793
5984
6682
6695
6696
3195
343
7114
3
6639
5907
2440
5980
6684
363
311
4358
4995
370
6841
1738
1217
3140
3061
4448
3141
1214
372
2611
5471
1966
6824
6825
3378
6829
3046
3374
2618
6640
324
6258
6259
5181
6280
1254
4339
2892
2505
3406
4275
2648
3149
1241
2352
1239
181
1990
5505
2366
2363
6356
1978
6666
1801
4343
3968
3016
6326
6862
1730
6656
1232
4014
3212
6614
6523
2557
2449
1900
4217
2529
2553
5904
2445
1145
4178
419
2549
5131
2542
4190
5269
4194
277
5301
292
2541
4199
1876
1870
2441
6553
6557
3247
1856
1187
2523
5087
5234
221
6794
2589
1935
1749
6560
6436
5420
