2117
2152
1182
892
1328
3635
6730
5015
3497
2112
2111
518
1329
2110
3498
3352
3356
6182
2153
3359
6836
4448
5352
3354
896
3933
6180
5355
3493
5373
2115
4752
6838
3264
6736
998
995
5682
807
6188
6982
933
6737
2116
803
4722
4757
3353
3934
4899
5081
5379
2151
1325
5655
3357
1324
6833
1186
5351
3382
6263
5371
990
2134
6104
899
6101
534
5353
3938
893
5375
2119
4128
3826
6837
1762
2132
1750
4446
2248
3631
5357
4723
582
6185
2621
5944
513
1559
3931
2063
5589
1011
4720
515
519
3837
809
580
6739
514
4866
5283
1746
4443
1577
7033
4118
6805
3262
5340
5014
3261
1272
1326
1321
5358
4750
6928
3831
3936
798
3935
999
1979
1156
826
1277
5448
6387
944
3834
1177
5019
2605
3407
7037
3089
2653
3153
3145
1323
3492
6267
2130
3496
6808
5370
3499
1327
1320
2114
1615
2066
1634
1636
2525
3914
1754
3351
6802
1925
1926
103
1208
3082
2135
3541
2306
2838
2837
994
2154
5
2716
837
2879
5743
537
6212
6186
5444
1613
319
1619
2834
1752
4621
4445
6211
4441
4440
1787
6245
583
6189
4762
5017
1515
5596
3084
1207
992
6430
3088
5683
5261
909
5216
895
890
7132
375
517
2789
5964
6079
361
5102
6089
4780
96
7043
6929
2155
2128
3383
3405
105
2043
3615
3490
3404
5223
4754
5239
6349
1755
6097
1278
2256
6709
2813
7000
2247
5217
4751
1708
2521
2118
511
2060
4625
3166
2064
2065
1348
1360
5009
4991
3842
5594
7124
2842
3611
6931
585
6262
5436
2954
3540
6809
3369
6949
5372
2666
2234
3384
3043
4955
2145
3086
867
256
4110
3542
3109
2113
4846
194
5742
5088
6940
902
898
5825
1499
2598
5093
1472
2309
6558
1162
1183
1184
5442
1200
5450
6505
2141
5356
2139
5475
2635
1266
2159
3042
5659
6536
3005
3000
2952
997
993
2158
6552
7052
991
191
1365
5651
5213
5849
6383
4627
1654
2916
6269
7006
529
2951
6075
4447
6087
2253
2040
2903
6109
3932
6120
4409
6127
4406
6134
6157
3636
3545
3335
4119
143
4108
91
6292
5974
1627
1726
1578
6373
2090
861
6354
2556
5938
4756
1587
2950
5948
7013
512
2677
4707
1616
1618
823
6406
3553
822
6191
3047
5447
5899
1164
2776
6232
3776
141
1135
1155
584
3582
6264
1163
2237
2273
2851
5581
790
6083
5692
2983
2343
2809
3699
5658
7099
2849
2914
6945
6414
5607
1036
984
5764
5592
2786
5924
3833
2982
5313
1181
6897
4283
255
5211
5135
1366
2526
5082
1434
6572
3331
6576
264
1479
6967
4879
1751
3328
3870
1735
2573
1720
1180
2549
4509
1659
4631
3910
3302
1322
2616
1371
1610
6825
1997
5212
6835
3117
4035
1187
2467
3365
5306
6483
1992
4182
3396
6800
1900
5269
1922
4204
3524
3494
1714
4498
2233
2787
3960
3967
2276
2073
2067
2806
3403
4271
1986
6181
6183
6184
675
4351
3402
4103
6072
4436
608
4094
3330
2058
2512
2514
1740
6116
587
853
2769
2422
2156
2129
5218
5259
5657
5656
3134
2631
1014
2634
5302
1237
5338
5583
5485
2137
3836
3522
3085
2669
1189
5434
2670
2686
3409
3691
3211
2981
4731
4746
3301
3277
844
4755
3903
4758
1571
5910
1562
5898
1557
4765
4766
1554
1531
1510
4864
2582
2955
1473
4961
2959
4976
5759
3939
7169
6686
6731
439
251
368
192
6738
552
6984
6747
6448
6562
6939
212
144
6973
6313
532
79
7112
6509
307
311
6959
6100
5652
1724
4475
6748
145
2516
5650
2745
7012
3081
430
7059
2630
3874
1701
3830
3827
317
3336
6862
5835
1560
2071
140
5016
2274
5841
3389
433
1558
2175
2753
4449
894
6111
46
4457
5393
3759
1612
3660
1524
1650
4629
3400
4856
6908
3838
3696
3100
4651
780
3101
1179
4668
6472
5979
301
3406
768
4862
6585
4951
2442
2723
6578
1474
2245
4908
4574
1513
6446
1592
6582
2121
2124
1657
804
2131
6732
1171
6046
2272
1782
2341
555
3445
3952
4269
4275
2012
2337
5431
5264
5237
2328
5786
6254
3504
4095
5440
1970
6801
5746
955
1079
5214
3526
2848
605
3350
5712
2397
5443
2803
3248
1256
4288
5234
5481
4051
3266
5278
2300
2302
3339
589
1226
1941
665
6145
211
3319
579
4397
5345
4414
1367
6260
5066
6162
3362
225
6441
3937
4849
3528
5930
1258
1549
6673
2651
7031
1259
836
3786
5266
1206
5274
5359
5940
5277
3276
6351
5640
1017
5374
5690
3506
2218
331
6625
3754
5760
3534
6559
6574
146
930
4989
3271
2270
4999
5653
3176
996
489
1001
5005
3587
5654
5006
5078
2275
3591
6508
3603
62
3531
3549
4957
5227
986
1253
407
860
6584
4875
2348
153
1488
346
7055
3446
5206
3664
5201
5896
6519
3432
1464
5884
4956
3408
3783
3486
1575
6140
3912
6807
2773
7159
2772
3368
6130
1928
104
4433
2932
445
1567
1758
1756
2079
5585
1085
698
5591
1739
4452
106
1729
2953
6756
1803
4028
2046
4114
4192
2807
13
2804
6203
1884
2474
2815
2799
98
3951
4278
6799
3900
1845
3941
4018
93
2788
7136
2784
2783
246
1138
3930
6147
4115
2045
2902
4167
7116
2957
1638
2555
7166
3044
5380
1622
6716
4090
6486
6283
2841
797
4728
1952
6702
6916
6920
3049
5377
6700
4753
2678
2673
1197
6930
3083
1955
1639
3879
178
1653
533
3875
2092
2737
6266
2958
6234
1706
1705
2093
4513
3310
4036
6906
1994
2105
197
5479
2980
4577
2520
4041
2123
759
4614
6904
1173
1105
1262
6461
3345
2453
1126
2434
5378
1194
6487
6476
114
1172
6507
5383
6970
2444
1165
6961
2451
5409
5350
3367
3364
5348
1140
6467
5429
6514
1131
2414
1254
2438
4496
3518
258
1780
4422
262
