5270
3634
2014
3323
2013
2012
3324
3574
95
7091
695
3570
3124
5755
7138
6989
2878
6742
3595
690
7136
474
2237
1962
787
4551
3325
238
6665
6668
693
697
694
5363
5753
2210
4221
4222
7035
3984
6987
6103
3537
3979
7097
5593
2089
3700
5752
5364
5083
2879
2049
5599
2011
5367
5750
698
5706
2214
478
1644
4552
4228
5043
5362
1525
571
2018
3274
5580
3306
5615
3630
4802
2042
2892
6824
557
2866
2709
7036
4733
1640
5366
2131
3706
5386
7039
1325
1891
2436
3988
4729
6661
552
696
2236
6194
6077
3301
3368
2137
3631
2138
6331
6310
1687
2128
2045
6749
4225
423
6744
2939
6108
7034
5741
7032
91
3497
3304
5365
7075
488
2010
2136
5542
2143
411
4226
5267
4343
4223
4557
4558
3532
3708
6106
3717
691
5703
1685
5822
3308
3332
2366
2566
6981
2360
3558
5098
2891
2841
3307
2163
4220
6107
7076
532
6521
3320
824
5754
4229
1207
1682
6381
5287
5400
375
6878
1729
2567
89
7030
991
6663
3986
3276
4837
3702
1587
4861
4734
2235
2374
481
1271
1684
1128
6980
5037
4867
1124
3327
5977
3326
4456
3322
4472
274
329
5368
1492
2856
3303
3273
2846
5381
3336
581
897
5594
2344
3896
614
2381
6949
3982
3714
3985
6941
5677
497
476
3632
3627
5751
3553
2165
425
804
6101
585
3492
419
6755
2643
5408
893
2133
3337
5777
1683
1693
5170
4862
1686
1691
1681
3599
3719
6759
5676
4224
1532
5274
3704
3716
5359
4227
2257
311
3710
3571
895
5220
6334
4062
7092
1539
5685
6877
3636
879
3335
517
2539
7096
1156
500
5354
2140
5052
6925
5410
492
5209
2151
6766
2087
3971
3321
1496
2426
2976
2211
1641
4715
5943
7068
473
6834
472
5467
996
1635
4712
2040
3059
7072
4525
2212
5597
2371
782
3530
232
2646
6547
1680
2161
6338
4727
4550
2033
1647
5183
5096
1752
2635
2215
1841
4908
886
6426
736
5820
1698
381
7137
2135
2134
1745
3361
2220
6603
2213
5269
5002
3433
4211
6737
3579
437
5276
809
396
2580
6881
1634
4232
3389
2706
7038
4238
493
399
1746
891
3858
6923
3146
1136
5208
534
2848
1529
5071
6182
6719
5894
5215
5592
3190
5219
7062
6568
6336
4437
5646
3722
4443
25
1664
3830
3141
2523
1163
2809
5720
3340
354
1657
5756
4744
6825
252
241
3053
1853
586
4562
94
1521
1769
2379
5670
1333
4115
583
82
5640
2365
775
5639
1855
2369
582
477
577
6911
4833
5537
735
2231
2563
1270
4909
6909
4765
499
498
5205
5721
3624
2218
741
529
6178
747
6186
6713
4780
3932
3588
93
5224
1890
2217
3725
1819
245
1744
5063
2015
2090
4117
5380
6318
1695
4380
1160
1696
3334
6637
5032
5389
5020
371
905
4569
320
3241
3052
3057
3033
2046
1039
1031
3125
6345
997
4441
1499
5355
5092
5989
1488
2868
2865
2132
890
1665
1201
3489
3380
6602
6884
5776
2169
6302
3533
5180
848
5759
7037
407
863
6888
1976
6312
4714
866
5758
5403
3547
3382
3548
995
994
3056
990
6982
2425
4556
5186
1050
1323
3145
3139
5
3003
3126
789
1335
3150
3123
5949
1030
615
5899
1073
1337
1164
7135
31
6018
6873
6067
6875
864
3385
40
6060
3633
3384
871
6053
4907
889
6073
2844
6728
4892
659
3491
6692
6937
6936
6788
6883
5872
3266
2854
3272
5121
6736
2847
22
3592
2468
2863
3043
4813
5401
1990
3972
537
4297
4303
4304
4306
4631
1584
5384
5383
2282
5304
1588
2016
4584
391
2017
4262
403
1570
471
4716
496
6295
6298
6305
1899
1896
3989
4710
519
1956
5239
415
2154
4668
3976
2080
484
4457
4442
4811
2352
1501
1502
1524
4444
5349
234
4414
5595
6333
3891
2054
5019
6307
2956
4708
56
826
5344
854
185
1034
844
2671
1965
4231
1032
417
410
6394
1530
3498
1238
2598
169
4723
6348
6738
253
5513
4533
1740
4713
1518
4188
5460
3067
5173
797
3534
6301
800
7043
5921
6306
3513
5439
276
6828
6623
1020
1977
3312
2825
342
5059
1139
1478
3278
4369
4421
6786
2086
993
7058
6335
3242
2858
6789
2860
4393
2867
2025
1689
310
343
6807
1661
3330
6386
4273
4649
5404
6380
5967
877
1016
2790
281
1166
5829
5969
1508
5886
4309
367
483
1458
361
6313
999
6634
6337
5302
829
3711
553
2481
6203
6954
2219
558
4829
4897
4036
3703
6135
3712
6157
3628
3638
6697
4891
5644
4735
2319
4800
4798
6962
587
4807
3783
6933
489
5553
2361
3718
6132
3591
2357
6133
3701
491
490
3895
4812
6733
5549
5204
1370
1580
3965
1816
6984
6939
3931
2845
5375
6238
4363
3715
556
4595
2298
1589
550
1143
357
910
3328
1694
915
2099
1817
4341
5311
1663
4344
4345
2822
3314
3313
3264
2427
4346
1666
937
1668
2097
1144
1586
1672
2890
15
7098
1024
3109
5103
580
3822
1870
3871
272
5942
1857
5965
4504
4507
4815
5919
237
3029
4523
7073
3039
598
1858
4537
5936
137
3122
2341
2857
3234
1119
2861
1872
7148
5360
3159
3158
4410
3954
302
1328
7064
5579
3775
3776
2893
1504
6843
2894
1506
5968
6839
2339
1535
4863
4049
5680
2564
7134
812
4979
4182
516
6146
1391
2638
4998
822
2527
2525
6753
4206
5781
5303
2522
3445
3444
3439
1709
1564
6263
5724
6303
2516
4967
802
2594
4053
5200
762
480
5202
5189
5187
1933
1414
1415
6902
6290
3611
5466
4044
5461
788
6137
3539
4033
6104
3535
5534
1628
2615
1699
2114
3387
4301
6376
862
103
405
882
1452
1169
3975
6542
2498
2510
892
1893
6188
3955
692
2491
2786
412
6066
703
1275
896
1094
6611
2477
6779
1852
