6748
1850
3147
5674
2379
1856
2385
1855
5898
6828
2393
1853
4696
5677
2382
1644
3148
3551
2377
3971
2893
6571
2366
94
1857
1854
3141
3553
1852
5591
2139
2384
1687
629
5593
571
3140
5177
3976
2521
6578
6064
5679
5942
2363
120
5849
236
5671
3275
597
123
122
2370
4524
5730
5382
1690
6071
3273
6021
7059
5658
4061
3699
2133
5755
3100
6864
2899
6572
3144
2383
3927
2371
4094
6058
6116
826
6575
3405
230
2387
621
2812
311
6573
6749
6062
2539
517
352
2236
6980
1373
2317
2210
2333
1240
473
5396
1918
6587
209
5002
6063
128
840
6579
1858
5231
4862
2220
1157
2977
5401
5965
6764
1211
1992
6303
752
1328
5087
6353
3681
2352
1022
3996
6028
4632
3944
2369
295
3901
6559
3967
6433
4561
375
4068
212
5670
4390
6339
785
3543
3143
4327
5723
3277
6984
3687
1374
747
3501
5676
3115
2389
6686
2211
2571
2520
533
5183
2357
6731
2717
2334
5760
991
2391
5604
1724
3389
121
4396
99
3279
6855
5894
3706
3578
6740
3593
2397
791
4182
4358
3653
6735
325
7115
6843
6057
1801
4407
6470
1919
296
2986
596
6243
4720
615
6502
3979
2922
4629
3952
6774
2360
3693
5977
5433
3146
5528
6422
3213
4991
5968
6420
2213
4866
3149
3907
6384
5081
4026
5092
5106
5097
5722
5274
5653
5079
5257
5250
4621
4565
297
5400
570
5485
5880
4989
5596
321
5109
5108
281
6068
6079
4384
320
1291
5690
2577
6421
6456
2973
2963
2923
6503
2903
2901
907
909
1147
2050
2832
6682
135
2582
1001
6866
2394
6738
2214
2380
2215
1061
6807
2316
1067
6386
3276
2284
1198
1618
1602
1236
6351
3559
6334
3556
6354
6355
7067
3899
33
1365
3943
206
3970
2126
1686
5207
5200
2216
1298
506
1492
1434
1367
5186
5428
2071
2094
5413
1859
5408
5405
1913
2259
1172
2104
1851
1131
1982
2023
2031
1205
1697
1912
411
1914
3974
519
3319
3384
3550
3552
4394
4392
3581
3609
652
656
3700
4176
4156
748
4153
3708
3896
3914
3950
4397
2298
3274
3145
2359
2378
2390
2468
2522
2573
3972
970
2654
2655
2753
2838
2839
4716
2844
2873
2888
3041
3142
623
3158
4391
6739
6530
5899
6367
5737
6822
6471
41
133
6957
316
217
125
7161
6382
6762
6689
6945
6736
6083
6070
7119
381
292
5063
6425
2942
2966
6424
6430
2926
5084
2780
5090
5270
2396
1023
2478
5236
2524
5184
2598
2653
2683
2710
5117
956
2784
5891
2834
918
6536
3217
3333
197
6302
4693
3912
3932
6218
3965
6211
3977
4628
6121
6112
4181
4235
655
271
4473
6055
3895
4969
3823
756
3278
108
5705
3481
558
4861
3490
3497
205
4854
4808
5969
5976
3655
759
758
232
735
3310
5142
6757
1827
1162
5322
5521
1146
1134
1824
1974
6924
5482
5437
2058
5739
5407
6928
6868
1816
1796
5694
1296
1493
1499
7104
402
1799
7095
5640
1689
7055
368
1199
417
1649
2148
4441
1059
2353
5374
2361
1069
6763
6842
93
97
6796
5391
2336
475
2235
6314
2354
2503
3657
6305
6333
124
1701
1699
1209
3891
3857
2523
3904
233
740
237
3696
7050
2803
7088
4414
6732
1305
1360
1361
7135
7120
4321
1375
1254
6299
1245
6113
1244
1037
6128
2498
6220
3923
3611
3921
1681
4170
225
7038
792
6800
6426
2032
3126
3112
3101
3082
2979
6678
2072
4439
900
6501
6664
6881
2125
2127
6576
6582
61
2854
2175
2103
3607
855
1936
3577
2786
126
3566
1794
3554
998
6359
3510
2532
3272
995
129
31
1164
2581
3419
1916
6362
46
1922
847
2538
1917
5697
5734
5235
5237
4985
4987
572
5406
4732
5381
5082
4802
5050
568
4631
5431
399
5594
5329
4721
5001
4852
5369
5978
5409
5615
5673
4636
5603
5844
5720
625
5125
6054
4971
5104
5098
5503
5796
4906
5979
579
4979
5383
390
378
413
377
4869
2138
3390
5404
201
6848
4943
202
4891
6858
1092
1121
3471
5513
3644
3638
1932
3615
6337
3608
575
1952
4795
1973
4800
2719
3590
6933
439
218
2000
3572
363
196
6916
2061
2093
5738
5741
5758
7169
6373
5768
6508
904
2446
2447
6533
328
5896
6687
5893
2531
6588
5213
5790
2841
2537
143
992
2556
2815
2807
6684
132
5180
2659
2927
845
6500
2976
4966
6834
6380
857
6804
2320
2330
2332
577
353
81
4993
6475
2356
5012
6786
6782
86
89
6488
5347
6761
96
5759
5326
105
5515
3601
6953
4108
1556
6133
1587
5644
7091
1646
1647
1149
5641
4648
6283
3936
410
4688
3919
1703
3906
1197
1779
3897
6307
4699
1496
1495
4566
7108
290
4406
4398
1304
1342
6077
1292
1269
4366
1263
4357
420
7131
5729
4311
1450
4270
1464
7114
4225
4212
4202
4187
1242
4351
3848
2713
3688
4738
753
4735
4778
366
4729
746
6983
744
4780
3691
3685
367
5586
6335
5735
5585
6959
3821
1821
364
2513
1915
1011
1255
2502
1136
5239
370
2448
1970
5731
1257
2684
437
1299
1250
6718
1911
1297
5494
137
980
1378
131
982
1334
5680
2620
985
2570
1344
1935
2549
2541
1359
127
40
7138
1863
2626
6683
5727
2526
5215
2525
5786
1931
421
5301
114
2065
2066
1176
412
6912
1068
2311
6841
2101
2256
7045
1727
1693
1743
1761
415
422
2232
1767
6857
2106
5756
2107
418
2135
419
1826
1024
2064
7085
1243
5264
1187
6742
39
6760
1993
2014
401
1548
471
5348
1691
1123
6970
1589
7098
2028
6989
404
2338
1668
1169
1685
6801
7020
6775
405
4437
216
3191
4974
3228
6229
3270
6375
4687
6366
3918
6295
4690
4904
3905
200
3325
6217
3337
6388
6212
3017
4080
6032
5014
4059
4051
3099
3984
