5178
5176
1842
1846
1843
1845
1844
5242
5247
5243
5171
1997
1996
3619
5241
5897
4740
3197
5240
1995
1607
1999
3617
1847
5416
5175
1560
2526
1998
2670
7167
1987
2547
4675
6950
5609
6998
2489
5415
4746
5318
1569
3386
4365
1567
6172
114
1543
5244
1549
5671
4864
3522
5588
4741
2508
2454
7007
5237
3192
2525
1536
5642
4832
3613
1840
7160
3621
4344
4367
1780
3979
4688
922
5088
3971
5684
1537
1841
3890
368
5668
2504
5213
3069
2903
5759
3666
4848
936
3612
5774
4840
5353
1362
5518
3387
3117
810
5510
6487
5617
3239
4853
1299
3602
5214
1561
911
2465
1617
1558
6567
6991
1776
1781
885
2496
6555
221
4866
4522
5662
2524
3013
6534
2910
6731
5670
2345
6515
2180
2389
7165
512
5497
3667
4547
6638
4594
4599
4628
1770
5233
6463
1964
920
5843
2173
5475
6895
6955
2115
1667
1562
2546
1499
3381
2603
44
6557
5412
5611
2676
5399
2188
3635
229
5429
6553
5605
2761
2216
5614
6698
5174
1130
3238
292
4500
910
4494
924
3972
3355
959
4363
6164
4324
4017
984
4232
1563
107
4592
4784
1360
3194
1991
1366
2917
3190
270
6514
1982
2334
5676
2406
6187
2304
5683
5716
462
5772
5767
5991
1553
5896
6482
3783
5667
5857
5849
2217
2509
1023
6285
4524
3033
3066
4361
3129
4847
130
800
113
4362
4749
1304
4747
4743
2182
4731
7044
1291
6956
851
6966
3655
4591
1775
6990
4544
4529
2916
6714
1369
5379
1063
1020
5512
6586
575
2645
5414
5411
3723
622
2113
4114
7114
4525
5273
5246
6680
1849
5173
5201
4216
1227
5230
1213
4521
4343
4504
925
2450
3517
3374
6195
1564
4217
958
4095
6167
2455
4465
1588
551
5956
5582
1060
5420
5393
2765
5315
5304
2813
5234
5661
2888
5215
2913
5674
5125
3112
3193
1305
1298
1294
3199
2493
858
4543
5935
4526
5784
915
2359
3785
259
2019
1735
2005
2340
137
2272
3708
6790
6472
2318
6978
83
1993
6867
2293
6414
3717
41
1103
7025
2283
2183
2147
7061
5880
1994
2167
1132
2163
2275
3572
4808
4834
6799
3168
1541
6600
1458
558
4770
3628
6869
1302
1551
1475
5930
104
5938
223
1648
823
4844
5826
6679
1137
2050
5205
6670
502
5638
6699
5288
6702
2787
3788
242
5711
6655
5080
2073
2119
5017
5744
4956
5980
1332
3111
3576
620
4869
196
6756
4849
2677
6781
1365
4845
5892
829
3251
7015
6109
6135
3618
6156
1556
926
3561
1895
2393
951
319
7051
1799
1606
3703
1803
2377
4364
346
1850
3471
3486
3500
1026
3523
4128
4068
883
1777
921
5996
3223
2457
1293
1965
6374
1296
3195
6383
3237
6984
6986
1040
5312
2810
6667
835
1107
2767
6889
4546
6657
5267
6671
1801
2052
5235
6693
3610
2074
2752
2753
6893
7152
3515
1062
2607
1008
825
1970
5471
3550
2664
5422
4171
4701
822
1211
6644
1218
20
2083
6614
88
1990
84
3056
3956
3061
7027
3583
4937
4499
138
4611
765
1935
769
4523
1773
4584
4574
4527
4542
4548
6740
3954
7028
4493
938
5200
1383
2911
4773
1992
2028
6707
928
5207
2914
6723
1901
3227
5085
919
3258
1364
720
5070
5133
556
2896
2445
6192
2527
1633
1568
2557
2397
2459
3620
3815
6549
6417
510
344
2335
6542
6491
2259
5971
3614
6177
6560
6356
2245
6548
2529
2522
3789
2277
226
6523
6457
5673
523
2185
5627
2363
5978
2536
2385
1577
2274
5578
6319
5689
5828
6563
6458
5964
1739
2396
6999
2253
5722
5140
43
1579
499
1600
1892
949
3786
2912
3591
6085
3341
5709
5123
3559
2007
5114
4596
3317
5084
5051
3065
3267
1975
766
1661
6861
4873
2002
4495
3977
4846
3163
1534
4755
7023
4756
6830
3253
3569
290
3170
3173
4772
122
3616
4893
4470
4492
2263
1740
1301
5729
888
3260
3052
6488
2517
929
6747
1092
3962
1149
1552
4938
1909
4935
275
3615
3113
3719
7030
757
4897
71
6729
5997
231
1201
6396
5469
2198
3231
2672
1821
6626
16
2551
6639
19
1575
3528
6072
342
5606
4018
5993
3211
2132
4549
3889
2705
87
5487
6279
5566
4597
2568
5543
2590
80
5519
5517
6972
5511
570
3513
2602
4043
4578
1573
2364
1010
4130
6595
869
3230
3895
4253
2685
5357
2836
5254
4545
6953
513
6547
2371
1804
2375
322
5236
6684
3608
6685
6687
4369
3383
1798
5221
6952
3380
1309
249
6695
2218
6399
7078
1292
6691
2079
6361
7101
522
23
3883
3909
5317
6554
2211
4270
1861
986
3913
4337
2817
5608
2212
3407
7001
393
4541
3240
892
3234
2453
6099
1951
3656
1582
2449
4540
3247
1487
7016
3378
40
3552
1228
1872
4332
4321
4277
3411
6212
4238
1612
1214
3841
339
3819
4174
6232
2366
2354
3813
1195
3509
12
7115
7145
6278
3376
4403
4437
3842
6152
3974
4505
1922
6155
4497
2421
3623
913
369
1829
3257
6342
377
365
923
6329
3263
1899
4480
1254
2392
3303
4011
4466
4463
4448
3354
3659
6064
4816
396
6683
2542
3650
6677
657
5251
2839
3609
1409
514
5278
2543
2544
5624
6664
5660
6688
6689
2889
1772
1050
5119
5152
2232
160
2039
5331
3784
1385
3882
5663
5217
6299
2892
5223
2225
1738
6656
2707
2618
1468
1469
579
2558
5505
6593
5506
2178
6576
2564
3782
5528
1483
2581
6597
2660
589
5480
234
531
5366
617
2690
5604
2146
2763
2675
6640
2152
5600
2553
6608
3888
1454
5405
5717
6501
6735
5962
6435
6436
5931
4744
2475
1152
1544
1306
4754
4782
5860
4806
2569
6805
2469
1966
2288
1297
859
6063
6060
855
1570
3213
3212
1367
4656
4671
1769
2294
94
5998
2290
4718
4666
4839
1538
4842
4931
1663
3099
3094
1336
