6759
5646
6755
303
6106
302
3725
889
5685
2049
2010
2341
5361
3322
4380
7093
4555
4220
335
81
3326
5320
1274
4534
2236
4446
80
1979
319
310
7091
4667
7095
300
304
3722
975
3726
585
7094
6523
4444
1498
4223
3061
3323
4226
7136
307
306
1379
4383
3060
4447
6727
5688
2048
6105
5709
3684
979
1524
3325
4213
399
3537
436
7075
3598
1630
3639
5686
301
4448
2878
5058
886
2017
1436
3250
3320
6939
4812
2645
5310
5776
4552
5385
2013
6754
4567
4975
5019
7078
4325
7076
4588
3321
4533
1629
2024
1998
7072
2015
529
4895
5434
3533
1625
4062
5684
3334
82
3232
255
6053
5820
2011
3728
809
2232
3633
804
3332
1809
3327
4238
5328
3303
4442
6060
5168
2286
6052
4862
4449
893
7138
5029
1522
7097
4385
404
6668
897
5420
418
4441
5502
3677
5829
1525
1216
2128
4386
4664
3067
5943
1647
3534
3309
872
1972
1974
1632
898
522
2531
7034
4891
884
687
1620
1938
4010
6747
7107
1726
4389
1509
4864
2656
4222
6537
4387
1499
2860
2957
1798
4699
587
5052
3301
4729
1744
5059
290
5323
6669
2706
1621
1997
1576
4819
329
6390
1722
1640
1520
1962
3308
1391
6824
4537
6103
4793
1526
3653
4579
4069
5267
802
4557
305
1519
1347
6753
3882
3076
4879
2778
985
5119
5777
6715
2337
2877
2879
2889
614
1103
2935
2014
2124
2259
693
6426
4113
4432
4998
871
152
5894
2856
5673
3445
4443
3440
5681
876
2028
690
3011
3492
2661
2662
5355
457
4503
6198
972
4943
6752
851
2932
1790
5356
974
4388
1495
2258
3513
358
4994
1044
6301
1518
6186
1072
5838
695
6534
3869
43
4563
332
4221
330
42
1527
1490
95
6112
7032
2934
2733
5980
1877
5284
4653
5753
4792
4236
2621
2098
2739
253
1932
5183
3358
2058
4896
244
1622
34
3033
4520
70
3231
3069
3075
7043
5091
89
3437
87
850
5326
4683
1552
4860
1215
848
6920
3305
4416
6209
7041
2646
1201
5587
6827
281
413
7102
3535
3574
422
6664
6665
5983
3563
7119
1068
6843
1366
5643
1361
3324
1275
1217
5707
4321
5700
3336
6238
3337
3672
543
572
1203
6206
3720
1514
855
4501
6746
734
4477
5562
6750
5813
3731
6069
723
480
5589
3682
1119
7061
3210
2130
4637
4631
5186
5189
6820
2020
2018
2016
6397
2012
6385
1899
1876
1872
3070
3073
3077
4582
5336
314
6452
316
3969
5077
2660
4066
6556
2752
2753
2594
32
2767
36
4077
4777
2518
64
69
6724
88
4973
4978
5001
2344
2306
2234
317
2118
1664
3852
4554
1720
7137
5428
4562
1628
360
391
1579
2663
3200
2249
6697
603
4796
2928
4119
2257
5824
6699
2291
2309
5037
2331
420
2348
2868
3470
2371
2241
6189
2235
6201
4536
5739
6916
7074
1231
2129
4532
2139
1206
2980
576
5770
6733
2965
3428
3430
3963
3432
1665
3434
3436
2936
7082
3473
6497
3214
878
877
1648
4874
4776
6533
3580
7168
879
45
2556
2772
2568
844
1642
35
1641
4207
2598
5490
1649
4506
2488
1064
7086
559
7108
4734
3493
1661
4012
5426
2832
978
4102
3530
2464
6515
7096
79
2818
5981
5984
7100
2734
5005
2218
5373
313
2025
5687
6380
214
1430
3329
308
469
1960
6355
4224
1807
1879
6821
527
351
7144
5671
6756
1370
1496
5225
2026
3335
6884
3015
5302
5716
1891
553
5184
1523
5411
337
489
1729
6738
5277
7139
5357
6691
1295
4485
1771
3307
3014
257
5272
7133
6676
4878
2810
2800
3552
931
2468
3306
7098
2476
4580
6742
2486
3302
1823
5429
4894
2510
5321
4775
4437
3194
2754
4481
4484
4794
6067
3627
2756
7106
6902
6092
5365
6098
4799
2707
3254
5581
6056
3611
2777
6672
4863
849
3548
846
6054
4472
1773
4320
5367
4516
4478
5366
6886
3539
4964
5950
5115
2023
2213
1492
1693
5509
5799
3248
3158
1996
1992
5822
2290
1970
2019
5692
3431
1521
5181
5731
2997
4660
4661
3213
2059
6692
3354
4666
5702
2147
2154
3350
5701
5054
1535
1517
5234
4971
987
4970
3367
982
5289
976
3141
2829
973
2455
5615
7059
2462
6934
4343
5952
4560
1737
5835
5237
1936
5030
5649
5647
5015
1066
1060
5280
1037
1367
4979
1735
5899
4355
1491
4061
7130
4293
4217
437
430
6146
181
7134
6585
419
381
296
252
6453
521
4116
6122
387
411
6182
6841
4034
6792
640
395
6123
6458
3991
6460
396
6295
12
6267
6188
6290
4170
4
85
3859
6191
4111
4302
339
6388
618
6560
601
7147
557
3078
1277
3746
981
2903
2297
6823
5205
6680
3993
2287
4711
988
331
3074
5706
2921
3071
5754
929
291
4187
2377
5723
4191
5006
2372
4112
4569
2367
6849
5004
3129
5358
1258
4993
2867
3538
2349
1270
1271
4188
2345
297
1799
3878
964
6158
2330
4115
1212
2252
5282
6178
6911
6913
2132
6811
3035
1965
6187
1156
1969
5851
3034
1150
5156
1973
1976
6786
4621
2022
5819
2047
5209
6915
3010
1939
6888
6200
4382
3001
3027
4270
5163
3721
5260
2148
3423
5898
3909
2211
6338
2214
5285
5093
265
4354
2231
4352
1874
1207
5080
1875
5287
639
2947
4669
6994
6910
5261
4361
4359
1895
3062
6454
1189
6975
6696
3064
1897
2958
2835
7047
6661
1388
2592
5493
5616
6539
1557
7104
5639
1374
6309
3217
2575
1575
3599
6844
6662
2567
3591
2563
400
4861
6536
3587
2539
3206
3678
4770
3786
1345
414
3312
5499
6058
5558
4063
6282
4807
4305
1435
4470
2681
1482
3638
3825
6291
473
3295
4875
3814
5584
6296
5515
5513
4215
5606
2642
1530
2636
4833
6547
2624
2751
4315
4225
4877
2029
4941
1638
5989
3780
1635
4525
3571
