6752
882
880
6753
4113
2350
6756
1642
4791
4062
4798
4410
4790
5754
1486
3301
4792
2047
5324
1649
2049
6170
4670
612
4118
480
1613
4447
7107
1641
527
851
1661
4069
4110
250
1582
691
1521
4238
1610
5603
793
2298
5427
1497
2860
2048
489
6309
4241
698
898
5310
1643
1963
3019
3052
1369
7096
6959
3492
1615
3947
1522
5386
975
5053
1175
252
4813
5971
5629
6358
4979
614
3598
2459
2126
39
168
4890
1823
6342
4666
6975
3321
1648
3309
5355
695
6109
1614
4796
688
4667
694
6343
3285
2645
300
594
4112
5940
5059
5112
2353
5118
4881
6754
5682
4063
591
6757
483
4220
525
1112
5602
5110
5752
2655
2038
4720
6260
1426
521
1119
3326
1664
2130
4223
317
3629
6886
5306
6668
5540
792
1036
4226
2216
3191
1524
6057
598
781
273
7011
693
692
4832
4782
846
523
690
1535
4562
1364
4964
1550
2072
5548
681
4211
524
6548
2355
6250
7092
4567
4563
3710
5358
2624
2641
526
4368
2605
5387
246
2509
4083
4253
6224
560
6504
6346
6552
4016
3605
6158
4115
1647
253
169
4165
5028
407
2292
6334
4669
1585
1417
5114
165
675
6663
6759
1435
696
1429
1525
2312
4975
7113
3055
6150
3358
3745
1618
1291
4867
4586
1041
770
4653
1616
3719
5551
2865
4959
1515
400
4086
3917
4088
5147
5580
285
4962
1299
1851
3915
584
1298
1949
2042
5481
2995
334
1366
544
12
5979
4194
4116
7163
22
1405
799
2909
3061
37
3741
5116
2124
5126
5127
2890
6332
1887
722
1780
6451
6092
1572
5384
4442
615
6101
1350
3327
5321
6344
1568
667
3726
6560
1612
3466
2643
6257
3438
7097
198
3995
338
3308
6523
684
847
3264
5360
258
3496
255
4819
5365
697
6576
7094
528
1529
2557
6182
3302
1720
1528
6056
3993
1999
1040
2357
3992
3713
468
6986
6306
2040
5545
3704
5590
3701
5591
5626
529
520
2025
6972
2625
5326
2868
1605
1113
5779
4588
890
1418
4559
4555
1410
632
626
2629
5880
795
167
1680
1439
3353
2826
1509
842
4887
4812
1527
1530
817
1532
5205
3304
1554
6661
4679
4961
878
4412
4874
251
5750
304
4237
6958
4225
4216
2371
6410
6249
5089
7051
5454
331
5459
335
4169
4191
2457
7058
16
1881
569
3497
2604
2577
5974
268
5055
2965
280
567
583
3050
2851
2234
2209
3811
2864
772
787
2899
2896
3140
3070
6040
2863
541
2322
849
3698
2376
6242
959
2462
2510
6191
585
601
2343
2620
2341
2809
893
3411
5777
3715
5795
3361
3727
3730
2716
6978
2296
6982
2293
6252
3325
3997
3837
4661
1123
1576
1118
5491
4123
4739
7119
7039
1588
4111
6349
4764
5509
5514
4793
4806
4013
2071
1272
1536
391
7059
7099
6492
256
1176
238
6472
1669
6460
4322
1663
4242
6443
1202
4528
5406
4551
4554
4582
4585
4589
296
4486
3990
6476
5050
5015
1502
1504
7012
1506
1484
50
5128
422
6341
1275
5094
1362
398
3918
1483
1514
5767
2642
6547
3437
4581
3388
5124
888
884
5761
4587
4596
2874
4828
1416
4552
2980
5091
1373
3480
6625
2177
620
230
622
1665
17
5102
5753
5953
6540
1325
2937
5291
29
3147
3060
5758
2656
6151
5255
4749
4859
6846
1531
117
87
3230
1523
838
845
4807
5849
6079
98
3256
5838
850
95
848
2825
1490
5344
1488
3356
1591
4657
5141
4662
4664
861
4672
5241
6561
860
4702
5221
4724
4726
1556
3307
3305
1552
823
6044
6569
2992
5517
1093
4060
6355
4119
978
7041
2356
5485
1994
5513
332
547
548
1976
3736
1127
4227
2399
4228
4231
1120
1129
2279
1756
3941
416
3951
5549
2291
494
6265
5554
7015
5516
3958
5541
2088
2075
507
2073
1085
6971
2993
4018
408
4236
4221
2098
6953
6814
6198
2211
5722
4282
6183
2231
582
1833
2217
3533
590
3543
929
6186
3571
1758
607
2489
6228
2474
2158
6225
6302
7074
4247
599
4246
3867
1469
1360
2990
2166
6746
2988
6612
2106
1306
1447
1294
2873
5995
1396
6614
1392
6740
2918
1060
1414
2913
6743
1382
2144
2121
6755
6737
1419
6273
1327
2111
2961
1378
2891
1404
2882
6735
2149
6491
1489
1601
2417
1607
2450
1856
1853
886
6550
6437
1839
2691
896
1832
2532
1781
2558
1668
6817
6174
1672
1174
6169
2518
6053
2701
960
2300
6262
2307
6773
6060
6064
2792
1513
2089
2078
2708
6256
2342
1262
2064
980
1555
973
6083
2366
970
1586
1087
2623
1347
3328
4580
4584
4590
355
4593
3367
4105
3364
3354
5681
3679
4625
4085
3351
3699
5506
4655
4694
387
392
5421
3324
4705
3722
3322
3731
699
4761
4769
4556
703
3639
3445
4283
3593
4284
5446
3594
580
3595
564
5364
5361
593
3532
5350
561
3611
4230
4218
5336
4443
4444
5751
617
618
4193
623
624
628
4163
5764
4541
4771
5422
3238
5888
3737
55
4879
3892
72
3159
4918
3157
7005
3145
5643
484
3139
5202
5600
5927
5928
7001
3866
3077
3073
5022
5115
3748
5881
5103
3852
6981
5193
460
4797
4799
4803
6979
5082
5617
3006
5046
3234
4816
9
5612
3916
5582
452
4858
3193
3938
4853
3194
449
1875
4224
313
298
2173
6411
1879
4243
1904
1895
4235
1891
1058
1977
5546
2092
2086
2095
5538
2077
6340
4010
4012
6347
4036
2041
5598
2996
4117
4124
1109
5596
7043
4167
1987
5457
3865
3862
2132
6330
4102
5991
5325
6696
1496
81
5166
4846
4825
97
1271
1270
4805
7133
4770
5203
135
7116
1557
4727
5232
1485
4943
6591
5138
1356
5081
1331
1379
1380
5037
7162
5027
1575
1413
53
6606
4965
1451
62
7153
1465
4958
45
1242
1580
5246
239
