1996
4705
1607
6950
4853
6751
841
5588
1688
4851
239
3854
1023
2575
846
5242
4850
4663
1995
3061
4437
3859
6790
6968
4857
5265
1388
2007
232
1825
6953
4796
4859
2238
1845
3848
6198
827
7032
1846
3850
4999
4856
6841
5774
4560
6839
3238
2216
7137
1843
5429
7130
4980
114
6235
6109
92
6962
3851
2661
6954
962
6187
5176
6919
4854
4993
4997
3671
5829
776
1928
6905
5178
5262
968
4996
6939
5099
4858
6676
1991
2892
3911
4855
3800
4141
3804
3328
5822
5820
2237
1997
4176
937
6944
899
270
4721
2484
6192
217
2006
2004
5978
3594
339
6902
2299
6909
2320
3853
6846
5003
6888
4387
1842
5018
3855
522
6704
4566
1999
4128
6734
6757
4735
2784
6696
6826
2140
6779
6929
6925
2560
6921
2257
6916
4180
375
7169
7139
3560
1189
5967
5554
3260
3249
3246
5241
3060
5667
3066
1606
5729
5670
5676
3014
3110
5299
5080
774
3312
3571
5493
1799
5529
7165
7168
3688
5457
884
5458
800
5700
2094
1336
2080
5624
4782
6728
2028
1335
4790
2089
3803
3516
4174
2476
4415
802
6060
965
3327
3325
2298
2296
969
3306
3303
5965
2549
2562
5878
4668
6931
5486
2147
6778
5717
5707
3191
2676
2467
2684
2443
5349
7016
1522
6543
5007
3681
5381
5280
2829
162
6667
6666
5231
6530
2876
6523
5420
3987
4995
4116
7062
3841
7025
6707
3802
2755
2708
2954
6428
1844
2003
577
5955
5238
1021
2440
1656
1026
1873
6199
5994
1796
2418
6559
2295
5005
5204
2396
1874
966
2324
5175
2364
6869
2278
4628
2235
1456
1987
1421
1994
2077
5613
1295
6706
4792
5037
4795
1998
6720
6721
5469
6330
1028
4746
1186
2231
4994
4609
4622
5479
1044
6230
5793
4669
1125
482
6777
5282
5285
1546
1490
2050
6130
3932
2884
3168
3237
3069
3230
3075
3561
4264
2787
2758
2568
16
3329
6900
4032
2686
2672
2667
2663
3522
6956
7068
6955
6943
3334
3530
236
3106
6965
3160
4148
3867
3808
7023
3010
6877
3685
4364
521
6961
5054
2690
1520
4053
2675
3801
5046
5039
3805
7158
5837
2721
5876
3240
3726
928
5125
5120
3336
2083
234
3003
1751
5408
2060
5161
961
7060
4803
5305
1765
4848
3308
4852
7012
4991
7042
5832
3888
5833
1876
3484
5243
3053
1633
7135
2889
3280
4998
3619
7121
1076
5008
1029
1107
3984
3978
3974
3972
1660
5289
6991
149
3077
1106
3632
4924
5422
1589
3287
6692
6664
4143
4732
2521
2329
2526
2322
1299
5571
4526
4528
3365
2535
360
6908
4275
3598
2541
4556
2542
4564
849
2255
5704
6843
3194
5582
2340
5666
6872
2461
4377
2441
5663
2479
3362
6881
2411
2397
5674
2390
5627
3548
6853
5617
4474
1211
6852
1286
7163
6070
3239
4593
6776
1371
4661
393
4660
3337
825
3116
5466
6409
6067
3117
3118
3376
6795
2126
5453
4608
2127
5505
4197
4685
5708
4233
5388
3543
93
1247
5641
1451
6540
5403
1071
3111
3545
5416
567
5171
5716
5709
7031
578
6438
5454
5653
7034
575
1064
6355
5410
5230
1386
5684
3085
5497
729
1100
5284
3556
80
5286
6401
1338
3531
3511
1346
1551
5705
1332
3071
71
3195
1632
735
3217
5744
1200
113
1500
3067
5333
3533
1509
5556
7044
5261
5459
5266
5124
223
4607
6924
2567
4632
4658
4255
6928
6933
4215
4209
4189
6772
6771
4708
4715
4731
4149
2095
235
2079
6951
5990
4791
4132
5158
4801
13
6068
6922
2233
6087
7167
6878
4412
2483
845
4419
331
332
4333
2509
4473
4476
2517
963
4492
6844
6842
2321
6903
4525
6910
2291
4545
2547
4576
2548
7
2561
803
3392
3547
4990
5969
4941
6573
3912
4949
3285
3282
4989
6662
2874
136
512
7007
164
3242
5023
3460
7132
7131
1841
527
1034
5877
2823
6224
215
5140
964
2710
196
3998
3321
3988
6697
1937
3001
3418
6691
5089
3949
4864
1964
6227
7019
5679
1050
3361
5855
5872
1062
5769
3247
5718
960
3517
6031
1171
3299
6033
923
3289
5977
3339
885
5755
5956
998
5923
1027
1030
1055
2465
5643
2019
4118
4023
4017
4007
3994
3989
3985
2798
1951
4920
4926
4928
4954
2861
2879
1870
1866
3868
5000
2899
5001
1856
2020
4806
4794
2660
4372
4397
2410
4346
4497
4314
4285
2543
2557
2234
4592
3863
2566
4665
4666
2160
4164
2124
4155
4147
4144
4775
2074
2072
2185
1853
3858
3815
5292
1536
3080
1504
1501
1492
3086
3094
1449
3100
3595
3079
5451
3593
1359
5508
5528
3126
5574
3151
1279
1275
3164
5634
5455
5650
5283
5281
3809
5035
5050
5067
5082
5085
3696
5119
2469
1722
1717
3076
5185
3025
3363
1681
1637
5237
1630
5247
3068
5251
5252
3072
3672
2144
3364
773
6464
6773
6476
112
6914
618
7039
617
6487
6926
6927
137
139
315
6740
593
6941
7011
7009
6726
581
579
6544
6553
6960
190
503
528
254
6457
6579
7138
779
6321
334
6191
6825
6854
7160
6350
6416
7106
6417
810
30
12
2250
2002
2251
6727
4846
6725
2148
477
1965
4898
6680
4943
2266
1861
5004
5006
1811
1979
4867
4805
4700
6796
4702
4704
4707
6766
2109
4659
423
2179
2180
5045
2182
4756
6807
2086
4604
2070
2212
4599
6741
2239
6738
4573
4807
4747
4770
1798
5322
5326
1499
1495
5354
1473
6459
5442
5450
5452
6411
6407
5495
5318
1353
5553
6379
1285
1282
687
5665
5671
5685
5698
5739
5760
5770
5776
5520
5309
1537
5298
1788
1777
5075
6565
5097
560
1729
5129
6552
2271
6545
5203
1689
1687
1658
1652
5218
1648
1647
1638
6534
6529
5259
6511
604
1591
1581
1578
1556
5047
1713
4451
362
3617
7041
3667
3028
3670
3676
3018
3015
7030
7029
132
3770
2944
2942
143
2937
