6755
6053
4222
4380
2049
4552
80
6759
304
4520
7097
2048
2231
5685
3303
4554
4238
4386
1647
4388
879
4325
3301
4567
4555
1799
3302
2010
5686
5646
3308
5036
37
4812
1215
87
5091
2098
3725
5688
7092
4111
2856
4527
4223
886
889
4226
4813
4443
3726
4444
5267
4793
3053
2132
2047
878
6187
7034
300
303
4447
330
587
4224
2140
2878
4556
6106
1809
4449
7094
3639
2890
3720
3633
1628
4061
1640
302
301
5119
4322
5681
4118
2692
3574
4558
2017
4232
7091
4236
4231
4229
4220
310
895
4119
6105
4389
2642
877
1525
4115
3992
2348
3304
6849
4112
2236
3033
5302
89
7136
82
1521
339
585
6067
3126
6332
329
38
2411
5128
1203
1524
4343
3995
4637
4504
6453
787
3592
804
4739
4553
2412
4448
7102
4557
5364
5643
6209
3305
4525
2645
2138
1523
1499
850
1490
4550
6294
7093
4810
1271
5310
3309
319
81
2013
4533
332
5059
331
5034
1744
7104
888
4441
7047
3388
478
1689
4534
2057
1648
31
3594
3595
3491
4116
5971
5320
4385
2131
1621
1498
1519
1962
4105
36
5680
4862
2643
5321
2143
2775
7137
5116
7138
1136
5952
973
809
2778
3722
1217
6048
2059
4442
5365
915
5368
2371
3052
1527
972
2860
2040
5709
5706
3993
3999
2658
4532
2646
1201
2141
1696
5838
2934
3307
880
1625
583
5385
6202
1649
6058
2045
1270
2233
5684
823
7095
5052
2488
3719
5645
3588
782
1798
827
2777
3632
581
2028
3210
1570
4306
6101
2136
6056
6472
32
1361
1715
4509
870
2012
4821
2018
4522
876
557
1275
2855
6824
2473
7106
1335
4832
1501
388
387
2135
1214
3155
2460
4819
6052
6791
5983
5361
4814
1218
4110
6290
5058
6560
1735
6071
5926
1484
1522
34
6874
2556
4417
2180
5687
4529
4559
2119
482
489
7076
5037
1797
4446
2171
6786
5741
1156
532
4734
6208
2939
5019
35
4387
6047
2249
3835
5527
6186
1979
5980
4895
5467
3129
3587
3913
1518
2656
2041
2661
7007
872
1965
744
1642
848
851
2413
5225
1635
1212
4382
1629
4897
6515
6519
3058
2936
3439
6788
2709
2706
979
1391
593
977
4113
822
1213
436
975
5673
1396
4537
1030
825
2754
789
1489
2730
4811
1792
802
6152
1751
5702
892
4479
3325
4523
4737
5016
6177
4521
1693
4582
3054
6737
6406
3300
1046
4526
5894
1722
4432
2829
1734
858
856
2518
2800
1514
484
5724
480
6523
5844
614
6707
88
2476
391
2468
5295
384
2014
5428
2341
2343
30
1992
5098
2425
2149
254
2147
334
2134
5283
316
314
3882
2044
3582
152
2043
6279
4829
1682
881
1496
5668
6702
1277
6340
1972
1969
7096
5173
573
4697
6194
1481
5092
874
7139
5984
4228
43
3580
5982
7086
4699
552
3513
2932
749
3214
1510
3723
1515
7101
278
3250
6330
6171
1939
4309
92
3059
6669
5541
1578
4653
4305
6310
291
1033
1034
6158
4062
6697
883
5363
60
5362
6337
884
4503
1207
5943
4845
5355
4846
4327
775
7078
4818
380
466
2095
2046
6380
2957
4729
469
6459
6454
5426
2483
6756
1339
2950
6757
6394
2241
1740
4393
1732
1338
844
1731
4535
4568
4726
1330
167
400
4102
3631
2772
2818
1790
4440
922
2466
5043
5729
1362
1528
5949
6054
5170
3657
1529
2859
6443
4300
4302
5375
6051
3728
4863
5217
2308
1321
5418
6060
4410
4856
2779
4321
6167
4732
897
5126
274
3866
6457
5461
4363
4736
2342
3990
7062
3589
7075
4815
6356
1990
6358
1996
4894
6074
3991
2344
3700
3194
5367
6040
3597
2770
2020
976
5950
3694
2750
7098
259
3839
3954
3634
4690
5202
255
4381
6350
743
4437
3598
1978
2052
2054
4279
1101
3830
1876
6742
40
2935
5103
2933
556
6723
1685
3350
4964
2144
4507
7134
4948
338
586
336
2417
1645
1896
1716
28
6841
4217
2208
1130
4109
5
5305
2486
405
6792
1119
399
2595
398
5329
1104
1103
5077
4205
6261
2243
6753
2247
7140
9
2410
2306
6668
296
2124
5835
2891
6298
4044
4034
2464
2163
2235
1394
2773
3869
3960
1219
2092
662
824
5040
829
3636
5041
1847
1627
1571
2823
3007
6747
5123
4361
1729
371
2758
1413
798
1412
1237
1736
5359
3001
3599
807
375
6834
3430
307
926
3470
5056
7108
7107
875
6815
5676
7030
6313
2218
4891
5246
7043
3125
4114
6821
5670
4162
6440
4416
4874
522
2470
1146
6228
2477
6178
457
6183
1331
2275
4758
402
1333
6793
3473
1369
5326
5057
6265
4215
3493
3223
1258
6517
91
2568
1665
5779
5013
5776
342
253
249
5090
4824
1614
4063
261
5272
1620
6291
1641
6338
6684
3998
1622
5356
246
5469
266
265
7100
3743
337
6529
1964
3742
245
2257
3206
3200
236
3014
4012
627
3497
45
5985
5032
529
5138
2248
1877
5266
1435
1430
6301
2868
44
351
5124
6943
6738
1014
74
6175
4481
959
7061
6311
4478
5234
1204
2894
2941
2289
6414
2097
6174
1155
1175
6247
6098
2232
3026
3727
1181
1152
4500
4484
1060
6281
6299
1105
4472
3859
6321
6397
919
6155
84
1279
3805
6170
2165
6104
7109
2094
3029
429
893
5509
5571
1698
5762
690
4077
1526
4340
5029
3997
269
1520
1517
1513
1512
534
6852
3496
5579
3332
6512
1727
256
3219
521
1487
5083
1694
508
3364
2655
6692
4046
3322
3337
4265
5822
6675
4267
4908
3313
580
6665
1683
5842
2397
5120
3537
294
3517
5865
5122
3516
2419
3514
666
1933
3258
3254
6492
6513
847
5212
389
5048
2469
5701
885
840
471
5420
2053
5046
4210
6998
849
166
393
2039
873
1831
2042
3133
3151
3627
6794
5053
762
433
3581
6817
422
