208
200
1061
206
201
6765
207
203
6763
6768
6762
6769
6760
5433
1067
6764
209
205
202
6767
1670
6575
6578
6551
5142
1250
1660
6556
6229
3907
2000
1678
1068
3873
1069
212
6038
3048
6222
5873
6587
1316
6579
6557
2811
7
6570
2105
1450
1675
5509
6572
1313
5076
3516
6571
1679
3817
2812
4261
1959
5584
6559
4419
2817
1310
2001
5964
1053
6048
4822
506
1254
1066
1311
2082
3759
1919
6449
5658
4265
5773
4817
219
211
5565
985
3740
2815
4101
186
5961
5648
3848
6799
2741
5225
1339
4327
3644
1281
2717
3315
4359
4374
6340
4103
6
3040
6156
2275
5108
197
578
214
1240
5955
6931
5001
5912
1916
4718
4268
1813
1419
5833
1317
5392
5894
1677
4827
6311
4674
2778
4422
115
3937
602
6576
6298
180
5159
2541
6070
7116
5985
6347
4202
4734
6793
183
1711
798
6807
5520
4758
6804
5500
1713
4738
5616
3045
6745
5467
3267
6850
6928
1810
6845
2481
6485
1626
3963
3960
2472
6201
5761
5056
2156
6440
3310
5012
5785
4902
1178
1437
6283
1097
4683
4362
6868
6121
4676
6538
6643
1533
2669
3028
1605
6573
266
6621
4102
6919
3064
5632
3024
1401
5778
3925
3896
1513
1098
2240
6352
3041
1911
2933
6674
5952
263
5872
5846
1516
3885
5724
5701
4721
6617
181
6592
3100
2692
4408
2680
5207
6526
1971
927
1251
4432
6400
6498
1806
6477
3526
3477
77
5033
3218
2411
4998
2383
4904
6397
2003
4415
1511
460
5983
4285
3438
4287
1334
6803
1319
6320
36
2259
2274
30
6800
3216
6205
6315
5834
3763
6637
6588
6595
1860
6223
6639
6253
1881
1879
3471
1578
6634
3062
6030
3449
6036
5907
3754
3446
6105
6622
6627
3608
6147
3147
6488
6300
6611
6154
6159
6632
1100
3899
108
1252
3007
5213
6916
6913
6911
5248
2093
5256
5257
4329
4325
874
2758
5389
1331
5496
6906
834
96
6940
4780
2248
4824
1065
1064
2177
4826
2171
5114
4899
7044
2380
4568
5023
5063
2474
971
5092
4587
194
5196
4104
6654
3967
5780
257
3906
6714
2827
5585
4187
6786
794
1939
1973
5577
4181
1413
5659
215
6711
218
303
6701
6251
6261
4654
6254
3488
6247
5524
6231
4917
4929
1172
5727
4007
1434
4991
761
4486
3504
1681
4671
4675
3474
6341
4733
1077
1715
707
6316
4821
4709
6305
6304
4823
3923
1062
3443
504
1487
1136
3961
1702
4677
1043
5035
4894
743
5036
6177
4478
6040
5954
4200
3732
894
5275
1283
5283
3734
3735
1286
1288
624
4350
4324
873
1385
5494
1376
5498
3757
4276
828
1548
4479
660
6049
4787
5070
5074
3521
1657
4267
5077
4474
3567
5679
3602
4444
4111
5115
6148
948
5879
5663
5136
1241
937
5154
1255
6043
3431
550
2412
2762
6470
2986
3212
6445
1784
2102
314
6937
2777
1915
2779
3268
437
3290
6404
6941
3171
6483
2553
3082
374
2711
140
2735
6546
2016
2632
2750
6527
152
2256
3025
1818
6867
6630
2247
2877
2104
3208
7161
75
3401
255
2847
6797
3417
3393
3385
217
3340
7057
2359
6748
204
1936
2444
6945
195
6801
5941
1167
3825
3844
4172
6590
1960
1874
1969
5653
4841
6798
1307
6584
687
1063
5850
4400
1875
6609
3772
7047
6904
35
5930
2372
1867
5622
4950
2333
2379
5914
1957
902
6600
5910
6874
4828
4177
904
1972
2806
872
3935
2773
5768
6725
4305
4107
1330
6823
5523
2804
1430
836
3986
6700
2875
4000
185
188
192
1438
275
5430
5417
4678
5415
2002
4272
5839
5836
4653
6638
2172
6648
5382
5385
6631
4911
3902
3001
4860
5790
714
298
3924
5987
2772
2981
3901
4989
3771
1849
1083
5117
6207
3215
1236
1791
2244
3204
3755
1653
1238
1798
3545
2483
6933
945
4818
1198
6929
2246
573
1807
6500
3490
5100
3269
5097
479
2428
3434
2241
1731
6318
1093
1736
4776
4487
2242
7139
6288
3459
6284
6282
6401
1692
447
5081
1689
5013
3478
6255
2471
5148
1654
2823
3669
2633
6041
6564
4409
2394
4555
3738
918
3084
2317
6917
3733
1258
6034
6532
3138
117
935
3752
1074
111
6091
6087
5156
2693
6922
3651
6525
5528
210
2410
5214
5042
4475
85
6805
2032
5578
6944
4219
2698
2458
4403
4260
1383
6794
1381
4903
2439
1378
5223
4564
2373
2723
906
4480
4484
2390
4413
1210
4489
2145
2668
2752
4465
1235
5177
4637
4631
5126
1195
1022
2745
5135
2770
5337
2761
2540
6839
6841
5372
6854
2008
4323
1244
2573
1232
7056
4308
2101
2103
7045
184
1257
4463
5099
6864
6809
2021
4294
4922
6812
1337
2133
5466
5464
2017
6824
4448
4302
5197
5119
6808
3957
237
1857
6585
6581
1565
3750
3748
3051
1755
6019
7106
6029
6031
1589
2184
3731
3102
3739
3730
32
2176
3813
3029
3030
5916
6603
5917
3397
6593
3804
5927
5928
4656
3802
3801
3800
5949
5926
2302
6395
3314
7143
3541
6169
4815
6204
6441
3512
565
443
6216
442
3235
3254
1776
3266
6414
6215
6473
3566
1801
6042
1826
3132
2300
3668
9
6264
7122
3650
446
2243
6258
6139
6141
6499
1628
3586
435
6614
6612
464
4100
4080
274
7084
1436
2878
2888
270
1042
3976
3974
3968
2354
6326
7087
6675
3978
1935
6718
4105
4193
5630
4185
476
788
1950
4176
5647
2848
3421
256
6732
4155
5666
46
262
1096
3026
3959
1912
5756
704
5807
4687
6640
5835
316
692
1470
5842
1517
6628
5861
6364
1872
5876
3840
5855
706
4686
4685
2415
3955
1910
3952
3946
2938
1717
302
531
725
1901
2964
2982
5781
4804
4871
4735
2239
4490
2231
4756
4576
4723
4659
2358
2151
4652
1146
2168
2170
2336
2150
4577
4729
4704
4561
2331
2400
4517
1128
2276
1196
