6771
4399
2031
3012
2299
5486
6777
235
6779
2293
3681
3695
4663
2290
4781
4397
4790
4564
3912
5738
2297
2962
2292
783
1828
2298
6776
6773
4788
4799
1824
2515
968
6842
232
3850
3855
3856
4669
1497
6199
1829
1823
4661
2038
7057
2961
2513
1262
1822
2296
3858
5099
7145
4392
3687
6198
753
5055
5262
2965
1796
6846
3971
4660
1826
5271
6820
6775
1492
967
4391
4797
3914
2897
6841
4667
3919
2912
1041
3854
4566
1821
1268
1825
3571
2239
6772
4356
4040
4998
4794
4782
5301
6021
6097
1494
1024
4157
3911
6778
5689
1228
4037
4798
5657
1261
6292
6425
1147
3010
1890
1266
3851
1652
3671
3358
4791
4662
1495
5166
2656
962
963
4997
2295
5316
978
2291
0
2744
1721
6726
4560
965
2735
3268
4787
2960
1220
5481
5050
4665
618
4668
3016
5957
5740
2294
841
1436
6092
4890
4038
6191
2032
3910
3915
6546
4030
6110
2256
6128
4664
1493
6848
5780
6339
6424
4031
1688
230
3853
6190
1820
4975
800
5920
319
6096
1227
5158
120
2966
5005
5705
6904
6898
2903
4796
1224
5822
1229
984
77
6099
510
1659
238
6275
4786
5708
5975
3693
4991
7039
2542
6774
6422
6277
960
4396
3466
126
5704
3917
2876
1194
124
5731
3921
3698
3978
3841
2121
742
2872
617
4666
6843
2036
1047
1545
2689
1893
6123
6922
4366
4368
698
96
4412
2303
3935
2789
6279
5959
293
1439
2424
3941
5265
333
3615
6028
1109
3691
6274
2278
1428
1430
1269
2361
6584
143
3677
2874
5326
4957
5227
3849
6276
857
6272
7093
3418
3423
6770
2681
2172
4032
5287
2577
6363
845
2649
6916
5079
4561
4547
5759
2963
4994
5080
1264
2719
104
3338
1953
4544
239
4545
6738
3018
3108
1422
4195
5054
6165
4197
2666
2126
6366
1384
4977
1267
6192
4098
121
2997
3918
129
1433
1599
1504
5751
5756
4878
5315
5664
6273
6204
6115
6577
5337
4783
961
959
3933
4548
5699
3940
4546
5160
4394
5700
6392
3482
2006
2480
6420
2003
6267
969
4625
3234
6941
5104
3682
5174
5707
5280
5846
2259
2176
773
975
6589
4074
844
5286
4082
4966
5282
4963
854
423
5739
1457
5092
1263
4993
964
5056
5474
4999
5490
1184
5003
758
5760
4682
4712
2313
755
750
1293
5277
5109
5945
4941
5263
4976
1431
5665
4181
502
4295
4990
6091
6090
1338
1331
1023
4390
5164
814
4398
5395
5285
4026
7054
2207
7070
2214
2478
1729
1714
1687
6623
2238
3688
3697
2263
3755
349
1807
7133
3309
3260
2093
2759
6938
6930
6928
2685
6919
6903
2973
2646
2991
3021
3028
6831
2555
1827
1575
6741
410
3963
2309
3945
3949
1717
141
6452
1697
145
6979
3454
5697
6451
5489
4835
2463
5769
2318
1691
6458
301
1317
6926
1319
133
4346
2237
3607
543
3411
3972
5381
4680
778
1896
6839
5800
7036
1470
7038
4140
4721
2990
5844
846
2945
5712
2714
1544
1245
1806
7053
6427
4080
2933
3363
3401
2213
309
982
3916
6261
2376
5607
4971
1401
3774
5595
6333
5592
5329
4164
115
6113
3778
5008
5007
2747
2745
2732
4995
6352
2715
4136
7147
2107
740
7119
501
5594
6936
6111
4968
6100
816
2039
5634
6262
813
6929
2737
2653
5747
1963
2994
1947
1156
3977
4872
7162
5495
4996
4901
4676
6965
6865
3044
5500
5758
694
2613
6351
5656
5006
2639
5479
4949
2969
1158
6894
6901
4785
991
1045
2030
1040
5693
2026
4969
5606
1097
2884
4972
6920
5041
5596
4795
4838
5488
5676
848
756
6909
2827
5572
171
123
757
4792
6910
2710
6983
2814
5586
600
5511
3049
4351
4094
2351
303
5382
5986
4149
5955
1680
4393
2474
6661
1728
5930
4401
4402
3459
2223
4090
477
4334
884
4180
4099
494
6558
4261
824
6112
3685
5196
322
4168
818
3676
2357
5376
6094
42
1674
307
1393
949
4436
5907
2317
1593
1223
1222
224
4605
4607
1432
3196
1225
5445
1437
5068
5065
5785
974
7035
6218
3901
5460
7144
4485
966
6799
6706
6429
7127
5891
2514
3329
1240
3312
8
4571
6421
1814
5850
6407
5847
3265
6234
3826
3763
5009
2350
5239
2301
927
2325
2564
976
2638
2314
2186
2308
2528
2660
2519
2668
2277
2505
2559
2461
5113
923
2117
2439
2708
5046
901
900
5094
2302
4689
5000
1378
4262
4292
3680
4296
3622
1671
4297
4303
4314
3699
3609
4350
1321
1681
3579
3574
3539
1716
4405
4411
3452
4339
3758
4179
1408
3997
3974
1520
3956
4039
4066
3942
3925
3907
1454
4147
3859
1577
1594
3829
3811
3789
3784
3782
4155
3776
4161
4166
4475
1754
1765
1767
1145
1144
4771
2940
2917
2005
2888
2877
4836
1098
2873
4840
1087
4904
4924
4960
4967
4974
2798
2767
4987
2749
2094
1936
5001
4710
3022
3369
4505
4509
1255
3325
3303
3264
3262
1205
3225
4636
3191
3133
3132
1898
1899
3101
3100
3061
1180
3047
3046
4677
4685
1491
2311
269
6382
6376
5593
802
6278
182
6243
6902
5384
6164
6923
128
6934
810
812
5652
6937
6069
6043
5394
6397
6423
6857
6693
5463
6724
314
316
6568
6543
264
262
5956
6742
6520
6513
247
234
6476
216
732
210
6461
6528
6949
6152
5950
5701
5289
7122
5292
30
5681
5743
5746
5666
5771
7060
5782
65
5820
5882
596
5949
5917
692
6960
4731
1330
4400
639
3791
635
4329
6469
1571
3878
4683
553
1295
3913
6532
5732
6102
4738
1712
3565
5953
3570
6645
6637
1692
5922
3616
5722
5729
6595
4376
1654
5990
533
3670
6456
3927
3930
472
1429
4150
4151
1339
6168
562
1274
1719
6127
1388
1386
4227
4245
1373
4532
1438
4132
5877
5805
3932
4632
5810
3944
5951
6373
4473
6354
592
4068
