6783
3023
2632
6935
4606
4262
6678
1178
1285
1657
3048
6784
4219
4265
118
4601
1281
6219
3109
4267
3102
1283
1289
3504
6942
242
2635
6038
5520
3042
2663
4263
5654
6210
1470
6946
3004
3022
2573
2638
4297
4268
606
4200
4264
4261
4460
6695
6910
5529
2815
4273
136
4104
3253
259
6122
6926
5781
5062
446
3024
4269
3091
7028
4109
6936
6914
6723
5121
6912
4260
1284
1288
5335
4279
5244
6034
1216
3255
6479
116
3286
2330
6008
3816
6001
4455
3753
6729
5476
5802
5805
6782
6539
3252
4082
6965
1655
2919
2956
6990
6780
2669
6932
6930
3251
2665
3040
587
4616
1170
1707
4603
4107
2634
5414
2346
2579
3577
6477
928
264
269
6447
948
6724
2983
448
241
4161
2570
4321
2405
6417
3751
0
6518
3583
5313
4951
1420
7061
1422
1425
6803
1596
1433
6941
7020
6920
6940
6916
6911
664
2633
2783
2788
6900
5622
6287
1944
5621
1393
2636
34
3028
3557
2
3667
3692
8
3764
1531
4932
327
4012
3267
1431
1421
3069
3045
767
3983
4469
5490
2000
6789
6534
5493
2310
5434
5673
6801
1436
4647
3254
2676
4464
4674
6215
440
4034
5637
5251
6945
2774
6546
4105
254
6675
3046
4174
6672
3041
4163
2930
2325
1391
6797
5823
5104
6785
6923
1191
5899
673
6523
1795
2510
6527
365
1460
1701
5579
1280
6531
5272
7162
5106
4467
6580
600
1402
1072
5852
5850
6847
2323
3608
4468
5499
3628
1438
3098
1437
968
966
4356
733
2267
609
1477
1475
5801
1428
5980
3398
4015
943
3173
7086
3502
5253
474
5037
1430
5314
6214
5557
627
6317
2677
444
2670
5426
4547
2667
71
754
2068
5397
2058
6402
6924
1937
2661
2639
6921
6459
6532
2396
2631
2332
6302
2695
245
2972
5668
2947
2944
6506
5667
6968
4167
1654
110
5657
2348
5430
2388
6947
4272
6952
2050
5317
2820
2399
5809
5816
5818
5620
5429
4392
5578
5420
5627
3659
5085
3602
384
768
5762
3758
5293
4840
4155
5696
5704
5030
5708
5492
4465
4100
4294
4598
443
4671
4434
4608
3868
3859
5769
3784
3782
389
388
4407
4014
5292
6213
6931
6384
2666
6326
1854
1793
6908
6299
1360
1704
1101
2943
1671
1068
6165
1066
6934
3068
6883
6478
2143
6495
2199
2196
2269
2301
2193
6787
6674
6792
6949
2390
6806
2434
2438
2455
2146
6843
6501
6498
6530
3072
2206
6961
7050
6003
6007
1574
1423
961
6009
1408
3319
1548
5983
1542
5881
3512
3433
6033
1474
3520
1604
3213
6006
6037
2180
1424
5038
2173
2081
5079
562
1551
1472
1457
2141
5117
4462
1533
1571
1973
1653
1658
4772
1665
1611
4673
4844
1595
1287
4643
1675
4609
1692
1700
1593
1740
1590
1406
1744
677
1867
678
4838
1333
1331
1983
3568
2464
2257
3318
3288
4019
3180
826
1026
3878
4083
1034
4106
3066
4131
3059
3027
3105
806
3370
3825
3559
920
921
3651
922
926
3853
3529
3436
3392
3388
963
3780
3371
929
3000
2955
2915
1193
2539
2537
4271
2488
907
1190
1215
4295
2349
741
2315
2266
1465
750
2590
1185
2637
2895
2865
4175
4187
2818
2816
4201
4224
2758
2740
2694
2686
2678
2671
2662
727
5164
4351
5179
394
5785
6904
6905
5996
6068
5523
176
5525
6922
6307
6933
6955
246
6079
5744
536
5516
6974
6901
477
6511
5445
5448
6055
5465
6761
6059
6779
5400
6014
215
111
5495
5374
6396
6868
6062
6895
6301
6918
5236
6112
5803
5848
6129
5192
447
6248
5626
431
7164
5819
260
6221
6120
5655
457
6090
4438
723
5471
2660
6451
6415
4136
6452
6123
6413
2822
1195
1188
6526
2423
4543
6043
2435
4540
4537
6162
6520
4011
1209
4013
4160
5812
6458
2587
2442
6403
6217
6397
4299
3100
1046
6304
4088
243
769
5629
4287
4281
248
4277
5743
2893
762
6290
3092
6113
4302
442
4203
4206
3053
1118
436
1024
5652
739
6350
6063
4249
4078
441
6103
6065
2679
4238
3257
2344
4557
1592
4987
1594
7010
3516
1597
4953
387
3776
4908
4907
3443
1669
6927
1702
5960
3981
1708
1709
4819
865
5002
3521
5029
3757
5187
3600
5208
5099
7146
3665
5804
7137
3682
7130
1784
1434
3573
1544
5064
5061
1550
3550
1570
1411
7027
588
886
5786
3401
4689
6776
2208
1279
2234
985
6707
669
6705
657
672
2341
2343
3029
503
6031
6543
3961
3968
3952
3314
508
3038
5774
969
3379
856
6867
1982
2066
5368
1970
1980
3363
996
5838
3049
1000
3615
949
5999
6028
313
3366
6005
553
6012
310
3215
3250
5880
3312
3561
299
5889
1040
5875
946
3311
3551
3556
3391
964
6405
6161
6939
6929
6919
1706
6917
1791
1355
1861
6903
51
1890
6865
6861
117
2148
2168
2171
122
2182
2192
1892
1295
1652
1647
6
7
1503
1527
1540
7139
7131
1432
7112
1649
7111
1552
1553
1557
1562
7029
7023
7021
6995
6969
7078
6157
130
2249
1147
2683
6312
2705
1134
2781
2784
249
6283
1148
261
2946
2952
2959
278
3002
3005
3007
3015
6176
2928
6772
2673
6368
6708
2304
2331
2345
6554
2391
2394
2398
178
1156
2428
2483
2500
2508
1199
6456
2600
2602
2604
1177
6516
3638
1464
4745
4490
4128
4309
850
4130
5233
852
3861
5556
5765
4845
635
5424
5559
567
4577
4578
679
5792
5089
5080
869
538
5439
5238
5057
4075
823
4430
4450
5034
486
5749
4102
5760
836
4361
4941
4697
5456
5060
4820
4336
5745
5334
4989
4570
5225
3756
5656
764
668
4236
4207
4905
5613
671
559
674
4641
3691
3754
4957
5416
383
5411
5273
4648
4646
376
5623
5577
5665
4278
4274
3769
512
776
4986
450
1111
5618
4414
458
4813
1105
6414
2911
728
2897
