6792
3250
6175
6791
6171
5417
2775
6790
6524
6284
2773
3219
5418
3214
5246
6793
6288
3742
3210
6281
6529
6173
6176
6811
3257
3061
3202
6797
6282
3255
3217
7144
2565
6391
5414
3512
2776
2779
6671
2777
2668
3200
3206
4747
3513
6286
6798
4748
6696
3208
7140
3254
5419
3205
6794
6174
2540
2770
3589
4270
3207
3195
3209
5424
266
2568
2772
4571
3204
3062
1847
3233
6393
3749
3218
7094
3517
4213
3203
3746
3201
6285
116
3743
3069
1879
731
1837
3564
6694
6697
2669
5225
2045
2173
5416
6179
4174
2526
6690
6299
2541
2562
3194
2774
6723
4210
3741
3739
3243
1677
2813
5915
4819
3072
1455
1830
3213
6795
2883
7143
1832
6300
3556
6534
3231
4550
6283
4404
4742
711
3747
6287
4402
3215
4745
7086
3216
3232
2665
5675
4112
5411
5729
1614
1606
4175
1739
2170
5047
5034
110
2552
2041
4222
3060
117
1875
5851
3007
3308
1839
1836
5212
3567
6397
6528
5217
3258
6523
6755
985
5702
3650
6441
3350
2145
3234
7158
4403
4051
436
5561
3748
119
6304
1208
6003
6170
3737
3193
1612
7001
3730
5126
2663
4357
51
380
2662
5493
512
5385
5538
284
7168
6759
559
3686
1939
6679
4570
2001
6699
5636
2040
3733
2345
3740
3587
3065
298
1142
2860
4329
1616
1618
4810
1052
1054
4829
1092
6004
6448
6178
1386
1833
6208
3253
7047
6224
1632
3064
6200
5673
1630
1576
3731
4656
3734
5567
4405
338
4438
6886
6177
6048
1241
6172
6167
2199
1436
5119
3735
2232
6053
1730
847
3491
4685
4687
3514
924
3542
931
1831
3573
1809
5878
723
958
5954
1915
6676
6678
4813
5781
2704
2017
660
5368
2028
3303
4557
6432
5912
6477
892
4170
4340
277
4116
4058
4185
288
234
7106
285
6525
2172
929
2171
5564
3381
4734
5852
879
878
4738
5244
6486
1841
5930
4031
6340
2705
2703
3252
6496
6396
6399
6421
1072
1061
62
877
3999
6559
4353
3762
6796
6783
547
3676
3670
3669
2471
3651
626
2399
677
4568
683
34
5668
2002
4576
5758
3588
280
726
4177
3580
2546
5672
2550
1967
4626
4673
3196
3738
1216
6799
5041
5608
142
1456
4988
4416
5175
113
6951
3066
4228
3031
4941
118
111
1573
6105
1638
2758
5093
4401
6157
1713
5089
6185
2784
4893
4895
5117
304
6187
4900
1635
2988
2855
6666
5033
1734
3583
3581
2837
2544
6007
4598
1633
6195
6640
2553
114
1978
673
5752
2419
5463
541
1548
6774
6762
1501
6760
3665
3663
5412
3659
6057
5406
2485
3653
5058
6045
4537
2503
7010
5053
6693
6692
7011
6032
2513
6152
2558
4686
4623
6258
7002
4817
5240
4822
4827
3991
1060
3126
1062
6271
4848
69
4775
4928
4341
6290
2761
5202
4324
4323
5223
6320
5926
5935
1229
4279
1735
6398
4945
4947
4771
4217
1933
2611
4671
4674
1722
6560
6215
873
4980
3076
6557
6556
885
2811
6551
2810
4737
1335
925
928
1334
5988
1322
3985
54
6247
961
6513
789
4788
915
3720
5563
4500
4179
3866
5643
5680
6864
2346
5635
387
5609
4173
6872
6893
4407
2154
316
3729
2184
360
287
5498
6853
2599
3471
6968
6246
2520
1156
7139
2514
6207
5124
6842
2013
4762
4388
4162
203
5530
1798
7082
3812
875
1835
4362
5490
2696
7008
3321
4561
2506
7044
5487
2797
5838
2022
3736
4812
2881
3267
6955
4949
1821
3572
1406
6253
1976
4212
5793
5791
1609
749
291
283
6255
4609
6434
782
457
1185
4826
1819
1820
2713
2547
3576
6953
4818
3493
6425
2043
824
718
5941
1067
800
5013
5236
3960
5132
3744
467
3808
465
1946
1849
281
2046
2500
1223
2349
916
5110
6493
4352
5684
205
2816
6754
1649
5079
1496
6536
7093
3251
6745
3664
2815
5430
2406
4351
6882
4741
567
934
935
5497
5994
1330
1692
3071
922
3790
3675
6076
5914
2919
4902
7
5996
2348
3380
6394
6727
2055
1525
4731
956
2658
4378
3230
6515
620
2177
3712
6091
4927
7029
6734
2051
6279
4278
1527
4419
2926
6714
2179
2817
1533
2677
3658
2666
6444
4744
4823
6436
7122
5862
4637
5861
55
3300
2564
3361
2176
3873
5534
2174
1621
6526
2569
7039
6527
969
1042
4223
3068
3515
6333
4811
3800
4981
7061
5283
204
899
1250
4793
1834
6000
4478
894
4789
4054
6217
1363
6967
46
4784
4783
5269
3516
4951
5305
6447
451
5335
4639
3510
3030
4415
4821
1826
1871
4501
4448
4655
1636
2660
5599
5818
129
4219
1378
4985
4121
6553
780
2771
5375
2049
3813
254
2778
3652
6392
7046
6739
3657
6817
4226
6751
2071
6385
4853
1716
2888
2044
6106
3263
5679
6050
3127
5372
5681
6698
5888
5229
6400
7097
4554
6110
1800
1103
2702
3811
6083
305
581
1516
1781
2890
4509
3235
6070
1780
259
2103
1267
6280
139
3226
6350
4858
2415
6358
6404
4903
1694
5211
3673
3674
7081
5420
6765
5083
3239
5720
6768
6769
6067
5087
2707
510
556
1717
5580
742
6675
4342
36
6422
4832
4211
6668
7020
3159
6029
3577
5133
3116
3266
2738
3907
4067
4836
719
720
721
2786
37
1679
4345
2989
1715
3597
484
312
3555
3964
32
4346
676
1572
3192
121
3552
5046
1805
690
5122
6987
2265
3805
693
4943
4102
1675
968
2368
6337
4942
6438
2231
3237
4834
6429
4772
1263
5906
6500
5566
4828
5898
3265
3305
1065
4838
5241
6958
3810
6480
3998
4785
5966
408
5179
4846
2781
6952
6459
201
3137
1108
3096
5173
5889
70
1815
4325
1274
7083
4938
1680
5227
5910
5981
6488
5516
1811
6424
3816
3798
4824
5621
2180
678
6129
310
6691
6119
4261
6837
2026
7078
308
4559
5063
6059
6704
2494
6062
1552
4552
2284
482
