6792
6791
3219
6175
3208
3742
6391
2773
3250
6171
3214
6284
3206
2777
2776
3210
6797
6286
3201
6176
6288
6173
6798
3207
3209
3202
6790
6393
5418
6282
6529
3200
6524
3513
2775
3205
3203
6281
3218
2770
5417
3204
3257
2779
3217
6398
3254
6671
3255
4748
4747
1837
3062
6696
3196
3216
6811
4213
6794
5915
2668
3213
2568
2772
6697
4570
1879
1830
5912
2774
7143
1455
6795
1839
2540
1052
1875
6793
1833
1456
7008
7144
6394
2565
6300
4745
6004
5567
1832
660
1836
5743
7140
3589
3253
6399
3232
6699
4742
5424
1185
5225
4179
4174
2541
7001
5419
4931
6280
6170
2704
6174
6397
1871
3051
3512
6304
3741
6179
5430
5246
4938
1616
5416
4175
3065
1142
266
4402
3064
5414
3215
2665
3743
3816
1835
3746
6817
1715
6415
6048
36
6676
5305
4478
3187
4211
1612
1220
6329
5563
5903
6457
5252
3517
2709
4438
932
1805
3663
2199
3258
1834
2669
3265
4329
5261
1897
6340
1739
5286
4939
4762
5791
4731
5282
2705
4576
6287
7065
7086
6691
5729
1808
4829
2407
5465
5914
4112
1689
6459
3195
5041
6861
3231
2597
3233
3180
2167
3031
2599
2919
4404
3960
1838
6372
4407
5000
4340
2562
6528
508
1181
6690
3303
6299
7122
4323
6560
3186
5212
1548
6678
5781
2465
1104
32
287
1103
5702
666
3030
3567
5289
3583
5524
3739
3737
2419
1391
2930
6820
6045
4170
5412
3731
3730
6000
3735
2778
1538
1896
3749
6221
35
1719
2622
5568
2500
6694
1227
731
3587
4550
4460
7168
4999
4997
1713
3069
4810
603
3035
1237
1338
2400
2567
4356
5675
7139
147
349
6208
5906
2173
3733
6178
3182
1718
4352
3170
3738
4993
2348
4990
4933
3747
4435
5536
6679
2700
1184
3060
7078
5244
1216
4270
465
6783
4741
1908
244
284
2007
1868
1882
5281
4226
3729
5280
1951
1831
4058
3665
832
3811
3876
6258
4294
5939
3866
3864
5664
649
985
1800
665
6477
1885
1677
5466
5890
5904
1107
1090
5561
5752
4341
2103
2145
3748
1572
1576
4178
1734
5245
3734
6083
3649
4348
2028
3243
3503
5364
6428
1978
5126
4219
4157
1716
5066
6215
6007
3280
4223
1809
1229
1501
3116
7005
4768
7002
119
4817
4819
4537
2411
285
4504
2877
277
6853
1436
4500
2307
2302
6693
1180
6732
4937
2771
259
6755
1208
4434
2346
1452
3212
2968
2720
2280
5036
2493
1344
1335
2702
7160
30
4687
37
5029
2491
3185
338
6513
38
3564
2951
4201
6105
4180
5411
6041
3962
1345
1974
5385
5590
4177
1219
3588
7070
5285
2547
6219
6704
4467
2552
6201
6200
6193
4941
2026
1606
3007
1797
7154
2045
7133
6759
2041
2040
157
1814
6157
5450
5532
1393
5520
1907
5523
3740
4018
4559
5852
5525
2797
2703
711
5838
3744
4760
7029
4617
4609
3762
1891
2471
1881
4132
2815
116
2398
4673
5938
2399
4115
4837
5930
930
3678
926
136
6956
5564
4826
668
4683
245
4734
5905
6995
4738
110
2304
1533
5179
2172
5192
2171
2170
4994
6269
4401
3184
5175
1518
3405
1571
3181
6279
304
5641
4378
5003
3096
6396
3252
1503
6283
1505
5173
1108
5164
2207
6237
2180
4416
2179
1183
5129
6327
3479
6236
4357
3473
6493
7010
5131
1136
3093
5008
4405
1941
3266
939
1717
6326
3099
6392
4557
3073
6987
2415
3308
4992
2412
3349
1082
4827
2265
3732
912
4415
4809
2405
1694
1710
436
442
6350
5240
4342
1893
3188
1349
1347
3194
4686
7134
2176
7137
1781
7151
5680
1336
1784
7155
2526
7158
2204
1337
1802
5637
2184
3981
7025
5728
1322
3159
723
724
2707
2706
4054
1888
1887
5135
4051
4346
4347
6417
59
4011
3234
4637
5550
1124
864
46
5565
2286
4281
2344
6067
1009
5335
6053
6270
6052
6050
4493
270
2967
1980
2891
2890
6172
6043
6042
6743
543
2913
6674
2929
4477
1053
3563
204
2018
2343
5290
5295
3573
4479
6787
1633
264
6152
5952
1213
5170
4930
3586
4185
5367
6751
6238
3650
6692
2289
1427
3514
6707
2853
4946
3661
4947
4871
6217
1257
1950
640
241
4523
5217
2049
4928
4936
3061
4267
6862
3442
6668
4217
2876
1971
1458
4934
3998
5557
4229
4220
1618
5034
1581
5047
5259
4207
5639
4642
4950
1054
4222
3879
1775
5065
3902
4658
1614
1457
4956
5566
5622
1356
5221
4228
1605
1609
4525
5538
5117
1692
1406
5389
4818
1166
4328
914
5415
1435
4986
5124
1395
4271
5484
4875
4874
4139
4873
4534
4531
5132
5137
5140
4130
4417
4535
4074
5495
4996
875
1369
4626
4015
877
1515
4433
4031
5028
4382
1639
4927
4430
4423
5021
1134
5529
1233
5334
5527
4567
4905
5362
5004
4419
1648
5516
4012
2546
5913
6323
6008
278
280
289
6662
1972
6038
6654
1975
3641
3074
3090
3605
3115
6087
3580
6091
268
2013
3037
5945
6815
175
2345
687
3736
5907
2957
2972
2321
3033
3692
2309
2305
6695
1939
3380
3669
3666
2368
3154
574
2150
3498
6402
2091
6272
6348
3305
3407
3321
6276
6330
6285
3404
2100
3377
467
466
3251
3177
3506
6434
3565
2022
3179
3183
3556
6536
559
6525
6161
2043
2177
547
3230
2046
2048
3519
6202
6224
2881
6685
2860
5785
7093
2402
105
5684
2662
2663
2489
6968
7076
5758
2827
7071
6996
120
3807
82
2418
111
7018
100
1849
5742
5725
7004
5853
3798
45
3812
2836
1819
2504
7150
5851
726
800
7153
806
5655
7131
2592
7
3818
7046
3350
2754
5058
4579
3833
7094
6598
7020
1334
4279
5133
2234
5026
2429
6614
3136
103
2569
360
5062
5087
4656
6385
4345
6413
6414
5099
3263
4655
3239
3284
1101
2133
5067
6427
6358
5119
4639
4671
4631
1106
55
6450
2690
6333
2185
1078
3133
