1172
6804
1179
6806
6809
1173
6931
3319
6800
6789
2636
4103
6801
4815
5436
6805
2633
1170
1706
3521
6914
1174
6949
217
3101
4263
4106
1705
4073
6919
218
6803
4109
2116
2564
6787
6945
6808
6802
4530
7157
2638
5431
5657
3084
6922
3042
6905
5653
2069
5456
6929
5655
5577
6906
6965
6129
5654
3088
5825
6301
7154
5829
6564
6038
4225
4607
1178
3772
2637
4266
1479
3524
442
6926
4100
3306
4058
5650
6908
2803
4475
5453
5161
2444
1657
2559
6948
2448
1176
5658
2063
5321
5402
1707
2081
6904
2635
4989
3217
6573
5195
6503
4441
6925
6939
6749
2815
6030
4583
4588
4107
4108
1388
5445
4261
1627
2802
2804
4577
517
2110
1700
6730
6594
3100
6672
5652
6944
2795
5048
3086
1933
6937
1135
1175
4862
1704
2449
837
5115
3582
4422
6563
1289
2439
1765
3041
2698
7158
3758
2164
3527
3340
572
6961
1328
3525
1187
6957
1450
6679
202
1285
6910
5434
2639
2631
5448
3312
6394
1653
6284
5450
6786
2317
1281
6807
3404
3771
3407
5556
2413
5225
3045
3754
763
4533
6911
194
3580
2895
5976
3529
35
4183
6036
3528
6915
5984
5019
4455
6954
3779
2446
5854
4412
7164
6916
5659
2045
2850
1774
2933
3050
3520
5607
5983
3526
6568
2549
6293
2521
3048
5042
1628
7012
5539
2325
2796
7117
1701
1702
5828
1650
5856
6295
6764
5979
4105
314
2082
2344
6835
5762
6934
3775
4300
2060
2632
386
3109
892
1337
152
1871
6927
3833
2302
5014
4267
1742
5827
225
2307
937
3516
3417
3649
6675
5526
3102
6581
2684
862
391
5443
778
2308
6902
6676
2936
4307
2040
3232
5824
3412
1647
916
4212
2634
5948
7159
3932
5437
3473
3498
3333
3318
2369
2931
1183
5075
4184
3089
2488
6313
2215
2934
1939
1518
7116
4270
5989
2483
2305
3001
6034
6940
3545
3008
6942
445
3282
4555
2560
570
3408
3409
2085
251
5034
246
6178
764
2115
6947
3755
4101
2806
6832
4104
3587
432
5987
5985
3557
2067
854
5711
1329
2556
4374
6562
4071
1287
6935
3640
2112
6566
5460
4986
4417
6920
2693
1327
1548
6587
6544
3210
5159
3838
1470
3313
5087
6527
514
3308
3759
1283
515
516
518
3155
440
602
3157
4852
1288
3776
3751
6426
5895
6572
1371
5413
1474
2300
2301
3212
5899
5579
3043
4539
6963
6853
4448
3022
6033
6003
258
4558
4053
2410
804
3082
2878
128
4410
6960
2089
6936
2443
3029
1772
5679
4059
1761
1759
6122
211
3577
4477
6053
6678
6141
4537
2074
4077
4580
2154
4375
5841
4268
4004
5842
2616
659
6732
3980
651
2003
5440
2630
6692
2152
2486
6748
1876
6758
2064
4176
4290
4293
4301
4582
4303
3643
1931
5944
5930
2452
3256
2447
860
5982
3413
3513
3769
5142
2456
6041
844
6001
5435
2440
1282
1134
6223
5465
3352
3744
5263
2613
2393
597
1253
6310
1177
1240
653
5444
6348
5439
6302
5523
3288
3402
1044
6121
2561
6140
5192
5206
2667
2563
3753
5572
6176
6181
3276
576
3752
731
5545
6203
3588
6077
6538
1994
2791
2788
3064
6907
3770
2908
4531
1752
3878
1635
6980
4860
4642
1639
4264
4870
6747
4416
4750
6913
4899
1760
1525
6831
4846
227
4757
4734
4758
6847
4552
375
6686
1559
2772
2939
444
4305
265
4830
2210
1736
4538
6898
4659
1623
362
2070
6716
3040
6856
4473
5006
1766
6928
5010
6
1787
6932
6933
5017
2000
6938
6943
6796
4216
5037
147
2801
7065
7018
7019
6575
4102
4581
4963
7003
1472
3196
2086
4939
6609
4632
7013
4975
3844
3176
1654
1656
449
6921
4450
192
6998
4585
4589
2411
5548
3635
252
288
1709
4414
1708
5528
270
721
7016
7000
1131
4574
5763
6138
5699
5603
6118
2866
2553
4449
6040
4066
2851
4509
180
1029
6923
6046
2856
5674
4496
2543
4488
2542
2451
2540
6037
2842
1757
3016
6862
4543
5570
3047
5571
2829
5575
2566
6148
4541
2573
6145
2078
5580
1741
760
761
6031
6032
4443
6128
3575
4057
2385
1480
6050
1514
2220
2343
32
36
2485
5383
5001
1226
1513
6788
4304
4843
5429
405
3898
3474
5433
3907
3221
2935
2194
6398
2023
5207
6451
4260
5223
7155
3518
3870
2232
446
3695
6628
5162
3290
6636
3151
4865
3146
893
1506
4265
3871
3840
5872
2049
6308
2690
6304
4631
334
6297
7075
2145
4025
6290
1171
858
4029
4214
4213
2065
5894
6263
5455
1383
5104
6311
633
4978
5820
4118
3933
4752
867
6349
2778
5015
377
6703
6336
3830
2626
4716
5030
4690
3648
5119
5039
955
4002
1999
5685
5880
1862
1979
1860
4393
2068
5802
5768
3522
4359
954
5761
4329
5716
4423
5710
4311
4310
5694
4280
1944
4446
934
4187
4209
4180
3781
1803
2214
1532
2212
3655
2362
5396
4844
2207
3676
3900
4765
1199
1198
4746
3967
3647
4648
1629
4780
1259
5285
4859
1395
3765
1355
5043
5117
3831
1338
1430
1431
1437
4999
1458
2309
3843
4961
2236
4942
4876
4867
1632
1814
1644
1166
5559
5576
4535
2418
4534
4532
1067
2428
2119
2430
3556
1771
5640
5641
4070
1028
4075
4503
2431
5553
4549
2128
4028
5452
4603
4602
5457
2380
2139
1676
5474
3637
5485
5515
5519
5520
5521
4578
1696
1703
5535
1658
4573
2457
6696
2612
7141
2568
639
3044
2874
782
3307
2548
3430
6985
5993
110
6120
6569
53
3113
5986
735
320
6968
6623
6903
2567
7139
2812
235
6900
7015
6125
7004
3311
6127
6621
6827
6620
3119
603
2617
2903
7131
6588
7067
6147
2932
2733
836
803
3023
2661
6355
6909
2987
6741
7114
215
2596
2550
6536
2551
6684
3281
3386
3244
6930
6525
60
904
2916
3242
6840
3475
7166
5943
560
2546
3478
730
3154
573
