6805
6809
6804
6800
6808
6801
6802
6803
6387
3407
6906
4128
1172
4266
2803
6293
6699
6176
3402
7
3405
1187
6212
1871
1348
4286
5841
5833
2435
3909
6679
2801
2677
5655
5596
5930
6062
1173
3960
2431
2806
5436
6471
225
2122
3144
3526
2883
6807
6223
1549
6211
2317
5997
1706
2804
2916
3601
5659
35
1430
592
5475
3404
3403
836
3062
2852
227
1825
4263
6564
3216
3380
1328
2066
6572
5835
6563
6499
3212
7077
1179
6400
3219
6836
6295
3026
3699
3238
6372
1765
2434
2390
2438
2849
39
4138
4268
2862
4288
4292
4391
3758
6937
5207
2525
1536
692
5440
6931
4409
1627
6394
2678
1680
2807
604
2452
3788
4261
6573
5590
2428
3183
6621
2069
4048
194
2430
1507
3045
5259
2637
1705
1166
5287
6696
1567
6068
2242
1177
1559
359
4757
803
6239
6291
3513
1437
4642
3408
4576
854
2636
5884
4445
941
1874
1961
6555
1767
6478
4523
5217
2335
5312
7157
2429
5349
1433
3937
6794
5042
1589
3041
2036
6483
2805
3907
148
1615
256
3306
885
4244
3270
1425
659
1560
1922
32
4466
3239
579
7028
3980
30
4293
4249
1923
5714
1337
1334
7033
4644
6728
4640
6853
4637
2004
4709
937
837
6692
6806
3842
6097
7158
3185
4290
3828
2125
3409
4103
4957
2567
712
5397
6539
2547
2915
1569
3312
2912
4045
93
6129
2115
3398
2248
1867
2802
2456
7132
1616
4282
4310
1862
6354
5117
6401
944
6525
4374
5201
3430
320
3561
6166
5897
1846
6219
118
3473
5831
4765
6662
5588
5640
6670
4225
5261
3823
844
3115
186
6691
6947
6697
3821
5263
807
4648
2393
2364
4643
4209
4646
3901
1942
7114
4547
3275
3618
2903
4441
2669
3085
2241
1653
3214
6584
2085
3463
3237
6609
1431
1787
4513
3088
6283
1552
2081
6625
3276
257
143
1872
6216
3004
1612
2982
2796
370
381
5313
6854
2866
2245
5872
2427
2343
3888
5832
5828
1657
1077
518
5661
487
5771
2392
3759
3708
1174
561
5947
2247
1916
1169
606
1165
1630
94
4009
6046
2938
2810
2911
2432
2813
6057
4185
5208
2204
2089
2666
6936
3086
6577
6790
2675
252
1568
3050
6544
4940
6542
4203
3314
1893
2755
3319
1577
1558
4797
4522
217
4647
1996
1997
6736
2616
4639
1543
1544
846
6477
3194
6667
3109
6660
3101
4574
4768
2064
4769
2065
6676
911
2853
3406
1754
1603
6998
7137
2526
2540
6273
2185
2124
4267
6280
3468
4260
2541
3348
2174
6232
2521
6349
4291
3400
2635
1618
3900
2424
5225
1619
5338
5227
1063
1613
4588
4180
3781
5246
5683
4682
1534
4762
2621
2612
2398
4707
1530
2781
5653
3786
2772
1010
5354
738
4963
2472
6916
5474
2565
1023
1017
1639
5448
5411
2561
2552
6919
4319
1458
4289
4939
935
3902
1554
2560
2574
1959
1953
5373
4570
1654
4270
2817
6929
4423
4071
6965
5204
5519
4961
4649
3580
2112
5976
6125
5970
6558
2320
3064
6540
5886
3244
3676
235
2129
6355
3232
3230
2969
6626
6869
5985
1162
3356
1161
3044
2123
3333
290
6536
6030
1242
1774
6532
1827
2926
5991
6535
1768
5830
7116
3089
3712
7159
2002
3176
6831
7165
6284
6684
3148
1967
6227
3478
5761
3779
3771
498
1864
3002
155
3211
1803
3437
1184
3001
3434
1759
4296
1592
3362
4298
4299
6403
5212
2175
4300
948
4279
324
1385
3029
5104
6392
6797
693
7012
309
4262
3369
1594
5066
3022
1383
3462
4287
1876
2527
1926
5242
1901
4308
660
2549
3218
3210
2063
2060
1306
3203
855
6949
2632
1313
6767
7152
3186
2006
835
180
3155
810
3149
1538
3146
6758
6760
822
4612
5062
1984
4475
919
1583
292
6487
2766
4998
2762
2564
2684
2117
3313
1516
6549
6967
6764
1780
3274
3273
1564
6960
2668
1782
4464
3087
6553
2523
5226
602
2448
6018
589
5443
1637
4004
3696
6011
1950
3846
2954
1164
1070
2272
5815
2264
2453
6083
3979
3973
5873
2340
3681
3639
2341
5935
2344
1055
1832
5506
1050
3923
3933
436
5578
6867
1037
2259
5878
6914
485
4156
5775
4058
3518
3503
516
373
6213
2359
5664
1436
6217
2979
6160
3474
5703
3841
7099
5807
2777
6862
2240
4098
5278
5369
5697
990
1332
4498
3753
3231
1439
7031
1295
3755
3687
2841
3880
1054
1435
4621
3844
3845
1432
3711
3196
3200
4578
3820
3182
7029
3856
3178
2867
3878
1342
3883
3884
4571
3849
4227
2932
1428
4041
1000
3528
48
3040
2955
4082
4122
3391
3395
1860
4131
7013
2980
2787
2784
1183
3420
2773
4168
3497
3456
4183
3008
3486
4032
4018
3360
1465
3084
1041
3628
4433
3912
62
1421
3919
3055
1456
3971
4243
3246
3977
3572
1497
3317
1258
4334
2936
2768
2937
3551
4318
3342
4311
1940
3772
1821
4932
6826
6285
6234
1620
363
1622
368
2211
5389
2222
6178
608
6856
6168
6928
6124
1948
6120
597
6922
5444
82
5450
2181
1609
5089
6408
300
1595
1845
6405
5178
306
5192
6381
2132
5206
6933
6351
6348
1338
664
1946
5759
5249
6317
337
1965
5456
5470
5938
1964
2400
5648
2330
5880
5875
5874
5843
1957
105
512
477
1676
1692
482
1958
2380
486
2362
5768
5597
5963
98
5591
2440
5477
2305
91
92
5485
5497
5507
1651
5511
1590
5515
5529
5532
1656
5996
5546
2420
1707
5981
432
539
5517
5075
5248
1557
6570
146
6574
4966
4743
6721
1553
1994
4749
2100
1944
2568
4763
4867
144
2596
6588
6600
6613
1786
4845
4844
1562
1790
6793
2051
6648
4796
771
6641
153
4731
794
6541
1998
4700
4684
2001
2555
6731
1771
2551
6747
806
6730
6552
1999
6511
4989
2563
800
1766
172
6727
6010
5786
5764
6748
1336
2308
6677
6675
3197
6864
