6809
6808
6805
6804
6801
6800
4266
6802
6563
6803
2803
2637
2806
1706
2801
3526
2804
2805
1172
3041
1705
4128
3528
2639
6564
4103
4263
1177
3045
6679
5436
4268
3758
5947
5655
1173
2636
3407
5976
948
4496
5652
3525
4290
5841
3144
6736
836
6387
2635
3779
1707
2807
3404
3317
3771
2122
2063
1187
2918
3270
1767
2065
937
3521
1704
3024
2634
4876
155
3845
2802
5653
6211
6807
1507
3772
6670
6166
3405
3403
3402
2428
5448
5970
4588
7013
3333
2115
1709
3022
2152
6305
2449
225
6295
6293
3524
4298
2866
6960
3520
3319
3029
1179
2843
5828
4269
1765
518
3109
4940
4304
3980
6937
561
2638
4498
6283
539
3408
3276
1639
3430
5930
1627
4495
4830
4433
3084
3062
4583
944
6626
4607
6284
2903
5017
6291
3088
1549
6288
2431
3909
5659
2452
6151
4261
2024
6129
6898
2677
6239
6176
2112
2631
7
3788
2317
3786
5657
5475
5572
5287
5192
3187
2616
3122
6672
4856
3101
4391
4866
2626
3086
5998
3937
516
4267
3973
1313
4443
2226
4260
1328
5895
6471
5440
6572
1036
1348
760
2521
6945
5369
2117
778
4286
3699
1131
859
5658
3026
1425
1926
4299
4303
1996
3020
1922
5159
1480
4300
4292
837
6794
3842
939
606
6806
5072
6936
5095
911
3776
6907
1017
3318
35
1918
1626
48
5511
3522
3478
6223
6580
1961
4757
5596
479
5450
5444
730
308
1458
306
7114
4513
1676
1161
2364
3356
2119
6906
1654
6125
6124
1166
6135
6539
4746
1503
6120
6741
3115
2678
6361
227
5261
3755
1825
3089
6730
218
1860
3754
3085
489
3676
6929
6935
6323
6699
2633
1847
2051
3615
5826
2852
1768
3181
4844
4986
2537
803
1878
4270
3572
3900
177
2081
1194
4244
381
6403
3904
4185
4004
6400
356
3888
3907
1548
4098
487
1592
4262
1470
3518
6372
3527
4100
1589
3933
6423
6212
3635
4422
3952
3837
5978
4213
1633
1923
1615
6767
2954
2528
2526
1882
1871
6739
6732
5399
6728
2518
5425
4914
5595
5431
4879
2453
2883
211
5039
659
6949
2584
2632
6931
5660
2559
855
5312
2004
873
2779
885
2800
6862
2810
2811
893
6836
5714
5731
2174
3082
3273
2448
3274
6582
6581
3306
1708
1701
3313
2335
3322
4716
2325
3345
1070
3354
1678
6544
4580
1657
4769
2352
6967
3218
3087
2439
2438
6678
3102
2435
579
1783
2427
2434
5833
1754
1761
4852
5579
252
5356
5396
794
5456
764
5263
4243
5577
5445
1290
5354
5439
5747
5654
4864
4859
988
5825
993
4854
4872
999
4841
558
1168
4431
4547
4506
4849
1196
5997
4875
5201
5682
5683
6055
6038
5065
5019
4989
604
603
4957
4938
4310
4905
5768
5227
1132
3519
5556
6911
3271
6573
6566
290
3352
3366
3380
6919
6922
6933
3409
1638
93
326
91
2627
186
1619
2067
2069
6965
337
6910
2002
122
2812
1862
194
2969
2955
172
3042
3044
1846
3055
3064
3083
3497
6684
1944
1803
1790
3183
2840
1766
1763
6609
1762
6831
6837
6681
2617
3456
1884
2472
1430
3513
2440
2430
3753
2132
3967
6317
3998
2222
2369
2305
2113
2110
3675
6203
7159
359
6394
2556
4183
1329
2551
5546
3631
6355
3551
2300
2853
5066
5062
2429
5443
1894
5015
2911
5491
2302
2933
2442
2232
1901
5468
2857
2213
5278
2451
5275
5279
2078
2064
2060
2549
5349
2540
2668
2118
2120
5217
5214
2445
2125
2020
858
2735
862
2755
2145
2005
5402
5406
2516
2485
2813
2455
2711
2519
4199
3030
3775
1479
3759
4308
3679
4321
4339
3674
3639
1536
1182
1543
1544
1558
3573
1169
3503
3785
1433
4296
4293
1306
1317
1279
1327
4153
4138
4065
4058
1165
4009
3959
4287
1249
3946
4288
3905
4291
1423
1383
3499
3494
4439
3257
3239
1745
3219
1759
3212
3210
3194
4768
4203
3145
4858
3100
3047
4907
3043
1851
4946
3155
3016
4767
4752
3492
2264
1612
1630
4497
3439
3406
4522
1720
4523
4546
4574
1671
3359
3349
3348
4696
3343
4543
1801
0
47
6499
6483
6478
256
5701
88
7152
5697
370
6325
6320
386
6676
6912
112
6683
514
180
6188
6052
6760
5650
6160
6097
7099
6123
6122
5575
5859
6349
20
6553
314
5823
6530
572
6587
6549
6597
6578
602
5835
2841
6830
1960
4307
6012
2773
5986
1964
58
1967
1185
4374
1192
512
4295
4278
5761
1302
6109
4212
4949
6105
4225
1943
1282
475
1270
4941
4264
6826
2850
4939
482
4272
6894
6076
6062
1999
2612
5967
6932
4638
4642
1067
996
1063
4683
86
6947
4727
82
4851
6951
4845
2061
2621
4824
4765
2596
6928
4616
2669
5884
4770
118
5963
1148
4445
5765
592
4902
1133
5972
4877
4490
538
4570
4196
6916
4578
991
2568
4581
7006
4409
3769
463
3493
3216
1595
251
1590
3523
6401
3536
3211
6641
1575
1573
3559
1569
3576
1562
3184
1559
1787
1788
3628
6600
6504
1632
3224
3275
6584
3316
6562
3269
6558
3244
1736
1670
307
3176
3237
6536
6533
1653
320
3414
3420
3424
3434
3437
6511
6537
2881
3163
3677
3936
1395
3941
2981
3963
6178
3977
6168
2931
2923
4082
2916
934
6154
4102
4106
2912
4131
1332
6793
2887
426
3901
3008
3884
1821
3752
1488
6285
3780
3781
3049
6716
3821
3040
3148
3831
6731
3844
1432
1431
417
3847
3861
6227
3878
3883
3028
2915
2784
3295
2353
5084
5426
5249
5710
5430
5411
872
2330
2241
2242
679
2139
2138
5438
5576
608
2424
2393
5355
5357
2380
890
2377
664
5709
7132
807
5138
5142
5397
2367
2456
2248
2517
5523
2287
5519
5532
2530
5184
5517
5515
5497
5668
7166
2252
861
1337
1334
6790
4379
2395
4377
1385
2979
1164
650
6128
1326
5207
2785
1924
2982
809
