2288
5933
2729
5919
343
3814
3039
5908
5867
6816
2725
5866
1094
2727
6814
5170
5916
5864
5172
646
2724
2726
5139
349
2499
5918
2728
342
1547
649
690
912
1090
2497
5932
5865
5860
5254
3489
4760
5901
6819
2495
469
5909
340
2285
1841
84
5934
28
4937
6259
640
645
5868
3350
722
2282
2289
5869
2025
5130
2494
2287
4152
5639
347
5902
3033
3595
496
493
784
2720
6719
6240
5580
3303
25
4744
5936
5911
1686
5904
2283
1460
2493
4931
643
2280
782
4938
7093
1682
710
2971
5487
7074
6815
1539
3035
2022
5138
6462
553
348
5729
345
3818
2645
2281
5886
6431
298
4441
6713
6852
5133
3819
3579
5135
3974
480
138
341
4885
3813
911
642
6257
1361
6092
6432
6443
2099
2121
4557
5931
2462
5728
5702
4551
6712
4205
724
5406
648
2723
5634
5256
5564
300
6239
1688
1680
4934
1591
2047
6454
2898
5175
6463
2157
3928
2231
1196
3305
5863
2722
2507
1026
2597
5568
7035
3036
4550
4887
4719
21
4567
4837
7133
1722
2200
4936
20
5900
6446
703
7134
6478
460
3515
5364
5269
5939
4663
7005
3300
4668
3372
5258
772
1103
4921
1427
5681
2711
1344
5131
4027
5136
5569
1981
5567
2967
6251
3726
3707
4437
2968
4081
313
6466
29
3850
4667
5274
291
6474
4891
2167
4895
2169
3683
3810
467
5134
1687
468
5137
293
2048
3678
2026
6894
4714
2033
1729
6442
490
4847
3395
2162
3037
5726
4763
2609
4935
5427
1099
5626
1496
4433
1020
4436
848
7030
7037
2926
2353
4941
5907
695
6711
2233
4369
91
239
5684
1045
5385
5930
683
4637
5701
1865
5147
5599
344
2679
5077
3892
5661
6095
384
6743
5629
3396
787
6991
605
617
1204
1202
641
644
5937
6461
2049
699
5152
4432
3124
2034
3672
1096
4768
3394
2491
4504
3708
2020
3724
6810
3987
6703
4163
296
4166
229
1468
6247
4013
1572
7001
4705
4064
1617
6326
2599
478
2501
1725
6661
6818
3686
6399
297
1309
3689
800
4012
2013
416
700
698
5112
898
5913
3766
4026
4240
3762
1979
1429
3014
146
5179
2319
4482
494
2040
3480
3304
2163
4159
3398
824
7008
4440
3391
590
3377
5558
2907
5560
5566
4124
2292
23
1274
3241
6529
1142
2043
499
1695
97
3606
4222
1689
4169
5230
3570
5537
1482
1273
5722
797
3872
3853
3177
921
346
922
5721
6985
4021
3015
3883
2646
4022
5710
5706
4939
2487
978
1838
1835
4253
715
1837
6237
5698
6368
917
1355
914
1579
1600
5906
6706
1538
4434
22
6023
2527
5751
816
3136
5245
1104
2203
2114
7097
1504
2476
6987
7036
1484
5235
4226
2490
2591
238
5620
5949
809
2205
7038
2529
5026
2674
4020
6495
4157
4764
2166
2165
4223
2183
1681
6319
6665
6472
5276
3081
2930
1685
4948
6465
3477
6241
1489
4832
613
4613
5264
1203
6011
6753
2255
564
4940
5633
3351
4024
6567
4211
3673
3674
6419
1442
4442
5386
4945
2978
4330
5727
305
1691
317
301
6358
681
5165
4029
453
294
6436
6332
2522
2775
2730
871
3811
497
4025
990
495
1839
140
7010
910
1699
2708
7063
663
7011
1140
6445
2721
2042
1513
3321
1485
4529
607
2500
3013
702
3182
3196
1500
1097
6496
1063
3338
4829
4933
3163
4252
4220
1183
807
2492
4569
4207
5380
5495
3032
3236
6811
3134
7015
4910
4368
2958
4431
3307
231
2315
1039
2506
3034
5334
1206
4172
5791
3223
3224
2951
637
1054
1207
268
6766
92
6734
95
4880
303
2746
6741
4028
5739
5742
3723
5723
6434
456
5319
5171
1435
3685
289
466
884
4062
4715
2605
3704
2030
5100
1881
6995
1760
962
335
6245
4708
322
178
944
972
974
7113
5685
4884
5056
929
6700
6198
1847
6196
3855
2712
6189
4713
6202
6669
1085
3505
1505
1021
2560
5253
5754
5287
130
2061
2565
5272
5270
5262
2037
2123
5758
5759
6704
1639
1466
4831
5779
2045
492
491
6744
1453
3375
3380
5628
513
3590
3373
1571
4210
4438
2940
1535
2480
4777
965
5800
1038
977
2484
973
2689
7123
5691
5774
2891
6755
4674
1502
2878
2526
812
6750
5624
864
5743
3011
1565
5794
2519
5635
2594
2792
2970
2523
1062
7039
7098
2715
4496
2498
779
846
781
4463
4782
2465
4251
994
4443
5756
783
4481
4670
5748
1195
1279
5251
270
3858
2107
3509
6022
3499
2145
2147
1857
1851
5278
3419
5293
5295
3885
2188
6841
6197
596
5992
1385
3355
2213
5116
5328
614
5988
6415
1275
624
314
2059
6106
7002
1980
1985
3728
3801
3720
1312
2021
3682
4054
312
4842
6174
1303
1447
2044
277
3620
5215
4882
1888
6270
3594
6449
1887
3574
6890
1359
6889
1209
6494
7009
4799
5917
4888
693
2237
704
708
114
4889
6813
4179
720
5894
4017
5885
3161
5881
4257
734
1419
3094
3092
5861
5471
4004
684
5926
6548
6104
3922
6499
6998
3284
3264
4732
1404
3290
1405
3291
234
6989
4171
3227
2311
7138
6982
1615
3225
6244
1343
2658
6348
80
6168
1763
6107
1345
6127
963
1796
964
6226
1799
6193
6411
1365
968
966
5705
1413
6208
1380
6205
1864
1895
991
6171
1892
5826
6250
1193
1044
4727
1184
6521
4563
4559
1167
45
2511
5925
1575
4748
6552
6554
2367
4503
1115
4762
4519
6335
4766
2477
1587
1580
1614
5959
1616
2210
1986
6076
5741
1726
4622
2608
2029
2602
1445
6394
2041
2592
5725
1016
4702
2590
1019
6588
2088
2105
1028
4653
1462
6315
2201
5790
2046
176
850
5388
5043
3631
6895
5499
696
358
5227
4886
5238
3195
3207
5536
806
4015
4016
4834
6770
306
304
5415
167
3220
98
2868
4063
284
3500
