6812
927
5849
5157
6523
3848
941
733
1254
3968
4772
5213
921
6892
949
4688
1531
1244
923
2256
6891
6470
3825
5205
4181
5079
2109
594
5842
5633
107
3757
5663
928
5992
6970
925
6021
2259
3885
7149
1245
5159
732
1252
6782
6694
945
3963
3962
5767
5493
1258
947
730
2187
7142
924
5151
1780
2573
4080
1027
5200
5214
4921
6893
5876
3653
6326
1251
942
4651
6978
2689
3568
6210
1675
224
2887
2605
1259
6244
5249
6992
3960
5216
3173
599
118
2663
1240
5236
102
2001
4183
2251
3651
3090
3390
929
3375
983
3778
3969
3234
3961
2008
2529
1255
5503
1513
1468
6457
5433
2761
3091
1256
6487
5795
5763
5074
2765
259
5798
2585
5337
5202
2414
260
1875
240
2489
246
717
3399
6866
6772
2685
2279
2284
1998
5192
4691
2673
6480
4713
6574
4834
6481
5766
6343
104
3519
3664
7125
5616
5584
5996
5997
6035
943
7048
5343
926
5462
3565
115
2611
5942
793
4985
5212
3225
984
464
5235
3665
1829
5799
5177
5681
6118
14
250
3737
5127
5076
4171
6549
4173
6546
5666
6896
5995
2813
3174
6724
6718
3372
719
2009
2744
3454
2753
3374
2752
6740
1195
2186
3650
739
3610
3966
6784
718
2474
3608
251
5790
2944
2276
4682
5914
920
3267
1778
4254
1092
6570
86
922
2399
946
2105
268
2000
2471
2275
2768
1462
774
3766
770
2624
19
6102
3945
3763
6469
1534
2683
1566
3211
1196
6484
6482
5253
3762
3765
6218
6541
6848
5339
5760
3919
6955
6861
5156
1554
1378
5306
723
510
778
4675
654
737
1460
6451
4681
4612
2184
1257
5422
5773
6693
425
5087
5113
1716
5712
5960
5033
1660
5794
5174
5962
1795
5191
6241
4948
5661
1911
1914
6498
1981
4789
5957
5237
6019
4784
2006
2766
3397
3840
2306
3842
3583
3166
3578
3567
3546
2680
72
4355
4321
3136
2401
2614
6867
6864
6863
4093
4258
3488
7147
2301
4195
3261
2243
3731
3739
3696
2914
3396
121
6255
1562
3967
4026
6340
1138
2667
1567
6899
3736
2629
201
203
206
7080
2672
6014
4180
6008
5110
7141
5124
1072
1670
3500
1654
5991
1085
3733
2593
1097
1045
5203
2686
5898
5490
3843
5499
5500
2852
1291
5529
5557
1192
5631
6357
2817
3655
1248
5910
1355
1357
1380
3856
1533
6924
3930
5300
3926
5314
1486
5248
3676
2758
3670
635
3605
1417
1416
5437
1465
3305
1061
3233
4374
4830
4451
4450
2270
3178
2278
1955
4356
4949
4844
6119
714
3481
3177
4939
4934
408
4633
794
2333
6124
2007
4209
6158
2173
4253
2334
275
2002
2250
6957
4399
1351
3401
6110
3629
3873
2767
3622
4764
5429
2329
6698
3048
2328
3846
6437
7148
779
6113
1384
3038
2327
5926
3864
4781
2475
4720
4740
6768
5699
2911
2166
1042
3262
1047
4656
3735
5771
4600
5809
3268
3362
2188
5804
3734
3748
6349
3768
3841
6991
2059
2811
6993
4718
6785
1243
5878
3659
5617
3662
4685
2837
6359
4454
989
3006
2004
2003
6215
4987
4275
1806
4983
2591
3504
6576
1621
5331
805
5217
5223
3140
1865
4977
2417
4265
4096
689
247
6543
5072
6011
7145
430
5998
4155
229
5143
4129
1678
441
1781
796
6495
2626
6491
3937
3947
2692
1542
3132
1985
792
1550
4392
5954
2676
3552
3095
1971
1917
6458
3512
5328
4011
2335
5956
269
3904
1463
4894
1560
1467
1040
851
5805
6028
6013
6039
3089
3311
1041
5863
5838
5974
6112
950
6121
5803
3007
966
877
6044
6041
3505
3446
5990
3176
3021
5951
3606
5870
3485
3677
3580
4570
3688
2380
1825
4982
4239
5038
4202
5075
5078
4201
5081
2501
5100
4177
5109
5112
4172
2539
5155
4094
5166
2606
1624
2613
4943
1864
4942
1886
4587
2238
2246
2181
2171
2157
2148
4626
4455
2091
4693
2621
2304
4400
4743
2037
2022
4776
2320
2324
1958
4838
4845
4334
4723
3686
5228
2633
2824
3818
3817
2832
5623
1197
5651
3773
5667
5675
3747
5698
5711
3738
5729
2916
5761
5765
2919
2926
5791
3689
1069
3824
1247
2818
2815
4015
2662
1556
2677
1552
5263
5299
5326
1481
1478
3924
5230
3902
4534
5346
5415
2780
5427
5477
5482
5495
5519
1300
5547
2740
5332
5171
6799
713
342
6466
6504
245
6537
7054
7127
6729
108
98
10
6485
6346
6347
6475
18
202
6846
6738
6559
6994
265
6503
6509
6586
223
165
6714
502
7144
6756
6999
6463
379
66
439
6383
5934
3491
5917
2889
1543
7126
1211
1205
2277
2541
5307
3487
2255
6476
7124
7140
2897
3484
3554
6571
1191
2273
2886
4971
6767
5928
5927
2855
3104
919
6256
4142
1844
2878
5252
6267
3751
6857
3749
657
6257
656
2247
5293
41
4251
3026
2293
5210
2964
4296
5207
3623
1103
5813
7061
5150
5769
4277
4276
443
3020
6507
2459
2412
1664
7088
6531
1659
7085
262
2419
258
1084
3668
255
2444
4208
952
5122
3695
2294
3093
6352
2909
2307
1773
5313
3081
5883
2322
7042
7106
1755
6557
1563
2326
2503
3582
3061
6822
2924
6341
5861
3589
1136
5855
3730
4363
7056
5764
1232
903
2839
2660
1407
4689
3247
1306
791
6212
2654
5983
799
5526
6732
2682
2102
2103
6045
2107
2111
3235
4677
4835
6217
1298
5394
4017
5393
6060
6674
2687
4698
3914
3916
6422
1349
1348
1371
3355
6152
3931
3361
355
4777
1382
4725
344
3933
716
168
2076
5505
3948
2754
6111
768
2083
4790
7161
204
2616
1966
1283
2796
2798
1916
1913
4040
3827
4590
4050
4618
3468
847
2579
5565
4085
4076
2164
5330
6750
1455
5548
2607
1241
3213
208
1235
226
393
3852
6425
120
1475
3934
3890
3771
4212
1515
2582
253
1108
3787
2588
463
2688
6327
4132
