1761
2043
1290
6831
2126
2139
3932
1977
1274
1296
1766
4358
6987
3632
5594
3144
2044
1137
3570
2710
1961
1768
6985
1759
1297
41
2042
788
3306
6689
3837
1636
1767
517
3571
2867
7030
698
6832
6680
6661
5753
5287
3277
1270
6800
5965
6683
813
6750
6748
1298
2035
4720
2021
3272
3905
1305
1131
1292
1760
1277
2041
2942
1762
782
1308
1307
1207
3382
1304
1852
1302
5758
3636
1301
1850
2158
5268
4904
6660
3266
6839
3274
3264
6732
534
6104
787
2127
4507
3140
1853
1022
6665
1751
2863
752
3839
5278
3722
846
1539
2029
5090
6663
695
2113
4383
7076
848
5266
2238
6920
735
7034
45
2046
7035
1797
1291
4063
95
3276
5274
4864
3423
7043
6779
2026
3930
5380
2645
6682
1639
5705
2095
3147
3273
6106
5386
2131
3633
690
810
789
1978
1323
1397
7073
6054
1894
2149
6981
3104
6471
2125
4275
6320
2118
1135
6397
4444
1769
1857
2851
2893
784
1630
5384
2237
697
1765
2716
4964
4551
239
1019
6968
4503
2379
944
1132
6727
1895
4502
4447
3853
3716
4963
2357
42
7154
5385
5373
3357
3513
4036
4508
6922
4212
5886
2140
3260
6186
5358
3677
4068
3356
1031
6178
3089
2025
1618
3278
5693
1855
2869
3265
2865
6107
2092
5985
2868
4780
1587
3497
3143
5270
1687
6984
4869
800
6986
963
5684
3631
135
6754
6545
3712
1967
2317
4148
1979
553
4943
6454
3295
7136
6687
2047
3303
1612
3313
1524
5580
780
781
4790
2114
518
693
4794
6836
5599
7011
692
4448
3553
1659
2208
6944
2054
5701
3859
404
2152
5686
415
617
965
7119
1303
3708
1136
225
1851
2894
2017
1299
3384
6688
2861
5755
3149
6378
7090
1754
7134
3212
3141
2657
3452
2643
6064
3101
2899
1226
3672
3474
4185
2031
2028
3726
614
1203
5405
6052
6057
1321
1858
4666
3097
3679
3634
6162
4205
174
1320
3425
1201
2215
2214
5093
1571
5687
1559
2793
4108
5182
978
981
6980
1365
4188
6837
3675
3671
4071
3676
2141
2142
4220
3088
6433
1127
2926
3115
6738
5966
5640
4052
6741
5829
4441
4440
1162
4436
6830
89
1173
1638
2235
6129
5591
3230
842
1300
224
2045
5198
4062
3718
2530
2515
6928
7066
4278
4354
2040
4942
1309
298
6777
5354
6925
5201
1329
5355
3900
3269
3902
4854
6387
1632
3705
1763
6116
170
5683
2650
2649
1963
352
7096
5359
696
4588
5759
3638
358
6915
818
4177
6394
962
7112
5658
2020
581
699
3778
5689
4509
4777
2122
4799
2121
511
6423
480
5681
3419
3421
4034
1746
1742
1734
6949
1699
4137
1637
3454
6931
1898
2120
1792
6473
6934
3673
1326
4716
4717
4166
4858
3714
216
2549
2540
4721
885
4852
2587
6778
6785
4940
7033
1367
3594
6206
296
5320
2382
2366
2360
5207
3575
1294
1278
5899
2979
3099
49
3681
5957
5958
5408
6690
2864
995
4862
1164
3642
3693
2795
969
967
2779
1210
6753
2711
3630
2626
1169
3574
4153
1610
422
5603
6982
1603
419
1615
6989
3524
3354
4449
418
2213
3308
809
5383
412
2322
4437
409
6261
2144
6794
411
2311
6546
2145
966
1177
6842
964
1197
6846
1168
991
6833
6799
4566
1049
1063
1044
6710
6701
1033
741
1117
1025
1120
4664
1133
1616
1614
1613
1161
3685
1166
6848
662
3502
1551
1631
6807
1525
694
6786
6588
3590
4577
1482
854
6623
1388
5080
850
1395
3551
5585
3481
6669
6559
4765
4081
5487
3709
4756
3711
6770
1293
6771
6558
4750
1295
6823
909
6772
1736
6554
1729
1726
5096
730
3380
3427
2358
6168
2965
6355
4851
5432
3886
319
3338
2210
4795
6933
2211
2057
2514
93
5682
2037
4351
2791
2790
2217
2151
5676
2825
6938
6983
6939
2951
4812
3850
291
445
3113
2138
2137
426
3358
4445
2129
6193
7032
3854
6187
6185
5326
4380
2457
307
6943
5183
4152
4240
2093
313
218
3851
2646
6059
351
4169
4867
5141
2319
2841
177
6906
5964
7133
2651
587
5653
3320
7006
5437
3936
3821
3944
578
2612
4949
3217
1988
3426
2718
6381
603
2231
2284
559
608
4168
5670
1965
5265
6109
6431
1879
1152
5428
6587
301
2298
6589
5593
982
5070
6243
7012
1434
1871
1172
2329
3133
2328
3552
94
822
847
816
7135
3648
812
5200
6240
3142
858
2778
2580
2581
5231
961
7088
3158
2615
5264
6092
1275
928
1272
137
3706
4710
5751
5752
6083
5756
6056
7099
4178
6667
6668
7115
5581
3226
4343
3270
3268
3643
99
1344
3611
6182
1328
5731
2484
4059
4850
5271
1319
3146
4637
2794
7062
2792
1306
4855
892
4344
7075
899
4856
1492
4946
737
3833
4761
3487
1931
1679
2854
3100
2949
5372
5919
3768
4557
4522
2111
724
6841
2941
2117
5924
1634
3041
461
2136
7157
1966
5375
2065
5883
4782
1962
1991
571
1735
572
4767
1733
550
3012
4668
5661
5677
6395
579
1720
1941
6926
515
4527
6472
2059
3086
1068
665
3868
2896
4564
5337
1832
2232
4947
5646
783
1899
3521
3635
3972
3324
2256
598
6275
3322
5468
1856
6571
6568
2897
3866
4038
5600
3127
4443
4442
3350
5188
3515
413
4143
3417
3518
3858
6544
6808
4432
399
2203
6820
3337
3046
6902
3047
5968
1064
3045
3044
5262
3042
5537
1146
1115
4183
2820
6685
5990
1134
5951
2903
1138
2832
1139
2840
5824
5981
1160
2880
6686
3106
3035
5930
4658
4187
5866
6035
5031
3148
1206
4667
3000
5898
4225
6696
2797
5291
2807
1125
1128
2727
5590
2719
2081
4455
1654
4555
6345
2115
2123
2132
4561
3353
3352
4433
1575
1573
2218
2230
6565
2236
4583
3333
1531
1667
3493
6509
1688
1860
1824
4119
5118
6456
5137
5138
1790
4524
1758
