6834
5098
5467
7104
4735
2231
1729
2236
4729
908
5270
298
7091
1644
3120
312
787
788
4721
5724
2468
3126
6359
5740
5681
214
352
7092
3014
1034
3018
353
655
4327
3125
1973
5644
782
5038
2855
7098
3122
2042
3340
4668
2851
5121
6502
237
5328
1316
5685
2151
5322
3856
6207
5052
2238
96
727
1979
91
6058
5407
2284
6351
904
1067
6186
3129
5266
5735
1799
6157
6454
5732
3595
6092
31
897
6436
5002
7038
5734
7135
5630
5375
3592
3262
6053
318
3858
2014
4507
6195
1640
7147
2058
132
3590
2372
2045
1231
5741
6848
1481
1061
1023
5097
5967
5037
3766
6939
5676
6980
2413
735
1236
6517
6559
4222
4724
3943
902
872
3110
4727
6749
3121
3979
3012
1315
6167
3994
6571
3361
6071
4556
354
1636
3859
1024
5433
1491
6835
4685
6839
5894
430
4560
2878
6204
1208
6764
6926
4474
3145
969
5200
1328
903
6881
557
3574
3385
200
979
2638
1754
3123
314
6382
7138
4564
2615
1694
6824
6426
4475
5422
377
4558
834
1329
310
4901
4800
1571
2858
5469
5829
3935
6159
6915
291
3761
2040
4447
6731
6131
236
299
5891
6868
5460
297
918
6140
5670
5648
371
6772
2787
785
4473
7034
1649
1647
2994
800
5529
935
3848
5374
971
3687
5645
3854
205
4351
3685
1632
698
2015
5239
401
3699
2136
2220
2988
2809
5394
4360
5464
2094
6644
5737
4410
1313
2879
325
5701
5283
598
2116
5528
1483
6843
4413
5544
6762
2237
5574
2191
2897
5658
6776
6788
405
2153
2708
1765
7097
217
216
789
209
207
4720
2443
4733
2462
6063
3775
780
3016
4663
3017
4681
5083
107
3822
5053
1678
961
965
3308
6263
1727
121
976
5011
101
5115
1143
4784
2385
3124
4809
2386
2381
6188
886
2049
5120
4815
805
6931
3757
3727
5128
5613
3458
4728
1273
5377
4833
775
966
964
3119
4825
3853
974
874
6310
4026
4441
978
4325
4524
879
2875
5410
457
6089
4942
5549
6763
6228
4453
5404
4756
1934
7108
3084
4873
1937
7068
6744
954
6777
6779
4393
2898
410
1752
4380
827
1903
1277
905
7132
1158
5356
3380
6847
5092
3010
5693
4550
5990
5739
1532
6509
323
206
321
5730
2110
5284
2295
6386
308
616
3347
6922
230
1600
2860
6510
1039
4119
2710
6837
1688
3304
730
1983
3307
6830
6575
4060
275
4603
5749
1575
4068
3697
5032
1031
2119
2380
6985
822
6473
2859
2857
6512
913
1317
5501
1326
485
5882
1334
5746
901
3959
2229
659
4158
1319
892
2684
2519
6321
994
4053
4055
4322
6018
4321
5679
6002
960
6054
585
1029
4363
1036
6557
5692
3871
676
5533
2417
515
937
6117
2689
6229
699
2325
3768
3558
6555
5942
4432
4456
476
4478
5095
6857
208
4477
1755
1936
2960
1415
4736
6982
2019
5269
6768
1920
6934
3086
2893
2012
2154
356
4698
350
1990
2118
1660
128
3068
3268
3061
6944
1954
3266
3264
5368
2145
2133
4751
5104
5050
5143
7134
4804
5208
4922
1848
4803
4839
3495
1376
471
2986
6875
6746
6927
1577
2032
3947
6908
7102
5421
4813
4562
3101
435
5408
2717
1035
1646
4638
1656
1021
6910
1670
6947
5063
6345
169
2000
2047
2418
1641
6932
5109
6938
2029
1071
3755
215
2437
4440
239
201
6924
5886
5093
3318
1635
2046
5999
6918
6294
6330
798
3098
66
6203
7100
2515
1796
6199
6198
4902
4899
4891
7110
7111
6121
7114
4765
7127
7128
3932
4829
4828
6156
877
3951
3939
4818
4738
733
3992
4734
3305
4706
5017
991
2641
6041
983
135
5012
130
3845
1959
3058
3137
122
968
6287
1958
1952
3066
106
3260
100
1944
98
1750
1760
943
6901
671
5694
577
2828
2235
513
439
4450
6747
3644
2310
6842
576
1488
1490
6745
3671
6850
327
600
1495
5706
4412
6537
2192
3543
4470
5576
5631
4362
2278
5400
6604
2927
3460
1416
5363
2939
558
5359
5598
375
5341
5654
4368
2374
367
366
6780
570
5325
4254
4248
3435
4565
4566
6734
6515
2215
3497
1333
4231
2992
5485
6888
2197
3501
2852
3690
2055
2980
5298
639
5196
5793
2112
1156
6519
5475
5802
4235
3953
6081
4744
5401
1926
4865
5508
1414
1931
4396
4811
1769
5599
871
4973
6137
4444
5494
5463
4472
899
1829
4782
2193
4732
4862
4802
2196
1901
2194
915
2195
4871
906
1900
4403
1311
2525
4929
1408
4806
5461
4415
5540
2527
3957
3984
4448
893
6101
4903
2523
6128
2378
4025
5614
1087
4111
5924
1517
4110
2020
5271
5946
1504
5952
5731
5103
2018
5977
1191
2448
1633
2099
2455
1528
2096
5193
2052
4164
1157
4138
1586
1588
4589
1589
2410
2411
5122
4584
5119
2414
4118
1603
2339
1645
1492
1489
6040
4314
4044
2127
5335
4537
1722
6051
2293
4014
1250
4509
5365
1951
1949
5632
5381
5014
990
1226
2125
2469
1484
5689
1995
5071
4061
5305
2121
3997
1011
2124
1008
4306
5320
5035
998
5674
5015
4304
3991
4814
3491
3029
3611
3043
3694
3700
137
6478
650
103
3072
6390
2691
6384
77
6356
72
6353
784
783
781
2620
6261
38
6589
3109
7106
736
732
6342
7099
3100
3837
2800
3011
195
274
374
6885
2948
6825
2954
2933
357
3359
339
329
6873
316
296
6836
786
387
6765
199
518
516
2829
6936
2842
389
3325
6724
2997
6748
6755
438
436
864
804
3682
2578
7126
3925
7146
862
3923
3127
3921
3937
5438
2043
7058
6757
3626
434
2181
5056
1725
6185
6474
4318
1112
4723
6741
1114
5142
1388
1117
2187
1957
1128
845
3719
2835
806
5265
5655
512
3927
6184
3312
2683
1240
5651
92
2901
2686
3075
6905
5653
6911
826
