6839
3571
2126
3931
6831
98
3362
846
1577
800
92
3932
2954
579
5278
4437
3933
3939
7128
93
578
5288
841
5689
849
4721
2237
808
297
2231
3360
3368
3936
803
1766
3361
5756
4663
3369
3367
3364
5265
3853
3356
2235
3147
3854
1482
807
6168
7034
2152
802
6060
350
3262
6836
3365
4164
965
1589
3363
3306
356
969
990
995
3855
2112
2109
5013
3506
6324
97
3366
5682
5118
3143
2358
2129
5287
3935
6745
3934
3851
2218
1571
575
3278
3269
4419
7132
801
6980
804
2877
2125
5046
2997
2580
1586
6857
2042
967
94
5007
1381
1811
2685
1324
6741
3304
5683
1158
3850
6837
6834
2000
4873
963
6701
6454
4334
7031
3178
5344
1429
3590
3260
2361
5274
3015
4459
3380
517
4169
2379
738
2952
991
5759
1767
4040
994
6263
2127
840
6067
2124
7033
2354
5740
364
6019
3248
7130
2311
961
3574
5751
7090
3145
3063
2657
5833
3142
1326
2378
4449
2117
6165
3504
2111
4259
3097
3139
5269
3859
1384
6637
3277
993
4729
3561
6696
1688
966
4728
962
4778
4766
2356
1388
576
574
1961
3549
6738
6691
1815
6850
1040
6983
5220
3014
6214
806
2046
1488
4508
4041
2230
6394
2043
845
1162
698
3848
2233
6772
363
352
1478
4959
5374
609
5967
3265
6976
1485
3328
2879
1487
365
937
3354
354
6305
3308
5924
1857
1570
6397
1870
6063
7137
5769
5912
2854
6070
3144
3140
6137
1536
6473
6141
3268
4564
4654
2234
998
5542
5508
5501
4035
7038
1761
4367
6902
5111
3695
3955
5337
5177
6778
2130
4904
2213
4314
6824
2360
572
5025
1328
101
5708
7099
519
1636
5755
5704
515
2103
6690
4967
4705
1299
6617
6156
6154
4963
1032
5158
5224
6228
5114
5110
4168
3971
3988
1125
6198
2959
4151
1031
1069
1045
6227
4083
3960
3065
4373
6133
5964
3570
5469
4756
577
5590
607
1386
5891
486
5626
4738
5651
3338
3513
3580
3588
3604
5262
827
5273
4532
4872
4327
4366
971
3718
3168
997
5376
3232
3246
5985
3899
4165
934
6706
2284
7037
2826
7035
7032
2823
6986
6661
2784
2002
2515
6971
2058
6771
6408
298
91
239
6779
6697
2710
2370
2211
6828
6832
2115
132
2563
6509
1531
1530
1810
2870
214
7136
2355
7116
3012
5073
5072
476
4456
4509
2359
5715
4050
99
5001
4443
4120
3264
4584
4163
901
1411
6931
6163
2762
1759
5074
2203
115
6851
6855
571
3937
692
1615
4465
6872
6875
1894
3337
1776
5167
2122
2674
2480
2186
2439
3303
2121
5746
6897
4457
5099
3923
3811
4623
783
4878
6083
6941
1483
1990
3639
1255
3622
4685
7036
1669
4371
4790
2846
6746
4761
4754
606
5630
6667
4720
6078
3699
6530
72
6767
3541
4923
1858
5701
4208
6020
4205
4914
3149
810
2897
194
5333
682
5585
2297
172
3762
6846
3930
3551
2219
3545
3894
6757
3671
5373
2351
5284
626
5346
5438
2212
5341
2242
3856
6763
6234
695
1023
4857
1013
4351
7019
7023
848
999
4780
7044
4765
1977
4877
4735
4713
1842
1852
7127
4652
964
1904
4445
4450
949
4506
1
1967
6985
817
4902
1156
6888
1151
3958
5144
5141
1146
1127
741
4026
6913
5065
5038
5020
6919
755
5005
1100
1083
2100
2093
4237
4243
798
4246
1812
1039
1736
6928
1881
5925
3241
6569
3231
6028
6402
1451
1416
1665
2827
6348
548
3480
3019
6153
407
3486
2514
2758
1587
3301
5836
3298
3295
3329
5758
2583
5930
502
4482
291
1618
5961
6438
6327
5886
6287
333
2939
2950
351
562
1292
3498
6211
2944
2976
558
375
4572
4977
1561
4560
369
4095
453
4574
960
1871
9
2711
1420
85
1781
5998
784
1555
1423
1415
3266
1678
1898
3984
6476
5095
5082
5895
732
3989
4017
1382
736
1387
6453
2941
7163
5061
2106
1574
1765
4512
788
2979
1900
789
885
6404
378
4358
3101
3100
7028
4815
6362
3092
4645
324
1936
7039
1941
4767
6144
4764
1832
6298
7077
6167
2849
4372
3003
7012
4940
6110
6222
4929
903
2082
1427
6293
2008
6400
1434
3158
6395
6982
1038
2808
1440
1029
6081
3972
1817
7001
2822
317
1997
3124
837
2809
1677
3966
6660
2366
6615
5699
6235
3803
3968
3822
2232
5292
6776
1334
1335
3421
657
166
5279
1341
162
1727
2381
3882
3885
3892
2412
3448
3693
1246
3477
5589
3516
3535
3540
6728
5540
1298
5509
2350
5506
2363
2302
2467
2301
6742
1668
3487
5420
2273
6751
3595
5408
5381
6665
3483
2243
5433
3898
1663
5146
2184
3956
3957
5169
506
501
1733
5842
2689
2587
2535
1754
509
6891
6896
2690
1607
5231
6838
1746
5212
3294
2999
1762
4376
1850
4374
986
1071
2123
988
4370
2841
1308
1963
1965
2836
1973
992
2828
3637
3951
1979
2252
4393
1860
1304
4469
3530
2971
2975
1290
1291
4455
3538
1673
3986
1282
1873
2991
1575
3547
2925
2320
2303
1928
1580
1486
3565
1253
2299
1270
1579
1154
3312
2686
1983
1120
1121
4250
4248
4102
4247
2791
1770
1552
4159
2772
2727
3404
4162
1041
2040
2768
2047
1661
1067
2424
3909
2394
4235
2487
1816
3924
1729
4245
3217
1732
1557
1428
1626
3045
2148
1028
3949
3062
1248
1613
3688
3066
1240
2825
3692
1987
1238
1768
3470
3276
1667
1001
1234
3844
2817
4090
1999
1616
1020
3847
3770
1333
1824
4060
1005
1168
1988
2105
3773
3584
5263
5638
6917
6916
4950
6911
6905
6898
6894
4957
4958
6481
5596
4969
6878
6877
96
567
6704
6939
5747
5745
6972
6374
826
5732
824
6379
6387
6407
4901
814
4911
6411
295
6933
6330
6876
4982
6532
730
6536
5342
5109
5332
5179
232
5291
5277
5270
6695
5257
6727
687
5080
