6847
5967
6910
5893
6843
6724
2573
4607
1023
6962
5037
5665
2058
4540
3100
1211
4840
5121
5099
6918
4844
4547
359
5457
5086
6388
3158
6122
2133
2570
3550
5652
4865
3109
4546
6071
3525
5421
1701
3308
5002
5650
3268
4542
965
2809
1718
5460
3944
2686
6120
2667
371
323
6929
5038
5034
5456
2299
2207
4549
4545
4544
653
4315
5651
4417
3578
1854
1538
6963
3553
2410
5899
405
5453
4548
3996
1628
1936
6113
2392
4815
5422
2439
1704
5429
596
4477
2897
3859
3758
4474
5030
6926
2325
5085
4623
1513
4497
5978
3280
4535
6911
2368
2987
4845
7139
2631
964
1532
5654
2260
394
4538
1578
5849
4942
375
4606
4450
6916
2789
3129
4693
6907
3551
5729
472
3529
1713
4587
4175
5984
3105
261
6503
2488
4280
246
3528
6779
6933
1946
1932
6968
3853
4068
1937
319
5458
5656
1647
5898
5658
5882
5128
6931
324
6040
6003
593
3361
1857
6914
2395
2397
804
2933
657
2785
3981
1926
3411
4843
2199
4360
6128
5717
1709
3118
6513
5724
1717
4182
7042
508
4206
4233
654
3978
1596
377
7115
6290
4367
967
748
5381
1913
4543
3858
2268
5008
162
6946
6936
31
4603
1503
6505
6842
6834
2470
1973
4604
4635
6248
6849
3850
5006
4531
4130
1444
5051
2252
1590
1934
6125
4800
5060
2399
3851
3754
1942
5068
1652
5079
5080
1654
4090
6783
1072
1712
3854
4473
966
5891
164
2946
3309
5825
3342
7141
6939
6924
3183
3084
1199
3316
5282
6884
1324
6887
1259
1261
6920
5439
5322
968
104
963
962
3110
7100
2639
1034
6969
7034
3285
7104
5374
5657
6904
7047
3023
5195
2635
6905
6919
3700
3080
6923
1971
4593
6927
1030
2071
128
1029
3082
3081
6949
2259
1716
2638
2265
3186
3185
1157
6092
4892
1171
6498
6064
7064
3956
1597
3086
778
4863
779
1599
372
6099
783
1997
3263
2308
789
6941
7098
0
4155
5703
3319
6382
3527
3325
5979
4537
1359
5975
4737
6581
2468
2856
998
264
4076
5193
5664
2473
4790
237
6350
2486
1809
1414
5191
5666
4029
6316
4541
4379
6806
2893
1484
3289
5280
6908
4142
5890
204
6612
6000
5062
3602
5064
1914
5480
2579
6776
2578
3123
2415
636
2419
2195
2193
5451
6997
1711
4070
2075
996
6186
5725
1705
4706
6198
4094
486
1173
3120
6537
4602
6509
5711
5709
3010
2816
7125
562
5626
1903
4387
1129
4412
7150
4452
4453
1799
619
1815
6337
7164
5668
5655
4566
3018
1134
5723
5525
1719
2050
4188
1156
4638
3088
4632
664
4609
3083
7058
5527
3028
4327
4336
4351
1948
4357
1944
6510
4765
242
5359
6882
3317
376
379
2364
2291
3878
3260
2284
1465
2577
1497
3901
3479
6831
2466
5423
6777
5382
4997
3755
3283
2575
3798
6928
5010
5459
5314
905
6932
169
2613
358
362
5838
1258
5081
806
268
232
6966
3992
2197
320
3423
6121
6903
2681
5452
5109
6975
105
5057
1644
4026
1585
2391
6112
1394
3932
2249
3935
6840
6641
6633
6965
2658
6922
4471
235
2539
5052
3182
6846
3640
2661
1111
837
835
5992
4539
5704
1408
1078
5960
4491
5125
4493
5689
615
5965
1415
5197
5087
5212
5229
1337
5633
5708
1650
5594
961
1586
1594
1403
1710
6195
5727
732
1708
4690
4817
4806
5740
5796
4803
5743
1208
4739
1659
960
5061
5720
5428
6002
1038
5713
4584
6007
5046
6033
4600
5014
1027
5528
4608
1155
780
4995
4663
4668
1724
1574
6070
5820
4345
6598
6546
4135
243
2668
2518
2065
6531
6530
487
4173
4174
390
3416
6507
254
3161
6981
2208
3151
2032
3150
274
4262
3144
387
4300
6961
3213
3976
2576
6902
3290
217
2189
3994
3336
3952
3287
4007
6960
401
234
163
3672
4034
4061
2261
158
2632
2535
2264
2269
6863
6820
6502
2206
6333
4371
3620
4457
2943
4372
3828
3025
3645
4375
314
6384
6742
3857
7135
2859
6705
329
1933
3681
3653
3759
4308
3131
2708
6778
4399
7119
4347
2339
3566
3022
2878
3750
6352
1992
1478
1343
1353
2384
1338
3646
1325
6012
909
5907
5905
230
3382
6815
321
6789
5088
6786
2471
3556
5106
3458
2474
1450
3590
5155
1457
6771
6749
310
1406
6001
2398
1402
5124
239
1388
1458
879
1462
5262
1020
3107
79
1013
3113
3114
7013
3121
5730
1183
3125
5744
5747
6990
1186
7049
7054
3085
3045
1
2895
6
2898
5659
2860
5653
5476
5645
35
3014
3015
7111
5572
2784
5555
2991
5260
5462
106
2609
1266
3282
5356
6921
5300
5286
5284
3288
6909
5266
3310
5265
5896
3312
161
6935
945
2621
5454
5793
108
2672
5450
5448
5445
2696
5808
2662
3189
3214
2636
144
6942
2634
123
1490
5675
3930
2202
6109
6623
426
733
4860
4861
1940
3963
6407
1595
2238
3943
402
6084
638
4114
6079
6401
4374
629
2270
4884
3908
764
2201
1790
2198
3993
1706
2067
1714
4180
4713
500
4075
4187
2140
2148
6153
4022
4231
6028
4021
4792
6127
4240
4795
1999
658
4605
2182
4307
2192
1969
4400
477
2292
6313
4462
4993
4459
4996
6038
1518
363
2297
4460
1825
352
2310
5005
5003
6721
3756
2304
4534
2362
6058
1796
3895
771
1804
3721
3753
4470
4999
1527
1537
6334
4524
4464
5461
4267
1843
4499
1863
2889
4158
4161
1213
2676
2684
2052
1721
2049
4671
5455
2692
4306
3155
2042
2038
4465
2930
4321
2851
2800
5526
4530
3104
1910
3102
1802
5522
1900
3046
4397
4456
3029
5574
2794
5571
3054
2988
2986
3108
1982
2843
2786
4507
4346
1179
2949
1176
2977
4348
3124
1095
4579
1924
2982
1923
1920
1087
1489
1640
4105
4991
1425
1420
3891
2479
4970
4936
1411
2502
1426
3415
1558
4903
1399
1398
