6849
5461
3992
658
7103
4558
3991
7106
3993
3125
438
7109
2855
4737
4697
3110
330
80
6844
889
6053
7102
4554
329
4865
4739
274
5848
872
6720
3120
5057
7107
7100
5038
4388
1799
1641
6755
1491
5700
4814
3054
976
2859
3997
3995
2195
1218
5030
2897
31
6453
5707
6973
4387
6899
332
5685
1490
4552
5838
5645
880
3119
402
2419
908
4698
6513
3308
6388
3994
3128
4553
4556
3700
2019
4813
2010
5365
5960
5036
1155
2856
2800
2017
6040
3943
3999
594
5037
2908
2088
1578
3725
5750
4380
6884
6380
1215
844
1110
3114
1034
6001
3920
6882
4106
5127
1029
1716
6881
3595
4951
1954
1640
2410
302
1645
2809
406
886
979
4098
2194
2193
6746
5165
2190
128
339
1359
1809
4322
4238
2468
2467
6843
2339
4111
2160
2922
1669
876
2692
2595
1046
6045
6406
6384
5839
1125
5327
6196
5124
1417
5089
7104
400
4473
2368
3121
4638
5322
6386
1952
5467
560
1035
2820
4240
79
2086
2661
408
3683
4555
6510
323
81
321
4386
874
962
878
482
6058
5031
1662
4559
478
5407
4520
6488
3623
3122
5050
6098
4952
5054
4862
1419
4967
6000
6002
6006
5035
6678
4385
6788
4811
1398
405
6009
4418
6458
388
315
2401
1143
6675
2439
5611
3684
401
3126
3124
3302
3123
3053
1415
2016
4306
6382
2890
4113
5122
5128
5643
4046
6512
4251
6498
6502
7137
4061
5646
2089
1848
6350
99
2049
871
2065
2532
5083
150
856
3011
960
2473
870
4443
6770
1343
5967
7091
1796
3347
135
5203
1585
6772
1331
3309
3640
6509
331
6519
5982
5460
5454
6208
2641
7065
1418
394
662
5705
1424
5391
5284
60
6915
4222
6757
6977
6061
6044
2604
877
5520
1495
366
879
3430
87
5688
1358
1353
6503
4398
6008
1523
838
972
3014
1014
6847
165
7034
169
1963
7101
6975
5052
2957
600
5324
5469
2928
34
1712
4632
2895
1973
3111
1127
3242
1120
6202
308
1122
2804
1113
304
303
5616
1976
1644
202
1647
7004
3023
5613
2248
1408
6970
5704
4663
1118
3553
3562
4331
4478
3947
4219
656
5603
4636
3728
1275
471
593
4105
973
4793
4790
3649
977
942
6960
831
4085
4786
485
4118
5888
4350
913
568
430
1159
1153
5708
564
4116
961
2679
3546
5120
6356
5121
4962
6056
2544
6371
6472
2878
5463
3193
314
2196
1717
2191
1588
6352
334
318
6359
5464
3072
6275
1520
5526
2798
6332
2918
5328
1664
2301
1492
6742
6753
2943
1484
2039
6518
6290
3268
3056
2518
2247
7117
1004
4063
4070
2841
2802
4567
5462
2000
6265
6856
1028
167
214
5091
2921
3998
4012
2907
2906
5112
4635
1044
5117
6249
5129
2860
5474
4566
567
1955
1958
170
4614
4062
597
4112
963
4470
2563
2561
5302
2537
2231
2236
2241
5761
2470
7150
4315
5316
2464
4333
4417
4357
2418
2413
2332
6971
2
5314
599
655
2192
2045
2061
6346
2098
946
5218
2665
5090
6517
2658
2582
5426
2646
5423
4519
888
884
2612
82
6360
2182
5400
4168
2998
4393
6842
1625
6112
7092
6789
3001
3760
1643
5922
5483
4792
1648
479
1661
1212
5034
5889
6821
1622
1614
3305
333
6754
407
6749
6744
6016
4895
1481
5527
1688
5546
1503
5551
1539
3617
4975
3626
6077
4860
375
5040
1629
1151
5871
5043
3944
3945
1112
3018
1134
3941
5055
1148
3958
6625
1804
1718
6840
840
6364
6050
1524
3639
2584
2229
1586
4024
2904
3629
6092
6067
6204
2891
6366
835
2566
6069
1347
6074
2894
6262
3593
2184
2990
2373
2381
6426
3537
6019
3532
5733
6026
740
3987
3981
3025
6452
3996
5752
3012
3017
1391
781
4321
1375
3592
2498
6931
805
4343
6776
1784
2165
6293
1217
2011
6122
965
2792
967
2008
1663
1211
3144
1210
3942
2846
6273
3858
3158
4089
6822
4078
4077
3922
3185
4069
1152
1157
1666
2042
2857
2059
6778
1414
1315
3164
5978
6487
3681
5809
4034
2147
6912
6106
3694
1621
6353
3279
4038
3116
2108
3726
4109
1256
6674
2084
6344
2064
1030
2607
6852
1175
5658
5604
7151
338
5600
5714
32
652
5022
173
7147
5548
5471
5392
5231
5394
7042
5058
4725
5703
5305
7075
4690
127
398
555
556
4787
663
5161
5070
5544
5303
37
152
4449
5039
4488
5540
4560
5681
4399
5098
5321
88
5686
4816
5104
5368
4537
4948
4817
7056
5126
4562
4819
5011
4955
4815
6493
922
6355
2148
2067
1033
562
4563
86
5830
3481
5847
6357
6994
554
5404
5636
4026
5179
2048
6199
3059
7067
3096
6041
1026
5056
971
974
4587
1477
108
964
5230
6645
6868
4102
7003
239
4594
261
4074
4107
4073
2636
2672
3457
4603
5654
1719
4609
4060
1021
6038
3470
2140
1620
2790
235
2901
473
1346
1219
474
215
2991
2902
4868
1355
5554
1357
6569
5549
3861
3867
1934
2976
2975
2969
3690
1884
3691
2927
3697
5969
1892
3719
6786
1271
1269
3723
4810
2919
3745
1903
1330
423
420
2999
2850
2801
7040
6201
4699
1109
3965
268
6834
4693
4691
1416
5541
4678
6279
7032
538
7030
2806
6538
4724
1988
6561
6759
5598
5078
6827
6828
1158
1154
6268
6210
1150
1149
1147
3926
3565
6830
6756
5155
2168
4597
904
4263
2246
2244
4250
2239
6920
2238
6150
43
5709
4239
2235
2233
834
664
4235
7154
276
2223
275
352
2560
2197
2249
2252
6974
3368
5356
4390
1613
310
5323
733
3301
6455
6456
6105
5318
1527
2291
4338
1642
1587
1649
1581
2482
5310
1665
6091
5766
2260
2471
4485
5976
73
1711
3138
4187
70
2602
2169
6653
5694
3574
163
2476
4432
1584
6492
5076
5025
4335
7138
2647
3911
2479
3910
2601
6944
1829
