2575
5470
143
6227
1815
4704
7029
2671
7021
5388
1594
141
1078
4335
1171
2808
4007
3285
1786
3687
5672
6335
3283
3596
145
448
2294
596
1598
1596
5637
4705
5725
144
2962
146
4079
1421
1444
4070
2291
6381
1590
4708
6230
4511
3286
33
5721
6199
267
1595
5451
4593
5664
5524
5453
564
7027
1076
6775
5832
6197
5349
5099
4219
7050
1691
1721
5292
1963
6133
235
5458
4795
6080
1811
5045
4965
1689
1310
1261
1593
869
179
5726
3160
5723
3644
1071
6407
3860
5768
2364
4068
4149
2717
363
4366
5780
4513
6505
4519
4565
4597
2007
3282
3256
174
5823
6029
5727
5965
149
220
216
1671
5581
5728
617
5833
2293
2314
4144
6860
5392
3681
2206
2096
2513
3289
3870
3280
6415
825
4709
1319
3079
3072
5061
5062
5276
3294
3549
2713
447
3106
2710
2394
5319
5665
5459
4796
5474
4791
4707
4702
2349
616
4603
4563
4453
4336
2292
2297
664
4148
5238
6324
5969
6974
6190
5967
6334
833
123
7150
5897
7
1441
7164
1115
6538
6869
7153
6773
1793
1070
3876
740
4367
3863
2350
1411
6854
4323
3695
2943
6553
783
1111
1381
4141
4140
6149
6739
6139
6138
369
6137
6572
5528
1401
5121
440
5837
2485
2587
6006
1920
476
6366
2697
6427
3150
2032
3080
2792
1923
6417
1286
4703
1280
1597
4580
6452
1599
1422
2066
1782
6897
5617
3566
2573
4248
4609
4423
4421
2075
4468
4575
4384
4369
368
6433
2198
4591
63
4517
4237
3983
1116
1026
3545
6971
2582
2649
1017
7013
7019
7051
7052
8
3085
3066
499
500
3013
3002
3590
3591
2512
2511
4139
6711
4099
2324
4082
2333
4075
6832
1150
4635
3971
3877
3875
1075
3745
6877
3646
3617
2430
6402
2077
5457
5097
1448
2898
1732
5546
6151
1439
201
136
5199
1816
5164
6236
1814
1656
5598
5576
6198
1728
5963
6315
1684
1682
1703
164
6134
5454
1314
5920
1791
1402
1386
6055
1554
5738
6401
5558
6071
5478
1686
3874
555
2443
3925
3793
2435
1408
233
1403
3981
3982
3996
6769
238
1077
2458
3759
6037
3707
5926
1504
3149
1469
162
5820
1449
495
163
7163
1494
3012
5873
2977
496
5492
900
6000
6065
1677
1419
3623
5534
6099
151
3598
3593
6023
2519
6936
6021
6009
6896
6726
4668
1699
1284
6531
606
1817
4465
4461
2338
4428
4426
2183
593
6192
5066
5067
65
4514
4995
6492
4553
4665
6403
4696
1311
4608
6376
6372
64
1316
2036
4589
2060
1899
6435
1858
4560
6333
1794
5835
4120
1704
5161
1387
1226
4156
4110
6593
5094
5384
4089
4249
5153
5412
1723
4143
61
2335
5070
4330
378
1079
1907
2734
2396
2712
1497
2223
756
785
2312
2357
1983
1493
2871
619
2875
2884
1490
1496
2699
854
1457
2252
2466
1380
2267
1796
1333
1052
1667
2157
553
653
1269
554
1867
1655
1687
1412
608
2672
2677
2678
2686
749
1591
2299
1264
2694
2431
2560
2081
7169
276
154
4628
4604
4602
5976
4581
6008
135
6062
4436
4429
6087
6130
4387
4368
358
359
5606
6339
4250
86
4154
6405
6411
68
303
4672
5953
4706
5554
5519
5619
5496
5495
5622
5479
228
231
232
5452
5285
6532
5659
5732
5130
5068
2942
5060
5747
4997
172
5831
4976
4966
5848
192
6545
205
6973
3919
3167
3894
3170
3869
3242
6916
7168
3861
3255
3599
3281
444
3304
51
6716
3721
3929
3288
4072
4071
6602
6909
3392
2996
7023
6895
6618
3018
6643
3110
6858
6842
7054
6987
6979
1492
7002
5755
5774
6555
5746
1586
5650
5642
5627
837
7053
830
7158
799
7160
1650
5618
859
5720
6765
5878
6705
6657
1123
6195
6220
6371
6146
1315
1159
6384
1176
1209
6514
1211
1157
1489
6145
6097
1460
6872
5968
6742
1447
6723
1400
1090
6022
1425
6033
6074
6078
6082
1442
6148
2922
5561
3594
2439
3966
3972
3976
3979
3980
3989
2385
3553
4002
4066
4076
4078
2326
4092
2322
2318
4133
4145
4037
4230
2522
2527
2960
2967
3003
2821
3068
3122
2715
3158
3287
2523
3290
2655
3422
3476
2579
2578
3482
3525
2570
3532
3339
4314
4316
4317
4797
4889
4903
1857
1854
1828
5008
5033
5042
1922
5073
5167
5229
5271
5280
5345
5398
1698
5489
1678
5076
1926
4663
4640
2290
4320
4331
2195
2190
4392
2178
4399
4424
2145
2107
2080
2078
4456
4464
4507
2071
4512
4564
4592
2006
1660
773
0
631
77
139
360
140
199
706
584
743
195
193
190
443
618
745
565
74
264
221
516
506
125
2991
472
6096
2905
3293
3316
5922
3329
3346
5272
3388
5877
4697
3412
909
1537
3413
5871
3418
6143
3436
6147
5847
169
3398
2910
4566
5244
3001
3019
3023
6077
3065
1676
3083
5233
3098
1658
4601
3120
3121
1652
6030
482
5194
3479
4676
2921
1620
6005
3253
974
920
6654
6779
687
3531
3901
4310
3912
1287
3920
3932
3941
1121
1122
6900
3977
1127
5549
3890
4255
5527
4236
6972
4083
6929
5426
5499
5488
4128
4131
4150
4207
4159
215
3519
367
1097
6783
4459
1028
2812
3556
7026
5758
4425
3603
1445
3616
1048
1432
4315
5722
1061
3685
5678
3725
431
1373
6831
5631
1346
6847
6856
361
4328
1056
3551
3148
1821
824
826
827
2440
6355
1987
6569
839
2515
4870
545
6552
6312
5056
275
1953
1952
1943
2574
6289
620
5089
2612
6588
5055
560
562
4898
2161
6484
6510
4999
2207
2239
284
2262
6438
758
7162
76
6424
2088
2085
4958
2313
2070
2067
2336
7156
2374
4910
611
814
6590
2639
558
6203
1827
4722
6234
2705
6233
4766
6237
2695
6193
1852
1884
602
1318
1317
2328
2064
6646
6644
6617
5582
1313
6879
5601
5595
1844
6204
