6840
4417
870
108
150
1200
6202
2304
3967
362
5212
7061
1051
4339
5030
5078
261
5465
5792
6091
3007
7154
438
3367
2945
2216
2419
2795
217
4178
5713
3552
5076
7003
1058
1578
2659
5803
1789
3189
6845
4534
2652
3217
6541
3179
4187
6087
7156
5082
3364
4458
1902
1336
2397
5988
2467
4038
989
6457
4413
2541
3914
4786
5715
5014
2647
6788
5526
3546
5340
2479
1255
4170
2306
3417
1053
2473
5211
6978
2587
1840
5429
7157
2301
1848
5804
6032
2799
5179
777
6008
5974
5260
6225
6519
3084
807
7065
5523
5257
733
3183
4621
328
251
5675
1424
5158
1240
3307
2760
4183
5316
4124
1618
4108
6996
5448
2368
1629
1395
2309
1052
4181
2249
3168
1713
333
4893
5300
2470
4927
2650
5761
1248
4073
1614
1253
5396
4195
6406
5370
5800
6585
4185
2830
4284
5696
5795
4190
5813
6326
4537
6420
1914
1716
2941
5251
2562
3186
3100
5312
5899
258
3517
6885
329
751
1826
1780
4120
3174
5425
2461
6753
3643
152
3118
5050
2657
7130
849
5154
1645
6086
5788
1610
844
2464
5760
265
2974
4188
5711
4632
6421
2996
1573
5591
5382
2789
5848
246
4559
1987
375
1711
5141
6481
5474
2043
1714
2658
1994
331
3671
1571
1268
5623
5063
7031
3999
6899
6968
1206
2887
6827
1718
6842
6084
6915
4337
2565
4875
6696
6207
397
2384
4435
6995
3110
5838
5527
6865
6348
394
7150
5310
2832
808
806
1662
2115
2835
4956
620
5870
3893
7004
5432
6786
4114
5641
1510
4416
576
3963
2769
4280
5149
1824
1623
2963
6864
5915
4123
2709
4030
7126
1203
5072
2708
4098
2064
1751
4951
6758
7151
6483
4080
377
1241
4077
6045
939
7137
4928
2234
442
2961
5764
1077
2003
936
6578
6555
6579
393
1398
1397
7160
378
4448
2707
841
2654
1038
772
4204
6797
3369
5840
3635
2849
211
4281
6232
4815
912
1802
3438
2854
254
6724
4630
1574
5036
5160
6264
5422
791
5794
6088
6589
2339
6018
2439
802
2753
198
804
6732
5
6428
6111
3578
4618
5743
6513
1717
2889
3994
3840
6582
3981
3567
1572
1868
4346
2208
126
2682
6750
5505
6422
932
4321
2027
5038
4356
6289
1879
3177
4370
600
3008
6920
5318
5346
3556
5427
4122
5626
3305
6140
1031
18
3175
5690
4386
1402
5628
17
2773
3744
1056
5021
1039
4289
1054
2972
11
2987
1835
3000
5767
5051
6884
5893
535
3557
2050
4128
2703
3089
3762
2413
5744
1259
2688
1731
1167
1237
1932
3647
3083
320
3479
843
2912
971
332
1302
4886
5806
3180
5944
3962
1622
1231
5558
1988
6509
260
3436
3848
1787
3847
3360
2105
4810
2514
5502
1719
4617
5216
1591
3879
5922
2797
337
771
6847
5793
4081
1624
197
196
2244
801
2235
6370
2248
2253
6016
874
3766
6702
3763
1979
2598
5460
3134
1712
215
212
5705
5195
6849
5849
774
4467
1810
2398
744
3497
3895
947
7133
1752
2793
1173
571
6737
572
1772
3966
779
789
3964
3117
1843
2412
3649
5605
6707
868
4085
2701
1710
6891
4088
652
3778
6705
1583
1260
3759
6118
3185
1256
1366
742
4186
6113
2533
6774
6742
2415
5883
6902
2476
6128
1829
6896
2401
4034
1783
6791
6123
1055
6498
2796
2127
4439
4438
1105
4437
2890
1174
4921
1244
1935
425
5763
5798
3210
4926
2009
5145
1179
2063
4613
2153
5787
3258
3280
1905
3379
336
4528
5707
1082
3365
5293
5151
6043
1080
6267
3362
7102
4843
4852
4478
2940
7123
1995
372
7106
2209
6416
1214
1463
1491
5320
2720
5321
6957
1633
4987
5345
5210
2335
3444
5237
1853
2307
2838
6944
243
5399
3004
2777
2989
6931
4637
4283
5691
1124
38
2630
4399
1550
2761
272
3550
1570
4379
2839
1396
2052
4288
5700
2540
5335
5336
2186
216
7158
2509
3889
5209
4688
147
5513
3366
3894
1955
218
2613
2156
5192
2508
191
6503
6094
3913
6313
5171
770
5166
3900
3182
5951
5802
803
1625
2816
1531
5839
6506
1999
5144
3771
941
3765
3318
62
5081
3178
6756
1184
6283
2474
4988
4989
5831
2640
7162
19
3301
1198
2040
5034
3683
3298
2488
1613
2030
3688
1
5625
1986
3780
945
5142
135
2456
2501
1307
3655
6772
1495
3826
5834
4868
6268
5106
2067
4881
1627
2621
1301
5100
6604
6770
5586
4896
2791
6068
6014
946
2069
6722
2672
4633
4536
4378
3960
6575
2241
379
4462
371
5858
5302
4376
4373
2242
5298
1811
5853
2932
2303
4041
1369
4532
6956
6339
6844
5898
2233
6223
4452
2946
626
6208
622
4127
6210
2550
2258
4412
1581
6882
2969
1263
4398
3519
4436
6704
7008
1739
400
6119
607
2947
653
655
1820
4031
3571
1044
3486
981
1034
1791
3456
6228
6922
6425
6374
2198
1252
4619
3446
3184
4627
6112
6913
5423
4638
2187
6109
2850
3965
4659
1846
5253
4254
6424
3559
1798
3214
4578
6131
6943
2895
3543
6147
5984
4012
517
6939
6038
4175
7043
2207
4567
1030
933
2626
2538
5686
1621
1042
3303
2496
6728
3680
937
938
1628
2536
6067
3350
3575
5712
1267
3218
1218
1101
5733
6718
2505
2607
3476
3393
6019
3642
1107
3455
3415
1232
3443
5664
1666
982
1239
2503
3648
2521
3212
3662
6049
3325
6413
6064
3213
3585
3507
6048
952
2559
5704
994
2619
6675
2502
5708
5679
960
942
3554
5971
2486
318
4554
1933
5917
4562
6518
4572
7036
2897
5264
1936
7042
5283
5923
2878
5242
2199
7057
270
6229
4634
5234
250
4639
4656
2851
2882
6222
1920
5290
4371
4372
4375
2277
5328
2706
2979
4391
4392
430
428
3695
1894
4432
4434
2948
2247
5308
7012
384
4466
370
5303
5301
2714
2232
5296
5217
5331
5215
5208
