3985
6878
3003
3989
3988
6877
2580
6876
1811
3983
6850
1812
6873
1813
6872
3984
3986
6857
3940
2788
3120
4616
6883
6855
6875
1818
1817
3091
1819
1056
6870
6874
5318
1540
6899
1814
5314
5440
3982
6728
3846
2782
2800
6539
2733
3626
764
6381
4125
136
1816
5892
5414
2454
5768
5706
4392
3863
139
5611
5085
137
3122
5366
2196
5162
234
2018
5833
3482
3991
2005
5763
2527
6854
5158
3941
3160
4309
824
5192
2703
5260
6858
308
1944
738
5512
1988
3255
4901
635
5056
5027
7044
6570
3461
2458
828
4085
1901
5311
6487
5463
5878
5669
1840
7022
6979
6853
4145
2647
4377
3076
7135
3778
3981
1640
779
2452
2955
4895
2980
335
4872
5780
6720
3780
3294
1117
3251
3033
2482
3478
2677
6411
3628
6405
5080
1345
2781
4678
5047
2939
4622
949
2787
2530
1021
2816
3692
7017
5233
4706
7024
6408
4876
5411
1934
1940
4255
3967
7142
2266
6901
82
1707
6574
4333
5655
814
5511
4003
5613
4273
4101
6584
5653
872
6672
7149
3454
4967
2892
5873
3966
810
2853
2917
2945
3469
5208
6864
6851
4689
5039
4276
5846
4438
762
6603
4279
4023
3987
5661
5859
3613
6678
5212
40
4973
5769
57
5214
821
3029
4836
5579
5629
2449
2445
6231
4143
6520
5328
6879
871
1783
5312
3128
2269
5252
4917
4558
5876
2240
2484
924
5879
5781
6032
923
1825
4942
5806
1890
7162
3121
5803
3125
1998
5045
5037
1881
5793
687
2814
5765
6187
1270
1274
3414
7049
3346
5817
1054
6799
5529
1048
1285
6214
3059
4838
1789
1295
2937
1786
6039
5316
4278
7023
2246
6112
1402
777
6725
3686
5434
5362
3849
2262
6727
6119
5495
2520
934
1431
5874
2506
2258
829
921
5388
3760
2477
4378
4638
5951
6975
1014
5760
5852
5487
7100
6396
6488
6972
5654
6974
5469
5922
6729
6977
3604
4649
1507
3617
87
2098
4120
6893
885
3789
6026
3303
393
3794
3776
3259
4434
4176
4514
1143
4424
3994
1076
6970
3546
5856
6852
3563
3517
3504
977
5840
6167
960
5952
952
4360
4034
3468
5835
3961
4335
948
5832
3462
503
4339
4775
4219
6867
4557
3979
3785
6000
2479
133
131
5033
6388
2254
210
2264
6378
1588
1279
4945
2104
5663
6567
4981
5349
150
6404
2505
2522
5217
2498
2491
2525
5234
2533
1460
2469
5289
5304
5308
5120
248
2982
6577
6523
5782
3056
2004
3024
1949
7069
1848
3022
2009
7081
1991
3095
5612
5614
2006
731
1947
3788
3786
71
5925
167
5317
5319
4435
6496
4427
733
735
2336
4032
6882
1481
4476
5877
5999
5218
4181
4183
1810
1815
3781
2483
7068
6869
3765
1892
5277
5959
2424
6734
6888
741
6999
754
5438
3977
2179
776
6538
5450
1611
2140
1667
1620
1622
6565
80
1656
1651
5483
6080
806
108
4334
1552
2057
577
3860
6898
6607
749
2260
2323
3884
5676
827
5395
3899
5670
118
5416
1575
6916
4597
3163
1032
6782
6780
1041
1430
6200
1292
2817
5766
1301
6783
4700
5847
5040
2789
2784
5853
2740
2734
5749
3561
6387
6370
5834
7086
3129
3224
1142
5802
359
3089
3084
3267
5814
3317
3318
3023
6844
6001
3446
4935
4772
1248
4766
4763
1059
2671
473
1231
4632
935
5203
5163
2658
245
983
941
3624
3618
2663
3615
2537
223
1416
5117
5204
2020
6582
3068
1630
6568
3061
751
925
2523
2535
937
3324
2997
6215
1107
3421
1666
3072
3376
3292
1704
936
1782
3190
3197
6656
1433
692
3727
4141
3127
1436
6936
6023
6665
3254
6668
1889
6820
4089
4088
1896
6824
3257
6128
737
2954
6715
1408
2638
1570
2247
3526
6464
2392
2256
3634
3784
2786
2785
897
1555
6473
1341
3827
6889
1349
3797
2711
2682
6489
6885
1516
2755
6723
961
3921
1249
3612
3682
1401
2913
2147
2461
2455
1598
3980
2888
2190
2883
786
2453
2193
1051
2615
3774
1387
2204
2830
2213
1037
3512
2480
3720
1769
4277
7126
5528
5243
5070
4784
4331
5508
7077
5717
5501
6988
4456
5956
7020
4960
4773
5429
4871
4326
7120
6967
5202
5443
4321
4878
5660
83
5447
4523
5666
7010
4925
4439
4521
5550
4809
5029
160
5634
4971
163
5599
4987
5811
4645
5820
4217
5630
7161
5201
2531
2974
3069
333
4934
4383
5299
2994
215
3008
3848
4380
1020
2509
2456
3847
5710
5253
5249
4430
3511
1472
3821
3791
5705
3040
5287
4708
3028
1215
5288
5843
6894
2501
1495
883
6721
1437
5920
3783
4473
2364
5164
3689
5753
4619
951
2915
953
2912
956
4633
1333
2780
6772
2884
962
7095
5049
5043
281
6156
2880
1304
7091
474
5767
477
4643
7029
6781
2836
2739
2575
943
4658
2586
3772
5776
3769
330
1015
5785
5851
2944
2633
2634
2637
2639
920
2646
2652
326
5110
5858
5744
7032
4659
7021
2927
4603
502
2718
1004
7103
2919
3867
479
5302
5507
6680
3253
2007
56
6842
5801
2013
3236
2025
1654
2026
746
6590
4021
2046
4006
4274
1147
70
1151
3869
6973
1631
1629
1624
3178
91
67
1075
5805
1948
682
6655
1109
6237
6641
13
5631
6661
1744
695
4128
1100
1820
1965
6939
1847
4834
6933
6834
5557
5555
4215
4221
6038
1918
6826
6954
4074
1841
5667
3434
1156
3909
800
5830
3945
6085
135
5363
2267
3924
3895
6976
4745
2320
5836
2278
2313
4746
3893
6909
3119
3890
5444
4910
2173
164
6701
3078
3083
3970
4327
3479
1539
7144
5426
3088
6532
4974
4920
3038
354
2882
4968
1205
3043
3087
5815
6784
4908
3077
5786
7057
1118
3172
2979
3150
370
3124
2983
5789
3009
5800
3228
3123
4940
4926
2897
5788
2930
3239
3109
3102
3100
7061
5787
2918
6825
4923
4921
3093
6267
4947
4174
1427
