1997
1999
1842
1846
5242
1843
1996
5241
1845
5243
2455
1987
5178
1995
6867
835
5843
5176
6487
7152
6547
7159
5897
104
1607
6523
3117
657
1901
6950
5214
2582
7044
6861
2304
4956
3197
324
7115
3091
2274
4784
5617
3239
221
3613
5589
2587
1844
3619
2813
4993
2787
4972
3237
2784
1799
3317
93
5849
4693
1998
4594
5244
4746
4130
907
2788
5171
1507
2272
4866
2277
4675
4339
1992
3828
1922
2392
6555
2005
2503
2752
2484
1543
3056
2526
1443
5234
5247
2275
5261
1402
5997
3471
5286
4688
5670
3559
1324
3962
6695
6699
2058
6757
1847
575
4524
5973
2799
1116
2631
3939
3231
5512
5213
2670
2454
774
4362
6869
5732
2321
5611
5251
6737
5612
5841
6195
5605
5008
5422
855
5000
2753
1582
1391
5240
2889
3086
5650
5821
6698
6416
4007
3785
107
1993
4144
7157
925
7124
4017
7160
3956
1929
4091
923
3649
1861
6866
4128
2278
5896
2524
4131
5288
5299
3667
5334
5898
3655
3089
1115
2488
6109
2330
1940
5003
1569
6410
1567
5078
4132
3786
5105
79
6939
5175
319
6983
3113
5080
5356
4996
522
5676
4467
839
4575
2115
1040
5766
5767
5452
3523
1994
3522
1656
5519
7167
3617
5608
6847
2002
3646
1023
3615
3234
1780
5528
5609
650
1572
4011
4013
504
1866
5548
3915
2786
3051
1037
5845
30
579
6458
5840
2585
555
7045
5436
2888
7135
3061
3080
2675
4118
3081
5280
2525
1818
6063
6070
4076
2573
145
2796
6567
4764
3376
3707
4853
1586
778
3612
6728
6608
3354
2256
103
837
3284
6854
1131
4862
2273
148
6553
229
4991
220
3643
1664
1982
2322
3524
832
2551
898
5499
4115
5671
7023
2509
105
1510
5285
346
3084
4864
4114
622
6008
5974
224
5319
376
3508
6655
7114
2667
4070
2677
410
4462
2972
3005
5479
3405
2662
5298
803
3008
5485
5760
4090
5759
4791
2588
4616
1849
2249
4808
5318
5314
3651
6691
1374
3110
6868
6351
1092
5584
5109
6285
5079
4327
2389
5583
3856
6725
4935
100
5155
3618
244
1259
4994
4999
1578
5004
5588
3820
6503
3788
5006
6488
2793
3640
6387
2364
1258
2399
3865
6962
6971
5190
6540
235
4927
1530
1393
3932
4026
4015
3983
6999
4188
2279
3111
3909
766
1804
502
3553
5524
5526
2876
537
4494
4574
5552
5481
3982
5571
3648
5506
846
3966
5508
5510
2809
4465
2845
2798
3567
1773
4466
5480
4521
4002
3258
1320
4049
4928
4147
4173
5239
5237
3642
4178
4186
4197
3136
4204
948
5167
5161
5128
1409
4970
5039
5015
5009
911
5007
1256
4377
1254
761
3940
762
4134
2949
551
5398
3474
3024
3025
4077
3374
5353
5337
5335
3367
4463
783
1323
4995
3699
5290
4120
612
4121
617
630
633
3093
5252
4095
654
5518
6542
2581
2216
2204
6664
5890
6667
2104
6191
2259
6732
1991
114
1970
6857
1951
6872
88
1925
6746
6577
217
225
6204
1538
292
2383
6362
1560
2505
339
2521
6392
6409
1568
6452
1574
6470
5998
1576
2296
226
83
1913
6188
5624
1415
1900
2682
39
6978
1414
1840
7077
1868
7126
1781
1854
7163
1724
7016
2767
1727
3260
6481
4099
3949
4990
741
4941
3275
4938
6534
7026
1237
3316
227
4124
4127
6569
776
6533
4997
941
6438
5232
5230
308
3120
5205
1295
3129
3179
1537
1546
1803
1850
5140
5101
7150
2370
4045
1562
5018
5012
6399
3341
35
3253
6283
3356
1219
785
1138
1667
6779
6972
1974
3912
1886
4431
4427
6865
949
1947
1942
6898
1938
1909
3821
3895
6909
1703
4334
3851
3854
3890
4227
4253
940
4154
6595
1661
4538
7007
3869
3370
4792
7006
194
1622
3383
2163
4682
6986
1867
833
3936
176
2112
4609
3569
2100
3572
3934
852
1651
1653
4570
6721
2007
3628
3603
5590
6180
570
5357
2621
6186
578
5891
5893
5332
5955
375
5848
3059
5972
604
5282
5981
5986
616
1314
620
5263
626
2577
5847
5379
2663
1418
5555
5626
2802
2789
5523
2757
5668
4005
5511
5693
2686
5709
2817
1444
2852
1445
2681
5475
5457
5826
5416
2953
3088
2508
7169
6107
6105
2452
2489
323
5255
422
1971
896
897
6149
2459
900
5421
413
85
4424
5788
4397
2913
6212
5800
2896
915
4367
2886
6902
4347
4342
5786
3653
4528
2676
4611
6261
2074
3578
166
2660
3610
5174
859
862
2009
2006
3620
1350
5833
4522
5832
3635
6735
2964
556
2004
5827
6805
6822
6836
6839
4461
1980
5763
4321
4129
5217
987
7027
1051
1398
7042
3946
5229
3954
7059
5561
2805
7061
1403
7130
5582
5614
2794
1784
1783
4014
7158
1408
1411
4009
1299
5660
5215
4137
4320
1914
3863
430
5185
1080
2405
5708
1905
6949
4195
5704
1893
6164
1872
5207
3923
5514
5674
2408
6982
4143
4142
5664
4140
6192
1055
3166
4612
3054
773
373
5296
2318
1577
3362
5992
6099
4974
3262
5962
5315
2220
4978
6106
3082
5275
2209
3378
4924
1501
3379
4992
5331
5278
5085
3263
779
4923
1239
4920
3287
6543
5600
1588
1318
2529
5099
2549
768
5289
6549
3094
2382
2385
2553
5279
3273
6326
2578
6581
4843
5146
4925
6476
3507
6428
723
2135
4668
2124
6413
2337
6657
2189
6660
3552
2117
6414
4631
6417
182
6000
4687
6666
618
2522
6011
3238
3400
4725
6473
5935
2378
5072
625
636
3384
3092
1811
1554
1789
2504
1071
1879
1266
2310
2739
1815
3958
1416
3119
1728
3943
2783
1049
2791
2780
2801
2375
3115
1052
3941
3085
1739
2334
1532
1825
3282
3935
1063
1395
1333
3134
3427
2167
2956
1662
3481
3500
3501
2148
2139
3233
2975
3001
2050
2398
2073
2500
3604
2590
3560
2613
2109
1167
3230
3647
3561
3211
2634
2393
3556
3590
