682
5630
5330
4718
5797
6496
6875
5508
5337
5146
6419
3986
5504
6876
5144
19
2083
57
1239
6873
3984
4595
4651
5344
5333
1234
5339
6874
6734
2320
6412
6870
3033
6374
1819
13
5149
6015
10
5204
6416
5331
150
2566
3379
686
1956
3245
15
6767
1279
4782
2830
1516
3097
4454
5207
5185
6850
4016
1959
5810
2161
2244
4776
3893
3584
3988
66
4427
6878
3107
6818
1909
5107
1032
683
3246
1059
213
5022
4017
4655
5170
3841
2763
2764
6010
1951
6377
6018
3940
6019
2003
4011
3982
2766
3985
1784
6998
1084
6557
2340
3349
6677
6464
158
5822
3292
4488
1235
3247
6879
3240
2711
6948
3444
1957
159
5639
6474
153
5537
3588
4684
6016
6807
6013
2759
6772
3249
7017
7024
3370
56
3446
3480
3502
6925
6877
2365
2271
2278
1083
6713
4779
6379
2240
3243
2255
3815
2594
3896
5505
5794
1866
3314
2754
7022
3343
3344
4331
2529
2498
3401
6389
1902
1905
3477
1906
5828
3484
2453
3622
2484
5661
5294
862
14
4842
5042
5153
689
5172
4463
1080
5223
6788
6719
1813
954
6766
2565
1958
5780
5023
1810
5626
5610
2835
4688
5986
2001
5760
5982
2751
5391
1453
4760
3500
6954
6586
4715
600
6369
940
3312
2561
4337
5222
2939
6166
5803
6017
5829
469
782
4253
16
2952
569
4470
2834
3628
1812
2279
5342
2165
3518
5304
5336
5820
6718
107
3581
2562
2576
3248
3514
7145
3613
7126
2589
1042
784
7020
7060
4774
5812
5774
6257
3507
2564
5771
3612
1241
3866
3487
5562
5295
1900
903
876
4277
2468
5472
6413
12
2469
4314
4321
2765
3476
1870
3474
2800
4481
3472
1882
4195
3003
6978
3135
3127
6376
2012
5071
2753
7120
3989
1936
3054
4666
2756
6395
4053
3039
910
4590
4654
4444
2492
1045
5871
5032
1031
5013
5040
5500
7023
2833
467
2788
2768
2965
2969
6014
6012
5179
2758
5993
951
3119
2742
2567
5148
2686
3241
5134
5110
7159
498
6947
5101
3297
2588
5080
5075
2583
3341
3441
1048
5825
2481
5791
3690
284
1338
281
2218
5767
2169
5538
6411
6410
1389
5553
1904
7091
1930
1937
2045
3895
6463
3897
3941
3977
4682
5400
4621
4667
750
4841
2253
4018
5851
5843
3485
1081
7037
3508
6924
3511
67
188
157
1089
1841
3481
4934
5824
3564
4333
3580
6418
2276
2275
4334
3486
923
1840
6483
6436
1876
6400
6444
6414
1880
685
1889
6495
6810
666
6443
493
2755
2480
2458
6934
2525
6191
2405
6944
1038
6726
2288
2273
1232
2264
2196
2194
6784
977
6852
1980
6851
1512
1443
2750
6853
2052
605
6760
2689
602
6325
2164
1391
461
3164
5642
4233
4217
2837
4047
237
3907
3898
3891
5703
3757
5775
5539
5789
5813
314
5827
3483
344
3447
5868
5872
3387
3378
3374
3589
5526
4344
5501
5217
5211
5165
5147
5070
5024
5296
4954
7140
4952
5328
4856
4794
7129
4717
7124
7122
4656
4645
5441
4558
5447
4528
4507
156
3340
3319
821
5931
3124
3291
3130
3162
3299
6049
2883
6029
2838
3191
3198
3190
4425
5414
4467
4476
680
4495
5985
4622
4550
1725
1861
5999
4559
5435
6865
6468
5989
4627
4353
1864
5685
6898
6894
5640
1952
5622
1934
1932
4393
4209
2739
1903
4255
202
5543
4307
3037
3318
214
1642
517
1624
5012
771
1049
7142
51
1041
1039
5063
5090
5297
5102
6823
5155
18
921
917
5180
11
5203
6072
5139
468
2910
6089
1557
3899
4662
4664
4669
5389
1448
1445
4706
6604
738
1393
432
5377
7128
2944
6027
1237
4833
1233
1158
1625
6554
2836
3529
2487
3296
2495
7030
2239
2231
2258
3391
2520
5772
7068
499
6938
6194
2514
6918
2597
6207
562
3506
6246
2361
2400
2403
2033
2646
313
5814
3489
2454
6928
3587
3478
3766
3816
500
3375
2041
3342
3347
2046
513
2047
5921
3883
2563
5706
2085
3310
3849
563
3847
3381
3848
915
3348
5103
897
4790
2408
3504
1348
1360
5122
5367
2541
5210
4744
871
864
2585
6235
6240
1427
3030
2580
6813
6768
1385
1383
3270
2607
959
2886
1449
1047
3376
6795
5054
2497
2859
2522
2891
2490
955
4973
927
1086
3385
4953
2892
5251
3462
4928
4924
5073
4907
6764
4960
5113
3892
1471
5565
3819
4258
4275
3813
2745
5534
5533
3136
2166
4350
6321
4363
6320
2209
4410
4411
2147
4424
2099
2089
6378
2018
2044
2682
3980
3987
1981
5681
6111
6392
5663
5662
2060
6364
5634
5620
1933
4205
4443
4478
3700
6487
6498
1659
2326
6520
2339
1586
2616
5409
1517
2761
5841
3509
5394
2762
1511
1492
3582
6123
3586
6122
4479
2752
5778
4501
5783
4523
1834
6118
6583
3047
3634
5443
6002
5440
6446
3595
5433
4618
1818
4358
2615
565
7063
516
6931
7123
649
464
225
229
7087
692
690
568
667
7016
101
681
20
6914
103
640
288
721
6890
7009
247
695
330
4901
2824
73
6219
3304
4956
1201
5519
6469
186
201
3315
5334
2832
3333
76
1156
4274
1160
4909
1166
6462
4328
191
4932
1816
5558
774
4189
5043
5044
6405
3792
2900
1034
5049
1953
5055
2285
6770
5057
2925
3211
1004
5584
6730
5041
53
4254
6248
2807
4989
5749
5299
5298
5564
1884
3762
3764
6408
3267
1069
1067
1908
6044
770
5884
3380
4368
349
5467
5396
5469
6611
2683
4707
4711
6178
5853
2568
6108
3457
4734
4735
3561
4747
6120
4498
7051
2673
2636
1490
2609
2603
5442
1507
6569
4638
340
4567
6127
6566
6125
2592
1421
5404
5445
2586
492
308
6625
2757
2483
477
5362
7100
1688
175
6208
5502
5793
1242
90
178
5261
4380
2787
6085
5866
4421
1282
4429
6540
4755
6538
5857
1332
2539
4772
1622
2804
2524
2507
