6889
1202
5366
6883
881
5272
3436
499
4529
6880
879
5150
336
2147
4863
2518
4389
888
1201
4221
2700
6884
554
384
5702
2008
4360
3592
5276
3594
2460
5051
829
4876
3172
6290
5666
3871
2469
3300
2097
1275
6994
7101
2336
2712
335
4364
1523
294
1529
5774
3355
5367
5660
2534
6715
1520
5151
5386
2339
3724
6106
330
2098
1728
4800
87
7100
6132
6992
6135
4870
333
4872
6895
4369
1744
4327
3875
3723
5359
1109
2476
2094
7102
6896
2386
3959
2144
471
5054
2096
3593
338
613
3706
4730
5264
1251
6873
2536
2188
3961
4558
49
1526
4556
7118
4155
3990
5267
2861
3174
2134
2183
2516
887
1205
3173
1503
3522
491
851
6962
2182
337
2658
2646
154
1490
874
5426
1682
872
5996
2531
552
2251
43
5086
877
2057
2061
5354
4525
6209
2511
5175
2593
1934
1273
363
5155
2705
6706
6704
4897
4523
6074
5879
3350
1279
5425
3433
873
3954
4557
4301
2301
3969
6139
732
3874
690
2711
3595
5306
1699
6314
40
2707
2591
4809
7149
1027
6963
496
1802
1813
6071
2052
77
1376
3539
4894
4424
1528
2099
2146
3112
1535
3323
4849
300
2624
6187
1215
1259
3321
3965
3381
6131
4805
2592
5726
6770
2609
1148
5857
6995
383
6990
5747
4365
4846
1129
3992
1128
3814
6716
6983
4216
4841
6701
6700
5754
6663
4963
4898
4440
2239
82
3685
6302
95
5416
1495
4875
3590
2257
5363
2013
5415
80
4606
1725
2137
5487
3013
3015
5721
4280
6844
1413
2095
1895
2090
4895
6330
1947
1508
5688
1157
5664
4740
6258
1372
734
736
5752
2467
2890
534
4232
1209
2461
4173
6518
4848
4789
6726
973
4483
4819
936
2620
2702
2601
1748
4486
6319
2706
1720
5642
6103
1691
3597
5245
3263
405
3579
5361
84
6993
5368
3326
891
4553
2417
3387
1501
5085
822
5271
3968
4303
1244
296
4528
5748
3729
1257
5888
3327
312
4560
7014
1294
2863
921
553
3993
6600
3129
6631
6638
827
2530
4254
1295
4309
5739
5041
423
5644
5404
5744
6307
4380
6294
3489
3909
1943
658
3182
3835
4482
5556
6370
6186
1847
3014
4450
6892
489
949
850
6085
2629
5228
853
6669
4807
3414
2600
4550
1908
3998
5238
2703
3906
2332
6965
934
3195
1016
6877
4180
400
4586
358
1252
7091
6702
4874
2482
3307
6126
4706
4708
5140
6685
1248
2898
5685
3317
306
136
2140
2142
5668
2148
331
5684
4387
4084
3783
3330
2180
2868
1590
6189
4891
2515
5770
4847
6999
2514
5465
4867
382
4568
3113
2067
3570
696
2092
6996
2198
694
5065
2499
2859
937
2882
6890
493
3011
876
3053
6886
4030
816
6066
4044
5328
889
722
5320
6857
6064
2864
899
556
3017
856
3016
871
6003
5574
783
581
2063
1633
5239
6603
1130
6989
389
386
6452
3979
4510
5076
2149
6707
1204
339
2189
3322
2136
7039
250
7097
1306
1303
4551
4744
4527
1570
6651
88
3348
4522
3537
5172
6113
2259
4814
6596
2610
3188
4637
4293
3720
6967
3448
476
4564
977
4111
1809
6581
160
4346
4304
6111
2594
6736
1757
5364
6101
5307
4793
1887
4813
6414
5263
6237
2881
4877
2123
5380
1562
2141
2171
1527
6077
5943
1814
6399
1796
6401
1841
6402
1790
5914
4635
1777
3890
1890
6878
4421
1940
677
4400
6301
4605
695
2068
4159
5495
4599
5178
2093
1595
4597
1944
5474
6198
4726
1206
2494
2495
6720
2740
2734
905
3901
1125
1117
916
2710
1099
2539
6109
922
4801
2604
6772
6780
2656
5309
2695
978
950
4470
4834
2437
2192
884
6655
4567
6590
1453
2250
797
5980
5991
1445
4559
823
4860
4552
5310
6607
1412
3773
6008
2313
6621
6623
4460
6183
6151
1302
2400
6650
6654
6661
6887
1819
122
3703
3119
591
4222
167
472
89
3033
5028
3114
7142
44
7078
5725
539
4368
5362
3599
5723
3683
7007
5092
610
3591
5722
5706
604
5357
6901
477
3334
7023
6977
5088
5052
6997
5410
492
5741
4905
4337
362
479
3059
3725
3655
587
7108
469
1152
5170
7075
2229
4562
3544
5815
2490
3081
3778
3291
3439
355
3952
5419
3841
3303
137
825
1498
828
5601
4174
6705
181
1487
2195
3682
138
564
4291
4199
189
3080
2491
6689
5466
4701
557
6172
5833
6668
7012
2720
913
4226
1298
1245
274
4526
4521
3336
2404
2709
4316
2708
2412
5119
503
2704
6946
3351
3343
2701
6936
6174
6630
6629
3956
5713
3411
1203
4458
4739
329
1392
1211
4432
6617
6128
855
3722
5116
1375
1218
4461
5275
537
2325
6619
5728
3813
6672
252
1377
5528
6656
3546
6326
422
5904
6104
5193
1949
5934
6457
47
2611
6311
3259
1743
6308
5646
1970
6303
1105
5903
5575
4418
1107
3982
1572
6297
4505
716
4223
28
6332
5911
1050
3652
3715
6981
5340
4803
640
666
5412
6753
6404
691
3997
4907
4395
1889
2579
6875
2576
3634
6350
3630
1749
4394
3627
6750
2004
6299
3707
5663
6991
4878
2054
5652
3659
4821
5949
2059
2060
2065
3978
586
2878
6912
596
4163
595
3868
7106
5128
3574
109
6088
789
4913
5950
2005
7130
3585
2108
5542
4194
2018
398
3981
396
2889
1588
5463
3876
5127
375
3977
4487
3342
1151
6756
4315
426
3816
5753
3301
1200
380
4520
5750
3711
3704
1207
1113
6684
3710
347
1100
5768
2517
6680
2548
3255
3988
6133
6105
4965
6695
3305
2431
2512
5907
1444
1271
1994
1998
4676
2015
2024
2025
6291
3877
1647
5254
5190
2048
2051
1635
81
7116
3865
92
6506
7104
3666
5665
1643
4673
5244
7139
1815
1811
3899
1803
7167
5222
1791
3646
1786
6412
1881
1883
5377
5031
1932
6433
6318
6455
6315
5241
