6896
3968
5076
5151
1251
1252
3173
6890
2887
949
6892
5996
927
2008
1248
6992
3177
3969
1254
6993
941
6999
6995
733
3961
6435
5155
6990
5159
3885
5072
5992
2188
1244
6326
1255
945
5891
3178
3436
5997
5990
779
2680
2687
5885
942
1721
2186
564
3448
7149
6139
1259
2303
6080
4965
2717
3963
730
4766
922
5346
4849
4250
4845
3877
6996
384
458
6518
6822
3871
6891
5150
6514
2614
1029
312
65
732
3174
1439
6994
5156
3519
97
771
2051
3810
5991
2880
5192
6706
2180
2182
5079
4254
943
5051
4450
3825
6895
2198
5152
3081
6889
773
5763
1257
1679
2711
2183
5923
1691
1256
134
3842
831
6021
2469
1433
1460
938
3966
640
378
326
756
7112
2923
3114
3168
801
5249
4673
1258
1814
4565
1247
257
4252
5557
1934
1273
2600
86
3683
78
3769
6196
947
2187
1075
5343
4830
2105
3763
4336
2672
1021
6205
6772
5875
2251
2613
1571
3172
783
2259
1604
1245
596
939
5237
6893
2882
4257
739
4848
1851
3362
977
5235
6366
3012
734
3363
5252
932
2108
4926
6812
5073
4035
5157
3695
919
6991
5275
3188
928
2005
6117
6427
5177
2318
6046
4913
457
2515
2494
4713
2598
5332
2713
502
753
1728
363
2659
671
3409
6433
3765
3181
5272
1692
5299
5319
5929
426
3760
6112
5920
5475
3773
7021
1438
3872
1609
5613
4519
3013
7142
5045
2148
794
6124
92
6133
833
920
2313
5863
2109
3962
6211
5171
6198
3960
2482
5884
672
5714
1202
7014
425
1098
5888
4674
6829
3369
2591
2570
2052
3840
5960
4515
3546
7130
5486
3225
2107
3952
126
3385
6026
138
4915
6258
5876
5153
5895
4921
3693
74
6113
5663
5666
6241
3454
4259
4968
4251
3778
250
3011
2213
2195
1018
2676
3978
4971
4560
2689
778
4835
3185
4067
6086
1232
292
6123
2654
5087
4066
5784
4840
436
2463
5631
382
599
499
2252
6770
3762
477
2624
1578
5415
5980
1015
1619
1575
2239
2712
462
5374
2284
4844
2740
3590
3848
4870
4876
1539
1097
3856
5644
7139
4181
592
2629
594
455
1025
3766
5474
3560
5711
2123
5495
1117
5021
1796
4676
678
679
2030
5819
6239
3183
2400
3432
6846
3179
2406
814
3437
6506
5999
4273
267
5236
2885
4609
6725
777
774
6722
2487
1269
3879
3929
5953
2093
5874
157
4916
4708
2944
4697
3875
6524
4691
333
6129
6997
6228
7127
1778
3687
366
5239
5419
1547
5861
805
1249
6308
2708
3911
1024
6322
5154
5957
5245
5949
6333
793
1570
2888
1297
2821
1434
2960
4977
856
3819
984
6290
948
4878
1376
1471
666
579
5883
1375
1080
5200
656
4095
1077
6118
5085
908
2853
3186
4953
1235
6280
6897
1526
4098
1050
3038
4839
1152
3916
936
6857
5070
336
2475
3364
221
5713
2467
3684
4360
6050
4611
4764
94
2175
4564
2277
3774
370
1723
2006
6498
5561
5736
2623
1856
2528
5975
3767
2519
2513
277
6452
2294
2628
6724
388
3367
2532
6071
2493
6718
6715
6712
3757
7120
190
2032
6732
6461
2125
2679
471
3657
6081
4703
5702
2096
124
3339
2191
1776
1773
4483
115
4794
2099
2359
3768
3749
3639
168
6024
5748
355
3510
5433
5660
6581
1786
1339
4679
6399
3878
3184
6210
297
1855
1815
1356
275
6831
7141
5314
3182
5747
5857
4215
3424
4082
4961
5080
6318
4963
677
5745
7083
3434
3435
2292
6087
2881
2037
838
921
4534
845
2380
2925
104
4327
3965
3685
3919
6230
874
4334
136
6136
6343
1115
3066
2966
3688
6348
3075
1110
823
2407
926
946
2508
1611
750
2501
2499
3890
758
6840
2827
6711
4000
776
6708
2474
81
6704
5233
6701
2430
806
807
808
7110
6387
265
3899
3189
1503
414
4406
1652
4877
4177
410
6438
1458
2667
383
6294
3814
1711
1437
5487
2670
5780
5765
456
983
3847
553
2661
3015
4847
1662
3360
5970
5768
3366
5132
3296
3298
6899
1493
535
1654
533
3651
2705
604
4912
3402
2700
1729
1059
494
475
2250
3404
2703
2609
358
1595
1402
5432
6085
1600
4902
6020
1243
3355
5412
6585
3124
4302
6344
3123
4350
5956
4408
1027
1246
3072
1603
4799
2326
207
1596
7137
1660
476
7022
802
6502
1594
6000
2335
2101
3981
3299
1250
4303
6872
5844
453
3925
162
2354
5887
4316
3979
4399
464
4030
3694
3553
6946
6009
1187
6023
2675
5879
2376
6768
452
5995
6006
6128
4478
5681
3544
925
924
174
5398
5632
3815
835
6384
4771
1211
840
451
1204
2714
3149
3987
83
2616
3193
900
5492
3429
4076
2808
6404
1818
1341
6356
4671
3039
4670
976
7002
2618
1090
6141
2803
6555
6885
6742
6432
684
4907
3748
1387
3406
4924
6197
1384
3876
4698
2189
3659
3198
4681
2587
318
5661
4928
5917
4677
3421
2184
2607
4377
6457
4061
1710
6293
6839
248
4442
979
1491
1279
2893
6717
4176
2648
5769
6146
7148
5935
2272
2897
3650
5864
5717
3169
5162
4740
745
4974
2529
3171
2767
2293
5471
6441
4422
3442
4136
3438
3439
2278
4383
1102
2215
2304
4468
6901
4423
2171
4374
6570
3986
6028
2157
2285
2267
4364
1013
4003
5097
2179
2295
5086
5092
2506
2971
4131
1453
4891
2621
1432
1430
4901
6431
6102
4911
4187
1747
4919
4693
4688
2593
1779
4682
1790
4932
4084
6412
1358
6454
1812
4180
4864
1590
3021
2678
5951
5941
2710
6777
2718
2719
1537
1533
2724
2663
6783
2727
4175
2652
4846
2728
1675
2649
1495
4151
2751
2974
1354
1825
2903
6849
4544
6510
5889
6861
2040
2058
6662
1189
4028
1183
4513
2358
1150
1149
1148
1147
4498
1139
1138
6131
1121
2002
6462
6685
2452
6466
6401
4216
