6893
5200
5584
921
5233
2766
924
6523
925
5875
2880
926
7149
923
6693
4932
2944
5493
5499
3743
3962
920
118
5079
6065
464
2676
3749
6890
2664
3739
927
928
1468
6326
5202
4772
2279
117
5495
3137
4972
4838
3746
2489
110
2887
6899
599
3066
5205
5235
6029
1543
3734
2765
4320
3748
3665
2614
4974
4718
6812
2459
5331
2529
2978
4088
2767
5132
6383
2663
3740
3173
5529
6892
1189
6999
929
5667
3747
1875
1045
5473
3236
5776
1947
4000
4711
6799
6970
229
7148
6758
779
5816
2401
3730
3197
6026
2277
510
2888
4651
3585
6867
3234
1781
1780
2837
5153
2822
5471
5472
3668
812
2255
3741
6717
4921
1548
2675
3736
3810
600
4688
3565
922
3651
6586
941
6484
6482
949
1614
224
5190
4652
1789
6757
63
5588
44
5338
3872
2971
5253
1539
5334
5332
2608
3167
1063
6570
4215
6027
6357
6729
5806
5502
5497
1546
6846
6574
2406
4939
770
3733
1566
5027
1667
4742
5475
6996
6727
6994
3567
2376
1251
7122
6712
2882
5337
3731
3696
5492
5873
1776
3652
2829
5794
5494
2747
5798
5878
2392
1103
5372
1666
5565
1664
2761
3968
3091
7147
2121
919
3552
5775
3396
3070
2107
3061
686
15
5197
4645
3487
4740
5210
2924
4848
2945
734
5252
6896
3177
4747
2029
729
1537
5851
5023
3377
2399
6992
4312
2105
4779
3230
3926
4831
1167
714
2923
3441
6224
5314
7080
53
2571
2270
2252
1085
5339
4633
5772
4003
3031
2217
5171
5158
945
3069
4682
5427
1451
917
5114
3849
116
3606
2688
4125
1252
2501
1549
2673
2602
2672
5547
3812
6265
111
3738
6811
6158
1567
2552
5808
3818
2709
6021
3751
2340
3228
6715
2359
689
1469
1119
985
6392
5422
984
1561
3372
4363
3238
2589
3239
6487
3164
2256
6022
14
1364
4514
4764
3863
1945
3987
2886
6086
4066
3819
5818
3583
3517
7081
4784
3394
4585
5077
2970
1460
6358
5237
3225
6023
1106
3240
1526
6260
5161
1560
6371
2601
2585
5661
6514
723
2496
1889
960
3484
4686
5505
3077
2432
26
1558
4141
5778
2798
107
5774
5861
2184
5143
6718
2775
3737
4836
932
3657
2763
6778
4839
6179
3663
4741
1841
3090
6346
113
3071
5767
1025
463
1453
3533
6756
3075
465
4576
2275
2733
4172
4571
6545
3960
6706
5089
5198
4714
1624
4713
3500
4628
4614
4099
502
1928
6343
5801
6700
513
5110
2926
1849
2487
6909
5176
4596
1852
18
604
3508
4684
5230
2972
1861
2161
1909
19
7044
966
1365
6412
2478
6524
3399
4016
3346
3664
2824
2825
4006
6662
5716
2605
4361
346
5424
3195
5416
5415
5414
1121
2358
1117
3
6725
5857
78
4253
3297
1556
1540
749
3825
5997
3689
3686
4975
290
6255
4938
6205
6379
1665
2652
5487
3669
1156
2670
6481
6547
2739
2100
7083
2320
2464
2454
3211
6710
5766
5613
4180
3762
2303
3763
5299
4177
1575
2109
7168
5585
2884
2746
10
2324
3222
1092
1778
5343
5897
3215
1455
4937
6698
2679
5777
6376
1601
831
5024
640
5957
3076
2019
5992
2083
1335
3378
1949
2519
5673
3942
6241
4703
6978
3393
4835
6356
6667
114
4840
1350
3363
3247
1347
4689
1463
3922
4773
3331
5809
6993
6382
2008
5783
134
1677
4681
3653
3540
6060
199
3866
3659
6891
5862
2479
50
6583
2813
5635
49
5550
6267
4017
6451
5217
2288
5561
1362
5563
6275
3600
5713
6217
1239
4922
4399
3627
2744
5215
3757
6273
2469
6489
2354
2736
5399
5412
3650
5879
5393
5214
3964
6447
2714
5187
5186
5185
1663
4656
5177
6436
1181
6281
6435
5162
7145
2657
4680
1191
6231
1195
5812
36
5151
5191
961
6471
6215
6784
5542
39
982
5498
4146
2764
6722
6680
5991
6861
5990
4870
2025
3338
6211
4333
2001
1661
6008
1389
4318
2022
1122
3373
4365
6210
3683
1230
3924
1388
4202
1530
6681
1233
1132
1670
5996
1533
4833
3692
4005
4364
3311
1138
4074
3390
3410
3418
4719
6818
3877
1864
4620
3420
6694
3432
6816
1874
3436
6230
1618
4653
963
3446
4683
1304
3459
6041
1886
6355
1613
6244
4117
4659
4658
956
3485
1456
6704
1631
1632
1955
1606
6084
3568
4467
1339
3559
3855
6711
6171
6772
4435
6951
3391
1958
1651
3557
3817
1273
1331
1332
6328
4568
4748
1054
4565
3536
6754
1044
3919
6943
3861
869
3878
6777
3294
5549
2437
5538
6396
2422
5112
266
2416
5849
281
2790
2793
5507
5500
297
7125
2797
5088
228
2500
5973
5814
7142
2718
5817
655
5959
2472
3178
2471
2741
2956
2751
5084
7127
5810
2181
335
5920
5921
2928
6459
6448
2276
455
5260
457
2976
5929
5259
5256
5236
5249
6463
2823
5196
2895
2827
3067
347
5155
2355
3296
2351
5387
7095
6588
6469
5342
5178
6439
5192
5792
2504
5241
4965
3237
68
4950
6511
71
2040
712
711
6374
741
718
6525
3293
62
4956
717
5791
5759
750
4935
92
5785
3255
3989
7146
6470
3602
3586
388
1419
4377
6220
6723
316
2811
3661
2819
72
4007
6585
344
5429
5418
7084
1411
3852
5764
3613
3985
5330
3573
2283
5769
3961
41
2280
2274
2618
6064
1467
2272
5786
5787
4582
1018
4592
5245
1483
6526
1047
6067
2883
7115
1076
6709
55
2570
1436
2897
6322
6083
4484
1817
1060
2293
6465
3871
1050
5335
2810
1400
6491
125
5637
6270
190
4160
6204
5633
6175
6822
6271
121
1637
4170
2475
2735
4179
6751
2680
1361
5643
4137
4085
5662
3813
5660
150
5811
1603
3815
1305
2497
2687
6261
6813
5681
1299
1298
7143
138
4324
1254
6501
6152
1679
3735
4251
6213
2412
6280
5751
2782
3693
1391
75
4011
6216
1583
6728
6498
1384
5612
1378
2774
6170
