6919
6926
6937
6932
6949
3109
6584
6910
6127
6905
1944
6916
6911
6920
3086
6930
6940
6589
5436
1701
3100
6936
6122
6901
4148
6928
5659
6929
5490
6120
6968
3044
3414
5439
7161
6934
6577
4135
3049
6962
5657
5655
6907
5434
6922
6938
5450
2686
6923
6724
5658
6912
4138
3758
5491
5099
6960
6963
6546
6558
3084
5456
3107
2530
3533
1654
1441
1932
3823
5654
6939
6721
1937
1653
7100
4098
5197
4145
6946
3082
3101
5788
6902
2897
1941
6914
6582
4130
4139
6623
5665
4280
6720
6904
962
3023
6779
5483
5488
1948
3615
1706
2207
6924
3522
2637
6918
6933
6532
2639
2634
2631
2325
6587
6543
217
5975
4153
4475
2435
6461
6967
6003
3104
3345
2940
6931
5650
4721
3462
5652
5030
3047
5879
6908
4143
1933
950
4273
5222
1707
1939
4261
2677
5529
3083
6847
6900
3318
5227
2331
1940
5445
5195
6921
963
2310
6725
2772
4271
3045
6965
5448
6947
803
5653
4607
6609
4609
5850
6125
2636
3853
6536
5651
2452
3755
5005
5559
3469
6805
1520
124
5226
6123
2668
3046
6809
5873
210
3526
4144
324
4477
4992
1936
4140
4008
2031
2745
3976
5807
6948
6778
216
5011
3322
2738
6927
3468
6046
1449
615
5554
1934
3851
2472
3854
1918
6129
6102
4860
1428
5006
1121
4315
1115
3587
6917
3042
4149
597
6915
3014
6935
1495
5093
635
2635
5553
1726
3850
702
6903
4638
6952
5976
3027
5228
5444
1796
4006
3764
3089
5262
2667
4658
4566
6574
3408
6039
4099
1705
5314
6771
4993
2947
7131
3001
3214
1942
2252
502
118
2960
6350
5223
6583
3829
1401
3102
6392
2578
5264
3681
2948
4266
5977
4998
6776
6083
3859
2259
1935
5872
3043
5008
3447
2438
3213
6820
6843
965
967
709
969
5443
4288
4004
4009
3022
6981
4879
705
6188
1659
1765
5486
5489
2434
2432
2666
131
960
778
3581
5787
2269
5771
4147
2193
6941
2638
3518
4142
3041
1636
1077
3964
4991
1910
3268
3464
109
528
4281
396
6456
6761
5196
2197
5265
2155
2113
2812
836
806
4994
486
2000
4942
4996
4989
2870
4997
5261
604
5266
6121
90
629
4601
2662
3967
3458
3456
4003
7041
4005
1651
6701
2665
6185
1655
6868
5520
5475
2633
1472
6112
2621
6028
7164
6637
3772
1199
6001
592
7139
5941
2681
1324
3824
5877
7132
2517
5870
2515
1147
619
5802
2596
4875
4571
6943
6588
4880
6942
6307
6925
1927
6913
6727
6296
6909
1946
337
3115
2780
5282
872
3088
6370
4192
2364
4357
2739
3317
3316
3312
4082
3260
964
658
2368
1825
4881
4131
727
235
2510
6751
2392
2301
6715
2782
6739
2579
2584
508
2876
6579
2632
6581
2479
4970
2879
6742
4730
2847
2573
5001
3263
3521
4136
6128
1916
6944
7069
5320
4182
4190
892
3582
7033
5308
1095
5743
5708
5431
4020
4023
5550
4025
3389
1724
4001
1767
3336
3327
3325
5447
3319
5704
3280
7105
1111
5311
6182
5050
4291
1187
5054
6526
3828
2096
6530
7119
6467
4292
1400
1194
3672
3108
6367
5278
3024
2004
3759
1124
5211
3904
4294
1190
1061
2456
1652
6014
6038
5591
4766
1266
1331
4745
1345
1374
5852
1497
1402
1477
5785
1435
1444
5675
1067
5437
5502
2320
5209
5199
2309
701
6469
2128
2299
5263
5079
5056
5037
6525
2222
5004
2266
6537
5003
5065
1025
1974
5285
5479
5460
653
966
4999
1873
4884
6283
5284
6284
2362
5322
5316
1928
907
1947
5287
5286
5359
1930
6034
4168
3085
363
3865
3074
3062
4263
3028
3855
6842
3018
3015
2991
358
3820
6782
2906
4378
2874
2871
2802
2789
2784
3664
522
7144
3667
2958
4506
6884
3113
3519
3530
136
4021
147
3404
7089
4045
4048
176
3341
3939
3110
3321
3570
4132
3269
3232
4154
3207
3183
4196
6906
4240
332
3121
218
4513
375
6641
3677
4606
546
4573
2696
2577
6697
4883
5815
1945
3144
329
4179
5816
3609
5818
4213
899
1929
2620
1126
2630
1923
6314
618
1919
3910
264
1914
1911
4141
6326
876
5280
4882
4815
3016
5859
2117
802
3776
4285
3020
2080
2660
406
3029
5208
5820
5215
4269
3858
2036
4268
5846
2006
3695
6388
2467
6867
3087
1403
3254
391
3914
5336
4137
5552
1022
158
156
5570
1666
1657
4663
1208
7036
4007
4661
3537
3454
3461
6162
3982
3978
5664
3495
5700
5701
5707
3504
1070
3525
1542
4029
3385
4040
1720
4286
65
4608
3593
5800
5799
5384
3583
6275
4610
6037
1470
3284
1901
961
3313
6264
4623
5449
6987
984
1772
3359
1098
3365
5498
5522
2535
211
5085
5823
1313
6507
4564
6728
4342
6544
773
4574
2771
4339
5000
3660
708
4297
4296
2941
2194
2195
2314
504
4395
7146
1337
446
6808
1317
7143
3012
786
6802
6801
3011
6531
7149
2961
5009
5899
3827
5890
441
2298
2706
2227
725
2684
2339
4995
4414
521
4412
5945
5458
3543
5470
3368
3357
5963
3356
4632
1768
4712
6975
6986
4128
3571
3275
4122
4990
483
1814
3282
1300
1811
4101
5452
3932
4094
4090
205
3310
968
196
4619
2291
2297
3545
6985
4393
171
5090
5967
679
6124
2330
5596
6729
5631
5644
1609
3460
3463
120
3467
116
1189
3501
106
4898
1089
104
664
6716
1071
2713
1532
5749
5738
3753
4938
7141
2781
3418
5765
5507
2817
1005
2807
3380
5530
2539
4861
1012
1714
6203
2312
5495
5974
4028
3403
2317
2323
2552
6573
3409
4939
153
1656
4022
3413
6186
6198
694
2260
1862
4575
4272
6861
3945
5851
4795
3625
2024
5238
2015
2987
3060
2002
6396
6394
3066
3067
1329
4583
3900
4374
3901
5889
4310
3105
5220
4602
5218
4278
5101
2129
3845
2123
6484
7128
34
4289
2115
6827
6077
807
2095
5158
410
