1937
6924
5439
6916
6911
6910
6900
6531
6948
3044
1932
6920
6003
6949
6908
6926
5445
6933
6922
3107
2325
2738
5859
6937
3046
6931
3100
6928
1942
6921
4280
3104
2745
6543
4904
1933
3313
6122
5223
1936
6927
5434
3752
6947
6904
6932
6930
3764
1944
3101
3108
3043
6914
5579
139
1701
1659
3469
5197
1706
6962
4601
3318
5657
3316
3310
2633
5228
6918
4989
1707
3049
6905
1449
446
3319
5658
3109
1344
6546
5441
4541
6464
2193
3757
6113
6940
6919
6034
1655
1651
546
1441
5994
5656
4607
358
6584
5653
6913
6901
6938
6942
4605
5222
6469
951
6001
6120
4036
4285
6912
6715
2441
6936
3314
6320
2886
6128
6941
5855
6902
5336
6530
3102
3774
4842
5550
4879
5872
1765
6923
5825
6907
2742
5665
6337
1121
6637
6522
4729
2320
7164
2324
3045
3533
1807
4151
5553
6903
3105
2478
5573
5490
6028
4606
5851
3755
5227
1025
4022
5456
5651
5458
1611
4602
1700
2639
4603
1472
5654
2000
90
6929
5817
950
764
6127
6853
2191
4600
4608
739
3464
6944
1284
3047
5446
2444
2448
2615
2121
4182
1249
2322
3525
1900
5191
5087
3385
5782
5188
1306
2882
2896
3280
3758
1024
4193
5748
6526
3976
2194
3859
2004
6934
4548
5436
6582
2196
752
4195
3389
955
6566
5238
6112
3436
3944
6807
2192
5810
3511
4961
5554
5086
3529
3465
2446
1969
3945
1934
2323
3390
4028
2251
3244
962
4453
3160
2197
848
3027
1768
4875
2686
4198
3906
6935
6925
1300
5457
735
3845
7127
2696
6909
1475
5437
4272
235
4273
2740
4196
132
4860
6965
2710
4278
6968
2530
2681
719
412
1702
6957
5449
6963
6946
6945
5649
131
386
5650
5239
2580
5099
357
4135
5486
6891
5491
210
5652
2620
1286
5663
7163
615
7146
3526
5371
2195
4025
4266
6388
4291
3581
3468
4029
3447
2684
5719
5958
3337
3882
5816
3873
2638
2977
3656
5431
2782
5413
3415
4292
5717
2668
6527
6677
3327
4817
2458
2023
1066
6764
4173
1068
6835
4153
2449
1377
1105
6806
6718
2021
3086
6689
1245
1003
3023
4271
3485
6121
714
1947
4876
4139
1948
1653
5326
759
5448
420
5192
6558
2481
1189
4841
4148
1652
4545
6741
4573
5184
4857
4240
4490
2168
2667
3625
953
3103
3446
2772
5556
1940
4235
3716
7108
711
3459
4776
6536
6038
1946
6985
4632
1928
4830
1340
2001
5520
5659
7139
6266
1658
2452
1091
7136
5576
4604
5359
1890
4101
5631
2207
6906
5196
1373
5194
1575
4662
5346
6701
353
2029
5586
4192
3753
3941
206
3040
5483
3522
1128
2759
3821
3312
2869
4455
3315
5770
5655
6716
2868
6939
6035
2603
5819
1098
602
6375
6275
1376
4258
2755
3921
7161
3082
5769
1367
2190
5524
3472
5328
6264
7143
4147
1401
3518
4542
1364
1188
1522
1243
3984
3562
5879
3048
786
4777
7115
903
5771
2199
2749
4835
2443
2164
5451
406
6589
409
5571
1851
3776
4299
1257
3020
4313
3325
6460
3041
3328
4057
6732
5187
6592
5574
4613
6672
737
3225
2003
6110
1446
180
329
4056
2144
1022
6114
5575
697
2984
3290
2392
138
1681
6568
3022
4055
5811
3336
2442
1360
5699
1479
3401
1935
65
2328
2327
2326
7085
3095
969
5433
5876
101
4054
3778
2535
5815
6123
4214
1307
3848
3658
5803
3570
5891
5088
5195
3677
5955
5808
1374
2214
1282
3900
718
749
3770
5089
827
729
3779
3587
5874
771
5182
5966
3965
5109
4406
1705
6125
3930
5793
3565
647
2002
3928
6599
5204
3106
3074
6780
3060
2515
6842
1069
1478
1099
230
4175
5502
4902
1756
6847
4667
1067
4938
3286
6623
3281
6641
3230
4609
1065
2447
5577
3986
5572
4942
307
1061
6706
1021
203
2965
2788
5322
2669
4735
4738
4254
2637
1183
7113
34
4264
1197
5374
2741
1185
1758
4715
5314
2572
2586
2887
2885
2593
6943
2826
5454
4212
6954
4874
4872
4870
5444
5452
3288
2456
5973
3519
1930
4566
2271
6331
4021
2331
964
963
5079
4019
1654
954
6373
5010
3309
2260
2263
4547
5747
2266
1641
1938
463
6496
600
5780
5694
3530
6287
445
1967
2238
4361
4984
5080
3311
6554
6545
432
1126
3896
4367
4001
4269
4297
3985
5787
4008
2031
4296
4339
4023
1303
5778
1709
899
1229
4020
1817
3871
5443
4360
5795
5740
3964
5283
4141
1876
5570
2008
4040
5229
5679
989
5578
5580
4136
5674
4304
4053
1289
1743
5264
5647
5818
5812
1949
1931
4145
5734
5492
5226
5271
5186
4176
5899
3904
5807
960
1854
961
1095
5878
1241
4157
967
4298
5539
5552
3827
1208
4970
150
6206
163
6240
1368
1371
137
6748
6750
3555
1574
377
2559
208
476
134
3589
3602
2146
6961
2843
3443
3653
1423
3652
124
125
6139
1359
126
6155
6551
3609
4666
6762
3527
588
544
3029
541
6444
2269
4546
4636
6769
3466
6785
6778
6435
1636
6426
3444
1650
6556
2528
6366
2982
5085
2329
6767
3521
3520
6873
6872
6467
6350
3011
4903
6358
6461
4631
1476
684
4710
6033
722
2408
778
5977
69
7140
3212
5995
1335
6603
4974
6594
3268
6002
4983
3323
399
734
422
421
4774
748
3775
3235
415
1704
4721
5113
721
2798
5177
2736
2711
2831
2628
6981
7145
316
6083
6081
443
4960
3681
2632
4717
3287
77
6046
1317
6991
707
706
7025
762
5625
6772
5535
4094
3265
5644
1445
6771
1877
359
6725
6727
2472
3148
6721
2477
3183
6710
1873
4939
1064
2483
6700
2437
4626
6756
3088
3085
4622
3217
1041
1450
1074
4969
3071
3834
5529
1156
5435
2812
4861
2652
2653
5417
1812
2661
1173
5410
1811
5325
7095
2758
7104
4849
4289
7144
7142
2743
7141
2703
1222
7133
2699
2695
4844
4845
4261
