6920
6922
6911
6934
6926
6938
6928
6916
6933
6921
6905
6903
6931
3100
6910
6924
6968
6122
6944
5658
3109
6939
6930
6904
6919
6925
6943
6947
6915
6927
6902
6949
5872
6929
6900
6932
2686
5439
3310
3312
6948
6923
6937
6908
3314
6940
6234
6917
2825
1932
5434
6946
1936
6945
6914
6912
6546
3101
3044
2667
2000
5657
6906
3316
6112
1388
6913
962
445
1937
6120
3313
5654
3107
6918
5448
5653
6807
6942
6558
6965
4605
2826
4989
2681
966
963
4182
6843
4797
6092
6941
446
3319
3859
1701
4729
4715
4187
4607
4455
3764
4280
2252
1653
7164
5490
2669
6907
4036
3042
3045
1520
3758
2143
2684
6128
3672
969
1933
6936
6778
967
2208
3046
961
3102
2325
965
307
215
1025
1654
4175
4188
5829
3318
2625
1331
235
2621
4412
5222
3853
2633
5985
2207
6786
6935
6038
5063
5196
6962
202
6901
3677
205
5529
6763
34
6584
1450
5445
1022
200
207
4179
5816
1659
1666
4608
4790
404
5509
1823
5431
5320
5197
5223
5226
1858
217
4998
3082
3043
2822
6750
2829
6764
1491
7119
6543
1391
6742
2941
2949
3914
3086
7134
2738
2961
3423
6777
1934
5437
2481
1238
5825
5262
4604
6779
7091
6129
5450
1189
2823
6210
6127
3315
6783
4765
5770
2235
5410
1285
5194
4975
1930
5738
358
2297
1928
1201
5792
3040
1374
6827
1712
853
291
6034
5651
3049
2812
5483
6637
5655
4273
2739
1944
218
1979
3848
1497
2665
4310
1
6
4264
2820
7136
6575
203
4071
741
3910
5492
508
4970
4991
3976
5001
4444
5087
5264
6531
7075
5526
2136
5799
1396
6526
955
3987
4135
4
6471
3337
6556
5191
2149
2193
1436
5899
2666
2298
6003
1900
4631
6320
4613
6776
2940
3047
1657
3682
2632
4600
3108
6724
4448
243
3757
6113
7143
4661
6841
3469
6397
4665
4781
2444
4815
4835
6222
5708
5704
6366
131
4668
3104
3309
3088
2001
3023
5322
3148
5385
2024
3288
2026
5456
5314
733
5266
4577
4566
1061
4361
2631
4319
2637
2661
4278
2850
3854
771
2789
2772
2743
3941
2740
4148
4012
1020
4261
978
4632
4662
5228
5227
3001
5220
872
3388
5109
5080
954
3426
5005
848
546
4941
2299
4796
3533
3557
2452
587
4664
5274
1942
5265
1237
5656
1186
1658
1495
297
7128
6847
6720
1274
7132
6741
6759
5819
1729
5758
6035
6789
1456
7093
6059
6842
5989
5665
1441
6312
206
1825
5838
313
212
90
6522
1173
1796
6525
4799
4974
3546
1717
1454
2408
5099
822
5965
5968
6891
6002
3504
5011
4879
3443
519
5977
4947
6853
301
1449
1742
3581
1319
2918
6589
3871
673
6395
6578
211
210
208
4206
2748
2745
4176
3978
1024
2736
6527
4066
4313
2933
1522
3774
2897
1691
3633
1681
264
3417
6115
1669
6123
6769
4556
4553
1068
6188
241
6707
4434
6297
316
4842
2121
5321
1832
1857
5800
2031
3048
5207
7146
2036
5433
5436
3041
1851
1289
3325
5336
5278
3290
5571
5859
3268
5
3336
3308
2144
3144
3322
5533
1361
6623
6287
367
4416
4417
239
2815
4446
423
2604
4603
6721
4615
5373
257
3286
4601
251
2828
4555
4447
3692
1069
7104
1067
1277
4490
3850
3217
4450
898
1472
4305
909
1969
2742
2683
3944
5525
2741
1531
4168
6559
6469
176
2688
2696
5527
1028
6554
4130
6539
6537
1652
3851
3919
3103
6310
230
2804
7131
662
5488
1655
5631
1938
1339
3900
4235
6573
1973
4220
4207
5520
3912
170
4191
3014
1571
2029
4861
6845
111
2210
4845
4060
7034
5851
3427
3530
6840
7041
4798
1877
5263
5802
3502
3497
2249
4963
2238
2250
836
2946
2291
4993
4994
4996
4997
303
6771
6001
5238
6868
964
1719
5180
2472
2957
2201
2874
888
4667
5037
2895
4712
1688
502
5325
5987
2331
5323
6977
1393
1428
6909
5195
1707
6772
2456
4023
3364
870
734
3447
7161
3911
3433
6963
1317
6548
3445
6571
6551
7155
3359
3952
3444
1316
1440
6587
3327
6800
1423
6787
126
789
973
3284
1460
1279
6768
3012
3396
3660
1392
2854
3673
2851
937
1366
7038
998
3468
7148
3472
762
2782
7137
6579
3474
3464
960
3858
2796
1311
3118
876
3852
3521
1433
6585
3389
391
4316
2021
5748
2290
4923
1105
4865
5408
6007
2306
4811
568
2308
5740
6040
4946
2020
2373
2435
5421
585
4730
6097
4721
4710
5720
364
4663
1677
2122
2510
6054
5771
4960
4973
5258
1136
1853
329
1829
5879
5882
1205
5813
5894
5187
3053
2042
317
5128
2194
5957
4983
443
1745
4992
1931
2234
1668
5777
5009
511
5030
2038
5054
5064
1902
252
1935
2019
6358
1992
615
216
5491
1250
2668
2679
4194
4193
4190
4186
1174
1650
5652
6452
387
4170
4166
1574
5579
4138
5550
4113
2730
4087
4080
4077
1941
6530
5522
6352
381
4297
2614
4285
5666
6204
4449
4456
4414
2573
2570
4548
2549
5677
2513
2012
4481
5663
4438
5251
6293
6321
4302
6316
1171
2626
6295
2628
2620
4317
3015
1431
1379
1947
1394
1355
2081
1939
2002
1974
2030
1976
1390
3021
2733
2129
1675
1665
1661
2827
1064
2590
997
2791
2788
2662
2867
1041
2759
2758
1523
1641
1638
1575
1557
2710
2719
2734
2677
2965
1231
1687
2141
2958
950
2955
2952
1287
1127
956
2214
1768
2470
2230
2239
2251
2262
1744
1021
2295
1726
2310
2368
1692
1756
2292
3584
3084
268
583
582
4762
6108
4776
6096
4791
4792
4795
267
4833
4849
6039
4857
4860
4875
547
6028
4942
5994
4943
4847
4949
600
4638
688
4254
6534
4271
4318
4325
6456
653
201
4393
265
5803
4441
6199
6186
6157
627
4492
6121
6119
4552
260
224
535
5976
529
5452
420
5458
5460
5493
5499
