6902
6933
6943
6916
6939
6905
3312
6947
5872
2686
6925
6914
6934
6944
5439
6903
6915
6931
6938
6928
6922
2000
5434
6122
3100
6920
6906
1936
4989
2681
6911
6919
3310
1932
3314
1933
6927
6923
6924
6918
3313
3319
1935
6926
6910
6913
1388
6112
2684
6912
3101
6948
131
6949
5196
6129
6234
6932
2823
6968
1934
2449
5207
3504
5792
5195
6917
4607
3764
6921
2826
6929
6807
6035
2252
2825
2631
6965
7148
5431
5526
5658
3469
6123
2004
6941
3290
2788
3318
1928
2820
5654
3315
3107
6120
1937
3848
6930
962
3546
4138
3362
2949
3518
6937
5579
6945
6908
2822
2829
6321
5879
3316
5989
136
5825
1557
4857
5180
1700
5437
771
5314
4315
4450
5194
3529
1707
4310
1173
6962
6904
2625
3982
3757
5331
2443
5433
1701
5436
6316
4176
3109
5039
3758
3367
3364
1931
6128
3340
4317
309
4316
6957
4182
2008
5223
546
6909
5222
2250
5037
2481
5529
6210
2688
5665
5761
2772
5829
265
5874
2815
5456
4012
1999
1939
807
1944
3772
3580
801
808
1570
3516
2615
6936
2444
404
6751
5197
2897
6295
2023
381
5191
6853
1391
2800
3188
139
5816
391
3345
1106
5777
6864
3363
3365
3186
1396
6395
6471
5151
2259
4313
1384
4636
4790
4206
4923
4179
3859
6464
3921
508
1024
751
4155
6724
5851
2946
1998
1390
3275
4280
4212
4188
5819
307
6028
803
3189
735
1394
4187
5657
5588
806
1192
5109
1815
5101
1231
3763
3817
3755
3753
3045
3088
2661
2446
3530
3183
5460
5490
5525
2002
5573
4573
1044
4319
5631
3533
3587
3584
6847
7136
6121
6536
6219
6901
3
7141
6125
6532
6756
1
6900
206
7106
5769
579
2796
3468
6843
1348
405
7130
3212
6891
3581
4195
2448
4842
1068
6530
3336
3325
4548
3091
3695
6222
6220
6750
7160
2264
1702
4449
3672
3660
6293
4786
6483
2439
4835
6531
329
5574
3464
3443
4089
6414
3461
6397
2620
3526
6587
901
4066
5200
6388
5957
7149
4967
1872
3447
5104
1876
2918
6022
4974
6568
5064
5855
943
1041
2235
4715
3460
1706
3407
3692
3502
2895
4729
1930
4632
5556
5100
3752
7144
2260
2251
3446
4833
2198
5253
4942
3543
6759
202
7132
5218
6907
7128
1814
2827
6786
4859
5163
218
1811
3519
4851
6940
6394
872
6782
6357
5179
1069
5005
5166
5445
3588
5316
5577
6228
2470
3178
5824
3182
328
3786
332
3854
1495
4215
1025
5802
3232
4216
4254
7100
2262
1556
733
3878
3960
3945
2696
2703
2667
5997
5994
6574
176
3084
5955
2637
2633
2621
6119
738
5985
1575
3015
4318
1189
4417
963
5653
1620
836
1653
2368
954
4337
5576
3681
4053
2856
4078
4085
6778
802
5007
2614
2269
6672
841
1073
1993
4481
846
2647
2654
2256
3474
3696
3751
5054
4558
849
786
1124
3882
4444
65
3774
4308
4304
2445
3586
3582
2143
2408
4251
4865
2325
4392
4768
2208
1066
4194
4399
2441
4160
4443
615
2782
6715
657
6963
2216
1077
4414
1243
4193
2003
4970
3095
3472
3966
1367
5663
5859
1366
5666
5842
5669
1666
314
5278
3337
6366
5336
5337
2945
1574
5491
5763
6800
2997
5781
3185
5813
3308
5443
5876
5575
5571
5446
1392
5162
1399
5113
7146
955
965
5143
5187
5
5168
7145
5578
6040
5924
3132
1900
662
3780
4451
4305
3311
964
7164
6842
2295
1624
5767
6840
1622
5651
4412
6161
375
966
5655
6539
2812
1618
6727
833
2297
4327
5676
1578
5711
363
2440
5831
2791
3886
1430
6695
4082
3134
754
1424
7034
4036
5944
5986
6868
1393
7031
2733
2665
6008
2677
2
3949
6108
4101
4128
2757
3074
4202
2790
4198
257
4191
6127
1472
3044
5623
2454
2452
4181
320
3160
6696
4168
2478
2483
3865
731
5836
1450
3853
2266
5080
5395
1796
224
6346
1300
5198
6804
6469
5438
597
6310
3436
3441
4766
2207
3404
4999
3360
2991
5199
4854
6757
1064
3390
5262
4938
2915
3545
1877
4933
3667
5209
1825
7156
7127
3368
3366
6481
4975
5343
4932
5462
5192
3511
5018
407
4566
402
848
4555
5586
5587
3967
3754
2263
4513
6754
4485
1947
5065
7139
5613
4532
5553
239
1675
235
4711
6783
1927
1308
4682
6954
2880
3465
4969
5521
947
3688
5523
2249
5546
950
998
3444
2882
2750
3896
796
3133
99
2752
3086
2748
3910
6785
3400
126
3662
6805
3776
969
3668
939
967
6961
6739
6820
6824
6839
961
942
2753
3003
3361
3540
927
3140
882
3871
3385
6859
3369
2941
2774
3602
870
937
3633
3063
3759
6083
2682
5121
511
5127
7152
5150
6398
5177
7143
1906
5208
5237
1857
1851
5251
1832
1829
6390
1949
5050
5042
2127
2126
4852
4855
4856
4930
568
4936
4960
7135
4987
4992
6460
7137
5001
6981
1991
6362
5335
5370
5413
5794
5804
1526
338
1511
5820
259
1359
1360
1433
5873
6114
301
1398
1371
4
6011
5789
2164
5788
5784
6326
1772
5447
5508
5509
5522
6263
5550
5570
393
1628
5637
5650
6215
1577
357
1550
5787
595
5030
2194
2476
2455
4811
4186
6556
6548
4200
4204
4300
7115
4331
2435
2308
2301
4428
4163
2521
4129
2589
2680
6589
779
778
3984
773
2638
1187
4046
7038
4057
7075
4077
4080
4087
4098
2626
4484
4185
4546
4612
6499
4564
1203
2229
4562
4650
625
2209
4557
4530
1194
606
1191
2586
2001
2246
1531
1238
98
7131
1338
1240
1619
1237
1554
7125
1559
3001
2109
1497
3014
113
2685
2129
2824
6977
6975
2214
1437
3071
1456
6888
2642
2740
3040
2741
1020
1475
1623
2742
2238
2828
2816
1201
1812
1994
7093
2447
1838
1850
2870
1988
2919
1873
1874
2330
2320
1890
6955
1918
1942
1186
7142
2939
1625
2789
1199
1629
