6900
6930
2325
6911
6940
6926
6937
4601
6910
1937
6932
6935
6923
6916
6920
3102
3109
6908
6921
3049
3764
5520
6924
1655
2669
2740
3047
6936
3046
446
2745
6914
6543
4271
6922
6558
4605
4606
3023
1652
1472
6905
6034
3044
6929
5490
6938
3286
6919
1653
7164
707
4285
1701
2632
2738
6546
6927
4297
5654
4273
6904
4603
5445
5657
6942
6934
6527
4600
6948
5223
6946
3104
1284
2326
4608
6003
4261
1654
3103
6947
6127
1944
136
5227
4604
6918
4272
5651
5222
3288
2633
6968
6907
4455
4280
5439
6113
6931
3101
5443
7161
5658
6949
443
3280
3022
2328
6945
6531
6941
5665
1475
2481
2323
5653
3318
5448
4602
3107
5450
5656
6584
2639
3042
2667
2686
2742
5417
4022
6952
6001
950
6038
6120
3283
951
4182
4269
6785
2327
1659
2329
6520
3020
3043
6526
3100
441
1933
1449
3774
903
955
5652
5872
706
3108
6944
1286
5492
6912
3027
5529
1441
4609
3310
5228
5553
3664
5961
2452
2324
1658
2741
6783
5092
4492
1186
3105
6933
6925
6901
2677
6928
5434
5879
3314
4145
719
4685
4835
5727
6122
7085
1280
5552
5226
5873
5570
725
5575
2782
5550
3336
139
3048
3982
5746
6037
6033
2730
6031
3469
5859
5728
5441
2882
2736
3024
4276
2886
4219
4029
2679
5781
6522
6574
4079
4989
2815
1934
1932
729
6545
6566
6721
1873
513
702
3106
966
6193
956
5456
6112
6108
5495
477
474
5499
5195
922
6025
1707
1703
447
445
2168
3316
5559
5573
5819
5659
6030
5263
2197
2743
4295
1282
2333
2661
2331
1477
4278
6782
218
90
2515
4453
34
2446
4262
2432
5811
5782
2164
3235
2193
1434
5498
208
5099
2822
5661
2570
4292
1066
7121
4267
7120
5595
2666
1721
1470
1765
5197
5599
4266
357
4020
2004
4268
2960
4265
5446
1900
5666
5957
685
3581
452
5431
5524
6326
4279
6677
2032
4135
1793
5827
1708
3041
1171
5413
2732
4176
4143
5650
5855
3907
6254
6963
6853
448
768
2438
7146
2684
5823
2442
3313
5774
7025
2748
2434
3115
3335
4841
5889
6917
463
3848
6335
3615
3040
5631
3568
6913
3001
205
5225
3587
5825
1061
3085
6903
444
6307
3545
6990
2885
7139
4490
6537
4028
6539
6763
2789
929
6965
3511
2310
5675
2826
5959
4036
2266
750
3481
6039
2636
3265
7013
3312
6637
6028
1938
4607
6962
2251
746
1147
6102
3691
2631
4957
1448
3282
3281
118
764
5556
5458
6506
5452
4573
4021
753
5470
5479
718
2634
2635
2788
3530
4648
714
1091
3284
1419
6006
892
6007
4774
3873
6252
5579
5440
6146
965
131
2668
6177
5453
1474
969
3327
5571
3323
3082
3660
1283
5449
6110
1476
1479
3758
2638
6217
919
3086
6961
511
5637
207
6872
5087
2829
6769
6530
2314
4456
6778
3987
1105
4035
3985
3539
1650
369
5680
2888
3541
6476
2199
762
1098
2196
6556
2821
761
4516
2764
3447
1936
4136
752
4904
4998
5071
2269
3454
2256
5748
6583
6582
4047
6579
3468
4258
4100
6461
6498
6352
4286
2735
6320
1068
5846
3337
3961
4290
5239
6835
200
2194
1681
3339
6333
5818
3389
5229
3287
5799
2322
5807
1660
4291
2711
2190
6447
3980
3978
3548
6449
1657
7
3690
5655
2440
1807
845
2478
2472
5994
3338
2520
759
758
5770
2000
5850
1969
5874
5577
2431
5572
818
5854
5802
1428
5805
1431
3533
5698
5951
5976
3321
5721
5725
4577
1947
2574
2456
5780
2483
3315
619
2002
7112
5668
1189
6184
1684
1651
2207
2739
6469
1656
6807
215
1067
5233
3949
3945
3941
6331
902
1048
5262
3932
206
203
201
2336
3028
5314
3928
459
4849
3045
235
6780
1178
2758
4175
2759
6713
6711
4139
2772
2267
6623
5005
5047
4060
6575
1619
2250
2827
2312
5088
2239
2238
5097
4263
6525
5117
353
5374
7169
4374
4148
6915
3772
1791
6943
1300
6185
4642
963
962
953
3771
6058
3260
4369
6909
3823
6211
3853
1729
2070
483
500
2081
4658
6877
3269
2681
909
4622
4879
4644
4491
4477
1433
5734
4260
4777
4903
927
1446
3681
894
4991
4141
3698
1337
4631
5001
4394
5011
1145
4640
4025
4040
5743
1547
5740
4647
816
3526
1755
1289
5660
1408
1683
1363
4432
5281
1697
4342
4277
4299
4298
4426
4296
1024
5371
5664
3521
3650
4839
5491
4023
1401
1460
1111
1767
1095
3659
3544
821
4848
4842
5451
3976
828
1666
961
3964
1440
4497
751
6453
2435
3289
2191
2195
5977
2933
2883
5958
5947
2872
2847
6222
605
2444
6551
2006
316
6572
3332
6581
5856
5821
5820
2786
5815
5812
3396
2008
2754
596
6009
7020
6240
2584
2579
3080
2122
2578
6256
2614
476
541
543
6114
588
2145
6314
3016
565
6065
3262
6054
6375
6378
3263
2983
6392
2390
6021
440
2750
2842
5800
2311
237
7143
6768
1941
3417
216
7163
5789
5786
6873
1951
211
7149
748
6902
704
140
2448
5265
2155
1692
2637
1252
4393
3008
6847
6906
6368
6373
2717
2734
6842
2678
4830
6387
1285
2973
1238
202
1069
6337
6966
2696
3930
6895
6234
4758
1281
1266
4762
3066
6255
2357
3854
6878
2128
5377
1728
6876
6992
1444
4643
6287
6969
5322
6283
1711
2713
178
472
2695
1719
1017
473
5359
4715
1456
6440
2179
6540
4884
2828
5079
6570
1207
2305
5056
4256
2746
4071
6588
2662
1148
1216
117
2262
1156
4189
6621
2263
4902
2783
6734
120
6700
6708
6714
6725
1185
4082
756
2834
6534
2180
144
2181
4683
2182
1081
212
6456
6826
6939
2321
4646
1092
4845
6536
4846
6789
1099
4860
2880
2875
6510
1108
2870
1307
2656
111
351
1121
6532
2884
5444
1714
1478
5989
5996
823
597
4566
5531
1959
3426
5530
3267
