6121
3540
3541
3310
1936
5223
3315
6143
3100
5191
3314
3319
5195
5439
3545
6907
3542
6122
7148
6912
3549
5194
191
3531
5431
199
1941
1931
5193
6947
5222
6924
6807
6147
951
6933
3530
6641
2686
5437
3336
3870
6936
3518
3339
131
786
6646
6582
5197
6592
5872
6914
2782
1935
2620
4057
955
3544
6916
1707
6599
3312
6611
6642
6134
5204
1937
6129
5190
6120
1930
4006
2266
6932
6125
3331
6931
6644
6677
5594
6144
2615
5534
3313
3751
2684
6945
7120
2883
190
2269
6066
195
3337
2443
196
5483
3107
6968
6911
6925
6965
4989
4969
197
2621
6929
5434
3538
3543
1557
3529
4189
70
1932
2446
5218
6112
4026
3318
3311
4053
4055
6923
3777
3776
3759
4051
5968
1912
6148
4214
2566
3575
2618
6656
1086
6630
6628
6624
6464
2444
6603
5436
5663
4967
3462
3469
6608
2441
3750
7115
2786
2842
6948
6967
5345
6944
6915
1934
5199
3460
6605
3756
6917
6562
6905
3085
467
4984
4016
5044
6943
1944
529
6985
3083
6140
5537
5576
3836
4052
3848
6658
6648
6634
2447
3246
6620
6618
5989
3089
3534
2787
6062
2230
2681
6928
940
2688
53
6938
2046
3547
2250
6429
5824
954
6954
192
6430
3557
4923
6934
5494
2616
433
4856
2619
4126
6612
2449
3838
3827
4783
2256
2264
3833
6813
6758
3326
3328
3149
3332
4056
5390
6651
6647
2114
6927
5957
1702
3483
6568
137
2837
2785
3729
3003
4955
6526
3191
2830
1239
6897
5879
7075
7117
1933
6926
3582
2520
6604
4649
3334
1758
1020
4441
5770
4440
517
4427
5198
6756
6142
5944
2260
6532
7110
6654
5102
647
6606
6607
6609
6610
2181
3770
3761
5144
3414
3772
956
5665
3754
1750
6623
3572
3467
6627
4632
6424
6633
4221
1700
4068
6650
3791
3536
2258
282
2609
281
289
5488
1979
2625
1540
3269
5538
4829
299
6919
4982
3928
2713
2718
6918
130
284
5435
6939
3535
133
129
2164
6629
3706
2763
2116
2340
1322
6640
5786
6835
1949
2448
3985
6520
57
3842
3539
1956
1542
6528
2762
557
4843
3775
5370
1243
1024
3464
3140
3235
6961
2083
3472
4562
7123
6596
6260
5207
6902
454
4983
2185
5170
1327
1484
5995
4985
990
435
2886
198
3532
5658
6875
3109
1900
6489
5804
2682
1906
182
2755
2268
288
3600
4047
5235
1869
3389
163
6446
2848
6444
3650
5575
3652
5574
139
6054
4284
3795
3577
2510
4786
3141
6138
6671
6165
1913
4059
1917
2502
3548
2325
6659
5599
6957
4291
3793
6123
1914
4210
3367
1472
1019
6035
2252
2789
604
6913
3148
2262
2270
7070
2834
4976
2639
4453
142
6410
159
6559
6920
1819
5749
188
3941
2678
5346
6575
5790
51
3711
3125
635
823
4125
3587
4406
587
1852
7071
3601
909
5776
2665
136
4374
3511
2833
2826
5758
5750
5180
311
3792
5698
2151
2506
4715
91
4711
711
7142
3381
1089
5389
1629
5101
1083
280
3458
5277
4036
5625
5107
2043
6639
3779
6653
3341
2512
2963
5553
4785
2563
6780
3084
735
5573
2548
3317
5969
3320
731
5535
5097
3834
1611
4759
17
3335
6720
5407
2514
1113
5507
5982
1160
4032
6910
4003
2835
5479
459
5659
2202
2631
1940
6025
1732
6234
7024
71
682
4577
3755
2000
1056
6903
4021
1752
2781
6621
6876
4927
5654
5414
2617
4028
111
695
6602
1067
3832
6128
7138
2196
3757
7126
4195
4038
6378
739
3975
3828
5245
742
3979
2194
4176
3931
6179
3708
1926
4025
780
1328
5888
2838
5217
3984
2189
2017
2237
6263
2240
4145
721
2143
3758
5937
6145
5965
2023
4002
3982
2084
1733
2042
112
4720
3362
4651
6649
2451
5630
1516
4948
6635
4639
6864
6891
1249
4590
237
1401
1400
1563
5371
2438
2434
5661
6598
6617
4920
6388
3340
6810
5539
6981
3086
1586
4789
3263
6788
6787
316
103
4835
4774
2601
6988
6838
5412
1124
3323
3325
6739
2527
5503
5579
2521
6597
6593
3087
4987
5798
593
3516
2679
1859
4277
5189
6531
3151
3514
3537
4279
580
2714
59
3009
52
50
5440
4314
5348
4375
4287
5695
2819
210
2986
193
3221
5680
1730
6422
1246
3660
3468
1022
958
3474
5471
2382
126
4219
1475
1466
5531
5530
5438
1559
4841
1199
5987
820
4961
6028
5458
2013
5456
827
1190
1189
1219
1185
5084
5270
5432
6039
1531
5473
4854
5985
5250
4846
5253
4212
1567
5655
5892
1725
1045
1726
5682
1739
1740
1939
1028
1756
1025
1014
4378
4351
1803
1927
986
1918
5792
5805
5851
4278
5847
1884
4101
5536
4099
5640
5967
5549
5238
4779
5948
5298
5089
4755
5940
5410
5232
5228
5316
1623
5586
5588
1635
4659
4648
1662
5631
4083
1421
5639
1946
5149
5921
2885
5260
2263
6858
3666
3251
6845
3651
2295
629
2593
3260
6826
582
3276
3576
6818
3570
283
6796
6613
231
6221
135
3752
6249
5256
6266
2683
6900
2673
194
6337
6922
6921
3691
3688
6906
3710
6789
563
6519
6584
6586
6637
6632
6631
6590
3970
6638
6616
2424
6595
432
463
6600
3413
2440
431
6645
6574
2481
547
3304
6782
2361
3316
6554
527
525
3329
6731
347
3502
362
366
513
2501
2399
132
3121
6369
694
6077
19
2966
21
2973
3057
771
7128
95
6130
729
2790
7067
2841
2757
3000
2128
6126
2182
3799
2820
3120
3958
2880
6133
56
2937
3103
718
6091
3849
58
712
13
2801
782
2760
3790
6136
6705
364
2513
5580
6751
28
2522
5336
5337
4773
1106
2544
2821
7098
6774
5570
4744
1105
2485
1636
2844
5301
2847
15
14
6619
6652
5294
2961
4618
2949
1693
5251
7161
1685
3343
1084
3400
4721
2505
1303
6678
5210
4694
1666
2977
24
3363
1660
4645
2461
3393
