6947
6925
6933
3314
6944
5872
6943
3312
6931
6913
6915
6917
3315
6934
1936
4989
6807
6906
3310
5439
3313
2829
6927
3319
3518
6938
6939
6916
2823
3516
6902
6321
6914
5369
6922
6234
5989
2000
2826
5222
2481
1931
6912
1935
6968
2820
5573
6918
6804
6921
1932
6903
5824
5576
2801
3764
2449
5207
2684
6945
6471
6295
2750
5431
6948
6395
6905
1388
2631
3107
5985
6120
6129
1937
1700
3340
4444
5574
2448
2444
2443
3757
6923
4138
5223
2805
6941
955
131
5562
6122
1279
2803
2822
5115
5042
2807
2446
2625
3502
206
4841
5749
2686
5829
1192
2440
136
2956
6287
2804
6911
4615
5180
6924
6932
6928
1934
4426
2620
1516
4422
3472
5575
4428
3526
3982
3504
3474
6926
6123
2615
5331
1933
3443
1900
4374
5819
4421
4986
5654
3816
2827
2825
5825
6035
6965
1067
201
5553
4425
6919
6920
2952
6900
3529
5044
4429
954
2681
5437
836
3297
2741
6954
7128
5434
6219
435
2325
6908
4055
7121
6677
6556
7122
4856
7146
3751
2445
7148
937
5579
5924
2614
5119
2164
5048
4650
2194
5734
6875
2209
1511
2679
511
1604
3873
3100
1360
6325
151
1702
4408
6800
5412
734
6764
5196
5994
5972
2742
6351
2828
6108
2915
227
5018
731
3772
5986
5987
738
3848
1632
2759
3460
1064
5770
6907
6763
1061
1430
1379
6929
1707
5456
1393
3137
5792
5810
1048
2263
3475
3458
4189
4083
1939
1930
3318
1670
5546
6114
6165
3758
139
7145
3135
4481
3343
5781
4654
4640
1906
316
4530
5663
3462
464
2732
1187
6397
3476
5820
4053
2491
4057
2264
1068
1066
1436
2432
1701
6762
2434
4842
4066
6784
2589
6478
6809
6808
6464
3003
2268
2441
5822
5879
2438
2616
3409
2788
6124
1197
3410
5547
5626
3316
1451
5577
3755
3407
6125
5676
5648
609
5435
5199
3580
3754
2815
1507
3215
5414
434
1273
5397
668
6112
5732
3275
5225
5515
5195
5665
2806
5948
3371
4319
5023
4607
6468
3986
6525
4957
4165
2123
4019
4052
4310
2182
111
1085
735
1081
2447
2250
4846
4759
2257
2262
4128
196
817
2266
1675
2297
6783
4168
4715
2665
5156
7110
3810
5102
5101
3845
7114
1938
2746
7141
6221
35
1557
909
3786
51
5069
6312
4406
3770
6323
6214
953
3101
3406
5433
5526
7119
606
5660
5812
7120
4205
1419
2265
7129
1420
6805
4182
4176
1422
7163
4454
906
1385
4680
969
4360
5509
6961
4636
3442
585
7020
5703
2122
4322
7081
5436
3444
3447
4308
3464
903
4304
5777
4285
5658
3469
2196
6891
602
5494
2756
6768
2909
1084
6568
6557
4056
2502
5995
4014
2872
2866
1119
6499
1592
6472
2954
270
3871
3859
1512
1191
6222
6220
5187
6137
2800
3776
2753
2774
6149
6403
2468
3068
2269
3514
2373
2405
199
200
3004
2442
1076
1433
6587
1704
6760
6765
3038
2451
3581
3586
5846
1239
1069
3391
5075
5556
3761
3847
4450
4468
5194
3402
5106
3413
4791
946
4818
4427
904
4566
3781
3404
4167
5144
5516
838
1307
966
4847
1231
4253
4256
5259
5248
4207
1201
3465
4305
5470
3545
4742
3752
5049
771
3753
4162
4016
4762
5363
1040
3877
3441
4622
3875
4221
4365
4576
5040
4318
3478
3584
4460
5943
2772
6910
2430
424
2426
6517
1453
3031
7006
2181
5871
1959
5851
2372
2305
1703
1424
5999
1421
2751
1457
3088
213
214
5991
6030
363
2944
2514
5970
2802
6121
76
7024
6554
2483
2001
6566
1927
7089
5961
1638
2791
2783
1909
1810
1819
1609
1969
5735
6230
2260
6874
6411
6865
5670
2
1729
2740
1339
2739
2639
2717
5622
1860
6301
2718
6834
5584
3260
6818
1600
116
6876
169
3232
1867
2712
3269
5780
6772
482
167
2564
4011
2012
2682
4954
6364
6527
6963
3896
751
6526
6512
985
4324
5567
5022
4355
6414
5024
2628
3984
3892
979
2632
6404
2594
6957
3898
2149
6949
6769
4790
6787
6802
1046
1043
6835
2254
4200
4752
138
4206
2240
4718
4651
2191
4687
1737
4300
6873
1022
4277
6890
6767
4161
4160
4804
4029
4929
4320
4046
4051
2518
862
4865
237
4059
6560
4017
2480
4848
294
4313
4088
2435
4835
4153
2382
1691
4156
1743
6937
5054
6998
6320
7147
5786
3140
5794
3109
7143
5816
1423
1425
5842
4484
1813
5392
5365
1454
7117
5361
5349
2997
5337
5952
977
5305
3191
412
5778
493
3385
5570
3364
3348
3400
3345
4464
5534
5607
3337
1348
3322
5629
3417
5669
580
5681
932
5508
3290
5701
5746
3257
595
5294
1910
7075
5193
356
6128
3660
6155
2755
5150
6206
5146
5145
6117
2748
2747
6215
6216
314
6991
312
2738
5070
5067
5062
4258
2819
1517
4275
5278
387
958
2883
405
669
5258
52
381
5237
2918
957
2943
665
4528
1918
4368
4453
4419
1973
1736
951
971
1907
2046
4409
4354
1944
1812
1862
934
4389
935
963
1904
962
1875
1000
4384
3370
2198
2996
2973
2963
3587
3599
1234
3601
3685
3687
2955
3688
3702
3745
2939
2885
3561
3547
3519
1439
3398
3347
3403
3333
3295
1370
3446
1189
3252
3176
3119
3098
3090
1428
1429
3058
3216
1184
3763
2768
1100
1624
2501
4082
1641
1649
2431
4021
2393
2267
2238
4212
1032
1031
1028
4235
1706
4261
1605
4000
2757
3779
3780
3790
3812
3817
3844
4012
2713
2688
2629
2624
2613
3878
3949
3988
2710
2621
1849
5114
569
5538
367
4664
5256
848
5557
4662
4849
558
6062
6868
5572
6695
4649
546
5319
6004
4969
6310
191
5990
5976
192
6722
5531
6133
6951
6140
6454
6562
4932
5479
6892
4765
6176
823
6459
4735
5438
763
6210
604
582
6901
6697
6904
4683
6511
110
5291
577
575
4961
5517
811
5238
5966
4511
6734
431
