6916
6931
6927
6924
6910
6921
6922
6911
6947
6933
6938
6948
3100
6926
1937
6920
6905
3312
2686
6900
5439
6939
6908
6944
6934
6122
6968
5654
6918
6925
6919
6929
4607
6914
1936
6913
6915
1932
6120
6965
6923
1701
3101
3314
2325
6003
5872
1934
6943
7164
6928
6962
3316
5456
6949
5658
3109
6902
3319
6904
2633
5434
6807
3310
2681
2193
5436
2684
6941
6963
6531
3313
6128
3757
5665
3529
4603
6940
6932
6035
2639
3107
4989
2000
5222
2207
2625
6903
962
3318
4280
5653
131
6530
6961
1933
5526
2444
2196
2449
5579
5490
6907
6906
6129
3745
2481
5445
4310
5657
5825
3288
6847
1707
6234
6112
6001
950
3764
6912
3859
4636
6937
3758
5652
3086
3046
3290
4046
3049
1388
2168
5994
5989
5458
3755
5194
5195
3502
4450
6637
218
4455
2825
4453
1700
2197
90
6930
5457
4319
6568
6546
3518
2194
3280
4608
6033
2448
3526
5431
2264
5197
6936
139
5650
3672
6946
6957
6724
2620
6127
6034
6536
3088
2262
2192
2368
2667
3044
5437
2621
6783
5238
1944
2669
5196
5180
6942
4261
3315
735
2696
963
2788
2826
2828
4615
5109
5452
6917
609
5829
3949
1653
5656
5655
546
5576
5659
4083
5556
6113
2443
4548
6002
5855
2800
4135
961
6123
965
969
4317
4313
2918
5666
3104
5453
2573
2269
2628
4182
5574
5223
5433
4176
446
1931
2190
3474
217
6750
2164
6945
1441
206
2446
4240
445
3519
3286
6975
2250
966
5470
6789
4318
954
4315
169
5985
2665
738
1928
1424
136
1706
1890
5651
3001
6121
6005
4841
4632
4845
4604
4609
4036
2820
2331
1655
6554
5948
7141
5553
6842
5278
5820
4053
1423
3472
5701
2616
2008
1704
4078
3469
2615
3337
204
3389
3525
606
4138
1449
3336
3921
2199
2195
4983
4970
6981
3546
2886
2441
3131
2229
2822
4542
7146
4790
4600
6594
7161
7119
3082
508
2268
5191
2745
2679
387
5113
6403
1425
2191
2933
4285
1935
4606
5732
3848
3823
2440
5824
3045
3853
5770
5961
1450
6804
1129
5944
170
3941
3458
2447
3945
4019
2452
3260
1307
5037
771
2772
5005
964
1355
2802
2895
3282
4849
4846
4844
909
4566
4658
4601
3281
1903
5044
3311
5080
5586
1641
5530
5529
6901
597
132
1979
6834
6935
2624
6969
2631
664
2661
1025
5199
2695
2622
5987
4605
6566
3511
2252
6030
6125
313
2070
2266
6575
2073
3530
3084
6609
2075
363
2260
358
3640
3516
6117
2738
6672
6388
1119
6395
4056
5099
5087
1422
3022
5696
5719
2259
739
5050
1191
5067
5121
4029
5734
751
405
6843
602
1066
3750
596
3340
5451
5446
324
404
5528
6222
1043
2626
4089
657
4087
1415
2549
544
6987
4077
1596
5580
1194
6206
2004
3263
5571
2949
667
4085
2322
3289
4316
4843
3923
2897
3873
6543
6787
1171
6587
4865
5879
6582
4458
3150
2829
4477
3776
7148
6006
3043
3524
6009
6007
4541
4540
2442
5899
6806
6598
3047
222
6037
4613
3108
1360
3464
955
3468
1243
4175
4759
4547
5397
5314
3347
4187
5459
1472
1028
2973
1061
6351
5284
235
5454
4168
5435
1969
3677
4149
3691
4602
4638
1044
4573
5450
6584
902
4165
4549
6959
4619
2870
6510
2874
4942
3283
5060
754
5488
2699
2791
764
2789
2915
5079
3105
2740
2257
4984
5018
5012
2906
5006
3285
4999
3580
1495
2694
3545
4452
1942
5218
3533
5203
6985
1940
6623
51
1020
4207
4212
4216
6559
6990
6558
2885
4854
7019
2815
1930
733
5089
2812
5228
3217
4082
3716
3943
6038
548
2182
3040
5838
3865
547
6210
5880
3772
3388
444
3042
5546
6786
5851
3944
4073
4071
1652
3015
5675
4052
1649
1302
1285
6119
3023
5792
2180
3967
6845
202
3414
1300
3754
5963
1199
560
2991
6772
1069
5515
3460
5520
1067
420
4122
3465
600
2975
3845
1282
604
5976
5973
3783
1173
1454
3029
1284
412
2697
163
3462
504
960
1517
3982
6000
2208
4995
4987
5
7115
967
762
6471
4023
765
3308
243
768
6464
5039
6592
5048
3581
4379
2904
3991
6778
1659
2121
4422
4593
3540
386
4481
1359
3774
4505
422
5924
4856
391
4842
1392
1859
3778
5965
1391
6785
4777
2445
4556
7143
452
2851
4546
5983
6092
5822
2795
4967
399
4558
4951
6751
2847
2209
2451
3521
5859
5061
4879
3149
2785
162
511
5162
4164
5533
6352
1420
5207
1024
1411
4113
4153
1949
5413
1459
4214
2983
4219
5550
5150
2668
6853
1086
3268
2564
4086
3653
2570
3328
3325
3322
1702
5522
1476
2638
5280
314
2997
6891
3262
4314
6321
5570
1586
2632
1051
99
216
6290
4304
1306
5663
3158
3602
2329
2579
1793
3102
1628
1367
1650
593
3698
5660
1914
2326
633
2328
2982
625
4275
4147
3514
1068
3417
2023
6998
3479
4167
3085
3528
3269
1418
3475
3854
3798
1040
1041
3478
2868
4148
1416
1324
3335
4538
4139
4451
4531
3295
4388
1004
4374
1127
1190
2908
4012
3587
4272
3625
4305
2921
1457
3007
3615
4311
4028
3005
3309
4021
3471
3988
4271
2875
3120
3183
4081
3771
3119
2947
3000
3113
3320
4079
1197
3930
4202
3753
4075
3646
4412
3317
3565
4264
1428
4162
922
447
2198
353
239
6151
2222
5166
5676
520
6562
1590
2677
2539
6219
6545
694
5230
5265
5117
337
6606
227
196
6661
205
2323
380
2703
5057
5063
6108
5068
5069
6631
2693
2362
6124
5106
6611
2683
383
6539
2635
323
2263
5573
2270
5572
5485
607
2561
5499
2297
5554
1632
592
320
5549
6310
5523
2588
2636
6287
5438
2634
2548
5300
6534
1705
662
2629
6525
653
2238
5387
5388
332
5597
2560
1731
637
5448
1658
1656
5010
2823
4830
848
34
5805
1825
7003
1939
5802
