6947
6933
6938
1936
6931
6934
6915
6968
3312
6944
6927
6902
6922
6943
6925
6916
6913
6914
6918
6939
6924
5872
3314
6911
6905
1932
6912
6948
6906
1937
2826
6122
5207
6903
2000
5439
6928
6920
6917
6919
6921
6923
2822
3319
2829
3313
6941
3100
6945
2823
2825
3107
5222
6234
3310
6926
6949
6929
2686
6910
4989
6965
5223
3101
1933
1935
6900
3315
6907
1388
1934
5989
5434
6908
131
5658
6120
3764
2625
3318
5456
6807
3502
2681
3518
3516
6321
6395
1701
3757
5436
5431
6471
2684
6937
4607
5665
5825
5824
1700
6035
6904
1939
6112
5654
2631
6129
2820
5195
6930
5180
2620
3109
3504
3474
3660
6320
3848
5770
5314
3316
5792
1192
2446
2828
2252
3511
6210
2481
218
738
3529
3584
954
6932
4841
5526
2444
3526
1348
6750
2443
6128
6961
6003
2325
6123
5579
4138
237
5574
3758
1517
1191
2616
3290
2851
955
2679
6556
3668
5331
2632
1900
511
270
2449
2788
5437
5553
6121
4083
2661
1619
1186
202
2996
3580
201
3755
5089
1472
6287
5490
6566
823
6772
2665
2230
136
1707
4351
848
5805
771
4715
1307
4738
5851
4638
5675
5657
1557
5655
1025
5576
5166
7110
2368
7114
6804
2741
1930
5994
4615
5985
6531
6472
6526
4842
2121
2750
6550
3748
316
3696
3340
5781
3363
5804
7146
1279
3417
4636
3464
1366
3091
1931
3086
4777
6063
6070
7075
1415
3581
1194
1454
5491
6295
6998
2821
6464
4562
3362
1066
1068
4193
2269
5070
1586
2448
2264
4088
4066
4182
6587
4195
5121
152
4865
3361
1702
6724
6749
2639
5546
6756
5080
5529
1040
3930
5493
7030
2182
4082
6219
2895
5470
3688
801
90
332
929
206
1944
1393
6108
5767
7164
1300
3380
5838
5871
3410
4261
4759
4216
3183
5653
3465
5556
5651
5012
5987
1928
4198
5626
7128
3088
6783
2393
4450
3045
5573
1653
5005
5435
2222
1979
1067
307
4846
4012
3945
3753
6559
4849
5248
2759
1973
5194
1129
235
5196
3743
951
1064
5218
2001
6990
2637
130
4833
6575
6963
4322
3469
1360
6530
3859
3364
5197
3472
7148
5251
1542
3325
3082
6568
1022
2373
405
1666
139
6805
3365
3873
5809
3367
2194
6853
6576
7143
4967
1906
150
4285
6557
5842
751
6551
3268
4176
2193
5800
6546
446
6824
3186
4233
6867
452
5258
2982
5278
6326
2883
5506
4474
1772
314
2918
3546
2782
6477
1043
901
2008
2933
5337
2941
5119
4053
5508
6264
2434
5433
1980
54
6981
4160
2615
391
6222
3751
2800
3004
2438
4444
4564
6767
4729
1190
808
3746
5118
4961
3368
1184
5732
806
1173
1061
4711
922
4941
4667
4026
5749
4932
5114
3391
3772
4274
5063
5236
5238
4441
4609
4859
4603
546
5253
5597
4577
4566
1020
5584
4167
3949
3941
3986
3754
3407
517
4845
4844
3441
902
3458
5659
1069
1199
3625
4622
3471
5631
3849
4851
4235
5991
1585
2266
1688
6834
6842
1453
2250
6868
6901
1441
2956
111
6940
6127
2991
1424
2123
3014
3044
6954
6038
6962
169
1986
2880
1665
2688
6539
6554
1575
5761
2621
239
2772
1618
6474
2501
1632
215
6469
212
196
2812
2815
2827
2440
2841
2860
6030
1706
3182
3265
53
3269
5880
1927
5870
27
34
7136
3195
5940
7031
5829
1308
7127
1302
1379
51
3090
2468
849
5113
211
204
200
6548
3921
4744
5087
4666
2442
2441
1848
7130
5226
6751
4654
2619
1914
1596
3964
5191
7145
3982
2564
1612
2521
4651
4661
5168
6571
6677
6760
5162
2502
4650
5143
5217
1916
52
5039
6762
4505
4501
2191
4858
958
6936
4804
4852
4475
1949
4879
2164
1968
942
927
802
2122
4811
4843
6957
65
2004
4848
4155
4360
2682
6764
2410
4774
6788
7121
6800
7117
4194
2268
1685
2216
163
822
998
4258
2256
6841
4548
4277
6864
4790
985
160
6528
5777
1106
3662
435
1174
6364
5650
3672
3149
1351
3185
5443
3583
3188
1492
5420
3695
3731
3462
5977
4668
3659
5995
2961
6155
3633
3041
5509
6037
404
2949
3739
3050
3656
3514
6262
6011
6275
2886
6293
3102
585
3741
2847
5534
3776
5335
5695
5846
5798
1516
5336
1544
1526
2748
5816
2745
1303
6498
5666
5794
1119
3443
5369
5784
5879
3828
3750
5383
5679
2785
3749
943
946
861
2963
2168
1875
4662
4417
1864
3519
3049
3557
1225
1416
3001
945
3057
3217
1903
1791
3460
1339
1938
1942
1946
3275
4632
1918
1947
4508
3288
3137
4490
1274
1948
3311
1365
1969
3381
1282
3475
4659
3066
4453
4310
3587
1065
2791
2472
3747
4036
2456
1624
2801
2447
3738
1156
4122
4128
1488
2804
2515
1622
3752
3816
2696
3779
2717
2718
1085
2636
2633
1541
2742
2613
3967
2781
2783
2784
2835
2180
3691
2413
1450
2683
4319
2238
4337
2952
4280
1197
963
962
4361
2198
4362
3588
3651
2931
1456
2915
4168
2850
3669
2330
3667
3666
3664
1466
2885
4202
4212
3658
2262
2260
4254
1031
854
909
4669
5458
5459
735
5018
5467
597
6488
741
5497
299
5520
308
313
170
5525
5530
6827
5676
4847
6935
4854
116
5623
5457
4857
6324
5577
5572
5213
6351
6355
770
5037
5452
6782
5291
5287
6727
5256
6569
214
6558
6574
6604
6606
6695
6609
6611
224
5179
6942
6729
205
5040
5044
5414
6500
5065
283
6534
282
5101
6757
627
629
6525
5344
6509
6952
6866
376
5831
5850
7006
6969
35
4776
6041
6034
5920
4765
6992
4762
836
5944
5948
6008
7141
4735
6001
5997
4712
3
4747
6119
5875
6125
3468
3396
2940
5691
5681
5390
5942
5924
5680
5734
625
5394
1384
3735
5696
3734
3068
3730
5413
1545
3708
3444
5894
6499
287
6040
2738
3681
3221
3235
412
5304
2983
2954
2553
