6954
4214
6568
5435
2441
3776
2447
3770
2443
1931
731
6562
2615
4057
4051
4053
4055
4056
4059
3313
4984
6796
1471
4217
3191
3847
735
954
958
6677
3775
3190
5607
3198
5437
2446
2910
4052
3779
4986
3195
955
5431
3518
3515
2684
2449
2448
953
2440
4982
5553
5576
952
6957
4277
2542
3510
4050
4176
4212
3986
1934
5999
4189
2558
1243
1246
5574
3038
4768
4985
737
4987
2543
6672
2444
5575
5579
4983
6528
4210
2564
5822
4988
5246
6129
6958
4215
4989
2556
3489
5204
2320
3511
951
2565
2569
6117
4981
2689
3526
4266
5872
7120
6524
2548
738
3688
2506
3988
5572
2187
1703
6925
1247
2493
7009
5600
686
4454
3319
4054
2554
739
2557
6128
3003
6676
959
2164
2194
5923
5412
5419
1492
6878
4270
4274
2046
2250
5040
4555
5249
1707
5439
5192
1819
3196
3413
3844
6673
2546
4747
2688
3315
5851
2258
2551
4251
3462
4856
6872
6948
2562
3193
3194
7001
4058
2540
6914
2544
3681
6802
3199
3514
6875
1175
2549
3984
3985
3846
1598
2382
3778
1249
3774
2560
4427
6112
2867
3125
4715
3480
4851
3772
6569
2545
6566
3771
6564
3766
2552
4859
5438
3848
2257
2567
4216
43
5853
2636
6670
1242
3246
3242
5606
3310
5648
1649
2637
3894
6807
5556
4211
957
2626
5855
5223
1489
5856
3524
2611
4145
5859
4980
6961
4821
6945
4213
2856
2861
4850
2191
4185
2559
5663
7163
3314
2385
4410
3192
5054
6050
4027
2491
6118
3464
2518
6174
3122
3757
6582
3972
137
4218
4857
4622
5874
3845
3381
3993
950
5631
6529
4830
730
3236
1559
6850
1812
5416
833
5432
6874
1837
3529
4450
577
5829
6140
2568
5327
3761
3762
2550
2501
5037
2629
4961
2555
6953
5055
7007
5045
6959
3773
5075
6035
3769
6124
4006
4032
4219
6989
6048
5820
4116
139
4097
3768
3484
6563
3767
3940
3840
2254
1548
4871
3101
476
7016
1218
6794
6123
3898
2462
5562
1818
7145
1172
1834
3454
6671
5039
4428
4444
5119
3124
2566
1279
5503
667
3482
4024
2553
6290
6403
6927
882
4967
3987
6139
4782
5320
2755
2149
2094
6950
2190
7102
6280
3991
5365
3562
4002
980
6923
6270
6931
975
1501
5940
5573
5722
3216
591
5057
2041
972
5391
1641
1799
4672
1642
1185
5069
3403
477
4867
482
2393
4311
3333
1183
3329
974
5943
5101
3312
2681
5105
6734
1186
1234
6178
3182
2661
879
4791
2295
854
5326
5824
983
2182
5456
1059
2927
5434
5232
6561
1508
764
2939
1507
6519
2033
880
888
1473
1835
4854
1838
5871
6269
2507
1418
5500
3178
1841
4476
5031
6201
935
6207
4841
1048
4441
6804
1700
4254
3463
3701
6952
3843
6933
271
3545
6928
3467
218
3428
6947
175
6924
6915
7017
6898
3616
6877
3977
331
4252
423
4227
245
3765
330
6943
3516
6852
3039
4858
4203
7079
4009
640
5446
1645
2458
2049
2594
7075
6853
6944
1043
784
6993
2445
6527
2104
3892
2185
3868
3589
2484
2080
2638
2479
1164
6665
4258
5508
1936
4589
5570
7000
3245
2620
1030
4855
4660
5305
977
6002
6167
4399
761
1423
4257
5369
3896
2189
4852
6743
3815
1592
4556
126
828
5116
3372
4802
6464
2354
3613
1589
4558
5120
6097
7140
4526
4276
2255
4774
3982
2311
5162
4290
1991
5185
1303
886
4744
4335
2421
3682
1047
180
4486
3729
3546
5957
4275
2408
5679
2904
3777
274
7020
3054
30
2748
3011
3722
5231
2442
5876
4343
7028
1211
4525
3088
5354
6951
4969
1580
3021
1034
6282
2586
4566
4581
1890
5517
5549
275
6408
4963
4834
6903
6369
3849
5397
1963
4735
4742
3992
6906
823
2788
827
5407
6911
6405
1999
4765
2801
839
2840
4796
866
7103
3821
1525
2086
797
348
1557
733
4222
4005
2639
3513
3588
991
5377
1937
5385
4184
2966
3580
5922
2710
2712
3998
2718
6351
4669
4676
782
4682
6916
2740
3628
1089
5417
3256
7008
3255
6004
5049
6720
3249
3434
5994
1796
1635
5705
4325
1797
2481
1798
2482
4421
498
6756
4423
6184
5670
2253
3897
3899
5625
1240
2215
1207
5602
7068
5676
2214
2210
2239
5749
4364
4369
5106
4378
2192
1643
7076
1184
560
562
4389
4368
6105
5990
1222
4108
3177
6085
3928
6239
5166
6202
1820
5023
5959
1110
231
232
3120
469
235
4792
2514
6194
2520
6870
6876
5948
6972
5989
3697
4503
2561
3458
3481
1833
4278
4019
3687
1245
4794
5207
2766
6066
864
2383
2032
2031
163
862
7038
6404
868
4025
7062
129
6106
6114
5145
4811
2329
2786
3751
867
2327
329
3989
6054
5111
6042
6385
7060
7063
1470
131
2325
5170
3632
1348
2632
211
1383
3598
2502
1387
1024
2616
2147
2607
6295
2083
5029
1046
234
2118
6235
2580
241
1084
4156
4126
6275
4141
1124
1341
3698
6308
5073
4842
2732
4853
7010
316
4061
189
1359
314
312
1144
6344
6165
5386
5048
6321
6934
990
998
6170
7002
6179
1382
1182
4865
2272
2819
1547
3238
6890
4640
751
572
571
568
3266
6835
5811
5550
3520
4413
5603
778
3306
438
4346
5827
519
3979
4345
4344
1743
3980
1738
5833
3922
5797
3512
3212
4507
4521
4500
3873
661
5540
5539
1832
4564
1597
4488
1601
4574
4580
4582
3469
3891
6879
3466
3186
36
5506
618
1813
6854
4226
4223
732
6881
1734
1962
4509
3343
5418
1691
5660
6791
1498
2866
1704
4301
4317
1980
4314
4304
6800
3839
3981
4279
57
6422
3425
497
3421
1685
5841
4306
812
3385
334
4340
2854
4787
6472
5653
142
4429
6661
1803
2492
420
3941
6858
3686
6799
5726
1705
5557
1142
5314
3460
7052
4473
4451
3407
2112
2563
1302
3107
76
1085
2276
1591
6237
2278
6236
