6976
6974
1127
6971
6979
1153
1123
1122
6972
6975
1120
6492
1146
3941
6497
842
4191
4199
6467
4194
1121
4192
1154
6973
4958
6977
4193
1159
6490
6056
6460
4198
6504
6500
1151
2459
4190
6473
4
2102
1041
1152
6052
2530
3780
1125
5761
6469
2537
6757
1155
2918
6576
6852
4120
1126
4877
1129
5438
4876
738
2661
4872
5163
2025
843
6786
257
934
5747
6373
5922
6485
4196
6
4878
5642
2584
3171
3863
5846
2922
2421
4163
985
2794
3718
5065
6888
4854
449
6509
1069
1158
6554
1429
5705
2975
5034
4361
7030
2815
4873
4519
5043
4875
4330
2450
5039
4331
544
5162
1817
2587
255
1423
3964
5522
6498
6465
4335
1362
2290
2072
6688
5168
5509
568
1172
1919
2894
871
4640
7039
4164
6839
3070
4668
6078
4695
4787
7053
961
3852
215
5521
1390
2437
4795
3437
6386
6638
1395
2452
3716
2758
3160
3626
235
3945
6154
2471
6488
1
6214
382
4632
4635
1435
7032
3485
4250
1432
3944
5963
2312
5966
5469
427
6738
5069
6055
117
5164
6882
6687
5976
4419
2817
3845
6894
2828
6028
662
3430
6484
1986
2480
3918
2425
9
3942
6350
3917
6548
2439
5629
2205
1829
1174
5061
1175
2350
1392
3340
6022
1042
7028
5751
6785
4650
6778
2405
2819
5
3623
6206
2674
2655
5977
3043
6464
6384
4013
2054
2800
4017
6659
4059
4397
6647
669
6652
5369
1262
189
4858
846
2896
6664
3804
2813
1420
4781
6395
4182
5570
2778
3379
1679
2126
4788
5308
1783
5304
219
6657
6047
6211
6005
5969
478
6268
6234
3847
6227
3860
6059
1632
3285
5291
5753
4165
4886
4169
1394
4847
4841
2869
4188
4189
4702
4691
4678
4672
4641
4628
2939
4603
4588
4569
4549
4220
4467
4280
4460
2996
3019
1421
2850
5836
4943
4162
2512
5694
5653
1134
5626
600
4012
5432
5403
5396
5344
2788
5318
5316
5297
4073
5203
5096
5088
5080
1386
5056
5047
5037
3096
5005
770
4959
6287
1003
6682
3608
1789
6898
1688
3678
6819
6697
6663
6653
2081
6634
202
6618
232
2201
6533
6532
6522
6486
7035
7044
6777
7153
1824
1821
1301
1036
5466
5463
614
4415
2679
4418
4023
2697
4054
1555
4444
3387
969
3112
659
6667
667
2792
5292
1095
4077
5211
2106
606
6619
4078
4316
1157
6501
6502
5762
508
4320
516
2505
3916
2518
3210
1419
2534
6551
1722
1823
3947
1131
5603
6598
2120
6612
2111
2803
967
2052
952
3672
4865
4862
4855
3488
1396
6927
847
1476
2961
1275
4186
1469
6941
3482
1046
4705
6970
4690
6981
7062
1398
1848
4200
1781
2941
4879
2854
1529
6709
3108
5120
1522
5115
1519
1516
6760
3911
5035
131
965
4983
4970
4161
2843
125
6841
4948
2847
4945
4461
1068
1066
1491
3910
1305
6388
3308
6097
404
2352
1686
3800
2254
2344
6352
6222
5998
446
3290
1176
6115
3846
6298
1645
6320
6096
2772
2426
2832
1238
4982
5317
3861
2825
5020
3561
135
6380
3088
4060
6832
6842
2323
2725
4944
1658
4942
4941
3434
6850
1495
4902
1493
1064
2075
6087
3704
2026
176
664
2070
1240
6681
1684
2793
6407
6686
3111
5213
178
1206
3816
6035
1692
701
702
3110
5156
2812
4082
1928
2790
6394
2814
655
4090
3286
6084
5141
4175
4857
1430
954
6230
3588
4503
4240
4459
7067
4215
4536
4561
4566
2955
6221
1025
4586
3049
3044
3007
6307
6306
3001
3
1418
962
8
4307
4402
4416
1825
966
6339
6294
2946
4601
4602
2910
4187
2901
4183
383
3647
2355
4181
6915
3671
6119
1552
1393
6887
2875
4706
1465
6959
3486
7049
3817
6209
4633
45
7034
2934
1040
6199
7019
6161
71
2921
6357
6116
2440
6315
3781
1002
5785
2207
1605
6537
574
575
6430
2162
5943
5768
3783
577
5925
578
3764
3808
6525
5558
2633
545
2667
5749
3370
3900
6610
2625
2212
542
2187
6600
2202
444
5623
546
3237
2531
1369
4032
5948
1609
6613
6639
6633
6481
2474
5435
3908
3949
5437
2139
1132
621
6438
6479
6590
3787
1128
6475
2249
3786
6433
1747
5960
7012
69
1280
3483
2206
75
2346
65
2930
1279
2325
1671
6881
1204
6435
4852
5620
4850
4848
2580
2864
4179
2866
4804
6567
3782
5627
2373
85
1915
381
4774
1668
2274
6365
4732
2904
6546
4661
2721
2933
2228
960
3509
1828
5777
5769
2343
1195
4465
3507
4484
4488
3504
3905
4275
3589
3579
5842
484
2326
3566
4339
6487
1422
4449
4367
1681
5855
6495
1425
7140
4407
1298
4512
7069
3596
7046
41
5714
7042
4170
1144
6530
5701
47
1851
6356
2935
248
5679
4636
6526
5928
5737
509
3337
6342
4214
1399
4206
1677
1637
4205
2949
2502
1831
4589
3077
5927
4660
4629
4856
6872
2448
2811
2809
3248
704
5161
5145
3994
2434
697
5169
6397
692
2796
5472
2433
3885
5119
6617
6735
5082
6428
2311
1520
5087
1246
5094
5095
4088
5104
5111
4087
5615
690
6746
5186
5468
6007
5428
5329
4069
6033
2438
623
6415
4058
2704
1550
2715
2302
6644
184
3896
1098
3728
5210
1701
3996
5214
6050
612
2668
5271
2795
2066
2675
2444
1241
5301
2296
6689
5067
2449
2462
1933
5552
3431
1391
3859
3757
395
5599
3433
4924
5563
588
4974
4971
1985
6098
4951
5595
6843
1361
6099
6110
399
3776
6111
133
4889
5050
6773
5604
3101
2822
6113
6863
5526
2021
6859
2423
5062
480
2036
3857
4883
3694
2417
3843
4168
3241
3677
1353
3231
3580
3812
1264
3312
3040
3436
3844
1007
4063
3854
3294
3522
4072
1263
4026
1198
3894
1295
3746
3471
3278
4119
3745
3687
3835
1173
3936
3878
1331
3902
3412
3701
3709
3617
4108
3986
3615
3988
3214
4079
3309
3478
1150
3810
3480
