6973
3941
6974
6977
6972
6979
1127
6975
6976
6882
5065
6509
6487
6898
6971
5291
3780
4199
1153
6492
5304
3863
5308
2918
1158
5129
5318
2297
6849
6716
2129
382
1122
3486
1155
5035
4194
5162
7042
6350
6378
2896
5788
6970
3908
2537
1041
5519
2788
1622
5218
6234
176
3485
5474
2088
5705
5019
5078
5922
2302
6064
3947
2792
7152
5526
5127
5042
3174
6709
4339
2060
2300
4705
5311
5022
3789
5039
6473
4556
5
2889
4331
5033
2450
5294
2480
6490
2066
3110
3096
5848
3626
135
5047
4876
807
2291
2583
1044
5043
1688
5653
2530
3617
4240
3458
4192
4198
1796
1
235
6230
4012
2067
4280
5469
3860
7100
6488
2452
6199
5847
6044
4191
4333
6625
6047
934
7004
6894
5512
5164
5986
3
331
3418
8
1126
6398
5413
6406
3910
1783
4481
3623
4193
6546
4418
5067
5658
2204
6467
2065
6746
2911
2064
6581
5570
5617
2439
4668
5784
4120
5303
5120
6319
5151
2419
1889
5030
2459
5295
5713
2004
1152
4951
2256
4330
960
3070
6504
5438
1100
3781
2817
2069
2471
330
1928
2814
2812
333
3783
881
7076
2474
844
3788
5459
2915
3618
500
5031
2895
3312
3305
308
2850
2947
4315
3294
3647
2437
1390
2142
7044
5316
5317
662
3285
4632
1711
6844
6410
2661
5089
5838
3845
962
4380
600
963
2002
1121
1987
4958
6884
136
1510
5515
5791
4638
700
4791
3704
7035
2509
801
4934
4975
4183
4795
2309
5395
4566
3436
1947
2945
4395
2009
5463
3367
384
3340
3361
6382
6576
1634
2063
6417
4415
5157
6460
5509
3164
5510
4317
4363
1901
3379
4316
6000
1383
510
6415
6414
374
6513
3904
2851
6101
3785
846
2810
1391
4013
5085
4190
840
5681
5128
6824
2301
4023
4797
4865
6949
6948
6944
5833
2541
602
5122
2587
1123
141
961
5842
5383
5384
4813
6852
876
2247
1171
7130
783
3973
1757
2401
5312
4160
1755
2134
3629
3643
3964
2127
1679
3894
6938
7150
1890
1986
1418
6940
5761
5836
1138
2368
4708
4635
3368
5596
2007
6922
4626
2613
7159
2
4184
4250
1040
106
1613
3843
3786
1932
5041
5685
5749
1623
1395
7048
1206
843
3471
7032
7031
2512
627
3175
4307
5344
2303
7132
1421
1495
6286
5616
3412
1614
1632
842
5179
5141
2816
2068
1684
6757
332
5080
4846
6500
6786
1747
6904
1581
5884
215
4841
6469
4016
239
4519
4459
3616
4886
6558
3615
2919
1789
554
4470
4875
1652
5465
1386
3992
6539
2860
5470
4010
3936
4018
2187
6411
6041
2025
3059
4942
3865
6899
2238
170
2235
6888
6887
202
179
4207
3718
1125
3001
1429
2981
2043
6846
1394
5124
2996
3482
1848
692
1671
5664
6097
1645
5708
5794
6081
4238
5704
3619
5846
3841
1716
5611
508
3784
965
4300
1829
1701
5835
4204
3724
1748
5094
3364
5924
4304
1398
4205
6056
1745
4164
3866
151
1131
6891
5217
174
2675
5214
1517
6860
1520
6854
198
6841
2206
1529
6820
4017
4842
2796
6787
4014
2800
2809
2811
6104
2855
2861
3991
3990
2254
4085
4179
4661
5307
2397
7163
1176
7157
2405
4163
2417
2421
2449
873
7102
2451
2346
5453
2453
7073
2476
7062
5292
7045
2505
2307
2521
7012
835
4174
4089
6978
4663
4166
2126
6728
4879
919
6419
5518
4878
386
1320
6388
393
1050
2019
2008
736
6325
3135
430
3150
1422
438
4335
3208
6243
1933
6232
6206
3280
3306
6137
6123
4313
2036
2062
3840
2922
6542
5466
6549
4465
4484
5464
2913
4463
4458
5481
2941
6567
3966
913
2917
1620
5158
3999
5297
4139
1656
5613
872
3993
3884
4162
5655
1655
5457
5203
3875
1682
5657
5206
5487
5460
5631
3849
4070
5404
1587
5667
803
5626
744
3909
5262
1437
1500
3949
5521
1497
3844
5355
4090
1653
1523
5545
5558
4169
4081
5877
5709
4508
1093
4873
4872
2858
4870
4867
2825
2869
232
224
223
2793
6832
2207
6842
1237
6856
6777
4601
6699
2128
2061
6479
6481
4451
2073
6541
4910
6545
6695
4467
4473
1277
2916
2912
2908
2884
6686
6687
2946
2975
2739
4603
2483
2482
1151
2324
7065
7066
1154
2472
1150
2454
7103
7104
4780
2361
4755
2418
2409
6
7101
2686
4664
82
4604
1120
178
6909
2633
2251
2252
6920
7041
6924
6968
4796
1146
2524
2299
6999
7003
7030
1134
3007
6283
3244
4337
1948
4986
3237
1020
6233
5963
3271
6187
1718
1358
6161
3725
1004
5851
964
966
5870
3709
6084
6072
3457
1815
1845
5086
4421
3493
1031
5898
6291
3134
3044
4417
5980
6407
5981
3816
380
3787
383
1034
3772
569
5759
1048
3111
6008
3766
5930
5834
1758
1999
5803
1325
2015
3106
4275
937
5276
4173
1385
1144
4171
1060
969
967
5121
4790
4666
4208
4781
1172
4219
4709
1396
4732
5087
4651
5053
4811
4377
4505
1328
4488
1427
4472
5115
4397
4399
4461
5168
4930
4442
1055
4434
4937
4422
4314
1359
1107
5150
5070
4182
1384
4284
4608
4293
4814
5146
4636
1372
4186
4301
901
903
1239
4308
1241
4580
1371
5170
2383
862
6262
871
3172
1968
3117
6314
2003
2006
3092
6365
3072
6384
6395
6413
3047
6416
3043
6436
6464
6472
338
454
336
3268
3290
564
3597
5978
3589
6002
6003
3546
3504
6022
3472
6052
6053
1843
3450
3376
3369
6106
3362
6111
6160
6162
3274
329
6498
2943
2290
2294
2526
2296
2308
7039
2484
2473
2467
2461
2460
40
38
7106
7109
7140
7143
2415
2414
7158
4
2534
128
6934
2274
6560
6572
2102
6652
2897
2120
2121
2125
6688
6737
3645
2160
6797
6825
2205
2679
2229
173
6889
6914
2610
6927
2183
3700
4730
772
841
3994
1659
3839
5699
732
1492
5686
3846
4098
5673
5563
1686
4087
