6474
4195
4779
2586
2588
4258
2830
2839
6374
5012
2834
5158
2585
2924
4021
1121
11
2489
2971
6469
2254
6464
772
3487
3162
5018
2836
4627
6496
2487
5625
5333
5339
600
19
2900
3560
4255
5503
1547
4257
2920
1980
3484
2838
779
5336
2904
5210
2501
5698
5803
3928
4022
1353
2583
13
5105
3441
3241
6412
5502
1167
3922
5258
4611
4011
3396
3093
3247
2837
4023
2831
3095
3379
5472
6326
2584
2459
3942
1901
6012
6379
6373
3008
3377
5767
2906
3480
1357
6210
4192
5216
5314
4026
90
66
4759
5507
5505
3344
2340
3372
5624
3444
2408
3482
5508
6413
6419
5215
7145
3248
3245
773
4618
5337
15
6501
5331
5330
3130
3094
229
4921
6026
5813
107
4029
5795
5733
5794
5797
4025
1351
1945
4027
6411
5079
2271
2270
6383
3370
2659
1352
1358
5891
5342
2683
2975
4006
1343
2572
6673
3134
4620
5791
5793
5332
2907
5334
6482
5149
18
2884
3373
4005
4124
1947
6027
6016
6014
3606
6219
159
682
2759
4253
3945
3500
1909
3924
6495
6065
3916
3622
3562
4259
3136
6490
5787
3643
4651
3092
6589
5290
4088
5979
1348
6023
5634
3509
3376
3948
3378
5809
3940
5212
4463
5804
6416
5161
3411
5696
5399
5695
3483
6461
4580
5633
4717
3374
3964
4135
6389
4718
7147
7126
901
6893
2753
903
5071
14
2940
2208
6867
2581
150
1868
5475
1927
5772
118
4956
776
1198
4932
4596
5814
2422
4693
5476
6013
1591
3511
1355
5631
2908
655
5201
2613
1651
4755
4198
3508
940
4581
16
17
4621
604
3249
4003
5760
5298
1778
5299
3486
63
3000
2742
4028
3601
3375
3090
5515
4312
4127
2931
6584
6361
5253
4131
1566
5162
4197
2587
2083
1239
4251
3527
5510
5157
3394
4190
4774
5691
633
2766
6182
1905
5650
6371
6372
5611
7085
390
4142
2765
2798
3462
652
656
2003
6384
4004
2792
1504
6507
6970
3135
325
778
1954
6011
5217
6577
3915
3699
6583
3080
989
3864
3750
3828
5103
4661
1460
5252
5251
3795
1449
5429
6891
4024
6979
3240
2107
5211
2897
4454
931
4001
5146
3243
3600
6467
2754
1179
6743
6489
1191
6978
1126
1702
3569
6974
3481
3806
3756
6225
1431
3764
1537
4016
5761
5921
104
5808
3641
3502
1983
5792
1928
592
5870
6008
5089
5785
5766
1402
3489
6084
3371
6248
4362
3189
1168
7127
4972
2278
2276
3168
6721
750
6716
4583
2923
767
777
3106
3096
10
2244
6574
6586
5230
5297
1789
6625
4682
231
4688
4711
1192
4333
1441
6357
4139
627
6846
2426
6346
5623
4772
3410
2364
2833
3391
3413
3288
3383
6369
786
1398
791
2216
4123
5873
4281
4629
805
4636
3863
3829
4773
5237
4020
5719
1047
65
1400
4077
2687
2709
5774
5480
5783
5788
1235
1995
4194
5630
4484
4493
4144
5699
1956
649
4542
2630
5085
5394
7146
5764
4592
1359
1363
2346
5763
865
5962
2618
1385
158
233
2763
6417
344
3662
1617
3050
6585
3006
3280
2782
3287
1514
5153
6476
6362
6020
3696
6037
2896
6377
3099
1920
1443
1563
6398
3507
2985
6499
1601
4928
3642
1468
4926
960
5988
157
2926
6686
6516
6508
2932
2263
2508
3446
1324
4271
5155
1918
2260
6541
5458
770
1089
4934
62
58
3341
2799
1122
1884
4535
3342
5427
1655
4154
6782
6410
5584
5190
56
5558
6780
2788
3183
4099
4122
3485
6840
2832
4766
4130
5213
3180
1903
6484
5641
5640
6500
5134
4289
6725
2582
5871
1864
4760
5858
2161
236
323
4669
3646
540
6626
4975
5204
1937
3926
5485
6004
3709
502
4715
5107
1428
2743
3823
5980
3753
3861
3752
1466
2956
3721
4338
486
921
1569
3949
2207
4378
590
6868
6580
5317
1567
7159
5790
3282
4746
6044
4370
1541
102
1775
5037
1356
5802
3044
1787
1986
135
6025
950
5810
5232
1197
5465
3174
1169
6471
4377
3197
2899
1159
3210
4951
3794
2124
5441
2227
7157
262
1018
3091
5308
959
2941
2929
1781
3009
5268
835
1051
4736
5239
2990
2948
5294
6553
5113
4754
4953
6492
3164
2273
2272
4539
2922
5383
2269
3161
5372
4582
3151
4585
3118
2120
2891
6531
5127
2277
2889
6392
4339
6051
1929
3593
2589
4924
3566
140
6885
5771
4931
1519
1568
4009
4974
2562
6212
2762
2554
2538
2535
4349
2533
7016
7060
5011
3621
1455
1407
1476
3885
3917
2964
4843
2745
1941
3925
5170
2689
3645
3946
2682
5816
6021
1981
5039
6029
6032
2619
5827
2503
5717
3419
3299
2764
5200
5022
180
5539
7098
689
3292
5030
5526
4285
6441
4331
6444
7115
2308
2307
1866
2101
5491
4193
2392
6647
5620
1913
7087
1912
6325
4078
4093
6336
2432
4126
5189
373
4137
4140
1906
2401
6375
650
3364
1650
659
4141
4147
4771
1004
4731
4877
4938
4776
4742
4910
5010
930
4958
953
3584
4684
2965
2972
2976
1763
3098
1747
3110
3115
3138
3173
3176
3177
1700
3211
3222
3285
1665
1661
1623
2947
3398
2901
2828
2168
2266
2109
2279
2304
2320
2375
2388
2452
2509
2551
2617
2652
1958
1948
1940
2751
2760
2790
2835
4714
3460
3506
1193
1185
4357
1166
4406
4436
4495
4531
1127
1083
4619
1081
4626
1071
4632
4633
4662
4667
4683
1196
3465
4250
4227
1546
3559
3587
3615
1510
1485
3762
3877
3920
1380
3941
3962
1354
4018
4075
4125
4149
4191
4196
4240
5040
4624
6439
5259
5973
6645
507
53
5265
5256
5959
5940
6720
5897
5316
525
60
801
5849
5255
5248
6108
6570
439
5179
5205
843
6642
6041
6028
6015
7110
5241
6605
5981
6030
196
774
771
5588
130
5545
5452
5537
6921
5602
5531
5456
6947
5500
6990
5488
5479
6999
5610
5628
5445
6731
545
5817
67
68
563
576
5780
