3154
5710
3226
3165
3150
24
287
59
3222
289
3159
3152
5536
5530
283
3799
3227
285
3221
3157
3161
5532
3220
3224
3156
3163
3151
3796
3797
3791
4333
6475
3167
29
5533
3229
5311
55
50
27
1614
5218
3228
288
5718
5715
4371
3795
3794
3793
4326
6489
4773
5779
2368
3223
4471
4370
6486
3792
5535
282
280
23
4376
284
6490
5039
3155
6555
4372
21
6480
6977
2703
5538
6842
5716
2974
5788
5174
22
3991
4878
7005
5126
5413
6790
25
5202
1114
4412
2884
2524
4378
6975
6973
58
5613
3790
2530
4545
4870
5224
6500
5003
4638
108
3798
3294
7044
5460
2472
2739
2365
6370
4708
5259
400
1814
844
6513
4920
2307
2302
4705
5215
2535
2300
5895
4548
5643
2261
3070
4379
412
3863
4477
7130
5312
4339
20
5463
52
5590
5586
53
2163
4975
2959
4932
1618
6485
5766
60
6606
3153
1369
4373
3886
4571
5317
3096
5758
3184
2105
3160
3338
4999
6997
7003
5079
232
6884
2260
482
3965
135
6516
4616
414
7065
5499
4018
5537
6504
4770
4706
5124
6509
1640
1315
994
5188
4375
5534
5384
4710
6492
54
779
5046
2706
1080
6264
2122
5000
1364
2237
6742
2308
6987
419
960
5510
4510
370
5008
2401
6460
415
2883
4546
2888
5661
2265
2165
805
1853
5212
6550
4940
6487
4543
7115
1336
6735
1839
5197
4120
2521
5289
2945
1404
2009
65
4542
5714
5753
4128
774
3001
1015
6894
6938
1054
6899
2488
2996
1687
6570
5750
6346
6882
5761
3626
5041
3624
5021
4139
2351
1033
1616
5180
5285
5388
4927
3060
1879
698
1406
6761
546
5220
5298
2025
5558
4707
1948
6711
2211
6434
3074
1338
5427
93
2169
4876
1988
5287
3788
4036
3743
4549
5182
5870
3889
2309
1789
3485
1268
4994
4993
3471
2561
2816
5316
2743
7015
1811
2583
3307
1435
4833
6283
5286
5194
1125
7159
918
396
1610
4418
6048
2704
398
4790
4777
4775
4377
2819
2813
1053
2701
4331
4432
2533
4995
3482
1111
4663
2562
2566
2523
6581
6778
2896
2891
2510
5030
4928
2505
4926
429
697
541
5050
2918
4709
2480
6032
4739
4879
2690
5120
6175
5189
5217
865
4613
5161
961
4518
7039
3994
317
6507
1868
4046
1717
3997
148
3061
5601
150
5552
5304
5214
2363
5539
4515
3172
4098
1836
5652
32
6350
2450
2419
2166
1666
1831
5276
5187
338
5405
1809
6465
4157
5752
7137
4063
5302
4006
1815
4909
4074
4075
4532
3137
1402
1309
4678
1833
1122
5198
6285
6653
4958
5921
4274
5209
1835
3044
4990
1852
2895
3456
4062
4942
3147
5848
6696
6727
3380
100
6645
5274
6721
4544
6488
5485
883
7132
3939
6706
63
4868
5299
56
6484
4872
3075
5403
4712
6062
3998
547
1389
3260
4893
2653
6699
7071
6508
2658
2874
962
4337
926
7083
956
117
3071
4003
2881
921
818
2477
1041
1040
917
328
3880
1075
4605
5310
6108
6107
1025
5034
5309
3168
2370
1539
2934
4125
2367
1113
2406
4658
333
4183
1052
2787
6898
3572
1049
6905
5747
5089
777
1653
4632
3196
1045
5711
3617
1688
5056
2957
3884
1578
408
2407
298
3301
2520
5006
5628
5004
5179
2814
6814
5871
1786
6811
1481
4470
2305
2304
4997
6999
3230
4996
6482
4569
239
236
3232
6996
6971
5164
890
291
286
2357
6840
808
1500
1510
6846
806
2356
5653
1505
4117
3513
4838
5852
5158
4112
6831
3007
5839
4405
6473
925
915
4540
6652
923
1220
1051
4541
1096
1095
2935
2940
796
1232
793
4610
6329
4479
783
4634
2970
3188
3185
3009
815
3162
1119
3077
6446
4737
862
4438
4442
2882
3291
1153
849
846
969
3146
4701
4458
3186
1152
1124
2089
5731
4141
5712
5103
3620
3623
329
3627
5122
5717
6937
5127
6963
2352
6970
2301
1794
234
5599
2378
1817
2429
5751
6853
1526
2513
5033
430
5818
2484
2479
4158
5783
5763
4174
393
1612
3573
3575
2459
5755
2467
2522
7011
216
2160
5280
5281
3940
5422
5406
39
38
3828
37
2124
5381
5367
7157
2104
7160
5352
3888
2125
5595
5464
2176
7025
3717
7036
4044
5567
5211
1889
4004
5466
7064
1905
2234
5226
7085
7088
119
5489
3811
162
2527
913
1502
2708
3348
6791
505
6052
3362
4281
6712
3365
4962
1334
4937
6776
6728
1415
4924
2682
1396
6737
4317
1504
4892
555
4330
5977
2564
2709
6739
480
487
2747
1483
6110
6690
4836
1501
4992
6234
963
2241
4711
966
6244
2235
968
5221
4886
6080
5523
2781
4559
2087
4795
3049
5994
4791
2267
2780
4810
5556
4547
2671
5554
2253
5551
1339
2733
5515
5417
5411
5282
5410
2818
5277
5300
940
5404
934
4859
930
5389
6084
5474
5262
4874
5206
5488
1333
4535
6190
6425
4766
5495
2217
5511
2850
5513
5516
5487
2292
1838
1581
1109
5768
2560
5892
5760
1056
5791
5078
1613
2571
1619
4976
4688
2456
2454
2568
2788
1571
5886
5843
6292
5853
4659
5858
1530
5005
6331
2512
2931
1533
2509
2936
4652
5043
1108
1094
5922
4697
2418
5140
2353
1395
2642
4575
1768
5623
2362
2312
4895
2297
2650
6266
6410
4563
5981
1154
2369
2887
3005
2088
4950
5940
2402
4614
5941
1035
2391
2388
5118
4896
1712
1718
5672
2379
1146
1020
5201
6176
1044
4081
6845
3533
3854
746
7019
6604
187
526
3214
3824
35
4016
3860
3241
424
803
6930
3134
6929
6602
3835
6939
6535
6541
6697
51
6694
3844
4240
293
3457
3843
861
6704
196
6972
3366
470
4222
6538
6827
6780
455
801
863
7150
420
118
3318
548
3113
4068
3570
7070
3704
7162
7089
7127
3992
6752
6918
694
4152
230
7080
3277
3941
7114
3999
3561
4177
113
417
6547
