6987
3304
697
693
3570
4551
788
3712
95
2041
4557
695
789
6981
5384
690
5752
5753
696
2043
5758
694
3704
3716
4504
3324
5594
6661
4351
1496
6986
2869
5380
2865
3718
2863
6665
3708
5386
3303
6989
2042
7090
6983
1539
3380
3638
5754
3265
698
5287
7035
1969
6637
1895
4867
3722
5600
3300
1853
6967
3266
5755
614
5580
6982
571
1962
7039
3714
4507
3715
692
809
3930
3276
3269
4503
5591
5750
1530
6602
5530
3513
5564
2867
6663
2047
2128
3711
3705
4874
5689
4500
2044
703
2118
5593
2237
1863
6668
2569
5276
5965
2126
7036
3956
3630
3144
1615
3706
994
5677
1699
4505
2352
3264
6660
780
4221
5687
2379
1967
5389
6623
1961
7096
1616
5770
6985
298
2568
2710
2531
5209
2868
5096
6968
3710
3703
2560
3719
6631
1099
5751
1858
5702
598
1735
6444
5599
6598
296
3142
399
784
691
6064
6742
2089
550
787
2864
2862
6753
59
2176
5368
3350
1978
1535
1323
781
6696
5537
4837
3783
1766
1295
4575
4722
1324
3894
2671
489
3932
5273
6655
5484
363
2197
3709
1965
6606
3571
2370
3497
6609
3479
782
2045
6980
2087
3216
3701
3536
2860
662
3321
7113
7029
6884
7030
6168
3713
2262
848
3147
6958
1797
2558
6988
6066
2893
617
6656
645
3274
4281
2535
4540
4863
3141
4879
5058
2127
4761
4744
699
4720
709
3263
1119
615
7000
2269
6003
5364
6446
3574
3892
6163
3632
6790
1854
55
6630
3594
1636
1733
1737
6640
846
6603
3327
3793
2363
1529
5506
7098
429
1941
6644
5629
5043
4884
890
5065
6669
6176
5109
552
5732
5597
5355
6622
6552
5388
6605
6381
5598
319
5590
352
826
609
5943
1142
800
5678
4898
6697
1760
1732
1728
3049
2959
6831
1687
3148
2266
4090
1611
2046
1587
7071
4159
4165
1680
3165
7026
3214
3368
130
1976
3456
3502
7006
3590
3242
3599
3625
3628
6913
3702
6907
185
7013
3217
232
4168
3278
4207
4506
2695
2321
4550
4561
4569
2567
280
283
4745
1301
4795
289
1290
4812
4460
2700
2603
4369
7111
1525
1464
4354
1527
2394
613
2071
2065
3047
2779
2851
3261
2542
2540
2854
2366
2080
2544
2949
5904
2954
6240
5915
6238
2701
2643
2232
2160
3046
3086
6299
2941
3707
2017
969
5405
4210
4223
4226
4284
1498
5313
5278
4434
4437
4509
1392
5264
4548
1350
5193
4721
1144
5000
4964
1610
3973
3955
3950
2012
3440
3515
3537
3592
1857
3620
5701
1275
3720
3323
3726
1767
5674
885
3822
1730
5604
1723
3888
1701
3923
3785
4046
2510
411
6594
216
77
285
6652
6794
50
5535
5532
5525
5487
3395
132
351
3451
6639
6189
3391
3386
6565
5488
29
6193
1879
3528
7101
1125
188
5256
5270
6654
6911
5291
3685
2769
3666
5344
5377
1031
569
6642
5602
5456
909
2310
5626
3220
2129
2260
2257
3195
3007
5843
3163
5906
3107
2218
2212
2211
3074
2207
6591
416
6595
898
6027
6604
3799
2013
5628
884
6962
6971
5670
5676
6984
2048
6077
93
5709
3260
7008
6611
2088
2958
1146
1406
6394
1682
2645
4068
6814
6811
4162
4881
2599
4220
4247
482
7136
3939
4280
282
6793
4310
6779
6454
4384
4436
4453
4563
4559
4482
2530
2561
3936
1020
6302
2696
3886
1167
2694
5093
6283
2705
5091
2699
6728
4665
4668
4523
6792
7050
2104
3229
2097
5269
1520
5746
5743
6593
3858
7011
6657
5720
1312
3882
706
5279
94
4775
6615
6617
4777
2084
6750
5781
6732
2193
5136
5919
4501
3124
4542
3140
3145
3146
3149
3152
1765
6853
7033
3191
4466
3073
2133
3724
4432
6879
5833
4541
6619
189
6719
5135
1188
288
287
965
3984
5046
1926
5491
3976
1669
1208
6937
3499
3974
3503
6936
5436
1899
1898
1896
1894
3532
5352
5409
705
5064
1051
5402
5390
5367
1640
3450
961
6941
6649
3280
3700
5650
4817
4862
4174
4871
6690
896
1576
6949
906
370
3361
5292
5295
1577
4163
5589
5581
1592
5579
4904
134
1966
5539
1612
3830
5170
6494
7119
2523
24
2844
2566
2264
412
644
2709
2847
2533
2536
6092
419
2777
6472
6162
2861
6212
46
2573
6572
537
5
7134
2708
2707
2706
6052
508
2580
6492
2382
2809
556
6445
6403
2626
7137
6106
2206
6259
2268
2913
6378
6056
2220
6353
6582
517
3971
5056
2836
6312
5538
5060
1937
6833
1193
2331
6185
6317
964
3934
5068
5536
6178
930
5560
3382
426
616
4081
1618
5608
1614
7076
1613
619
6132
2622
2881
6626
883
4062
2639
358
7078
135
7092
6166
5019
1973
4012
5005
1649
4525
2319
6161
4036
1644
6818
5596
6634
6938
1979
3458
3601
5221
1852
5358
6921
3754
5362
6922
1855
6650
1762
6547
5374
6924
5195
3723
5194
6878
6917
547
5274
6253
6545
1798
1815
1816
2760
6653
5262
186
21
1071
187
5246
3616
3457
1137
335
529
1729
6284
993
2353
991
5118
2349
143
2797
5097
1705
2820
3901
5511
2357
5184
1731
6933
5385
6237
6645
6643
311
1026
5403
2367
2365
5141
1016
1881
1012
1154
1010
5134
2915
6905
878
1515
3230
5759
6387
276
4318
2100
2263
1482
4352
3207
4607
7032
4366
4319
1466
3232
3236
1308
1309
4748
3241
2563
5726
2092
4746
284
2952
4728
5739
5742
45
646
5721
2546
1461
4508
5913
1390
267
2515
1394
5909
1395
3060
4538
2201
702
701
4535
2214
2987
1
7043
4431
4441
4447
4566
4469
3156
3044
5976
5886
1429
677
5889
3143
1424
5870
1307
1325
7007
239
2575
4245
3277
6701
4229
4228
4224
7070
291
5684
486
2942
3256
4222
236
1557
6699
6107
6536
869
5653
6402
4169
2592
3320
4818
6076
5682
1302
483
6613
1532
6431
2571
