6996
938
2705
3174
3879
2881
936
3172
2704
2887
2703
5713
939
3872
6999
3179
6085
3173
2989
931
5152
6088
5076
5155
6997
5465
6084
5073
2882
3877
5079
6080
5051
6895
3177
6995
3966
5153
5712
5717
3969
6991
6990
6994
62
3875
4871
3871
1805
5862
6896
2702
5151
5660
464
2109
5173
3810
7023
4876
2884
6087
3215
2403
5075
2263
1252
1812
7080
2600
6992
6026
4903
6009
6718
7087
2189
2534
1733
2183
3476
5472
2707
6086
932
5903
6082
2104
1781
6024
384
3379
2541
5072
734
1803
4673
1054
777
2609
3176
4932
3908
2700
5857
113
6694
4544
108
5346
5171
4877
2827
1808
1200
1248
4633
3346
3836
1814
6370
2406
1042
4981
1047
6326
4377
2889
1452
4379
1251
6893
1055
5784
2261
5715
7084
2589
3964
2302
5861
4774
2708
5399
5157
1241
2529
2533
6693
3665
6435
2701
4347
6006
2659
1142
5996
6840
3519
4370
5803
228
7021
4875
4373
1875
4934
5808
4870
1789
3812
5100
4378
333
362
2944
3479
7127
3798
5417
3924
1045
5531
5874
5710
2100
5863
3747
5711
5884
949
2303
3669
6892
3349
2265
4011
2277
5085
666
2300
3567
1257
6707
1244
6890
4951
5345
5781
3171
1250
3989
2750
1721
2747
2744
5177
5769
831
5575
1738
984
7014
5788
2184
2536
3415
3596
199
2108
719
6148
5340
1079
5492
2601
1459
5714
1601
4954
7025
1809
6138
5855
2764
3422
4878
3838
2687
3777
6416
2761
3663
3429
3661
3874
3659
4465
2188
3369
7017
465
6004
5504
463
2253
462
2068
5667
5190
6899
4337
3137
5158
5990
5078
2368
5047
4376
1269
3168
3762
5473
3847
2266
2880
3849
383
3170
4742
1811
1234
941
6811
2173
4289
4950
5834
6541
3560
3692
5495
2530
4460
2925
136
6685
711
4271
2007
756
714
1041
3929
1097
2652
1092
1052
6412
2617
3983
4435
5179
1453
4400
5584
2760
3446
6012
599
4151
1883
3013
5148
2885
4425
2773
6714
5497
1611
5314
6348
4848
1596
4316
2854
543
5917
2970
3344
1322
6964
595
6891
3299
6889
4840
5510
6419
425
5498
448
3166
6457
6883
6420
4120
3343
4283
6872
3813
2618
5719
2008
46
5666
3585
912
2419
721
7149
6021
5733
1993
906
4689
3968
221
2003
2654
6280
5718
955
3887
2190
6712
812
3696
114
816
4543
933
5630
3864
6258
4504
2254
6795
6175
6172
903
5378
2709
4395
294
3444
7163
2354
4372
6364
643
641
640
2352
5787
1802
4345
873
4675
2767
279
3832
5782
2754
4655
3980
3982
4422
6735
4174
4907
1954
5449
5751
5763
5312
1901
5041
3766
3744
6780
5089
3771
814
930
6481
5641
843
6479
4159
1500
6894
1295
940
1122
6798
3253
3255
5564
1369
3296
3536
1167
5768
1233
4018
4766
3436
5080
1264
3410
3237
3233
3211
3209
3743
3175
3889
3900
3903
3655
1059
5716
3878
5227
3181
1304
1075
729
1100
1108
1438
563
3180
4172
4682
2971
2508
5993
4468
2695
5379
1975
6399
4601
2198
2489
6955
5132
2972
2713
76
4364
2471
349
2230
5424
1690
6255
2608
2602
1728
2613
4498
2056
2055
6279
4872
1711
192
1779
4545
2923
5108
2673
4565
1947
2824
7142
2751
2400
4841
4365
3103
6442
2304
2389
6343
4741
1527
2321
5875
2323
2324
2769
6008
2402
4874
4508
7013
2251
4250
5914
2734
2816
475
2741
5906
2746
716
2775
2005
2610
2732
2697
1232
2619
1202
3623
2735
1076
3607
2756
4771
5774
2706
6322
193
5440
1101
720
3597
4424
2753
4173
6022
134
3940
77
805
5154
2459
2458
4913
3863
927
3748
6775
925
2255
3876
5372
2269
6114
6732
3842
900
3840
4654
4656
887
2329
2359
4681
49
5252
5150
4598
4515
1051
4523
2103
150
4928
6064
6065
3923
4540
4541
4542
1235
2538
4546
4548
119
772
4786
779
5146
989
5393
7118
982
2195
4595
4510
3448
3146
1882
4257
4960
6555
602
5812
5811
1730
1640
6978
6385
4251
6417
3030
5975
6581
1783
5087
1460
4340
4817
1723
3225
5933
566
1679
2930
6514
3239
5561
4285
1885
5550
1710
3291
6860
5954
1455
5956
5923
1794
1594
1840
4740
1818
5868
4363
3112
5315
4371
1526
6002
5865
4017
510
4835
1843
5876
4013
1542
5611
1856
5518
7027
4008
5330
4348
5900
338
5614
7022
4346
1458
3718
5233
2974
2351
4957
3201
1667
3738
4982
2197
2494
2487
874
3189
6401
3075
3134
2407
1486
2275
3071
2267
2262
4846
916
4902
1590
2192
1595
1624
3178
5858
4900
2437
2387
4897
3769
2454
934
2379
1566
2464
5045
2375
2474
2179
6223
6524
4935
1121
1994
2836
3427
5299
3424
6288
5991
6285
6283
1787
6027
3398
5980
1259
5994
1133
1816
3459
5249
1206
1247
2743
1849
1183
2649
3506
6328
2740
5997
1158
1253
2726
1141
3441
1682
5802
5973
5843
4956
3666
2156
5951
6699
2167
2509
2170
6704
3236
4830
3705
5941
5938
1389
5836
3297
3651
5806
6383
4868
1739
1736
1732
2604
6028
1352
1725
2598
2593
5826
2105
4886
3298
2599
2742
6142
717
4318
5430
5339
382
343
5414
4128
5415
562
3880
811
345
5377
6878
5416
6880
3862
5176
6882
5474
5500
5086
6874
5192
340
775
5106
4547
4074
5404
4723
6823
718
4467
4570
78
5338
3998
7015
4529
3926
44
153
750
749
4382
747
4253
4683
807
4177
5507
4406
7049
4180
266
7048
4679
726
267
5622
4616
4189
3817
4154
197
5137
4622
4334
3818
4404
4401
5519
4228
4402
17
191
5342
63
5088
7026
5502
3843
3962
3848
6671
1239
4047
2176
6314
4007
3455
1694
1262
3406
5605
3417
5014
1246
4339
2917
2913
649
5402
6389
5952
5441
4037
2729
2469
1950
3517
6813
3514
5757
686
3985
2493
3542
5024
5775
