6990
2188
2182
6992
2189
2183
936
5152
938
4840
2185
3173
4830
922
4849
6088
2881
2885
6085
2180
5996
4846
5080
2442
7014
6991
4848
5660
6997
5155
3528
4547
4847
1803
2887
4845
5666
5713
6896
2618
3842
5079
6995
4844
5051
5857
2703
6999
2880
5315
939
2536
2619
2008
2882
138
5991
6996
6895
2263
5884
2884
130
2705
4271
5314
5656
5861
5862
3659
4548
452
3174
5076
6435
4493
3448
5719
4953
6326
2616
984
5990
5474
4841
2181
5994
4273
729
5075
3760
1302
3769
4544
3877
3524
3186
3185
2265
948
2707
511
5652
4543
5784
2886
5510
6961
5087
5085
4545
5088
5089
5993
929
2198
5572
3879
2700
2613
3183
6969
2670
5479
1947
1453
1619
3783
2260
5171
6783
5175
6248
1611
2617
2598
5825
3179
3180
2639
7031
1186
6892
3197
2535
2269
6726
6514
4540
3868
1303
1460
1596
1526
514
5153
5245
5252
1710
2186
931
720
2184
3665
5664
5883
6998
2798
5492
5471
2701
2678
2266
5236
5495
4070
677
5711
838
714
5465
861
5456
3878
358
1295
5668
328
4189
4336
5889
5233
5880
6930
5875
457
450
3744
2609
5084
2262
6008
136
3625
3849
4870
3654
4601
3968
5885
5393
6703
2638
2708
2889
3188
5550
2702
3187
1145
5882
1211
3172
6262
3046
5746
1152
6364
4546
932
4542
719
443
4497
1993
458
924
728
5774
2888
919
685
6258
134
3422
3815
3652
1574
6993
2496
1793
150
1617
6889
2329
1659
7016
1548
7025
142
1652
1553
6076
363
5808
750
2724
5452
5178
512
907
5450
349
2814
3008
7132
1149
5176
3316
5997
2431
1233
4673
5254
3021
5745
4622
456
3536
2187
463
465
6253
2424
930
718
2508
1791
5249
2602
668
1616
5667
1590
2330
6109
3872
6211
1549
1497
3651
3658
848
1846
5557
5863
3181
4957
1458
5086
5973
6554
3182
5982
6714
4972
3669
6935
3436
3962
5874
5475
6685
6694
6947
1655
6241
6964
441
5717
3950
2917
1583
5002
5662
378
5472
2327
6891
2533
1795
684
6242
1612
1781
5895
6672
6931
1055
1598
7163
1209
6280
5247
1251
3369
5239
5237
5856
3693
2195
5879
7002
3102
1384
5174
6758
140
3619
6023
3280
6021
640
5412
2493
4262
139
6502
6498
6712
3363
4249
5378
1542
6927
2127
6065
2570
2679
229
6082
3650
1459
4396
4397
688
603
5999
1015
6966
562
3626
4697
2671
1125
3692
2192
6894
4877
2672
3368
78
3761
517
3317
5747
5060
4746
2454
2634
1206
4741
608
3814
2368
553
6027
3571
2197
6038
6968
2599
6126
462
3818
4834
4873
807
1358
1571
359
3189
4425
1355
806
321
2571
4201
1456
5555
5654
5487
4495
1503
6643
839
801
3088
6539
6439
6725
6561
3148
3114
3184
3930
231
2129
3418
4356
5636
5531
6534
5346
2816
326
3409
5657
3511
6493
4606
2
2474
5512
4609
6713
819
941
3402
2430
1439
5316
1248
949
177
694
4604
1808
6846
1290
3890
5665
1307
5319
3523
6826
6827
2267
717
7083
1593
6279
4012
4154
5675
2551
5827
5574
3429
2392
3567
1840
1701
805
5486
606
605
3663
831
7160
5865
3411
596
3417
3453
7137
3364
5769
661
3476
7130
5235
5756
2395
2382
1809
657
666
928
3525
7033
2821
2433
7028
3532
2676
5712
2419
5193
5775
2853
781
1029
5133
3367
7145
5604
5609
5151
2204
5611
3623
768
3622
5409
5399
5312
2675
900
2687
5370
2121
2714
2822
3964
2019
384
2005
2268
6322
1592
1594
4564
405
3063
1597
2595
1599
2335
4608
2338
6240
4623
4768
6160
6174
6179
4674
451
4541
2505
4668
3289
4650
440
6215
2261
446
2326
1347
6398
3239
2301
292
6518
3942
3235
4203
3956
4067
2528
6693
3973
3972
3966
3193
4771
221
3158
4424
4422
2282
2559
4379
341
4219
6427
1570
1565
6739
1970
6446
6447
6432
4789
1843
3724
2065
6045
2234
530
2632
3784
3331
5070
1901
5887
4878
3767
4954
4951
4843
6066
2237
6000
4842
5881
4865
3456
5018
2912
4250
3168
2916
5045
5454
3810
5423
2068
5100
2788
1711
1388
3105
1712
4365
4370
4378
2923
4384
4398
1091
4958
4180
1431
4082
3335
3664
3195
1884
2710
1845
4026
3697
3233
3676
5499
5500
3691
1932
4216
3944
844
3177
2061
4175
1958
1546
5065
3718
5069
5476
1457
4108
1537
845
4099
3320
2865
1122
4460
2833
3312
3565
1638
5180
4648
956
3557
3551
3766
4626
3616
3028
1142
4642
3032
5259
3787
1183
1154
5238
4765
4762
2389
3568
4757
3798
4738
3615
1903
2973
3836
4755
5318
4614
1052
4876
3519
1842
1804
3862
3283
1855
3875
3407
2002
920
1575
4492
3075
2100
4549
3522
3286
3288
3618
5158
5156
1787
2944
4864
3066
4868
1789
1595
1301
4874
1019
1651
4935
1680
921
2517
6899
455
5671
6396
6399
6402
347
176
2600
342
7112
646
6847
2481
333
7113
678
6442
6102
6955
2547
6084
5613
368
2622
122
713
6249
5750
6918
6921
6244
6239
671
6276
7023
687
6327
6910
6907
696
6368
444
6196
2500
6383
6900
7035
711
712
5504
6034
6245
2537
8
6545
808
6012
803
2658
5848
97
6994
6569
6474
5529
797
5980
6733
2321
6016
2659
6650
5892
6503
771
2324
6708
2515
6481
5967
6772
235
1717
3629
4675
2630
4962
453
3362
3326
2983
6217
133
2066
4661
3025
3024
141
5957
4655
6212
2913
1723
2918
3750
5022
1098
3657
4952
4804
3349
6026
2461
4832
6113
4835
3656
1697
6083
1153
505
6046
510
6037
1880
6944
3339
1683
454
1885
2042
2929
2256
2933
6172
4955
4740
3695
3694
6009
1202
4754
4871
3681
2451
2463
4505
1280
2538
4145
4147
6531
6736
2300
3887
6750
2325
2542
2328
1577
2544
3874
6787
