5016
1340
6734
4750
4752
364
1142
4756
4754
3126
1903
5015
519
2116
5373
5793
5014
1781
6152
518
775
2040
5013
6733
4723
4765
6828
1819
1352
4446
103
4258
101
6144
6735
5679
2045
3347
416
4119
2900
1197
517
3831
6833
6180
1760
6980
1061
2955
3506
6087
1736
5379
4762
992
4757
2270
3834
203
3833
4871
3535
1805
5283
354
357
5011
1636
2989
995
3922
5375
5371
3822
5699
1640
2145
2154
515
5954
5083
1359
4367
1367
3359
4024
1750
2043
6874
4353
3549
1739
6187
2921
7034
7136
5400
1353
362
7125
1365
991
4758
5047
367
4899
6730
4447
6
5018
5989
1185
6136
4837
5964
3074
2110
4231
5985
3373
905
5982
2827
5776
3660
1226
3562
1708
7129
6838
1715
3503
998
4509
5402
1322
209
3494
1327
3302
5409
3095
1751
4931
4507
3542
314
4008
6768
1678
6825
3996
4618
506
6762
3337
4751
6530
4118
6769
3328
2049
3073
99
7056
6053
4027
1543
3696
514
5340
5900
4500
2738
350
4020
6060
1188
3139
5303
356
6216
2344
1140
6385
2902
6142
3836
1189
6505
1329
1067
1277
2975
1808
1324
1450
5829
1071
3932
1216
4759
351
3320
4755
2939
2603
1215
4753
2953
6536
3315
5678
3479
3934
6438
3490
1756
1343
2971
1072
4587
3951
533
2957
7047
1975
7052
4425
2119
1972
5377
6156
6203
2047
2029
4239
2041
5017
5019
754
5044
4868
5128
900
4768
4381
3132
1730
821
6851
6852
1735
2692
5733
1737
2623
6755
1341
3127
5926
6764
1966
6082
4259
2920
46
3694
3938
6235
2028
1217
1155
509
1633
4494
2929
3336
6045
1368
5695
404
2909
1693
5036
1360
6083
5643
5637
2961
4554
3838
4802
1517
269
5978
4443
6155
4629
208
2842
1513
4105
4077
1046
4817
7163
4806
4323
5509
931
933
4448
2697
5624
3874
5528
3873
1208
6146
1755
5932
2232
4842
565
1813
3303
788
5012
1632
2375
111
91
3943
465
2631
6537
4021
4628
116
1212
6274
1638
3335
5770
1170
3358
5020
2901
3352
6763
916
5729
447
1575
838
2670
782
1515
4620
3644
6503
2907
6738
2908
2696
6493
7092
5836
2379
2377
5261
1198
1200
2355
4622
7040
206
3569
1790
1357
319
7128
4550
1955
2951
201
1732
2820
1004
3752
4943
2575
4508
3538
1907
5976
1231
2958
826
1001
3878
1928
6158
2244
3090
6211
3078
4532
6928
776
2331
1670
767
5357
4831
1138
4503
6307
3329
5117
4555
1486
246
4264
1878
5376
5484
5475
5995
593
1250
2366
588
4086
2879
847
7146
585
7097
1311
903
1335
2343
1419
886
3332
36
4501
892
6353
804
4504
3326
3325
4116
1459
1362
1361
3339
6023
5835
6359
5073
4322
2775
3314
1347
2133
2220
4598
2152
4850
1601
1978
1738
3476
6855
1734
3809
6390
318
4484
1694
4937
6836
5662
6835
6070
149
5372
982
5368
2439
1996
2108
6212
3548
748
6145
6945
237
1818
1809
2982
1800
4444
207
3887
3870
264
1784
200
6397
3491
4903
5429
1078
1742
263
5002
4530
5740
3980
1180
5691
1194
5737
4698
6765
3053
6739
6737
2698
3830
5026
2904
385
5743
2101
4491
6056
5677
3443
3445
1144
7038
780
6317
2875
4312
6315
4107
4384
6515
2871
4336
4224
4520
6154
4328
1206
1261
4325
1034
6519
4366
4295
6183
1141
6246
883
4351
4490
668
687
1156
993
6534
997
1186
4382
4506
1167
6089
4222
6380
999
2906
3040
1183
6185
3052
2950
6511
839
1798
311
3473
3478
6870
3879
6876
313
3744
5314
96
5625
5319
2058
271
1740
268
2586
3913
6807
5230
368
1979
361
1675
6850
6832
7095
5284
1690
332
5644
5641
3930
5682
2056
3497
192
4900
6969
3543
3545
6984
5347
3547
3556
7017
1960
1965
3798
1969
5396
266
6966
3534
3498
1797
1281
4812
2055
3502
214
244
7037
5010
3753
3754
4857
2022
2046
62
1667
1635
6731
5049
479
5056
5831
1428
3334
4567
7141
2231
529
1355
3382
545
1346
2236
3304
2242
2246
2834
2248
2836
2276
2
1287
1285
3675
4642
4028
5040
60
1627
5690
4726
5694
3721
1602
6789
4722
4700
4673
1557
2150
1976
2159
2699
445
2156
2185
4403
6281
2117
2175
4991
5048
2337
5231
5352
4960
3112
5035
2360
4324
2341
1995
893
2178
6217
5077
2082
4350
5320
3094
5085
5125
2282
2229
864
6311
4385
6298
2153
2103
2017
3097
901
4394
910
3061
1284
4951
1436
5809
4613
1479
1487
4636
4499
1209
6026
1512
2721
4654
2702
5746
5734
4675
5774
4720
1420
1213
5958
5956
2837
1313
1317
4546
1321
1411
1337
1366
4556
1387
2800
4558
5865
1214
1350
5697
1628
4737
1836
1043
2535
5524
1865
5501
4862
1826
4865
6167
6169
4892
1008
6188
5408
1951
5461
1806
1782
4793
2628
5681
5680
2922
5674
1136
1677
5649
6078
2933
4767
6099
1086
1741
1079
2578
1767
1971
3674
6063
3802
255
6478
581
28
437
6472
3496
3632
6732
3805
6364
6362
273
152
395
3574
7094
6736
140
3668
3263
139
6748
365
3266
4269
6513
3699
3989
6502
6501
4110
6707
665
3540
3679
3726
3544
6375
6982
3635
241
180
3864
3541
3946
392
3319
131
429
6435
837
6760
3331
4223
516
446
3609
4226
6342
3672
6341
3602
6740
3750
3925
3205
133
3262
6400
3323
812
4251
433
6457
137
541
6853
2973
2489
5326
653
655
4150
4626
7032
6131
197
4870
1892
3223
4869
1654
6538
6084
1626
3204
1625
4933
2952
1147
1139
679
5005
4633
4492
5687
1952
4453
4944
5403
4997
1134
4175
1639
2413
5356
5332
1485
3206
3935
7007
4938
5515
5790
1731
527
5826
1369
6643
299
353
4552
1729
1358
549
5667
3310
2824
1762
1763
3353
2828
1752
5930
2588
