7001
7008
1834
1839
7005
1835
7009
6529
1832
7000
3196
1837
4054
5416
1836
1833
2543
6794
6528
5419
1830
4058
3181
2548
1838
3198
2557
3092
7007
5411
547
6791
6174
4768
2558
1107
7002
2569
6676
6790
4215
3381
3770
6173
5556
5435
7003
731
1580
6958
3182
3515
6690
5607
2544
2441
6548
1106
4853
6673
5246
5853
4747
3195
2546
2508
7167
273
4210
270
4217
1980
7163
2540
6172
1781
6792
6175
5116
3065
1418
2565
6954
6955
4255
2167
6347
2568
5114
6798
2440
6793
4274
260
738
6674
6743
6042
6568
1118
5821
1103
2554
5418
6167
2542
1843
7016
4848
3192
6341
6853
5552
2545
100
7006
6956
2555
6815
3480
2509
2550
2447
5626
1616
3255
3569
275
5608
3236
2446
3605
6524
2
6306
3388
1142
3189
5176
6995
6153
3692
2489
242
3360
6417
2080
4013
166
3219
3822
259
1050
2074
5629
5251
4509
1831
5574
4355
1484
4953
32
1043
4946
5637
4057
2444
4213
4744
3061
3707
7011
4671
4967
6350
5103
4937
3596
2978
5425
6707
2954
4592
6797
6852
1612
3004
6457
1085
5667
6459
3265
1478
1412
6986
7015
3373
700
2416
1579
5158
5606
6027
5623
278
1605
268
267
6796
2348
6569
249
245
2319
6562
3513
771
795
1421
3214
178
4673
4672
1999
3557
6287
6696
3713
2905
6285
1904
4826
5791
1987
2950
1355
1356
5414
920
5013
3075
4597
2150
6756
5465
2622
3522
6171
3250
1413
5288
824
2115
854
2600
1416
5075
1845
5998
3186
915
1153
5580
6872
3735
3130
5600
3053
882
4214
4211
3362
3739
3514
937
5579
4053
4055
6961
3512
3258
3257
2562
3517
761
5252
4118
3239
6950
4024
3776
2549
6988
3985
3940
3931
3205
994
6817
364
958
2909
5247
2941
5242
3563
2689
2585
6998
5048
6476
5151
4871
2342
6280
2185
4675
2343
2344
254
4317
6023
6050
1175
4589
4920
1341
5026
5111
2448
1991
4324
4980
3019
136
3007
3008
5920
2046
5576
1330
2157
4028
5557
3069
637
4419
3256
1591
3697
6151
4052
6525
880
4459
2180
2590
5588
6286
3733
3988
6201
4596
2827
1948
2955
5829
5040
4559
1488
4845
4834
766
2907
5388
1345
1482
6906
2957
5051
6394
1035
6488
776
3983
5897
4532
5314
3001
1618
5034
922
1007
1331
3762
3473
3773
3744
2250
6734
1581
1435
5602
5985
5516
6999
6089
7004
5241
3184
5682
5244
2349
1847
4731
3386
2347
4746
1185
76
1151
1167
4236
4216
5179
1186
1428
5164
4762
5993
2500
2507
4753
1552
4986
6704
1814
2560
3402
2556
2267
3078
6300
4107
1100
6076
632
6745
3170
5716
5555
1108
2551
4361
4365
4364
3242
6270
6854
4761
4809
3715
1868
893
4771
4981
148
3202
1982
3731
5769
3073
3203
762
4977
5025
1469
6304
4598
4670
3510
6260
6863
3509
6751
3597
3162
3748
6839
6472
4737
1840
3737
2967
1677
5740
1367
1419
3193
6358
3775
3185
1844
4582
760
344
6553
1582
5269
1588
5275
4059
2225
4056
6048
338
4051
7045
7046
5085
2108
5152
5162
5946
6617
1572
6614
4320
2526
4921
2350
5243
7027
4349
2346
269
247
6450
3387
4928
2308
1536
4322
720
6979
384
2301
1565
4363
3374
2615
1009
3922
4924
37
2808
990
3482
3898
38
3892
3876
4850
5217
6465
5567
2904
1996
4574
957
2465
5856
4537
5240
305
1610
7012
4020
1145
3372
1615
5915
5627
5292
2505
4002
3989
5571
5903
4266
2748
3964
3472
6675
2443
2704
6799
5621
1815
754
5668
6411
6391
1819
5628
1614
6454
5684
1613
1606
1600
1728
1770
1477
6474
1445
1811
5625
3207
6004
806
6183
5941
6515
2068
2629
1052
5922
1045
5948
2041
2703
2022
5892
6208
2757
2784
1339
5851
2040
6679
2112
2218
1166
1149
6584
1183
5989
5980
2355
2353
6129
1113
6561
2305
1102
6616
2263
2561
1247
2567
1109
3206
2823
2840
6294
1386
6733
3071
3090
3096
6486
1864
6292
3125
6752
3168
5698
3173
3183
1846
1842
808
1402
2828
6730
3033
6695
2867
2884
1343
2926
1346
6221
2947
6289
6706
6500
2959
6248
2971
2972
2975
1907
5779
2952
3375
6005
111
4742
4743
4745
3511
3508
91
4763
6952
4766
3506
3505
5102
592
4792
590
3500
6943
383
4417
4433
532
110
117
176
4108
4490
6878
170
5255
5043
4130
4581
7074
622
4073
6992
5018
4679
6972
4713
7051
4460
116
567
3742
3561
507
3441
4909
494
4873
4877
4941
3849
5403
3890
3872
3407
4352
3404
5178
6925
5220
5377
5424
3489
224
4829
4963
6814
3667
7013
8
3377
5310
4933
4847
5417
5123
6022
4141
2432
1105
4121
2493
5212
4163
2449
357
4208
4925
5214
1152
4218
708
1130
2484
7010
4205
4258
354
709
1101
2723
5895
5890
5878
5872
3957
2775
3933
3982
2779
5335
5828
5368
980
6693
5827
5823
5383
3915
5912
2657
442
2553
6615
4105
5258
4078
4077
2564
2579
2584
5290
5954
2412
2601
4029
4027
4025
5923
4017
6665
4116
1180
4422
2410
4960
50
1470
4827
6372
6365
1715
4821
4819
1487
6342
65
1446
1793
7145
4974
75
4767
4764
4736
4813
4732
1489
6461
1545
4936
1586
1589
1592
1597
1601
4945
20
6409
4947
6451
4878
7160
7158
4858
1501
6415
6413
36
1607
287
1865
6299
2204
955
6117
6114
4413
1246
4410
2265
2274
2199
2300
6560
243
6053
248
7028
258
4335
277
6037
4372
7118
6152
1283
5011
1364
1361
5039
162
1348
1995
5053
1336
4458
2005
190
2078
4496
6179
2118
4478
6170
2149
1288
6216
952
1543
5763
556
6773
5630
6825
3815
5563
3199
3665
868
933
3614
3494
3076
5409
5402
612
3290
5420
3777
3774
3188
5533
5550
3741
772
5421
2968
3194
3516
3524
3197
3050
780
6795
