6409
1810
3897
3893
3477
3472
6870
6377
3245
3243
3891
3476
281
6876
4425
6379
1059
57
7016
4426
219
3896
51
1816
5044
53
5824
5049
6389
3419
7022
4422
5534
5988
6879
686
1795
2334
3792
3560
5641
3872
3877
7017
3894
3895
4427
2884
1048
2704
6029
5048
2872
5161
5189
6872
50
3793
3898
5472
1784
213
5531
3879
5987
2836
6248
2834
3249
5829
6374
1353
4429
2586
3475
6874
6999
280
1812
5038
1013
2485
931
2480
5505
2318
5508
2505
6322
5160
4499
52
1781
3162
5827
3248
3247
4461
3483
1794
2383
3240
3191
3401
1980
2481
4423
4715
4378
284
282
6850
5156
4255
5344
5504
7026
3847
4127
2996
771
6102
5004
5465
4910
6381
1608
4779
2161
6496
1374
67
5040
1234
6873
2954
2920
15
3892
2203
1516
2821
2904
4843
4850
1512
5828
6376
6860
1793
3573
3622
6676
1078
4488
4491
1834
501
3079
6941
3068
5539
6964
69
5153
1378
6235
6163
2538
3940
2378
1009
2363
5301
5432
4495
3160
1346
5502
62
3424
3977
682
66
727
2050
6168
668
6328
2271
5333
5339
286
3667
626
4421
3983
2330
3561
713
7007
7024
1357
5164
3899
11
4986
6966
2835
7111
2091
13
6969
1819
58
4791
3890
3919
5180
2487
1591
1623
5535
917
5319
2506
56
5538
1611
7023
935
5308
3444
1813
1801
6671
287
285
7145
4286
3864
3484
6998
5478
3981
3948
4120
3915
5528
6528
7011
1560
1601
1607
4952
3422
6447
5345
3796
315
1733
3777
5337
6417
3623
4954
3566
5330
3797
1817
124
623
1993
3229
4472
4856
3166
3157
3152
3072
3417
3061
5923
4057
2924
2873
704
1055
2830
5165
6018
2748
4654
6240
2216
4774
6238
938
6138
955
2338
125
4618
4465
5797
263
6677
5820
6372
6875
1951
652
6404
5281
4428
4454
1968
6855
1978
55
5823
2337
1028
2742
1804
6027
1811
6015
2705
1092
5779
5780
3928
6085
3945
6225
3366
1012
946
2312
6734
2361
4021
3434
1343
1418
2820
1861
2075
1091
3241
5628
3770
5678
1703
1099
577
6438
578
1072
3251
3799
1069
6895
767
3500
2058
776
5921
2972
2959
475
808
1867
5941
2885
6324
2880
3288
5558
6562
311
5166
362
4189
7113
5414
19
202
4274
4719
63
7052
123
16
4476
5343
4959
4468
5255
261
4851
4354
4460
5075
5005
4419
2254
2060
2513
5630
6050
6775
2493
5073
2714
3661
2732
6081
141
957
5607
4703
3750
1066
6165
4213
2763
4214
1042
7027
3795
6718
2311
2265
140
4050
5167
5336
3171
288
3474
4475
6851
3221
6853
4474
4466
618
3411
5231
5237
5822
667
5795
643
3482
4494
4497
6890
5662
4625
2838
5168
5169
7090
5177
3563
3650
3562
2985
4257
4258
779
5186
3554
3076
3097
2983
4853
3369
1805
1471
1476
5042
1806
14
6452
1246
7160
1550
1561
1563
1586
409
3916
4161
5009
5441
4126
6413
6416
3975
3931
1592
1738
1737
1598
4121
1730
1721
24
3918
1436
5506
1341
6364
5072
1991
4029
5533
5070
1098
1076
4871
5401
1956
4055
4059
6957
3873
65
1382
6385
344
3065
5875
6455
1333
6456
2987
6554
1626
4508
3071
3021
4390
1216
6462
1595
3111
701
3297
1386
1493
714
6503
3224
5232
3220
3209
1533
4993
1549
3179
683
3167
1373
1358
3283
1432
4498
18
5848
5857
2055
4621
1684
2501
4682
1158
1807
5032
2447
6402
4901
2393
6733
2384
6173
6391
2333
120
6722
2287
6211
5108
1032
1041
5080
4869
86
4857
1075
2056
143
2971
2520
2588
188
1690
2953
2952
5930
1198
2900
1732
27
1074
4624
2827
852
1739
4627
2784
5163
2759
7110
5158
1787
2671
2653
2649
6080
4950
2592
2545
5134
2832
6878
5334
574
299
5530
3559
3912
3936
6894
3481
5430
5299
5291
5286
3413
3412
5671
3410
5665
5536
3744
5342
500
5621
5622
5625
4245
533
5557
5377
3658
7021
5388
5395
474
5532
4334
7029
5760
3386
6996
1870
4674
6392
7143
1880
7010
1901
5957
6683
1423
5061
7009
1914
2879
2876
1920
1022
5965
1923
5099
6693
5674
631
4771
1856
5025
3681
2989
3379
4259
4025
354
145
5409
4928
4677
6222
3319
7120
54
4397
59
2224
2390
3575
6961
5931
4164
64
4883
4670
1024
2204
5001
6023
3659
5275
2729
4651
2184
1062
6320
2619
7126
6308
6045
2687
2106
3822
3668
6260
3693
1043
6073
6767
6243
3656
2595
2576
1966
2584
3376
656
4053
2831
1970
149
150
4249
1981
2591
1990
6556
5786
858
2031
2032
6341
1360
4855
4355
3910
3003
448
5501
709
3982
6854
1568
4323
3794
6471
6464
3974
708
5296
3972
1597
669
2448
1800
4970
2296
5428
421
3208
6979
5777
3280
681
374
6726
2405
126
2441
689
5447
6514
1241
6859
4981
3989
1542
7060
699
2335
4991
2444
3416
1511
2294
6078
4349
1710
1188
3811
430
1411
3521
6551
3527
1755
7163
5522
1172
3372
3922
5624
3815
3917
772
5713
3504
932
425
3117
365
2273
1698
1683
5008
392
1677
3164
3124
6553
3289
3161
4277
6877
4060
3779
6218
2356
4759
5572
2370
3790
6200
6245
5346
4747
4776
6201
4749
1026
2249
2320
4745
6209
6234
4742
5573
2230
2267
4760
1428
2162
23
1624
424
1661
4965
5507
1695
1393
1707
6429
1186
6580
439
29
6407
4972
1786
5500
6474
1421
1429
4022
6586
1439
4982
1451
6524
6522
6505
6480
6990
1242
1552
5442
17
2167
4128
5018
5396
7018
4859
1987
4854
3878
6995
1355
6569
2057
2068
4841
2085
6713
6276
5400
5012
1958
4881
1797
1808
6670
6673
7144
5045
1815
60
1846
1864
1875
7141
1927
76
6694
6954
5404
5793
5144
3441
2833
172
3201
3601
5989
4620
718
4289
5973
5966
4615
5672
3180
