7025
2260
2266
2262
5719
3888
2269
4546
2263
4544
2268
4540
4548
4543
4542
3798
2264
5717
3882
5716
4545
3886
729
4773
2755
5714
2261
2265
5711
3883
4547
2816
7021
2267
4541
4023
3881
134
4372
4370
5317
4770
3889
2305
21
4840
4375
6991
2535
2814
4549
2197
2198
3346
682
5218
369
5152
4497
3327
6514
2810
2006
3299
2340
3652
3887
3982
2920
3321
3880
5175
136
3884
7023
1023
3849
2746
7029
6714
687
1567
5554
4373
749
60
4376
726
6026
2570
1617
4705
6023
1459
6810
1359
5498
2104
3980
3966
2196
4371
4740
7027
3864
5412
684
5715
2930
910
2190
5247
3563
5982
3167
5770
2007
455
5889
5780
3103
1814
5572
5990
5204
3260
3311
6396
2937
4741
941
68
5994
5314
2885
814
6818
6713
2923
6779
6493
1147
1019
5176
6990
4189
2718
1358
3929
3251
6004
6996
29
5475
4074
2125
2286
4623
2183
2185
5252
2193
3162
5570
2101
3984
6243
1433
3940
3922
2308
936
3656
6550
3484
365
543
900
6813
3280
3257
3254
6998
7022
723
3208
7145
6717
4954
6024
1596
6020
4377
2449
5781
5878
5895
4285
1558
6000
1951
2318
2519
5978
4468
2299
3215
4864
3250
2971
4374
4334
3398
463
4622
457
3530
3560
2884
3669
2456
3705
3772
3844
3861
3878
2705
2517
4282
467
3160
6129
1064
6907
2100
6826
1020
5636
1017
6929
5874
968
917
922
951
1892
1692
6474
164
1075
1063
113
7113
5108
6187
6080
6025
5171
5178
5430
1775
1150
1141
1537
23
6966
6952
5233
3925
3699
1347
3708
1070
6216
6446
6417
1018
6375
6372
6371
6435
1077
4980
6489
7119
3203
3095
721
724
3022
2989
20
6960
3289
779
6944
810
3663
6914
822
887
6750
6671
3476
903
2892
2888
57
5070
2883
2882
3602
3339
61
6172
5718
1701
5856
5242
5315
5828
5818
5774
1923
1956
4491
198
2106
3979
163
5695
5666
1993
2003
2004
2008
5575
5471
5539
5492
5429
5240
461
1628
5073
1536
4953
5162
6009
221
1543
2463
6003
452
2390
131
2107
4848
4288
4774
4258
2191
4257
138
474
764
2192
3074
2975
2973
2241
750
3115
2962
3078
1380
820
1458
1533
2599
2741
1290
1269
1590
1593
456
2447
1627
1016
1012
2815
2875
462
2881
1786
1849
1967
2887
512
916
2109
2140
7169
78
6279
4844
6284
4831
4830
86
4714
4708
6328
4950
4573
6357
5892
4492
4469
4365
4337
6439
4255
4252
6354
4972
5079
5086
5884
5959
5996
6027
5831
5830
6084
6085
5735
5710
6176
6184
5547
5546
5507
5479
6230
5249
6234
5201
6246
63
6524
130
6992
3854
6895
10
3792
6901
6919
3718
3872
3666
3572
6953
4152
6997
17
6999
7
3601
3920
3296
6641
4101
3207
7165
3209
4082
671
3223
3924
3200
6175
6155
1563
1382
1387
1588
1408
6144
7151
1436
685
1442
706
6123
1544
6006
1542
6007
7158
1519
707
6110
6544
1341
913
6444
6443
6582
6427
906
977
6397
6378
6377
6672
6778
825
6792
6326
816
1076
805
6948
6277
1104
6240
752
1228
1250
6192
1297
7020
3128
5661
5883
2738
2711
3989
4047
2562
4120
2496
2490
4197
4233
4249
4251
4281
2441
4348
4379
4465
3873
3842
3841
2829
3205
3213
3003
3229
2979
3243
3245
3259
2329
3322
3422
3468
3532
3537
3541
3575
3585
2872
3374
5888
4515
4527
5637
5660
3130
5733
5734
5736
1898
5775
1866
5782
5855
1733
1710
5861
5862
1683
5872
5635
5634
5595
2017
2283
4692
4718
4839
4907
5076
5153
2195
4523
5165
5245
5312
5399
5418
5472
5486
2103
2021
5229
657
0
162
210
595
341
441
190
305
464
139
234
357
1222
4021
1247
6847
1788
1167
3163
3165
2002
3173
5222
2880
5195
3988
3201
3204
5648
3206
567
2870
3211
3214
5244
3224
1803
3928
5225
818
5192
6286
3010
4132
2070
4128
3033
5729
1233
2061
3060
3603
2934
4175
4068
1199
1198
5156
2043
2041
5173
5698
6837
6870
811
3120
6842
414
5262
5622
322
6909
3458
6916
6918
5500
1846
3522
3712
6933
5411
3536
6943
3692
6399
3545
5415
5416
5417
3664
6951
6968
3556
358
3658
3654
5427
196
3565
3683
1842
1841
909
2869
3278
3294
3298
7017
1100
5597
3848
3320
3845
1811
6565
884
1812
6566
5556
3386
5551
3810
3402
3414
1065
5537
6903
6906
6434
3770
907
3760
5273
5018
6917
964
5989
1389
5980
7139
2598
6754
4801
2609
6087
4435
1684
6219
712
2670
2678
6710
1680
718
2719
1620
2406
1304
1340
4462
2182
4845
1631
6028
7131
1718
2530
6038
4525
1388
1356
1352
6274
4535
1731
2547
6001
6538
5997
1343
6005
95
6770
4336
4745
290
472
6255
1760
1432
7156
473
4289
4989
1438
1439
479
5857
5854
4235
2823
7167
2222
102
4280
6661
6253
1457
2345
465
2219
731
4846
2297
2442
1381
3503
6678
541
2392
6927
5550
3516
6676
6677
2469
6703
356
3573
2485
6961
1561
6964
3379
6896
2188
2194
2458
3539
6082
6718
458
6021
1452
3429
1906
1910
2289
3548
3440
2272
3469
1548
3550
1062
454
3452
3542
1055
1901
5835
516
6320
2767
2765
2136
6254
2754
5885
6319
5713
3076
2044
3094
2031
3108
5699
6836
2750
6817
1220
6660
6281
2864
2844
2122
6805
2876
5823
2929
5865
6809
5778
2777
5769
5763
1229
5748
1224
5887
133
2143
505
3225
3227
3228
6002
3235
5609
3291
1950
2536
5599
2160
2165
2522
2521
3326
3336
3345
1348
6890
2559
2581
83
5691
5923
2146
3146
3150
2005
3161
2668
5957
2615
511
3185
3188
5650
2589
3202
3210
5633
2245
4024
3777
5237
911
6987
4514
4219
1599
812
5243
6555
4539
1844
1809
5174
760
4553
1699
1637
3846
5046
4055
4322
