7036
6742
555
3956
994
803
4436
5277
1587
3325
3939
2841
538
3148
550
990
1011
2844
4437
5278
2847
349
4435
2635
1581
4434
3324
3262
781
789
1896
5800
5756
370
1584
1578
6985
5274
7035
4728
1579
806
95
91
552
1052
1898
3931
3933
4438
5968
5599
3974
4551
1574
7130
2234
5269
1857
1051
4339
1570
841
809
579
3323
328
5233
93
1539
1532
5238
5967
5597
3366
375
2128
2115
4431
1482
7072
1897
1890
1855
6941
3707
1858
5701
3328
1854
3793
6987
3365
6264
1686
3955
1893
238
2848
5899
3532
3142
5381
5289
5689
1544
7137
1576
1572
553
5389
1983
5387
5382
1891
5300
996
993
2233
5288
6845
42
98
997
7116
7133
5598
1148
844
1488
3631
3849
3147
3436
3971
4048
4068
5753
6637
2380
1
615
6342
160
162
4155
1124
3950
5895
3369
5594
6413
3051
6937
3708
1577
2003
5279
2846
5066
697
6267
2845
6982
2877
5917
5276
5264
2510
243
1392
5311
3368
7139
5065
3360
3044
2634
1616
5898
5084
6711
6695
3156
6884
3380
2368
3934
845
807
6623
416
2524
3850
798
2201
2150
3788
1903
1395
6766
1895
3293
3320
1386
5287
3321
695
698
6745
5273
1728
366
5591
358
2840
3049
1652
5961
2137
3330
1325
3057
6661
3595
378
3539
296
355
762
3938
5715
5592
5589
1050
5425
1398
1399
5915
5946
867
1535
1538
6103
1586
802
5064
768
3509
1863
1899
4564
4557
4439
2108
551
537
2206
2237
4076
6668
6838
5702
7050
7033
2794
7038
2849
3104
3327
2960
3336
166
3046
3384
2709
234
3276
3265
165
662
4531
627
1688
619
757
6245
694
6962
4433
6929
4351
2105
2129
6919
4015
4012
2387
3792
3304
1655
108
800
5657
5651
1184
3028
5750
7132
1056
1045
5448
7078
1390
1394
5913
6983
1445
7037
5261
7031
5256
5254
5253
6034
863
5118
853
1585
6151
2699
5964
2477
2123
3571
323
6786
3603
6842
6771
6741
267
291
2632
3039
1105
2130
3957
3630
5658
5000
1583
3952
3367
690
5579
1323
5752
2383
2382
141
1080
3109
5916
709
1502
140
4262
1657
5522
6182
3326
5002
6598
1449
3973
3491
7045
3537
705
531
6839
530
1476
1470
6507
1483
3268
1255
5620
3047
4761
4163
4178
497
1468
1671
2306
5804
1492
6122
4971
4967
1053
3140
699
6543
5258
1098
3363
4179
5947
7138
3385
6949
3004
6660
3620
6665
1396
6164
2439
2573
7028
1391
6366
5580
6936
3448
5312
4443
2011
1336
2949
5082
1145
4461
6341
3229
1519
1513
4432
2918
2913
2390
3656
846
2042
6311
5664
1415
3892
6146
657
790
5062
4539
4595
2522
6859
5174
292
5058
6715
1016
161
700
6087
5179
702
6486
5585
539
6266
529
4169
3549
4469
4726
6485
7032
4492
5525
5760
4430
2033
1852
5871
3626
4261
4632
4264
4273
4280
5527
1508
143
6928
178
3065
6346
688
3437
2818
6466
3335
5257
322
4460
4719
1860
2686
6747
1835
5739
1515
558
2797
3329
3163
6154
4824
6161
6986
3799
962
6977
228
5302
3826
3399
2959
3894
1424
2391
1571
3395
1590
6627
6865
7054
999
3383
2456
3105
992
7070
5892
6725
2874
3678
801
5317
3522
6827
245
3015
5286
3220
7074
797
795
6706
1613
3723
5906
5839
5710
1619
3704
3935
5474
4997
3168
5351
2235
5263
4996
3970
6904
5374
3570
2267
1689
1695
7034
4022
5284
3370
2218
4999
2361
3382
824
1573
4944
96
754
3165
3551
1020
5791
1448
5262
5516
2257
4028
5113
2876
1610
3504
5571
722
4945
3507
6100
109
3553
656
6303
24
5798
1615
849
4947
1840
1856
761
3263
1589
3158
2888
6139
5099
3157
769
4668
5463
1320
6843
1681
740
5443
6104
1708
83
1565
783
5489
148
4721
2979
3234
4940
5890
1220
5281
2328
1104
3976
5882
5962
4011
3139
5634
7118
7039
4049
2256
4584
3082
1180
3362
4098
6520
1182
4120
508
3354
514
2203
3953
4135
6594
441
2535
3102
2527
354
5904
3433
7073
3776
6737
1383
2706
233
2459
247
3796
384
2711
3809
2415
1152
3925
3389
1440
6603
6885
3379
4136
3535
6495
5769
6020
870
5595
891
163
7005
6031
6428
3043
6362
4297
5243
4335
3499
5755
6067
596
5868
556
4481
5743
3622
1484
4541
3337
1489
1090
4186
4200
2183
4146
4206
6003
521
6494
4204
963
7029
964
848
5907
1330
1595
5902
1518
2667
2919
5316
7076
5908
1333
5093
7127
1393
1533
808
5224
3196
2946
1481
1477
5388
3170
1464
97
6108
3534
1324
2903
2621
2673
6107
5963
5909
5112
6027
3530
1000
2885
2898
6130
2936
1370
5843
6038
947
5914
3084
5291
2932
29
3489
2869
4041
6846
3637
6558
6840
5656
2315
6899
6584
2319
3965
3962
3371
3949
6599
2351
439
4045
2757
2252
2249
6920
4188
5092
6911
4165
527
6910
4139
5659
1193
4130
6508
4102
3356
500
499
494
202
5621
3936
2367
6880
5711
232
2472
6738
3718
3712
5683
2696
1149
2693
5709
2515
1122
347
1125
6720
3683
3655
242
6921
6679
1114
6847
3932
3929
3928
2379
1154
2389
6631
2454
2394
3899
3895
3893
6643
3855
6650
3816
1113
1109
3628
6484
2112
4932
4884
1785
21
1807
3267
696
3486
4958
2590
3278
5521
677
1058
5541
6456
144
146
1838
147
5495
5487
794
1614
5068
2972
5055
5460
5470
766
1040
1651
6971
6782
5003
3565
6180
5476
5479
750
764
2815
2814
6942
5759
5758
5891
6368
2799
2026
4376
4455
3045
6402
5754
2069
2787
3498
4254
3042
4356
4462
6363
4506
2812
4549
4547
5586
1953
3590
3301
6318
6309
4467
4602
4468
3101
3012
1318
5390
5593
3029
5422
1267
3079
5384
3009
3510
1344
5328
5627
3100
1213
