997
91
7037
7031
993
999
998
996
5274
297
6615
7035
5541
797
991
695
4432
7038
995
2357
2218
798
298
806
2380
168
2213
2042
3366
2374
1578
4728
2231
92
3057
4325
5112
98
4335
99
4973
2237
2234
5946
994
2122
4443
4821
5269
690
1328
167
808
291
7072
2635
5685
844
5224
992
4726
845
2112
6821
1571
366
7032
2223
6737
4260
990
2510
4266
6736
7036
3365
505
514
3139
5756
3668
4113
317
1487
1289
4290
6945
296
3362
3226
4725
5593
1489
4814
5409
781
7137
790
3826
6745
320
4563
4729
5081
3889
6363
6519
5758
2219
303
172
1184
1728
4368
1033
3489
97
4062
5549
3360
2980
1285
1340
823
639
6348
2236
3326
762
4437
3302
6550
3328
3142
802
2226
4551
3262
3714
4960
787
6897
4065
6111
792
3227
5461
805
5077
211
6803
3364
3363
1657
4267
5098
4044
555
2147
24
3931
1577
3937
3597
550
6305
5677
2354
94
3369
1819
1587
5270
4231
3330
1481
3435
4624
4235
4237
5892
795
4762
352
1523
1148
6538
4272
3533
6466
1680
6831
6244
4723
4724
1273
5092
3321
6255
4727
3654
21
3301
1744
4828
1642
3565
1777
3534
1186
4824
93
4327
5019
2123
3843
1002
2061
5940
801
6741
2115
2215
4867
4435
2210
5389
130
824
7092
6734
2092
538
539
3014
4386
6552
619
2128
549
570
95
4765
5688
4431
3939
6679
879
3935
2129
2132
2385
2366
593
6264
2516
364
1484
557
137
2082
3348
2127
6020
1524
386
6375
840
1570
849
873
565
685
1470
4827
4269
1387
3445
3933
4251
4265
3367
2749
4823
568
3026
3987
799
3145
791
6117
4852
5320
4105
3775
5883
6106
6169
6174
519
4458
5365
160
809
1105
973
4296
537
3038
3325
4537
5278
3039
4331
3324
793
477
880
494
677
1482
6343
3814
1044
3719
872
4236
4239
6345
6894
4753
782
972
3880
755
3856
3849
735
6828
827
929
6880
6434
1270
5052
532
807
1247
6954
529
4825
5759
803
5754
694
6708
1189
6922
5753
5138
1003
3437
3329
6105
3147
2137
3143
6230
7132
1488
4605
5874
7107
3335
1689
3085
7139
3338
3045
306
5951
4447
1726
3307
96
3236
5493
5687
2292
5467
6184
2105
4333
1787
5814
6194
5249
4619
6207
42
6108
1729
2217
5886
2047
2098
7091
3446
4254
1557
6318
4261
2959
330
5198
326
2387
4264
3033
5839
2051
7154
1616
4380
2048
4794
5746
3020
3776
166
4055
2010
6128
2011
7138
5947
6031
6726
3959
4985
5002
1853
893
2203
5015
4784
784
4892
4438
3017
3767
4771
5743
4410
1962
5731
2744
2124
571
5799
4777
6675
4610
6022
6665
1060
2049
5681
6053
6719
511
2220
4613
5361
3921
1043
2078
1902
5894
6019
1217
3974
3722
2381
3548
6419
2152
1385
4509
2143
6808
3574
1344
3349
1681
14
5859
3594
1685
6801
3535
5071
315
3532
6332
4822
1529
2462
676
2154
3448
370
865
5833
691
6359
5128
384
693
6371
6385
589
3727
6800
1288
3291
5755
579
1757
6526
5264
2341
6182
761
4146
5025
237
886
2730
5276
1145
5646
1218
3327
7012
2632
272
4297
4298
5661
1720
3634
6507
4304
2359
4797
3306
1245
736
255
2352
7099
6759
2958
2950
4859
774
3958
2780
687
688
2384
696
698
2379
4826
2370
5500
726
2356
747
2673
5866
5869
5889
2867
794
5922
2252
2248
2235
2937
2214
820
6749
1493
3941
5059
3631
1271
1712
3320
1261
3647
6484
6486
5246
6500
1207
1190
1185
6185
6535
1156
1688
1325
6448
6253
1515
1531
5173
1539
3434
6347
1579
6351
5277
6294
5206
3538
1413
5227
3368
1365
3570
5232
5204
6747
6547
6150
5639
6714
3018
3010
4898
5999
2119
3913
3920
895
890
5990
875
874
2142
2150
2981
978
2046
5377
3052
3224
3223
5017
5010
5287
3761
3765
3773
5284
3165
1045
1904
3156
5326
1938
3096
5358
5359
4975
5791
2250
6818
4792
5682
68
4309
6834
7116
4228
4555
4741
4559
7034
7101
6911
4622
6965
6940
4184
4222
4393
4220
4617
7048
2599
4700
4359
587
4224
4305
4702
23
7003
7159
4112
33
513
347
4104
293
671
4124
351
300
6423
1576
4665
4213
3539
1376
5103
4262
1383
1384
5609
1405
5111
3541
1588
356
338
355
1520
6982
1521
1491
1483
5774
1471
6342
5146
4230
6319
3439
387
5113
3438
3487
1572
1479
412
403
3720
480
6557
5007
5001
3768
4769
3774
1073
2689
4964
1047
3841
3846
4110
4109
531
4773
977
2684
975
4100
5643
6712
4908
5752
5026
1180
1182
4709
6441
1350
3579
1337
1334
5208
3593
3595
1303
5076
5073
1366
5066
6465
3620
429
3642
3645
3648
4737
3656
4744
1203
5036
6923
3614
3396
3332
3384
77
2954
7130
2183
5692
5408
2979
2149
5402
2136
2125
7102
2118
2467
2108
5386
2097
3011
3012
3016
139
3022
3029
2063
2468
4449
2638
2458
2255
5548
2782
2439
4
2786
7152
2756
15
5815
2360
25
2837
5492
2851
5882
2856
5812
2314
2308
37
2883
5443
5440
5923
2256
2232
1615
3053
2014
3268
2594
4314
7011
3313
259
1724
1723
1722
4303
1717
1715
4301
3323
1708
4299
6715
4292
1686
1683
3343
288
5231
294
1640
7016
163
6167
5279
2012
5368
2003
6051
7064
6054
6056
2473
3097
5352
2476
5349
3126
2484
184
3141
6104
1915
6113
5592
5313
5311
3191
5303
3235
2496
3881
5571
6791
6742
4054
673
796
742
6740
892
665
6853
6773
804
3953
697
4858
6875
699
4034
6809
765
4085
728
821
6755
618
889
4077
846
3957
598
6753
651
3938
6829
2634
5374
4587
5396
2040
5376
4561
466
6536
1641
1114
6575
2030
5027
610
1177
1178
