7043
2137
1138
48
1132
1133
6523
2050
2090
89
6075
5205
5428
2813
1131
1136
2131
859
3632
2396
2138
366
7066
40
3112
4238
6737
3116
2397
855
4866
3905
44
2058
6079
5356
1531
45
1139
3060
5081
552
1891
6430
5755
49
47
5978
6736
2660
1990
5202
43
4780
4731
2663
1499
5849
2399
6203
3382
6317
1897
4772
42
5382
4383
6547
522
3114
1137
2516
2716
4863
88
5353
4527
6428
5122
2417
429
5125
1050
3639
6052
6209
3434
6061
242
2418
2371
2391
6508
2571
3111
3636
5744
851
1134
5469
2132
5123
4063
5688
4869
4018
1852
82
6833
878
2284
2304
1271
3913
4321
5215
5214
1361
5208
5189
6829
4443
1555
2626
1899
1746
5128
3273
6732
1276
1501
2721
385
3583
3552
868
6100
3722
2412
4034
5673
6297
3653
4065
1257
2165
3627
5464
2097
1130
4211
4775
528
1213
5352
3634
3234
3852
7061
3053
7050
3061
3631
6541
1855
4103
677
5898
823
1270
1295
5302
5684
529
7166
5359
3110
4328
3059
6047
1998
3962
2398
3231
5274
1207
4525
5031
276
2645
3900
6482
6503
7047
7144
3497
6309
1552
1961
4691
1551
2784
5616
1072
6109
290
5354
1177
7136
3277
2142
254
7077
5361
1896
736
3553
3554
256
7075
2054
2144
1362
5593
3635
2147
2149
1244
1926
3349
4174
2429
7053
6487
534
2414
72
1524
521
2094
4858
1720
471
3839
4415
4232
5015
1992
1991
25
858
5422
3911
496
4784
1856
5033
4344
458
4343
3961
1320
6051
5764
3239
3056
3144
6683
425
3904
4777
384
5926
928
6056
1155
2352
4522
1769
587
4387
4688
6381
7112
4943
5341
6663
4220
5351
7078
3435
2139
6506
1201
5373
6682
6691
2539
4699
7034
3089
4380
6509
397
539
7015
2817
1752
6433
3075
4864
2662
6681
376
5206
6830
2377
4119
4115
278
2319
6861
2365
4114
1013
944
1291
6186
5754
6888
1976
2394
3723
2215
6132
244
3271
2163
4128
1500
5052
310
6313
4854
70
621
3901
3069
1332
6055
5621
1895
6759
1035
4958
1977
653
6068
6044
852
81
4908
1135
6010
5888
809
2837
2573
2473
2337
6576
7062
5421
892
85
2838
899
5429
6555
6549
7134
3499
3842
3837
5960
825
4892
451
6104
1780
6436
3706
2118
5186
4456
3592
1088
5481
7073
1801
69
2498
2450
2591
3650
1920
1082
6507
6457
4923
5837
6071
3968
2846
6086
3550
5752
2529
3633
4551
4921
1831
995
998
523
3717
6106
1550
5235
3279
2028
2676
5340
1326
3126
6735
1634
1982
6970
1366
1210
360
6690
5243
372
1368
4385
388
2053
6758
1254
4358
5267
1996
1997
4716
1350
2720
6801
238
3194
4816
4303
2707
250
1971
2020
3272
3127
3274
277
46
3431
6863
5210
6668
1610
978
2482
4519
1465
4212
1274
78
118
6880
1559
610
1750
1557
1556
5705
2148
5426
1325
300
4859
2947
79
6096
2512
7074
1365
573
2043
3599
4861
854
327
1764
2413
2140
6738
7058
1562
5323
5921
6178
3276
1264
275
4575
3182
2420
1026
7051
675
6552
3067
265
2416
5250
5682
4062
71
6246
712
3831
3638
2026
3301
3651
5216
5078
6302
991
1983
2393
3671
1908
3178
5309
260
1149
5201
558
853
512
6484
926
2056
5019
866
5896
3570
2055
5974
520
3392
1581
526
4905
7041
2728
1166
2095
2093
4727
6515
3825
5084
5385
1369
6505
3119
2627
6497
3230
1788
6684
6685
1587
2575
1972
1259
3121
890
4446
5358
1753
1109
6537
6077
2115
4758
774
3970
343
6459
1768
535
1112
4874
196
860
4506
1347
5127
2893
5965
4694
6795
6170
4061
6841
2072
107
4009
6614
74
5677
693
3714
5420
430
3715
6188
193
4306
264
5786
4977
1853
421
1995
6182
7109
3952
259
4301
994
6064
6065
933
1278
5293
3445
780
1664
3248
830
4788
1735
4789
1741
2234
7124
1275
2216
1267
419
3973
3439
2376
925
1502
4562
4044
3264
832
5237
6101
225
5860
984
2213
3726
226
6074
5296
2896
2569
5904
5386
5935
4926
2526
6452
2863
6705
3359
2518
556
557
2111
893
339
1633
856
336
4681
4862
4461
2134
2503
6192
2143
121
1921
354
3857
4675
3155
5384
480
2890
4418
5370
2855
1782
6518
6491
2891
5364
369
5191
3858
4439
4185
1761
5466
3573
22
3866
4922
6688
1751
5234
6358
1548
393
645
3630
6665
3673
4137
3684
1822
4593
1251
6775
1745
659
6950
6242
1027
5950
1765
411
673
5646
1857
5642
3657
6553
3331
4158
4856
4855
2036
5594
6329
2467
1742
2889
6299
612
4853
915
623
2152
6755
628
4526
5962
5617
2455
1749
4832
4362
5266
4524
1309
1346
5893
4364
5260
1329
1979
895
5255
3909
5410
3932
2025
2151
4470
5588
5346
7101
2865
4168
1089
2051
5497
5495
5493
5357
5484
2113
2112
1206
7076
2098
2057
1964
1374
2858
7096
5423
5396
4229
5414
2022
2156
1252
2161
3951
3960
920
3965
4327
5088
5284
4309
1879
2257
5759
2974
1277
4015
2276
5723
974
3042
4036
986
999
1001
1258
5671
5141
4102
5144
5218
2169
4222
1438
879
6105
6456
6486
3713
307
308
6208
679
2665
4571
6233
147
6733
6244
2952
6249
342
6699
1539
6187
3719
1523
6793
741
6124
1744
1842
2384
730
3725
1835
6135
6140
2833
6757
291
6147
6754
6161
6695
361
3405
629
431
3074
3493
6559
6434
3500
457
6455
87
6533
6529
3505
517
3564
3519
489
3556
2801
257
2514
4891
1808
620
6312
375
379
2470
2625
2621
3430
1804
3432
402
3437
3608
417
3604
6418
567
6107
1530
5236
782
2357
4529
6840
3217
4749
6866
1850
6869
4792
5013
6892
6013
3184
3236
3181
6956
826
2333
3834
5943
2316
5938
850
