5610
839
832
833
838
3373
5970
5200
4002
2802
481
1110
7056
1407
3987
2491
831
5018
604
2641
830
4593
6822
2803
634
475
1353
653
3375
5021
776
1117
594
592
6807
599
1458
4005
3372
3378
5514
5615
2964
602
835
3124
4618
4008
373
654
650
837
4230
1865
2969
1352
6503
1451
1138
1864
5325
5323
5322
1505
5299
4425
5619
2029
4476
5230
3675
3508
5391
2418
6720
860
2850
866
5045
4003
5290
659
2414
1773
4980
4428
6074
3610
1359
4097
4009
1452
503
6007
1446
4091
2322
22
5122
2518
1244
1409
3376
229
6867
1408
2805
1357
655
777
2353
169
7141
227
1166
3119
157
469
4653
5180
4209
560
6008
950
1566
3760
4697
2801
5555
1112
90
6888
1546
2806
5829
3500
3702
590
591
6474
4131
6098
5029
7053
5127
5048
5011
1868
3097
4001
670
88
6382
6891
485
226
3314
2254
2039
2455
855
5350
5581
868
5524
6531
4631
6372
897
2023
2392
3611
7163
812
4414
4410
3696
4816
4415
4147
3674
5929
875
275
573
3721
863
3560
4597
2907
1670
3475
6722
603
3138
6545
6131
407
6226
3177
1416
6921
1417
6109
3281
1453
1456
483
3034
492
4759
326
1507
1509
3347
1541
6463
3110
3377
4693
2971
917
5112
5625
1998
2651
5640
5869
5875
2824
5117
4124
4220
2407
5238
1903
5499
401
1547
4585
6065
1522
1506
325
2594
1136
1119
5016
7146
121
476
4085
5294
4089
4061
4029
6009
5845
1118
3024
4979
1164
5231
3093
2648
5422
3117
6197
1405
6204
2628
1256
2019
7129
1211
1209
5186
6332
4974
6092
2381
3679
4140
1169
3509
6006
3313
4698
5412
3775
593
4176
1672
3989
6523
1679
2175
4681
927
4211
561
2857
2855
3629
5353
889
2479
4636
2193
220
221
862
6549
3980
4144
5042
107
596
2335
5026
1637
3598
4442
595
2800
2532
5698
3173
5457
4780
5297
5517
2285
3489
4727
4891
417
2482
1231
3317
507
3867
1089
2316
3869
4421
498
1356
1974
424
4622
4633
2040
4447
2037
3371
1139
3814
5549
2501
3285
3283
1161
4711
1230
5685
1116
546
6343
3310
7108
4429
5613
6547
1198
4831
834
3744
5475
4762
224
5513
7058
2900
1410
335
771
2807
3055
6684
1849
6108
4996
1450
2804
5410
5129
1878
3686
7067
3604
3677
5824
5031
281
4587
3919
5123
6734
6129
1768
5139
6140
6763
1554
5765
6044
5142
5155
2681
5105
2282
2967
4258
4257
5612
5841
3968
5995
1588
5624
5303
4025
2434
506
505
2438
5025
5024
4424
495
1082
3351
4024
3374
7042
3495
4686
2891
2490
2889
3613
2366
1691
2866
6740
2853
5894
4007
5115
867
2199
2859
6471
4690
4695
2529
6873
3673
5296
5548
5054
4717
3757
4716
4197
656
4710
5364
2497
1776
255
5481
484
6170
7147
4906
3162
1414
5202
3553
5433
1888
4921
6280
425
1226
3225
6970
3239
5794
3838
1447
1992
5207
3135
2679
6155
3094
6945
2680
1344
1400
5208
3118
4611
1403
3126
4926
864
4925
403
4142
6325
1885
5660
3003
471
3289
2034
5832
2578
1455
2408
5663
3099
2329
1163
5143
1568
4411
1995
2614
1165
2977
1459
3833
4528
2831
1480
4609
735
738
5454
4594
2210
3523
5351
729
679
2377
2413
2334
2252
2372
5482
2393
2320
3501
775
4615
4565
4628
5397
5357
2333
5379
2431
774
1168
2192
2965
2974
2976
5138
6041
1534
1532
1827
1799
1846
1850
3032
2734
3037
5196
4972
6120
6125
1500
3090
2953
5990
5880
2852
1760
1763
2858
2880
2887
2898
6001
2905
5972
5973
5976
1790
1641
1638
1632
1626
1778
2197
6166
1964
1072
4753
4750
3370
5338
5543
4715
4713
5631
3399
5535
953
6540
5519
5343
4657
2481
3478
2157
3106
4763
3316
1343
5723
5722
6196
6233
1258
3182
1252
4765
6330
6351
1160
6380
3296
2582
1114
6412
5641
4798
1486
4792
6892
4453
367
4021
371
4451
4362
4364
4099
3820
4368
3676
4427
3678
58
214
215
81
3821
632
6900
637
3810
240
3670
4117
3835
3836
423
478
161
7112
164
4252
143
3766
4315
3935
6834
122
4032
6953
3761
608
4239
569
609
105
155
323
6893
5177
125
5464
5237
480
2191
3805
6390
2190
1131
1843
2435
3809
5369
149
6896
1848
4784
5219
3729
5217
222
2194
1079
4017
4027
6512
5128
2792
2798
6499
4696
6843
2462
519
4725
6835
5501
4065
4133
4730
1050
5120
5119
5349
2654
4752
6426
5131
487
2195
3802
3462
5888
5528
3819
2020
6086
5620
5617
4078
4096
6117
6002
99
5320
1419
2938
3887
3081
1633
2525
4954
3982
3922
6993
2038
2036
2585
2579
312
2968
5293
4320
1582
1526
1521
4093
1589
1501
2021
5630
4998
5111
4928
3873
421
3197
1997
6290
2882
3226
3238
3996
3842
859
5923
1981
1980
4790
446
6908
6336
385
2893
4890
1348
391
5971
5330
396
5691
6213
1251
85
2904
6927
83
4894
2899
1276
1275
5340
39
4226
2978
652
772
5398
6737
641
1856
2385
4598
3653
4522
778
5399
3619
3627
3579
1880
3518
36
6764
5189
156
1905
734
3634
2691
4592
6812
3546
2721
2376
4223
3639
7126
748
3621
3524
3607
4629
2382
3623
3585
2338
163
2350
636
6748
4949
5987
6952
4019
5945
358
4766
402
1756
4139
2622
5346
4423
6418
6462
5678
491
490
4944
4191
6411
167
2371
5985
502
2215
3057
6438
5536
3353
6738
4603
4604
4749
6995
1867
4192
4870
6999
257
60
3052
4756
6121
2507
2908
1236
6744
4757
4000
102
5319
6877
6399
3311
5205
3983
767
5896
4006
235
7017
1206
4010
2389
6158
3490
2923
3120
5110
1358
2636
1646
70
1884
6334
2677
5529
759
3114
3111
4796
4795
87
2492
4833
4581
