7041
4130
3322
5421
6192
4731
4798
4225
618
6773
6044
7051
6199
5694
632
2371
4791
4368
5094
7069
6589
612
3684
2296
4009
2039
5481
4344
264
6191
6303
2350
6461
4137
5484
5483
7040
89
96
6132
4662
2965
3106
4664
6334
4792
7044
3010
1264
4524
35
6821
1335
4661
4782
975
4363
2716
385
564
1724
4199
6740
5429
4666
4135
37
1409
2096
2298
6715
5103
32
4907
5978
3306
4343
1316
6666
4025
396
6390
6664
3320
1266
6720
3599
3437
1402
3860
5943
4669
619
105
6456
4361
7141
3111
1021
1532
4026
5640
6584
4446
5559
7091
1444
81
230
1823
40
4140
889
36
6314
2225
3911
650
4023
2038
1029
572
5449
88
7138
4303
1262
2160
2893
3076
6182
1701
855
3987
2623
1745
3828
3376
3978
2259
5570
4611
3123
4385
4178
2089
1368
2195
4174
3592
4194
617
7053
3595
825
2513
6881
4008
2229
5232
3334
4874
4880
6105
5324
6183
2336
4594
6302
253
4909
299
3913
5059
6759
6721
5140
3013
235
1647
1435
323
2446
1432
5515
3021
774
4877
6574
6826
6779
635
5573
6317
1160
4221
1134
1133
1833
5644
5902
4191
4005
4006
539
4445
1166
48
5955
43
3533
494
4021
5373
2867
1023
4060
507
4198
1007
4196
2901
5709
1168
4369
1753
5163
616
4115
1261
1740
5325
2645
6701
4175
5411
6312
104
5442
4227
1238
3805
1741
1742
6667
2035
6775
1723
3332
6668
3385
506
6040
2293
7075
5946
2031
1830
4862
3858
1769
2094
1679
1603
6046
5095
339
2122
3462
3050
3717
2019
4143
5480
773
2701
4925
4665
5386
2468
5361
3976
217
2462
4974
2443
3642
4136
1446
2579
3431
6204
7118
4147
4301
4300
3954
2967
3947
6825
5569
2643
3433
1337
3972
1364
4288
3630
3544
1257
30
252
4145
6546
4521
1082
3532
3915
5740
2896
3150
526
4028
594
2663
592
5725
5554
3432
4440
7030
6704
5722
4309
1102
1891
610
6920
1016
3075
5086
2586
2148
3721
6294
3725
6077
3508
1242
857
3965
6096
6369
3530
1799
4220
2015
45
4975
3820
7058
2807
1117
1115
6682
4192
4003
1100
1110
5298
3753
6702
5090
6313
4861
4581
3249
6292
4667
576
575
3196
439
4099
4641
7043
3807
445
7052
5018
2357
1964
5892
6347
2214
5576
1413
3856
1674
4282
6107
2974
2236
335
6301
2299
3912
6109
2292
4139
5880
5407
2284
4569
327
700
6125
2251
3129
4884
1609
5610
4724
353
3282
5941
1525
4149
2345
5357
5940
6972
4473
3941
1331
5209
5444
5744
1295
3615
6711
383
1497
5759
6777
1274
265
1271
5359
6074
5552
5215
4548
3918
3916
3272
6299
4141
4144
3803
3910
959
4027
1460
523
3804
6304
1547
531
3802
1899
1027
521
1433
1447
790
3973
645
6857
1371
3099
6719
1347
1213
1748
3448
1319
1313
856
1311
1245
5663
835
1254
585
1449
4414
778
1607
4883
1119
6051
1839
1836
1130
908
4397
6086
4092
4879
1831
4093
1164
6724
1165
1169
4182
6723
1250
3917
2165
3639
403
2121
3537
5942
4736
3323
5934
258
3598
210
5699
2080
2576
425
6358
2053
3558
6501
350
5692
5720
7115
7149
4283
273
5727
2445
241
3554
6585
6587
5440
248
6583
7135
47
49
3643
2448
6464
3521
372
2191
3706
3337
3326
2175
2174
384
387
5447
2193
436
5098
3539
6000
4696
4631
7126
4348
4479
437
5717
3009
2873
2786
3758
2968
127
5296
4444
4526
6665
107
7134
5846
1925
5642
5612
2892
7059
6467
3056
6336
4226
3548
7147
6007
4223
317
2005
5777
7124
2018
6195
65
2319
4673
2400
3000
3242
3903
1485
3906
4264
4700
290
909
5287
2347
5037
6789
1116
2374
4273
257
1114
2372
5613
5430
4759
5753
4753
6846
2563
3591
905
90
1369
3358
4289
4127
5891
801
6973
5323
4563
1340
6517
3388
2511
7127
1170
5410
1173
100
6296
4525
4963
1183
6511
2537
5385
6189
890
7114
2413
5619
4602
2981
836
5886
3983
3375
1438
5027
1437
4380
1287
2784
1431
4969
4561
6345
2474
777
4729
6438
80
3173
4727
4726
2310
321
6120
3317
574
577
6900
434
3498
3458
583
431
1040
4364
2056
3825
3745
4453
3045
6706
5457
5204
1764
1752
4796
5452
1744
4588
5929
1786
4183
4534
6474
7047
5397
7049
527
1001
2907
6662
3251
2908
1977
6198
4212
3059
4036
1998
6681
4519
4216
4333
6684
4860
2621
1838
1835
5690
3052
4224
7074
5448
5400
379
4881
326
322
4712
674
2802
1644
6727
679
3201
5970
2262
6119
1605
2263
688
2266
6749
6752
3878
1571
307
2276
4905
2278
2291
5021
5270
2806
5770
5553
3288
4490
1712
6396
2197
4362
5705
6588
7078
1071
1692
3120
6203
940
2212
42
44
3335
2217
5075
4876
2927
5391
3702
3338
2962
4706
5924
5540
3801
2948
1077
4014
4024
3496
2861
4029
3535
1030
1022
4629
6229
4042
3425
5239
2864
2707
4979
6413
5384
1163
5258
2941
6867
4001
2803
1135
4610
3552
6359
6426
3492
4004
2940
6416
6342
5399
4871
2196
3852
5441
1691
1686
2208
2213
2216
2221
6582
2194
3118
4878
3694
4882
6577
6155
4889
4890
6736
1604
2269
6128
2227
1721
2185
4589
3073
3072
1888
5686
985
3452
6316
1868
1982
3086
1997
5290
1854
4582
1851
2010
2012
3051
5486
1809
2052
4580
1765
4797
1743
5303
4477
3131
1542
6824
6523
3634
3632
1336
2516
2519
1318
2528
6100
6512
5719
6297
6841
3438
1275
2566
3609
2580
1251
6197
4692
1244
3597
6099
4928
1401
1403
1535
5509
6776
1524
1514
3905
3662
5882
2376
6548
2385
2395
6188
5514
3151
2427
2434
2435
2438
1436
2977
4924
2463
1408
1404
1545
4054
4342
314
684
634
3328
6064
5574
691
4153
5646
