7057
238
230
237
1688
231
2298
4665
4798
236
4668
5481
6199
6842
6846
3856
235
7055
1504
960
7059
6841
1686
3858
6848
232
4569
597
3855
6778
6092
5817
239
6777
3971
2223
5808
3260
5055
5705
3010
233
234
6204
2468
4663
4709
4661
1681
961
2326
6743
7050
4598
4632
3850
4596
6479
3293
600
4700
4561
6965
1221
1953
5676
1687
5709
4566
5338
216
1823
2373
3025
1723
2296
630
6773
1024
6571
5381
5023
6355
2362
185
4599
5850
5670
964
5722
2780
770
1236
2214
570
4682
6559
1497
483
6606
6611
6868
5262
432
3392
3970
639
6334
4795
3854
108
7091
923
138
5104
2535
965
3558
5782
75
6321
3162
5756
969
6776
4718
6579
846
4721
1772
2293
692
2083
4141
5593
7053
4080
4564
5510
2328
2450
6628
4790
5818
1060
2277
5674
3450
4689
6195
4548
4227
4669
5089
5760
188
359
6821
6938
3943
353
3618
3312
2210
2477
6645
2577
3616
5640
1001
1649
2884
6779
6631
5487
2299
6198
3137
5488
4436
1451
5203
2377
694
135
3358
3018
6351
2814
5880
4791
6573
6363
3028
3480
963
4591
7054
4662
5553
70
6191
5094
6587
4680
4681
2755
6926
3266
5492
791
959
5394
4797
617
6247
3444
4332
4701
1544
2462
5942
1801
5689
3917
3916
3972
5301
2016
2459
1051
2819
6593
5115
5234
3466
3268
5336
6097
6775
1901
4733
5335
4590
2798
2376
4592
2484
4
4397
150
182
2829
2290
4145
4143
2741
3625
5059
6865
1973
3790
6439
5628
622
1161
5623
4658
6834
6622
3615
2875
4519
2661
4545
5265
3617
5274
16
5142
7133
1952
1862
6634
7082
5584
1475
2683
3423
1438
6772
6771
698
5732
3249
4384
3463
2357
2207
962
1890
1695
3781
1002
3459
5485
2353
5318
5785
5395
2351
486
6150
3599
848
4729
4368
4619
6586
2370
3501
6588
1689
1775
966
1646
1684
1644
2828
4256
5442
3391
3685
482
4969
2956
2212
4702
2235
2211
1064
6602
3244
5725
5495
2236
918
3628
2323
3446
4997
3912
1796
4825
4707
4220
3605
4975
7089
4362
4412
3265
6919
800
798
2238
6972
2745
3417
6567
2237
6546
5406
3141
4610
6656
6577
1396
6583
3411
461
4560
1262
2913
6612
5494
3401
6664
1401
7138
4546
6603
4086
6640
6598
579
6596
6507
6647
5330
4542
4541
5441
6382
5550
6665
3804
4979
2854
5692
5812
3461
2948
1087
6229
6867
3043
979
3240
6961
6881
6043
5033
2366
5022
2038
2036
7161
2354
3681
94
7122
3016
198
7098
4998
3915
184
2014
2630
2620
1545
2308
3974
3978
1765
5946
697
3527
6740
4806
5611
7039
4782
684
1191
2526
2525
886
885
211
72
4686
871
3593
2767
4488
2442
1829
5143
4796
2426
6535
4079
5470
4271
2903
6096
5969
6517
6077
5450
875
845
4369
4576
6076
3147
5852
6017
5802
5994
2509
1947
5473
1112
5521
6292
5636
2737
2880
2161
2739
6327
5671
1976
1212
6374
3608
5613
3725
4122
1190
3160
4125
6335
2219
2850
5711
6108
1003
2787
1023
5770
2992
5759
592
803
4189
3823
3687
5726
1261
1071
3825
4563
764
4435
1927
2993
6547
4068
1680
6625
4018
3880
276
6623
1849
187
1394
1393
3418
1390
4659
3410
1641
1770
5300
470
5256
1585
6915
1779
6626
2371
4693
3083
6845
81
1430
130
3441
2915
6654
3941
2271
293
6639
5056
1771
439
6662
3414
6633
2599
79
7035
183
5080
6607
6969
6604
3806
1587
6584
4624
228
4620
3005
2928
7162
6752
96
4966
7083
215
2292
63
2639
4735
4941
1729
1495
6591
3853
5334
6922
3398
5322
1465
6917
6918
3788
4627
17
5255
6731
3851
117
4838
1825
4484
5701
2945
325
4866
6784
3483
3622
4275
3620
6550
975
976
3440
4146
4147
3314
3956
12
1145
5125
5384
5704
4415
6937
4978
3794
2122
2961
4973
841
3797
3852
3247
2350
4968
2505
1603
5800
3684
2794
4960
2360
6099
1615
3462
2019
2018
1584
1577
4890
6252
2995
5708
7119
2133
4437
5714
3238
2405
5717
5070
6222
2127
5046
2327
2451
3259
3918
5804
5001
783
1057
987
3099
5720
1468
5153
585
5924
485
2256
3012
6476
6608
5315
936
6465
3406
5856
6458
4350
6450
1397
5503
6624
618
1492
1398
1399
624
1279
2254
3364
2220
2813
6553
2234
2811
1337
5899
5350
3598
64
6572
4069
6630
7146
6578
4595
2225
7090
6594
4572
6502
3782
3394
2708
6597
7145
1409
4804
652
140
689
2359
6377
1853
2917
3108
3881
6649
6659
5979
2736
134
3419
404
2178
393
3801
5562
2480
5595
3415
2762
4088
4285
4014
897
7084
6748
7056
6989
3157
5185
5615
6644
1701
4666
1690
4847
929
4792
2603
7108
4833
2613
5847
1785
3465
3810
4779
5805
4357
1774
4772
950
2
4351
5806
1777
5857
3533
5819
4770
4724
7107
3275
5875
4746
5801
5814
993
1530
3460
5270
1225
4544
1937
19
1940
1860
5232
5557
5572
5222
4653
1192
5199
1845
5597
5598
4547
1237
4549
5515
5389
3591
4615
3388
5396
1339
5333
5460
2758
5324
1264
3408
5287
1388
4565
5500
5511
2733
1918
4715
4664
1963
3451
5003
2015
5729
1056
1054
4704
5739
4993
5750
4989
3458
1028
2994
1602
5792
5793
8
5052
10
4697
5166
1160
5158
3571
3008
5124
4678
1127
1478
4684
1122
1121
4460
5685
1541
5694
2996
5063
4473
7051
3584
2812
3148
3110
6119
6900
2834
66
6905
4234
3908
257
6916
3241
6920
4241
6924
6509
3015
7072
6609
6929
223
6930
2962
2278
212
6127
2867
3106
3848
795
4148
3246
3103
2291
6190
6811
4075
6565
3816
806
6826
6610
6301
4149
5889
6738
3798
6733
494
303
2253
3791
6135
2231
2452
320
2358
218
205
6248
2965
6279
6975
6976
