4598
6299
6302
7047
6345
4903
36
1027
4595
267
6306
4902
6313
6728
1050
1535
389
6303
323
1580
5972
3377
538
2068
6300
3258
38
3595
166
1383
247
6167
3876
4784
6311
2257
7029
2905
3655
532
1532
4231
5279
1483
6723
3378
4892
3509
3592
3093
3051
4174
1336
1854
6342
6314
555
2843
2842
1601
6450
6305
46
6298
6304
7013
826
4490
3059
4587
5114
2399
6310
7072
6289
2858
6315
5598
916
1114
6565
2981
2665
382
6294
5300
2346
6006
6002
5540
1118
6319
5548
3512
1743
1748
3597
595
387
615
6560
4007
1484
3955
6707
3954
3596
6155
1443
537
657
4839
6064
1746
6350
2306
6042
4408
2573
1677
5589
5915
77
3136
7118
2668
114
5903
1546
5853
1973
4015
2384
6459
5910
4274
2428
1410
167
110
169
3013
1600
558
5667
749
6522
3559
3001
1605
2177
1585
6255
6317
6318
7162
7052
6158
4594
6700
5906
5112
1112
5961
1728
824
1662
6347
1052
2315
6749
240
2907
5907
4225
4419
2321
2381
384
1588
1501
3202
243
5275
2014
3092
612
1506
5637
386
1489
1487
4002
636
716
6247
3953
5098
550
1241
6290
3374
3372
7045
162
5781
32
6297
531
4584
5946
497
937
1414
160
3145
1865
2274
3922
3056
4276
4821
6009
4822
3058
6150
2140
2212
3849
3057
2157
1417
1481
1413
6734
6153
2138
5938
2976
3983
4659
5810
2818
6309
7125
6386
5793
2908
539
5817
6296
4727
4731
6286
1861
5765
6525
4307
569
575
4825
4826
2742
5722
594
4124
1509
6684
7058
3052
275
6438
2319
1058
5359
2345
3733
116
1116
3098
228
3702
776
2673
246
245
3255
5424
6030
117
242
1054
3556
6793
3744
1056
5941
268
2604
1113
164
3373
2368
2367
3370
5297
4322
4347
1589
3376
1863
5425
6527
4306
5480
1371
4304
588
3552
5296
6070
2978
1565
4827
6031
3516
3514
1213
961
5592
6542
3139
5422
5381
6295
2938
1741
2810
7129
912
2811
2579
4675
4582
5954
5812
2848
2846
5550
5823
891
5580
3203
913
6362
7124
1749
163
5778
5509
6946
2382
148
769
2909
1857
1119
1060
4465
141
4480
4483
7121
4494
2805
2891
5294
101
3957
1334
1455
241
3950
5624
3653
6790
3050
6243
5208
2308
2099
2096
5630
4011
1335
3708
4618
1036
273
5103
3802
1385
2193
5058
3871
707
5150
259
258
6742
292
1411
5161
6776
3737
5912
2135
5878
3558
4092
1997
4093
2012
4885
5269
4907
354
4076
6204
4134
2343
357
1009
4027
4025
5290
3091
3024
5801
4905
1515
5013
522
918
1412
5284
829
4810
963
5721
4829
1370
5118
966
5944
6307
5826
5081
5877
1402
4828
5549
1110
5129
1445
6154
6151
5499
5625
6287
5230
6184
5851
5914
6159
869
5493
1500
5597
4772
5476
6282
5467
6041
5414
5403
4726
1332
5377
1647
4818
5909
1331
5545
5543
1644
1325
5902
5970
875
1137
5516
1581
616
5010
4861
2840
4597
3375
3371
6962
4115
2007
2568
2577
3216
2001
3215
4130
2603
3204
6996
383
4222
100
4224
4227
4228
6547
7023
2663
7040
76
4028
4305
161
2472
266
3658
499
2169
2168
2348
2355
3928
2364
206
2139
6720
2380
2387
2388
2391
3551
6710
2413
320
327
3958
2418
3463
6884
4022
1895
3201
4309
6340
4362
4538
3007
482
2734
2987
2807
35
4467
7111
2975
4460
43
2953
4563
4359
2860
6411
1867
1864
7153
4329
7048
3028
252
923
5305
5787
272
5782
264
2930
269
198
2761
5821
5774
5122
2410
1337
703
234
5243
706
6797
2844
7143
5251
3602
2386
6049
6056
7134
2809
7163
719
1257
7126
5757
3661
760
958
7001
3800
7009
5926
109
103
1051
7016
5894
3029
7056
2660
5595
3053
2675
5615
7036
5620
1029
832
830
3025
3444
5939
5890
3433
5904
862
762
3325
6960
2985
3323
5544
5968
145
969
2541
5727
5724
5960
5717
5873
1105
3205
1090
5570
1376
6048
894
1858
6477
4744
4363
6175
4014
2082
4213
3987
6457
4403
3978
4415
1480
4443
6415
4461
3946
3937
1868
4978
4080
355
586
388
6252
1980
1981
4133
6546
598
1538
4813
1584
602
4301
2006
6195
4302
6281
1514
1513
4091
6152
4385
2160
1405
2131
1401
1404
5071
3857
4486
3882
296
2196
1408
1409
4685
672
5036
4674
4593
1442
2143
4479
530
1403
6719
5009
4463
4589
4533
1904
950
5621
1587
2693
4535
1909
4678
5808
3085
4676
2669
4568
1908
1897
2662
4229
1713
1940
2637
3065
2806
2802
2699
4462
2758
2980
4409
1649
4697
4402
4400
4369
1841
5705
2919
5698
2993
2996
1000
1006
4735
1849
4495
1609
5626
935
1752
4770
1026
4520
3055
4780
1890
4191
3816
4183
1261
2374
2137
5299
5334
4975
3949
5351
3565
3951
2416
3508
3500
3470
5416
2088
2477
5444
1215
1167
5272
2324
3844
3746
1386
3743
3742
2251
3736
2192
3924
3723
3704
3654
1330
2304
5196
1406
2310
2179
5047
3170
3428
5473
1527
2588
2002
1108
3806
3207
3206
1097
3250
5556
1994
5559
4132
1976
5584
1975
3200
5591
2602
5470
2563
3276
2483
5477
2488
5487
1148
3412
1505
1507
2560
4909
2045
1142
5520
3288
3283
4107
4112
1518
4075
4897
5043
782
560
6701
6285
554
108
5967
552
529
6301
5948
6861
6312
6871
5913
359
73
5898
6368
6370
6887
5893
6626
132
165
6921
96
6935
6284
6283
764
201
6062
701
6068
677
249
278
714
44
232
6763
6798
638
6156
376
627
619
6187
611
610
6207
111
6819
7067
321
6706
573
7116
7065
298
93
6059
380
6524
432
6540
6559
874
147
410
5843
146
4894
6718
1896
3324
3087
4308
5463
593
1547
2130
2134
2904
5421
6724
6000
3562
6192
5418
6003
