3651
7059
924
3573
3825
2399
4772
3650
6758
5235
923
929
5493
7055
2663
3856
3583
6553
2225
5492
928
3653
6867
2367
6866
921
70
5499
5496
1779
236
3577
1022
3554
3659
5942
3552
7057
3652
75
2664
2676
4350
6571
6523
4598
5473
2394
2396
1092
79
5079
3557
5839
3962
3576
1402
6848
5495
3664
2577
142
1856
7050
85
3166
657
7147
3235
72
6550
1111
6841
2390
4066
2813
925
5077
2877
3654
2571
6586
6570
6355
869
5898
6244
926
592
6255
2887
4234
1771
4131
118
4132
5084
417
5142
6761
714
1852
439
6068
5213
6289
2391
2780
1973
1566
3572
5875
5849
5490
5880
104
5671
1533
3559
1417
3885
5200
2888
485
6507
5007
5087
792
5215
199
6204
5498
207
5231
6812
5429
1544
840
4784
2376
5161
3091
6458
5234
2753
6893
1548
2016
2475
3663
4978
6846
201
1115
2345
5236
1310
78
6150
713
2380
3083
4678
1918
6869
3556
4172
6482
3823
414
5585
6210
2393
920
6729
718
6694
3608
5488
4239
1770
3638
6573
2148
2662
1775
97
1778
4965
2169
2673
2733
2670
233
4171
2274
6069
2573
3261
3656
415
4080
5935
6740
1921
3829
4323
4321
5159
976
1560
1542
3916
107
4146
3061
3488
6364
2666
1677
5202
5348
4725
3363
2314
4977
1601
325
1772
3555
2744
6447
4610
1773
5494
5673
6029
2570
5289
6065
5962
791
2359
3141
3140
217
4697
726
2817
3880
108
4107
6486
3536
297
4099
852
1567
6899
2349
2884
808
2351
6475
2276
7127
2050
4075
918
5474
1005
1847
4180
81
6532
5233
2477
5260
1974
2489
6559
2508
2734
1850
6714
172
4383
3666
92
4237
3655
5387
7054
1212
117
5893
110
86
1855
1531
231
3085
5156
1025
63
3066
4149
3568
2784
6061
457
4177
4628
432
6121
6587
2277
5714
4141
425
5674
2764
4332
1403
6760
4076
4267
4320
2259
7161
2660
723
4144
825
4260
2298
6577
6579
412
2765
4665
2811
5609
5561
365
6767
5786
2747
4677
6724
5633
1334
2498
4515
2318
6778
4137
6498
4230
2837
6432
728
6449
3969
960
3240
5841
5070
5862
292
5001
4998
5188
7033
2078
3662
3961
5189
7115
1603
982
3239
985
987
3226
1781
6110
5143
1901
7002
3852
4973
1780
5186
5187
3234
3567
5873
1997
3026
3668
1912
3661
1217
927
4007
4866
1859
5861
2886
5480
4906
115
5890
5237
7075
7085
4061
6358
4065
6822
5489
5177
4964
7122
5280
1801
5960
3550
3440
1254
3362
4970
3974
1806
5544
1787
5248
1786
5277
6547
5244
1789
5263
4575
1365
1556
4506
535
1644
1654
5482
1662
5920
5432
5396
1252
2574
1428
1177
570
5973
6584
5981
1774
5672
4436
594
1481
4519
647
6503
1110
2077
2355
1546
4688
1281
5541
4693
2330
1585
922
1578
6438
4702
6253
6433
2304
4941
4722
6318
2278
4864
6347
4801
854
845
5547
1314
4993
981
1606
6158
5591
5230
6062
671
4658
5205
5203
687
1075
5201
5584
1072
1530
5232
6361
1537
1040
1539
1955
1015
1273
1960
2379
1972
717
1979
1001
1541
1061
5382
2384
3075
7110
2937
3943
379
6793
376
3958
2739
3143
111
3147
4068
3967
353
463
3069
3658
206
320
205
3148
323
7043
6738
3762
4247
456
186
3551
7166
260
431
249
3096
3883
3884
3414
240
3346
6679
228
410
6766
3360
7142
4104
3366
3501
2812
2741
6243
324
919
4974
4971
3917
3937
2036
6864
6860
5009
3864
6206
5074
897
4721
6773
6765
4686
2354
4135
4092
413
6762
419
721
2798
719
716
739
4968
802
805
4951
2122
2165
2893
6326
865
4740
2883
2221
831
4777
4773
370
372
4789
849
225
1027
5840
5505
3578
3598
1621
3633
7119
1245
7077
5883
3279
7061
1663
5900
3639
1577
3516
1315
5708
1401
5704
3421
1447
5677
3417
7149
1483
1361
14
1538
5775
5781
3512
1664
1024
3270
3657
1857
6060
3146
216
5214
3777
208
6490
1060
1057
5181
6078
1924
6117
238
1853
1098
200
1723
5956
5301
7045
3660
3665
7016
1776
3229
3227
1794
3213
3193
5240
198
7053
4147
1411
2762
2503
510
636
555
4612
2761
2767
6556
2562
651
2714
2675
2735
4275
6746
6551
2496
6693
2752
6512
4590
6514
630
2381
4656
602
4174
4674
6557
2579
6743
2462
4242
3170
6710
3486
6861
2944
2517
4972
3963
1112
4975
935
4976
4181
4183
5761
941
2456
5596
4966
6845
5997
4006
6828
5640
2168
1785
2683
4045
6525
5286
1154
3669
4048
4838
1151
597
5636
6287
1579
3719
3773
600
907
6842
2520
4963
2105
6017
898
1499
1804
6014
3211
5241
5590
6535
5765
5117
2602
483
3137
5785
1964
1963
1961
3057
5545
6134
1958
6538
3383
3810
1549
635
4570
2487
6119
230
1562
3848
3519
6953
244
2743
2478
3812
7125
5110
5090
299
4996
4997
6208
5766
6205
1569
6708
3926
5010
963
19
2464
3479
1849
6892
3919
2015
1332
5080
4362
5081
3889
986
3023
486
5089
992
3031
3153
5987
6992
629
3278
4729
2852
2279
794
1441
798
5430
502
1687
6515
2358
3565
4746
6749
4749
567
6575
4683
2251
2332
2246
6374
2365
4741
4682
1649
6747
6772
5896
6508
767
7070
5497
4125
4387
1656
7074
6463
4684
4122
2783
5694
5892
4106
6588
7089
750
5500
1439
3233
3267
1670
4384
2815
6368
5730
2222
733
5732
7083
5964
2219
2214
4679
5970
4435
7082
5668
6754
6821
590
6823
1247
6346
3667
3236
712
5485
6357
2880
462
1258
5711
3605
4652
6484
7047
5479
4770
2370
2368
367
1380
3602
5548
7084
5876
1232
1235
1657
509
4385
1858
1079
504
1561
3828
3367
1565
1563
114
6546
3813
5882
6063
6970
1062
3517
3827
5471
221
