7068
1038
1049
1032
1031
7063
7060
6207
4411
2484
1039
6898
3338
1034
971
5362
2857
5403
1500
4617
575
2858
3118
4415
4346
4735
2358
577
3604
2969
1033
4419
6107
1508
333
6977
38
5634
1905
2939
3903
5129
3900
4451
423
1200
5925
4873
4358
7062
2859
1030
2273
1203
4907
5949
4413
1080
5408
1501
6297
274
2480
1748
2404
1048
5986
2055
5395
3134
4476
7044
5144
5041
2403
578
5694
4818
774
6431
1207
4613
364
4928
2421
1870
6329
5401
3994
2528
4924
2954
5120
932
1645
3866
6048
3376
6414
1902
2465
3340
6820
1751
519
4484
2720
2854
5035
5938
5032
4990
5134
5944
4151
5512
5005
479
2712
5396
157
2137
5045
7066
4402
2642
5282
5266
4810
5572
2651
3485
3908
5955
6894
2090
2068
3835
3998
6194
5993
2052
3789
6857
6825
2853
5305
5024
4926
5295
1232
832
2145
4458
5251
2378
7042
190
4481
312
309
4663
3291
1818
6261
1933
2964
1088
1104
1326
1694
4960
6513
2461
2147
1900
4017
5614
572
1321
5126
4301
1144
160
3955
4345
4030
2114
5286
3560
4851
4934
313
5791
1456
1338
5013
1994
2728
1883
2172
5080
5648
6511
5140
5665
5667
574
2402
5690
6330
3113
576
3493
5043
3508
1352
5020
5705
491
6997
6882
4999
4996
4993
4942
741
6201
1908
1904
3844
6725
1201
5469
3196
5913
934
6929
940
106
1139
3216
6387
1507
1128
2093
1108
144
1503
1100
1725
6323
5948
2315
5951
1013
4440
5902
3826
3780
23
6780
1248
4452
1233
6826
7065
4532
4706
2850
6798
3836
2142
3277
3771
5298
879
2514
4498
2408
5304
5280
5296
6473
3270
389
3344
5405
1487
5311
3306
5340
3135
2149
5375
3131
453
1082
3361
1239
2866
4521
1633
4488
3838
3839
3840
2453
2911
2851
6926
3881
2917
4360
3030
4214
3990
4038
4158
1853
3009
1218
3785
6542
4710
5072
6979
1383
2176
3116
3472
5008
2771
4991
2778
2186
640
4937
645
654
4920
4856
4850
4842
3612
1279
4733
773
3349
666
1506
5789
1742
5630
5574
2591
1757
5717
5751
2576
2476
225
6049
119
6319
6197
5904
156
1776
5937
3781
6682
4254
5006
4997
2305
6954
4988
2370
4854
4902
3692
5031
5749
1015
2369
3088
3786
1273
1271
2368
4961
5698
5909
1688
477
6196
5587
5259
5588
5222
3423
2722
4327
2400
2952
5149
6933
5123
5107
1355
558
5049
1750
1752
271
4255
2726
2377
3834
2081
6918
4659
3977
4624
5999
3027
1788
4016
836
838
4691
1635
2095
4487
3005
6925
7040
1841
2561
4128
4450
2313
4041
2212
3909
3906
3847
4780
3848
2454
3850
735
6697
1206
6909
4755
6418
4753
6887
224
4734
5914
3878
4715
4713
4712
771
777
2953
2361
4307
5504
2407
6919
2416
3312
6730
5467
2
6975
5511
3177
5556
5299
5318
3298
2413
5327
2492
2007
3341
6269
2002
383
3375
5434
2352
3947
6263
1275
644
5846
648
6019
4931
26
1276
6656
1769
3729
6944
6316
1046
1755
1135
3595
6728
6707
1320
3101
5712
4998
5331
4232
2786
4995
813
436
6549
3672
4651
1906
3680
433
3082
1047
6839
2144
5349
2363
4923
4205
5911
5936
3833
7075
4815
6902
6086
88
3292
4732
6275
2680
2433
4736
5367
2467
732
3132
736
737
751
1205
1204
2516
398
5788
7079
1181
425
6726
4921
6931
6118
6290
2648
2443
4908
4904
2354
1255
2687
5797
6737
2445
4885
4878
939
3046
1936
4858
1180
5799
4855
5464
6321
4424
1327
5501
1868
1990
2166
901
4480
4160
4053
4483
3011
3017
5150
2300
998
5146
7046
6464
5022
5136
534
1371
3136
5127
2094
2302
5191
873
1384
2721
6487
2004
5281
476
2968
5954
2003
5956
4456
5290
4457
487
5575
2716
158
3421
495
5294
5957
2133
4472
899
5197
503
3429
4474
2325
965
4173
3555
270
5552
4014
584
3108
1335
3025
5669
2735
5308
4595
4029
4518
6144
5321
3516
6395
4496
4497
5699
112
2533
4510
1502
557
5866
1505
2957
818
1067
2440
2547
6566
3867
5410
2681
4616
2902
5994
2324
3862
186
4389
5391
1133
2827
2524
1035
1138
5439
5385
1158
1653
7048
5829
2959
4167
6301
797
5848
6905
4429
4490
4492
4183
1109
2483
6637
6036
197
4028
2452
7013
4495
7032
382
5991
4018
3967
3037
2113
5907
1094
6807
4657
5901
206
5382
1215
407
5102
5101
963
962
7128
3110
4337
2593
7104
1345
563
1986
4338
5047
2951
570
2919
5688
5555
3329
6143
582
4240
6884
3564
1879
6973
4387
1756
5010
5477
293
2727
5631
3392
6702
6200
3410
2446
5265
308
6205
3412
3413
2617
5227
3125
492
2470
2057
2297
1004
5623
5137
4271
1824
2725
164
3114
5613
6186
6187
2170
3119
5192
4329
6131
2375
2179
3062
6521
1758
183
76
235
4872
3814
1237
3816
3294
5802
5803
1973
1259
4378
2141
6928
2686
715
1221
4805
6268
4800
730
3849
3853
3281
738
410
4841
2789
4901
1976
627
4969
6972
6127
4228
154
2430
348
6519
2586
637
1803
4938
331
2287
4312
7091
2787
5346
2583
6119
1274
6654
4935
5003
2688
1282
6932
4238
2423
6914
149
5931
150
2930
6767
145
4134
995
1866
4178
1935
2967
1029
1409
1086
1341
6240
3331
3104
6683
3575
6139
3586
1322
3611
3614
2412
3661
3673
3700
3717
3070
3109
3339
6692
6145
3359
1885
1887
1888
3444
47
6824
3348
3774
6961
2062
3474
6235
3343
1528
3504
3509
6148
3469
1244
3047
1454
7009
3959
3966
1140
2491
6841
2339
4020
3931
4023
3174
3166
4054
4057
126
3003
1090
6624
3020
6325
6378
3904
3819
6106
3832
6098
6081
3273
3272
3859
3198
3863
1188
6042
1512
1182
1872
3887
6278
3888
3258
5912
2224
4314
5864
204
2856
