3994
6849
1645
4473
3992
2859
6513
3125
1034
2856
5120
4732
3993
5034
877
4737
438
4815
6843
398
7109
7102
5057
6882
7065
4412
4555
2895
5038
655
3998
5032
5460
1799
4556
5030
401
3995
274
3997
5126
2897
1218
31
329
1030
5305
978
2908
1035
4393
331
5322
7103
7104
3999
400
100
6050
2473
406
5039
1046
4814
3947
6746
4865
2479
2809
3308
4736
5321
334
870
4895
5037
4416
408
2957
4735
5467
5327
4810
3347
7068
3309
6884
6519
6844
6834
330
261
1418
7100
3990
1404
6040
5035
5461
5036
913
5054
4475
3991
2904
6388
2439
4811
4098
1528
4111
6053
388
5463
4558
6117
6067
5643
7060
2800
403
3122
4306
6352
3944
3018
5829
879
394
6380
881
4976
3110
2998
332
1215
333
2368
6840
6201
2641
4638
5362
971
1108
6159
6887
5749
34
4697
1713
4552
6330
1481
1662
6059
6975
4388
658
3120
5328
6048
5700
3595
7069
876
2532
7106
751
5365
395
2010
5707
2019
1315
6426
2419
1717
3562
6098
5050
6167
6054
1038
1640
1716
318
1491
430
4116
4733
2339
4086
1335
3011
1450
2470
1719
6977
4073
7092
6847
1110
1006
3556
5613
5955
5129
4975
2850
1004
308
313
7067
6202
5848
2413
5645
7131
3945
5520
1648
479
2927
1641
4417
2362
888
5260
5324
6456
423
1333
2969
2312
402
4364
2309
872
853
3640
1231
3943
2402
1158
1796
2642
4706
2976
3096
6366
7045
3859
4554
4479
4537
1588
5658
5952
6261
3922
4486
2941
3727
302
4349
4739
5971
672
5840
5842
1111
6316
6311
5724
1848
1118
4449
4636
4971
4974
748
339
338
4885
4413
4346
421
6384
1124
4477
4813
312
3082
3662
5099
976
2049
2301
4077
3698
1905
1954
1316
1275
6229
5381
2415
5128
6428
38
1311
3123
5422
1027
1501
3054
3118
216
1514
128
2227
5320
4038
6881
2460
4024
5540
129
1934
1014
6898
5793
4130
4471
3683
4404
1109
1523
1021
60
6310
117
5316
4635
4632
2403
563
5694
3626
2658
1338
6744
4107
4430
2919
727
2295
5043
3163
6370
2588
5203
4357
6268
5967
424
73
183
2975
5586
905
6511
6827
2637
80
4231
375
2900
4485
1198
3949
2418
972
6921
597
4175
834
1424
4559
2447
5462
1033
1089
1585
2858
6
5031
1883
2464
6058
6575
962
5314
2994
3485
6633
224
1025
1718
6720
2407
7153
1606
2902
575
218
4
3510
5501
5762
4058
1668
2166
6674
4415
5733
2890
4414
1783
504
101
6356
487
3151
4085
5701
2224
4472
6045
4405
5949
2857
1722
1095
2891
973
1087
1757
4020
1415
6332
1082
4589
4685
651
32
5788
654
961
36
1666
5715
5526
4584
663
2053
4656
7137
6342
6755
3594
5368
1317
2108
83
1414
6885
6049
4690
4489
970
4528
480
3100
873
2381
4973
190
405
409
4889
3095
6788
5111
6776
1336
1902
3981
2325
254
4951
4883
428
1157
862
3700
3068
2543
354
1376
2404
2988
4322
1029
4323
5145
5975
211
3077
6204
5121
389
1176
350
789
4980
1868
3109
4105
2948
1990
4793
1885
723
5960
4787
4214
2476
908
4238
2467
1792
1522
5882
1529
2411
5011
5998
4819
6128
889
1143
436
4360
315
6114
728
1589
3052
6194
1581
6772
4228
3903
5930
2068
3014
838
6920
1578
6200
4264
2999
627
6922
1049
757
6187
3926
4380
4419
1646
6954
4106
6910
2950
6747
4112
3114
4102
1644
4387
3111
918
1643
715
4390
1642
6228
3119
735
4452
6727
4315
3129
4325
4328
4329
6207
1005
1435
754
878
6186
2906
746
2907
880
744
2974
741
6154
4122
3055
902
1032
7047
6360
1406
268
3845
6038
1134
7034
7032
6386
6131
327
4984
474
2537
5323
478
106
5685
6503
323
6517
1788
1410
4734
502
2177
4724
507
2650
3862
205
3624
4942
5973
1343
2347
3697
2561
167
1332
161
3671
157
1223
5549
2238
407
147
1230
1825
420
5648
7107
3820
2539
4860
5298
5299
2239
3428
6488
3744
1314
310
560
567
214
4616
5056
1416
1908
2828
5423
6289
5741
4587
5063
6573
246
594
5625
5744
2852
4566
1357
2095
5465
5469
7091
5097
5761
4532
2069
4659
7154
2812
6529
5141
2477
5041
3867
3723
5028
5403
3869
7004
7003
5391
7101
5142
304
1756
2169
1572
867
1203
4178
3099
2408
2385
3101
6728
3372
856
5154
3092
5122
5614
234
2410
210
3053
4134
1570
4138
3975
6002
2401
4158
5169
5950
3385
2032
3126
4059
5394
5398
2165
3461
4056
4004
3132
5421
4051
3996
37
965
30
969
5431
4023
1489
2052
977
3554
979
2059
4027
3133
6122
3454
3579
5191
5592
6436
1337
5231
4118
5290
5544
5295
6794
5308
912
2028
1521
6042
1319
109
4087
7126
6502
7129
1250
6581
88
4076
1313
5311
5083
4233
3051
1484
2654
4403
1433
6164
485
706
4396
1408
2940
6358
2945
503
722
4385
6852
1405
1574
2615
442
1818
5827
1829
404
4892
1449
7042
3933
509
6353
4526
4553
1088
2878
3882
605
2855
1101
4481
588
6152
6290
5699
6297
541
5708
6341
4698
5704
3258
2918
5800
4432
6350
3254
2679
4663
2566
6222
393
6857
3959
2462
4947
4948
1053
2995
781
1051
1175
6636
6764
2518
6705
4987
314
4258
6926
3726
5025
3017
625
1582
3778
1377
296
5890
6382
2554
4208
2978
5923
4926
2455
2558
2544
391
1361
5934
1114
3500
3894
1269
4000
1113
3371
6153
1083
1355
1271
6001
5951
4012
3900
1417
1039
5953
1477
3559
5925
3377
1112
3965
3958
1026
1386
3835
5974
1389
3824
3821
1167
3281
3647
3307
3412
3654
3165
1225
1395
3458
3686
3692
1413
3865
3456
1007
6112
1412
6796
6129
3278
1129
3853
3850
6047
3232
1023
