1898
1896
1897
1891
1890
1893
2845
2841
7036
6164
2844
555
7073
3630
1587
5273
5277
7072
7078
3637
2876
1899
2847
2846
2945
7076
1581
3850
2903
4435
7070
5597
3262
4584
4967
6346
2814
4382
4334
4969
7035
5287
597
2454
1544
6742
4437
1415
5315
1894
4977
1800
2261
3274
3325
1589
2979
5800
3956
3955
2011
82
1892
4201
91
3851
93
42
5322
4074
5590
1045
3849
1585
3260
806
7074
2788
5288
6845
6354
4339
2848
5756
4725
1586
5312
3537
3326
5278
6293
3164
3056
4971
3024
1840
810
5174
2877
4049
551
5289
5592
1584
5387
538
553
5302
1219
3571
5759
6766
6771
5233
3788
803
3971
3853
3854
5261
5262
5274
3855
5300
757
3949
1616
3457
3570
3338
3426
1804
1056
4659
2357
1113
2355
1040
3276
3320
1020
3330
3008
1100
3
5548
6451
3025
3029
1414
5381
6458
6395
3633
2664
3337
3488
6740
3539
2229
103
3139
3598
6362
1538
3609
6778
5701
5689
5635
5599
3942
262
131
4978
148
4381
4761
1220
2165
1213
2366
4397
5007
2003
1103
4392
107
2581
2166
166
6839
5311
3974
6028
3428
3459
1618
6151
4758
6161
3943
3312
1041
416
6324
6357
1141
4693
4547
2163
4614
323
2912
2885
4436
3246
7
5920
6606
5388
5395
3958
3970
5259
3772
2218
5198
844
4048
3636
5118
3631
1613
4104
4117
1532
907
4993
4972
4963
1227
962
966
7034
5316
4370
3498
1186
3628
104
2223
6899
161
2840
6919
6729
224
2824
232
245
244
6898
97
6827
4259
2585
7120
1383
2213
6336
1734
6341
238
1391
6651
5731
4375
5443
977
5393
3142
967
3091
2690
961
1214
6367
3227
2632
5301
5337
234
3453
7135
3450
830
3425
509
4039
3385
5111
1612
867
4076
813
1671
7148
1610
5025
1367
3535
5252
2808
5000
3324
2189
786
6675
2016
1255
7045
4970
3972
5833
1347
5634
4709
4489
1051
2674
30
5704
4439
656
2401
1124
5589
2221
7084
4634
5708
6960
5712
4546
5541
1109
1895
6089
1712
4492
3265
1052
7017
7128
1324
3565
6274
6112
1112
1575
2908
5910
2582
4041
2365
6837
2361
4045
2351
2211
5265
7133
4678
2233
860
165
3692
800
6595
6180
5003
5112
3786
2267
5117
4996
5218
1662
5023
814
3278
1356
3321
4209
1975
4255
2817
1531
1162
6405
5753
4356
2214
7071
1541
1416
4756
2975
1488
6985
3015
6485
2452
4765
4433
1185
3856
1825
6901
5716
328
4393
3865
4726
5709
963
5585
4261
824
5693
2299
6340
6538
5317
6782
3147
6828
6351
4274
964
2007
6781
1903
750
5989
2477
4724
1147
1619
2816
5959
2926
4001
5632
5595
1349
3996
5947
812
5715
2184
3796
6836
3841
3947
3842
5508
1564
5827
1348
3931
6820
3925
3921
5394
5429
3859
3933
99
5714
5542
5912
809
1971
3778
2185
5643
6841
7129
2234
163
1511
1583
7039
550
2228
781
3681
556
5594
4377
927
4915
6273
4521
4974
2970
3273
247
4987
2892
2451
2888
2104
4998
3322
3323
4335
1769
3228
6305
960
2484
6660
302
1224
3146
4952
7016
6344
965
4953
4698
2382
4954
6668
1738
2933
2237
2265
2811
4077
3363
4636
476
4371
4372
1901
3327
2532
4040
990
2264
4564
841
3429
3454
3419
5066
4098
112
441
4156
1011
4677
3331
4543
4663
83
5022
4771
3336
2798
3339
133
1476
6821
102
1431
1178
1000
4431
1023
2
5196
4446
4573
5596
6641
1085
4616
5586
4544
6932
5557
5547
2637
1456
3791
3792
1125
5479
1451
700
7116
4455
4450
4445
4524
3932
4376
5286
21
4997
4999
1270
4132
6842
5253
4128
4125
4122
147
6846
1296
2181
818
5124
3988
4026
5166
4019
4000
4012
2517
4994
4189
4975
1417
2635
3878
4859
3883
2634
4868
3920
6894
6826
2621
1424
3927
1345
1222
1238
2588
5314
7127
3945
4235
2168
2169
4227
1212
4115
95
5961
552
3334
1579
1578
1573
1571
1688
6493
6159
3329
5802
7030
3335
2266
3293
3427
6488
5760
1838
6244
3580
407
3252
6965
6986
5750
1886
1676
2733
6105
6547
223
1631
6532
5967
3481
2944
5955
3390
2772
1614
6983
6565
3382
5922
3530
6038
5898
6039
3534
6508
6090
1944
6586
1477
6102
5874
1740
1540
6539
3603
240
6466
3042
3725
3615
96
1835
5639
3626
3689
3671
3647
6394
1785
375
2105
3045
1481
3168
6482
3021
1808
1958
3163
1774
7149
150
4085
4088
6093
5067
4438
1830
5998
969
1210
1152
4853
6103
3097
5058
5113
3009
4332
4790
485
3389
3101
976
4717
4788
1805
1315
7001
5099
2459
6026
3421
7137
6021
4126
6678
3306
2505
314
1834
4197
4
4204
2256
1228
4768
6215
3268
2453
4230
2018
1169
406
3229
1746
6280
3208
141
7005
1288
4164
6204
6146
1832
4257
1024
6375
365
1773
6885
3102
1283
6674
4321
4320
4314
4137
952
4737
3130
901
6169
6476
6182
4129
4195
6867
1341
3863
5480
5718
3864
85
1422
1420
6624
1954
1548
3881
2689
5422
3887
6608
2269
595
1912
3581
7057
3579
5757
1398
4660
1561
5777
3578
581
2268
5717
3858
2277
2350
1479
6949
5611
3735
2657
2301
3708
1470
3699
4560
3784
3696
4612
2318
5781
3793
3634
3794
5669
633
3797
3839
3632
2680
5522
630
2130
1101
2325
3622
5666
579
5769
3940
2102
162
3553
3548
2904
1563
6576
2083
5887
5895
1364
3532
3504
4480
2771
3985
3987
1617
5956
2782
5214
1350
2918
2535
501
6548
2929
791
5872
1870
20
5789
2709
1118
5799
2225
2886
5804
769
6746
1568
2897
1570
3948
5809
1572
3022
5840
6592
3563
7130
1904
1842
1855
4398
4566
4569
2956
3002
2827
3005
2934
1873
1151
1189
2991
2902
2457
4549
2976
2955
2297
4525
1142
2091
4545
2389
2387
1161
