5206
2160
2087
2089
2084
2082
2085
3843
5870
2563
5209
6544
5204
2086
2088
5033
5661
2080
5447
5446
5124
3242
2763
2165
5211
2253
6766
5537
2163
2768
2567
878
6551
2762
5208
2562
6719
5876
7003
3246
4868
2365
5444
5616
4709
2417
703
2692
2083
4287
2566
4744
2883
3269
6574
2251
6663
1884
179
2169
5442
5834
573
2560
4282
3860
5440
5449
5441
2429
151
2837
2855
2861
6556
2414
2863
1911
1910
5443
2302
4109
6400
5663
5122
4285
2006
2412
3840
612
565
338
3722
4504
6378
5570
4171
4418
1956
2166
3932
926
2418
5871
4867
3848
3330
1437
3799
3085
2817
6077
6091
3705
3256
6039
6230
1551
17
2161
2007
25
2660
2666
5466
6045
7012
6032
5386
1076
4275
6010
443
442
928
5783
5835
5837
3961
5878
6031
2164
3793
2340
5202
2411
2341
3548
6781
2242
6203
2561
5559
5201
1718
4455
7015
4569
196
2428
4222
5469
6541
1508
4183
2937
7052
4103
4072
6223
7043
2067
3791
6430
2867
3547
6041
284
175
7142
4602
5309
3608
4810
3709
2661
337
2662
5960
5718
3303
3767
3532
4775
6674
2911
4813
3041
2206
4100
601
3139
3152
6406
6860
2060
4832
6703
12
5365
984
5784
1765
2891
2307
3759
4219
5464
862
6048
4514
5582
1754
1385
6542
4705
4321
2004
1919
7009
5650
1501
5303
2329
3514
2864
3542
3240
1442
3229
4523
6073
6044
6132
6147
5921
3787
6161
3710
3783
1075
3756
7004
3719
6143
4229
2081
4704
4707
527
19
16
7150
4795
694
4649
5354
5017
5333
5041
5065
5102
5218
1797
1736
4909
4601
4597
5484
2070
1656
5836
4112
2045
4184
921
4221
4224
4227
4270
4278
5654
5653
5619
482
844
823
4470
5877
608
6831
2575
2321
1330
96
2305
2633
1196
3335
2621
6536
194
3276
2912
2801
6894
3265
2231
2168
3089
2875
6951
3241
1242
1448
6233
2506
3176
2241
3106
1281
1441
1552
3473
6236
176
3456
177
2416
6250
2663
239
1282
6480
6479
3084
6955
1500
2737
6285
6509
1310
3381
4839
3086
2240
5367
4816
5384
4176
6557
4822
5773
6489
4089
5743
925
233
4858
225
2044
1337
4208
6864
1751
5429
1701
7138
4500
4773
1916
5501
4509
4518
4457
2721
2638
1915
510
6875
2300
515
174
4645
5453
6593
2744
2755
2243
6677
4283
892
6560
2245
4284
2009
4789
2003
4331
868
5592
2255
865
2765
2259
4407
1941
7064
6897
2308
2152
1809
5269
2443
6037
6256
3720
3248
2451
5098
1598
3227
5978
2326
3544
3583
5126
2521
5214
5146
3387
288
5217
3619
3623
2442
3629
3630
334
6776
336
3362
2116
3700
1195
6160
5307
262
1716
1053
392
6453
6739
6824
3876
4917
3907
4915
6483
1283
238
5832
2564
3987
3150
3842
3128
1630
3541
5312
3535
3151
3795
3841
3796
3797
6146
1171
3837
6212
1267
2349
2658
5205
1559
2642
1732
4731
1739
4772
695
1541
2590
1711
664
1705
1712
2603
2605
5040
1907
2547
635
1873
5123
5129
5130
2631
621
2635
5052
1421
3478
4678
3747
2357
3755
1069
3760
3761
3214
2109
3772
3790
3165
3792
3824
3113
3844
1019
3189
3713
3293
3294
3486
3457
3530
3533
3545
1178
3388
1125
3617
1114
1112
3646
2110
2119
3329
3711
3318
1654
3889
1000
3967
1688
1389
4374
4398
824
4459
4482
4503
4508
4511
2728
4519
1406
4559
4568
2677
2672
866
4700
2815
2013
2046
3983
3992
3998
4010
4031
4071
4102
4122
2956
934
1338
2868
916
2865
4225
1662
1369
2238
4333
6324
18
5830
6120
6121
278
192
5448
7019
5678
5682
7080
6565
6537
202
7029
468
7030
6244
7031
6559
6246
7034
5710
5709
5687
7049
6227
5558
5831
178
5906
5910
5213
6701
5216
5918
5655
6973
6105
5362
5854
6030
6401
6789
92
171
6035
5458
5246
6034
5551
1288
1289
1286
4371
237
6513
2943
2918
2914
1336
4346
6478
4326
4342
5575
1368
840
141
6717
2580
2585
5478
4554
6675
6672
4527
5491
1422
4512
173
6615
841
1398
6581
5518
6576
2771
1382
2813
825
2838
4443
2846
2862
4415
6553
6549
2752
3112
606
4300
5763
6177
6172
3546
6162
4046
3597
3602
6111
1101
5833
3708
6093
6042
3714
3717
3937
998
3735
3778
3874
5937
3863
3785
3859
5917
5912
3846
5873
3504
6232
3477
429
4293
6419
3155
4286
5642
264
4279
5664
4268
1241
3292
4232
4593
910
6443
452
6320
6319
6314
3336
923
441
440
3425
6263
5712
3429
3450
3452
3454
448
4595
5522
2131
38
7057
1645
4923
1637
4890
4879
7010
690
2127
693
6981
2014
6957
2200
5406
4823
2226
2237
6949
4814
2247
6886
5436
2268
1563
1599
2012
2008
5030
5212
5215
593
5223
7161
5157
5226
1782
5127
1792
5
5276
5283
7157
1844
7152
1894
5073
20
7121
1912
7106
5050
1962
1966
5035
1991
2301
528
5895
2419
6805
6820
1479
4685
2337
2342
107
2410
1516
2346
6784
6760
4600
6767
6808
2498
6812
745
2656
1930
7092
6552
3564
3580
6133
7114
1431
6130
6129
1430
6183
170
1141
2669
1177
7072
7076
1170
2002
3451
1998
3538
172
1977
1503
1965
3498
6655
3531
1955
6185
3459
6772
2456
2637
5976
3766
1064
5969
5943
6700
1771
1478
1766
1464
1465
143
7165
1045
1762
1040
3823
1760
7167
5982
6112
6025
3738
3690
6816
2457
3701
1713
3703
1714
8
155
6075
1719
1811
153
7159
3718
6694
2471
1085
1787
1728
2693
3368
3398
110
2333
2248
3010
1365
3014
3045
3083
6504
1578
6940
1540
1285
3107
2353
2207
6953
6434
6570
3005
6425
2974
2309
6858
6547
6540
1554
1557
6539
6538
6866
2303
6535
6874
2860
6532
6516
1329
98
2942
2299
2946
228
3420
1593
1265
3315
3317
1629
1632
