7083
7085
7088
4683
2767
7081
7084
2666
7089
2735
2737
7082
2747
981
986
4838
989
2750
2764
2752
984
2744
4576
6116
7080
925
2768
2751
1938
957
2754
2761
4689
3190
6392
2753
464
982
959
3823
4571
5227
4570
4774
5604
6427
2618
2756
4579
2272
987
1192
953
4578
2743
6673
2662
5490
3824
4045
2559
3197
2731
2960
5226
4515
4929
2745
5498
543
4497
1542
2031
4574
2640
486
6955
3341
3763
3032
4215
4273
6799
5132
5338
3215
6535
6729
3222
1348
4197
3693
7122
6957
7087
279
4680
4686
1911
5441
3966
3829
3567
2189
3400
4276
6864
1229
958
3940
566
3512
5827
4922
4789
2742
2739
2406
726
3625
2881
4031
2780
945
2556
346
6134
3666
4896
2572
951
6540
3664
4742
6930
2331
3103
5228
1927
2181
27
5249
3034
1874
1266
1222
1878
3652
461
3607
2327
1070
4454
1603
4042
3429
6110
2680
1262
5369
3212
1721
6577
5605
1910
4039
1916
2732
5223
5436
2619
1382
6592
5811
894
6698
1400
1228
4218
1494
1872
3665
5562
6093
287
923
721
5197
5191
1627
3211
3669
2253
6439
6645
6525
4844
4252
4662
6276
1530
5990
5530
3282
988
6670
5675
5532
1566
5248
1012
3233
2741
5232
5225
1177
1930
756
3821
678
2718
3230
3812
1883
5079
459
1852
6680
455
4575
6708
6028
2263
1705
6279
6102
5547
5417
1354
120
6699
2966
1546
5585
2402
2372
1816
6274
3764
4561
6983
710
635
2634
5156
3175
2605
3511
7086
6448
3409
592
1464
696
463
4277
1407
598
3524
6148
4217
1224
4510
2873
1220
1363
3261
1119
6688
3344
3193
5995
6893
561
3140
3254
2979
4275
617
3327
2883
4687
452
6647
4572
6646
3152
3225
1164
3476
3229
3422
3159
6758
6677
1298
341
4424
3199
3227
5534
4285
6891
6460
2329
2335
740
2338
126
1817
7119
3985
6273
7121
5072
3751
5844
2404
2463
156
6217
1733
5859
928
4037
2382
3794
1856
2282
2032
2071
3885
1970
24
5822
1941
1936
5202
52
55
1915
2240
5193
2243
6867
3968
2265
5154
3797
6303
5143
6449
2562
952
7120
2748
2730
6527
5486
2704
7046
6177
3663
2660
5491
4836
3659
2736
5190
4400
86
4406
5484
3817
6871
6642
2266
3176
6866
6522
1160
6779
3137
1147
1850
4830
2713
6532
4682
466
3651
4445
6951
3165
1873
1877
5639
5640
1293
1161
4384
1162
4278
5814
6429
1223
5326
2105
5997
4747
3298
3297
549
3277
5314
1549
6387
1196
6771
6770
5194
6561
1939
2310
5538
2239
5198
3214
53
5535
4370
1259
4368
4270
1252
1932
5972
5793
286
5221
3232
3790
6107
2910
3000
6722
5456
6611
3408
5584
3667
5434
3536
5929
188
920
2962
1015
3413
718
6992
1428
4565
186
2517
6595
5432
2551
2552
4989
941
2826
6140
5753
3031
2703
6574
6687
694
2577
4614
6121
2759
4616
5437
347
6119
1473
2617
6811
6171
6694
5376
3085
4508
2649
1609
5942
5807
3832
6853
4047
828
5975
1181
1179
5812
3488
3681
786
6890
812
4040
5957
3819
3828
6873
743
3573
3795
3610
3521
3982
4213
3345
752
4208
3396
6676
980
588
3555
5841
938
3425
3650
6726
723
1163
5862
618
5855
4007
5846
4195
3343
900
3613
3796
5885
7059
2715
4835
1604
2687
1621
2668
2738
6528
6523
6191
2564
4955
2558
2557
6526
4788
285
4782
1471
2876
6989
4634
6596
2845
6582
4671
2782
2762
316
1544
1548
2755
4769
1697
4610
182
2554
1871
6445
6444
2256
6441
54
5145
1917
5229
5331
2164
6364
2102
6420
41
2286
6295
6280
2553
4998
5008
5412
158
6220
6222
5050
6476
1806
7115
2337
6278
1826
6467
180
1455
3918
5609
528
4518
6612
1239
3226
3020
1378
1377
1257
6066
6963
1368
4391
4484
1364
4397
6057
3194
6636
4593
1303
1299
5650
3235
3171
3273
6115
6113
1434
4290
3270
3264
3907
6923
3239
6255
3275
1812
3711
2100
5810
3195
6272
6421
3901
6796
3752
1788
1785
1154
3771
2400
1768
5808
2073
3177
2079
6269
3236
1269
6648
2177
3820
6323
6309
6440
6823
2246
3231
2258
852
2168
5826
1291
1879
3223
1947
3862
6818
1265
1268
819
1849
6361
6328
6650
2334
2262
1456
2489
6607
6606
2757
5869
3638
2758
6605
2965
1540
6599
1537
3615
1533
3427
2783
2784
6747
1453
3467
3459
1064
1059
1093
6077
5941
3534
1045
2870
2852
6143
2789
6721
2478
1117
1190
2511
2515
2545
2546
940
6633
2555
3690
5863
3107
1141
3687
6621
3036
2567
3383
2597
6166
2719
1389
6620
2669
3391
6541
1374
2645
956
6185
1673
2599
6190
2653
3296
2001
5415
23
283
5587
563
4131
603
4125
4506
629
6918
5382
240
4427
4072
4295
21
5263
6907
5448
118
6913
711
4911
5602
4950
713
4043
51
280
3986
747
5606
749
194
714
5102
456
5148
5564
542
6990
4409
529
5380
6932
3930
4084
6905
5507
4090
6929
5504
610
4198
3926
5739
4376
5648
29
4785
196
5536
67
4831
4714
4006
536
6878
165
271
5555
3462
6520
3438
3454
3012
124
1659
5718
1086
3022
1822
3017
4512
2648
5733
3218
3585
1876
6095
3600
6750
5146
2938
1011
5159
1440
4100
2264
5472
2006
5157
6712
3550
3540
1076
3484
5103
4147
4146
115
2326
6447
2322
6281
441
5125
5131
3527
6608
4890
4144
129
4210
5077
487
485
5677
5402
2541
5643
2543
2533
2544
4992
1191
4286
4284
4283
1187
150
1710
4281
2475
2493
1251
3221
6499
4371
510
1243
4342
4403
4341
3213
2513
2502
1727
2498
3238
4379
6934
6275
1702
4979
2373
4223
3086
6267
5600
4848
195
1795
6690
2578
2584
6192
3401
198
199
1351
3082
4279
4226
5601
181
5607
1175
4970
2392
6021
1169
593
