7095
5329
1693
6337
7093
2020
2145
1203
2027
1205
6333
5844
5586
319
1206
2656
744
1361
4637
5680
889
5958
7108
2640
1682
1696
4943
2024
1685
2647
301
1630
1209
5385
6331
2025
6338
6335
1201
3490
1632
473
5723
1689
4448
404
1698
5267
2023
6422
306
2026
1207
1744
4380
1271
311
2141
6759
2646
2470
3677
2236
6339
121
126
1633
2654
581
584
1681
2461
3673
3011
979
3676
1638
2927
587
6519
304
4295
5951
4949
5684
5685
3493
3675
7091
2512
5587
2029
1200
1225
850
223
4032
472
4446
2059
3017
3016
3679
2591
26
1204
4345
2144
3491
6774
1699
1697
7109
5894
1321
3728
5720
3682
4038
4449
4787
3684
3726
1722
1829
5728
5646
4948
871
302
1491
1826
316
4631
5725
1635
7104
5358
1684
5088
6186
5047
2095
5688
4369
2239
2642
1189
479
5326
120
313
3027
1277
759
747
2022
746
335
330
848
4036
5320
1636
2021
1226
1734
2028
5647
6423
3299
5686
3302
6755
557
209
1526
5748
534
6278
2917
6420
496
6104
2136
388
5581
5950
1319
3674
2655
3729
5899
748
393
6052
127
4385
3789
6571
401
1103
6579
6426
1278
1276
1683
5681
478
290
2303
4976
1729
423
2436
5721
1825
6193
4635
1631
5694
6424
2315
2426
974
300
4891
5943
978
1760
2963
4220
1944
4433
2210
2142
45
6832
4529
6632
895
6087
2670
1274
1273
2013
2718
2719
4552
81
2057
5173
2158
758
1495
5502
4325
5056
1499
71
2244
5749
533
5969
2478
582
5515
2238
5742
3683
5741
822
4439
1524
4636
4444
2679
6657
1279
1720
1272
1155
2878
2476
5713
2714
6635
6106
873
809
4396
870
1208
4558
438
982
437
436
4777
2945
6086
3996
973
5787
5789
409
932
4835
6067
448
1686
2977
5082
6056
3416
4392
5375
1694
1637
5378
1368
1367
5428
1322
5952
4788
6735
7097
7105
5283
4991
4947
294
309
4226
129
312
128
2134
2143
5264
2175
3633
6358
2234
7138
4291
4223
226
6267
3720
4340
318
6206
1450
5005
7133
4327
4430
6588
1602
5260
3471
2598
5966
4447
1820
5373
3018
4431
962
3826
2814
6131
4441
6272
1646
470
1156
2514
6916
2430
5063
5770
1496
477
6984
1509
3685
2295
5709
7078
3686
6533
1472
6909
5354
5201
4328
2769
3028
5914
2309
5726
4758
82
559
4561
6429
303
1979
2336
3781
3309
2030
6627
5323
2712
1575
5426
5981
753
6633
512
123
6686
1998
4389
5739
2713
2915
2652
6738
5216
5493
3497
1687
4503
6334
7086
1365
500
1215
1216
5091
4566
147
6600
502
1756
5092
4272
2331
823
4383
6610
5517
5357
6601
1129
3020
3566
2147
1136
2782
4908
2775
4443
887
6098
1517
1899
3578
3303
4786
5815
5186
1335
1327
3612
6820
6261
4530
4034
1992
2738
751
4945
5859
5846
4297
3627
4296
4293
3126
5398
2711
3727
190
5120
4292
2516
4783
3594
4111
5361
6912
613
1933
5367
1936
3607
6659
4660
2479
1436
2154
2213
5799
1202
2610
4998
6054
2052
2570
3118
6122
3778
2872
5949
4434
1783
5649
6473
5957
2453
5727
1691
5956
6188
31
4343
3415
6382
1848
471
4269
4347
6378
4348
919
2889
5328
6398
329
6768
3469
3468
4394
4341
4842
2133
6748
1570
5965
5030
6739
1828
3784
1077
4438
3785
7100
2636
7049
4872
5382
5665
5316
2316
5802
1695
6185
3908
4031
3069
2040
5190
6187
3204
5499
6747
80
5806
5221
1690
4876
2313
1824
3721
2739
6205
818
2167
135
1725
6425
359
4941
4532
5322
3458
3459
2362
3787
122
5434
4390
5850
7034
4944
6807
4621
5266
1269
6178
4398
1972
6621
308
4854
2098
3878
5824
6276
2934
2334
2850
1222
375
6620
1223
6826
814
2651
5096
6821
6279
4525
5325
6816
307
1974
655
5963
2048
2464
2431
2517
2235
3960
1928
875
1627
212
4899
1629
6932
5706
5362
6910
6515
5233
2966
3670
206
205
6200
4114
5052
1587
202
785
4586
1150
1094
34
553
2832
2067
7136
1573
5898
5705
3963
3244
6383
6711
6126
639
5199
6505
3010
6072
4969
2760
1134
4119
4222
5302
4757
5792
5729
6506
5129
4569
3316
2552
5785
1639
6662
4357
5513
2835
3672
6769
2798
6021
2810
6277
3109
3975
1228
4281
3698
893
1229
804
3947
6651
2018
2897
908
2778
1157
4946
6760
5593
7134
3911
2127
3961
4973
4553
2837
3914
1068
967
1181
3653
5422
6656
2785
2736
2770
2149
4557
2988
2982
812
3680
1051
813
2968
4564
5115
6709
2135
4030
2967
939
6762
876
3959
3904
815
4391
3602
6646
1664
5054
4793
5058
5514
3579
5016
6352
586
1922
1502
5340
602
5700
419
2541
3839
5782
1935
5336
5366
2397
3259
3254
4752
6113
411
6074
6071
3389
6356
210
6936
4426
2445
6197
487
6970
5024
6458
4346
2458
3550
2432
5217
2290
4894
5658
6490
3351
3350
5731
5707
6492
2473
5312
1640
5304
4442
6388
4330
5518
6937
510
405
6893
274
3871
5679
2643
3452
3158
6825
6822
4528
742
6629
1362
6263
5280
5036
3464
339
762
5845
3474
112
5035
6032
752
1364
3611
1876
3213
1366
6053
6578
6596
7098
3597
4313
3496
666
4856
5673
4732
3228
6567
6414
6459
2912
1789
1692
6373
1014
6733
6171
1821
4172
2128
6727
1740
1667
2898
1665
2371
1726
1044
1661
6159
5142
4402
1064
4387
4416
1654
6710
1653
4361
2895
5261
2377
4388
5584
6274
6511
2138
2641
4068
2737
1965
6330
1955
1332
6269
6595
5194
6574
6573
5272
4289
1379
2734
1221
6047
1263
2681
1270
6648
6266
2677
6650
1236
6639
6654
2726
2672
1988
5282
5287
6566
6112
4550
6559
1890
6202
1128
4010
5976
6700
2483
1579
4280
2812
2456
1109
1879
2815
5938
