7109
748
2470
3997
3993
401
4737
747
5031
3999
3992
6337
1698
5329
1693
6881
7104
5323
3110
4390
2859
329
5120
3991
1030
4814
3995
7102
274
2977
5975
406
1645
1491
1218
6330
330
2850
5322
6849
7103
7101
3125
334
4732
6333
2647
126
4787
393
395
5707
4038
7106
4554
3017
5700
3114
3309
5327
6519
4632
1641
2640
2656
7108
6338
888
333
4552
408
400
4380
6380
3607
2059
4385
4739
2655
129
2856
7105
4396
1275
6420
5054
2890
5050
908
388
3947
392
5128
4865
4556
2479
1697
1528
4735
5326
978
1263
397
877
1602
6331
5057
1035
5723
5302
2295
7067
6339
658
308
2478
1696
905
4398
2858
753
7100
1522
5461
5035
4558
4730
3629
4111
5977
4786
6050
6040
1414
6422
2032
4346
315
7097
2518
3126
1046
4030
5844
6388
6774
3728
398
979
4783
438
2019
5052
879
1820
872
5092
2719
2236
4032
5460
331
3998
311
4220
6455
1034
6882
5038
5124
1134
4031
3624
5688
946
2963
5129
4785
6424
6335
878
1271
4386
120
746
5645
7095
6513
1521
5464
1694
133
1157
742
4391
4037
5305
5160
1276
5126
5030
1205
6382
421
4660
2417
5643
5846
4343
3975
1640
6426
2872
5950
430
128
5036
889
4979
3011
4631
4418
2654
4733
1826
4415
2413
6969
394
971
5726
5106
4328
276
2927
402
3018
80
2912
5324
6984
5685
332
7092
6844
6425
7091
2901
304
3119
5469
2641
4520
5467
4969
533
6633
3111
5325
4387
7065
478
1269
758
473
3835
5363
4638
744
6190
1221
6517
3410
1690
2403
4388
4555
6334
4389
7068
2133
6204
4306
973
6332
4716
6964
661
593
6512
5267
339
5727
338
2339
886
6629
3680
2473
2857
5680
2855
411
5303
740
403
3698
3627
4736
2419
6612
3700
391
4562
743
4553
5720
3874
4793
3684
745
5168
5320
4948
4397
1217
1214
1822
1809
1203
3532
5463
1783
1919
1267
4955
1769
4395
5191
6423
1368
1143
3994
318
6321
88
121
3118
1695
1585
1215
1112
1206
5462
7066
423
5976
6456
2790
5586
5316
1129
2239
4860
1955
3943
974
5362
6421
3685
1495
4364
2471
655
6611
4662
2418
629
3725
2593
147
755
6159
2604
6607
3058
5199
2644
4412
6510
6848
1109
2658
5616
5059
1824
759
4010
874
1039
6645
2895
6201
2898
6638
5854
5852
2030
1646
6205
6884
5741
5173
4485
5510
1805
6074
301
6353
4636
7075
6624
182
4138
6352
6651
5311
4528
4098
1086
4894
1829
5307
1828
7069
6970
4116
6576
4226
1823
5681
4223
163
6705
3840
3112
3996
4710
119
5647
2534
5365
2532
4381
2476
2889
5392
3132
1492
5949
3727
124
6098
125
7064
5748
6659
2601
4922
2039
595
2094
2595
312
5466
1745
3720
3336
5952
2404
5958
4089
3990
3544
6043
3553
3609
6297
2809
3539
2800
5321
6053
4811
5127
4238
405
2147
404
1088
976
5039
1415
4232
4813
471
6091
972
6132
6135
1128
1268
5347
6828
4714
6903
3944
481
2362
1976
6622
1972
164
5721
4635
3055
6610
6207
337
3723
3458
3783
3459
2477
5945
4943
2514
2517
1100
5549
4382
7049
4325
3120
3787
2537
2539
5847
1682
6479
4357
1110
2138
417
123
2577
4402
4473
89
4229
563
4222
4566
7040
6072
2651
4074
202
2098
4976
5705
6744
4567
6653
5694
6866
1410
6202
6360
82
2095
4601
2840
6157
5969
3965
838
5309
3908
5520
5034
375
3626
6418
7048
5738
1004
560
299
1947
1589
1914
4675
6822
5073
1202
6864
1176
4349
1484
2224
1501
5703
2131
1027
1322
1321
1376
870
5731
913
3911
6329
2461
6056
4584
2451
4474
1498
3910
1262
2411
5936
751
4510
4322
2381
5186
5965
6598
3839
1155
1802
4294
1954
1361
4516
6592
2020
6843
1782
2031
5083
4403
5125
5121
6608
970
1087
2014
831
2412
6841
2410
2290
1073
6551
977
6048
5673
2023
2018
4020
4392
4394
2027
5960
1757
2010
5728
5712
1494
6646
3562
4863
3537
2619
5328
2707
4890
4892
3012
190
294
4725
184
181
3043
3053
3054
6295
6656
3082
5024
3476
586
4929
2904
341
2701
4775
4781
5592
4788
5315
2692
4804
3682
441
6644
2795
419
415
3610
412
6635
4816
3693
4817
4819
6768
2798
7151
506
127
5646
5301
4971
38
3259
32
31
6367
3349
630
5386
5398
46
3452
3302
3128
918
5097
4231
6888
881
4529
1417
1014
6770
4818
6684
4228
2860
5049
5232
880
1056
5044
313
1490
6899
6488
2841
6880
6459
6601
4796
6600
6599
2179
3334
4561
1523
5166
1509
6041
6634
4559
1450
2157
968
4810
424
6627
5385
6966
2142
3329
6632
2148
1089
7043
1225
197
196
6265
5203
1810
5513
1370
4416
3426
3175
1804
5198
1662
5356
6386
6733
1343
3059
161
5183
6565
5500
5195
108
3475
1293
5141
4404
6291
3010
1649
2908
4854
2928
1113
1117
4470
6272
4966
4036
1953
2962
4874
1946
1219
2969
1932
1927
5032
1890
4221
1629
1883
1642
3531
1643
6268
4094
5515
235
3530
4691
2688
2436
597
6515
1493
6605
785
599
2650
853
2474
6061
6140
6134
6429
610
6131
558
6077
2646
6842
2402
2642
6845
2464
5091
4606
7107
3688
7093
2617
6059
3691
2303
6833
6604
2609
6058
2238
112
7022
302
5632
1084
3122
543
3009
3117
1317
5187
2103
3416
3116
6019
5481
6152
2576
2909
3566
5145
2099
5686
2414
6458
624
5752
1051
4377
625
5048
6067
360
1716
4491
2016
1724
2054
2891
3450
1068
2893
3124
316
2897
3595
2878
5757
4173
6762
3056
7039
4405
5197
1792
752
180
1902
4414
1896
5795
1806
1885
2620
4077
3535
4885
6652
6912
193
6081
195
2610
5679
210
209
6649
5304
1742
2594
5033
1101
2922
