7102
330
3993
1523
331
888
3723
3992
7100
7103
877
7106
4793
4814
4556
5688
3999
7101
4559
4380
5320
2859
1498
3990
3724
1528
1520
876
6330
881
5467
6844
3722
2856
3300
4813
2460
1218
1275
4865
7104
3125
4520
879
2473
1529
1046
5054
3997
4558
1030
5368
4737
2476
5031
332
872
4550
5327
5461
5686
5700
5707
329
4730
3995
2890
5128
5120
1522
7109
5035
4819
2467
4811
3725
304
5685
80
7092
5687
2095
1035
2098
333
2646
7107
1490
3014
3720
2800
870
4553
1521
3991
400
5460
408
6880
4529
4567
5203
1201
3998
5059
5057
4818
7108
4386
6187
6882
1625
1215
6884
6849
7094
5267
7105
1640
789
784
4111
2147
4554
3126
2417
2144
274
393
438
889
338
2019
3728
5646
4528
3726
308
4638
5032
5362
874
5356
5041
73
5462
2419
315
2412
2855
4948
3994
7097
5321
2017
3700
4816
406
5036
4413
1202
5463
5464
6755
336
5053
2518
3866
1645
973
5127
6886
6106
873
3347
4328
1725
7091
276
1629
4228
4364
5645
1034
3110
5318
4867
5123
1271
1642
5129
6186
2860
6519
5096
478
3119
2092
6105
5302
978
884
5052
2651
6202
3053
2643
401
5122
1517
3594
294
886
302
4526
5030
5643
2516
339
4098
5311
1217
4116
5308
4733
5702
1491
5681
5276
6889
3234
4810
1089
5124
3835
1031
3943
6772
5326
3305
1934
6207
303
4159
3719
2712
4387
3309
4389
2257
1964
5469
489
6744
3307
371
1527
5091
7065
2047
4860
2231
4470
3626
4222
6888
1883
4555
2592
1508
6201
1798
1499
4485
4894
6513
1621
5307
3348
2861
3959
430
5121
4418
4415
4385
2010
2453
405
3308
6332
5975
5208
2918
4521
6053
5617
5039
2692
334
1720
2044
6388
3127
1205
4557
471
4562
3662
2018
2647
787
109
1902
2411
1524
4238
6615
5305
3303
865
2865
1643
6265
7165
6734
2641
5013
2045
4895
6509
1495
6984
5966
1624
2238
43
2051
6600
4473
554
1988
4635
1481
3685
819
4243
2969
2470
1796
3111
3114
300
757
2734
2402
261
1932
853
5749
3493
2368
5056
3121
5324
883
2362
5709
782
658
6541
1908
337
4735
1904
4734
6638
5357
5982
834
5323
1888
6970
1243
2059
5611
3859
1783
4472
4784
4637
5673
4560
2607
5433
1088
4732
5231
2149
2097
2410
4739
4355
3632
5724
3268
6414
4478
1501
5058
5328
5378
1526
6117
3714
3727
6652
1769
5386
1962
6098
3911
2232
3957
1124
3263
1279
318
3017
6768
6321
1276
614
5185
3128
4232
6746
913
871
2339
4527
2247
2469
1954
4448
5230
6209
1999
573
3564
5684
5086
5089
5090
1623
824
2992
1622
2858
5144
1620
1973
6827
5272
3485
4119
5616
1158
1509
4417
861
5043
1895
972
2041
6655
1109
1148
2895
3599
6237
878
3059
1939
1649
1648
2998
5034
4412
2957
1641
5741
1004
6239
5838
6834
880
4388
6616
89
215
3267
6759
3869
2604
4776
6131
3688
87
1450
1237
4503
4796
3845
6157
1225
2642
5967
2242
2244
3703
6915
4325
3683
2258
1207
3183
6954
3231
2514
310
352
212
6733
1413
4901
4898
2416
1277
6370
6939
157
6047
4012
2482
1084
2450
4395
312
6737
5365
3729
3011
2990
659
5022
4428
4507
651
5264
3439
4821
2709
4510
1588
360
6883
1990
4432
1802
1136
2626
207
181
5366
234
976
6104
6483
5708
1848
4349
4651
885
4754
6487
2479
200
3839
5431
2301
6944
3706
6002
1313
5703
3313
1776
5704
6762
4306
5048
3954
788
3077
6290
5126
6765
6177
4275
38
936
2863
5952
3349
2224
6453
5888
4479
5614
2891
3627
4863
6277
398
2889
510
3054
2052
504
3629
4178
5167
6881
3595
6794
6123
550
4024
5315
979
1316
1317
214
4873
6658
6133
6868
4309
1093
2239
4552
242
5404
239
2751
3120
6109
7089
3761
5344
2952
954
2552
4476
4711
6412
2192
2958
6041
5465
6696
3479
6973
2688
5706
2835
3865
1788
3189
6631
3924
1039
827
2700
4221
1644
2119
4220
5266
4727
838
147
3175
4150
1797
4905
1074
5238
3446
2999
2090
2407
2471
5309
5078
187
3624
4667
5914
183
2413
6272
4353
6653
6135
2464
2138
2565
2418
971
4568
962
2950
553
3414
1976
2271
1525
655
6205
1969
2791
6559
4513
5803
7068
6763
4425
1065
5028
6590
3894
5628
5141
2291
6610
5205
611
2652
375
4506
2902
3709
7076
4447
394
2908
1212
2248
5830
3701
2252
5500
3713
4984
3015
6951
6663
2661
4168
2817
3033
3884
6013
6015
6669
5512
6200
5513
560
3296
6840
898
5943
5241
4315
4416
895
2331
5037
4393
1635
6279
3617
1033
306
2219
6274
13
5428
1306
937
6705
7152
899
2702
1722
3185
5369
1372
2549
49
3194
4166
5544
4613
6092
1042
6582
74
4174
1724
980
915
868
126
5146
6074
1050
864
6329
6452
5367
3815
6651
4717
5191
1782
4214
4360
5243
4660
3056
3822
6404
6406
1098
3562
3299
6557
3302
391
388
6275
5965
384
2020
3593
6912
3592
2809
2049
613
374
7075
5835
4444
5011
641
356
4038
7069
1130
6457
5024
4522
2012
4564
3613
5956
4918
1027
6617
2136
4925
3657
2108
1487
2851
4481
2094
4486
3291
4505
530
534
2190
2191
4951
5304
4332
6635
2194
4501
2064
6788
5950
6550
531
5025
977
1630
5528
4204
6875
3776
5349
1256
6045
1844
4185
189
4343
182
5701
1829
5699
2414
6048
809
2988
3447
6698
1082
5353
822
152
4656
828
1809
831
6948
5797
5720
1492
6261
4424
5033
6644
1232
6692
4420
4789
6018
1905
250
5526
5336
6019
1889
208
6843
751
3768
6040
3510
6841
737
6385
6458
1887
3217
4270
3232
5246
6874
6943
1184
6268
6639
6928
6920
4241
5325
5504
1230
1227
