5467
7104
7100
7091
5685
872
7102
3993
6849
879
405
312
1649
3110
6157
1973
7108
4380
3018
1491
2859
3700
613
5646
871
4814
4813
7106
7109
274
4389
5322
5031
330
6330
971
6834
4735
3992
7103
5688
5120
5681
5707
401
4733
557
4730
329
438
3997
5328
1722
876
5700
3994
5461
6844
3685
877
3725
1641
6772
5096
1523
3014
423
335
400
331
304
5052
3309
6868
7107
5645
408
214
308
5365
908
897
6106
6776
1030
318
5036
2855
4111
2339
4819
4948
1205
979
6384
6204
31
4562
5724
1528
4558
3990
2890
3119
5129
6186
5057
6488
2236
5469
3125
5142
6207
1644
1490
888
80
4364
6915
6633
962
5407
2467
5320
3300
886
4556
5611
5673
3126
6332
2473
4865
5321
5433
6881
302
5463
209
3595
856
471
1748
889
1678
6359
4732
6426
6843
5720
3268
7097
3726
1520
5128
1316
4793
4306
5054
7105
2856
1035
6749
6602
6205
5741
2758
5520
4220
3493
5616
5722
4942
353
205
5723
6105
2646
1495
3059
215
2464
4860
4520
963
978
4473
2661
1215
1957
785
5735
2927
7065
2895
2238
5055
306
7095
303
553
757
4357
5356
834
4818
2020
2417
5975
3871
4804
3859
2052
388
6040
3991
2099
787
3728
6619
4816
2594
2460
2017
5615
5464
6822
5949
6912
3727
2411
2607
2476
6635
4553
2468
6970
3011
6098
4973
5104
1218
6229
207
6571
4415
125
1315
1640
4413
3308
2147
6585
1029
128
3017
4432
5122
2897
3259
6092
5121
5368
1244
5030
6382
554
3114
1643
6202
6159
6605
4555
1273
5272
4635
6744
3267
5063
122
1646
7131
7092
1252
3111
6759
4073
5090
4550
5124
2470
1952
2875
597
5529
1940
3867
1632
2898
81
87
1277
658
3121
89
6386
1959
3120
5802
3746
4734
6783
5106
1635
6334
7101
4729
2539
2517
1726
874
875
6515
2804
6517
881
6519
3062
6287
2015
6918
212
5613
1799
5222
6984
1039
4567
1796
4873
5424
6920
5203
6611
6607
1021
3010
3999
3501
473
2275
2471
5266
2416
2511
1688
2239
187
5325
489
2092
1201
6307
4256
5326
6131
5462
479
478
5817
2095
1450
4552
2807
838
307
3959
3016
5267
1498
1522
2014
6321
2019
3122
2988
2016
5276
6195
1990
3118
3109
2518
976
3858
6152
6649
6502
6053
1720
6512
873
6513
6117
1087
1084
3433
3598
1046
1802
6629
6624
4863
6071
3512
6101
965
970
5394
973
975
1757
5127
5022
5035
1630
1936
1319
1313
1311
1633
3729
5098
3724
6755
1275
4737
6473
4739
1645
3684
1257
4787
3254
784
1848
1669
1209
6043
1208
6656
4784
4736
3674
127
5630
4174
88
2419
315
4138
399
301
4265
129
5942
7094
294
403
4275
406
5702
2094
5740
4346
5686
2145
4238
2133
2059
6926
384
4528
2301
2144
4360
291
3481
276
974
1014
5385
4825
6980
3564
6622
997
6610
964
3485
954
6924
850
6939
2593
2598
371
4724
655
367
3740
2641
6952
3721
4738
6738
3688
332
1867
4119
4810
6041
3618
1034
836
295
6645
4447
6112
6573
120
5081
1285
5091
106
5101
1310
5726
4412
6355
6351
3138
2915
3129
43
6198
2295
6199
6201
6310
3064
6301
4369
2973
1481
1499
6
1647
2148
2332
4416
3463
1061
1067
3446
5362
3848
3414
4228
5850
183
5327
1690
3318
3305
5706
1675
7067
5032
6158
7070
5037
5038
7086
2858
5709
135
7093
5056
3853
4895
4388
4019
2514
2013
4638
402
3943
4000
4012
6848
5966
6882
6884
3856
1066
5562
4030
2798
3996
3504
980
237
977
2385
6603
6592
200
5563
1027
4448
969
5361
1036
6103
5565
211
6579
6576
5855
1769
2386
6612
5647
822
6657
6659
4811
4554
2692
296
789
4799
568
5977
6724
4113
3679
4118
6652
3594
6646
6074
4232
4166
6069
4862
6630
272
887
2412
5894
3579
2097
1829
6644
404
961
1724
2809
4971
3116
2922
1376
6350
430
6352
2226
5150
6367
2889
2878
5125
4321
4564
2893
1318
5264
3061
1517
4
4385
1524
1526
1501
2023
4394
3051
3053
2985
6247
6290
6297
4395
1317
4304
4303
6451
5029
2178
3313
4242
1691
4560
1157
1143
5350
1136
3387
3682
182
7056
1204
4424
6436
4299
1636
5095
4296
1276
4293
6414
1254
1251
5053
1657
1663
1668
3952
7075
6889
334
208
3741
3731
6768
4685
2591
374
6812
4721
389
6764
6841
1333
73
1820
3906
78
5013
4828
895
6058
4470
4693
5045
546
577
2171
5324
2142
4250
677
267
4697
235
3816
2640
7114
1031
1979
2823
3781
6190
6827
5460
1026
2835
239
1934
2710
3926
3927
2315
4325
6821
1932
1976
878
880
6898
884
4469
2870
1206
6600
1670
2860
420
950
2512
583
352
6609
2604
1240
5051
1231
1237
2336
410
6604
966
983
968
6072
3211
1269
2138
5092
6343
5086
5608
972
6627
261
4861
5519
6625
2407
4295
5644
6595
4901
6621
1274
3723
6618
4387
7068
5426
6194
6994
3590
1860
2998
2992
5852
5238
782
733
323
2791
4559
2981
4673
2969
6842
3058
7047
1729
6339
798
3069
610
2944
2279
3001
2667
2048
2665
4386
2257
2045
3437
3019
3683
6734
2151
1946
4383
3428
319
3027
3675
2047
1527
1496
4070
3692
6559
4792
3037
6720
600
3676
188
6035
4362
1416
2090
4566
2624
5976
827
1134
6650
1133
3869
4071
6653
6047
558
6654
2223
4975
2303
313
6510
2812
4328
5739
186
2024
1033
397
5179
1958
2466
2418
6200
6658
337
4327
185
4716
1082
2829
3778
4444
180
3351
6498
5329
1672
504
6458
189
6788
2620
1727
4069
3411
3946
6478
672
2259
5011
4974
1954
5001
1202
387
1088
2154
3385
1211
3350
5002
5336
1876
3273
3092
436
2229
4590
1408
4680
