7110
1028
7115
1025
918
1021
1022
1608
7114
4904
1020
1026
4974
786
4060
5941
1029
435
7117
3123
3050
1604
4961
299
5778
5187
6366
1603
831
311
1609
4969
434
679
6076
6710
2807
3821
836
5590
1651
7131
4632
2212
4674
324
4403
3453
1024
131
6063
4970
3972
6778
5197
579
592
432
2310
3044
5970
4202
5553
6722
655
5557
5196
1600
1942
3120
1948
4965
7111
7113
3086
2174
5188
2538
3082
1036
5885
4408
2803
2675
6367
2376
2664
3976
5369
4971
6718
6293
615
124
406
3157
3450
94
5632
3385
5968
6447
6713
3936
6211
2806
3820
1023
1602
3456
3457
2586
7067
5889
1605
6296
6938
5597
3459
2588
6731
2472
4649
1937
713
1611
1015
3420
5199
3944
597
4641
6910
2596
1439
417
4861
2628
6344
193
453
2016
1601
5881
6137
1434
5783
7069
409
2843
2378
6498
5279
4968
3122
2366
2679
6881
2175
5471
2503
6050
5472
2363
5942
4721
2566
2893
4004
6717
4025
3578
138
5072
6822
3828
134
2382
3389
2842
5494
125
5846
6456
236
1134
5341
230
2361
6641
5183
3148
5554
4901
678
2895
5475
5456
4909
4573
4571
2317
2452
2320
2885
6438
1539
2870
5530
6933
3242
4250
1373
410
6439
5880
6396
6725
3618
4738
3222
5875
5194
2214
2422
4235
6708
5640
132
4976
4972
2683
2380
6580
2391
1121
6368
6346
6121
5596
5198
2678
5659
2369
4026
4000
3049
4966
5817
5636
6936
913
59
1893
1617
3602
4029
2854
5491
4671
3101
5757
835
707
1851
6824
5235
1440
2373
4631
316
6446
3442
4067
4349
2318
961
1870
4978
5637
2805
354
112
4636
5647
4736
673
1172
6926
5977
5979
2392
3443
6890
3566
1912
1858
7002
2479
5550
5348
3287
1993
4644
2904
4475
1759
2674
2614
6742
6149
2352
5804
199
4414
5816
4153
5542
221
737
7033
1745
3717
3279
4677
2682
3109
6028
4735
7112
3971
590
1115
6744
2474
3036
456
3877
414
3288
1379
3278
5322
671
439
3311
5470
431
5452
3285
5458
2659
5391
6711
4028
2177
5323
2871
5180
6832
27
5694
6828
6532
1747
7128
6126
4361
4003
3241
2880
6475
6807
646
4419
3426
6025
4473
1763
5973
5722
578
4021
577
3451
6747
2123
575
6536
5166
1071
6533
917
5184
5344
6348
474
5976
935
5545
4256
6924
5519
2370
6922
3637
283
6921
3561
6919
6917
359
6102
3638
3115
3755
289
2372
2804
2825
1918
3783
1019
3792
2583
1653
3021
7070
1017
2577
2593
1878
3625
4975
6932
323
5910
2802
2563
735
110
2312
6287
2393
116
4643
1606
6905
4125
2086
3545
1940
3849
4697
2355
727
6800
7161
1743
5383
7135
3046
2359
3751
6471
3609
6531
1949
220
6946
6212
3955
6043
3124
4138
2654
5150
3043
6395
3274
6128
4367
3730
3369
1589
4640
4164
270
5796
1767
5872
5580
6963
6204
3340
3145
5807
279
6029
2594
26
3975
6081
2209
2195
2194
3923
2193
4701
2888
596
1746
7090
7059
2269
83
436
672
4284
5451
5447
4330
5099
3553
3472
4066
3161
3411
1869
1483
7119
7121
433
4023
377
381
5226
5219
6138
4053
6426
4306
779
6583
411
5125
5635
5304
419
6568
4308
425
5189
2809
461
6872
6240
2619
2023
4991
2130
5268
3226
6934
3579
5887
5441
5186
3149
3221
2126
4020
4656
4259
7050
7077
2125
6941
3455
6927
1446
2266
3230
801
2436
6140
4619
2396
2456
803
4729
4715
3275
6573
5182
712
5253
6136
4778
6120
2457
2262
4678
4607
2332
3114
635
5325
2379
5248
5347
4648
3071
629
6208
711
785
4700
1768
4902
1974
6976
1117
5079
281
282
983
4201
869
2799
6947
98
3606
5535
6942
321
5097
3565
5517
1849
6920
86
6408
6911
5490
376
5610
6907
5483
2617
2781
2780
5826
1874
2739
5765
3791
3762
2742
1014
1646
3754
3753
1013
135
3752
5801
5482
196
5808
1619
5759
3718
227
231
232
235
4139
111
5824
5825
4148
2600
4071
3536
5644
6901
2081
3928
6001
2506
2874
7144
2884
535
1083
2197
2900
2211
4406
4409
2169
558
2217
3316
6503
16
3939
3312
6741
3945
3283
6511
1091
6214
2653
5385
4453
907
1102
3432
455
2157
5655
4336
2836
5651
3458
2537
2828
1507
63
3528
5476
6900
4900
6869
3810
5657
5414
5132
1465
53
467
4005
2687
2721
2714
6341
5061
6322
1249
4983
2676
5002
4985
2616
6356
1119
4979
5001
2618
871
4696
6437
2844
2847
2849
4888
6449
5143
6461
6435
2872
2475
4811
6206
6216
6215
4835
5168
6213
2877
6432
2819
1159
4973
2748
4967
4962
6560
2435
2610
1131
6145
4703
1135
2795
976
6400
969
837
6548
960
2564
2433
2794
3363
6839
412
6896
405
404
403
3518
115
1702
2089
413
2080
3541
1872
2071
7075
378
2066
6912
3554
5492
4288
415
6893
421
5998
3431
7124
7039
6843
3857
3438
2135
1468
485
3447
3448
476
3452
6867
2122
1857
2120
437
4057
4058
141
5506
5895
5615
248
4142
5595
233
1913
222
4129
4126
7016
3732
1916
3735
1945
1919
1924
3749
5798
1933
7028
180
3758
250
5650
3797
1586
6931
145
5533
6937
3581
5888
5534
2021
317
2019
5882
6944
6948
6949
3620
6957
2014
5539
285
148
5845
4157
1449
1925
6000
1761
1772
1754
5275
6070
684
5674
676
3979
3922
2283
5328
1360
4592
5336
3228
3419
2264
3994
3254
4543
3150
4542
3146
6078
3950
1769
6122
5207
3079
3081
4668
3100
6598
3947
6086
3973
739
734
4647
4645
1765
725
3974
2350
716
3144
634
3229
5662
7126
1403
1404
1409
1742
3394
5703
4472
5345
6003
551
2184
1415
541
2189
2225
1400
6748
3400
1378
1384
5384
6709
7134
1443
6813
516
3907
5719
3280
