7139
804
6742
7137
2878
5238
806
802
7138
1578
3267
7034
358
844
2638
3363
3303
885
3533
2336
3028
848
1718
800
807
1689
841
1211
6824
4437
2706
5680
1570
4434
3565
7116
845
5685
1969
2233
4436
5678
3360
5967
883
6827
2235
359
6910
3805
2415
1548
1024
4438
7094
5381
5899
1574
5781
6267
2127
1577
3362
1679
1809
3109
314
6741
1713
1711
1189
4824
6348
2696
4222
3084
2180
375
1021
4435
7133
1965
1571
3436
1731
874
1640
3491
4721
6397
2234
6263
437
6885
660
3521
6326
3308
5960
791
1107
7130
3421
3800
3213
3981
5879
2325
1700
6745
3808
4503
6662
5577
4506
3427
326
2041
7031
6701
808
553
4366
3265
5037
2598
6847
4353
754
266
996
5460
929
3305
6905
1020
4261
7132
794
3083
7032
4074
4555
6826
3930
6294
801
803
6932
3806
426
1538
309
1966
3268
6666
657
6045
3724
4443
6664
1794
2798
3996
4316
3803
4500
4504
4297
2943
3448
4432
3694
2060
3933
403
1101
3325
5878
4120
2708
5800
3364
1628
4557
1460
6914
3161
919
3907
4777
5002
2005
1685
6003
378
6724
3882
1715
2016
6723
7036
2661
512
4867
1825
5233
5657
2238
4386
6911
6901
3742
4354
4726
1860
4180
2231
2634
5482
6831
3366
5059
5089
2772
5996
1967
3316
5852
1128
380
4329
2734
5573
3428
4336
1183
5665
1937
2705
2699
4402
6933
1934
4829
5079
6929
3571
1156
5529
3716
6919
253
4359
167
34
4538
3522
6747
5314
7141
7021
5817
1739
1477
3962
7111
92
3939
1647
5706
2364
4975
7071
1705
4570
6355
6223
3120
4701
6936
3022
413
5666
4840
1704
3029
2008
4129
2711
252
1681
384
6806
2028
3974
6751
4539
2738
3425
825
2049
6941
5579
2018
6755
3322
1683
4403
4474
5011
3365
6589
3597
3099
30
7149
2232
3367
3095
2632
990
3369
1572
779
6843
4367
3385
5890
2630
7098
3602
3609
5717
436
3978
4223
6926
6293
5234
4823
6896
3574
4817
5658
796
3158
4558
1022
790
3087
5001
3566
4226
1257
1734
4020
873
6792
4505
2877
2879
1251
3527
6435
3804
316
5820
3802
5815
6967
4449
4871
3720
3801
6665
4313
5686
2888
4865
849
3440
4439
5503
1792
1335
1730
1933
3778
3263
4903
4293
5036
3439
1978
3809
3758
876
5155
474
3755
797
5655
3920
6109
6738
4356
3587
2129
1799
6916
5171
6917
2815
951
5270
5889
2198
798
1600
1539
3932
6725
1023
1807
7136
517
5776
4989
6112
6985
997
6266
3368
2170
5898
3754
4552
4239
6394
3098
664
1886
3479
2230
6208
6626
4607
6968
6731
6087
3437
5263
5346
1797
6759
2109
6716
2331
1932
5793
3423
4846
4081
1979
4404
3206
3189
3027
3814
6368
5426
3807
3426
1719
3523
2380
1682
5854
3304
6952
3200
1726
4224
2043
5675
1619
2251
1712
3309
4400
5052
1651
6171
3434
3459
5175
3294
6661
2980
5997
872
1928
6537
3458
4531
351
5415
5850
5699
886
948
6800
3438
6709
640
4294
4355
2460
557
579
6707
5119
5844
5787
5174
2535
3469
605
606
846
2549
4277
4251
3563
3429
5689
6703
2237
6746
789
666
5151
6715
3454
2419
3445
5816
2392
2390
5788
5876
4116
2200
2893
6128
7002
2920
1336
2924
1344
5436
4507
1738
1737
2945
4631
6356
1717
6122
5418
234
4475
5561
4422
6945
3696
6949
3699
317
3300
1925
1217
5492
6043
4878
4904
255
4024
1716
3208
6344
3086
7134
7140
7143
7146
4564
3150
3100
7147
6264
1513
7161
6220
1526
3122
3868
1489
6281
3921
4537
139
5022
7090
115
1433
4548
2017
1434
99
3051
1617
3938
4551
1607
6290
3050
2019
5769
387
511
3589
6872
4179
2709
1084
5200
6883
2107
6585
515
2697
505
4381
6931
5952
2692
2691
5947
1068
5077
5072
5237
5599
388
391
2136
6852
4164
6857
393
6902
399
1105
4811
5085
401
1104
2193
4166
2188
2183
1646
1635
3826
1662
3850
6623
1431
5112
2236
926
1026
6301
4212
6286
6239
6244
6245
6226
776
2197
3899
981
5780
5884
2182
2179
6205
5785
6279
1667
4177
795
6201
6287
6327
5922
922
6536
1811
5966
1841
4122
5891
3753
6641
6038
6454
1219
1212
1206
2267
4766
1944
6012
4849
2284
5065
2048
1147
2000
2002
6496
6120
814
5959
5027
1674
1684
1028
5801
1688
823
1696
2332
3671
6157
2128
1706
1044
2123
2119
3810
5877
1729
1732
4941
1064
2252
6370
6135
905
1791
4901
3489
135
6922
2925
6783
5659
2923
2797
5475
214
6966
4741
2987
4729
591
2550
7131
6965
5236
5249
5450
2867
2635
6906
2695
6834
5654
3418
513
502
2677
2951
7030
4333
4327
7114
4325
2957
346
3432
5319
3424
4550
5256
472
609
7023
5487
2531
5687
323
353
3168
5554
3301
172
6920
328
3251
3023
5195
4278
4573
2456
4609
538
4606
7072
5495
3115
2612
5385
7
371
6939
2739
4652
4433
136
4693
3201
763
750
2613
91
268
7095
4567
4492
5709
2700
5541
3456
2431
5597
3209
4535
7154
414
1686
6449
138
2778
2145
516
1710
3969
6582
2948
2195
1708
140
973
6594
2777
6889
6598
5429
5421
1701
3203
6587
6350
3205
2776
4523
2988
514
994
6908
1773
2754
2702
1316
3336
3254
418
415
1793
4491
4004
4842
3332
5239
6123
4705
3661
5461
3257
5571
3319
4111
6388
433
2042
1805
1802
370
1106
1800
1103
6502
5076
6378
2698
5637
4821
4848
3225
5923
1735
6083
1733
1029
5471
2668
6946
1359
5039
7025
5609
2124
5283
6377
2010
5949
3633
5449
5235
6367
3774
217
5278
6923
1337
210
5087
1062
2770
3698
2199
3447
6764
4973
7135
5701
831
4298
1498
3871
6040
5702
4292
5703
3516
5252
1210
3442
5366
2486
6667
7123
