7138
2235
2878
2236
804
5680
848
5270
3363
2014
6824
3368
2233
3325
7137
2210
7136
6747
310
4552
3491
2127
802
3574
1685
3361
3323
92
1682
2128
3571
7030
2013
4224
4222
7139
437
1683
7098
1577
2135
2237
849
3558
3308
841
1686
800
1644
1689
844
5685
1570
1681
5899
4226
4223
5894
2234
1538
6742
2892
840
2012
4564
6263
4437
3364
5599
5381
3537
2231
3028
2814
845
5287
4221
2015
2133
2016
5094
384
846
3332
3337
3268
3362
7097
3141
3158
6266
7034
1571
3360
517
6749
5052
6108
1760
2215
4278
801
4225
1578
3269
320
6821
2238
981
6827
95
1687
4532
1696
5709
5706
3534
3533
581
314
5844
690
3336
3303
3365
2049
238
5422
2124
6755
3322
2042
3326
3532
1962
5002
7135
7130
807
2932
5059
6759
2936
4566
5400
371
991
3335
353
7091
6917
5967
2129
323
7047
1700
3932
6834
5613
1688
1684
3570
2661
5770
5750
1976
3267
7132
375
1532
695
3725
1525
4231
3301
2447
1587
3458
3367
3627
6665
5615
5846
7148
6989
2638
1734
5960
3025
1693
2893
2229
3151
2708
5595
3830
2674
2017
387
7039
6267
4174
4744
2933
3340
908
979
4166
1698
3389
2019
3595
5646
5429
5593
96
1890
4533
3380
6620
3320
6848
4714
4229
4831
4117
5898
806
2367
6294
6331
4864
1965
4162
3530
5069
2163
6077
5075
7095
2867
3538
5969
4838
4729
1731
7076
6661
5893
3223
7031
7041
2139
5415
6980
236
1496
3304
5597
7035
2931
1647
5389
4012
5407
982
2935
4197
2360
2498
5924
3700
5223
3306
4111
3632
6981
5883
4474
3805
316
6825
6053
3714
1765
5461
5215
2089
5022
3539
3540
4443
3633
1735
3266
2121
5542
2126
5949
4631
2116
1335
377
6668
5658
1574
3213
128
4551
127
5643
4548
5666
3150
6709
1211
6664
6988
585
5752
3450
2709
3728
4802
3261
103
2018
2468
1894
7038
4862
4388
5233
6662
4800
6105
2068
4765
4235
4833
4380
2818
5263
909
2934
3986
5037
4374
3719
4975
6338
6337
2488
6335
4305
6310
6985
6301
439
5225
2816
758
3148
3451
6729
3489
5316
5310
3260
4273
3853
808
6225
3084
3423
3083
5363
6744
4545
2230
1238
1236
1632
1221
5655
1215
5741
2672
2180
6826
1189
1713
5112
1156
6939
6846
7058
6933
5678
5886
3798
2218
2214
79
2212
1034
1979
232
3321
3791
963
4547
5694
2865
5460
4711
964
2670
3783
996
1740
3334
3385
3452
2879
1143
4558
4686
2982
5145
1572
5679
4541
5681
1933
657
6587
5720
5660
697
4839
3578
3694
615
3593
4537
6436
4277
4230
2798
4279
4521
1548
923
703
1628
4689
3548
4979
1809
3800
1409
5386
1436
3516
1997
5436
885
889
6052
2941
4434
2940
6064
6106
6066
5208
969
2929
4929
3634
2213
4300
1526
5594
5592
1701
1702
5239
3552
4562
1519
5098
3717
6262
5942
787
790
3708
5087
5570
4922
5364
5365
1119
1694
4803
6885
2632
7075
7062
6941
3328
3327
2618
302
115
7036
2684
140
3324
3996
4077
2679
6914
2594
6960
4020
6923
6945
233
370
6776
99
6740
4
7120
7122
382
4068
750
2357
5716
432
5735
6731
3920
5753
4524
5776
1148
744
2980
4311
5676
4561
5598
6929
231
6345
4555
5644
239
2148
6925
6313
4549
2976
3315
2374
3000
4329
1128
929
3033
5981
2758
1020
5989
2253
1031
6789
2257
6786
4441
4386
962
6134
875
423
3547
2739
798
4180
5851
2336
303
5854
343
307
826
3817
3329
3549
4115
6816
6828
5576
5487
214
7104
4731
2868
1744
1969
7078
4726
1718
2631
1712
7074
3971
7072
7071
1695
81
1690
5063
2860
4734
5041
2
3753
4837
1938
7141
3721
4867
7133
91
3716
4896
4897
7131
2812
4989
2658
5027
5038
2815
5573
5118
5141
6968
2790
2665
4026
6952
194
5450
4614
5483
3626
5485
698
1388
2780
205
4565
2123
5338
2061
4659
1515
4713
3756
2621
3265
1614
5204
5206
5209
4724
2613
5277
2033
3988
5300
2912
1537
5322
2045
7032
6694
6643
3939
573
6663
4239
3849
6418
3850
529
6363
3854
6588
4228
6493
3848
473
6566
474
4227
3410
3424
4248
6559
5756
3126
6843
1157
2767
3124
5781
5755
5701
1213
5579
5580
3425
6936
612
1315
4557
2675
5661
5663
2977
2979
2774
5686
2165
5703
3583
4275
5865
3016
309
985
977
3535
973
965
666
2754
3803
2401
3056
919
4415
388
389
900
6764
886
6040
990
2259
994
4472
3553
2232
5946
1057
5952
3550
3123
1103
6666
6667
659
660
3541
6020
2756
6031
6032
654
5575
595
3602
2866
1730
7081
3161
3706
2630
1697
5077
6579
7057
3698
4725
5115
5120
3976
557
2660
5058
1769
7115
4806
2706
3751
4777
7151
4840
7147
514
1859
3720
1853
2844
2848
2856
2857
4232
5046
5143
3274
6571
1640
5368
4004
5375
6967
3421
5406
5425
3778
195
5440
2945
1433
2786
4385
5466
2122
2125
1491
5574
1511
4668
1995
2620
2008
5200
2616
3984
485
1583
133
139
7014
4680
5283
3146
4674
4671
2443
1514
876
4293
3453
4206
411
812
6748
4308
2510
3117
6333
2344
6305
6359
809
2325
4302
3454
3455
3828
2308
6705
2385
4350
762
6191
4322
4171
6293
461
791
2397
3874
2366
1253
4234
3790
6911
5693
2430
2563
1729
1310
3704
2561
4544
1269
1295
4237
2151
1719
5670
3312
5671
6468
1711
694
416
5090
3110
5639
1726
472
235
3129
1394
3217
6334
4503
1149
1147
3125
6845
823
3710
7116
639
5040
2858
6621
3564
6832
1789
5850
6831
1953
1100
5870
6847
1160
1168
6849
6462
2772
4535
7092
3702
3851
3293
1219
4083
5729
5711
6611
4531
5080
5738
4525
2181
5754
1186
1184
5758
5759
5081
271
3310
