7140
3589
2772
3581
3580
3587
3588
1933
2770
3582
5225
7144
2778
6394
2777
3210
6398
2776
2738
1935
1876
3250
1939
6692
3212
1871
7143
956
6391
3772
4212
2668
6908
2771
5217
3586
6393
3208
6123
5431
7129
6524
5222
3214
2565
6112
4329
2773
3764
3584
3254
6792
4987
4985
7120
4051
6179
3218
1511
5223
4182
3217
4181
3209
951
5910
2483
6171
4776
954
4745
2320
3252
3232
3207
6282
4742
6286
1934
6177
2779
5607
3258
1872
4774
6422
5212
985
6395
6671
2761
6281
4258
6110
6003
6914
1936
955
952
1932
6874
6480
6953
3742
2506
6466
2910
4353
1240
4984
1875
5216
3062
2418
3204
3215
6284
4209
3200
1879
2775
6556
1073
5842
6879
5207
393
6470
6222
1255
3228
6397
6392
4210
3203
6948
316
4279
1870
5170
1902
1243
5307
3510
262
3907
2414
4027
6791
3583
2307
9
2247
3947
2243
6175
6678
2736
6576
2611
2620
1095
2162
4893
1873
6178
4254
6276
1696
3107
6796
5767
4988
3195
3201
3049
6091
2627
1069
3206
1477
1627
6559
3960
2246
6176
2173
4278
5246
4570
5616
7024
6697
2477
5836
3471
6727
1515
397
3883
6221
2556
3513
2624
5437
6952
4747
6509
6002
4020
6220
255
927
3887
6032
5827
4179
5915
338
3757
3914
3243
6271
3299
6254
3219
3562
3552
3896
5844
3882
1124
1848
5011
152
6551
2730
4777
6891
1104
4946
2562
6520
6864
4983
2490
5074
2302
1471
6767
6774
5042
2325
6797
6320
2774
6526
5392
4213
1783
5691
2021
5680
1813
4277
1912
1245
2941
2935
2878
391
6476
4574
5311
4618
4
5305
3884
1389
5038
7164
3928
5117
5940
5166
5309
3986
5129
5824
4022
4187
4189
4192
4207
731
1472
4280
5625
4605
4021
5838
5871
5460
4052
5905
5906
5438
4032
5435
4031
4859
4390
6288
3843
6500
1787
2817
2828
6486
2832
6475
2934
6425
2963
6421
3044
988
1707
3103
6380
7086
1064
6283
1065
2665
6938
1986
6928
6913
6910
1198
6850
6845
2309
6807
6798
2471
2481
2482
2501
2507
120
1874
1518
2912
3255
3762
1352
3489
1475
265
1357
6124
7142
6119
6004
6218
3251
6116
6041
1143
1479
2485
2417
3673
3985
737
2584
2626
4024
4856
565
4852
4822
1351
5007
3696
5033
3885
1915
1914
5214
3776
5211
2028
1246
1474
3674
2049
2190
5120
3933
508
5050
1181
5039
4788
2311
1220
2720
1829
3577
748
3100
980
1780
4219
4217
4088
3257
3171
4057
973
3191
3194
3202
4185
743
1547
3213
4170
1516
3187
4025
4056
2938
4029
739
1053
3512
4554
4479
642
4050
4438
3476
651
2847
3491
2872
4397
2883
4395
4392
4391
3881
3504
1916
1382
6326
6215
5245
7081
5418
5463
6453
6118
6467
6113
6101
6067
5522
6949
6937
57
6934
6048
6755
5912
5773
5916
129
5743
6217
5658
5995
6007
6528
6912
6513
5567
5983
7097
6724
211
5301
241
7126
4503
3770
4492
3771
1225
1067
6558
4517
4450
2742
6566
2187
6882
4404
4402
1431
4398
6878
668
142
6541
1456
4533
1041
5851
2812
4648
212
4642
1052
6496
6508
4621
5559
3688
6918
4577
6916
3691
6044
1451
2067
5204
2091
5986
4532
6306
2677
2409
4198
2426
5913
5790
4183
5218
2470
337
6691
5830
6756
118
5257
2489
4127
5834
738
2520
4082
4168
6307
2625
465
6575
2248
2250
4356
5653
2252
2257
5277
3893
3895
3897
6600
4270
3941
2633
4240
2629
4229
2312
3963
3965
1199
56
6933
1807
1812
7065
3347
3333
1820
1629
2939
1824
18
7082
3231
6234
6408
2932
5049
1810
7044
5031
1006
5005
3031
5417
7133
4986
5430
3001
1684
1004
5439
7076
6424
1309
6154
1739
5180
281
6429
2900
5069
6954
7168
2826
202
5517
6219
3184
3576
5063
7139
1614
3298
3064
3564
5323
4760
2818
3244
5469
4762
6223
1622
1623
5872
751
6388
3439
5876
3438
3101
1126
259
3345
6406
6308
334
2647
4023
329
2557
958
2615
3996
6675
2544
5923
3313
6420
6672
3038
121
131
2541
5958
3186
3030
1062
3566
2891
2890
6464
6304
1057
3248
6115
6111
6378
2845
2838
6277
1051
6490
6060
2810
6050
3660
3650
3633
6290
6549
3768
6238
2924
6170
3891
6152
5988
6128
2961
2684
3864
2711
6571
1009
1096
6568
2945
3517
3830
2747
2753
815
1070
3521
1068
3777
6021
139
6400
2412
742
2023
5030
5563
1241
2084
2102
5370
2145
1630
4500
1229
1628
2166
5592
641
398
1224
4454
4444
5048
1826
1214
4418
2194
2213
5413
2240
1698
5433
5466
4855
7022
4842
7020
4882
4823
5503
4883
6979
4894
4931
4815
4936
1911
4937
4948
1919
4781
1931
4771
30
4736
4732
4981
1701
5111
4439
4858
4205
4214
2473
2339
5748
1172
7146
5189
2459
2453
2449
5186
2373
4396
2390
1363
5764
6784
706
6812
6824
5168
5162
2502
4123
5122
5634
6855
1423
4126
732
4156
5215
4158
2300
5126
4161
3205
7124
5145
6338
1821
7165
1428
1816
7070
2944
1007
1453
6330
6373
1540
1714
7095
7093
7100
1578
6402
1618
3066
1620
1330
1510
1625
206
3176
7136
3180
6411
1638
1641
1642
1648
3035
6
3033
1689
3007
1473
2969
3
1682
6488
6455
2305
6833
2295
2656
2285
2258
2251
6856
2244
2242
2681
1207
6888
2740
2170
6828
6898
6826
2334
6696
1134
6749
6759
2552
6695
6766
2447
123
2574
2393
1109
1108
2621
6673
6789
1221
1222
1074
2504
1967
1040
51
2825
6482
2835
6951
6966
1891
6973
6481
6976
6469
7018
2000
2816
2815
1259
1223
1227
6900
6538
6536
153
6519
1827
2046
2040
1247
2029
6925
2026
2022
2013
67
5249
3312
6310
5810
5793
4201
4202
5761
5749
700
5738
5729
4222
4247
5698
4273
5672
5665
5655
4382
5639
5631
4393
4416
4417
4419
4430
