595
7141
6155
2191
2195
3529
2192
4360
6001
4453
700
5543
4585
6006
6963
2190
4450
1778
1486
3745
5427
2629
160
4008
5150
6009
6002
6390
3415
1119
2196
1459
4078
2193
976
2601
4001
799
3562
2443
2620
950
3412
2609
4615
4588
2197
6346
2622
4587
1110
4003
4581
5028
5300
5069
1934
169
4887
1352
1904
4005
599
3958
1424
4089
4178
163
4322
5116
4589
3585
5267
5778
3050
4582
5026
3976
4692
641
2194
602
6341
1480
6948
3563
5446
2909
5576
5439
2262
5112
4583
3463
6125
2624
5232
4482
2625
1940
167
4451
594
1700
4006
3057
6887
5725
6035
5554
1580
6008
7142
5560
3310
4000
4712
6962
4599
5147
2023
3133
173
3372
6413
1383
6308
6751
2449
4056
5115
6817
3323
5563
1398
3462
2977
1392
497
6743
6128
5058
4974
4230
3757
977
241
6927
134
5570
4696
139
732
6003
7143
391
2099
4690
5569
83
1854
5575
2199
4553
3280
5893
6004
4591
6318
983
7041
5851
6343
2908
5397
1676
833
5665
2608
546
2447
5545
5770
5573
5553
2504
4596
4369
282
943
946
4202
6910
5558
5391
3770
2446
6126
4984
4237
3178
6924
6334
1417
591
4679
4969
4019
5792
6521
7156
1353
3182
4248
4759
5732
1532
4726
1221
3373
6196
1225
749
6722
123
272
6321
6993
6098
6231
2628
438
2084
4155
4768
1865
6206
273
5798
791
2229
1401
3558
3950
7002
5111
3778
1452
1463
336
1949
6889
5119
3417
3698
656
561
493
6902
796
6074
476
5777
2714
6342
4695
667
2254
2623
6311
3188
3135
5540
1702
4978
5971
2200
4332
204
4580
7149
2594
2491
1243
2497
2164
5574
6007
7129
5734
6000
3732
6270
2186
3259
6303
4004
4542
166
5719
222
5979
2444
975
2448
2208
1246
952
4592
6366
1376
2441
5695
22
4194
4186
5542
6538
590
1641
6302
5404
5166
2355
3399
6345
6153
2088
5410
4216
400
5324
1340
507
3347
731
1566
3315
733
382
4361
1113
7127
5625
554
1248
2828
2900
592
1695
5222
5521
1864
2201
4959
6609
609
576
6903
5586
4911
3460
3426
1682
6402
3418
662
5853
5551
3773
432
5694
5260
2198
2478
3414
3317
4084
3538
2993
1370
5525
5117
795
1021
4833
3285
3688
4365
4884
3242
5020
4247
5106
1006
4881
4831
3249
4972
7078
3052
5744
843
323
3835
242
1937
3489
4609
3502
5470
3381
764
5060
1357
164
3865
2367
4597
4241
4188
5430
5905
3605
170
4457
6957
1385
3464
3322
1377
1683
5579
5642
4486
1397
1399
985
6092
5844
6404
4085
1467
4480
6362
4046
908
4055
2445
3996
2160
3518
1245
1396
3520
1400
2611
652
1709
1124
4024
6890
3444
1419
1420
4023
3387
4137
3954
772
3948
4677
1086
3385
5509
6672
736
5567
4158
4546
4009
3546
5094
4160
2819
6344
4420
4313
3527
5643
4717
6724
5392
825
1426
4033
3325
3466
6859
3750
4232
3532
4002
1769
4710
1144
686
1409
793
2774
6646
3225
4598
648
1489
5736
7123
5245
180
1887
5539
6117
243
3191
5773
1535
3174
3577
2259
3592
5025
4197
5421
3186
189
52
2904
50
4219
3131
471
3051
7118
7117
3734
2322
4923
4214
7148
2872
2038
3401
2034
508
1931
356
3656
3657
4381
504
168
3652
4952
2008
2978
6512
3123
434
6915
1777
658
3297
227
2910
2991
4711
6913
4280
3179
345
2075
342
5018
246
945
3519
3725
4254
1591
6814
6133
3702
5541
5940
2791
4792
5482
4073
1231
3893
1947
4028
6754
904
280
4807
6884
2639
3993
6561
1541
3282
5572
1198
2946
757
6634
7125
371
3965
3816
5101
6632
6633
2068
6565
4212
3281
5722
6120
5010
1117
4149
3465
2157
3692
5726
1785
348
1838
2627
275
3763
2279
1707
4389
4691
2477
58
6770
4310
2495
3556
3752
4715
5814
1674
558
2509
560
492
491
1602
5776
1948
490
3738
3772
2588
7131
6969
6112
1148
1890
6933
6566
3721
3459
2688
5037
2586
4079
5273
2252
2563
3733
6959
1623
3755
838
4891
6150
4745
5310
4081
2440
6952
1986
165
4743
5272
4010
6680
6599
2168
3825
3183
4965
6357
1356
3055
7110
1895
3311
3413
3929
5196
6028
5395
7076
86
2409
6005
4657
622
7074
3334
3321
1451
2336
5199
4124
6396
3180
4168
6917
6916
3167
3928
6309
358
2825
6721
3530
2823
6606
597
3078
2596
4653
607
1897
2597
3927
2906
4052
3576
2826
328
616
4315
3557
5163
6720
6114
3524
6238
4147
4324
2227
2189
3873
6810
5923
302
3389
6011
3319
4540
4970
7075
1087
4979
4977
1084
138
5526
1981
3314
1982
7109
1341
1364
1672
5565
7097
3306
1073
4013
2554
5151
1029
5143
2404
2578
3073
6067
3080
2221
4983
4258
2381
4145
4618
6651
6964
5491
4142
4025
5172
5992
6501
7056
2626
4182
6750
936
6122
4205
6367
4987
247
124
1375
127
1103
2614
128
5757
6299
1106
1351
6824
7160
1698
3328
4126
3922
2325
5800
703
3947
705
412
2930
1455
5186
5294
1468
1469
1704
2011
5064
1899
398
1213
5189
5548
5169
631
3393
2878
1483
4163
5394
5550
4716
5855
2894
654
4725
6103
5528
2350
3578
2462
5451
1446
1460
1896
669
2463
2808
6998
572
4918
1484
5187
316
4936
6022
3553
6548
4161
1601
2458
2032
3337
4496
530
3730
4135
341
6597
7025
4458
3972
4176
1407
596
1863
1898
615
3735
4512
5720
4516
5696
1885
3453
4086
3598
830
4317
1723
3526
6587
6277
1176
630
4088
75
739
5193
3661
378
2209
377
5794
1834
1427
7146
4316
3566
3452
2076
6349
2949
4971
5478
6863
624
1414
4133
2078
5412
1882
2490
3595
3468
5820
5307
6931
6405
3754
5535
1056
6158
1605
5459
3160
6156
6380
3181
1287
5458
4012
3641
