5851
7141
4006
3945
4003
5069
5509
2945
4005
4653
4125
117
6231
602
3133
4160
3582
4085
5300
1357
953
4652
3511
4657
914
3463
5112
5483
4122
5028
3295
5807
3464
4086
4004
134
3372
2756
4008
1420
4001
6155
3225
5115
3469
5810
502
1428
5434
1631
6224
1358
2270
5584
2906
1352
3533
950
178
1230
5027
6588
4615
3090
5023
4619
5793
1339
3880
2497
1191
7129
4258
7148
4918
1119
1022
799
6206
2401
3518
3462
3095
2121
1383
3887
5695
5696
6222
1351
5840
669
6751
6270
3461
6346
6221
6721
1886
1670
1477
2258
6729
2751
4482
1789
2586
5397
7125
5395
6959
6727
1199
4975
5791
3315
609
5850
3823
3347
5801
1340
1353
3928
6561
599
1355
590
5558
3400
2191
1363
1347
6528
7146
959
651
652
5798
6548
1348
4650
6123
3131
5846
4974
5024
262
601
6893
5873
3546
665
3868
1949
5145
5859
6778
561
3135
5855
7120
985
6785
4009
2819
6585
5563
4147
3328
4293
4205
2679
6464
6325
139
5697
6341
4137
4024
1463
4023
2782
1460
4454
506
6011
5649
791
5331
4089
2458
1400
2620
3310
6985
604
6953
2780
3763
6202
600
3236
6933
3244
1928
594
2793
1918
6466
2772
2908
4278
1005
2331
2279
2276
349
4000
4435
4021
3606
4361
6323
328
4248
795
6525
4658
2588
6701
3410
3867
6522
2733
3824
6938
4074
2545
2781
668
1430
5166
1700
6845
3465
1541
6125
5948
5625
167
1473
5543
5852
1044
3
1356
18
5940
5018
1431
5640
1424
1069
647
1462
5394
393
5811
37
3866
4612
3512
3157
4611
3589
5844
4618
6520
4514
1603
22
3562
3393
1181
168
2200
4582
3132
4585
656
6390
1101
2810
7081
1467
1359
4142
2897
4179
5567
660
99
5634
5633
7149
5995
5569
6854
7143
2761
2554
7161
2584
2585
1103
7140
3987
4277
5492
4244
5795
5503
2754
4218
3050
5223
1630
3169
3164
3732
2078
3698
633
3199
1840
4885
5172
5116
3210
6220
2038
4773
2034
977
6398
5162
3517
5022
1716
316
976
5026
1108
2931
6916
5785
5792
1168
3000
1225
3688
2688
5117
6538
6001
4984
3426
3035
3949
3223
635
2742
6129
2740
1231
3044
1006
3529
2907
1161
1944
592
5602
2912
1025
4130
2902
7076
2900
4016
4938
507
1864
4916
843
3373
6584
5929
1466
110
1432
4081
1940
4959
2828
5055
5551
2814
3677
7156
6226
1110
5439
3865
1063
597
5199
951
177
3098
2129
1331
3587
4511
3388
2362
4711
347
348
3399
1756
170
4566
175
1639
1651
603
946
6818
1571
5839
3772
1553
5248
2556
5858
2029
6239
4453
1100
1675
286
1058
5427
4659
2495
5808
1674
4760
2608
3869
3814
564
4025
3151
6890
5861
793
5643
3299
3827
3193
2948
5800
6397
1243
5796
5900
5865
3948
3228
663
5809
3989
1335
9
724
5924
3864
3778
30
5699
1364
3832
3829
5691
3789
3162
6179
796
630
6117
1702
960
4630
2193
667
4613
1671
4610
2209
2227
2228
2229
174
6948
5313
4512
4027
198
7117
309
4718
1914
5011
247
3415
1885
4913
6934
1832
5147
1601
4852
1051
1053
3555
287
2021
4787
6758
6264
6267
7126
5328
4501
4481
2778
4210
4208
3468
1468
5565
4146
4145
6577
4136
4133
3662
661
3482
5607
4080
4077
6362
4033
5330
4213
438
6646
4480
6960
4438
5390
2490
4420
391
2764
4332
4317
6750
1548
1898
6344
1542
1514
1480
1476
2732
3412
3390
700
3414
3460
3441
3458
3346
3467
5944
3220
1947
1934
6932
1927
1884
1838
6920
1796
1778
1768
6821
1740
1736
1705
1692
1676
1654
1190
1184
6887
1342
1435
1437
6780
6871
1475
1549
1566
1575
1591
1632
1472
6474
2000
6725
733
3215
3167
3163
3160
3153
6521
3027
2975
2934
2927
2915
2910
814
6564
6574
838
6720
2177
2222
2285
2320
6680
6747
6952
2477
2482
2501
2672
2734
2759
6673
956
1197
3489
4445
4487
4503
4532
4583
7110
4596
343
342
4662
4683
4702
4714
304
4726
4759
4770
6234
4854
4430
6210
4388
4338
6380
3986
4010
498
4028
4048
7070
4079
6357
4148
4149
4162
4202
4212
434
432
4246
4310
7093
6327
3889
4895
4969
5560
5573
100
5694
5698
5973
5772
5776
5779
5790
7162
5819
5848
27
23
5869
5955
5920
5930
5536
4911
5535
5516
5010
231
5163
5190
5196
5198
6112
5256
5259
5291
171
5314
5316
5387
6035
5437
5444
5482
5488
7142
3884
6286
3686
3615
3565
3752
3781
3825
3770
3743
3753
3740
7041
3545
3817
607
3849
3543
655
7123
4929
4850
4888
1931
1984
1985
6927
4931
595
1933
1869
5029
5174
1062
1060
3314
1792
210
211
6813
5154
6810
1829
5066
1865
1880
1882
1887
1989
3104
3291
961
4637
2194
341
2208
2247
325
2254
2273
4574
2277
4553
2289
927
3757
2186
6278
969
4774
2035
6476
5197
3259
989
2076
723
980
4692
3243
975
7115
4674
4671
285
4769
1734
6122
3440
5971
3542
3419
1367
75
1385
1401
1409
5669
1423
5663
7151
1140
1433
640
5603
5782
54
6444
5923
3466
1241
5878
6902
654
648
6885
1298
6441
1175
5832
3524
5794
5787
5200
5570
7145
5431
1564
6065
5337
1604
3633
5312
3660
173
3661
5268
3363
3663
190
2311
5436
6914
3600
138
115
1470
631
6460
1474
5526
3577
6022
1492
3397
3396
5449
1545
3581
1547
140
4542
6413
4217
4135
2904
2680
4288
2909
6358
6499
2917
2654
4056
4138
2614
2943
2601
497
503
4020
404
6367
4331
572
6967
4313
3838
4140
4284
4195
4166
3161
2774
4214
2767
2766
566
3795
4223
7002
4226
3819
461
6582
825
4144
2736
2735
4257
4143
6342
6979
7010
4076
3885
4516
6526
4515
4484
6527
3758
2449
4458
2392
3774
3100
3077
