7156
7151
7150
4070
1176
6000
7154
1840
3285
1052
3008
7152
204
3647
3640
4079
4609
5459
4071
7153
5840
5518
4078
7158
7157
2792
1174
7019
5457
3282
445
4603
2081
4101
6270
5832
6854
1828
5160
1055
1869
5162
1656
7004
447
1054
7164
3646
1827
5454
5558
3745
5922
629
2540
1919
1914
1171
2458
1175
5446
625
5392
2819
4077
3280
6011
5067
2264
5524
7155
2199
5168
4075
2187
3644
5955
5953
5452
1263
4081
5555
6842
1287
3481
6840
4459
4607
3945
946
1056
3286
444
1199
213
1173
3869
1820
1280
6555
2450
438
2989
3482
3648
4085
3645
6235
3642
3643
4339
5418
5603
939
3169
5455
7106
6372
3417
1984
5795
3425
148
3289
446
1078
2912
2703
2683
5858
3293
4615
5792
1314
2075
3388
620
1248
5654
3007
4672
626
1591
7021
1268
2070
4628
4632
5069
7159
4108
3849
5442
3860
2241
6230
1150
5512
4175
5395
2262
2197
624
1076
6864
4335
440
3205
5526
6927
4069
1989
564
3193
3009
7010
3863
5165
3006
1617
6979
1916
2294
2240
1051
4348
4342
5169
3164
2680
1351
5312
7069
5451
660
673
4173
5398
2795
5329
6277
2917
6787
5845
3468
3203
4120
835
6512
1697
2072
2790
4881
6401
7
2198
562
4112
7162
2797
3000
3986
3200
2875
3167
5941
6580
2781
2963
1763
2788
5803
6871
2895
4916
1789
1653
535
5831
5166
5929
6434
6538
3288
6005
3760
455
2688
2069
5448
4659
5586
108
4485
3465
6176
482
5424
3478
2100
2501
679
4513
6234
6233
1225
136
4534
3403
1063
7093
2310
6339
6338
3283
1465
6324
5672
1462
2640
2291
2192
2482
1987
1058
2590
1342
3867
1912
6829
1826
5453
2076
2485
2682
2186
5393
2502
2191
5501
2401
1889
1982
2373
5447
2785
5727
5328
448
2193
6957
3517
650
1228
3488
3887
3483
3476
4608
174
3431
628
1322
3421
4367
3397
3393
1312
5070
4600
4391
1077
1070
1101
1066
1106
1107
4477
3680
4488
4489
3649
3629
705
6231
3838
3546
4392
689
4341
6322
6427
3131
5923
1336
870
4954
4089
1650
4121
4219
279
6774
1742
5050
4129
5033
1544
2894
6422
3202
7012
3942
4709
4331
4317
4284
932
5066
5048
740
1459
1463
3292
742
6009
6006
6286
6539
6284
1000
1064
814
449
6421
6396
1065
6279
1190
5560
1421
6708
1435
1438
6035
1466
6001
1627
1877
1629
1658
1692
5848
5830
1824
6096
6274
1356
5705
457
2158
687
1102
6272
6856
5636
671
6226
2077
1223
6190
621
1330
6119
1345
1432
6564
2207
4620
5164
4604
2677
2672
3564
7168
5250
135
2608
2606
4517
2602
4511
5300
4455
3744
100
5314
4638
306
179
3460
239
7003
3120
4911
4912
3294
265
4785
2999
3765
4743
4704
4699
5023
5027
3399
5031
196
3428
3430
3346
7104
4536
4430
2244
5500
4073
4280
4010
4310
2362
4333
4338
6561
3913
379
3160
2418
6915
3836
7107
7079
6050
4783
6099
6445
6437
3749
4076
743
4695
7146
4067
198
6420
1327
6491
4786
220
623
6002
6557
6007
7002
4164
6548
1476
2196
1471
4156
3284
825
4086
222
6033
1452
234
3400
4037
6400
4405
4316
4458
1179
4593
6271
1172
958
4340
670
139
672
3614
3914
4512
1062
3171
4514
1191
1220
3429
4030
6393
1311
6160
3767
1068
7057
936
3484
3789
643
1229
4629
3995
1224
1276
3464
219
1923
5807
5419
5161
5612
5604
2842
1822
6791
5449
5561
2164
2350
1783
395
2930
5844
2883
5618
2731
2415
5669
6923
2513
5696
5697
2559
5321
2505
2074
1550
2491
1917
5252
1911
2484
5390
6797
5846
5029
1802
2062
5927
5928
443
3004
4889
4987
2290
401
5503
1694
5505
2190
2977
2209
2961
398
1743
2277
3788
4423
6493
2079
2267
1071
3781
4106
4084
6517
2073
4122
4125
2242
3766
2238
5319
833
1059
6405
878
6408
6399
2168
930
4063
4255
2537
943
5458
2179
945
5568
3844
956
2361
5602
5553
6424
6328
4074
4361
6310
2347
3897
3889
3850
5583
5623
3178
3740
1662
1386
4745
1688
1354
1353
5018
1339
4679
3390
5836
3427
2916
5044
2901
1424
3002
3015
1639
3154
6004
3244
4884
5944
6008
3125
4657
1495
1618
4919
3298
4943
3021
3305
1631
3114
3743
5045
5060
5793
4578
5248
4566
5791
5253
2613
5257
3626
4519
5259
5721
2040
3675
4450
6224
4602
1881
2733
3473
3475
3480
5124
2789
5156
1247
6159
1231
4633
1227
5814
4619
1222
5806
6202
1230
7169
4188
6866
6869
757
7049
6569
6916
680
678
731
6910
746
223
321
18
6704
251
622
7071
68
86
427
635
177
547
7029
7065
6874
277
3122
1516
4882
4480
4918
2986
2979
1319
1313
4057
1542
3162
5988
1511
4301
1479
1467
6073
4913
4300
4962
1447
4914
4288
4915
4917
3072
6705
3596
3212
3198
684
6278
129
4516
1042
3401
6311
1111
7022
4530
6333
4663
6356
4233
6366
965
7025
4751
6258
6256
6998
3210
39
4855
1545
37
652
6674
4843
3243
233
663
4093
4788
6242
4781
6252
4858
287
5887
3996
2195
3873
451
452
5315
2160
2521
5311
6860
5301
5605
2121
5611
4186
2562
4424
2587
2204
2206
5330
2243
2385
4397
390
2392
83
3833
3846
3832
4379
4399
6908
5478
5378
3857
2293
373
5514
2247
2329
3732
2601
5700
1784
318
1781
4438
1749
1745
1741
4313
1698
2855
5072
960
5058
2899
1621
568
2929
5127
5828
2777
2776
69
5707
2009
6817
2647
5733
3778
2679
7109
1925
61
5800
3947
6948
5154
6785
57
1813
1910
952
5952
3609
6388
913
151
4170
751
4138
6527
3566
4208
765
831
4553
6426
4562
6443
7163
4176
4146
4612
2669
4357
5745
6249
2659
2377
3616
2658
1942
2681
6239
1590
3181
6237
2931
