5218
5317
6509
2260
5217
2269
6490
2265
2266
3626
5213
5201
4773
5214
6487
2264
6485
2816
6576
3888
6032
6388
5714
2268
5211
2300
6970
6500
5716
2937
6486
2814
5761
2261
6378
5978
5835
4775
5033
1155
2918
6508
6484
3886
5830
4549
4638
5469
1125
2309
6504
5318
2837
7025
2535
2165
2813
5311
6483
5304
2800
5212
4372
5464
2883
6480
2262
4532
6973
3798
5158
3786
5216
3096
3780
1510
1035
2818
6488
2817
3788
5870
5209
5537
5981
2931
6574
3312
2305
3380
3473
3966
3362
6470
2308
6473
6787
2521
1782
5719
5039
6513
4233
2307
915
3991
2302
2896
5842
234
2450
3961
5764
5202
3151
3612
1628
2891
6482
5655
3845
2241
3470
4535
4958
4446
2267
4376
4707
4240
3889
1515
1891
1620
3153
895
13
5770
4370
934
3175
4536
5205
5078
408
7044
2934
2932
7100
6570
5356
2218
2921
6975
56
2163
2003
5210
3345
2439
2166
393
2341
2453
4546
3127
4548
5773
1077
107
5215
4542
3881
6123
3882
4138
4518
5717
3227
2755
5375
1124
6836
4321
3633
1901
1831
1143
1070
3537
4777
5658
6652
4951
152
1519
5035
2777
2562
131
4737
6507
2838
70
60
5989
6977
5512
2488
6782
6837
5511
4708
6947
3718
6373
1654
1988
3884
3471
4770
5515
4373
4795
7136
6559
2368
332
2621
1983
136
3214
1109
4337
6234
5843
82
7034
4333
3125
1154
7015
2013
6537
2772
7003
2686
1567
6918
3783
2482
1071
4036
2489
2957
6410
4545
5791
3088
2833
818
6786
823
1614
5047
5583
4706
223
6394
7019
5123
147
93
7135
6489
1898
6788
3540
6492
3364
2160
1922
6614
515
2106
6472
3795
2259
2247
6406
2116
2103
6530
2830
2811
6542
6549
3611
2245
6709
6724
2810
6739
6550
6555
6593
1894
2164
112
2414
162
809
810
5046
4539
5510
4540
2451
2459
5783
6981
133
1359
198
5718
2486
4023
4878
1536
1513
4705
4709
2510
163
4481
5895
3053
4285
1701
4288
2344
4232
4371
5413
2935
4375
2864
1783
4377
5429
5312
2856
4969
5316
4772
1207
5616
1173
5277
4876
455
4872
4854
5259
3710
5018
6541
5206
5204
5444
1100
6536
5460
5546
482
5088
1040
6554
1113
2132
457
5517
7159
6187
5711
3772
4383
2677
4378
3941
3960
5966
3963
1744
5980
5982
4018
6075
687
6089
6112
4128
6129
4083
6210
1661
4511
4513
4517
1518
3781
1531
5709
5710
3791
547
1578
3843
27
6434
4597
5831
1625
1626
5838
1629
2000
4534
4531
1581
3908
1354
6766
6600
7103
310
3493
2524
3120
2952
6637
6899
2613
2642
3580
6939
7004
2233
2211
2297
3383
6727
153
3587
304
6849
2537
2950
2169
3110
431
7078
2631
6655
135
3163
2244
6919
581
5162
3219
965
4418
6453
3863
6660
2006
5170
4443
5633
5915
1104
937
4523
6398
7148
1836
942
2566
4754
3054
4500
2017
3794
4636
3933
6737
4279
6037
6182
1037
4242
4967
6056
3003
2343
1809
2340
4171
7152
1848
5526
6078
3308
1896
5071
1906
5085
3248
3258
5154
3904
3907
5611
151
5666
6735
3290
6835
4331
1769
1935
1933
3982
4937
148
3292
6460
2256
3499
6544
3589
5276
4651
5788
2455
2933
1126
3715
4543
7130
4694
69
1621
7140
3100
2089
3614
6603
433
4630
4629
2855
441
4639
3639
5712
190
1570
3660
2174
3665
3621
5303
6553
913
6617
4195
2084
3070
2429
3782
815
518
6656
369
2072
2074
2082
5223
3162
6657
3785
6971
3181
1788
21
6929
6025
863
6972
1500
6878
5706
3119
239
1786
801
4594
164
6038
6039
1648
5547
4627
4201
6955
1631
4234
2788
3007
6928
6047
245
3301
3008
3060
926
1541
1356
5849
4758
963
1481
2454
4688
3252
6898
819
1618
749
4859
3223
6845
5943
5940
6938
1622
827
5834
5683
824
964
5682
2530
1388
4485
5974
4762
1587
6831
6833
4657
4932
17
2471
5693
3260
1416
1747
3276
1627
6965
2365
5802
5597
4544
1431
6933
1665
5037
3848
2651
6620
3719
2703
2105
6532
6616
3713
3854
2263
1127
106
3545
3572
5265
2115
3880
1072
108
3883
6730
6653
6731
3414
6347
1067
3860
3903
6505
2571
375
2238
2768
2248
2919
2070
6466
3513
7043
5222
2231
2043
5203
2936
5233
2086
6493
7101
2939
2257
6497
6430
2665
1122
3318
7030
2815
1064
3588
5129
5081
307
2959
3909
3360
1890
4026
4032
3356
2658
2483
5507
5355
4103
4117
5513
5309
3338
1329
6121
6798
5019
5017
3628
7166
6761
3647
2242
5302
6324
5459
3601
5462
5288
6288
6283
63
5291
2299
3967
6272
5124
6246
3617
118
1939
1203
1153
72
64
1188
3072
5313
1538
894
5701
1218
1214
4701
5699
3095
5715
5305
6931
5686
1544
1517
4647
1123
2857
2620
2863
5533
6944
1073
973
5612
4865
5157
5599
7005
5127
5595
5463
1415
1396
1051
1391
1050
119
1046
6988
5582
1372
2982
5509
6979
6978
2995
5030
1348
5015
1347
5617
4852
967
4839
3061
927
6948
1228
1232
1103
5661
2770
2580
5422
4720
5652
7038
7157
1224
5649
5208
5207
4771
2570
2954
4774
2782
2525
4790
3043
4813
5447
5191
5451
5436
6582
7097
1844
4367
7138
3262
3796
3797
4326
1734
4314
4283
3828
6423
6043
4258
3846
4287
6053
1733
5952
2240
4449
3210
768
6644
259
5954
5924
6755
541
4379
365
5947
6450
3784
4238
3306
2018
7106
3491
4046
3866
6705
6359
4061
3361
6350
3984
1936
6271
3937
3964
6767
302
7124
3348
6812
1829
1830
6678
1839
2654
6110
3331
2010
1840
2008
2484
4174
6122
25
4458
511
2049
1678
6551
2131
6891
2682
822
229
3739
2143
5833
6902
2149
226
3146
4541
3643
3128
4554
1561
430
1563
4623
3112
865
3696
5763
3635
442
6912
4562
208
443
862
