7168
2888
113
6172
7165
2622
3659
1991
5236
6951
3233
3664
2198
2882
1372
6215
1555
6530
4743
4573
2406
3669
6280
5956
3650
222
5561
2475
7158
5876
3667
7167
3519
6080
714
7021
6956
3286
2650
3962
1606
1998
2007
852
5496
1551
1778
2647
4129
3652
3546
4179
4930
3238
1381
5957
4855
7160
1171
2146
7149
1916
86
3346
2091
2625
3230
1779
1747
4172
6396
5531
1025
3977
718
2508
328
2073
5171
1556
2547
1092
3568
6953
1097
1533
4857
4628
4851
1553
6119
3651
2330
2313
6693
4170
4858
2311
1795
4514
5151
2009
2383
5492
2066
4740
4608
5306
4980
5067
4850
6217
4173
5617
6774
720
1280
7155
3239
1548
6795
26
3668
3166
3573
1543
3299
2714
3291
858
1108
4423
3764
1875
4808
5434
4181
6815
4361
6895
4988
6008
2069
1816
4643
4854
3297
6223
3608
223
3576
3298
2251
1100
4177
1812
5459
5588
2571
1928
1162
2504
5586
7164
6696
6694
2880
2593
5744
3032
136
6545
2456
3686
1240
5490
6532
2394
5519
448
225
6110
1993
2078
5405
5872
1917
5664
5807
7081
4842
6113
2008
3348
5498
2028
1382
7157
5039
1840
5781
6003
5240
1889
4983
3063
2796
3289
825
5076
5393
924
5784
1469
5879
2199
6139
4515
6893
1558
723
1560
628
4426
2614
4396
4392
2335
623
985
4176
5609
6422
4185
131
2664
134
2314
190
6698
6750
4612
3846
6220
54
2526
3813
1596
510
6751
3555
204
4644
983
2393
4175
3167
2070
5493
3823
2057
3154
2500
3677
2596
2963
1987
2424
2827
4071
5417
1019
1017
626
5415
2624
4202
1069
4468
559
4578
463
1093
4933
2332
823
4642
820
3294
4676
4748
4770
2733
2673
4201
5060
2797
869
2825
4289
2369
4383
5309
2815
746
2100
2170
3237
2179
4401
1065
4462
3244
5248
4801
7169
6178
6699
6866
5897
1787
266
7110
122
283
6811
1770
1653
6710
6255
1456
5792
1595
5806
6401
5951
5973
1590
68
1692
6224
6176
1608
6357
6536
5831
7156
7142
5997
7150
5945
5675
6005
5684
7144
1874
5892
6797
625
6514
6531
1561
3663
6352
6854
739
3661
1106
4647
751
752
6902
5162
2390
2164
443
1563
114
5033
4856
2485
4853
4852
4141
221
220
4133
3961
2405
4038
6549
660
4783
4066
1209
4146
3863
4703
1101
6758
4985
1042
6718
3735
2318
1565
4156
6037
4954
3815
199
6045
1205
4696
4674
4637
3517
7027
7002
4377
5440
2872
5451
588
7025
1526
3567
5674
3287
7028
1776
816
2829
5748
5494
4464
4510
1780
3235
925
1400
3228
2819
3212
2006
2822
1911
5861
2072
6978
1066
3542
5618
1377
3540
6957
3461
6420
2690
1968
5605
2363
5603
2337
3193
5661
5412
1536
4579
810
5878
2107
544
2745
5308
2338
6979
3004
2352
3367
4404
4081
2334
2375
4398
603
2377
6425
4183
621
1233
2361
1054
622
6533
4159
587
2336
6379
4390
4151
1771
578
4270
6799
2457
2713
794
2717
2719
2739
53
6996
3311
1537
3296
2780
3293
1534
3285
929
3250
7055
3236
3232
3231
2823
1389
3178
917
1388
3173
3071
2972
2923
3418
1248
3436
3557
2471
1602
3960
3919
3872
3860
2494
2499
6704
3818
3812
2520
1593
717
1567
2608
3670
6796
6856
3655
2633
1552
2653
2663
71
3617
6940
770
6943
58
4435
2915
4451
5272
2252
6121
265
2081
2079
4805
2077
2312
280
5458
282
4707
5497
4679
197
289
4658
4653
4652
4649
5263
4648
6091
1815
444
1845
447
2916
5108
5140
6035
5166
5192
5195
465
1820
5233
414
5241
4939
2142
2141
4932
5250
4859
5260
4646
5069
4604
4469
4513
6315
5532
5583
1786
6234
5672
6226
1075
1173
1791
2321
4576
5558
4568
2873
5235
59
5582
409
5242
5581
6950
2704
6944
2143
5578
3006
3585
1378
3218
2676
2914
3662
5627
742
3660
2911
1344
5954
6863
6864
3657
3600
1970
3653
5649
5153
6890
5950
2626
6934
2978
5937
3614
2854
1107
3613
5900
2849
5478
7033
2064
1516
3270
3254
285
1174
5526
840
2810
7085
3208
2036
2821
5782
1912
7087
2023
1915
1289
1176
5786
5472
3397
5466
2004
3101
1989
3221
15
1126
1925
2752
5372
3157
2762
2764
1542
1876
5409
5413
939
5419
5832
7010
2782
3171
5455
5072
5534
3290
3665
6148
4789
1710
2458
133
5635
2463
4030
4640
3996
2259
129
1076
4285
226
6086
4630
4908
4655
2496
4936
3829
4787
2274
1697
6447
1079
4155
4650
6491
4153
6222
4143
1681
4730
1793
1792
1794
6213
4120
2415
6477
6550
6464
6458
6556
1024
6853
4645
2503
4923
4324
4391
6715
4505
1782
1203
6365
3734
6033
6029
6278
1098
1062
4992
6000
728
2611
446
1104
442
5066
2591
3757
6717
1070
2228
4326
6243
1055
2505
4600
1733
2221
6712
4947
6523
1594
2540
4367
2541
1775
914
2026
2317
2832
1448
1789
2022
2389
1690
2370
1296
2826
2331
1785
1374
2001
1394
2002
1063
2324
2333
1141
1193
1850
2685
2681
1000
1091
1546
1849
2677
2207
1196
2545
2546
2172
2551
2173
1109
1554
1591
1827
1573
1102
1841
1600
1656
2686
2478
1287
1041
2396
2403
2799
2793
2790
2452
1028
2454
1026
1619
1881
1184
1879
941
1811
1015
1013
1012
1814
2105
2472
2109
1974
1307
2951
4989
5065
5106
5194
5199
5221
5249
5254
400
5354
5385
5395
4965
5414
5499
5502
5507
5512
5516
5517
349
346
5554
5557
5560
5568
5454
467
4944
4807
4101
4114
4132
4139
4149
635
620
4280
4282
4309
4327
4334
4354
4365
4384
4389
4400
4421
4450
4467
4586
4617
4632
4641
4672
4741
4747
5587
5641
5690
5768
6729
6754
6793
87
6869
6880
78
6903
6910
6916
6919
6938
63
6955
51
6999
7018
7019
7026
7049
7071
7095
7113
