7164
6900
4603
6910
4604
445
3288
6908
6927
4608
2070
3286
5453
6033
446
739
4600
444
5457
4607
6911
440
6113
1171
1280
6003
1652
2633
5458
4071
3283
5451
1284
443
3280
4285
5654
6916
5653
6921
447
6924
4609
5520
4280
6001
1656
1658
6940
3285
5459
4477
2325
2199
3284
3289
5658
1650
6948
1176
4455
6922
1287
3764
5452
5454
6919
5456
1937
6034
1701
4078
3100
3101
6037
4219
6031
2193
5524
6531
3282
1655
4605
6942
1282
6938
5490
7156
1653
2081
6708
6534
6904
3105
3044
6920
2312
2207
2792
1286
4983
4985
6946
6128
217
6926
6007
3287
751
6934
6936
6937
6530
204
6038
4261
4450
1441
206
1444
7153
6035
3049
3640
5097
3745
6221
2075
4070
6929
5445
4079
4175
6005
4272
5099
588
4987
6000
5050
2190
1174
5821
1443
5455
3109
6117
3645
6006
4056
3643
6110
6923
448
4367
3468
3108
3046
1449
1916
6931
1934
3646
5657
7168
5559
547
2192
2179
746
4602
1199
4601
2815
449
2639
4606
1432
3944
4453
5005
4183
4082
5438
4052
2310
4361
5448
7169
6935
6284
5721
6335
6637
6193
7154
6331
5945
7019
6030
6905
6112
6907
132
5665
6028
2738
4995
2684
2873
2196
2485
2314
2195
2191
243
2164
2668
4991
189
2933
4392
4539
4176
6009
4173
4077
2904
3757
3672
3290
6914
3262
6546
3086
3695
6427
5121
5728
1476
222
5827
5823
5769
1440
6957
2032
1245
7151
1107
5650
952
670
1283
5446
4456
5433
6949
1697
5436
5413
6941
2663
1225
3721
3771
6234
7
4075
1692
1102
954
2187
6119
4202
869
4264
758
6059
735
4451
2077
1074
7113
3556
2637
2667
6953
2669
2457
2456
2740
6962
2875
2198
6039
6315
1448
6623
6947
5659
1439
3281
1300
6339
7018
1285
6903
6968
34
3106
4583
5951
4648
202
5439
5587
5725
5325
5164
4984
5123
5944
5723
4531
136
260
5004
5656
3022
3602
1542
5820
6979
3662
2851
2821
4998
1434
1433
3589
7012
1423
6256
1306
6254
1289
1288
5957
3774
3679
4781
5844
2443
6785
6703
6674
5923
508
248
2513
3048
5169
3102
5229
2074
3191
1919
1911
2876
2872
4835
1693
1677
6944
3521
5727
2745
4262
828
6122
4580
4095
5526
1068
6123
4136
4324
6002
1105
1095
743
4203
4164
625
4214
5965
3914
1066
1250
706
4029
707
4426
1243
6222
5720
6046
4266
4265
1204
7140
983
2238
2297
968
1041
2299
2197
1025
609
5655
6783
4999
2713
2686
674
733
5913
4471
5907
2622
2560
1061
5060
2452
738
753
2331
2572
1065
546
246
1646
1639
1608
1554
1493
5829
1173
203
1178
1216
1431
1240
5470
1247
1268
1108
6847
1097
1093
5163
1067
5195
542
545
7112
51
6930
5265
2007
35
5284
1069
6939
562
5430
4470
2625
702
4101
4898
4942
3256
90
431
4588
6127
4181
4187
4207
6558
6562
6091
6080
6609
3691
5999
6475
6469
3677
3755
6296
3894
3608
3919
3519
4036
6207
3383
3318
4834
4060
6201
4884
4073
5976
6622
4538
4641
3018
4990
4404
4365
4400
3001
3007
267
4994
2874
3023
4417
4511
3027
6704
4996
3040
3042
3768
4640
723
1377
4054
5707
4053
4037
716
1317
4025
3767
5958
7119
4516
732
3876
5514
3833
5491
3784
5486
3758
4428
5603
1175
4405
1022
4297
4296
5652
6111
4541
704
942
1078
6118
5697
6054
1101
4422
5700
816
1106
5691
4537
752
5528
4593
1172
7155
7158
745
742
7160
1104
4182
6751
1436
2415
2329
6787
3047
2264
2259
6806
3020
6843
6594
6593
6873
5162
3082
6556
5168
5903
2449
3012
5087
2714
2882
5007
5042
2655
6769
5912
6778
2632
2967
2615
2584
2580
2968
2564
2989
5061
2160
2145
2084
2082
3469
3581
1637
4685
1565
6311
6762
1494
6299
5828
4674
6963
5799
3652
7002
5748
3674
5876
3682
5441
3454
6551
4980
4970
6543
2071
3263
6527
1966
5271
6476
1923
1912
6449
1828
6397
4883
5895
4815
1513
0
139
129
441
220
669
174
452
544
9
396
2291
6974
1170
2772
6227
5230
6959
6224
5558
6956
1116
1129
5568
120
4369
1281
2694
6895
1263
6901
3564
6438
6008
4319
1760
3825
6918
1198
1196
6932
629
5586
6933
1099
2000
950
4535
4536
946
4549
2069
5326
2871
2905
86
4581
3744
5037
6159
4738
5805
2906
2870
2250
205
2002
6218
646
5417
7021
3773
1026
1020
1015
5529
2262
6190
4513
4745
5527
201
2251
4295
6877
4274
1307
3941
4028
567
6706
6702
6754
1816
4988
2515
2520
1820
1593
1590
6338
4094
6334
1605
6777
1796
4022
3485
4997
2440
1732
2446
6711
1778
5902
4993
1707
1689
6396
1682
6368
4021
2478
5069
2677
6779
1546
5648
1430
1428
2624
4198
2636
1388
2349
5108
2656
5986
4254
3316
6434
1314
5838
6283
6789
5651
5973
6317
3529
3381
5675
5758
6120
1496
1450
6424
5963
1478
6302
6300
3545
1462
4881
251
2934
5726
3664
5476
4704
701
3647
776
3019
2168
771
283
730
3088
671
6
3687
286
6536
7150
3045
7107
7108
6121
5983
2186
3221
1910
4258
4260
6277
1914
1319
1311
3693
5306
5398
4292
5275
6261
77
6640
1378
1926
3863
6290
4185
5773
3348
596
1422
4
2628
4206
4457
5979
5226
2960
2638
1385
4882
6853
1267
3782
644
4394
6961
6998
3653
3800
2004
2961
1978
1985
5011
6451
634
5289
3649
1098
6592
6453
6011
4375
1179
2730
3778
2322
4313
1255
4817
6437
4317
2614
5048
5784
2009
6912
4432
6252
778
2721
4888
1194
2711
1931
1303
3350
4023
5001
6366
1657
6365
5443
6398
4035
269
369
4039
4040
5934
4050
5740
4055
4057
7161
1817
6724
2475
5702
5704
3488
1765
1767
1749
3984
3959
6718
684
2444
709
685
180
3472
506
