5234
2477
4832
268
7055
236
5302
1526
4017
2232
5839
2364
1825
1560
4443
1574
5243
6843
5800
4439
6738
244
1189
1562
5462
3788
7034
234
72
5926
2888
2526
3258
3962
7058
522
6552
5793
2304
253
3307
2252
1987
5671
1578
4746
2524
3533
1841
3479
1847
803
4436
1661
3301
844
332
7137
5947
3234
4737
5782
3325
3554
2505
241
6693
1780
1806
6458
1548
150
1997
1664
1396
1640
6553
4414
5406
4098
4076
259
3573
1460
2577
3576
5427
1001
2367
6381
6869
5460
1014
3572
2598
6731
1648
5991
4628
777
2959
6733
2874
368
5898
4431
5233
5849
5847
1481
5495
2132
246
2677
6503
3167
3237
4002
5214
4133
5174
4631
3552
1840
2028
2274
5237
5429
254
1844
3720
6737
4438
5289
4434
2335
3653
1209
6758
1210
1217
5242
4793
1794
1902
5231
1218
2813
7134
858
2675
2913
6063
995
5890
911
5589
2798
1111
7124
5895
2525
7148
7057
114
3157
3494
4693
860
5668
2233
992
4239
2787
853
1988
7072
1569
5685
2629
5238
2278
1845
5203
147
2957
874
5037
3999
500
502
3993
4048
6537
5817
3156
7116
265
260
2887
1497
6679
7114
251
861
560
2670
4181
3224
6720
108
1020
1206
3655
5396
3428
4632
5585
5411
3603
6757
5974
2817
4435
3559
7031
6327
3059
7144
806
1113
1804
2509
1786
1796
1807
2394
6842
2946
407
1600
5317
6899
5323
2393
2362
3392
5843
2368
4356
2377
1212
4492
4506
3161
1561
2786
1582
3061
3056
6742
4321
4866
1971
1645
4973
2136
22
3155
7130
1996
4960
6043
5833
4771
867
4449
1570
357
1848
835
1572
6563
1538
2961
7106
2298
103
5674
7061
2306
6428
5312
4558
3421
7053
5624
1046
2390
5393
221
2945
2415
630
3433
5548
5425
2467
3445
5544
138
3550
3546
5463
2521
6305
3650
5007
5954
937
7149
4004
886
5820
2522
1411
1409
1404
3974
1391
1387
5950
3228
521
2277
354
1715
248
247
4701
5187
5708
5704
4685
5235
6457
994
3852
1667
4658
5914
754
1713
795
4633
5057
5892
991
993
5675
5241
5285
5288
5628
1040
5623
5356
5400
594
5426
6285
1156
5485
622
5760
1665
5766
529
4772
4792
5852
1641
1579
1527
6109
4956
4996
6515
5019
1417
5084
5805
5171
5772
1333
5178
1787
4999
2333
4417
2780
4393
4387
4380
7015
2734
1944
3671
2173
79
1974
80
2399
2163
2663
3998
2050
91
3617
3293
93
4128
104
3557
2488
2520
2571
3430
4430
2332
7103
3780
6706
7162
242
2248
2987
2249
245
3005
249
3919
6892
7139
375
3943
2115
1842
6887
1892
3965
1846
6014
42
5421
2461
1793
166
2397
606
6388
5489
5492
148
5440
5281
2337
5409
2256
3842
5402
6376
6452
6950
555
3660
5240
2293
3694
2307
1214
593
2290
998
2523
2775
6097
6092
859
2794
846
2808
2810
6067
2811
6065
830
825
31
3091
7145
802
3029
3026
734
2879
7160
2938
5835
1124
5822
3227
2527
137
5617
1051
3367
3365
5643
2611
109
2632
2237
3303
657
6204
984
2660
973
85
3239
5781
5799
75
913
5818
5217
393
5212
4206
2036
4878
4182
1536
3916
4085
2010
4080
6523
4013
2143
5039
5053
6855
5054
4066
4267
1993
4840
4611
4612
6707
4613
388
6718
4554
6723
4543
4675
413
4540
6728
1843
4740
430
6746
1414
2176
5998
255
6857
3980
269
1371
262
1318
1408
243
2208
264
1336
3220
4837
4831
1619
883
1942
898
880
3165
872
3154
3153
1940
4386
888
5814
3678
5254
978
5261
5759
3253
5260
947
4273
5808
5779
5257
1963
3236
4325
4353
4845
3231
1998
5838
2784
2781
2816
1339
4638
3055
2276
3824
4571
1332
2994
5176
2950
5205
5980
4605
2936
2305
1651
4529
3939
2321
4446
5710
2788
3119
851
1897
3110
4770
4741
5250
5850
5244
4731
1714
2814
3786
5690
5277
3545
2508
4018
5473
5479
4997
5487
3556
5488
4994
4993
5496
4976
5497
1122
5499
4045
5500
5003
3561
2391
2353
5319
2406
3651
5052
1424
5006
4006
5414
1431
2452
5059
5314
2472
4016
3615
2330
4965
4961
2621
4124
2625
1005
4125
3309
999
3360
1531
2068
4895
1374
1551
1554
2658
2375
1380
4122
4115
1021
5527
3446
5529
2552
3437
3971
4090
2575
5613
4099
4941
3427
3426
3423
1509
4938
1028
5274
4932
3584
92
6289
6505
82
235
29
6112
6702
6570
7107
7043
6861
6759
6203
33
7136
733
6858
87
600
346
6210
100
6866
6547
7166
240
6135
741
6119
118
6928
6844
161
165
7047
6315
6539
281
110
391
2503
1809
1801
5186
1829
2528
4195
1818
4238
2038
369
4548
4546
5381
5769
364
5786
7016
5788
5815
3396
5813
5167
6352
5399
7050
3827
5550
1337
1194
5571
6698
1079
923
4186
925
6736
3440
5795
3444
1800
2553
6476
919
4260
6366
6465
4385
3620
651
5679
4268
2339
2341
3627
4269
4381
3633
3774
3639
6885
329
3726
181
6946
1992
5328
4298
4297
5311
1982
2395
5315
572
6267
5335
6867
4399
339
5215
3553
2301
5743
1866
2479
6364
5816
970
2475
6970
2009
5612
2318
4461
3567
579
4437
6753
1060
6755
5247
6967
3575
1213
3577
3583
4418
5712
628
6692
4598
3981
1563
1564
6513
799
5461
263
1576
5900
5030
2766
4049
258
1118
5036
1588
1589
4065
4836
1484
2117
2736
4797
1781
4784
1663
1666
30
3917
5009
3073
3996
2918
751
4955
4947
4978
2890
5978
4940
6316
1513
2877
2876
4995
287
6555
4908
2856
2165
3054
1543
3063
1544
5956
2166
5471
1558
6514
3194
2209
831
4091
4709
88
2654
5419
3197
4705
3302
1708
2647
418
1717
3322
5828
4686
4118
101
4121
7064
4126
4665
7059
2059
4292
2607
2676
855
