5232
5101
2764
2577
5942
4022
4791
5625
6369
2732
5441
4025
3562
4979
4344
2741
4792
7072
5205
3341
6547
6828
4006
4028
953
569
2759
4021
4256
4710
3444
2298
7145
4029
4069
6204
6336
6364
1900
2977
882
4618
4970
4962
4631
311
1785
4368
5495
3249
4362
6410
6814
6456
4563
6351
4337
3085
4798
4972
5553
5610
6540
6722
5810
3561
3508
6034
4759
2742
5102
6586
4146
602
4655
4097
5881
3372
4978
1547
2909
5872
6758
5237
855
4064
1993
1992
5361
6767
3554
4285
262
1906
4276
2589
6461
6114
4802
6413
1480
2433
1506
4790
5071
75
1401
3613
5624
4675
2350
687
3055
1909
142
6296
6826
144
5479
6309
2478
5698
5012
6984
79
2361
951
1192
159
6845
3928
3310
3106
5814
3321
2278
5204
1787
2928
483
2214
6412
4712
111
4253
542
2572
2574
4569
5055
2474
3375
1040
4715
2148
230
1295
3490
1585
972
3010
235
6522
5146
2581
543
3987
3166
957
955
2510
247
2786
2390
566
4176
5494
5481
2891
5756
2296
4665
6192
2462
5113
5873
2326
2122
2329
2748
7059
7060
4140
618
2716
6867
7062
2714
5979
5550
6303
6677
887
897
2503
2566
3132
2381
2432
6543
1697
1698
5294
3378
1119
5
125
4286
5306
6582
5614
3328
3553
88
3314
163
6512
3247
3555
4385
6567
3462
1400
3821
3383
2489
2962
5018
4094
6302
3377
6754
6196
583
1089
7055
4969
5547
6962
6517
5180
1602
4149
6014
2653
6028
7052
2407
4005
5892
1357
6575
1370
5972
6994
1493
3608
694
1453
5970
4780
6928
2369
2370
4019
2870
776
4016
2324
7041
5825
758
1537
2262
747
4060
2276
3912
6734
6924
5504
1439
7024
5639
410
1083
2393
4957
4234
1198
1016
6440
4220
4956
540
563
635
1904
5779
245
5790
5323
4587
4731
6363
6338
1703
1004
4192
157
575
3330
6482
4397
4020
4888
958
3532
5207
4481
2322
3228
6732
4974
2749
2286
5592
5691
7085
3915
6362
6426
6097
6470
1409
3496
1414
5995
94
4258
1868
995
2435
4242
5087
5258
3972
5492
4998
692
1443
7016
6390
7087
4784
976
3509
1371
4027
5214
3442
229
2328
2805
1866
7020
4414
5674
3598
5677
970
3157
1880
2755
1951
3104
3327
2084
4133
4444
906
2102
452
5841
5125
2120
3650
2595
7056
4323
139
2425
3343
7075
2023
1086
305
4195
4610
5548
1073
1095
3657
3656
140
158
6417
1298
3009
5054
3984
461
4908
6822
7045
4955
3507
2578
22
504
3917
2404
3394
3389
2594
6825
7120
5643
5804
5401
2682
5405
2164
2518
5443
4716
6531
4204
5534
4095
3325
3323
1239
1416
6418
6954
558
1273
1282
1291
6682
6068
578
3988
1238
594
1237
2477
1233
5248
4000
610
5445
6153
2403
4198
4601
1680
1651
5326
6763
6500
6865
860
6289
854
4152
5389
4132
5182
1940
6225
1937
918
992
5149
5144
4237
4227
4225
6782
4274
5158
5163
6361
941
1059
6474
1690
4596
1116
6900
2168
1160
1500
701
6566
6574
2364
679
5106
2367
5105
6721
6720
4018
2391
2396
2334
1509
713
714
6209
4090
4662
6533
2211
5297
2212
1418
4525
1533
1530
5291
2312
2316
2320
2323
2257
5448
1786
1271
5770
439
5767
5766
2802
5765
3242
2789
4880
2780
4881
3688
4884
3315
463
3373
2751
3386
3391
105
4975
240
93
4861
7017
5880
3823
5874
2956
7051
5507
5849
2907
7054
4825
5843
4830
3770
3057
5545
7067
3065
5500
7074
407
265
5792
2719
5753
529
3605
3489
4927
21
70
3919
23
5638
2567
4934
3568
549
78
3080
3548
6333
3082
5822
1980
5369
6329
4190
3094
4612
5812
3612
6841
1385
3539
1901
5794
1905
1362
263
272
4592
923
5797
5798
1924
4595
1929
2003
3544
4598
5552
2006
816
5219
1299
6232
4113
12
3003
7161
1286
5855
5859
1257
2189
5026
1262
2114
4126
5235
5540
2011
4213
2031
25
3061
5239
2038
6857
5211
6872
3050
3039
20
4145
4144
4135
6280
1882
7084
5786
126
3653
1601
137
1603
138
4322
5301
3349
1087
6498
1082
3336
5329
3326
5189
5720
3324
6528
1568
5186
6563
3448
5695
1524
3627
6546
3376
1535
1494
107
5296
115
4343
3384
4920
1163
4214
7118
3466
3238
3227
3226
6719
4230
57
6577
6419
50
975
41
1865
4866
959
85
248
3518
1693
3239
199
3313
3663
7109
6773
1724
6465
6464
4497
1030
6460
6451
6449
374
1447
5150
3492
1479
2224
5570
5486
605
5977
3916
3918
506
595
4677
593
509
4047
2282
2893
2491
2438
691
6074
6021
2354
742
4671
4057
2264
5098
2738
5094
6099
2752
2434
2441
707
4789
2443
4008
2311
404
5074
617
2876
2750
2747
2340
5498
2427
725
4007
2904
2866
5949
5936
5510
2395
2579
2576
2385
2821
6155
2782
666
4725
761
5103
2382
2254
2366
6050
4670
656
6070
6169
468
5760
3335
5324
3697
7091
1005
3658
3338
1641
1626
1807
3342
1091
6503
3220
1002
1001
3334
3222
997
5588
3883
469
1661
3895
201
5602
4566
647
2768
2394
459
5598
4273
4561
5749
5483
6469
6466
4770
2398
1714
5722
1707
3255
1665
5339
5333
164
3329
3317
5435
5148
6438
6108
5754
1696
2757
5166
6439
4073
6771
6749
3655
2517
527
3545
5640
1365
5454
3538
1379
4735
4965
3534
2509
1402
5628
6036
5626
5088
5250
6584
6039
567
6673
3967
6680
1258
6058
5216
3
547
1252
3557
545
4453
6670
3556
16
19
2588
1343
53
5458
5644
1532
3398
1139
102
1137
1546
2743
2746
6538
1819
5092
1113
1580
3370
1110
3353
7127
5974
6545
3903
5690
4495
2504
2637
58
5653
1445
1448
7141
627
3601
5477
1168
3449
5442
1507
494
2718
6562
1458
5761
3965
6869
1927
