5238
358
505
5968
5967
5699
7139
7034
5965
2798
1359
5237
6742
355
6120
5470
6741
172
5966
6911
1937
3124
2808
1209
6746
163
2679
2886
1588
5231
861
353
6245
4221
6109
2598
1189
3436
6720
1020
4436
1574
887
3079
511
3319
3566
1425
6843
4432
6931
7036
1671
1672
3101
4556
3724
4020
3109
517
2252
5233
6731
512
6965
5230
3295
1585
2257
3951
6921
803
1587
5047
6895
1934
664
776
5499
888
1903
6910
553
727
161
869
6916
399
4551
2183
4557
4777
4437
360
2060
5471
4705
354
5276
5264
162
6961
3593
160
5421
5579
5170
2381
1582
5960
5774
7056
515
2638
593
596
606
3068
3389
476
3384
1592
7137
6162
799
2473
5025
667
6155
2801
881
7141
167
6924
5973
5969
6505
1700
2391
164
6807
1918
3160
6124
2431
1932
609
337
6933
2603
2880
267
3533
4519
281
2871
2686
1113
3965
417
1004
424
5657
91
3305
513
3320
3057
6716
5628
4083
6738
6907
5765
4110
4558
5769
4024
263
2570
4439
1318
661
1360
6342
3325
250
2019
665
6122
2229
5381
4025
4505
6723
3149
5599
3439
5581
2325
2691
5624
3996
3433
516
3491
514
3868
3858
867
5899
6589
6737
4203
2620
6835
605
5658
5660
6724
6403
2448
4434
391
4091
1704
6941
4842
6926
1522
2943
1793
1411
3046
1408
5234
5278
210
5162
4636
5054
1679
5083
1936
1538
7134
1701
2477
5576
4255
3312
2812
6826
176
3318
6368
5546
1532
420
3536
806
5554
3316
996
169
5655
5654
874
5080
5068
591
7114
3810
3049
569
1611
5222
2155
608
5236
838
3307
1198
4240
4658
1206
1676
6700
4148
3055
375
6939
2712
502
3655
2980
4074
6158
4984
478
668
1796
3561
2575
6554
5893
5005
3148
3075
1026
2058
5319
1578
4003
2481
1016
6900
5439
73
1579
4433
655
913
101
2203
911
471
4004
6450
3482
4023
4002
131
3072
503
125
5121
3871
506
1848
6461
5663
4784
6465
405
3933
4761
3440
1584
4097
1589
3322
1859
5743
3314
103
3313
1570
2675
2206
4142
6908
418
5703
84
413
412
7038
6981
403
5882
1118
4029
5174
1597
1529
3594
6736
3726
3158
1275
5489
3553
3164
779
5540
6764
2467
5571
3757
6944
6098
2117
6852
3150
6927
216
722
6889
2518
6912
5366
3574
5386
6165
5420
2573
4443
5425
2879
4438
6378
325
805
1204
4663
365
865
6594
2147
2449
356
6435
5062
139
137
1483
2616
3100
2800
6739
602
1754
3685
4857
1688
5880
2380
929
4841
3850
90
6588
4012
3392
695
4864
3671
6239
2530
4867
2646
3002
6151
682
6236
6135
5017
6405
2612
4846
5963
5089
823
6479
6503
826
558
1662
5940
1591
950
1731
2641
951
1648
5112
2440
824
7136
6559
6125
7058
7125
2331
2446
1675
2336
1667
6112
2588
6407
4081
407
5685
5175
4431
1490
5577
2051
6929
5698
6928
2159
3309
4149
4702
268
5625
2900
6985
5535
6925
4180
3260
5641
5665
363
367
368
5488
4364
4222
1508
6938
130
4192
6968
4184
5277
6971
5462
3301
2907
2885
2908
2820
2040
2233
6920
5426
2724
3371
4068
165
465
6618
4028
474
3107
326
323
5829
2874
4021
6600
2802
6599
3120
1562
5824
1355
4082
3353
6658
5549
1416
6918
5747
4453
4759
6744
330
5556
5388
1450
3347
6947
6641
4492
6999
5022
2116
2130
4298
4618
802
5533
1659
4951
4321
1563
5492
5328
4537
4528
1367
1933
2008
3656
6182
1709
6169
1415
5001
4449
5522
1420
5431
3700
1720
761
768
1423
6128
781
4611
1286
793
1678
6117
5011
2461
5061
825
5962
4147
4140
4754
2232
3952
1794
5923
3957
1528
2341
2234
2237
4098
1583
3979
3981
1009
994
990
4832
4793
4027
1524
5800
1046
1547
1057
1066
3994
5111
1572
1598
4856
5701
864
5649
4017
6065
1765
4721
5067
6066
5048
6083
1460
2153
2152
1202
5235
1211
871
5652
1607
5087
4153
3938
5666
5977
5189
2390
1840
5082
1615
1152
873
5186
4182
5292
3822
370
6494
6326
3070
2626
2579
2940
7050
6732
2821
69
7077
64
243
378
6316
2954
6550
7102
6530
6344
3552
3077
329
3095
2738
6949
168
138
6464
317
314
134
612
615
3483
6970
3532
6914
2918
3082
634
3562
3161
6753
3300
6715
3135
3385
415
7130
6860
252
22
3151
3579
7146
6726
421
6597
406
2711
6728
1891
6868
2887
3928
1121
1424
6922
999
4607
6919
1886
560
6783
4425
2905
5825
3935
4606
3939
866
205
2374
902
3486
5274
3869
3156
4248
884
2734
4019
6463
2804
5460
2396
880
6952
5458
1441
6953
5261
6962
6844
4261
6942
2639
3168
1907
6566
3471
2357
5516
4333
4529
6894
5513
2699
4366
5351
239
2025
6609
6830
962
1346
2332
4336
3121
6827
5896
249
1028
246
1340
5387
4476
231
2029
2681
2278
212
215
2696
3943
6590
6626
218
2671
5964
4597
3358
3944
5475
5875
5529
4447
2353
4559
500
5317
5938
6605
2276
4063
5322
5323
3945
1122
1482
1884
4139
1150
2501
56
4849
4847
1595
3716
7072
764
2946
5741
4216
1161
3721
6131
3723
2937
1799
6129
3066
3559
1811
362
3854
359
1085
4796
5142
2571
1148
5065
7111
4159
4989
402
5678
688
3014
1718
4169
3624
1114
1674
6714
3033
4150
3556
2524
1651
5043
1646
5044
3294
729
4916
6266
3269
735
4189
3565
7116
423
4944
2157
2710
2586
2621
6834
2906
1067
1072
6402
1706
2430
6087
4731
1551
833
834
3335
5597
611
4727
604
4724
136
844
845
4708
1488
5180
1855
848
860
2921
4780
6990
6351
3241
2156
6355
627
3511
1527
1523
2150
3088
2238
3783
1475
1065
5199
2791
637
2805
4414
1140
3302
5589
