6678
3252
985
7120
3253
7086
6399
5414
3814
3254
5869
6781
956
3251
3813
2774
4279
3819
5415
951
3772
118
4741
2498
6671
3583
649
5172
5939
4686
4687
4277
3585
2490
346
6953
1849
6462
6468
3818
3031
3812
1304
5225
5132
4278
6952
4270
6675
2632
7087
2497
1145
1471
5827
3194
5133
2496
4407
5223
3661
3257
6785
927
640
3258
347
1473
1453
1472
122
3215
3843
4273
469
4742
6463
2494
4263
1475
7044
4570
3103
5863
5233
4577
6935
4895
3023
2258
1847
3764
3511
921
3032
723
2611
1297
5865
3102
5561
5860
1455
4774
2240
2103
6945
4574
4276
2729
41
5935
1470
5137
5222
465
3771
4622
1308
2506
3296
1296
3686
4857
5497
2661
2483
1477
3195
4935
5654
2492
2740
4714
6396
3666
726
3078
4747
3587
6930
4760
2944
3033
4212
1349
1511
1303
6240
5786
2434
2493
6385
5440
6520
6527
3039
6855
3582
7122
2438
1244
2761
2282
4218
5563
5900
1140
464
2529
716
5567
5868
6032
2765
2510
948
4836
4922
5861
442
2726
3173
1215
5430
345
4838
2109
6955
4830
3250
4430
3298
3297
4713
4450
3760
6782
4599
4606
7144
2728
3035
6783
6680
2507
6570
5175
1291
710
4152
1292
6537
4125
1841
5192
4107
1307
5246
5244
5493
5236
2880
594
1290
3817
3568
2285
1252
348
3066
2537
5990
2815
4252
5537
6255
2083
613
2289
5492
6123
3292
6883
6026
2190
3197
5634
3512
3581
3210
2186
6893
3757
3041
4213
4219
7123
2767
4267
5131
5116
5098
4360
2754
4395
7138
1283
4438
4515
2736
980
4645
958
4689
28
4929
440
928
4740
925
5029
4109
5821
1305
5366
1474
5932
1460
5781
3961
6810
5933
3968
1344
5413
5367
7081
5783
7088
5215
5431
156
6392
6526
3674
3822
1548
5660
5245
3069
335
2375
5851
2722
5866
6966
463
6001
343
2633
2499
2758
5906
3042
349
2520
2511
2284
5805
340
2634
3584
1431
4189
1274
4175
4172
1281
5171
4106
4104
1301
6811
7083
6525
2251
5314
5319
1456
5343
3825
3816
117
5139
110
6574
6713
922
4891
4772
926
4734
4727
934
4605
3763
983
6679
5041
1110
6799
5080
4365
5112
1148
1178
4492
3762
2667
290
2162
1998
1812
6173
1707
5566
3489
3761
3267
3383
5653
3481
6386
646
3255
647
3678
1930
3683
1541
6440
5432
6129
1143
1950
6795
1090
6923
984
2191
982
977
2280
2196
2273
2213
2269
900
5864
6683
955
6020
6179
2491
1459
1630
1376
6523
6364
1666
1686
6342
1298
6319
6864
2518
6241
1889
1915
1257
721
722
6914
1255
1254
6912
1251
1188
6177
2255
2837
3187
3326
4257
4268
3076
5337
3072
3048
3038
211
3030
83
3024
3022
5736
7085
5076
2986
3969
4411
4210
3976
4051
5235
5642
5661
5663
5210
3225
3987
3985
3219
5174
344
3193
5170
3190
133
3980
4197
2935
384
5630
4923
2756
3660
2750
3665
3668
2748
7149
5562
3673
3469
5820
3589
5565
3510
2679
441
2747
5811
2763
3586
3694
7140
6318
6534
3983
6288
5437
5434
2670
3588
1689
4003
215
6823
1481
3810
212
1482
3765
5411
6433
1540
5417
202
3824
5342
1571
3906
3967
6493
3773
1638
1654
1352
1402
2672
6816
1061
6670
66
4532
4659
4944
4939
4673
4691
950
785
5047
6694
4745
4746
4748
4833
4834
914
7167
6763
6720
863
6733
929
6539
1097
6796
5228
1302
5201
4150
1285
6283
718
6561
4177
116
4221
71
1247
1236
1231
4274
6600
6610
5118
1147
4416
6618
1114
749
4254
7030
1665
823
3293
490
3318
6058
3346
2816
2814
2198
6105
3137
6112
6119
575
2029
2026
3381
2068
2910
6039
6038
6004
6008
5996
2305
3207
2266
3036
3223
2958
2253
2246
2241
2236
5639
2928
6035
5785
2000
6156
5918
2751
5875
6951
6209
475
5896
5487
1938
473
5543
5520
3410
5867
2673
3498
6210
2636
1875
5529
5876
5778
903
2938
4852
3020
2638
3029
6689
2445
894
2433
2432
4269
3077
4260
2730
3101
6002
1241
856
2340
6712
2455
2753
4418
5894
4985
4579
4590
4960
952
4518
4629
5912
4946
2570
5823
5822
2580
4680
924
4698
4457
6635
969
2775
2883
2614
2861
4717
1073
1042
6740
2785
4454
6672
4456
5926
4251
3555
4211
3656
3657
6390
3659
6398
6172
3672
3649
1956
3682
3387
2014
3706
2019
2028
3777
1564
1637
5433
1663
5466
1818
1817
3563
3537
6280
3517
1848
6299
6305
6326
1701
5443
1902
1669
1911
3491
5601
2339
6114
5349
1299
4100
5202
3554
4153
4158
3199
4088
3192
4170
4176
6010
4182
4185
3142
2325
6023
5240
5252
6037
6464
5331
6103
3966
6470
5605
6498
3322
2166
5607
3299
3982
1341
2194
5269
6528
5615
6113
1294
4862
719
229
7010
641
369
6989
208
6812
737
7038
519
270
443
6890
7161
127
6993
497
6762
6970
565
574
2517
6819
3667
479
3670
6814
6116
4715
2571
5031
2013
2022
578
717
3664
4455
4451
3779
68
6932
3119
4181
4934
6521
2665
2663
966
1358
3071
6522
1354
1892
5254
1908
2639
2635
467
981
3651
6193
5892
6171
1003
2515
98
6176
474
5023
3790
991
299
1934
6184
986
7018
1944
498
3334
553
2218
1199
4383
6899
2244
5079
1125
3920
5986
4338
342
2250
19
5999
2267
6611
5322
16
3236
3867
2336
3211
2281
1151
4749
5317
2320
2292
6999
2406
750
2210
6102
2495
5263
3689
2488
5117
5416
5706
5608
218
87
3902
5613
5938
4719
731
5056
6062
3769
3766
310
4101
1091
1092
2151
1094
2161
5107
2181
4726
86
7125
1927
1670
6729
6727
4652
5479
2833
2832
5483
7080
4524
7037
4982
4984
4209
4949
3028
5435
6850
7024
2784
2783
2781
6488
4986
2768
3037
203
1684
6956
3008
1631
