5171
5178
1846
5176
1842
1845
5897
5247
1843
5243
1997
6869
1543
5242
949
2508
5254
1987
5241
3560
5980
1995
1996
5174
1844
2888
2526
5826
4932
6999
2489
1533
1092
5175
2007
1567
2318
6555
4465
5717
6950
5895
221
1561
4740
2589
5997
1537
7167
3
801
2524
5896
6996
4770
5332
2173
5843
5415
5588
3168
2454
3669
2787
1787
1594
6893
1560
1781
1607
5956
1536
2525
4878
4675
3652
6172
7027
5157
7025
3650
1840
657
2005
2972
3666
4544
3889
3883
4128
502
2263
3170
3173
5475
2304
869
6955
808
1569
1593
1562
1549
4365
3962
2389
3617
2509
4965
5892
2814
7031
2406
1841
2100
6695
5288
1789
1998
1999
1786
6990
6895
2277
779
3882
2521
4203
4120
3619
2008
4013
4848
4701
5642
4017
3885
83
3887
3888
4543
6417
723
1993
5252
1460
2392
7028
4592
1780
6896
5315
3573
6998
5240
5234
1563
5998
6758
1360
835
328
5316
2504
5079
1040
4462
3895
7023
4938
4746
6892
2361
2364
1590
4177
5716
5334
6438
5317
1100
2673
3651
5671
3436
1063
5973
3872
5996
5244
7015
3667
1626
1850
777
6725
5991
3522
2252
1847
5978
1060
1572
1232
1574
1548
4339
2465
5862
2882
2810
3609
3662
2003
1893
2505
5992
3659
4611
840
2786
3656
6416
3968
6419
7115
4367
4977
292
7160
2704
4542
4853
2274
5627
1364
5617
6671
3362
5609
6860
4494
3363
6693
3379
162
5399
3864
5510
1381
2185
3374
3239
134
5151
4257
1362
6872
114
3369
3132
4548
2107
5751
4546
2335
6867
4541
5331
5821
1985
4773
2383
5416
6161
5411
1358
1575
4935
6080
3655
1573
4934
3360
1324
726
6028
6084
5140
5430
5793
2936
5314
2836
5253
1122
5173
5891
5163
4956
5670
3884
774
5068
3386
771
3559
1233
3880
3569
2670
3215
1380
3233
5994
3658
5760
1428
2115
6972
6971
2002
6706
4628
236
92
2547
2266
1778
113
2537
6346
4467
4594
2105
6466
2167
130
6729
6721
852
4498
922
6995
1739
2345
7165
1581
1897
6210
6211
8
941
4334
1849
23
2394
7078
7127
2375
4547
4253
1679
5561
160
5714
4540
4521
3193
3197
3213
3130
1383
3117
531
4840
3162
6553
166
5634
2269
4764
6472
2283
6667
5719
773
3881
5662
4771
4761
6688
5769
3940
3133
2288
510
3863
3517
640
3552
6991
5172
5159
925
931
4217
3665
667
5094
7045
936
1213
7130
1901
7137
666
5231
5235
5237
2189
2188
5412
564
5393
4926
6751
5337
3367
2104
4937
4195
990
5275
5251
3484
6890
2009
984
5492
1469
3969
4754
1558
1107
810
6457
1597
2455
233
2690
1599
2587
2475
816
1062
6326
4023
4705
4612
1617
1544
5900
2527
1542
6358
1538
6371
2767
2522
6458
1596
6024
2896
2676
1570
6215
1588
5823
2751
1546
599
5299
3398
1304
2705
6861
5069
1578
3441
1591
729
104
100
97
5990
5273
3338
1566
6219
578
2180
3311
4679
4682
6754
3366
6119
1631
4652
3770
2109
6357
592
1541
29
2129
1616
3561
620
2685
4958
346
6085
1815
5164
5100
4333
4959
5114
3556
343
1983
342
44
3664
1975
4274
3565
647
6255
60
2703
4435
6327
1595
2050
5080
3500
1614
714
5236
2571
5233
6008
78
1606
5395
4963
4227
1964
3572
349
3788
5387
5608
4741
3886
5667
2884
3134
6561
4536
2880
6655
1025
4130
5626
5857
5623
3167
2267
2852
6680
4693
2816
165
164
3878
6552
4708
5676
947
2393
4074
5791
2923
5759
806
4549
1486
3912
3005
807
457
2368
3013
6463
6462
1661
5711
3069
6534
3096
3890
6539
6547
2262
1075
5485
5497
1365
1356
5925
5918
6381
2198
3220
5930
2212
4870
4857
3231
6710
4150
2784
1369
4152
3223
5898
754
6411
4015
5531
5499
1020
4018
2520
3251
3849
3253
3829
3663
1080
4920
849
4095
4928
3942
3916
867
4651
4179
4981
4650
841
4931
900
4500
3660
3866
4504
728
858
4522
3966
4515
4655
1152
3950
919
4526
1042
3668
4832
4645
1195
734
3696
4134
1103
4200
923
4464
846
3956
4466
3974
924
4539
4671
4784
4164
4381
3632
344
2682
6155
6167
1577
6216
6220
6029
6235
287
6316
6319
6356
269
6365
6385
6243
6026
6023
378
5696
3092
3063
1463
5784
2913
5809
2892
5828
5840
2876
5861
5883
2785
5931
2753
5935
2503
5695
2496
6435
6863
85
2006
72
6978
7010
1818
6857
7020
1980
41
30
7145
7148
7149
7152
1982
6854
6735
2183
2459
2458
6490
2363
6530
193
1710
6657
2272
2264
163
2256
1738
150
6712
148
6723
6428
1425
5947
1423
5145
5146
5548
5162
5518
5486
3235
3554
1366
5429
5405
3550
3291
1344
3509
1341
5372
5214
1299
1336
5345
579
5674
5293
3365
3397
5312
3567
5582
1384
5076
3166
5624
3621
5612
5026
5611
5620
3164
1250
5605
3172
5649
1965
1927
3506
4151
3486
3605
2233
3606
3608
1193
4336
1728
4125
1740
2276
4132
1023
1861
3688
3686
4337
3568
4289
3576
1803
1799
2068
4201
3557
1779
4245
992
2278
1777
1747
3603
2088
4254
4255
2091
4181
2179
1248
2182
1814
3545
3604
2079
3392
1667
1183
3180
3654
3179
3178
3177
2758
3879
2788
2815
2824
2881
2887
2934
1108
1475
1138
2952
1464
3934
1457
2971
1453
3052
3055
1416
3066
3074
3893
3137
1551
1149
1393
3189
1703
2313
2321
2324
2334
3371
1676
1675
1673
4082
1041
3762
4043
1652
2299
4041
2495
2500
2506
3298
3786
1619
3817
3825
1353
2590
4005
2609
1154
2652
2487
4361
7169
4831
6814
4808
6899
4531
4529
4525
6714
4524
6956
6962
333
5414
4834
770
63
6285
4845
5259
5255
322
6383
4849
4851
567
382
161
6087
5993
5078
4599
4624
594
6866
5318
4597
4596
5319
362
4864
604
