5257
5250
6491
1984
1914
5804
1982
3393
2502
770
5806
629
1465
1464
622
621
5798
3006
1469
1912
1342
5796
628
5618
1913
3397
620
1461
1861
5623
3392
6865
3507
2503
6863
1985
4126
4123
1989
3505
4467
5248
3895
3395
1863
1917
1463
623
625
3009
3394
4743
3399
2509
5621
4127
2683
3390
626
5760
5253
1462
4612
4121
6864
5767
1466
1193
1000
946
1199
3007
5792
1869
6784
3004
5627
5392
6476
2505
2682
1468
6494
5620
1195
4464
6533
2789
5334
943
3002
2781
3391
3603
5790
2783
5506
6978
3396
5293
2405
3600
3896
3827
4200
6011
1467
6470
2978
5164
3967
3971
3824
1986
2780
1987
2996
5256
5255
2504
2501
2201
2972
3897
3584
5805
5411
5803
7006
5626
1190
1040
5390
2459
5160
5795
1351
5807
2819
4769
3566
3504
1981
5335
1919
635
4469
4462
2688
6757
3005
2784
4094
4015
3899
956
1240
7054
6480
6475
5216
1988
5220
5179
6477
4182
5680
4156
3444
2587
2540
5697
4120
4088
5064
2794
4014
2909
3898
6576
1396
3379
630
5106
5166
6481
5705
6482
3608
297
5628
2942
2760
2797
6840
3098
1815
1983
826
4468
1602
3019
4459
6869
5297
397
6842
108
5065
3147
6408
4253
3502
6866
1191
3892
5251
1915
6797
631
7126
3076
942
3891
6748
743
3228
4155
390
4463
4461
6063
4392
1542
4339
4284
2736
6417
4163
393
2415
6546
2102
6498
6501
4080
1910
4764
1398
5210
2399
2477
2391
1796
1647
1714
1242
2733
1551
2659
2832
1421
1069
2946
2817
2219
2394
486
6488
6968
4289
6858
5766
6786
4419
3894
3962
3999
6695
4635
6541
6509
4122
4181
5525
4188
6508
3301
1
266
3370
3371
7162
5898
7018
5849
4356
3590
6386
5339
6484
5496
7104
5840
1840
1857
5809
3287
1870
94
5764
1916
5428
5336
5313
5214
5212
5207
2072
5800
5954
1401
5998
7161
7158
7146
7069
7059
7057
7053
745
765
7045
886
5992
901
6788
6767
6583
6551
1392
5169
6495
6081
6043
1586
6042
6859
2143
1968
4206
4454
2894
4479
2941
4505
4572
2585
4283
506
4367
2961
3661
4736
4924
4458
2290
2176
3546
3374
3433
2206
2209
4321
4040
241
3400
2788
1394
4082
6559
6716
6710
2812
4018
1198
2905
1236
2799
3893
6625
2173
3855
3249
3074
3398
3014
627
7091
7055
3624
6848
744
2981
806
808
3816
895
3823
945
947
3641
6928
6430
1424
4619
2470
4632
4707
5765
4861
5602
2389
5507
1860
5502
1973
2370
5458
2284
2249
4956
2202
2000
5097
2371
2500
1855
4587
2694
6479
6456
2171
2685
6374
6210
6161
1510
1531
6094
4357
4417
2524
1649
1673
1695
1713
1789
1816
1827
4202
3850
7169
232
111
33
17
253
13
402
311
19
62
206
3308
3247
3974
3976
5691
5696
1368
6507
3166
982
4915
4281
6556
571
1046
1411
6724
6723
354
5624
255
1992
5217
4817
5215
6587
2821
4294
565
6579
2076
5211
6567
4920
5755
3093
2979
5067
3795
2949
5942
4044
5968
2692
2899
2888
4049
4050
2778
4097
6049
2984
6260
5872
4140
840
3068
5794
2410
3063
3061
3048
2277
1335
6356
2475
865
2990
624
6304
2523
5842
6742
2064
3586
3907
5295
4732
15
5466
7036
3589
7027
6762
3581
4737
504
243
4554
4466
5449
1105
3648
3653
3793
4
913
1068
5
7145
3757
3554
7140
5394
3852
5419
5304
5421
3657
4721
392
3553
2813
1900
4813
1902
411
5258
1434
4781
5234
3496
3509
6941
5509
3921
4399
3483
249
420
1162
5396
2956
230
3377
5955
2987
3386
5500
291
5583
293
4045
3437
3432
753
5377
6035
6041
2835
2827
2826
5616
2925
3764
5871
3457
3148
1039
5158
3568
5744
3500
4003
1212
3913
5676
4031
3066
820
3065
5808
3064
1045
3368
3178
1134
5213
239
5459
3446
5858
276
5558
763
5839
3044
3960
5857
251
4672
6068
4780
1864
6887
1877
1879
1886
371
6845
4384
1416
6799
1969
6782
1413
548
6700
6691
2050
1402
1390
1386
4282
6552
2150
578
2156
2170
4452
6532
944
4455
3
7156
1566
7128
164
909
1682
7111
8
4628
1684
4627
7066
7065
1688
1696
1711
7051
7044
1473
7026
7021
1791
18
1799
941
6956
6924
6506
205
6505
1330
2471
2230
6312
4139
203
2583
4125
4124
6208
2627
2653
4114
73
866
6154
2658
6127
2693
2695
2739
5012
5021
2769
4112
6087
6079
6075
2791
662
4989
6379
2472
6485
2310
2375
6486
2380
6466
6448
2333
600
2271
869
2320
6411
2374
4288
4186
1022
1545
4011
1066
4634
4057
4636
3981
3846
3996
4313
166
4349
4437
4170
4438
4371
4146
3923
989
4324
219
4360
987
4584
4017
4039
4161
4013
4465
4287
0
3794
1971
412
1400
1399
1397
415
2104
2135
2144
2208
1364
1363
2274
2306
2339
2383
336
2411
2419
2460
1334
2479
2522
1419
2526
365
1911
1516
1555
1610
1668
1681
1491
1685
1686
1715
1717
1724
1781
1792
1793
1806
1813
1828
1829
1848
378
1858
1440
1872
369
233
2541
2589
3227
270
3248
1176
1175
3367
262
256
3401
3421
3443
1130
3488
3503
3517
3578
3592
3621
3662
3668
3696
3708
3778
1188
2554
3144
3100
2601
1305
2607
2654
2657
2753
2762
2782
2785
2786
2795
1260
2854
2893
2940
1243
4639
1217
3070
3073
273
3082
3094
3118
1239
1544
6581
6908
77
4987
4983
6045
6572
5679
6060
6553
6069
6070
5677
6093
14
6099
579
32
867
508
6110
4925
6113
4923
7061
9
4921
7079
6018
849
5983
5720
5305
5787
5786
5812
5813
5329
5292
5781
5816
5771
6640
5276
5762
6123
6949
7012
5372
5167
802
7022
5952
5727
5121
5956
5082
5066
6857
5383
5743
5451
4928
7121
768
438
109
4775
588
6333
6879
