5296
3508
3376
5299
3375
3509
3378
5290
3377
5298
3500
157
5297
3373
1868
3372
4928
5294
4618
3136
4015
2407
3370
3093
4924
5620
5021
1909
5622
2974
6413
1866
1980
779
504
4463
5101
1908
5105
3371
774
4927
4017
1080
4925
7126
2408
6495
4926
5765
2400
5625
6411
5179
5293
1865
4921
4014
503
4011
1905
3981
4124
6861
1867
776
777
5698
940
5626
1888
4920
5797
7124
1981
5763
3374
5624
4469
1861
3502
6412
5140
4467
2405
3507
6707
1547
4029
5627
6417
5803
5149
1811
3983
3928
1864
3895
4139
5767
1007
3816
3134
3094
247
3379
2978
3135
5251
2273
6086
5794
4097
5258
4611
4027
1900
3505
242
4127
2509
2900
159
4253
4468
507
4364
492
2588
245
1234
2585
1902
5630
4155
4784
5552
3092
1920
6863
6415
5345
1843
3443
269
4023
4025
627
5334
5766
771
499
5339
491
249
6865
5631
1421
5346
5628
1591
1393
1605
1786
240
2399
6438
1845
1183
5610
7023
6474
1021
2583
917
2171
6895
4976
4022
4759
4018
76
5230
3177
4731
73
4706
3560
6074
1401
5472
5478
2682
1455
6009
7129
1901
6042
3130
2579
373
6152
3280
6138
4007
5131
6065
3155
3892
868
4257
5789
7123
835
88
254
4923
4144
1027
5295
4258
4466
2052
1082
4464
495
1107
6461
107
4595
4093
5337
5768
3561
5970
3604
7024
5902
3655
6008
5253
5255
1667
1814
575
610
741
767
785
6710
6695
6586
1035
1039
1083
3893
4131
1332
4028
1445
1507
6237
4021
1600
5760
6153
6140
4016
6369
5744
3872
5623
3179
2504
5176
3255
7111
5012
191
2402
5621
3523
2398
5377
5667
5493
3098
2905
2898
4934
267
1586
3117
2587
4592
3082
6204
3118
6472
2589
1691
4230
4134
4522
5614
6081
4013
6478
5544
5508
4096
1037
1029
5335
3091
4147
1336
1239
957
4157
2930
156
4158
4140
2664
1449
1232
1468
864
1501
862
837
4024
4135
5748
1951
4494
3056
3442
3444
6006
4465
7163
7077
1818
4821
2149
3051
1997
2005
2034
2039
1954
4736
497
248
773
2455
4415
3955
3552
3562
5812
264
5243
137
6797
2209
4732
5669
2175
5728
259
2907
4419
4362
502
5341
4255
978
2953
3065
770
3058
757
6722
2969
5232
6720
4498
620
2972
824
3090
535
2942
949
4460
3110
1481
6482
6044
1833
3220
1846
1860
3897
5164
5134
1886
3341
5051
1904
4753
3820
3792
5972
1988
5891
5843
2148
2167
2169
2279
2275
5749
3196
6131
3170
6142
4594
3111
4596
4599
5347
4635
6410
5404
1333
1343
1357
5410
1115
5416
1418
6300
3559
1505
2641
1508
1546
6236
2586
1609
6200
490
2759
5557
3584
289
260
7051
106
7125
6994
7065
192
6857
5239
955
4091
6582
5247
2224
3097
6589
928
1784
2193
4656
901
6854
3009
6549
2968
7061
4143
2909
5331
4141
555
5305
6114
193
4136
409
4126
6543
2967
5813
38
6229
5071
3284
1454
77
294
5931
3600
1887
5939
761
6732
6792
1484
1992
1925
5956
3749
3777
312
1870
3554
772
1315
2144
865
4675
1403
1404
3344
832
5062
1831
5025
2099
1427
642
5903
2060
1443
5816
5695
442
83
2397
4200
2628
2465
6428
5629
2460
6419
1601
6148
2459
6149
2469
2453
6487
241
6491
2720
5480
4461
4276
1118
1038
1257
5471
1666
1607
2580
493
5353
6872
5574
6457
1708
2578
2859
2381
1050
5637
6436
5421
5370
1594
5348
6195
3752
111
1139
3628
2109
5476
5901
4792
5013
1416
5871
1412
3392
2440
5974
4965
4935
228
2471
6734
5512
3605
6995
4901
4897
6475
1999
4961
5613
299
215
1451
4828
100
2673
5488
2068
5909
1987
2050
1040
5102
5424
2257
2799
3059
5241
2807
2278
362
7068
5417
5403
2388
1000
5722
5391
6368
5388
2304
5705
5651
6383
194
2315
5362
1028
6381
5342
1089
2403
6408
947
5107
5110
246
1121
853
860
2420
869
2418
6315
5148
1386
1108
3342
2743
2757
902
2179
905
5194
5801
921
3121
1102
3120
3119
7044
3106
5458
5123
2884
554
4328
1842
4150
4130
4090
1651
6921
6887
3847
4149
4715
6208
313
3865
1849
4148
1883
4132
43
6034
622
4000
6059
3879
4333
1788
1593
1661
1774
6850
683
4587
23
4462
6219
604
1662
4476
552
532
4479
5845
5103
5988
4528
2702
3086
3438
1279
855
3994
4277
1668
4118
831
4685
856
14
2414
5072
3433
119
5762
1408
5873
1105
3349
1721
5464
4142
3987
5122
5398
5181
4174
354
897
5185
4044
4057
145
5664
5200
5804
912
2190
6326
149
7087
5361
1047
3127
5214
287
3095
3234
50
1090
336
199
2904
5219
6879
270
5128
4145
4009
4146
5821
59
4195
4193
2206
1596
210
7060
2392
6867
1385
1702
2102
3445
1480
6978
7027
2948
2274
2296
2476
3621
2591
6290
3613
1469
3864
388
190
2272
3598
5932
6578
5740
6567
7053
4349
6737
3004
3793
5578
3759
4403
5292
4598
5569
229
5563
4816
36
6002
4408
6281
4385
464
5611
4123
1990
5617
2576
1995
4347
4133
436
2063
3916
3871
292
6718
6572
4608
109
1318
7045
4968
4306
4973
5890
4978
1136
1135
65
3123
4613
5306
4955
650
7020
1440
2467
5506
4344
3876
7118
6297
101
5242
3896
6477
6851
216
3546
1442
1026
2908
2312
29
6869
7066
1750
6529
197
540
1739
1725
2955
1580
5344
6120
2939
6541
1014
560
82
4159
1665
6488
1252
4329
4334
2651
4337
6977
5499
4338
1237
5519
6166
2470
4470
5536
6199
5619
1227
6459
1184
1185
4368
6187
1193
1197
1200
5566
5573
1206
2598
1049
6909
1261
4591
6522
2364
526
1595
5414
2824
2396
6402
4198
6972
2806
5426
1282
494
6147
2787
251
6506
2409
1273
1670
2742
2413
1110
2416
