5028
1887
4918
663
665
601
4657
609
4420
4486
1426
1881
4084
5147
177
3295
6237
4248
1230
1882
1880
4086
2995
3868
2998
2993
2999
4653
4010
6166
6239
175
6165
669
561
2200
4913
1427
1420
174
6224
4911
2992
2991
607
5027
3869
4241
6236
603
4516
4483
1592
667
1885
6162
4914
6231
3835
668
4165
4083
5069
6233
4207
5025
5629
3698
1082
606
2943
6206
5501
3466
9
624
6163
5026
4482
6226
4919
4243
304
3867
4658
6323
3347
1424
1429
5953
4430
608
2482
507
178
817
664
4916
6159
1676
4208
4203
6277
3726
4244
3169
660
173
605
5029
1888
1899
2226
2227
2229
1769
4085
4915
5067
4917
4656
4945
5295
6402
4487
4912
4169
3463
4431
4167
2362
4162
5536
5551
1386
4000
5068
4959
3865
2994
6168
2955
6276
5023
5291
4615
1904
4652
1890
6227
400
2947
2021
566
2020
666
1671
285
288
661
4205
6169
2228
4161
4164
2990
4655
1383
973
1008
4480
4553
4512
7078
3745
5055
1907
3958
604
1083
1221
1004
1006
6202
5920
1884
3055
2098
6407
559
4247
3862
2029
5543
170
1641
172
1648
5929
5535
3467
3373
179
1109
280
286
289
1777
2980
6754
5061
6167
5024
6267
3811
3832
4293
1949
6751
5330
398
5022
1084
5320
6164
1615
6281
6329
2467
6341
2401
1598
1734
1487
3351
1425
1423
3464
7010
4379
4489
6278
3139
2221
5122
2203
595
2196
503
1612
1009
1898
3673
3674
3679
6403
5700
3133
501
6404
4089
55
115
4078
5707
4111
4087
1048
4063
1625
4511
7076
1223
6017
6327
3637
1988
1005
2402
2169
4502
313
6171
5203
1100
1490
2902
2908
1234
3988
1310
2951
4555
5532
1509
6884
5925
3412
3670
1457
2646
569
6272
5688
6752
6265
2905
58
4081
3200
5852
4246
306
3465
283
4965
4895
3993
2222
4485
1088
4947
4751
2044
3866
1101
530
6854
6967
6998
6271
1896
2997
4326
2697
3892
1191
6344
4637
2220
4558
6319
1813
5544
4948
564
870
2121
2984
1180
1181
3741
5514
4166
3291
5971
4024
5701
3425
59
3461
4008
6960
6325
5686
4962
3205
5169
2381
6264
302
5421
4501
5468
4439
976
5589
54
2460
3989
4793
6270
4443
350
1204
3562
3729
1220
4584
1610
6160
1055
6322
1053
287
1889
1327
7141
5327
2906
6284
6282
6286
814
972
3692
3998
4503
7133
1014
3156
6408
6410
214
4525
3033
3028
6429
3021
5427
3624
4447
3928
3675
5850
1117
1940
3677
3678
2974
5817
2957
481
877
4433
1631
335
1595
576
3428
1581
6154
1573
4435
4240
5199
1891
2588
1897
2612
688
1638
1642
1883
3502
5586
5583
3478
4944
4245
591
2622
4910
2177
2315
4893
2365
4860
2403
1662
2026
6561
3426
3217
2824
775
408
155
2158
3746
4624
1331
1345
3742
5272
6882
2751
1307
6454
6761
6871
2900
7125
1908
3414
4168
5302
5779
4231
6728
3469
876
642
3257
3350
3349
784
3494
3259
3416
5887
168
166
5058
3372
5563
4449
5062
5533
3439
722
3429
3990
4134
3415
4458
4410
4556
3202
4095
2458
1637
4803
1594
1588
1672
1584
5197
1564
6067
2638
1905
2698
1576
5167
2350
4160
1859
4952
5120
2209
2224
2225
4156
4946
1865
6002
50
1866
52
1761
4894
1906
6098
4670
20
1169
2983
2989
6222
1106
1087
3094
6400
3131
6393
3157
3161
3997
3995
4481
1202
887
1209
1224
6883
6753
1350
1347
4630
4618
1312
6889
6890
4973
1272
5292
99
5307
1229
3959
3957
5113
506
6155
6170
5832
6261
504
3938
4249
6273
3632
6235
3579
4242
7102
4137
3546
2028
315
480
3898
391
356
6262
3727
3566
5669
7073
5691
521
3953
5141
4869
6158
5140
5538
4897
5851
2606
2602
4859
1503
6418
1895
1058
3307
6588
4019
1428
2625
5530
1451
3686
2088
2331
1943
6565
4891
2656
757
6870
1944
2355
4112
754
468
3851
5948
1432
1161
23
6642
1485
154
5031
3604
3294
3154
1632
3628
1629
1587
526
888
1626
3163
1591
6969
1886
3167
7070
73
1614
2477
3826
3214
1963
7162
520
3206
4805
3168
3992
4619
6391
6953
5391
3057
5886
2409
4559
6194
7004
5477
4759
5628
1639
5395
6844
1892
3090
6187
1549
1001
3098
3999
502
978
5194
6405
2022
1142
4807
5310
6328
1352
5772
4976
3723
1788
3479
2218
2270
5558
2215
416
6279
2841
6310
5110
1835
6125
6250
5059
6876
1379
6151
4588
7153
5572
5744
171
1270
5091
2874
4942
2772
165
1357
5693
7093
1273
677
3543
282
1274
1356
2875
1292
5706
1346
1308
1768
5137
4378
1764
3564
4376
3743
407
1333
3413
4568
562
5114
1184
4567
4315
729
5324
6130
3860
4043
2793
5021
5940
5554
3877
3424
4609
6228
1301
25
2528
338
148
509
4345
6963
6390
4491
6705
5289
4478
1297
6494
6122
393
4625
2800
3171
1278
1572
6251
5418
6478
2535
2856
1561
3164
1336
1597
1349
1586
5072
3135
4058
6299
3778
2909
4233
3672
4033
2647
2648
2913
1118
2988
438
1124
2160
460
5660
2917
5950
1422
2945
1164
7140
5082
5937
5715
5646
377
1188
5321
4557
22
4554
2954
1476
4971
7079
2584
2581
4230
5328
2777
1362
1051
1038
6298
5276
1894
3732
4510
4046
4340
4341
1517
6413
1480
4110
3003
5036
3662
7146
2891
6103
3789
5923
602
2610
1498
7143
6106
4582
4522
523
1759
2184
2404
4850
5478
3421
709
2027
6794
2164
572
247
5988
6792
3440
1792
250
3263
6829
4394
5463
531
2261
4940
584
2165
162
3946
6332
2062
7022
5614
4967
5154
4434
4883
1978
2327
6308
796
6054
6311
6350
5526
5145
6179
3839
1749
160
813
3589
3837
4856
2166
4414
158
6060
1722
2461
1630
5115
5581
6175
4069
6321
651
5696
