5270
2014
7138
2210
3141
5002
2236
5750
1644
6824
2215
2013
3558
2012
1962
7098
437
2042
6834
310
2214
95
3570
3574
5200
6665
5755
2892
2878
2893
4720
2017
3323
5599
804
787
517
800
3143
698
1539
6749
1525
4729
3145
94
693
2220
5942
5593
2016
5752
3634
4507
4223
2366
6981
4226
4551
3324
7030
1532
6980
2235
5400
3276
5052
1687
996
1726
785
4222
6744
2015
2374
2217
5706
7032
696
5754
1640
2011
2018
7090
5894
3361
5720
7135
5580
5615
3142
3140
5098
2133
1769
690
2879
2213
2237
3146
2360
3124
1328
3322
5594
6348
2212
379
5735
6747
1774
6831
1764
1760
6156
6310
3716
4723
5287
1729
782
4225
320
321
1160
6731
695
3571
2046
2045
5590
1977
1695
5640
5389
2238
7035
1965
2231
2865
2033
4867
4714
557
1681
3700
3308
1164
3979
7077
3332
6263
571
2386
3708
5461
6336
3126
3274
1759
4562
3389
3717
786
788
6719
1853
2089
7033
697
1699
3491
6436
2594
3266
4908
598
5646
5680
3714
7097
6740
4062
1270
1855
1725
297
5730
3269
5639
366
2151
352
5741
1731
3267
1265
991
5898
6108
1850
3704
7091
4229
5753
6663
4833
5694
2219
5363
5092
680
7104
4812
1496
639
1530
2128
883
91
4909
3637
1976
7096
5096
3638
4829
1961
2319
2379
1148
6331
3320
3712
2284
6318
492
3710
5632
3158
3579
792
5952
4171
1440
5383
780
840
3611
3128
6668
5384
3127
3122
4035
1693
2229
485
1686
493
497
514
516
2429
5595
4979
3537
3830
3268
1741
1761
6182
3630
1765
387
381
615
377
1694
6989
1538
1742
411
2638
2154
2674
3325
990
3957
6445
2118
6443
6359
1024
6344
238
3306
1956
5888
2035
3327
209
4564
3340
4303
1859
1857
3326
1858
1163
1779
6761
6661
7136
4352
371
7049
4713
1147
467
4440
845
536
3368
4800
6334
6848
7071
759
1959
3148
2868
4351
5685
6985
5693
5758
2040
6821
6828
3943
539
6786
2037
5886
826
2369
4727
1236
6058
5450
4503
735
5467
1647
298
4765
490
7092
3120
694
4235
3321
6025
5591
5482
2211
4221
4305
3147
6448
1862
3277
1571
909
983
3690
775
3380
5969
1696
5274
1478
2357
513
2056
4734
5380
6832
295
213
5487
3932
3530
1682
2358
5118
3547
3706
2125
440
4111
1737
6982
1733
6748
676
4363
6742
6259
2221
3595
1683
1685
1950
5686
2854
886
6293
3974
6054
885
2127
1524
2861
4631
3953
2866
4456
6053
5202
99
4457
3303
1577
791
5386
6810
2986
5381
2765
1603
256
6444
5365
7151
3385
6881
5115
1809
699
5677
325
4557
987
1169
3336
4308
6835
4716
5899
6717
305
3337
312
802
5364
5408
3262
2709
6305
3622
5928
1745
419
2970
3532
2660
403
1335
4437
7147
6936
6988
2691
585
5927
2114
5143
1772
4350
7038
5734
4302
7039
4803
370
3521
2671
2833
5410
583
2356
5059
587
6159
4094
3765
2218
6816
3958
758
5831
763
2075
2380
6140
5709
4807
1394
2123
3121
798
6354
5017
806
2925
834
4220
6351
6713
4724
4117
848
2645
3490
1540
97
3084
4228
2041
2043
66
4861
747
4860
3335
4445
4808
5967
4441
2058
7139
6313
744
3754
905
1852
1629
4252
414
1752
2563
1744
6830
1736
3971
1161
450
6077
2958
2790
4060
6517
6827
3856
6345
4826
1684
1953
498
6343
3733
3435
3304
6454
5636
4552
4010
299
3278
3718
6337
981
4565
1903
6230
5387
4036
5224
353
3265
1775
1168
5183
1768
1766
3848
3702
1732
1957
1958
2140
2202
914
4607
918
3719
5407
3534
1667
6346
4068
3641
6338
5596
5346
740
846
1434
5756
4301
372
849
1894
4300
3539
5239
6502
6362
5939
384
7069
5111
1743
900
2054
3593
1754
1755
586
2205
1657
4802
3684
5887
6987
2899
6498
1767
6311
4262
3870
2979
3056
3272
4871
5320
3273
4668
314
4306
3751
1978
4806
550
3891
3279
6949
4721
1022
3972
5703
4304
6095
3261
537
2122
6806
2165
994
841
6764
5083
6321
25
781
3406
5679
2468
5661
6093
790
3123
425
6813
488
7073
5368
663
6298
2126
5104
2863
4813
3169
3858
2853
4358
871
644
461
2352
2010
5883
198
643
127
515
3043
1698
4836
6216
3592
3466
6862
471
5737
6382
2359
2851
1157
645
6333
3150
1564
2795
5303
4584
2843
2844
3959
1735
3984
6390
2034
5977
2044
3632
441
2225
4862
4501
6825
207
3328
889
3715
3739
1730
4516
1023
3052
5985
827
3023
1031
6741
1170
6017
1150
5195
6745
1325
4708
926
6777
3045
2612
1338
1001
3533
1285
2365
6294
3549
1116
3564
1263
4719
4383
6789
4369
2635
4237
5027
1034
929
993
6856
1346
3018
2980
1166
1003
964
1271
3536
6734
1128
4256
3713
6763
4386
2336
2370
1777
4818
6496
2466
6493
3260
1797
5678
6183
5117
327
326
323
5759
4550
1841
281
2169
6335
4567
6986
1370
2797
512
6521
1680
1689
1690
5921
474
2561
462
5597
5745
439
6983
5723
1740
1753
410
6510
7034
6107
6440
93
92
6125
6381
5236
6127
5138
2047
5359
7131
3409
2539
2119
6133
3404
2100
6207
2113
7132
5884
5655
3687
2737
5645
7041
2727
5377
1918
3920
2148
4684
1937
3432
5341
167
1973
1979
5889
6198
130
2506
3644
5683
6984
538
1557
3725
1499
5553
807
4735
6917
3721
3711
2396
5338
4837
2858
2860
4726
3497
3125
4779
4421
653
4778
2606
750
3498
2903
2841
674
683
2371
5538
727
729
2646
2372
6068
3601
5020
6062
5019
6253
6942
756
2835
2389
715
591
1587
5541
1438
1144
1966
1433
6778
1951
5775
1954
3973
1344
2136
5279
3923
4725
1415
2108
6353
3931
2676
1372
2116
2121
2684
6367
5778
