5298
5299
4924
1080
3508
4928
4926
774
5290
5296
1868
157
1905
3376
4920
3509
4015
940
5101
3375
4927
2974
5021
2400
779
3370
4925
2408
5105
2407
5763
7126
3341
5891
5149
777
5297
3093
5251
4463
6495
3378
1980
1909
5179
6412
1908
771
1007
5631
5622
5765
503
773
4921
5294
4011
4014
5337
3136
4467
575
4016
3500
5761
1867
3377
5613
5766
2585
1920
1902
1232
3130
5620
65
504
1786
5253
1983
491
4706
619
4124
1814
3134
3379
5630
5331
5794
1866
6195
3981
4257
5293
2005
4469
5760
7044
4635
159
5803
5140
627
3584
947
1811
5623
4139
6411
2583
1393
3560
187
1547
4923
6316
3507
3344
1679
4029
1449
4415
5797
5258
6413
2096
2587
4144
1900
832
5335
5374
5347
5342
3371
3342
2030
3107
1883
5144
5767
494
3373
4131
499
6861
616
770
3816
1121
3485
4419
4479
2308
4143
1082
4618
6589
1038
2715
6461
4140
2405
2459
4141
4651
4736
1888
5215
1239
3940
3155
6152
3292
3706
3487
5103
3443
3372
4732
182
4007
107
77
5466
158
5740
156
2420
5403
902
1115
905
1261
3983
6131
4333
4021
6602
5334
4022
971
2898
4215
6121
1049
4130
5346
5190
6570
1264
3901
194
5625
6210
610
3505
5698
5768
5410
6721
2284
191
6644
6647
6881
6415
6867
1691
6863
4135
4023
5736
6100
274
294
3866
3009
1376
2978
3802
3801
6229
1255
2967
3097
5214
6204
4017
3135
2968
4145
4147
2580
7062
4363
2682
5039
927
5085
6572
2711
5421
6051
495
4611
650
6065
2378
4195
2273
4158
2578
7042
5350
865
5508
6582
1402
3798
1441
6720
577
834
4565
3604
4596
6779
785
4731
4900
3502
604
578
5032
5974
4462
4471
4149
6887
7068
6888
4198
6068
6062
4253
6865
4026
978
6044
949
5458
492
4338
1233
1252
4362
507
4148
1269
6142
5195
5196
6147
3298
574
1861
5780
3110
3119
5404
6653
6347
2586
6654
19
5377
293
299
1886
2512
185
6541
2509
2969
2717
5341
5791
240
254
2039
4088
5345
5748
4155
2830
2052
6652
1721
2813
6416
2930
7130
2423
3994
6851
1244
2948
1250
2960
1257
442
4034
1011
6614
6543
4782
5873
4680
2519
2522
786
2523
4592
2527
200
835
6507
2576
2579
5715
4466
4200
2779
1018
2761
1260
6043
14
942
6579
5401
216
4411
7060
4464
496
6667
3707
1468
3968
3340
5212
5728
1334
1666
6192
1854
3092
1901
3593
1375
5611
3828
3094
3805
1316
3280
1442
3287
3759
3961
6141
1931
7087
5191
3815
6197
1313
3374
1926
3319
6737
5626
6695
5584
6140
3590
3599
1833
6486
1788
4368
926
3618
2631
6480
2650
4351
941
3655
6488
3175
3230
1605
2402
7041
600
2399
3301
4901
4891
1728
682
5488
6983
4715
3177
6722
4688
6706
4678
5610
1670
6194
4571
6508
4535
836
6288
845
4693
3671
2171
2665
6634
6641
5749
3808
6107
6648
6369
3895
1183
4028
5722
3045
6410
1332
4018
6830
6834
6850
1988
5644
1237
3924
3926
3939
6381
1266
3010
35
6586
5628
2090
945
4337
6474
6605
4327
968
2179
2710
6047
5651
4255
2739
3106
1852
6613
6190
1021
1023
5739
2784
2109
6892
1075
2799
3756
2092
1421
6623
5619
183
322
257
5063
5265
5849
7065
5255
5086
186
5248
5123
371
554
5102
5339
5362
215
5359
5469
6571
3966
208
6148
6993
2149
5181
6049
5563
6048
1702
1401
3937
364
4268
7123
4258
1607
2589
2104
1241
2716
5151
6707
5098
1251
324
7050
2516
5229
2469
3795
1408
247
1990
1267
2468
3803
4403
6487
6417
3809
6428
7124
493
3394
6419
5072
6646
736
6457
3433
5239
4668
5946
5243
3896
5734
2259
4663
1336
897
189
381
336
2136
145
3348
1326
3804
2006
270
903
1570
4323
4689
5197
1659
1335
5207
783
6630
2842
1870
3012
4980
2404
2838
373
4096
5223
1135
3095
1502
1504
3004
5627
2455
5295
4044
2843
3006
1872
5121
3082
6885
4968
1480
1922
4510
6594
7045
5348
5724
1924
4136
4157
2298
6086
2410
6624
292
4940
5305
3117
3118
6970
1830
6945
237
4013
2434
2435
3592
4892
1022
6392
6788
6857
2438
4853
6666
7063
3586
1029
2397
312
6864
6477
4025
5422
1053
1945
6470
436
2099
4193
1047
654
2275
3685
2279
2588
2788
1465
4451
1413
4401
376
6500
3752
4406
3807
5205
4416
869
108
857
5512
1445
5056
3820
5843
4460
3790
6186
3792
7127
2787
6125
6869
4191
1189
6584
5142
431
1039
6129
5460
1035
1033
4006
2712
6846
1061
2713
2662
6120
2667
96
1108
6475
1094
5107
92
4132
4127
6591
1083
6601
4099
6590
1156
6604
918
6134
5148
3909
2773
6928
1338
490
3903
3899
104
5388
4357
3865
2783
3856
3855
3847
4312
2652
6485
2758
1238
2649
2239
2157
477
4254
5097
1268
6840
3960
13
3929
2140
2137
6484
242
1300
5527
4524
7051
4727
3338
5256
6312
3318
3311
2483
4743
2364
2472
2471
3278
2939
3265
6710
5262
2304
2358
1688
3446
7159
3437
746
6283
6650
2900
733
2501
730
5871
6289
5732
535
6977
5423
1667
2371
2942
1747
2464
1860
1864
5300
5705
1879
3014
1
4976
6368
573
298
3062
2426
3049
1904
5721
2418
6386
1609
3129
2396
188
1973
3211
6704
6662
3196
3178
3168
2972
45
5286
1796
3137
4895
5485
4902
1815
6387
4638
6725
6511
197
6645
776
6547
3605
6228
3628
4549
3559
4532
2511
6777
6225
4599
3547
6219
5012
5013
1496
5970
5967
118
3543
1481
6509
525
1518
2850
1591
767
3601
6199
2319
527
2884
66
2175
4027
3133
5131
6636
2176
38
2174
5143
1440
7122
149
1951
5624
1433
88
5433
6617
372
6690
6358
2097
317
1363
6122
5128
4126
1105
