5294
5296
5297
3509
3378
3370
1909
4011
3376
6413
627
3375
5101
3508
157
3136
1239
4463
1905
4016
6495
3135
3500
3377
4015
5622
4014
4467
5105
2407
6861
3816
1866
5290
1908
3373
5149
6412
5797
5794
4928
3093
3507
1900
3372
5620
4618
1080
4167
2588
1904
3134
5299
2400
5298
5295
2405
1868
158
4017
3133
1427
4926
5144
1986
5626
2974
159
4927
4755
1393
6474
940
1867
3130
4481
2589
4013
7126
504
5251
1902
5013
5179
6219
1083
6369
6410
5291
3502
2583
1086
5146
5293
5258
6428
1888
4921
1980
3866
5331
3379
4651
5610
5344
1507
6695
1089
6722
604
507
1237
245
5791
6411
5972
3584
82
5021
3341
4124
5695
4595
832
2408
4656
1131
6329
5472
4200
1906
3374
4465
6797
247
6863
1882
6542
5147
4924
6549
4956
6720
4934
569
3865
3311
1234
771
1421
3371
5803
4594
5253
5140
4469
5123
4462
5107
2500
2900
6973
2454
5102
4019
6865
499
4018
2409
5339
3839
6478
4199
3518
4007
4163
1082
4023
3955
6419
779
3987
1385
6325
5243
5
107
5330
5335
2682
3097
2585
2578
2467
2453
7123
4205
2322
2273
503
4204
1050
602
3462
3443
4920
1880
4923
4925
2006
4160
3344
3343
156
5024
3349
4307
552
682
6540
774
1591
6482
5232
2952
5148
3177
5543
2279
3178
3179
3180
3271
1884
1864
1044
3506
1624
6140
6166
4657
1357
6346
1158
6418
1138
4090
4139
6469
6016
6977
4337
240
7128
175
7125
242
2063
7129
1865
4655
666
2581
2579
659
356
3188
3892
4592
1887
1232
2857
497
493
5841
3092
7061
5816
901
1931
4155
1949
5337
2805
5789
2811
5127
1320
3487
3663
50
4915
5464
652
173
6472
4303
561
4981
5157
3613
5630
1088
4178
2459
259
4522
2429
550
2296
6160
5627
5185
3916
3239
1124
4194
6415
6417
6788
2209
4332
4012
4006
2804
4131
3779
2908
1623
176
2953
5259
1670
3752
1861
6887
1680
19
5970
6915
178
3723
2751
540
2495
2492
5625
3560
2452
2504
560
563
607
7023
7068
5512
2389
610
4759
3628
4255
5810
5334
5342
2001
4770
4772
4253
5391
58
3505
5698
2132
2586
2137
5761
6129
777
1206
1355
192
4000
6323
7159
4460
6541
6604
1451
1233
5129
1441
6547
3182
3055
1418
191
1282
6210
1021
1505
1508
1000
4711
3096
1007
4596
1343
6972
3119
4169
3928
3342
3642
38
660
4258
5345
4193
508
3174
2003
2615
5062
2626
2060
6319
3185
4773
4598
2036
4158
1279
7062
4166
6773
3306
5617
2224
6450
2229
1107
3313
6477
2254
5569
4344
4464
255
269
3291
1118
4790
4654
2144
4945
6737
3546
4080
6543
4955
5471
5629
6808
6414
5025
5022
2200
5401
4480
2383
7163
4147
1634
3082
4244
855
3751
3447
3444
1391
1397
3442
2859
4135
5143
5214
5245
2918
3717
3433
2913
1480
6092
4710
772
4725
3004
5292
4930
831
1550
5812
2715
1951
5306
3095
5842
736
3842
3104
1166
836
2320
3941
4419
6761
1573
3733
4712
5985
3604
6008
6625
4791
3746
1707
6012
797
1674
3958
3756
3770
6463
6488
1133
3671
6545
1183
921
6237
3655
6246
1897
5749
4599
5765
683
5814
726
1999
6142
3678
1943
3677
1352
3670
5767
770
4309
5705
5640
4274
5914
2169
1184
1961
5877
1429
6327
1230
4529
3702
194
4421
5853
6233
2091
2090
662
4005
3949
6898
289
2605
282
42
5209
4944
3523
6971
3347
5205
4198
3089
4833
2509
4831
2969
2972
5118
5476
492
491
3207
7110
4905
4901
3460
3183
2759
7101
469
3184
3176
106
5347
3485
2799
7131
2801
2807
5362
2651
3196
2852
2673
5477
333
4932
3569
4982
382
5497
260
2403
376
3316
3037
6943
5190
5504
5493
2420
3557
4498
6215
3056
2810
6232
1535
373
6216
225
4466
1398
5873
3139
4913
2837
3166
6149
6148
4590
4907
1468
2756
1449
2764
737
6155
1426
1901
2766
1893
2779
7117
1246
3054
5242
309
3051
2889
2904
3132
381
54
835
3094
55
1392
3091
5113
2978
6582
4718
6235
3990
4730
389
4144
5191
3777
6122
5207
5308
3750
5187
6295
1383
229
5170
4186
3732
5947
4918
4276
2891
1326
4024
2911
4947
52
1348
5172
5208
4141
2930
3737
5813
464
83
2476
2206
2205
2490
3314
3621
7075
4784
3627
1084
6523
2516
3634
4528
5311
2149
2147
2576
6813
4782
2134
5664
1106
2594
3948
555
4973
254
3950
3598
1038
2417
7020
6489
4096
5578
3562
1047
6487
605
5501
3612
2444
4249
4523
976
5491
2226
3319
2131
6944
241
4426
3504
3917
1981
5788
199
3648
5042
4461
6404
5361
5763
1153
5798
4768
3186
4424
4645
3643
3815
487
1144
505
7042
5777
2716
6416
3472
1945
3058
3318
3189
5051
3847
6368
4688
3057
3883
1424
1040
3936
3044
1032
4976
1002
3181
6340
3059
3201
6226
1358
4986
1100
5010
4963
5078
73
3277
3276
5084
1137
1325
1139
1142
3110
1192
3085
3310
6228
1185
3398
3315
6282
5057
6236
3154
5031
6462
6315
4939
3237
1380
89
1110
5519
1485
5404
2593
2597
3641
5397
153
43
5395
3647
2088
4431
45
2621
2138
4429
2629
5760
48
4873
5377
5766
2024
5772
4427
3486
2002
5346
5332
2625
3475
5410
5659
5523
5532
5536
2387
2402
2315
7070
5557
2276
2275
3605
5577
4247
5414
4792
5584
7066
5613
3559
3618
5474
2187
7076
2181
5462
4338
4240
4254
5583
5318
1940
3463
6041
2956
1651
3762
5196
6085
5194
4724
1581
1580
3786
6125
1557
3754
3788
1546
6134
4715
1534
4451
3410
1509
5155
4706
1500
4933
5141
6153
6127
3418
3753
5204
170
3692
1886
2790
1883
1881
4192
2806
5254
1860
1850
5874
5875
3713
4191
1785
2905
1778
1777
2907
1753
1750
3736
