5306
3496
1554
489
5914
584
510
6700
5236
5350
1372
5617
816
894
4730
5031
6540
2156
4406
820
582
610
4159
992
1508
1276
114
3166
5917
896
2146
2288
3990
5352
3613
3669
3875
2726
5945
6552
113
1753
5462
2624
481
5358
5874
6959
2316
3568
5357
5583
3058
851
5221
734
5911
6739
3396
6735
2311
84
5936
4618
899
5975
933
537
6549
2144
6111
748
3659
54
1742
3235
3234
1528
4933
3664
4586
5123
881
5616
869
5228
839
142
797
5517
1758
718
717
6183
5326
3591
2577
2605
2651
361
331
3237
2361
1764
7169
4898
1099
1097
6994
1778
2092
3492
5498
1377
6332
641
2097
716
2032
719
720
737
6172
3191
580
4050
1405
1853
5405
3238
2821
1506
385
3650
3607
7155
1526
6889
2626
2006
1529
799
2643
3328
752
5087
2149
3351
5582
2143
5127
5239
5674
1720
4710
1205
3331
4753
5625
5496
1412
898
2090
1562
465
2629
5092
888
6466
5843
1201
2656
2110
6833
280
6752
5974
1139
6721
5976
337
944
2095
6694
2757
1093
1756
4571
5951
2653
5380
6339
546
5906
714
1820
829
5232
819
2369
5722
1787
747
5254
4934
4400
758
2321
5545
4722
2379
5497
6184
2393
811
6096
5205
2514
6312
5355
4151
1031
4152
1373
4961
6302
6300
5921
4198
4228
2406
833
6189
726
3655
3658
3233
3089
3493
7048
3013
6895
3085
7096
6295
3917
864
1900
1902
4097
1926
2707
1400
5371
2716
4890
5481
3914
4892
5950
2329
5014
222
2404
1171
6104
338
3542
5353
4983
5748
5386
4442
1323
220
742
2417
4418
6698
4774
4784
989
5934
1376
6152
2154
2153
6457
5957
4008
5283
4030
3635
2591
6982
3627
112
6003
2063
4789
5264
4598
1521
6086
3192
3961
1993
125
2009
2176
4155
4194
2352
2475
4193
4044
2036
6420
3080
911
3359
6693
4173
6197
6812
2888
2282
690
5307
250
6737
6303
225
28
2882
3593
3815
243
586
4140
4133
1745
6758
5191
4408
1243
3657
2256
6316
55
5136
6726
1267
3497
533
5166
818
6880
5140
694
5892
4735
4750
3059
5870
696
1184
1074
6317
268
3134
2645
2650
646
5493
5490
2138
6861
2470
1450
4028
2593
5351
3685
251
2625
4148
2963
6039
1533
3993
6431
2292
2157
3113
6131
756
5417
6962
6536
902
2499
5415
2081
3919
157
3317
4221
2217
5758
2353
4364
3834
5097
5093
6181
1824
340
587
5690
1486
7066
2780
5359
2357
838
3375
5090
7055
2789
6330
6255
1507
2539
1747
3736
2713
1750
5362
4831
3352
3519
3831
1092
154
583
6713
4072
823
4837
1790
1207
3536
6337
6948
6101
6037
115
793
2259
5340
581
4415
1555
6897
6461
2473
506
3082
2516
26
1368
544
4053
541
887
821
4346
891
4528
1542
4345
813
4405
2476
2224
2526
2226
4593
2525
1601
137
2290
2479
613
571
5294
2578
4037
4141
3984
2134
1202
7063
5073
6179
5235
5720
6718
1182
6715
6712
5728
3555
1378
2363
1494
2786
4930
355
1560
3852
743
3653
4894
6467
1502
6736
5786
226
6753
5593
5614
5188
1275
5589
1272
3707
3656
1699
3554
3544
258
264
5157
722
2397
1245
2376
5128
3734
5125
5677
3239
5581
3774
3355
2744
5773
5491
3384
6543
443
2038
2647
1916
1011
4610
4612
5931
5956
6531
4303
2111
5937
2614
5942
3548
3642
2096
2461
2623
984
6546
5904
1344
4608
5811
4839
6873
77
4835
4814
5841
3916
1027
2434
3918
411
412
4211
2438
5864
1992
3964
4210
4199
5958
3032
2334
3545
1374
6134
3222
4280
759
2371
729
753
6940
2356
3277
6135
159
2324
4309
4369
4984
5742
1827
5241
1138
1325
4905
1128
5767
4876
4867
5790
1909
1094
5248
5564
5566
5721
1196
5195
5194
5588
1268
1703
5182
5587
4772
5224
5129
1242
58
1762
3353
5101
5698
5631
4770
5535
1039
2155
2171
895
3500
890
3506
1352
6030
4550
2211
4482
861
2239
6107
5309
3049
3508
4368
929
2141
5897
5901
4731
5905
7013
4712
1004
2142
4649
5940
2091
3490
2112
950
4604
6977
983
6930
5213
3965
6485
6521
2916
342
2881
2457
4103
5387
2673
6562
2641
6307
2640
4192
6309
2759
6799
4181
4220
333
5403
6338
1496
3230
6547
619
2520
1549
6814
2860
3738
4150
2858
2644
616
335
6534
5473
362
3960
6269
3701
6793
2807
2951
240
283
2394
6193
2880
6331
4036
191
6900
6887
6433
3651
459
3231
3236
463
4225
540
3913
2596
345
1523
3271
6469
2799
3783
3934
349
6207
2403
542
2402
466
4254
4250
6497
1320
2620
3438
4964
1826
5743
2628
341
6188
221
5296
6422
2576
2579
2580
5390
5050
511
4029
6465
3827
496
4600
1179
4025
2136
5015
336
4014
6489
2611
2114
484
3837
2610
2968
2607
6981
3228
7148
3833
4017
5751
2785
2967
5548
2749
5784
5783
6563
419
4783
1501
5540
5868
1123
4752
3871
7039
4879
1520
4786
4787
1913
3904
1911
3378
3907
5242
4832
5464
4817
4816
2714
4802
4797
396
1326
5876
5752
1046
364
5916
3372
6056
6886
2059
22
3846
998
994
4936
1322
1321
5275
6530
995
2655
1135
3389
5534
425
2027
2660
4733
3982
1130
7038
1030
5900
6550
4732
7053
3145
2961
5879
7062
2813
1634
5329
6115
3174
3541
1659
2280
3532
751
6314
2503
4297
3731
1385
4403
50
5652
4223
7097
4226
3350
832
2873
3594
2518
6333
3562
6241
4143
5120
4144
6170
3540
644
2896
1262
256
2314
6139
2463
634
6297
5419
6280
7123
269
7087
2302
1697
3172
5412
796
4190
4300
3706
3047
3039
618
2298
247
3596
3737
1693
4518
6195
6240
4059
1535
721
6937
1209
1208
6192
4266
1780
691
3546
4269
4051
4585
2564
3663
6066
