5315
936
2885
3849
5318
538
2619
5717
3788
4544
5510
5512
4638
2454
5719
2458
5611
2003
4339
6990
2816
1947
3008
2261
1060
810
2401
1893
5312
7057
6649
5311
1901
1783
3628
1803
5395
4074
4435
3617
1890
5511
6641
5316
6643
2351
5314
3942
6629
5022
2451
5882
3887
3785
2535
1051
6164
6596
2277
2269
530
5714
2450
2895
6650
308
7103
3618
1940
2007
5772
3626
2703
6253
2814
6821
6638
4678
1789
3781
6631
2751
3884
6610
5991
2456
6606
5922
3845
5817
6627
5848
3889
6595
5852
6599
4547
6293
531
6603
5707
5712
5700
6557
6635
6656
5463
2918
2917
4548
6624
5174
3164
1949
2913
2009
6651
6960
6608
2889
1218
5782
1383
3954
5076
7152
6451
5756
7106
1802
3882
4755
3883
688
2613
4370
5802
2452
6085
5808
2266
6658
2263
6039
5444
2260
6607
5850
2604
2609
6605
806
6601
6842
4770
5474
6590
4873
4338
6729
6871
5884
2315
6898
1877
6899
6633
1056
2362
7078
333
2881
3168
3625
6645
6827
4545
5711
2617
320
1063
4377
3997
2709
4076
4674
2189
6636
4675
6388
2186
3995
4543
1538
6598
2616
4546
2618
6088
4564
4725
6652
3051
2756
6659
2690
6646
4480
6991
3349
6630
6597
4952
2798
150
1769
2810
938
2811
6441
3866
4840
3842
3784
3840
1870
148
3622
2911
3620
5879
939
5713
4332
1840
550
3881
5788
1058
93
3028
7070
6623
6653
4549
6620
3949
147
3481
1295
328
5080
4177
4676
3692
6228
1842
3780
3783
5693
1100
5277
536
1883
6205
1892
5302
6771
3787
6166
4975
2658
4632
1942
2424
3338
814
1651
5857
5874
6604
726
729
2969
6600
1549
5500
6844
4333
750
3880
6846
2472
6538
1804
5551
1497
4101
1740
4679
2387
6972
5584
2912
3826
940
359
5193
6657
2945
3016
2453
555
464
4773
4907
4737
6644
2601
5095
2607
2979
4903
6709
5152
6885
4692
2392
3056
2376
2767
3025
5165
5275
5548
182
5508
3550
6542
1544
4288
7145
5468
5449
781
6550
5422
1347
6019
3888
4265
1617
5771
115
6458
5775
4244
1872
5800
1896
3629
1717
3619
960
846
841
976
2185
3401
3461
728
689
4953
4542
685
5313
3973
2268
2301
4595
6628
5308
3169
6231
315
4590
2265
4541
4489
6619
721
3331
3956
3789
5331
5897
1314
6279
1141
6346
6360
5027
5055
1054
6714
6772
5801
2590
1358
1221
1304
6038
1293
6345
2685
2652
2602
1296
6383
6725
2612
5572
6466
5190
5198
5199
5203
597
600
2249
2271
5317
6655
6622
671
2303
2304
2324
5288
5287
757
5078
2182
2173
2537
1895
539
1897
6699
5636
1958
5155
838
6639
5171
5531
5516
803
5479
2105
5423
5178
6602
4000
3237
3786
3744
3446
3647
185
4659
3723
307
4376
6882
7154
187
4596
4235
4901
3005
136
6997
4571
7159
4295
3998
3
6992
3615
4950
4125
4487
3571
3616
104
3418
2916
3855
223
7162
3654
1905
5664
138
3623
1882
6487
6305
5252
378
579
1776
373
2442
2954
3782
5757
134
1806
3732
6860
6867
5635
602
5708
5243
5704
1829
3613
4671
6640
3274
4540
4379
221
2272
3291
6593
4381
2183
3429
4510
6615
4420
4424
234
3369
2256
2237
2229
3259
5393
5394
4677
4284
1997
2005
3108
3567
5550
3132
4651
5481
461
3484
4572
3482
7025
672
5440
6555
676
4262
1757
4483
3948
2888
1517
5146
20
6728
2528
5883
987
406
2536
4049
2930
6810
3946
2638
7151
4085
1577
6362
5035
4918
4914
1545
7155
2882
5157
4089
2735
4968
7102
4120
6267
4040
7109
1101
5876
4098
1659
1055
967
977
1228
1487
1645
1384
1229
6040
4374
1356
34
3939
4334
5427
7031
6370
2123
1431
7150
5780
3941
1184
4006
235
7
6996
3414
10
2233
1230
1233
1248
1083
17
2223
1330
1432
754
1345
6999
3945
2181
764
2069
5973
2055
5893
3644
1608
4245
3886
883
3878
5877
3686
6455
6405
4167
5858
5716
3862
1654
3769
1680
7100
7110
5793
4117
1777
3817
5770
1585
5504
993
4075
188
1448
6014
3559
5997
42
5982
183
3560
5980
5929
4289
5920
172
2002
1005
4070
5591
5598
5914
1964
1569
5613
843
1943
1575
5753
6780
2650
5233
5148
2743
4594
432
479
4578
2297
2884
4972
457
2436
3224
4568
677
2880
2705
6687
2406
4791
2998
6648
5023
4682
4912
4911
394
2487
6654
6621
5158
5274
6894
3114
6632
502
3119
358
5041
639
682
2637
6618
6818
570
2817
3317
5069
2583
3293
5324
6613
3311
4830
6845
3260
6848
2262
4963
6609
3278
2915
4839
5689
5695
948
4718
2844
1360
5669
3024
3839
6473
5066
5077
3652
1906
6886
2764
1898
5818
7115
441
501
6688
4908
3940
870
4904
4705
505
4709
1710
1716
2997
1046
1801
2995
4042
1423
2964
1657
2484
1535
5784
4865
5191
931
6668
4771
2935
6031
2455
1574
1047
2419
3858
5861
4111
5058
4129
7084
2404
6717
5234
561
5715
901
4164
2415
5718
3863
1409
2459
2851
4160
5337
4689
2184
4560
2707
458
3466
6705
6322
773
2296
2708
5441
1224
2125
6204
2886
2533
5085
4592
2104
2762
4086
3270
6319
2188
6278
6993
4488
3364
5330
4439
5328
6612
4493
2853
4967
4515
2264
6273
2228
6592
4521
6270
6778
6258
6964
4611
796
5145
660
4794
2755
3102
5565
2354
3953
329
1313
4269
4023
1318
4680
4257
3610
3612
1336
5632
5633
5634
1337
630
2019
1299
5518
3525
2063
3966
3174
1294
3555
657
2654
1080
3142
5509
184
3130
181
2042
5279
651
5949
1546
1531
3912
2852
1553
3909
1541
5084
3908
5031
3924
3963
2746
1292
3970
4932
2737
2693
1302
1227
4016
4012
6224
6244
3993
6272
6274
1223
5955
3958
6150
5990
5057
5996
6015
4045
2588
1437
1310
