2293
1829
4949
4660
3675
1823
4799
2290
2297
4566
1825
3679
6092
1495
4796
1632
4943
1638
3676
6841
2020
5328
1522
6771
1497
3677
2291
3671
3688
4941
5326
3670
4032
6777
5055
5731
2961
4797
3682
1637
3012
7109
1491
4781
1494
4397
1722
6772
2022
1729
6198
4667
1573
974
2239
884
6842
2513
4556
2059
4788
1826
1492
6423
6097
121
2296
3681
975
3674
4793
3685
3686
2927
1821
1820
2962
5738
6770
1947
1579
306
978
6279
2024
2026
3465
4792
2295
4944
335
7095
2292
6199
3919
6429
4798
7093
5700
4665
3726
5707
2031
973
5681
126
5271
3858
4948
4945
876
4560
5320
4661
3910
5486
4564
2897
4794
5054
3728
4787
2461
1630
4790
1641
1490
2688
2238
1631
2966
968
3687
6096
4791
3010
6779
4795
888
5705
4433
4430
5316
235
304
2029
4662
1201
3852
4399
1949
2038
6422
1822
163
7094
3911
4439
3698
3464
5481
1209
1262
6776
967
4947
6098
1521
4558
4553
6382
303
4711
2299
5551
2640
86
3912
6849
2994
4388
3021
5850
3945
3993
4220
7133
3309
7100
290
3358
6759
5739
3678
2030
7108
2517
4632
4669
962
5323
1796
1798
5322
2147
652
2019
3259
6099
5859
979
3061
6843
618
5501
301
2298
959
3468
6822
5329
3011
1361
4392
6774
2899
1279
3868
1671
1828
1691
6773
3916
3917
1498
1693
1520
3947
6388
4666
329
7057
1686
6920
5858
733
6974
5262
5325
4561
775
5031
4682
872
319
5852
1575
4380
4389
2025
4765
1827
5729
1277
964
963
4412
1946
5089
4431
5776
658
2649
2278
3856
3565
239
6373
6234
3055
3851
3999
6339
2477
3941
4010
6425
6085
6272
230
2965
3414
2963
3018
568
1047
1030
4890
5701
3695
7042
173
5794
3859
374
5398
871
6420
2467
5295
5378
3914
3466
960
3778
5782
2889
4737
1229
4668
109
3673
2995
4663
3684
4782
4637
7053
4786
1436
6352
2798
2775
3016
543
5771
1517
438
1526
5708
3915
5704
3918
1278
3263
5050
2039
783
2036
4037
6979
4226
4275
234
3942
4946
2121
4113
7097
4223
5975
4116
1880
4973
4335
307
3697
1493
3015
7141
4000
5529
6844
5953
1117
5338
4012
5709
559
3929
2672
6112
2303
5487
5037
3920
5483
2915
6972
5057
1223
5722
2850
1345
2991
1186
2992
5324
5056
3683
4664
473
4090
1158
4633
6752
1424
1428
7107
6846
291
3008
3014
5792
3855
176
2515
3854
3463
1680
4398
5080
1688
6410
1974
6903
966
5814
6899
5059
921
2372
6898
3446
5851
4435
6239
880
4447
1649
3963
1646
6481
838
4368
3114
5806
2646
5302
2644
5684
3467
3390
223
3853
2470
5990
569
3992
1243
3198
665
1275
3415
4768
5058
1194
1228
3302
3416
1205
3401
613
812
667
624
5703
4960
6267
4835
6262
5104
1087
3122
6277
5713
6110
6174
3017
6206
6204
5145
3462
3461
809
1140
2997
889
6192
4783
3314
965
4971
7102
6384
4438
1720
1697
5809
1645
404
406
2529
5800
1603
4505
1576
1572
1544
6021
2708
5795
4424
6635
5292
4110
4138
4098
4085
5882
2254
2027
312
314
2021
3995
5844
1848
2463
1806
3887
1783
2715
6371
2767
4111
3657
2856
7146
1359
1408
3693
2918
1414
2872
1347
1351
2859
6479
3255
5969
2362
5847
5726
1890
2454
2474
1206
6901
1339
2512
5676
1221
4957
5772
3423
2919
3305
1269
5920
6519
2957
2158
2906
2095
4082
5051
6330
6541
3316
6958
2236
759
5670
4207
4031
2887
6915
4006
1231
4191
877
1744
1356
1606
4627
4519
4626
6383
4838
2656
3088
1453
4529
5785
6274
2661
4825
6738
2789
4559
2703
2769
3746
3725
1509
2737
6124
1190
2999
6877
4569
1358
3861
5817
6884
3458
6882
4898
3460
6338
1695
3689
5808
4473
1639
2613
4895
2629
2928
1410
6131
6265
5803
1609
2921
4485
330
231
300
5291
7156
5100
5175
308
5500
5314
5249
313
7091
120
123
5515
232
5081
136
332
295
6976
7048
161
7150
5327
5549
80
5261
5166
6973
2766
4391
5820
3720
6050
908
2752
6891
2747
900
6366
3729
4396
3727
6893
4405
4434
5818
5264
5471
484
5187
6321
4955
6322
5611
2917
5813
2913
605
5082
4686
6069
1321
4442
6333
7145
6612
6656
4695
128
870
2911
6883
4322
5168
2381
1181
5646
7119
2028
2339
4769
4771
3991
3996
4208
2294
4832
4017
2277
4203
294
2269
1155
4176
4030
255
2234
2144
4089
4764
315
5977
4233
2647
1245
3784
1899
958
391
976
4894
7039
7038
1218
5686
4346
3871
5692
5390
1954
5308
5635
2476
2469
1203
2462
4865
5647
1191
998
4481
1124
4528
689
3118
5799
1484
1471
5746
5067
1545
401
1640
1633
4625
4501
3268
3351
3546
3169
5540
4554
3234
6934
1504
3162
3510
3469
5518
6191
5030
5777
5787
1604
4636
2990
464
3512
661
1454
4488
5857
1200
4875
1943
6574
2478
2514
1963
4555
1953
6954
6955
2482
1944
1004
5411
1940
949
4532
6600
953
954
164
2980
3459
165
333
4742
1927
1230
1227
5685
2598
6396
7065
6008
1225
5513
2582
2577
3845
1416
1222
3850
4891
3437
6407
5241
4254
2971
1988
4830
2048
7031
8
4615
1462
6196
4187
4619
2258
2091
2098
2105
455
1147
6534
5886
4070
1109
5929
4074
7101
2
2181
268
2148
4099
7104
6190
2047
6424
6201
529
2001
5584
6965
1192
5586
1523
4227
1430
6720
3944
1041
4847
5645
3970
6848
4766
5044
4620
5045
6733
4772
4624
5358
7058
7092
4215
2040
4609
3260
6202
694
1457
6116
875
4421
824
2926
7142
4994
881
7076
7070
6909
135
6910
400
6757
1340
2759
600
70
5132
3723
408
2944
62
2923
3519
91
106
6282
850
3640
6335
4688
4436
475
6276
6992
2895
3066
5287
758
