5326
3685
4220
5681
4667
4032
533
6339
4368
743
5092
2965
2649
2095
759
4561
1494
1521
4666
1522
5329
618
1823
2031
3017
4660
3728
2643
5684
2514
7091
6984
2295
7108
2236
4662
2644
4664
6337
2656
5727
5728
3726
1693
1368
4797
752
3918
4979
3914
2144
2655
3679
3913
2239
888
1201
5945
5966
6335
3490
4796
3688
4661
4794
5486
4110
7109
2290
6726
4799
506
3917
3916
3911
5995
4782
5271
4781
6192
748
1699
4444
2960
5320
5156
4898
2645
319
2962
2047
5726
3919
1496
6559
747
6185
4669
884
758
4369
2092
126
7053
1066
2873
4223
4226
6191
1492
6422
6423
1030
1262
2094
5283
3594
7097
4560
613
2039
2032
4793
2147
3012
2020
2513
1829
1826
3852
4277
5977
3018
4563
4949
4776
3014
5688
2966
1016
1065
1074
6338
6334
1261
6534
6193
827
1497
6096
1638
753
5729
5723
5721
2024
2285
6772
2292
2515
5358
2539
5031
335
3013
4552
978
4517
3675
7095
7093
7092
4389
3599
73
6332
4030
2059
1828
3351
6320
3915
3350
1491
3891
1208
6774
6753
3313
264
3682
5720
7102
121
1275
3607
5306
3141
3355
2707
5965
3657
4113
5070
510
3674
1697
2293
4528
3496
2961
3896
4948
1720
1528
3061
1722
959
4556
4798
4485
3670
2710
2022
5990
3764
6198
2713
330
1820
3195
1729
5055
1495
5951
1824
3676
5722
4867
6109
5838
5741
5166
4834
6953
1490
6189
1291
5357
951
7089
1064
898
445
2575
6424
5685
6519
4569
6330
4550
4380
1266
1271
881
6331
2357
2291
1277
6771
1099
3010
4036
2646
1207
5050
2516
1721
2518
77
5054
2298
742
2311
6785
2967
2461
2968
5481
2977
5975
5958
2294
5350
7120
2044
617
5707
614
2730
2736
5700
2744
3681
5264
4343
5168
1992
5677
392
1916
2145
5811
4397
6841
1822
6835
2282
6775
334
5428
3300
4788
4564
3910
3126
1520
6097
4890
6464
4035
1279
4787
3112
1298
4790
6333
256
3302
6104
1471
6054
1382
3011
1205
1630
973
975
4432
4637
4037
1209
2790
251
5738
4421
4406
6199
2029
2719
71
2026
4513
851
857
2155
5705
3358
3687
3686
6759
5648
6274
213
7100
1264
2640
7082
2048
3309
1268
5687
2248
4207
3677
4423
239
6190
2258
5228
5323
6183
1225
6157
5090
6433
1810
4567
4231
3103
5081
5080
353
3912
1523
2334
4943
4520
4944
4447
304
56
1690
2963
2371
5091
5096
4984
755
1646
5742
1979
6777
3721
6124
953
1493
379
310
3497
3671
1827
1632
2297
331
695
4325
5834
1202
989
2314
6465
919
933
4399
2296
4116
1062
1068
4038
534
2243
4051
4275
899
1919
1917
1911
816
5844
690
693
4232
1813
5743
5894
5950
1526
787
5957
1691
6057
6050
2417
3873
1782
6677
665
4218
5661
584
2121
6262
4176
2097
1267
5686
5692
876
870
2049
4095
1294
2036
6612
3961
6197
69
6195
4217
4394
1351
5378
7022
5128
480
3720
2750
316
2702
4428
5268
3462
3574
3245
6875
4665
3695
3314
6948
3495
2576
393
3593
2749
5125
4426
318
4448
4562
4863
2878
2879
5237
430
2984
443
5087
339
360
2737
6091
230
610
3106
1269
6704
4621
342
298
6574
2030
5232
5216
2712
235
1129
629
5230
5227
4626
5222
2718
2759
1682
67
5097
696
5093
1821
5005
746
1790
6312
2898
212
1744
337
5056
3848
1696
348
744
5132
1160
6611
3310
1263
3019
1641
3107
123
5139
922
1955
1937
1934
1932
5790
2832
2833
2835
6202
5725
1093
880
603
6954
5354
4791
3511
469
6186
6184
4566
1031
2238
5587
6959
559
1293
829
1039
6734
4857
7096
529
2372
974
5484
6811
4559
2471
1340
2512
2474
2481
1373
1374
4525
981
2507
2511
3214
2577
4586
2599
4390
4875
1475
276
6756
2098
877
4062
6752
946
3465
1071
120
2158
954
7101
4881
3269
3118
6556
4774
41
1378
3212
1303
4279
6078
745
1698
4474
6277
1361
1363
1498
3858
219
129
1366
3673
1517
6098
4454
2443
6945
3199
6111
4442
3053
821
4786
4964
3299
1633
1576
828
3039
6961
4739
6060
6152
6092
1637
4850
28
6988
294
815
277
6113
3193
137
3191
4842
4258
6526
1529
3904
6550
312
1226
3326
2838
2052
5699
6768
4625
5581
2666
3327
624
2280
2038
5691
6427
2716
932
6881
2021
643
3700
2747
1140
648
1136
2288
1098
1076
5646
5307
4600
5301
6755
5607
6855
2133
585
4118
6750
5673
6748
446
5267
2099
6739
4157
2647
84
2213
5353
2289
7119
374
2872
125
2329
2890
1194
2338
4027
5923
4346
1203
2350
2899
5073
6812
4730
168
1724
1723
5386
1204
5859
565
5133
7094
6321
6776
2798
2327
209
1155
396
64
5186
2493
1936
5795
1910
6467
5786
5731
6469
6466
6429
1338
6225
4577
4099
3493
4731
1292
6279
1206
1223
4735
3315
1200
1198
1197
6309
3342
1158
6272
4026
3353
4738
4714
3590
3999
7168
3301
4511
4765
3564
1128
1273
6373
1274
4503
3475
4519
1346
2447
4476
5246
2090
2653
4388
2661
2067
4386
5236
4384
5225
2045
2041
2037
3766
2726
2025
2015
2013
4354
2001
5739
1988
5163
2826
5138
2642
5266
5672
2139
5450
5385
2470
5493
2316
2482
2499
2501
2520
5355
4400
5351
5134
2281
2556
2244
4425
4398
2231
5616
5639
5645
2161
2157
2592
2605
5568
5831
5130
3814
6059
1557
1537
6094
1531
3060
3066
3088
4891
4246
3930
3935
1573
3110
6116
6132
1453
4854
6158
6159
4847
3944
4812
1369
3636
4212
6112
6207
3034
1629
5869
5886
1798
1796
1768
5921
1760
5940
5943
2921
5045
5044
6047
1714
3826
2951
1695
2958
1689
1687
3875
4427
1649
1643
3906
1631
5041
4529
4094
6833
6874
6848
6900
6877
929
6700
6878
