1528
4813
4811
5467
877
2890
5036
4819
6330
3992
4559
5305
5126
3990
7102
5368
4735
7092
3993
4733
1218
4732
2411
4814
886
883
3998
331
4228
1725
879
4386
4550
4810
3309
2856
4116
3300
4736
3995
1645
4111
4554
5053
6332
1529
3720
586
4357
3999
1523
4473
1525
1413
5059
5327
4567
5057
881
6881
4793
614
339
5321
6048
4737
3997
1521
4349
1030
6053
1501
3308
2643
6042
2460
4730
3723
330
5687
2092
1643
4222
1647
5685
400
7104
1271
3599
4818
266
2860
4734
2047
4479
2861
2859
3994
274
1275
3126
6261
334
3594
5707
1601
7109
784
1498
5700
4901
4520
5096
5325
2041
3058
7101
4328
1713
3701
757
73
304
4364
2095
1039
2907
408
5324
5362
1646
2177
7065
4867
7094
7069
5686
3805
2415
32
789
2227
5461
3802
3801
787
6040
2419
3303
5703
1809
4118
3957
3729
5120
3722
4415
338
3700
4817
2692
3959
1522
5527
4905
6187
6157
4112
4404
4874
2315
1649
3709
6047
1642
827
1799
5032
5955
878
1719
1718
5129
6208
3125
872
6669
6700
3703
5648
3059
4346
5121
2809
4024
5320
6886
1317
1372
2423
6852
1524
2176
4238
5952
2702
4403
2863
4478
2174
6049
7097
1751
6666
828
5035
5466
4739
6229
5720
5367
1084
1802
4865
1716
3128
1082
4556
1710
1640
4816
1885
1036
36
1888
1215
1527
3719
2858
1200
4380
4309
6105
4412
6459
782
3106
80
337
4401
4417
1606
4256
1747
6880
1212
1907
4416
1338
3644
1034
4900
3010
2865
3808
3807
3806
3869
3867
2171
4568
5741
5090
5091
6159
7107
5354
880
5086
2426
489
2868
1033
4555
5469
2420
834
6181
4966
2413
2403
249
2140
4482
4410
1715
3662
5303
4408
4027
4345
1205
5514
1405
4385
5039
484
4092
2473
6304
31
2655
3554
1694
388
3634
5954
6740
3118
312
1582
5386
3077
873
2864
1313
2044
913
5378
2891
4486
4413
4504
4526
3803
2178
580
585
405
4558
2136
891
2133
7106
1311
4232
663
864
5054
119
6247
3991
3122
3981
39
1336
3099
3954
3727
1335
530
2855
1316
5691
1588
38
1008
1319
531
6849
4243
2428
6856
4248
5012
5031
6044
4552
2402
888
611
2170
2172
2098
5688
2048
2045
874
1973
6412
536
5056
1895
1886
1883
5941
1600
4861
5790
4909
7100
1764
5124
7103
5976
4919
478
1711
2407
1881
824
3377
3138
3381
6684
3944
5628
5230
6207
2981
2840
6369
6830
215
2998
6201
5140
3353
1035
3018
3705
3493
183
2592
6233
2905
1023
154
2927
6279
5363
3121
3090
1014
3105
1230
2908
5357
2895
37
6703
329
4489
5349
899
1276
3907
6321
1679
6544
1401
30
3804
190
5125
4507
6400
4414
6436
1724
269
270
5699
2165
1720
6513
2144
5083
1009
551
84
4908
5455
1717
6152
5934
1749
1337
4483
2988
5942
3800
6589
5011
870
2012
4803
354
3724
1130
4306
1962
2465
6843
2476
437
436
5647
433
2581
865
5022
3093
398
401
6043
6050
6045
5024
821
822
4145
6755
1584
1865
876
6329
4344
2019
2404
4141
5375
1250
4815
1214
2410
788
5977
3051
6663
7096
6237
1904
583
3052
3098
6516
232
7040
6265
5520
6180
89
6274
866
1031
5385
6744
1605
1994
1964
890
1797
3206
6202
2976
214
2992
3710
4724
5089
3862
2119
1712
2867
905
2646
2651
4353
3352
479
6072
482
2362
978
6075
1609
351
5034
2705
1688
4402
776
367
2712
2641
6334
820
4221
6041
5142
7068
2577
5706
3456
1644
7091
1137
1490
3373
1496
1648
5241
462
5723
4081
4369
5742
5037
7114
538
3564
6887
4406
278
6511
5484
6153
4485
1197
5097
3591
1740
4423
1908
6882
836
3497
43
6312
6710
3304
3123
4885
3272
3726
7105
3440
810
6342
1633
1754
3592
5025
3595
5030
125
1699
1202
40
6271
77
1882
6260
6275
3349
6316
3706
1794
5014
107
5724
1217
109
3514
3227
1678
3714
3372
5418
4948
6299
3374
1211
4925
5643
3728
7002
6086
5267
504
4405
5290
1520
4058
318
4020
7126
3953
6794
3946
277
537
4775
264
4474
4477
3922
557
5103
350
248
488
5624
409
4223
4226
406
393
392
6054
4283
2479
385
1487
7090
5208
7134
1434
4146
6066
4143
1415
1504
4343
5127
973
1408
4510
5679
5681
3009
3025
3809
885
5353
3050
4595
180
2053
6195
1046
6668
4656
2018
2017
2010
1583
1981
5390
3087
5540
6358
862
889
2990
2096
210
5365
2134
6164
4527
234
2149
893
3866
2978
6583
5164
5041
1028
7066
5203
909
1065
5106
5636
1081
5645
5092
1221
5134
1225
1222
1102
1193
1485
1445
1227
996
1580
1277
1369
1071
1004
1389
5458
1602
5460
5616
1332
5450
5256
5513
5462
5052
7058
895
1270
972
1412
1314
918
6984
7049
2231
817
4400
5966
2336
6205
481
2365
3071
6200
2416
4325
175
2436
6189
4315
2482
155
2514
4409
532
2179
573
3721
6253
567
3725
3742
6224
2236
6133
4470
6360
540
539
2276
5938
577
4225
6662
4127
230
231
239
4074
2724
2902
2900
7139
2781
6109
2898
261
3943
2850
4130
4224
4132
2656
4220
187
6186
3821
205
6171
2588
2599
2604
212
818
2974
6833
2642
6828
2658
582
2238
2169
6954
711
4812
4805
3347
1918
6331
3716
4753
4738
4726
34
1957
1976
3479
1788
1777
4912
5021
5722
1658
6345
785
6517
3428
1696
770
4950
759
758
753
10
3371
35
655
4759
3685
6269
6702
5901
2138
4569
67
6704
71
6696
5906
6347
6701
6300
2040
5854
3278
2157
4529
6272
3713
3641
3871
5364
3439
1284
6667
5350
1224
6674
1283
3127
2899
3923
2857
2851
2849
2909
3452
6736
3461
3302
6665
3068
5383
5371
3056
3566
3496
