5333
3247
3249
6374
3240
3248
6379
15
3241
6377
11
3245
2834
2161
5505
6389
19
16
5442
66
2083
5507
13
1956
10
2271
18
3246
3243
2763
6010
14
2762
2838
5447
2830
12
4779
17
6015
6013
4718
2340
2837
3484
5204
682
2832
5921
3487
3622
686
2833
1242
4427
2836
4620
2085
4627
6580
5185
5797
3483
6719
6677
5539
5537
5531
3480
4621
4581
2835
2831
3948
5822
3401
5783
5210
6376
4629
5336
6257
6012
4684
5158
5090
2583
5342
6014
56
6586
2244
3656
2255
2298
2254
3162
5153
3306
4580
4053
5337
7145
5472
6544
6073
1140
6378
4717
5534
3135
5383
5771
3841
5502
5504
3932
281
3418
2567
1089
6469
3296
6474
6373
4282
5339
6482
2867
1909
2487
3709
6025
2563
6496
6020
1348
2922
4126
4331
4286
2468
4774
2792
3575
3191
2964
5443
233
5441
6717
7009
3364
995
4463
3077
2765
6441
5760
6713
2033
6004
6779
3701
2760
6766
1461
4626
3893
4289
6234
6230
1168
53
2218
6547
4583
4812
2276
6246
284
2971
6072
7132
993
2299
2659
6016
6823
6888
5332
6419
3097
3292
6416
1504
6464
1844
3394
3070
6192
2003
1941
461
2839
238
3585
2961
5979
6029
6023
262
3660
1901
5775
3190
64
649
5401
4437
6978
1195
52
5508
4768
1135
5570
4355
6802
832
1165
2114
4011
4014
910
1468
4582
4589
5828
5503
5071
2286
1169
2562
3942
5820
5804
5231
2576
2198
1705
5134
4662
4667
3391
3380
6915
6986
1952
1160
7166
5123
7159
2297
5209
5018
4956
5285
4792
2263
4778
1824
6462
3078
4749
62
282
7037
4715
2230
2592
3584
2685
4333
2086
2688
2759
646
525
2768
1421
567
1569
4188
5479
4074
683
159
5918
3713
6868
2962
5553
5500
6716
1466
6027
213
3641
3861
4057
5978
6336
1467
1124
5146
3750
5211
998
4790
1563
1560
3822
4004
5070
5009
923
3192
4564
6259
849
1235
495
4518
6051
4585
3917
6097
5449
4501
3472
1723
3643
805
3649
3396
6182
524
3379
3365
4332
1163
4314
4283
3344
6256
4195
3319
1144
6263
5695
3918
5125
25
50
2152
2084
2120
2566
2564
6446
2031
344
2924
6568
6437
2766
6583
3130
2866
2208
2296
6693
2822
3164
150
7152
2879
6773
2877
2985
2990
6743
750
4436
6938
5538
4378
6831
3690
2673
517
6569
513
3485
3486
1690
808
1958
2202
486
2653
1196
1661
6925
498
5610
5484
2956
2636
3571
2710
4227
3710
1448
1453
196
6733
5884
3860
5824
5825
1462
2827
5870
5829
5866
6686
622
3919
1482
3847
3843
6673
1541
5982
2100
4255
2869
3719
2733
3766
2087
3705
4154
1389
1393
1559
1557
6411
576
1552
5780
1388
5391
6682
1161
303
3395
5205
5206
2422
58
2375
6463
2260
3297
4776
6199
3074
3370
7076
2266
4798
884
5005
3360
5222
3356
3071
4833
4864
1064
5255
5201
2424
5040
7054
999
2996
2292
5163
299
5075
3110
2316
7031
5149
986
6412
6552
3176
6386
6448
6248
2241
1827
3088
68
5704
5207
1022
915
2290
6739
4001
2089
4995
4979
5189
7157
7160
4197
2755
5708
651
5217
5778
4017
2385
7121
5774
4954
5170
2753
5796
3987
6767
2082
2072
1399
5215
5161
1018
5165
2689
4907
7056
5335
1239
772
2589
4744
5453
4623
69
6934
618
841
2432
2529
1145
4661
7033
4663
5409
5406
7011
5399
5370
2453
5394
1164
5393
5478
1351
5481
6867
1070
4284
6820
2107
7098
2465
151
2408
4802
4344
4358
4363
6839
2117
4781
4413
2122
4444
745
7059
57
1260
6859
4767
4507
862
5330
5491
6409
3558
3722
6551
528
3661
6647
5937
3717
3476
484
3804
1985
1982
3299
3695
5977
3417
5988
6060
3801
1951
6615
6018
6240
336
493
6553
1889
6444
5962
3793
6019
1945
3482
1577
6501
2920
585
3642
6049
3864
1506
6593
3577
1917
1968
3072
6628
3367
6489
3911
364
3915
3221
3073
3527
6251
6270
3080
2036
356
1911
3397
1517
3524
3504
3648
1913
516
1520
360
1961
5444
4993
1665
3067
2823
1199
3572
6929
2596
6041
276
5004
1234
1233
2391
6909
6917
5232
2577
4588
278
5003
2565
491
801
3568
1673
5341
3413
5338
3014
3399
3015
5334
857
63
3392
1928
1132
3036
3383
6509
1094
1762
875
6203
5297
4791
2426
4743
845
843
2393
5432
2219
4669
90
3346
3506
2489
3606
1166
4958
5400
7017
3481
465
2446
2992
3467
1071
1074
6108
4741
6094
2598
2129
5945
992
1551
2739
3242
5767
4101
2291
2858
6439
239
944
1567
3129
6777
680
3617
1000
2287
1353
5672
2364
3806
4247
6757
353
619
5102
5096
5867
2807
3894
2826
1464
5089
5880
368
3850
3848
3844
6738
591
4005
2069
4006
6744
1860
5792
4252
4795
727
4354
3368
5588
5216
7116
2905
5558
1342
3688
1282
2683
5535
1625
7111
4425
6846
4446
2921
3288
5523
1013
1821
3711
4519
2617
4513
5640
2374
4312
5623
1324
5044
2139
2642
540
3312
5497
3063
982
4823
4799
2269
1916
3166
3361
2282
3076
3262
1823
4923
5066
3266
3349
3268
2273
5073
3354
4858
1870
1905
3136
1076
2293
4992
1784
3916
2412
2861
4171
1582
4194
2731
2863
1363
2094
2729
2012
1328
4288
2721
4321
4324
2011
2873
3803
2896
4129
1561
3931
3904
1469
2786
2829
2764
1516
2060
3842
3815
2035
3809
2754
2744
1550
1555
2736
4123
4350
1993
4399
4665
4698
2484
2459
1710
1724
2433
3444
3416
3411
3393
3384
4754
3054
4769
4773
3376
1188
3507
2498
4651
1990
1981
2126
1279
2949
1970
2626
1966
3369
3593
2160
2578
4590
4611
2553
1669
2541
2513
2585
4059
2311
681
652
5809
846
6981
5827
631
865
623
6603
5313
5308
5304
876
5878
5895
882
7012
7016
5911
