5034
5030
3210
5038
5744
261
3550
4865
1335
1129
5037
6511
6059
3217
6513
6388
31
5643
110
2895
6047
2368
3556
1034
3559
3232
5032
4552
744
6287
4473
394
1939
4556
6053
4690
254
6755
4951
3416
1030
1157
4815
4058
315
1704
1685
2473
2479
1025
655
2138
7065
1338
4412
5057
1134
6686
6847
3993
5893
329
3061
3578
3922
354
6341
1175
6063
2856
6723
3991
32
6167
6056
334
1933
1640
430
1361
2549
1334
3308
5321
1645
2410
6501
1809
4732
4736
2540
6976
6202
6497
1369
5793
5086
7131
6508
5803
4119
4638
4417
400
2050
2051
6887
6888
408
4861
1332
5141
3125
888
116
6079
2658
3999
5460
6697
2471
7110
3992
2784
1646
7104
5963
6084
5423
3152
5305
2890
4737
4739
4793
1029
5816
5998
5977
5673
6794
360
3159
7117
5428
6428
1362
1715
5949
49
5796
1716
4553
5978
870
3361
6064
6067
6649
5491
7061
6071
3050
37
5210
2460
38
2809
4116
5083
5161
5126
1876
6050
5191
36
246
1649
1605
6696
6503
4112
1976
6733
1418
1789
1618
3390
1527
4108
1623
4102
3580
1643
432
4366
3944
3412
1713
4388
332
310
3624
3626
380
1647
6757
6694
5785
6068
567
2957
1132
6153
2865
2858
7034
7067
6062
1026
1020
2604
7107
5327
5948
2539
2489
2362
5467
34
29
7128
5497
2384
878
877
2436
5808
2
6284
4942
3069
4559
6475
546
3059
4765
2069
3114
6394
1333
4672
4671
1336
6397
5002
3997
5461
5952
5962
5899
3990
913
5421
4623
338
1694
3947
5842
6435
4589
4582
876
5633
849
4479
5724
6646
5336
1289
1241
4843
4238
388
6308
5186
4208
6070
5764
1130
4174
4118
6206
5035
406
391
6350
4111
1717
6342
4360
1522
1027
4087
6040
1411
6042
6045
6048
377
6051
6052
1612
4105
4537
390
3157
2397
7094
2434
1858
1990
7069
1802
2438
6791
2534
3151
1832
259
6881
274
3213
3161
1854
3221
6979
2435
3857
2419
6778
2133
7115
2144
2131
7109
7102
3581
3415
2238
5216
3309
6849
5220
6080
5341
5310
4373
6796
4327
6075
2826
1028
3214
5309
7047
4378
4416
6958
3224
4545
3230
71
658
1035
1481
2418
3189
6207
4810
1139
1146
6224
6330
6228
2976
2950
3007
2150
1167
1173
2140
559
558
6294
1199
4854
2850
3129
6178
6091
1069
117
3163
1523
6882
6884
2058
6909
6151
4673
2919
6157
2927
4714
4729
5069
600
6154
963
7100
6286
5944
359
3951
6741
3557
1873
5462
5465
44
5641
3754
727
2472
5476
6749
1673
2387
5851
5530
7144
371
5536
1799
3998
3587
283
3588
278
3692
362
291
48
5645
4168
1719
4280
313
2550
4231
6684
6
1580
5424
3926
397
4165
1700
5694
711
6700
330
331
3513
6691
333
3835
6152
5053
5762
9
5646
885
5039
5717
5082
5713
7001
5701
5827
6243
128
6261
1124
6177
2988
2149
5036
873
847
825
5418
5119
2676
2675
667
2668
52
669
2543
931
672
5965
55
6043
7098
5968
2660
1022
5971
5422
2562
2558
965
2709
2800
50
2822
5120
5121
7137
2896
5128
5533
5408
5208
2216
5212
2439
5522
915
2843
6078
5466
7042
5229
47
7060
1046
651
910
6110
3904
3053
4558
3552
6843
4585
3553
3212
6853
387
1872
1871
395
1610
4109
4322
6414
1337
6705
6885
270
1853
4100
6384
1870
396
398
1914
4324
4346
1954
4363
4367
6518
4281
1538
4413
4415
1218
6803
6774
3268
6502
3238
6498
409
4166
4161
1415
4499
401
4674
2072
6709
4836
3116
3092
4813
4817
1681
4694
3797
6316
3964
4850
4856
301
3815
6690
3921
4871
6674
3051
4852
1288
6530
3994
516
285
3995
288
6358
3751
4034
4695
3142
3875
4222
2548
3878
3894
4254
2413
5602
1627
2420
5747
5407
3388
5749
1942
5385
1718
5363
2555
1510
5551
2380
3410
2398
2426
1606
3753
4114
2369
1602
2470
2391
5459
5456
930
2466
3756
2396
3762
905
4106
3799
2546
4162
1928
2488
2547
827
881
1821
4959
5316
2963
2090
2958
1133
3121
2952
2081
2075
2073
5081
2947
5084
2915
2067
3148
5091
5096
3156
5124
3066
4659
4826
4829
1225
1189
3900
2132
4873
5010
5019
5020
3044
4870
3018
3014
3060
1170
4859
3064
2996
3065
5040
5043
2568
4635
2869
1041
2233
1039
3236
5236
1428
2703
1973
3307
2665
1967
2662
3347
4364
3360
4361
2627
5266
1948
3233
5158
1044
3231
1072
5179
4632
2212
3165
2868
5203
3168
3183
4621
4607
4586
4576
1388
4571
2828
3222
4549
2825
2231
4419
3584
202
6840
7111
5982
6245
6430
6433
574
7113
196
6407
60
6221
6783
5817
6681
320
6486
43
7032
111
576
6386
280
6380
6289
7089
5922
5930
5940
5852
6328
6337
6340
6975
266
5848
6706
6704
6357
6815
6361
5966
5967
562
5973
178
7125
6459
548
6509
7003
5802
6648
147
6087
6516
6055
6005
5801
170
449
7153
6012
6529
6038
6605
1194
1188
557
3234
5197
3243
2108
3063
6083
3290
152
3006
3364
6790
2417
6964
6963
6792
1205
6797
3303
6960
2136
1043
3054
6948
3076
1982
3254
3077
3150
1179
1144
3133
1143
5058
5061
588
1135
6141
1101
3158
2071
1123
2065
2052
3144
2053
1131
2028
5048
3186
1176
2059
1174
4206
568
2010
6927
572
3108
5162
2094
5145
3123
581
3190
193
3188
3226
625
3574
234
350
4407
1677
3975
1454
448
4418
1683
339
4472
3946
6507
4475
4477
4478
1423
1709
4493
4497
3905
6473
1668
6636
4371
1487
1574
6549
4164
1589
4158
1545
4265
4120
5787
389
4554
4110
1526
421
1521
1520
4306
4317
4088
4326
4349
433
1528
1941
1396
3852
3633
3627
277
3595
3589
6359
6356
3582
4787
1859
3525
3516
6751
3512
4858
