5340
5379
3831
3836
932
3359
3497
1200
933
5015
5371
775
5352
1322
5370
1750
2110
6730
3834
4750
5014
4752
6833
3879
2090
3352
514
3838
1633
519
3871
5353
1182
3635
6082
1276
2056
6140
5346
6084
1756
2514
3493
4757
4723
6180
4899
5373
1725
3353
3126
6736
3833
1272
1321
2610
5944
6837
2316
1206
6131
1207
1752
5358
5357
1202
4346
6083
899
896
893
5378
995
864
1208
1327
3874
5345
518
3837
1751
312
1326
2052
5682
2700
2112
4755
1183
6383
5513
1575
2119
1808
331
362
5356
4119
6109
5264
357
2476
6145
1278
4448
364
2145
6897
6104
6086
3980
2154
3172
534
584
868
1742
892
2701
5789
3990
3351
2707
1746
2702
4753
2651
4765
2369
5051
2055
6136
4874
5261
2095
3875
3498
191
1764
2703
3531
861
3951
1329
5641
1623
1994
576
2142
1352
3543
3179
1186
2040
2175
939
2704
2516
3611
6139
2149
6835
2647
813
315
5936
6735
2467
5073
3174
6737
1320
6836
548
2137
1638
6185
1273
1635
6186
6994
4756
1253
6995
582
6085
2713
930
6087
895
1453
992
3826
6840
2403
1803
1277
4529
1033
5948
337
6330
6142
5938
4406
4151
6880
3872
5375
3349
6825
901
3339
3496
425
2461
3331
572
998
429
4751
476
816
318
3448
5283
4863
2184
5372
5016
5239
252
938
580
1902
2116
3839
3729
3959
6141
5958
6144
1805
3819
4110
5614
5713
195
28
5630
2117
4301
5957
5917
1802
1782
4054
3938
1748
2054
2144
3382
5139
3446
6343
5475
4150
3356
5266
6089
5190
1049
367
2024
2058
4762
3744
1039
2051
4846
2043
333
407
1456
3134
3177
747
517
755
6519
3903
797
1758
1499
1627
4877
4875
2652
1729
860
3307
866
3315
675
533
2598
5742
6130
5993
7092
5776
5088
6418
5309
512
3692
2092
1201
5347
4416
1139
1138
5341
4364
1271
6187
3506
4254
6996
4239
119
5647
812
193
585
1995
2538
2628
250
6382
6088
5154
3544
1735
4835
6891
1384
2216
409
2111
4095
6982
3832
873
5072
6149
6148
855
199
2153
1180
5956
4394
2213
5082
3542
6791
1088
5128
1900
6420
1856
511
6718
1645
2059
2716
515
2842
2720
6138
6106
3914
4204
6137
1038
3696
36
5813
4413
4960
557
748
2854
5348
1226
5320
2879
994
1636
4038
4008
2147
2989
3445
4190
1755
4030
4009
6188
2840
2646
2827
2644
261
2835
3960
3998
3305
477
2141
811
1779
3549
481
6189
3877
7128
5019
465
2710
1189
2659
4550
3075
4868
2718
6515
4886
2650
842
6157
6133
6207
991
3121
6704
1133
5351
999
361
4766
2413
3060
6348
1013
3430
3538
2402
6685
2379
6323
2057
5343
4758
159
7043
6134
6269
3449
5302
5869
348
4830
1571
7136
6984
3534
3330
5377
890
91
197
4393
416
6895
6632
6411
7066
3357
5645
546
2951
192
5173
4735
1370
1369
2955
397
5586
4892
4754
5865
1589
5903
6707
1720
3011
1697
666
1612
1745
6179
4951
1341
6101
2419
1328
5197
6329
2363
2360
2359
2352
2064
1070
1077
5306
2282
2272
5349
1135
2094
581
2097
5399
2114
5405
2134
2136
5422
1205
2152
6099
2435
1344
2465
1528
2776
751
4981
772
1754
2711
1757
5007
5935
809
1781
5036
831
4937
2657
858
870
2623
2594
1882
6040
6042
6426
6056
2534
6071
2518
5152
1366
2654
1990
1630
360
6838
3264
6732
4528
3291
3124
3870
3499
294
7148
3953
3118
3492
3830
3112
4185
3336
537
49
26
3578
3931
4651
4637
3541
339
4345
3447
3439
3145
4118
4017
336
3416
4037
3954
6964
126
4730
3995
6712
571
7163
398
3997
251
6506
5996
6763
944
3906
3209
4939
2295
2726
5991
366
5990
5921
4621
479
2285
313
1760
1325
43
5396
5690
153
5583
744
2046
2773
971
3752
2167
340
1184
6756
4976
1875
4982
4944
6202
147
4476
1762
3204
4452
7095
1904
7048
2357
4062
1128
2624
5338
295
4417
5951
5057
879
297
2605
2242
3835
5075
2597
2246
2248
76
1820
3490
1486
5754
6807
2231
5667
7065
5031
5041
4567
330
1142
4498
5123
838
819
4525
2029
5107
5106
1100
2640
2026
3176
853
1134
5093
6466
4933
1031
1231
5867
3631
6166
6147
2957
154
6648
4309
5874
3677
6173
5825
1667
7013
2151
6178
4849
4699
4857
4859
5814
4864
3934
2140
5863
3675
5830
1032
6328
345
1622
570
347
3088
6702
3059
6080
2377
3432
1619
6696
6722
4724
2384
3637
5221
1248
5836
215
2389
3636
1618
6132
3762
6183
4891
2887
2858
155
513
6741
3146
3038
2591
418
158
5971
6263
3491
190
4178
982
1615
211
5533
30
4411
6152
4655
5428
5393
3674
1801
2614
4802
2240
4349
3326
2049
5774
1203
133
430
3017
2130
891
5593
1634
5861
3097
2843
1741
1853
6393
2302
6081
6390
3750
3661
1079
566
6297
2809
2460
4740
1073
2053
5784
970
4930
1360
209
2366
4422
3053
5975
6422
2273
736
3056
6416
6414
329
3354
931
1257
7135
2453
2798
936
5731
5321
2803
152
2988
4806
2412
1030
2397
274
4992
5367
4850
4193
471
6074
815
5771
2220
4991
1773
149
2237
4244
990
5660
4855
47
4856
780
6739
3933
6764
2714
6054
3535
338
4238
1936
3210
1524
1011
2189
3904
796
3218
1749
3225
5514
4843
103
3539
4044
1136
1181
2882
6457
3299
256
648
5828
2427
3302
5888
862
1209
1239
5751
2404
2626
640
3494
6146
32
5900
3873
1780
2889
1586
2890
5937
659
4047
5662
1743
6889
258
3866
4562
837
3441
5260
5259
2334
328
342
5254
1979
4154
2370
113
1972
3771
5588
814
1365
3723
1185
2045
5410
157
4373
4222
6932
3591
7037
4228
2155
6181
172
7031
227
6999
