6474
3371
6210
4257
3394
6499
3396
2971
5256
5253
5696
2585
4764
5809
6784
7146
2501
5248
2956
3098
5334
1468
3136
1460
5992
5335
3603
5255
1196
3395
3391
6219
1466
5314
1542
5695
4014
4464
5293
3600
6478
1980
3093
3094
6477
7145
2254
7129
3504
7126
6326
1864
2900
1343
5332
3398
5397
4467
777
3560
1461
4124
4763
5258
6863
4088
5620
5634
3696
6316
1865
6494
5331
5251
5623
2270
6539
2586
3399
1193
2906
3377
3090
4128
4015
1465
1464
3503
5800
3376
5131
6471
1469
4195
3379
778
4126
7147
3095
1348
1985
1863
1913
6411
1860
6695
5018
2742
5790
1670
3762
3816
5622
770
5339
1355
4253
4462
1199
4932
6027
2487
3584
6204
6867
4463
4926
1912
2755
3009
3130
4011
1981
2682
3225
3864
901
4769
4767
3319
1702
4921
6417
4255
6818
1918
1462
2509
2923
3134
3606
5793
5631
3137
4831
6125
2972
2926
2683
774
3505
7141
3928
5179
3392
1867
4620
2783
1862
949
3370
2500
5698
5765
5766
5760
1353
767
4021
118
1703
1190
1358
3950
3162
1989
4123
1359
773
3885
4696
3097
5736
5390
3092
6546
1463
1349
3006
4121
2782
1467
4692
4629
4611
378
5804
1351
779
6325
5200
3393
4928
4023
631
6011
5011
4258
3509
5691
2589
5252
3518
3372
2754
5337
6023
4013
3622
6026
3374
3397
5947
5508
5319
1352
5621
4469
6012
6729
2907
3502
5997
3078
3753
5254
6865
594
4334
5299
3856
326
5626
6479
953
6466
600
3031
1934
5250
2252
1591
4596
1197
2109
4619
750
1393
4760
5819
610
5806
733
5805
941
5475
2688
3441
5810
4989
3641
5079
1342
5249
4003
1861
2753
1866
4761
3091
7143
7120
3400
1854
2732
3699
7087
364
3585
3751
5796
1910
2405
3660
5816
5157
5177
4774
4698
3925
656
6800
1350
1195
628
6526
2924
7122
2383
5330
2107
1708
6495
4197
6859
3829
3976
5290
6583
2273
247
1260
652
5630
3520
1982
1547
2831
1984
402
1192
2801
1000
5342
1886
3786
3500
5012
86
944
4766
2380
5493
3506
6468
3215
3390
3929
3375
4018
3615
2834
3373
1700
5298
5155
486
2284
2364
3926
3604
4312
4012
3410
5826
7006
4252
5230
6783
627
4742
5791
3754
7111
2784
1541
2746
3005
1909
5112
5101
6532
5625
3752
1380
5780
3084
307
6580
5803
1357
3945
5628
6943
4729
6413
6419
5159
2445
1047
3314
721
6912
948
2106
4924
2528
2909
4651
2756
1043
3827
3484
3757
5781
1436
6472
1249
1022
1455
5153
4686
4680
6896
1513
5998
2459
5794
5294
493
4689
4438
3344
3343
3842
1341
4454
2715
6893
6441
4540
3419
1601
4771
3750
5431
927
4618
3987
1901
3668
1080
6155
2735
5237
1545
6216
3566
5807
1721
1381
390
6577
4598
6212
4066
1400
1191
4029
4251
1194
3507
6123
1484
2382
6946
1411
903
2594
6149
1378
4799
3948
6928
682
2741
5808
7128
5105
945
2187
635
1007
3936
1453
1675
2477
5851
5730
7127
3404
604
7125
3481
3446
5659
3403
1705
5037
4016
4006
4934
5891
2958
5377
2673
1986
1167
6586
242
1345
5387
2609
3781
2201
3780
3057
5395
1356
3083
3756
297
5525
4131
6917
4127
5222
6535
3817
3818
2944
4435
3849
6892
5297
836
5300
1566
2621
2901
6947
4468
2372
167
4309
4495
3824
4254
2919
2925
6907
66
194
2278
5333
2276
3089
6462
298
1927
6218
394
3178
1121
1075
5495
6120
2593
2759
3249
3651
4743
6028
2588
463
3297
1424
5990
1428
5961
4950
4956
5516
2751
3628
2781
3689
6374
6387
4693
6379
4122
10
323
771
4713
1903
321
4719
5624
5503
772
2519
5162
5103
5313
5223
830
5562
1251
5296
657
5472
3758
6970
5471
2208
5633
5394
3684
5113
799
3916
1548
728
3815
3661
2194
784
5399
2108
7098
3759
3657
751
5627
5492
5275
1385
6364
6362
2005
649
3131
6319
7027
3174
2943
6213
2016
2277
1399
1868
15
1857
2434
4542
2687
4027
6808
2438
6092
6065
6812
6051
4595
6043
3270
6371
1419
4718
6375
7161
2979
255
4147
4585
269
6520
57
3080
6518
6498
1140
4163
6491
4135
4582
2174
2614
6464
4200
4687
1372
4695
1917
1915
1914
6390
344
6724
2003
464
4903
6006
5797
5795
6009
579
2893
4350
984
1239
5042
595
977
7056
1476
99
6890
5748
1723
5064
1480
6891
5072
3978
5719
5717
134
1709
957
124
2503
568
5798
2897
4145
2689
3378
5899
4017
2620
4314
4321
163
5873
65
4978
5946
5868
7038
4277
3433
1423
2750
6862
3444
6864
4466
497
4436
5233
2613
4274
2665
5259
3880
5257
1185
4357
4250
2631
3861
2717
3883
6969
1198
950
4616
1439
4975
5144
1441
5010
999
997
1451
5109
4005
5021
4000
983
7055
3983
943
966
3949
947
1485
5090
3935
4941
4022
1421
4622
4624
4627
1138
4669
2197
4682
4125
4714
4715
1340
5198
5192
4759
5183
3924
1081
5180
4772
1061
4026
904
5196
2827
687
655
3045
6537
6346
3037
253
3002
3000
245
3409
7162
231
2973
535
3601
3405
2780
5875
6924
3480
27
5521
714
3624
5507
3625
6533
2952
3430
5651
328
592
5767
599
6405
11
2262
349
609
1930
6920
5785
3489
619
1937
2230
3508
6380
3511
3085
293
6496
5274
3437
117
6351
2946
6722
6199
794
2807
6925
3810
801
2452
3812
5996
3315
475
6861
806
5344
5341
6906
3310
6129
2884
3823
3278
6127
6124
2820
6044
6903
6121
3236
1849
1850
5772
6184
2733
5456
6161
3740
417
6804
6779
5483
6782
2375
1796
5959
2238
1799
729
5414
2915
2392
1869
4080
1376
1398
6141
6122
2774
1392
4067
4773
6342
3109
3133
3135
3104
1911
421
2432
6372
4717
356
2785
2679
14
1407
5279
325
198
2929
6993
