1222
6279
813
1220
1229
1224
6271
6276
1223
1228
6277
5957
2091
6274
6272
4614
5154
6273
3298
775
1618
6021
812
6275
5071
2747
4040
4047
4774
1583
6996
6265
2244
814
811
1221
1227
465
4074
1453
4752
3299
4783
4004
1181
1140
199
5775
510
6813
1612
3668
6087
1074
410
5148
2951
5173
5830
5198
3293
3296
1616
153
907
6818
6269
1108
3078
6266
4435
756
2246
2181
1696
3176
543
3228
6718
6110
5074
1610
4518
3693
3696
6278
262
4716
1194
5372
4710
2709
1950
5958
2453
1180
5378
4349
2961
5157
2475
1347
4612
7146
2654
3585
816
2104
6029
1225
7142
3465
416
4151
729
5338
747
750
1789
1690
3818
4711
2925
4712
6338
863
6084
6469
513
4041
3690
197
2976
2393
2834
2833
2454
2659
2832
1189
1614
1613
3626
4779
1389
5831
2657
6893
815
3171
6148
5649
1683
3613
6514
4630
4836
3660
3661
6693
2837
2979
6420
5073
1564
2763
2744
2736
3063
6395
2777
864
7039
1124
1057
1077
939
5369
2311
5472
5956
7088
1169
2163
1627
956
7144
5693
5951
517
6373
5389
3441
3666
3826
1045
6466
1624
1619
5839
3879
2368
5225
5041
2772
1161
3692
563
5233
4778
1014
6425
5585
113
6245
3691
5959
2061
2161
5166
818
6016
3561
6013
192
5750
1682
2105
467
1687
1186
844
3346
4776
2963
6091
4757
917
2242
6482
4785
4681
4835
1853
5210
4937
6375
5680
3589
6774
14
5804
3699
2989
2290
1956
3291
5202
3146
1145
6419
3247
511
5187
6703
1042
1144
4526
2882
5177
3627
5174
1615
6712
1070
2838
464
6717
4035
4033
2983
5774
1902
6422
2984
1859
1073
5348
5217
5235
5912
2738
5917
2732
734
5393
4951
3811
1191
7011
3829
4786
1163
5370
4761
1693
901
195
190
2003
5755
3363
6065
6053
6263
6824
743
1226
1933
4771
3011
6810
6270
4478
5614
5594
5593
3468
1235
4391
3964
7140
5636
1142
4398
817
1231
3764
1158
6493
5814
1185
5156
1162
5760
5531
3604
5346
4119
5342
845
5341
5792
2650
2652
6025
6538
5513
5678
2902
2487
1578
2241
1190
4018
2836
1033
2835
1540
3943
2734
2436
6429
2406
2279
4031
5716
2362
5711
2219
3924
5532
1651
2827
6421
2685
6108
5376
3836
5316
2402
2369
5417
2235
758
5216
4404
6085
753
4833
16
4837
4893
4838
1785
1820
3568
2950
6999
6761
5005
1797
1964
6733
320
2958
4633
3252
6899
102
3103
6713
3075
3223
3368
4758
6694
5084
6845
79
4772
4619
5108
71
68
7030
281
2926
1775
62
2037
1955
3587
2340
4718
3461
3225
4645
2243
6891
5024
1079
6261
2765
6825
1076
2767
6280
2084
6709
6465
3864
2970
5815
651
5714
1805
4773
3464
3077
3076
4787
4639
5811
1188
5076
742
3698
2465
740
4405
1783
6376
3166
5308
2467
5307
3240
1165
728
2352
719
5794
2240
1951
5798
3720
3227
2764
6115
5070
571
6758
748
5200
7084
5778
2822
1780
1781
3444
1350
1135
1697
5337
5952
6010
15
5381
1459
4030
1901
6489
2277
1256
900
461
932
3611
910
5399
3612
3208
5837
5398
4038
5679
3581
5412
1434
979
7149
2288
5392
3665
6049
5345
4528
2135
3573
2891
942
5844
5883
2404
865
3923
5697
2538
3966
6023
5950
3255
5945
5785
5850
2217
5302
6058
1539
67
4390
4707
265
2769
3467
5884
4382
6823
3137
981
4122
5858
680
3962
687
6234
4766
3115
2746
5442
3459
2743
3034
70
5921
232
4934
159
2315
6895
2263
5333
5504
807
6015
6017
875
1827
1499
6027
7080
860
819
3373
1824
5347
6075
5497
1808
2653
1988
866
2617
4762
5982
2718
944
3920
4036
3338
843
2233
2477
2478
930
1094
926
2703
2236
2606
3903
2608
5318
1365
4958
2266
5981
2489
6096
1081
7017
5772
1340
1626
1629
6710
1625
3688
2357
7132
6430
6731
6424
7127
5075
2996
6708
1184
2826
2824
4517
5745
4152
5749
4682
4513
6374
1168
6370
1166
570
3719
3664
1212
5676
2379
1689
3588
414
5644
4626
6541
3209
5640
4228
379
5196
2403
4271
6496
18
2109
2365
4566
19
1719
21
2880
3215
498
5164
6360
5871
1160
6339
6328
6781
2170
4150
5535
2033
4684
6354
2173
3175
6282
6335
4688
3762
1147
6331
3203
152
4046
4399
4281
3349
1828
5832
487
5022
4788
22
2614
158
903
4396
6491
6490
5988
906
5835
6483
5215
1468
6707
4634
4777
2034
5818
2363
3874
1382
3454
2761
5592
7138
1384
6032
3369
2782
5773
5595
867
3248
495
6026
1217
493
7053
5599
6020
101
6991
3907
5170
1681
4134
3583
2529
4946
133
5769
1018
1262
3261
1685
3141
6557
3609
982
5861
2282
5887
5418
269
3984
1267
3989
3210
7025
2528
3578
4392
3259
150
6677
2778
2647
4395
4394
4197
2366
927
931
2107
2776
6262
4037
3622
2272
448
1143
5692
5691
4936
5390
441
6520
3621
1978
938
1381
2964
2432
5781
4515
229
5799
5510
2036
6398
6138
1544
222
3827
1945
5311
6406
1088
2687
4754
1363
565
7120
6099
6097
1545
5329
316
6890
1360
751
4514
1103
3455
6179
5787
3714
2213
5783
721
2731
2730
2469
4505
287
3491
6773
6377
5795
6149
5751
1885
6353
6145
5050
7097
1164
5797
1104
4709
793
6329
6111
6792
805
6086
2360
2854
3476
3245
2247
3073
2184
3172
5813
4930
2189
4655
3218
6083
3396
6447
1621
5239
831
2433
2664
5340
5712
2245
4848
840
325
6941
2459
2977
2316
3216
120
5758
2388
4356
1386
1019
5645
7065
1114
3231
5473
1065
1263
1063
3177
3249
5863
7095
56
2495
5496
2356
5641
1965
5551
4043
3250
5507
5834
5554
108
29
23
4864
63
1141
2420
3253
3233
4177
1883
5475
4333
4229
5499
1953
5690
