1720
896
5358
6188
5355
898
3499
5357
5351
5352
3493
890
891
3497
361
582
6189
3353
6104
3492
537
1323
489
4722
580
3351
584
3495
3357
6186
895
2155
899
5353
893
5264
3354
1208
3350
2134
6181
5093
2159
3591
2095
3352
5380
2092
1011
2143
3635
1325
532
4892
3264
5350
1272
3359
6197
6737
3384
2098
4728
4899
6185
4753
5266
2142
2153
4448
3594
699
3496
6982
1634
2651
1753
1201
2646
3490
3382
4447
6183
319
2113
1576
2716
2154
2144
2146
7099
534
3494
586
2516
6182
6101
6100
355
2132
5359
6107
539
2158
1271
3631
6833
1488
1277
850
2117
2130
2136
1321
1524
5015
3300
2643
5269
933
5279
2137
5091
1329
3356
6184
6109
1207
1726
1895
616
1750
829
1752
2151
3707
3145
1036
892
2149
6736
613
5128
1320
385
5267
2114
897
5306
1276
4610
5581
3959
6106
1582
6332
809
1502
1722
1405
1757
331
7096
852
1270
2090
851
3599
6180
1413
2119
3636
5688
2110
6158
6157
6131
2156
5379
619
881
824
1523
698
358
552
4898
4529
4891
611
4861
3113
2024
7066
4442
3226
7118
556
2152
3597
598
1278
3592
3990
5481
3953
5428
1745
5361
1182
2111
4345
2097
5890
1992
3837
2157
1499
335
5373
2141
6187
529
6312
494
4724
6193
3951
4569
1756
1049
3935
499
1033
6159
4440
2981
4798
5739
300
5682
3498
291
4874
3831
2840
6880
3590
1749
787
5340
1746
3169
40
796
530
5283
1742
4348
2096
781
1130
7062
822
518
7134
614
4665
676
2042
4908
2691
2701
4964
1699
1584
4091
5375
4733
1506
789
2012
5378
2147
3957
6195
5567
994
5274
2025
547
548
6306
7082
1744
3475
4897
4905
4114
6330
5063
677
2710
587
5019
6173
3058
6730
6521
2644
3640
583
6105
2645
3934
1500
512
298
6194
1758
6253
5224
1266
5221
696
2511
3037
483
1847
6837
89
1729
267
7092
5277
1408
2473
1724
5946
581
5098
4054
399
1991
589
4110
1633
2510
5229
4044
3273
4720
4721
3355
5276
3279
618
4092
1748
3954
296
2967
6179
2460
7005
3634
870
5614
3952
6103
3937
5589
915
3053
4866
496
1328
3140
451
1205
4528
339
550
4894
6170
505
64
5364
4432
2386
1588
4140
1051
894
4907
514
3143
4755
3055
6529
4368
4750
3010
1150
7040
6584
2734
4893
797
466
1508
3196
1115
872
4727
5081
7167
4791
1444
1764
6249
4220
2150
1740
610
5356
6300
7043
3428
6995
4380
6292
3685
2371
2357
306
6811
293
639
1264
5485
5488
106
2138
6309
5220
4099
2641
2635
695
1482
6984
2112
2514
6759
4236
3338
379
6819
1725
4369
2115
5943
5684
2482
230
6171
4036
3869
788
3726
644
6836
4420
792
645
3938
3144
670
3839
705
835
4095
828
3322
585
3324
4113
3272
4118
4034
3722
693
973
4141
4340
4143
691
3972
690
4343
615
4347
4093
3482
3673
634
4069
780
531
4411
790
5540
1403
5728
429
1322
2360
5420
5421
2752
210
6172
6191
216
2020
5014
6241
6095
2707
1851
1275
166
2476
5268
5247
5320
5242
5240
2118
2505
5366
5371
411
6046
1888
415
1858
5904
4940
1754
1996
5489
2986
2990
1668
3016
1751
1672
1660
7000
3029
1528
1535
5594
6587
1636
2968
252
1447
6314
1727
2960
5514
2282
460
1520
6305
1521
6247
6297
6254
6252
2286
3677
2026
6884
5905
5549
5683
5586
5897
6714
5598
2140
674
671
5640
1300
213
218
5685
2048
5742
3106
1374
93
87
741
6246
80
1728
4148
6318
1635
4062
1490
1495
6552
1575
4068
795
1527
1762
167
3936
1410
5964
1974
875
3723
1938
1379
7095
154
1892
6700
1855
3867
4256
135
3875
1835
3913
1412
3814
5591
5092
2737
2726
3277
5086
3301
996
4667
5513
3320
2656
4624
1166
1177
5140
5175
6985
5182
5244
376
3271
367
7111
2791
3089
3121
3075
3060
4770
3059
4828
4846
3033
3014
1094
536
4884
538
4895
4896
545
4729
554
4723
1200
7107
944
5377
6752
330
2292
307
337
5354
5326
2330
4485
4550
352
3383
353
3432
3017
1311
2131
3192
1250
1678
3172
1645
3649
1306
3994
2296
4014
1735
1723
4033
2469
1082
3596
3086
4064
2174
793
3126
2227
1060
3532
3515
3056
1498
3633
3051
1489
2274
1487
1483
1446
3149
1607
2848
6950
2049
2450
6873
3731
1164
868
3727
1889
2595
6889
2038
2027
2526
2484
1376
1372
2011
2053
1401
1836
1327
2889
2851
2849
2341
2847
3262
2803
3270
2948
1414
1317
2756
3491
3440
2381
3871
1326
2411
1136
3595
762
419
318
631
636
6750
4483
294
5498
4458
5548
250
243
5601
5605
541
6753
5647
663
211
4424
5713
672
5748
5894
4346
709
4342
4341
6074
6086
6088
217
6092
357
360
4740
4775
511
4794
4863
484
566
4710
476
6791
458
4915
4918
5009
4522
430
4560
4551
4537
422
418
4530
413
412
5133
5150
612
396
617
5188
4562
6690
6735
544
4146
4144
6303
4211
6579
760
4096
55
6668
4290
761
49
28
734
6436
783
6342
6614
4306
6174
4238
6258
4137
4303
4301
4298
4296
6589
6572
6486
2713
5080
5088
5059
2725
1627
1160
6448
6442
5096
5047
6439
2642
2640
35
6431
1661
6391
5184
42
5090
2751
5006
2759
482
1559
3032
3034
3052
4825
4824
3085
4796
1551
513
4780
4760
4758
540
6575
3013
481
478
1137
7113
7114
2507
1587
1585
1114
2757
6956
2950
4887
1102
4886
4881
6939
1581
1496
5241
6156
6343
6711
7159
7013
7008
5779
5770
7048
5725
6200
5722
5721
6209
7091
91
6248
5866
212
2070
2057
6132
6094
1790
1852
1416
5981
1918
5966
5963
1986
169
1999
5929
5908
5906
