5355
890
896
3497
5358
582
891
3492
6104
580
6189
5380
584
5352
537
1325
3352
3493
1272
1634
1720
6982
5357
3353
489
534
2134
3496
6188
6833
2092
3357
6181
3359
1323
893
2114
2716
691
3354
3635
3498
895
898
696
361
5351
1011
699
3351
3264
4722
2137
695
6186
3382
7096
4899
4753
1524
1321
1320
5306
6101
2143
899
6736
3499
5015
694
1488
532
2651
3591
552
3934
6107
690
2130
1326
3324
2042
6182
2095
6180
2141
4874
3631
1207
1750
2142
5093
6183
2155
2132
1752
1756
583
2090
5340
3594
1182
1746
3384
5353
4448
1502
933
6737
2097
3837
781
693
5264
5269
598
1745
2111
2154
1208
6109
5682
3356
698
529
6185
1758
4724
797
2159
1271
5266
3831
3271
1277
5359
4728
5373
300
3636
1895
3494
1742
2136
7099
2117
4892
586
3145
4908
6197
697
2146
994
2849
2643
5350
3350
992
852
3490
6730
539
5513
2025
2646
3935
6837
3936
2112
1201
4152
2110
2757
351
7092
3321
4529
2098
809
2701
2144
429
2152
4345
355
7062
2153
1405
3279
2149
3495
3327
892
5594
6106
1278
5279
6100
3953
2510
4551
1506
6332
5371
4528
3990
4610
4447
1329
331
4062
5742
5379
6880
5102
1753
1508
1726
352
3599
881
2115
3277
7066
548
5173
4440
95
2128
3275
2119
466
944
2840
850
851
6668
5375
480
1322
1757
3938
4964
3611
995
4907
3954
1751
2516
1328
556
3959
3328
3326
3839
5890
2131
518
4044
2360
4113
252
2012
1036
5136
4091
1528
4720
3727
2644
3409
298
6547
3301
1177
1324
3534
7080
6752
5964
5591
2642
610
3826
319
1499
3834
619
4898
6466
3404
91
2751
1725
6306
5906
2158
3330
4723
93
853
483
2656
1729
1270
5221
587
6862
6303
40
3270
3634
5283
28
3630
1521
5514
1535
4665
1276
1038
581
4095
7118
4442
3555
2282
4064
5581
6254
897
3322
1447
5267
5567
3274
496
787
6305
258
5917
4733
1327
1699
4223
5752
4226
4752
2063
3613
5014
2756
3172
789
3946
780
5468
5378
5386
514
1748
5481
5364
614
4303
3597
585
4301
5370
4798
647
1237
3403
4569
6249
4755
527
2315
2281
627
3334
3320
4791
7055
4750
6700
4525
616
3335
611
4221
2139
3134
1166
829
5091
997
999
3875
2151
5753
4225
5754
5019
1575
1094
7006
6302
2353
89
2113
5274
6184
106
5224
3059
2138
3058
6819
2123
6309
3951
1642
3037
5690
2177
4228
3818
2780
2635
4886
3276
4368
7083
337
2361
5943
4309
3278
6157
367
675
7013
6131
6132
1091
4905
1764
1762
5485
1184
3432
3196
4897
6146
3956
2476
3838
3931
2595
519
2750
3937
6489
521
990
523
3871
6753
6088
3627
3955
4014
4410
6987
7011
3369
3532
752
6735
6195
4306
4238
4340
4343
4346
5936
2707
4411
5931
644
722
3592
790
589
4054
894
4093
1135
4110
870
1645
796
3548
4146
1743
1164
1165
815
4213
3539
6191
4269
3707
1372
5614
2967
2968
364
2237
2288
3332
3273
6873
1900
3140
5098
6838
2879
2135
5127
6836
464
5135
1564
392
3039
396
3056
5674
2851
5239
5361
411
4879
357
2053
5569
1289
5
1582
296
7084
339
1576
5303
6391
4828
4406
1581
3427
4117
5688
7091
349
3533
2726
3089
1444
3408
7040
3506
5232
3222
4441
5730
1559
4072
3304
6193
3405
328
3570
2371
811
860
2379
2370
4884
6552
1413
5017
6540
820
2700
4875
715
717
4220
4861
1744
1200
2140
4846
291
1740
4887
3536
4881
2384
3113
6292
4880
2309
2057
5869
549
1500
6330
2048
481
547
996
6312
5905
972
3032
6173
5640
2881
42
4624
3814
6135
2305
4586
1977
1049
5568
2641
1033
494
1032
1031
536
538
2936
2024
5415
449
3085
4487
4760
6977
5914
5362
7048
4770
5354
5377
4735
4780
1929
1030
1446
6393
3166
5746
2460
7005
5540
4300
5367
2473
3633
1060
6426
3226
793
7134
5958
1584
1668
1130
5580
1992
156
294
7012
1079
2011
2809
932
792
2848
1187
1724
3950
2118
3544
3607
970
6297
846
5128
6825
5133
6174
5408
4140
6967
2124
84
2859
3574
3104
973
1163
882
4097
5677
2480
1568
4092
1749
61
1096
2049
3632
6170
2054
822
1487
6074
3017
4034
5103
5647
2120
1123
788
531
3323
381
2283
676
5904
5934
2363
572
571
1853
7063
1275
3272
4509
4885
4348
4522
4666
3331
4344
5937
6897
385
2764
4443
3406
3302
399
4422
1250
643
613
645
2273
422
2341
648
1344
6712
3433
3365
4754
4497
386
7046
2226
716
4866
544
541
2386
524
5946
5881
724
3235
2289
3345
550
2300
530
4341
2752
528
551
511
3336
5868
719
1371
1288
2382
1115
525
526
3052
3366
4762
5374
7043
7159
3965
1938
1803
5387
2852
1266
5484
3371
5583
6994
159
5277
3723
3307
6253
5310
4036
6158
2773
6815
3685
3590
7166
4015
4604
6984
7132
1120
3074
4605
3939
1525
2514
6171
2959
1099
1485
4552
5452
469
993
2511
6535
3010
3000
2316
5866
3358
2981
4550
1496
5488
6166
545
2645
569
1523
4727
1999
5596
5410
445
2292
2759
4617
2285
5908
1273
2650
576
3329
6348
2495
540
2061
6940
542
4498
6995
4896
741
710
798
2703
2156
3538
803
1571
348
353
4876
2236
2369
5013
818
6431
1168
7068
5993
677
4167
4159
674
379
4369
1162
1790
4445
512
1878
3179
6733
6194
1370
1374
1635
320
1379
3531
4910
4325
2789
759
3206
4327
3204
4272
5944
6269
3200
7082
5779
726
4256
775
295
5974
782
1160
4378
819
167
2348
4830
866
5213
6442
2722
1137
1728
5685
4099
4114
5182
880
6300
878
863
2728
4103
7037
5921
3475
2710
