5358
6104
1720
3497
5355
896
3352
5352
3493
3353
489
584
1272
6188
2095
890
3635
1278
534
3499
3359
3351
3357
2092
898
5357
6189
1277
1208
891
3492
4448
5264
3354
6186
2114
2144
2716
899
5351
582
4899
1201
6833
4447
5266
5378
2154
1320
3837
6101
893
2134
3264
2646
2025
3831
2643
1323
580
1634
3350
2153
5015
2117
3496
1756
2651
6181
1750
361
2119
2141
4753
895
3382
1726
1207
5373
1271
2142
2110
5682
3594
537
6982
2152
518
5353
6736
6737
1011
2111
319
583
1325
2090
2159
6185
3591
6131
2158
4722
3834
2155
3636
3498
5380
3631
532
2097
699
5340
5361
2516
1321
5283
2149
6100
3495
3833
7099
1524
1322
5688
696
611
6183
5379
3490
4874
5093
6730
2113
5742
4529
6109
1329
1752
2137
2024
690
3839
5371
1576
4528
2143
787
1636
1327
5350
693
1633
1521
1751
6197
2130
1502
6182
2510
5320
4798
2514
2112
2098
1200
1725
698
695
3356
1762
1895
7092
1753
1523
6819
4228
2151
6107
3599
4728
5306
614
4720
892
1506
809
1754
3679
5481
4892
496
3959
4665
5367
5014
1328
789
691
5135
7062
3494
2136
5375
2147
3726
3729
933
6193
587
5964
2132
2726
2029
483
2026
4750
2644
7096
5326
7095
5063
1499
5354
4898
3685
850
944
1729
6880
2649
212
1744
3934
3935
2473
5267
5931
6106
3439
994
6195
3838
7134
2145
2146
1326
3384
5269
1405
3597
870
973
5594
1276
598
1722
4752
3673
1699
4751
1182
1202
1742
605
1745
1038
2116
2027
3951
1094
2115
466
6984
2835
3836
4724
4368
4550
5513
367
5091
2128
335
331
3037
3321
3875
1032
1031
5359
619
4380
4828
1639
1638
1635
7091
3723
6965
2156
1508
6837
1496
4776
7066
2315
1758
529
639
6132
5739
2656
3814
881
512
6180
4891
6339
5683
1748
697
613
5904
3914
612
585
586
2701
1735
648
4442
1205
2756
6254
5268
5364
3819
932
6332
5681
429
4037
2012
6788
2020
6836
5916
1582
2851
4947
4432
1051
355
3643
5647
252
3145
4610
5581
2286
2360
211
5567
5614
6054
2280
339
4346
2282
4345
5752
2118
7154
5906
306
6159
4525
539
6158
5485
4755
300
1490
1033
3913
6157
2737
45
2371
3010
6752
5943
353
5753
2635
4440
694
2292
3196
5867
5685
2281
6173
3677
3475
1642
2316
2642
6166
5564
1627
4433
5137
5221
4760
6940
4944
1587
1790
5261
1581
569
5102
5684
337
330
2055
6013
3089
4036
351
852
2057
3032
379
2650
4567
4220
4369
5902
781
3300
4782
3642
1447
4832
3634
4666
4054
5917
1535
4863
897
511
6668
514
1529
515
1528
2859
5890
5329
2476
780
4908
557
995
1275
649
2591
5919
4
6092
5133
1746
1755
7011
4030
3990
864
3674
3722
3322
4113
5864
6423
912
6259
3326
6191
3938
5
6414
666
5098
3611
3415
5295
2042
4269
4551
3012
5147
2298
4213
4301
3830
2838
868
3017
6578
294
4422
2720
4637
2941
2120
816
3592
6572
792
3053
28
6057
4343
480
4178
3016
853
1067
445
744
829
851
6187
2248
304
6519
95
2403
4446
1137
7043
4256
6431
2773
6763
5088
6089
5362
5123
646
5866
2511
2641
2276
3818
89
5081
3675
5134
2936
726
6283
313
978
1623
5139
616
6288
1488
1177
5993
1631
215
2093
91
5173
1632
4847
7080
4887
6302
2728
345
2426
5132
5913
5019
2045
4152
4735
4187
3967
2645
3033
5591
3058
5297
1509
4949
782
1039
513
4569
494
106
4621
3034
2494
3358
6584
5092
3812
2751
1500
5981
2139
2295
2285
6985
4893
1495
1575
6816
2500
5754
5096
1444
5687
6575
2840
5017
6818
6711
5377
4667
5277
6194
1049
552
1206
2457
6312
2289
6614
4856
3720
1659
4687
705
121
3727
5756
1517
6838
5592
5988
2427
6835
6579
889
1492
813
4044
822
4907
2935
894
152
6585
6571
5860
181
722
2404
2469
2467
3262
5936
5933
5569
2465
3813
4034
2460
2341
2948
1607
6651
5136
5428
26
5894
5965
4153
484
2691
3595
1209
3911
4754
6232
1226
3607
1929
3327
39
4655
510
6764
1900
5946
5336
1882
1250
2213
258
5728
1829
3649
1203
2729
4866
4964
3328
2882
6735
6018
5533
2131
1136
6256
6260
2707
3933
2054
2052
2049
1823
6712
2711
5771
3030
2021
1082
1164
2889
4223
3953
5677
436
3349
1181
4226
404
571
1887
5468
6787
618
6179
216
209
208
207
6436
645
3474
5881
200
1757
4095
4093
4092
4794
3126
2842
3859
3707
4894
4481
5686
5939
2967
6791
4260
634
1288
4733
4560
5799
3324
4799
4945
5702
6937
6422
2984
2574
3106
879
1395
3826
4757
5310
2640
1261
1160
2499
875
6105
1264
6623
5639
999
6734
1133
3879
6014
6741
1099
1273
5274
1266
122
6015
1413
4727
96
4723
1058
6811
6807
56
3320
4864
4328
6759
4758
6637
5693
6786
1379
3902
5291
6789
1237
996
5758
3318
1166
884
2512
2636
888
6804
2437
4325
6700
2515
3222
4867
13
866
2791
3330
4099
7082
6920
4796
1979
5450
5966
1115
6459
4441
6292
675
677
1986
1680
548
481
5938
1943
4272
2218
4664
5521
701
2965
1661
710
647
1977
3678
2725
469
470
4561
2734
6622
2241
7068
293
6309
3671
2769
1764
1763
5056
3590
290
3014
6184
7078
218
213
6301
627
6383
2981
3644
1740
3676
6306
4791
6171
2129
7013
4148
153
2362
340
4393
147
5850
3432
5130
6253
818
6573
5487
2659
1482
6830
6323
6246
2123
267
499
5921
348
4846
6609
352
3088
3301
6995
3534
4119
2356
2140
4624
4820
5568
4389
2211
5749
1625
322
7037
6529
747
4617
6884
4068
5586
159
2710
5985
6534
2048
533
3036
2056
