5359
2134
6186
2138
2137
5357
3592
2096
619
891
537
2136
2140
2092
534
2131
1375
40
3954
4861
1413
616
610
829
489
3384
1699
4892
3496
5128
2146
2149
5239
1746
586
822
6100
4347
1376
1139
2090
5093
552
6183
3490
3497
3591
4440
826
6187
5380
2143
1130
1208
3978
77
787
2097
1131
6104
1634
1720
5724
3495
581
3595
6188
893
6181
7066
3059
827
2095
1325
1270
2142
5374
6185
2284
1133
6189
4327
499
613
5267
3634
4863
2716
109
4341
2516
4340
699
6071
5098
556
6314
580
4034
4342
6106
5150
49
1377
5352
2144
1136
899
896
6107
5092
2093
2058
6880
5081
1752
895
6157
5355
6158
1374
2051
554
905
4899
3636
583
5096
3590
2132
5693
5266
3013
4231
2400
2981
749
2155
851
4369
1207
3017
4345
4348
4908
6299
2154
1660
1050
1027
6195
5727
3597
4925
1323
6737
7135
1105
3594
6103
1276
252
5375
1257
6889
1724
7045
584
2843
1321
897
3959
1011
3599
361
1137
6184
3901
1373
4036
4119
1271
6837
824
536
43
6345
582
6266
3357
1138
7047
7048
6312
2098
5086
4898
5351
539
2898
1895
741
5426
2840
4891
6706
6704
2177
890
4238
676
4301
2967
2643
3053
2135
6101
2468
6350
2460
2982
3961
385
1757
1748
6736
1721
496
6297
3706
6192
1524
3433
6303
557
3385
2053
3351
3976
1320
3308
7069
892
4448
3359
5283
7124
5428
36
7118
5421
32
5371
4907
5264
5272
319
1644
410
3913
300
6994
5744
1496
1983
4309
2651
1481
3909
1499
7104
1740
48
909
6080
6716
898
2056
4115
2057
6684
375
5358
4235
2113
532
744
89
1412
6701
1266
4368
1258
1109
3014
3570
4753
494
5891
7091
4357
3382
3493
1261
6307
7043
6300
1132
4447
4905
3204
675
3052
3121
3200
4445
4584
1992
894
4560
4562
2094
3499
3355
6304
551
357
3492
2968
5279
6197
6435
3837
6152
6523
3144
3635
3904
3632
617
2469
3324
5085
6261
3952
6581
2386
3955
409
614
809
2174
4761
5276
788
2960
5350
4343
6853
1749
4363
1326
4283
6040
1202
256
5748
6064
1372
296
1854
1872
1036
4303
987
6715
6946
6801
1379
3018
6194
3725
6193
3716
6710
6456
2868
2710
6508
2662
5220
6171
6159
5224
2641
3875
1490
6044
2737
3206
3201
3436
3437
5688
3432
6301
6302
1156
253
1201
553
6310
4406
4942
3522
587
1259
4380
3321
3309
4364
1102
1277
6253
7089
5088
5721
477
3060
6537
533
6833
1753
6055
44
1703
6681
1815
2310
6109
2336
4103
2371
6830
6983
1532
3951
2157
4114
6700
854
2128
5475
1874
1525
2139
2141
2539
6059
307
598
2107
3300
596
2099
6316
1742
3327
2130
5226
5601
589
915
2042
47
5647
2054
6908
1851
6732
1157
5449
1817
1205
5364
612
1244
5361
1251
5594
5083
3212
864
124
1018
6436
1535
1529
2660
6707
789
31
5229
781
752
2623
6518
1487
2587
6546
2259
1691
5728
127
1741
1289
137
3273
5720
3205
1727
5306
1272
3203
2147
6358
1335
3080
828
6873
37
3016
6982
1479
6003
531
316
7099
3953
6137
4862
6139
4014
4233
4537
3707
339
3871
6167
318
4360
386
4095
3593
355
264
6083
277
4110
3983
5382
836
4896
4561
6127
2148
881
5302
87
5354
2159
4060
4062
6984
857
2317
2236
677
2980
698
5938
6448
5201
2869
4699
2860
6484
2656
6153
759
6151
5955
2514
774
2488
423
5227
785
2303
2239
2217
2025
6702
4148
4325
6847
5739
1444
1438
1416
1402
5726
5722
4524
1338
1523
1333
5549
4362
5566
4389
265
1252
4400
7092
5631
1128
1149
7154
2015
306
6834
6089
6198
1946
4188
1908
1883
1873
7096
5444
1814
1790
1527
335
6058
1728
1726
1714
35
34
1647
33
1614
1600
1013
1744
6386
5298
7169
6294
3403
6306
3271
5063
3114
5849
491
5090
4909
3352
3209
154
3687
5843
157
3129
6331
6334
7040
4780
7041
6317
4839
2049
3937
5366
1650
1659
3350
6053
3956
6054
579
882
6057
5894
4140
4287
1582
3172
6359
2580
4306
1502
5740
4304
1743
4924
4300
312
3302
3076
2476
780
3907
5418
4610
384
1751
1991
4042
937
4044
4579
5320
6717
593
6113
6709
3322
859
2133
6981
4061
1997
4784
4589
1896
4141
2199
336
6755
4091
6753
3264
4600
1489
338
3553
2012
3274
488
615
5771
6949
5401
709
4443
555
4527
1371
6483
4903
5103
5208
3011
2986
1350
1080
4344
3445
6042
3708
6298
3091
2607
4510
5593
707
1317
4472
1316
2899
3112
279
6441
1311
550
1401
4442
5540
3722
1446
1135
3714
250
4456
6177
5950
3715
6857
243
5095
1414
4551
736
6046
3726
3169
3061
1408
209
128
3145
2711
522
5403
7058
5547
271
1273
363
5656
5644
267
1999
1988
1177
1189
6079
353
3435
1977
352
6318
5651
4393
5423
1948
4798
4495
4897
6047
1890
6282
573
3353
1611
161
1410
6309
4328
1016
559
5729
1021
4870
1026
4552
1445
1049
7051
293
4305
298
7049
4927
1892
5898
5723
6727
6077
6075
6734
3543
1816
230
5052
1811
3341
577
1786
6288
42
1750
4555
5467
4876
331
330
1729
1725
1329
7082
3067
5377
2349
2319
2867
4706
2316
7034
6455
2292
3113
6439
6519
6340
6661
5270
3106
820
4722
6669
6433
2171
4602
2937
96
2384
2833
2799
3214
432
2645
2646
3900
746
472
4729
3704
2511
5943
6506
2158
6547
366
2478
782
3685
4691
2712
2713
6559
6132
2422
2784
3906
2958
3111
755
679
7111
3019
5929
678
674
879
3301
4586
4573
5356
4727
6980
6682
3085
6105
6209
4728
6391
6691
834
5140
3058
3631
5091
2974
2151
4735
6411
5373
5770
371
95
5766
853
4475
