2856
4793
1520
3720
7100
4566
1523
4795
888
5054
3726
1498
876
877
3723
330
5056
5058
6098
4558
234
1275
5702
1046
6092
1529
1124
7102
5057
1509
3725
5709
889
1829
5320
2859
6883
873
1521
5700
2018
1279
302
5707
1522
5037
884
1495
872
80
5706
4388
332
1201
3993
5365
5463
3594
3728
2866
871
7094
3722
881
2362
5327
5055
7101
5205
3685
5059
4529
3999
4792
4635
7093
7108
6884
1490
4220
6759
303
7107
5363
4556
329
1491
4813
4521
2010
614
4737
2473
870
2019
5646
2297
6888
5317
5316
6844
2577
6112
1641
4221
1649
7103
5676
7091
2257
3688
4569
5670
2238
5203
3992
4032
2642
3125
4380
883
7076
5685
5687
3015
5688
478
4814
5308
393
5643
1030
406
3234
1640
4811
404
3714
6388
5366
6843
6787
484
886
1524
6657
2425
5368
5367
6841
1218
2961
2467
5739
5749
5966
2646
4943
4228
6600
1798
2477
1825
1796
879
4555
4796
875
1497
337
2098
4898
2291
2013
481
5323
3701
6882
6541
1625
5705
2426
2331
331
4772
962
4525
5362
1508
483
3014
5943
5043
1648
2095
6989
5030
274
2014
2016
2017
237
480
3729
4832
4116
2647
5708
1492
973
4894
3852
4797
4176
965
5390
6557
4526
4528
865
4553
5809
6788
5799
2518
1494
3990
3011
5704
2800
1823
4639
4414
1783
1722
405
2429
1691
1645
1630
5217
6755
2421
5701
6668
5703
3859
2460
333
5318
2517
6105
313
310
5324
306
304
4222
5497
6219
5052
1554
3321
4520
3626
6777
6610
4567
4427
4563
5785
6330
7095
2906
3945
6842
6534
5838
1503
5858
3587
838
7104
5610
3719
3267
6200
4274
4638
5726
4315
4825
245
611
5462
6655
81
3970
1965
1215
2734
6938
2688
2469
6652
1119
6106
4557
911
6659
2459
4564
6097
4554
6635
485
1517
2147
2144
5276
5617
543
4823
2290
5267
4343
2298
2306
3724
1911
6912
4399
667
6414
690
6419
5305
693
1693
4481
496
1526
4504
4505
391
4781
4665
181
7097
2891
152
5361
5328
5686
5782
3995
5329
294
2643
5777
2479
184
3303
5406
2913
5386
3263
3985
2732
5977
3991
5311
2620
3785
4098
1897
489
5753
5216
6653
5839
3854
6194
6198
500
3479
5326
2640
276
1631
1629
477
5517
978
2244
469
1216
465
3687
5754
4860
6622
2656
4559
3624
4820
1271
5031
232
5981
5969
1790
6611
1967
2741
1964
880
3788
918
239
3683
1934
694
5434
6782
5096
1237
5513
5684
4776
1927
3628
5829
542
71
5616
1744
695
6766
6849
1891
2393
5107
1034
7035
423
319
4389
1496
1527
6695
5209
7032
2524
1129
4798
300
368
408
7037
1493
5750
4895
4150
6697
1507
4386
4503
351
3998
4867
5302
6916
371
3010
4227
5047
4897
1579
915
388
7137
4660
2036
7053
544
6948
2863
2438
3829
4321
6103
5872
885
5048
5121
2049
831
5947
5952
5187
2476
4355
112
1962
339
6739
6934
3128
4960
6392
5264
6937
2935
6820
6290
1051
6773
1769
2715
4819
5349
7039
2516
3994
5818
2709
7119
6886
809
5787
2434
2752
5234
4630
5304
7106
5859
977
3461
3868
4113
6753
471
751
5844
3537
2232
2918
3053
1604
7109
3474
3469
897
5443
2293
15
2296
438
5681
3700
4865
4799
3593
4523
4501
3630
4442
3300
1391
6458
6215
4275
3911
2654
4637
4173
5208
887
6110
158
4790
5364
4204
6923
6115
2811
6114
3308
3782
3681
5926
2807
1827
6590
3147
658
4791
2816
6370
3786
202
2817
1439
2832
5222
839
1622
5221
6497
4949
5851
3851
3347
6519
3781
1573
2925
6535
5529
1532
4506
7133
7144
3129
5417
1430
1785
5951
5354
3110
5358
5824
5587
4550
4012
6880
6877
6574
4010
4536
861
5230
4715
1687
6878
2769
3309
4387
6166
3260
5034
2241
2239
5490
482
5487
7070
486
1225
492
2636
3241
968
966
2768
6975
2652
4270
964
6209
2173
963
2161
5626
2211
6650
991
2299
5309
2488
2470
2500
6094
6734
4667
4891
2539
2437
2436
1089
2292
2420
4168
3312
4633
4678
2368
2592
1142
6135
4229
3269
4236
1192
3913
6965
6976
5123
6279
1890
2686
6283
4561
2712
569
6781
2758
6772
6928
6621
6620
6618
6930
4353
7078
2746
5091
3175
4328
5261
540
5792
6954
5439
4828
4309
5758
5598
898
5272
5802
6920
6274
6918
4824
5855
6678
5816
1140
3135
5381
1042
3662
3017
913
4655
1050
5811
3290
4560
3997
1359
6677
3012
3657
1501
6785
1243
3612
4017
4595
967
6560
3324
5145
3239
3682
1260
6651
3598
3674
5562
1241
957
83
846
3595
3326
6778
1194
5751
6612
6614
4598
1205
3268
1209
980
979
3124
3061
3248
5461
3621
5720
1202
180
3940
641
5491
6364
5677
4794
6376
5956
4407
1809
6385
4385
4788
5950
436
3466
2861
5321
1720
6875
4444
2346
4775
4787
6981
2766
1893
5271
550
241
4821
2027
4285
4836
2020
6206
5615
2229
5612
2247
602
2747
2748
613
2749
1922
2762
1910
1902
2764
4449
5231
4100
2615
4948
6057
5581
2432
315
2435
2532
5212
5211
5505
6104
2450
3439
4500
5526
789
5307
5050
2510
3443
5369
338
5899
2562
401
4951
2899
1637
6123
6867
5939
1671
4163
2897
5649
3706
6483
7057
1686
4215
1222
2489
2645
2658
1231
6178
2218
2210
2651
2128
1041
6201
6096
2169
2353
1148
5722
3237
2163
4261
6654
2242
2641
1199
2295
3414
2320
2567
3471
3310
2271
2270
4247
4207
2661
4253
1212
6661
2258
2531
6663
2253
4605
2252
1128
6733
2454
2246
2644
2662
5776
5274
3941
1642
4018
5583
3561
1432
1682
5227
1688
3850
4447
3599
4446
2865
4431
3107
2850
4473
3856
1620
4517
6539
1505
5414
5914
1499
5920
2927
1530
3114
5871
6525
3580
