5368
614
1529
331
2860
5096
1528
881
489
4813
4861
4228
1523
4562
4819
4733
1275
1036
6330
6984
3701
5467
2890
5128
1724
2643
7092
4734
4735
7107
1525
4369
2371
5359
2092
73
7104
4862
484
405
2460
6040
4739
2809
3308
6886
7102
1030
3990
1520
1521
4730
1522
3722
3714
274
6426
3728
5723
4364
5741
7101
3309
5722
5357
1642
2047
1649
1271
1643
1496
478
4898
2539
827
6186
1202
3706
5121
5321
3700
5466
5615
4556
1668
1524
5720
1990
1498
6195
4811
787
2518
2097
893
4118
2064
5942
3300
4732
898
879
6880
4220
7091
888
6153
3685
6157
5721
6455
3599
5943
2095
330
533
2138
6059
2592
1527
2641
3019
4567
5324
5086
5326
4867
5032
5092
89
5091
4550
2134
2144
4363
2099
4238
2417
7109
4814
2655
409
4110
2988
6057
3017
6042
334
3126
5977
84
3594
5647
3657
5728
2702
2094
5350
822
1205
6736
6881
1369
6047
880
2531
5057
4159
6189
7108
6187
5081
337
1644
2865
4738
4060
3992
1099
1039
744
1413
311
6044
4368
3638
554
5726
3497
3490
4966
300
2236
6334
6312
4586
5031
264
899
828
5306
847
865
338
3302
77
864
3592
5894
886
312
354
32
1176
2866
1699
1720
571
36
1992
2012
2014
40
4979
5126
2133
5125
612
613
2216
6295
5320
1501
2473
5053
2516
2707
6137
2851
6748
2861
399
6753
2411
743
5593
7094
5364
4413
5369
3946
5540
5383
3918
5361
3959
5428
4415
3993
2426
2420
877
2868
5090
701
1646
655
1201
4062
4559
895
4191
6132
3071
4520
616
3065
1418
4119
1093
1074
611
4552
5129
4409
4807
6209
6752
2067
6980
3111
3110
5685
1973
1976
3719
2981
2898
2148
5687
43
2098
6072
5688
3709
4561
6433
3014
6339
5327
6696
4874
577
5362
2090
3591
7051
3725
6331
6309
2310
834
3721
6317
829
826
4563
2048
2859
411
5229
6074
406
2864
403
5054
401
396
1362
5371
2899
381
392
6260
4113
537
6989
4343
5329
6436
2147
2154
6358
6332
4306
6502
4863
1694
5035
5420
2434
4906
2438
1645
4817
6981
2594
1607
1582
6578
4554
2716
4793
585
2985
2071
5975
339
659
1136
3118
3954
748
1066
5674
256
4472
5103
897
5264
3112
5267
4058
3917
4479
873
5094
788
855
5677
3595
237
5276
5727
5673
5098
3061
270
6050
1157
6056
209
3997
5365
360
6053
6048
2511
6291
3449
6684
1690
3687
6534
3875
4406
5902
3307
878
4818
1647
4881
3381
583
6669
1999
6337
6888
5341
5093
5356
278
4753
2312
3723
6058
6307
2171
4899
6456
4896
5645
1994
3590
3716
851
4905
4569
7067
4380
7096
6158
4798
400
352
4073
3052
423
6135
619
546
6625
4776
747
1450
2858
3106
3069
3060
1412
4473
3713
2804
1373
3703
3704
2895
6207
4810
4555
1370
996
3121
215
6200
397
353
5325
4150
3944
4366
6757
759
4883
5386
2054
1996
2066
4444
835
4442
4537
5367
1376
1491
5036
7097
618
5119
1130
6760
4414
1046
4410
5071
889
7105
6556
4408
876
1693
706
4403
709
1745
1853
119
1922
1926
1962
5168
3724
4303
5950
318
3272
4803
437
2701
6192
5934
5581
5962
5461
4666
6243
2553
4816
4193
5455
2476
3351
3384
3904
3387
421
4111
4736
3053
3952
3979
6054
3144
6063
6064
2986
2843
2978
385
6104
541
4069
2862
4097
5965
4784
2856
5979
3443
2610
2423
5646
5305
3662
7118
4322
3634
496
3726
2350
6303
2149
2136
7053
5643
2135
2352
6299
5642
3496
2072
5210
5401
4879
6298
2096
294
7135
2385
5966
1031
5063
5323
5972
1065
3710
5976
5309
758
4470
1094
5347
1016
6828
1013
5363
4485
5906
3493
853
1127
5909
4667
3501
842
3275
820
836
902
905
6866
6834
6833
869
5742
6819
5358
4529
4635
5749
3125
2069
1139
6301
1790
6506
2369
1725
5380
6302
2377
4225
6533
2436
6541
2437
2471
2416
4222
6306
6347
4880
2051
4887
2137
4875
2139
4309
2142
2151
2155
4386
6386
4328
1974
5404
5183
1605
1602
2867
6105
6686
1277
6079
6077
1374
6716
6744
3018
6055
6749
3059
5568
6734
5513
4423
1490
2645
2656
6199
4805
4416
6183
6181
4796
4419
2807
5034
2835
6133
6131
5052
3114
6109
7169
249
6958
371
7032
367
548
542
6
532
332
261
251
711
610
230
76
6959
212
483
276
491
6976
214
499
408
6615
2968
413
5528
4046
3593
6576
6066
1375
2967
1440
2922
4324
395
4014
6098
1487
3994
6101
6106
3995
3611
2863
5405
5748
398
1446
3607
3433
4308
4528
3520
5120
1068
7106
5039
316
1090
3279
5352
5353
6843
3313
933
189
4194
970
1368
1095
1131
1361
3627
4304
6049
1289
5762
5375
5340
3068
645
4116
336
329
1175
5491
5127
3077
419
2805
1601
69
2130
2118
4671
3852
534
6247
2146
2538
3727
4668
2049
2042
6414
7059
551
5617
7121
4752
6261
2344
2343
2341
2339
2338
6297
5679
2408
2410
506
471
6349
5681
2462
2468
2174
6384
2010
4341
250
3715
5303
88
584
429
1691
586
4608
5378
6152
2800
2803
915
3975
6551
4344
422
4346
4865
6177
436
1991
5603
6987
4797
4802
7126
3707
61
6452
1919
4815
3911
3915
3916
5211
1851
438
557
913
2363
891
125
882
704
896
5888
4223
725
4226
296
4477
894
6889
707
3359
892
3355
5360
708
874
5644
4961
2217
2219
6681
5519
2214
368
231
3013
2211
5641
5754
850
626
4325
2159
5184
2937
6075
2170
7030
6269
2478
861
629
1416
6700
303
1300
3058
4571
1170
4722
474
5648
2413
5485
658
6756
1137
1134
1133
6005
7100
4447
5344
890
5019
1173
3129
6338
6738
6041
4568
1507
5142
