5355
896
6188
5358
3497
5357
3493
893
5352
3352
3492
582
3353
890
580
1272
3359
6104
6186
2134
5015
1720
891
6833
6189
4899
3357
3635
1208
3499
2154
584
6181
489
898
3354
1634
3264
1323
3351
1325
361
4753
1277
2117
4448
537
6183
4722
895
3356
3498
4447
5351
5373
933
518
5353
583
2092
3831
3382
5266
532
5682
6730
2153
6737
534
3495
3496
6982
6101
2152
1320
585
1524
2113
1756
2132
5380
2095
1750
2110
1752
5093
1329
2159
5371
1278
5375
2111
899
2130
2114
1321
1011
2136
2643
6736
6182
3494
2716
4752
3837
2112
3636
6180
1726
5379
3591
3490
1488
1207
2651
4750
2155
7096
2012
4720
5014
7099
1636
5340
3145
2143
6836
1746
1582
892
3384
1036
5264
1182
5378
699
3631
2158
698
3935
5359
367
4874
6185
2137
2119
6107
1276
1742
4110
4442
3990
1328
1326
6197
4892
809
1322
2142
2151
6984
1271
1201
6837
2025
4724
6187
5019
1049
2646
3834
4723
4798
331
4119
5683
319
5350
3594
1745
5306
6106
1327
2851
1751
5269
2144
7134
2149
4118
4345
6100
5128
4751
897
2116
5481
1724
4733
6191
598
3350
586
2360
587
1575
2115
4550
4755
1753
5685
6109
1762
639
3934
3059
6330
3599
35
1895
1324
1758
529
5356
3951
2141
696
4440
944
695
4441
300
91
2098
7092
1033
2135
3634
1521
5581
3959
4665
2879
3954
3574
5361
3953
103
7062
1992
3611
6825
5283
1506
1754
614
5514
4862
693
690
4964
4908
2809
6195
1576
995
3936
2045
2316
4228
6158
829
5017
3058
2024
576
3113
106
539
1661
3271
6684
5513
5485
4729
7091
6686
1729
6759
6157
1740
3196
5310
4728
1200
2138
2090
1032
2860
872
4762
6089
7159
5091
5063
396
1135
3866
4014
2042
2124
385
4530
2286
429
1130
2131
519
4472
4410
581
514
511
3938
4238
4879
1502
2516
789
1528
252
1757
5268
5279
691
915
6053
5303
5320
5321
6668
2701
5647
6332
2707
3324
7005
3322
1748
2411
6791
3126
3839
2982
6735
822
618
994
3833
3830
1405
5594
5009
6246
6752
512
4062
3277
6184
7066
6193
4036
2128
2139
548
2140
2950
2370
1444
481
1499
5985
6131
4446
2737
881
5943
4117
775
879
2840
3222
2791
6312
6939
5742
513
878
6741
45
5964
6159
7065
741
1031
1764
2641
5591
3640
1166
353
2422
5006
4758
2048
1999
3836
306
619
4861
616
1139
320
2371
1156
4757
4791
5224
5515
552
3383
1725
4756
4735
850
218
5261
3445
4058
4091
2237
3302
4044
4095
589
870
998
4113
6585
2803
4226
3056
4093
613
3306
3838
550
932
2300
4223
3140
3649
2842
780
781
6572
1038
787
1030
3272
515
697
2510
792
3595
3159
3273
3946
523
796
3643
2220
3592
2849
1337
1990
5364
4666
211
2118
2120
1131
4610
4866
4562
4551
1672
1535
5890
5894
430
339
5924
1250
2097
1668
1664
5533
4803
355
1659
357
1226
6853
2049
364
5589
4754
4813
4819
1633
5229
5841
37
38
4343
5946
2146
20
5098
4348
5095
5
1164
4907
4306
4301
2011
1371
40
1678
6049
2145
64
1447
4477
1487
318
1755
3404
5081
2426
3475
5041
2413
5032
680
992
5467
935
6391
5090
2644
1803
5385
7095
1790
5377
2642
7132
1744
5285
214
694
215
1206
5221
4256
3358
1523
1496
797
2850
6105
1379
6173
824
13
1525
6194
3037
6734
3010
1333
838
2936
2965
851
2955
7167
3380
5829
3204
1647
1643
5588
930
1635
5640
1979
1632
7082
5825
5688
5770
7068
1270
6306
6747
105
6940
1559
3206
1627
3301
2514
2362
4898
4529
4727
611
407
4664
4115
4114
4617
1137
4875
4873
3867
4796
2292
4567
3869
2218
337
4846
1133
3879
2315
6575
6547
335
2040
2029
7111
4905
999
4225
379
4738
4765
6515
4780
4220
6529
4734
351
1039
7040
483
2156
494
2122
5592
5614
4556
2954
392
2273
2752
2121
6305
3226
1568
4034
3262
5752
1584
5681
551
3279
6753
3274
3323
4484
2889
4346
36
4342
6835
4341
4340
4116
864
2147
3016
2988
6987
4303
2941
6247
2174
4413
3086
4422
788
894
5977
1501
6042
4479
4475
3155
4444
6056
4443
2859
6057
6088
1311
2866
6261
4528
3326
4537
3642
3474
1205
1888
2341
1900
3472
1882
6414
1735
1922
5367
5368
338
2476
2302
1165
1136
3327
3558
2473
1853
484
973
5103
3491
2381
5136
6382
5239
5267
1749
2451
612
2427
7097
5036
5548
1645
2063
3340
5540
4802
5016
572
1996
3933
3729
6862
350
3727
634
2282
2288
4806
2691
4991
1722
4811
5405
6755
3679
996
1994
1946
852
1177
1160
6807
6733
993
861
2384
6834
875
2710
1510
6980
6819
2700
1622
1623
2703
916
2055
6920
2757
1665
1237
2058
1639
2276
1986
2802
1186
7013
2248
6973
6905
2635
1138
2372
7037
1508
2211
7041
2212
2214
2305
2645
2236
2047
6821
997
3534
6584
5450
5452
3405
3403
6669
3386
352
6343
3321
3320
4807
3309
3307
154
6323
3276
5013
5693
4667
6691
3223
4569
744
3432
7104
5362
3677
5004
298
6412
261
4990
307
5123
5129
4864
610
5220
5274
227
4837
212
3513
5326
522
683
3471
6369
4831
7107
5776
3644
5779
3055
6540
6166
3134
4412
3106
3089
836
4552
80
4380
4072
6534
818
4378
4368
466
3060
4328
4325
3075
4099
6573
2980
3200
5824
2981
2957
95
6200
782
3201
5802
3209
5906
3960
89
5944
4532
4144
5008
4992
4863
1991
4995
4178
4918
2010
2038
6426
1155
6838
4397
4281
4557
4631
405
4721
4730
4732
2133
7118
4739
377
4232
4782
2071
4458
4797
4457
4414
4411
2054
2053
1082
4816
4790
846
5336
285
6048
6046
6262
