5371
3359
6833
5015
5340
933
5379
4750
3352
1750
3831
4752
1208
5375
3353
3497
6730
3834
6984
4899
2316
4095
5014
3838
4751
1322
5352
518
2116
2110
905
5373
3836
1329
6089
3493
1272
896
1277
2403
1725
5357
1756
6186
4757
2154
5353
4448
1326
908
893
2702
3635
903
4755
4724
6354
5404
4406
6418
5730
3879
2052
6104
6367
6835
906
2879
5378
534
1327
6082
3126
6071
892
3833
752
1724
1754
1742
6185
2651
2112
5107
362
6807
2119
6180
5982
5358
4874
836
1752
1726
2056
5125
4802
6336
7135
3343
2576
1751
6768
3349
786
6736
1086
3496
357
4754
209
1250
4301
4396
6101
318
1755
4863
6838
5475
5051
5088
3697
895
6412
5322
5377
159
157
2973
6047
3490
6183
1139
610
2092
1764
4875
3121
6837
1711
4311
6189
1133
2055
2155
3341
6369
1276
2145
2174
6483
1328
3611
2175
1278
1748
1746
4394
6836
2929
5239
3923
3351
1321
4879
6764
6113
4636
580
899
5073
3904
5016
5734
6572
2465
312
932
3526
127
2136
1636
514
3874
3830
1710
515
2842
519
6732
1633
1182
822
5372
1900
2977
2419
429
6382
3542
3544
6083
864
6329
1088
2134
2670
2090
6515
3342
5657
106
4312
5742
755
1138
747
2718
744
6830
1762
6012
3045
4328
5351
3531
2840
3927
5359
4753
1635
5109
2713
1575
4398
407
4723
367
4364
2142
1758
3951
1067
3930
4758
1200
2806
3721
2514
4390
1753
3382
4393
3906
4256
2151
3357
3383
3875
5450
4259
1130
2714
3907
1143
2111
6144
3832
2839
4324
6735
6583
2101
3172
2133
430
5975
2153
3873
1313
5977
557
998
995
2427
5789
324
3693
4303
4313
1757
2843
2272
2117
5264
2707
3837
6891
938
2054
6188
4951
5647
3112
5401
4367
816
4862
6502
2989
4395
873
2404
2626
3472
2408
4345
103
3959
3933
5283
4892
1672
6182
3132
5740
748
7056
5128
5737
5266
4028
4738
397
4246
5944
1216
4762
3903
4601
5938
1903
3601
533
191
583
5261
3432
2041
5346
6337
410
5355
1714
2422
1719
3538
5376
775
3059
6383
811
5108
4759
1061
5173
3779
1128
423
1206
6994
5106
513
5964
5356
2276
3549
6085
753
1803
2659
6132
227
6928
563
6506
5052
7104
2336
6510
333
4756
6136
992
616
3691
3690
4119
1352
1952
311
4318
3318
6157
2159
2402
3356
6133
1790
6109
5891
655
902
1808
215
6749
5093
904
353
6940
3938
2094
4037
780
4091
3124
3931
3964
2325
516
6585
6145
6359
476
1135
3499
3839
4047
585
6152
4093
2114
6057
3100
837
835
4020
1805
4025
4730
2224
511
6263
6216
6054
4908
868
1802
654
6139
4153
3117
3016
5268
3871
6375
812
584
4055
3313
392
3261
158
4675
7105
1226
6737
2516
409
5746
6765
2711
3776
3541
2716
1951
3389
4651
6936
5514
211
1320
1906
3607
5464
364
4299
4655
5894
4871
4269
2654
1257
2135
2809
1735
128
3339
1157
4472
1660
5658
2830
5662
5083
274
4835
1743
1678
2701
5306
4804
433
5303
2417
1990
5979
5035
1720
5024
6897
1936
4422
212
2641
5682
6911
6493
1450
4868
6500
6907
2474
6684
6536
6519
2955
3636
5641
6932
6924
909
6211
5619
6196
5656
4090
5645
6187
4864
203
4409
6307
2572
3058
122
4440
3534
7040
4446
2437
96
2058
771
6361
7066
6351
1667
758
4957
3427
3967
5584
3543
818
201
5513
192
3934
879
1819
6952
4036
2686
3545
2043
6980
3564
5105
5445
5438
154
4735
4019
819
4780
5690
2804
6741
1955
331
1325
6084
2137
5996
4682
6129
6072
1958
6710
1768
1207
2214
5970
1083
1021
1253
1031
5976
5843
5047
1959
5985
5144
1100
1049
1186
546
4309
361
6620
3211
3924
6573
5735
6159
6166
5948
6575
3644
6181
2095
4765
3877
1137
6686
275
481
1273
1763
3920
1132
2860
4319
477
6158
517
6827
582
5741
2710
2921
5957
2803
2578
5393
5958
1992
6050
1679
6021
4477
3979
6353
6018
1126
3991
5978
1997
2449
1730
1634
5370
4816
6333
3022
5022
1765
5433
5699
4008
6128
2738
1316
1317
900
1749
1337
1479
5614
1366
2628
910
1376
2032
5002
5736
4349
5229
5082
1801
2023
5712
1367
4698
5153
894
831
5942
2591
4623
5210
5136
5924
1244
1249
4509
2986
855
4341
1901
1902
2411
5494
4304
1038
2463
2623
5146
5575
6297
6024
2444
2149
3750
3729
354
339
338
325
6436
6578
3314
279
3336
3344
6416
3348
3946
6926
207
3954
190
6746
3264
385
396
6582
2097
4904
6587
3910
4907
3118
541
537
6384
3866
454
6703
3809
3805
3802
435
3104
3101
401
2118
6961
6571
107
3539
3524
7124
119
36
125
32
49
39
7115
5989
2369
5990
1602
6704
1162
1158
2827
5142
2278
5993
3456
3771
5973
1718
5134
1258
5045
3522
1972
1233
7108
2275
1977
1979
2140
6731
2138
48
1760
1134
3506
3848
1035
1033
1023
2901
2903
6131
6134
4139
4607
991
7
6140
5155
4587
971
5227
2478
5013
3909
1999
3862
6041
6643
5019
2113
4192
3844
1089
6079
3900
4830
2881
3498
4550
3908
1081
4272
2148
5896
2649
2650
4870
2652
6929
1928
4453
1458
1883
102
5653
3347
1934
1653
6895
5586
4445
1499
2631
6999
2582
2588
5437
2593
5102
1537
1937
5504
3536
194
197
5097
2407
5092
6942
2413
5665
2681
4476
3687
6804
2530
1340
4310
330
337
4315
1324
4846
1957
1712
6763
1300
1713
4295
1707
1271
76
308
3335
3334
3333
2700
6876
2703
6868
5772
2539
3528
5745
2712
5747
1690
3310
1369
3315
4325
6357
3089
2957
6301
6469
2334
869
714
2295
639
2093
3088
907
4026
950
2969
3943
2303
930
3040
3085
954
711
4094
6330
861
6207
