5386
4221
690
696
694
4551
693
5752
6663
3570
2863
4867
5753
695
2861
6668
5754
5750
95
614
691
1275
4225
6981
5384
6989
3722
7096
697
1529
5367
5758
6135
1521
692
1528
7035
6132
2868
5354
3701
3716
4557
2089
659
3327
2864
3324
3706
3723
7101
3709
4228
6669
3710
3321
2865
3703
1539
5362
3594
3326
7039
4223
1119
6665
3630
6987
2643
4226
1642
1680
888
884
1295
7030
4525
6661
1508
3705
539
2042
1202
3537
3300
6753
1535
2518
5751
6886
5594
4811
3632
781
6889
5368
6967
3532
5943
4220
4735
2860
3702
3533
698
5706
6077
2045
1895
3242
337
4529
879
4552
2086
1271
5580
6066
22
1564
722
5366
3539
3574
2044
4705
1699
4343
3888
1853
3715
612
5703
6986
489
6752
3992
3711
2088
3713
881
2937
6816
351
7092
6880
2560
2025
1643
6107
1201
5139
3033
3163
3078
6540
5027
5031
4874
1523
1060
4523
39
4232
2429
5276
2434
2438
84
2534
5364
3714
3634
1088
2892
4885
3989
3987
3073
1498
5755
1524
5349
3579
5170
5888
4504
2350
3593
3720
1520
1962
598
3595
5699
2160
1522
4346
252
288
1891
5925
3334
1117
2061
2646
3704
4482
4905
5206
2047
5598
2561
4368
2563
6302
2567
1160
4520
5057
1819
478
2495
4222
5380
880
3719
4062
3599
5041
3536
2357
2356
2212
1016
7049
3304
2365
890
5043
5537
4569
5387
2087
5388
469
2092
2095
6878
4708
1500
2098
1112
1525
5096
878
3320
1530
3729
6651
2701
334
7102
4528
3822
6683
5306
2288
5468
6719
2311
571
564
6728
3308
4058
2147
6164
20
6057
3997
3995
2084
2080
2054
2566
6305
2012
405
4922
6074
1949
3858
4418
846
296
5466
4761
6628
3548
4733
1501
137
2859
3124
3592
3700
4832
4744
2891
1409
5960
1383
2289
5833
2645
3862
358
481
2641
6269
1065
6701
834
2869
3844
6884
482
3074
5324
5770
6874
2958
6187
6330
2379
3256
3330
3886
6552
7076
7091
2951
5554
3530
4369
2575
5484
2374
5129
167
4005
3988
5221
1166
1168
2402
6606
1091
5238
6700
4561
4559
5530
3497
6109
5687
6265
4227
1290
6611
4224
4555
5270
2137
4550
154
1369
7041
5175
3276
5236
5287
1532
5138
1120
1148
4606
6237
5870
3814
343
5059
4727
4749
611
2436
2163
5535
4586
5137
6828
7109
5567
4929
6739
2491
2866
6875
3332
488
5054
6937
4024
4020
2131
510
5965
3274
2435
3322
4979
1588
2376
25
28
5365
1165
984
1164
480
2097
3328
2890
3985
1163
2146
2856
6630
5172
3837
1347
4456
617
6960
7120
5661
5652
813
139
3017
5126
809
7138
6726
2220
4116
1400
3141
2709
2716
4518
4145
156
2237
2800
4883
339
1218
4488
3439
3708
2282
6656
6603
6550
6319
55
5707
1645
5700
4211
2853
3724
429
3337
5599
7137
1153
3077
3336
6106
6332
6596
1769
5103
4666
4344
6636
4819
3349
1298
6671
2010
2580
2579
641
891
2019
4556
594
4212
6727
2250
7043
4159
1031
2215
6894
5426
1002
6733
1003
658
1004
6721
5037
1099
5410
5326
1961
4380
4386
1413
5089
4887
4453
6266
5309
4884
853
1967
4503
1816
860
1725
1788
4872
4567
5246
1109
1093
4881
5102
4876
930
4898
6183
1977
996
6166
1587
700
4246
4706
1496
972
1614
4702
4934
1629
7032
4270
4795
4810
2048
5363
1292
2043
1063
2041
1296
6309
2013
1648
1304
2140
1881
3301
5721
6609
3236
352
4074
6610
349
6466
45
2353
342
3335
3246
2431
6396
5906
5487
4081
2658
3843
6607
5834
5830
2428
3860
3867
5886
5532
6599
4003
29
6600
6001
3195
6696
2403
153
3880
2599
6369
2644
560
89
3901
6345
2492
573
300
3685
3309
3089
2867
3718
2317
2539
280
278
6584
5722
3943
5741
3970
3865
3807
3783
330
2712
2482
212
2880
3071
93
398
3917
5127
4777
5615
2014
1036
3868
5593
6003
384
752
6855
1504
4793
6492
5837
5939
784
7011
6314
3039
125
396
3087
789
4814
395
1046
406
134
4813
828
1941
5777
1782
6624
887
6982
6258
5691
6452
5208
3727
4510
3726
5264
6635
4558
3717
4562
5245
5977
274
6988
4593
2851
1813
6619
4730
4395
1030
4414
4424
7094
815
1887
1882
7097
3554
1076
3583
830
832
360
3830
5308
1009
2679
4732
338
336
1568
5321
2049
3728
6022
2193
4194
6736
4210
2165
2366
6705
3126
54
1297
534
6560
3345
3348
61
2404
3194
69
2417
7038
1350
6544
2126
2118
6040
5425
561
1279
5025
7064
5011
3303
4111
2322
602
5035
1181
3313
2326
5446
6163
613
4089
5917
5916
2341
3272
3323
5440
3264
2344
1169
4171
505
1359
6676
3982
7075
3959
2094
6056
2065
4879
5383
6963
3152
99
1376
2498
6320
1096
6758
1377
703
4882
2062
77
2479
5582
1387
4009
3984
699
4852
3979
2516
1405
3317
3278
5118
1270
5198
6456
6877
6921
4854
239
4704
4798
5204
5969
1116
4959
1706
1705
1207
4622
5726
6230
6178
6951
6641
5921
3486
6638
5032
6153
6870
6224
4657
4834
6954
6623
3478
2850
6226
6631
5909
6882
3413
82
169
1301
1302
3160
1308
6605
4910
4895
80
1146
4745
1125
6601
1110
6971
3165
3014
3034
73
1355
3018
3381
4748
5776
177
1291
1089
6622
6621
6620
1114
5966
91
6888
5908
3255
3251
1546
4770
6618
6616
1562
1048
2942
6120
5902
3604
1490
4734
1559
6168
53
2292
4597
3900
775
1994
3889
3884
7086
6781
2139
5414
4032
4036
1904
817
2577
4445
5653
5654
827
7068
542
829
2457
6814
842
4063
2671
2169
848
820
553
3903
6370
3986
3998
466
4240
465
5560
2085
726
702
701
6381
4273
4006
2033
4282
5591
2531
2437
5536
2430
5358
2801
4231
