2366
2214
571
2385
7039
2379
6828
1853
2352
232
5593
94
5677
3972
7035
2210
2376
99
2212
2393
2357
2361
2211
5694
5674
2854
5755
5751
2363
5274
320
2350
2382
6362
1686
3595
2014
3634
2354
2237
2220
6749
230
2215
97
4715
2217
4566
3971
2374
5270
5759
1688
2358
2042
6748
3191
7038
7138
3630
1745
5408
2360
5756
3558
3124
1687
2356
3986
5758
6234
4227
2370
3943
1740
2387
5880
6933
5391
577
735
2912
5676
3312
2378
1383
2462
2893
1769
5679
4668
2866
1492
2359
2443
3141
1899
3274
6824
3974
4564
1857
3627
3947
6128
4306
2594
3273
991
6821
231
423
2637
993
7076
6310
6331
5180
7032
4969
5753
6807
2219
5363
5576
2369
1340
1388
4765
6980
7136
3143
1855
6345
3333
3147
5705
4795
1890
5670
6954
1850
2377
5020
2976
4237
6938
1854
998
6293
1742
6934
5381
4987
1504
1954
889
5365
6305
4979
6568
3633
3950
5697
5303
2229
4790
4322
405
2126
238
4802
6927
2016
7073
7060
6957
2892
6002
4277
419
1962
2480
1681
2213
4735
3511
4719
7074
6943
4729
558
4569
2368
3276
1270
3624
3310
997
6925
6077
6918
1365
1031
5515
7030
7031
224
3057
7037
1034
1453
6913
5754
2447
500
698
1192
3625
2858
1744
2040
2841
7091
1760
3570
1682
6335
3571
1703
6334
6538
3766
91
5056
5969
2045
6945
5401
5949
886
6303
325
6204
3717
1144
6742
3979
5386
5809
3775
4214
412
411
3614
4166
1328
3146
1359
3272
5646
1856
697
6740
786
3361
3632
3268
882
2857
3290
995
233
237
1685
7062
979
1931
2484
2825
1231
1353
4307
5825
6842
918
1680
5435
6348
167
3765
5706
3725
1641
1934
5395
963
962
4798
2047
6338
235
236
2389
5722
1852
4791
6734
971
6922
5521
5523
5141
1225
6916
6917
1764
839
5709
1215
5037
323
879
5232
2223
5204
5404
432
1649
2046
5198
4902
1557
5183
6547
3958
5069
5400
6900
597
3932
1689
7141
1585
5059
570
4632
2235
3616
3528
2353
954
5951
2231
6112
2351
3529
1644
4368
1891
854
3277
2903
957
4226
4811
3306
4443
2620
5872
3574
4526
1226
2521
1243
5977
6989
4223
6382
437
1022
6841
425
617
2615
6931
6773
6948
6420
2445
3324
6944
568
3598
3319
4696
4399
3314
585
5703
3708
1217
7146
4317
7120
6114
5383
3142
1858
1172
4521
6979
3722
4300
4303
5394
519
2899
3340
2684
2089
1140
4768
5239
2732
4089
2786
384
3417
737
4842
1748
5574
3050
5607
5150
2829
2216
5569
3452
5942
5145
2133
3922
2298
4562
5002
4055
5846
1589
812
5526
1698
5528
3450
350
5120
3415
2856
1693
3976
1517
7075
5580
3858
5642
3987
7042
225
1743
3778
5844
3510
3776
6881
5752
1335
3520
1683
5987
5671
1028
1696
1695
311
2236
6947
1032
3965
2148
5057
3850
3315
5199
3849
6826
297
3848
1039
3010
2446
4984
5403
5196
587
6108
5558
7108
6939
4965
6921
6920
1976
1961
1964
1969
983
5892
4966
4963
3015
239
4441
5886
3856
655
7078
5685
5591
3894
2916
6906
6924
5287
5741
1587
6194
2645
2826
6343
3688
1932
7071
5397
5396
4425
6035
4567
999
2506
996
1937
6133
6903
6771
1729
2238
836
6846
1370
1841
382
2384
5344
5031
5010
1355
474
747
478
1201
482
5770
5967
368
6834
7034
4847
4615
5985
6845
420
848
2741
6713
416
5721
1271
2524
1269
5019
4621
3787
3088
4225
143
1824
4229
4168
1242
4235
5316
2297
5723
483
1173
4311
2956
1186
2791
4315
6632
5538
6207
797
2790
4327
321
2881
80
3844
5750
4726
1091
3618
5898
172
6965
2963
2093
695
5824
352
4060
694
3148
3826
4607
2041
3052
4762
4305
517
800
5040
2035
3270
793
6852
841
2522
2010
4584
6371
2498
3622
4488
6825
862
5695
792
4480
846
2018
5594
952
2294
1385
6275
6665
3419
1367
3546
1364
1360
2127
3411
5481
3389
3784
2121
5643
5461
1767
3553
1765
4059
1634
2189
5575
5570
3921
3923
6308
1691
6321
6531
6615
3984
3995
5548
2255
3466
4053
5615
4205
5720
1823
6414
4391
2458
1046
1030
1024
4410
6800
4422
1936
3611
3684
6390
3613
977
970
955
5405
6422
5406
5409
6471
3757
2381
2383
1211
1205
4284
3364
5384
5820
5436
4301
4304
4313
4343
6426
3323
5413
1859
4590
2468
6053
2798
555
3132
139
7151
22
5188
5304
150
6891
6941
415
6987
2809
4983
160
6092
180
5207
5864
6040
4903
686
163
4904
4985
690
6122
5048
2638
4665
3150
7121
2896
364
4786
2619
4663
7063
2979
5025
4716
389
5022
7163
3140
6064
3139
2922
1725
2688
4319
5585
553
1083
1690
1684
2850
6744
4310
5826
5590
3853
1142
4318
6569
5596
1044
6779
5976
3770
992
1819
2478
1827
2481
5986
7114
6915
5644
3304
5138
96
95
6474
7092
4676
1803
575
4380
1753
578
6198
3536
2139
2138
2867
3179
2653
7104
6789
3783
6479
5018
2187
6738
5254
1478
1352
6269
4012
3413
5940
3395
5485
2802
7049
2804
3045
2759
4886
6700
4167
5553
2952
2807
5512
7041
4068
4062
1424
2292
5519
4052
4851
6661
5222
2278
6638
1450
1451
3457
3423
3459
5513
330
245
417
2742
3941
6733
4796
1221
4254
2827
2828
7068
5389
4278
3368
3913
5808
6228
1184
3028
5438
5194
5467
275
276
2362
1539
3970
3036
4220
2218
4221
4222
1265
4224
2367
1261
445
2371
4228
2820
278
5921
4450
4369
866
2075
5343
4525
880
5055
1897
2908
2910
3687
5648
3271
6363
1895
4482
782
6166
5362
757
81
826
2013
2033
4503
6135
1952
838
2926
3281
764
6832
4490
3636
5869
833
5117
4563
6892
45
2556
2902
6898
2915
2
1930
6405
5688
