694
693
696
695
690
5386
4551
7096
5753
691
697
5752
3570
95
3324
6668
3321
890
3497
4874
4867
2042
429
781
692
3327
3594
5380
2092
2045
5754
7092
4221
351
5355
5358
534
6104
891
2131
489
2140
5750
252
4223
614
3837
5594
2097
3326
3264
2237
4226
789
1325
5354
879
698
6135
3382
2868
3493
2137
6132
6880
1729
337
4220
878
3599
6663
3304
6833
2643
6665
1275
2716
1528
1521
6982
1524
2861
5367
4907
2863
787
1529
6987
598
1699
6989
899
4346
1720
3574
582
1201
6669
552
2025
7091
6109
6107
4567
4525
3901
1819
5362
6183
4228
2141
3301
4529
1271
4225
4552
6540
2054
3496
2143
4863
3595
3630
4481
3592
5
3706
3537
3634
4557
6101
1751
6106
6332
5384
6305
846
1502
896
1535
2701
5103
2095
4222
167
7032
2646
3533
4062
4876
4368
880
1680
1642
6965
7035
89
2090
4569
3320
2700
782
1277
2635
1895
2047
1295
3831
5408
3492
584
7064
809
4527
296
1634
6889
3593
5703
6319
3323
5364
537
3112
2089
422
6736
6737
2049
6732
480
2534
2114
2134
1272
2044
2707
3337
2516
1202
3859
580
3439
3332
2147
2518
627
5359
619
5706
2656
5357
3330
583
2865
3352
3358
5102
539
5092
6874
3334
4905
45
2043
6186
6187
6189
3685
6193
4780
7101
2139
4910
6661
4369
1270
2040
3631
4735
3536
1508
6700
1207
1587
6185
6077
1977
3591
881
2709
5352
5126
815
496
412
3359
1326
2864
6728
2891
2892
3303
3959
1659
1584
40
4668
1321
3858
3532
1882
3139
3539
5015
605
2326
593
5264
339
7062
3632
699
2146
4443
5269
5652
5267
6753
6937
4879
3274
5368
3722
5295
5580
6755
2012
556
2010
6052
392
6968
997
1031
1394
1259
1016
5266
5270
1488
6545
483
1525
5741
5758
5770
662
675
2231
5682
353
2138
5943
569
2041
6772
4447
1523
2651
6133
6181
2790
4380
5742
853
1758
1752
1744
1728
5388
884
6330
1539
6752
4400
2645
5141
3276
91
4555
3636
93
5086
4899
5139
5096
7013
4016
4872
3357
3353
4231
3716
3965
7043
298
143
5043
4798
4561
300
3997
3995
238
4665
557
5681
586
4680
5046
7137
6886
4666
5666
2149
5593
1323
4113
1337
2859
5466
5468
1372
3433
3349
2779
2706
2702
3384
7014
1520
1588
3350
7134
3956
2468
4892
828
2094
1853
5965
7097
4782
4790
3700
1906
4448
6049
6053
6073
780
6074
6088
788
4238
2124
2127
2136
2176
612
225
2438
2434
7039
6853
892
3548
5755
4343
77
2328
659
2302
6726
4509
3597
6192
4456
6188
882
3325
6325
5349
1279
3053
3126
3314
6543
411
3104
5303
5283
3300
399
1320
1038
4204
3322
5375
6981
4116
2129
934
3875
533
5291
6345
3010
1237
2142
1530
7068
3934
6171
2642
2119
5274
169
4664
5144
2132
538
2437
5091
6684
2128
4728
5726
5838
2218
3992
1756
3900
2492
6816
6302
1033
610
1647
5685
3281
3498
3058
5653
587
186
3641
1571
2514
6878
4550
5056
5676
3271
4753
905
5057
7030
6584
239
42
5138
6157
3571
6911
6894
5221
6984
2841
3723
3085
6837
2860
1338
1725
6826
3710
5439
6622
474
2867
3335
469
3088
4115
5410
999
5206
352
1064
304
4795
3705
6120
1137
829
2098
898
2669
3534
5549
367
4402
517
2703
4875
2048
1500
1496
2710
3903
4441
5527
895
4421
2321
5173
1413
6381
5485
84
4733
4306
2344
3905
2308
2341
6825
873
2329
666
3109
1203
6628
4507
2298
6723
2322
5381
2203
6624
1119
3145
360
3720
3172
3726
4794
3727
3839
139
4852
6056
6064
6066
3239
4811
4442
5949
6155
4497
5917
3273
6195
6949
6191
6809
3124
99
2204
4761
1809
2144
4908
338
6967
2118
166
5170
4764
4411
2439
4205
1501
4484
2668
39
5098
1504
5353
5087
4556
38
2638
4044
5083
1251
3445
4689
4504
3017
566
6329
1522
415
3313
5365
1322
5409
2894
3328
995
2866
994
3336
6651
37
2941
1011
1284
6912
1376
1392
2954
1396
1397
1278
4432
2533
1257
4813
4344
4269
6297
893
3521
3952
6875
7038
6546
5751
2510
3073
585
601
1645
3954
5014
2373
398
6258
4528
1208
6235
5383
396
5746
6741
6605
33
4791
6547
6230
1343
1091
6611
1932
797
1324
6621
4327
888
996
6631
4723
993
6606
991
4090
6459
117
6323
6440
6626
944
6516
4036
6178
1532
4169
1032
1186
4765
4227
1790
96
851
1937
850
6312
1879
3935
6309
1688
4351
4083
1160
824
3986
4559
834
1648
827
1148
106
6161
4224
4229
861
1200
1684
3214
5657
2426
2937
5739
3530
5373
449
2947
5721
6920
611
3329
466
2881
2869
5387
2495
6983
2953
3018
3014
2236
5834
5326
2324
5747
6830
5351
5776
4999
5013
3547
2959
4271
4309
5693
7037
6913
2599
5591
4389
5093
532
6884
529
494
512
2793
2737
2791
5487
3404
6994
7026
2575
4386
5688
478
3341
5041
2511
2577
5047
2531
5059
4828
5656
2567
2568
5670
3033
2353
5484
3230
5180
5272
179
178
176
4901
4453
4898
3719
2115
4868
375
3701
2215
2093
4877
4261
2087
3134
5964
6779
5261
747
4870
4383
2056
2001
2155
2061
5925
2202
4846
6811
5302
6759
3052
3055
6940
3059
183
4847
3206
3200
3107
3278
4849
6943
3742
6608
3343
3351
1398
6614
3210
3348
2794
4110
4595
5135
6453
1383
2851
6460
4593
1391
5481
5146
5239
5366
4145
3308
5147
3302
1399
1205
4163
5329
6544
1239
5320
6526
5306
5340
5276
4206
1289
3141
6596
4111
6594
3127
3270
2883
1171
2899
3272
6472
6478
4523
6492
4562
4262
5150
1933
6414
5924
2178
2183
4929
3643
3642
3633
3627
3896
3611
4437
4340
2208
1754
5881
1746
