5398
5845
907
226
5844
3786
4594
5376
2718
5517
3316
2977
5734
2628
3923
220
4138
6822
1609
758
756
3927
6493
563
2606
4311
5519
1953
223
5735
3821
5106
5097
227
1693
5958
1256
900
318
3784
2654
1111
1086
2979
5512
1662
3616
6354
444
1958
5109
2572
3501
6201
6058
814
6429
2802
1692
4201
5737
5478
1604
4954
4047
301
435
5514
2164
3698
5378
5518
3693
2104
5637
4636
5322
5018
6176
3626
3787
4943
2928
3282
102
4071
4388
6517
5407
7162
3618
5515
2670
2672
3745
3615
974
945
2179
2824
3281
1403
2894
6471
1226
6512
4590
1637
7146
3122
813
2404
2408
4142
5372
1008
438
2103
2929
1491
3785
1792
818
4094
6017
3333
5584
5585
5511
679
1225
3399
6190
2973
1193
6205
2915
3098
4319
3125
4318
3690
2262
3687
3878
7153
4310
5732
3601
1493
2372
308
2388
4312
5391
86
2452
5108
1732
1438
1439
6369
1432
2633
1909
4603
2659
5840
906
1630
3789
5544
3621
3991
4968
1954
4341
4007
6352
1901
6365
5329
4725
2322
1865
4612
5794
5796
5392
2032
6427
485
908
3614
745
3612
2897
2459
1436
1434
1433
6277
2674
3925
5731
6216
2800
2796
5104
4396
6499
2614
6542
3468
2911
2532
4528
3611
4134
2970
2909
588
6278
174
2913
2917
6271
313
3920
3691
603
394
4976
4609
638
6279
4957
5583
6974
3697
687
3862
4334
179
5972
2804
5730
2694
2667
2662
2649
2640
4404
4132
6770
2478
78
1602
5745
2403
5199
2347
1653
1656
2321
7156
2260
5256
1760
2148
6670
6027
1886
5300
1219
1197
106
4354
1108
4566
3000
5012
918
904
192
943
2916
7108
194
1035
2906
977
1047
2272
4313
2264
3681
3684
5632
543
3009
979
3454
1738
3696
373
5304
1929
401
404
1978
2227
3284
2023
2027
889
2145
928
5842
6367
4971
2458
4516
2714
6988
2715
1315
2920
630
633
2805
5614
650
4385
4381
2899
1191
6050
5073
1603
2687
5952
6333
6031
3613
1087
3393
6549
4405
3610
3609
568
2578
6054
4403
3259
2978
5581
3828
1950
4076
5757
4835
305
4042
190
309
5733
4040
4173
315
3987
4086
4066
4095
195
222
7105
225
121
6212
5696
126
112
4077
324
4631
1222
599
1192
6272
4555
6832
3924
1230
6980
6984
3926
3929
4079
7150
6282
5259
5100
5941
2402
1356
3677
2717
3675
5636
2015
1314
3628
5105
2790
4632
319
1632
2806
2807
1639
5325
2814
5316
1646
4431
2912
2901
6196
7095
2238
4041
1798
6861
6438
3096
1000
6866
6868
3021
5529
1736
1785
245
6035
4446
5546
224
2173
6410
909
2181
4032
4325
6662
5513
3508
2905
3944
1162
2919
2923
1147
2100
2925
2926
2279
3377
6331
1116
1825
4682
747
750
753
755
1089
1083
5976
1081
5586
3869
1667
6028
5678
3746
122
6539
1963
1554
402
5997
1975
4402
4131
4234
3851
2669
2650
1437
2454
1430
4409
3788
1979
4508
4616
6573
1416
5990
2457
2613
5665
6545
1418
1495
2681
2178
436
1217
2039
5154
448
1210
6353
7148
6024
5369
3012
2028
6477
1224
1419
2445
1228
5762
3759
5050
2329
6280
1229
6447
446
1869
5617
440
5422
5612
1468
7119
742
279
740
4962
1106
3863
3503
6204
1831
1698
6206
1454
2453
4637
1691
1459
4948
6664
1171
6145
433
3546
5611
5510
1203
5252
1254
1078
3507
7151
1672
661
2059
2893
5954
5480
6162
2989
1966
2221
812
6020
7158
221
4799
6422
6372
7124
3679
4001
1885
4507
2657
2175
1780
2697
1913
4096
1318
4345
2003
1347
131
6021
2204
4350
133
7135
939
5200
4285
5024
4608
6502
942
2795
6148
7002
3128
4358
4660
4918
5775
3868
4786
976
3749
1981
5441
837
2166
3695
3694
4251
6384
1905
1737
6388
1598
4771
566
314
6998
7109
79
2596
754
1690
5587
5792
6386
4956
3395
4127
3423
4252
746
2182
1695
266
6910
4638
2470
2266
104
4401
1942
3246
6547
5557
2236
1045
6361
5052
968
6368
6648
1952
1034
4792
1509
3120
4036
7100
836
920
6355
6351
6085
2537
941
5547
4711
5973
3090
3820
3005
3008
100
7093
785
4338
1054
857
1957
6338
3865
2955
3606
455
2816
4615
1269
5318
304
1258
5221
600
4383
154
2324
4697
6030
2029
4225
1864
3564
1223
2875
635
5477
1431
434
1638
5613
457
4547
2685
2693
2683
3689
2677
1354
3676
4679
6519
6510
6226
4390
4389
135
4387
5107
5456
2665
2788
5203
4633
2652
2797
4614
1884
3861
1206
902
1167
1928
2902
105
5332
4435
4619
2275
1190
5483
3460
3781
2073
680
1972
6972
4949
5765
2081
6975
3538
3780
7154
5327
1404
5720
5736
6098
5455
5960
1467
1103
6423
4156
6896
1583
1157
3149
4438
2209
2914
2882
5113
2269
6149
5809
6843
2405
5942
6395
2676
7155
127
1759
7115
229
4695
6138
2392
4414
932
4395
6514
4170
1697
2616
4392
129
1143
6019
6033
2857
2326
4039
5882
6583
1082
4123
1494
101
3024
1476
6011
4078
6544
2581
1666
158
4804
2876
6473
2455
5083
3006
5719
3011
107
3136
5956
2226
2808
3135
199
6458
1414
5390
4049
5887
1734
6491
1733
3117
4085
5524
6546
6867
2831
6160
5412
210
4037
2573
5094
1172
5885
2268
5365
173
4276
3394
3966
443
748
2108
4955
5281
3389
6336
3442
6329
3741
1989
3462
3464
4946
725
5603
6122
4593
248
5303
3331
3800
2135
5707
4629
3379
6705
3339
3343
1968
5846
3778
1923
428
3337
388
3727
5700
3674
7014
595
3922
4316
5620
6270
4611
3600
2021
3921
5635
312
2017
6043
4230
3648
4788
1868
4317
5995
3524
4323
3699
4600
660
4322
5615
3682
1859
3874
4320
504
903
509
3566
636
831
3632
3833
6231
6366
1784
