5003
5286
5000
5008
5006
5285
4994
4995
5280
4993
4997
4999
4996
5282
4990
5004
4992
5289
4998
5281
4991
5009
2874
5001
5005
2876
5007
5099
6820
5284
4154
3672
6778
3850
1370
283
59
1822
4115
1821
5536
5195
5265
5262
5590
3854
522
3423
404
1371
5755
5707
4781
5700
4407
2038
5161
6779
1324
1824
289
2291
1850
3154
6777
6421
3851
6919
5582
3157
1586
2294
6149
3159
7079
24
2513
5533
2879
2071
4663
2298
4788
287
6547
1097
2500
2850
1268
6090
5382
2399
1264
5302
5665
2292
1013
1687
5196
6846
5194
3855
5530
1825
3029
4397
6776
2877
6664
1828
4477
285
589
3914
182
3161
1899
3221
3653
6790
6099
2660
25
6428
7119
55
928
7160
4049
2845
5898
5532
6130
2214
3853
1852
6645
7072
3543
3147
6096
4446
6861
6178
3791
2733
186
4711
1339
2299
1393
6939
1827
6929
5596
2665
2115
6928
3936
5434
3677
3788
4746
2972
6094
282
2568
475
280
5538
1456
4031
3645
5704
6471
3681
50
1896
6923
2675
6251
3858
2011
225
6280
226
2846
4668
965
2036
5708
783
1391
3796
521
1494
3234
4080
7039
4579
1823
5822
4853
4843
3150
4836
7050
6542
1858
2873
1780
3468
3609
3146
124
1336
6751
1106
5705
1109
6695
3143
4571
3201
3260
3232
6424
3667
4045
1
4864
3312
2210
7125
3670
5123
6909
2681
1775
1509
2870
53
2517
6771
6905
1266
5190
5199
7054
6699
58
5585
4041
6793
5588
410
407
6968
1928
3165
2287
239
963
6622
235
6631
1379
920
3878
6198
4682
962
29
1855
6832
4976
3790
3156
3894
2297
4628
4949
2667
224
968
23
5523
1023
27
4942
2682
1829
6742
1681
3025
496
3155
1691
3795
1584
3152
6420
1782
4546
4543
1853
430
1640
4542
5337
1826
3794
871
923
3149
4040
5231
2023
2028
5381
1857
1668
4540
3859
5202
5335
3911
6841
1856
5593
5821
3273
6141
6144
1334
1335
4970
5799
6145
6988
2296
1024
2293
5589
2290
6192
222
3416
1772
2360
967
2363
2378
121
4134
6067
6060
6043
4783
112
1103
141
2455
145
3976
4862
4866
2410
5899
2853
1262
1267
5845
75
760
1399
3797
2216
961
5643
3238
2961
3240
617
3228
6960
238
277
3208
6660
6963
6092
6628
5617
3419
4399
2813
3680
1560
7115
4017
2178
1667
3220
5460
875
6761
6565
6425
1497
824
575
6379
3316
698
570
3571
3919
6536
6696
839
1541
5659
4180
6722
5851
966
5758
4015
918
638
3167
3163
1394
639
6401
986
1688
6284
1035
3418
3265
5802
1606
1331
4048
3153
6606
6605
6757
5672
3424
5838
590
6595
5854
3222
5738
6374
1974
2560
2577
5266
183
4511
4467
4956
7093
4462
4972
4492
281
2966
2631
196
2634
4743
2168
2547
2362
322
3021
5124
143
5180
2470
2384
2488
6845
2379
4795
7065
2045
2370
4431
2368
4785
5233
2375
7107
284
6969
2797
3624
5338
1779
2238
2815
2211
4547
6938
4607
3792
2739
2249
4576
4575
2780
5041
3799
5334
2688
2683
232
7131
2278
5309
51
2662
414
1897
4436
2661
4437
4163
7033
4174
5911
6567
4890
1407
5029
2917
4213
4937
4197
5751
3809
237
2359
2352
5807
234
6624
4978
3841
220
3804
149
6513
6553
6191
987
3411
969
4665
3421
6238
2664
4539
38
37
3429
30
2714
4613
2752
870
6336
6382
2761
2766
832
2775
6188
7098
4011
1029
5965
1204
2461
3978
1194
1191
4155
2872
6048
6051
4799
5962
6086
3741
7073
6093
2542
3514
4126
6122
6138
745
94
6164
3517
5718
4974
3870
6750
3210
1666
5321
510
4405
305
3583
6667
1504
415
3213
3673
5191
419
3239
5480
3876
1520
1898
3070
6843
6692
5595
324
5197
6737
3202
1545
1686
1538
5304
2126
1905
3573
5120
3205
5353
3621
3650
3141
3613
270
3612
3140
2225
1730
3116
6656
5251
4342
3227
2964
5234
3684
528
1476
2978
3142
2176
4348
6792
5534
4420
3610
3614
288
3124
5701
4678
6201
6143
4261
1661
2820
2602
5516
6176
2603
2827
4513
6199
3065
1049
5519
4684
2583
5521
3405
5517
1946
1891
5287
6282
1736
6286
4068
4549
4586
878
3456
3137
3460
4573
857
1774
3467
3121
5388
3069
1796
930
2635
4672
5300
4533
4662
2650
6234
3380
3084
2663
5332
5333
1873
5477
3427
3428
3175
2233
1973
2179
4944
4943
2351
1330
5805
2172
2170
5667
4941
5824
3278
4201
4409
1505
4933
4177
2377
1495
1771
5792
2309
1421
5710
5725
1418
3241
3237
3249
5037
1395
4441
2252
1388
3233
5055
2207
3231
5759
2962
5670
2991
3209
2139
1263
5586
6077
4378
4132
2024
4131
4792
1624
1108
4255
2858
4128
2546
5244
2552
6102
6107
3370
3178
5205
4742
3357
5587
2391
4471
4168
4165
5945
2418
1537
3007
3200
1200
5182
5183
5184
2077
2871
5986
6004
3341
5198
3356
1770
1886
332
6662
3971
3559
3641
3692
48
6965
6966
240
362
6847
227
6983
111
42
3631
6985
7144
6694
6697
231
3856
276
597
319
6920
6922
6916
93
86
6611
7083
313
3671
3666
3676
295
6642
3655
6429
293
3557
6932
6654
4032
120
194
223
185
6482
526
6532
6529
187
3615
3606
3479
520
3807
3616
6386
147
6381
6749
6830
3513
6486
6540
192
5818
3361
6931
7036
2411
4418
2913
4930
5835
5832
4920
5828
3359
3323
5809
5143
4850
2445
315
2131
5800
152
6070
2896
4002
4204
4001
6926
1321
4413
5094
3268
5072
6937
4141
4948
1220
4954
4968
1217
6555
4456
6614
7002
4156
2306
2307
4457
1203
195
2318
3319
5957
4947
2277
5066
2970
6594
3803
4936
5050
1708
2221
2366
6579
6029
4170
2256
2259
3339
2354
2272
6596
3259
4564
5174
6800
5393
1794
5544
6824
