5401
5408
4802
6353
1144
5404
6733
3822
6350
5409
5403
2370
5400
2220
1644
1140
5402
1009
4800
352
577
3071
3073
2363
3943
1001
1006
4617
6390
1145
6385
5405
4801
4807
5019
1690
2212
2367
2959
1125
4960
4809
2378
1853
5674
4808
1976
1340
4805
245
992
991
1127
2958
1148
2369
2368
1003
1481
1002
5380
4806
2352
3955
1818
4803
1640
4472
357
4395
1817
6502
5593
3126
2224
1153
1131
5694
578
5043
2389
1013
1146
5644
2393
1120
236
5467
2902
6207
1142
576
6980
4861
3060
3074
5690
6974
3078
3059
554
4958
6379
5580
4908
364
893
4174
6106
1992
5098
572
1123
4754
5239
3076
3077
6064
1681
1157
1180
571
3472
6071
241
1188
4761
6987
3593
2042
526
7091
1527
2161
2790
3065
282
1355
4933
1185
4188
5010
2058
574
2257
5374
1346
1815
1525
826
2137
2919
7068
3075
56
500
6497
3576
242
902
7026
2384
4327
1122
3655
6973
616
1034
6302
6761
1139
2
1151
1031
5679
6739
2846
3954
6382
1030
4814
519
3166
6859
3956
374
1155
504
6465
247
6981
3063
6492
243
4418
125
1050
5677
4458
3324
6414
5279
6450
315
5755
1685
3706
886
1371
7135
5083
6052
4784
1854
3634
4819
40
5085
3700
5720
2154
6693
3896
2385
6780
4935
2953
5052
6547
5907
4606
5037
3216
410
2860
5938
1643
1682
3983
1456
2858
7032
727
3816
2374
7055
1343
4706
2377
1374
5107
58
5902
4271
3436
6055
6338
1186
4220
797
2323
2957
4766
5434
6697
2319
5750
3096
1149
1969
1133
4818
5530
6012
2531
6977
5158
570
5921
3719
3067
3069
5725
5270
2568
3513
6734
5892
6876
6749
5362
558
327
552
6901
5359
4353
6884
4878
5737
2421
4862
354
4904
4931
3444
1526
4936
6982
5002
5988
581
2837
3272
5428
6316
598
2809
2199
6305
2208
3668
3123
3661
5534
644
3694
3562
3632
3627
5695
2099
6527
1344
1341
7069
6473
555
5189
3070
5281
3308
52
50
995
5368
697
3592
4937
6707
4133
1962
1746
4461
4186
901
5820
4589
4297
2954
4304
4306
737
1844
6855
1699
1834
2896
5769
2382
2611
1743
2053
4363
2879
3555
3991
272
4484
1046
1993
6825
2054
1724
3950
1694
4087
5787
6790
7039
4400
6386
2939
6861
2547
5291
5129
527
905
6847
3572
1325
5671
5244
4460
3615
1324
474
2138
2364
3066
2865
698
232
5209
5396
6381
4119
7131
3547
3690
2215
2218
5460
775
2833
3667
1102
6972
3125
5537
6975
3167
1049
662
6269
2140
6307
1928
48
997
6374
2013
4352
6058
3773
1841
4175
1852
575
3716
1007
2665
4240
1183
6331
2321
7104
4555
2537
361
1394
5081
6716
3196
4778
3590
73
1684
281
2950
3418
4747
4753
2087
330
5735
1395
3195
3023
375
3412
1562
3143
3485
5101
6521
1418
6637
2379
1649
3936
6783
7035
321
5096
6989
4190
4158
5418
4720
937
4871
1159
6513
7117
3273
6748
3717
4303
31
6665
931
4930
4206
6002
5915
6926
2203
1900
386
716
4214
4213
4262
6053
1143
1517
137
645
3563
3660
3172
3595
5542
77
3243
4044
2301
3239
1037
4804
6182
3657
3127
5607
6262
3234
4865
2204
3972
6299
4098
3104
6732
6728
2985
6961
5734
2786
6988
5461
4767
5855
3554
1956
1857
399
6908
6103
2922
1376
1284
5692
2794
5781
1391
1392
4456
3510
5942
2615
3946
508
2704
1257
5954
55
5231
5308
3328
7005
3577
269
3061
6795
1693
2630
5939
4475
5087
3340
5904
903
5161
5673
699
3361
5186
1683
1372
3046
4014
5304
6389
5812
6560
2383
6378
411
6568
1210
5000
6128
5383
4347
6362
1831
1440
2441
6086
4629
6352
550
4020
5009
2344
3514
7060
521
3219
524
693
6879
7000
5699
6851
2097
4613
3516
5943
2539
907
5986
3201
1004
3231
993
5651
5730
996
5838
5905
5829
2571
1032
2823
5590
4159
1937
4254
4270
1879
1837
1816
4369
4378
4419
2358
4151
2361
2362
4473
3502
4565
1696
4581
4586
4626
4699
1623
4713
1753
4745
3549
1983
3658
2219
3701
3713
3641
3638
3780
3786
3814
3825
3826
1973
3900
2092
3934
2045
2284
2041
3977
3992
3569
2015
3561
3557
2093
4746
1578
4826
5341
5344
5357
5363
3277
5377
5382
5391
5395
1197
5407
5333
1189
1156
1138
1121
5465
5482
3255
5502
5527
5535
5538
3242
1158
5332
1237
3304
4857
4860
4870
4886
4902
4986
4997
1413
5034
1406
5056
5060
2454
3368
5084
5086
3347
1338
5134
3342
3334
5179
5183
5224
5257
1048
6005
2236
66
6706
6704
2787
7048
6962
6696
367
6815
157
6310
6828
6041
249
3007
240
6368
53
764
51
408
6334
332
747
91
6994
6757
2951
284
6789
310
3121
2955
3160
6248
741
6976
2789
6971
6287
2946
694
320
323
7037
331
489
6939
2947
44
6878
677
224
7144
7125
6932
6153
6916
2836
170
3134
6870
6545
6482
3028
2671
6127
6935
6905
3052
6524
717
7111
43
6522
700
522
6206
676
1008
4360
3520
5539
4355
6791
4350
3524
998
3525
4595
6123
4598
2941
1698
6873
2528
2360
5604
3509
6174
1038
4457
6843
1748
5594
292
6172
1742
6853
4474
6195
3238
2366
4481
6824
656
5579
4507
5617
4413
2913
3504
652
1801
4551
3245
780
4730
296
6530
1243
5053
6546
1399
5336
5025
5071
2448
5016
3279
3389
537
5008
6376
4995
415
3047
6528
5294
5234
2476
5210
5188
5187
5243
6467
1321
5267
2480
3343
1335
6507
6409
1349
5289
5103
4992
1659
4985
4983
2977
6304
4768
6303
6298
2510
6735
1152
1130
6737
1126
4710
3261
5466
3258
3124
6736
4813
4817
3092
6359
565
6664
579
4907
1487
3433
1506
6006
1512
6319
5421
1520
2986
5429
1529
360
3274
