3822
727
6733
5400
3569
3073
1983
3077
360
1347
3067
3071
3074
3060
1140
3066
3075
3078
2341
6390
3076
1144
5402
3079
655
1148
2957
3069
1481
2958
1143
4395
6353
3694
3063
6359
1145
354
2344
3065
1346
327
5356
1149
6058
1640
3070
886
3068
526
6849
2950
375
6515
4778
1007
1340
2921
2058
1231
310
5420
1359
2019
659
1009
2346
3447
5813
521
4472
3126
523
3991
6435
528
357
6053
4020
4473
4074
7032
6537
6203
3096
2436
5347
2284
1345
6580
3436
394
6136
2236
6386
5341
525
2959
332
5852
520
4336
5018
6370
6759
1644
1189
6503
2
366
3305
5736
31
5737
6746
3011
1155
5401
6069
2929
3925
4761
6141
2922
6137
4960
6385
908
1157
3072
369
2108
2853
3128
3445
4098
4321
2838
723
3124
4475
6502
5978
5703
1818
6825
6083
3061
1133
4616
2928
3943
321
6834
1142
2598
991
352
5343
4699
323
5019
2348
1799
3231
5475
1035
1034
2488
2834
3014
1185
474
5404
79
5255
5819
5467
3120
1186
6493
5038
6380
527
1072
3753
2374
6079
522
3690
5460
5644
2833
2466
5788
6350
4418
2343
6608
7121
5409
5429
4878
6388
6065
1367
2049
598
315
7146
6715
5368
2809
3994
4024
4931
5406
1349
406
1350
6375
1781
5983
5787
2439
2014
3122
5348
6693
5016
485
3660
6263
5083
931
7098
524
6851
650
6026
3700
2410
193
1990
6513
6507
6560
1958
750
3023
4766
2422
6373
1539
1578
6508
6510
1003
473
3125
2349
3027
3752
974
3329
4765
5314
5163
4966
700
5322
4119
6591
2998
2051
5032
2235
4234
5037
4239
2923
2368
2927
6761
2836
3697
5959
2858
807
6884
5502
6888
3501
3920
6012
1343
6072
5374
3446
902
7100
3861
907
904
69
876
6501
1982
364
365
5029
2532
519
2468
2432
1467
74
4815
4443
374
3443
5796
2435
6023
2107
2857
3874
5816
2892
3325
2891
133
6583
5971
7038
4281
5820
2455
4764
5647
4953
2920
430
3092
2584
656
5823
4802
4323
3904
4811
4754
3340
4551
2595
182
2837
5394
2342
1702
1951
4695
4413
1514
6349
36
6138
3665
5210
6428
5580
7137
318
1954
1434
5234
6742
3461
255
889
5408
4865
1180
3857
748
6822
6046
1188
6052
1857
2985
2306
1836
5335
3593
1037
1848
305
6389
4992
2988
728
631
6146
5365
3565
2345
3441
2161
2804
4393
600
6245
4880
116
3241
5974
3754
5967
3568
478
861
5747
2347
1017
3547
7043
5938
529
637
2013
5829
1815
3307
6484
7104
6479
3168
5407
4933
1510
3301
6497
5694
4861
5403
554
5750
6506
4357
6509
500
5078
5470
4328
4800
100
5005
434
1789
6757
6142
5333
6147
6673
3932
3042
1125
1648
4627
6780
5672
2955
4215
2606
367
4094
187
2939
2437
1127
245
3710
5551
1948
6108
6720
3390
6716
2992
3392
2659
3383
6731
1952
3018
5785
6130
2636
4691
303
5776
1673
3531
6744
6198
4559
3924
4555
826
2575
6605
1147
844
3437
4533
3486
4958
674
5043
5317
2902
2994
3334
3854
6932
4763
5814
3418
6909
3543
3692
2932
4062
402
3721
3440
1195
3520
893
2800
979
661
3469
663
5002
3976
772
1361
2099
2133
901
3324
3997
5001
5053
3969
4936
3332
982
867
3339
804
5827
3535
6050
3433
3537
3942
6182
6020
5071
1469
5025
5200
5015
865
5121
652
2124
6145
1513
6336
3504
2395
5011
5899
3503
2080
1498
4923
5202
2421
802
5422
5743
312
6698
4689
4681
3715
1694
1945
1111
4639
247
4623
2970
1126
1727
6843
314
3668
3024
329
3751
3094
5646
5304
4067
5637
401
395
390
6644
4077
4737
5328
4123
4138
6690
4768
1921
2935
1809
4335
5461
2839
7094
64
7102
1817
4349
4410
2830
32
1839
12
7147
4331
5383
4322
2879
4537
2708
2709
2924
6960
6970
4267
2904
3696
2897
1159
124
2894
4477
109
103
4769
4663
5673
6523
4862
5231
6417
3563
5734
3562
6457
4025
6384
6382
516
4836
3558
2510
2028
3248
3123
4532
6008
4909
2919
4063
4519
224
2517
6783
806
3900
5716
4517
6001
1354
4619
2900
1515
5262
1044
3549
2926
1729
2238
803
2956
214
6861
2952
197
5017
2391
4565
1139
1151
4552
6901
3780
2033
5803
5373
535
3414
3992
1154
3683
4417
7112
3867
2824
5745
7127
1183
5089
7131
7132
7136
1833
2823
905
1835
18
1838
2818
5877
5854
11
916
6369
6986
60
880
1158
4620
2218
6351
5238
7034
7037
4867
102
1796
3869
91
4012
5749
2129
5462
872
2047
7091
71
4877
1527
66
2364
5010
1571
4201
5760
6639
4972
6642
479
3545
1464
5273
1629
371
4729
3719
3368
3533
2323
2556
3927
4713
5332
1654
2424
4993
3601
6638
653
477
5158
1490
3111
5284
997
6602
2571
679
6604
4957
1478
1477
3121
6211
687
6539
416
4757
1269
6248
3951
475
3347
4746
5316
330
1006
1662
1532
1690
6143
2537
1695
4028
6087
767
3713
6080
261
6741
2140
775
1114
2244
3983
246
1121
5529
4626
5793
4196
6706
5690
1947
5342
4693
326
2631
6140
1675
297
491
3148
3019
3129
1667
4935
5370
5795
5815
976
1334
1341
5219
1153
3727
2308
2135
5699
3759
3717
5842
5751
5612
3585
5211
3656
3672
5692
3858
5321
5762
1163
1029
2224
5447
5384
3544
5764
5212
5215
5822
970
1344
3542
4002
5098
437
2579
3095
3091
4066
405
6635
6640
377
6652
6597
6657
6672
1962
4698
3022
302
2638
6707
1949
2660
4651
4113
1604
2573
4044
4014
3234
6414
2042
2503
3213
2034
6465
6467
4832
4027
4819
1577
915
3139
3130
2018
480
3127
2016
3117
2011
2010
6739
4871
1941
248
107
1805
7050
7056
4332
4449
2856
2855
2765
2767
7036
72
61
