5408
5401
2370
5405
5403
2363
5402
2369
2352
992
6733
2220
6353
5409
1853
1001
2389
5593
3668
3166
4802
5674
2377
1690
352
5404
4617
1144
2366
6385
5010
1146
1002
7055
2358
1340
1003
2219
6492
1123
2383
2378
2224
2379
5396
991
2212
1127
2902
2384
1533
1145
1131
6502
571
6364
4465
6467
6350
364
5677
2354
1188
6530
2359
3660
1122
2393
6994
3669
578
2531
577
3277
6497
4072
570
4958
5690
1120
3412
2367
1092
3822
6056
1140
4696
5087
519
4960
94
6460
3656
2072
2822
3659
5306
5755
1993
2122
2385
427
5892
3143
2880
5236
1644
1132
5332
1148
3390
6379
3664
1006
2211
4624
1125
2375
3506
2374
997
1530
2137
1850
1121
6682
3568
1154
3663
1681
6531
1009
995
4878
998
6390
3063
3364
1062
6688
1694
1900
4190
5679
99
4199
2237
5713
1180
6081
1153
5762
3964
5756
6507
2896
1157
6465
1155
572
5880
2368
58
2361
5602
5644
5671
4327
6686
2316
6469
3576
3436
5921
2214
1149
7032
2139
3658
3654
4198
2380
500
4801
320
3875
3096
6500
4103
1684
902
5374
5382
449
3943
5400
4119
6962
2625
6971
717
5019
1352
6977
6980
4192
993
2959
4877
1288
3905
5855
4262
4193
3896
3657
1179
1371
1187
1341
3694
6490
3955
3073
1159
6139
2584
4806
5751
4866
7063
6862
903
5001
1683
5695
849
3650
7039
50
2922
796
1742
2360
2854
1902
5239
2829
5413
4767
3221
728
4754
3627
5769
2102
4600
1440
2120
1474
4629
3235
386
3415
6316
6736
3379
6748
3367
3328
3327
6735
2126
579
714
5759
1158
574
5754
576
5694
5735
5445
1151
4305
747
1069
4565
6335
6373
2058
4606
6301
4753
4778
1129
5344
4780
4870
1137
1139
4271
823
797
5232
6087
1147
5274
4807
7169
3936
4254
44
3028
6734
6942
3667
1928
1365
6681
6917
2351
3655
6922
2437
2520
6975
2858
92
6694
97
1815
1388
6900
3690
1976
1
2055
2073
6484
2105
7128
3071
3939
3147
7127
113
6522
3074
2138
2198
3347
901
2846
2851
3172
3159
5231
1698
840
6111
3157
4804
5177
5159
5151
1693
1701
4865
4784
5453
6071
2078
2094
2124
2125
2008
1995
1992
2154
7062
2226
2234
7038
47
49
504
5603
52
2376
6003
5570
651
654
5492
3218
2534
2536
6052
1818
1801
1780
4761
3046
1483
4301
6362
3417
6707
3652
3870
3439
6550
4304
3562
3573
4418
3444
1479
1344
4302
6382
3504
3555
1364
6376
3661
3815
3904
3406
6527
6473
4710
6693
3273
6435
1176
4695
3331
4395
4720
3614
1152
3946
6762
3361
3365
3593
6498
6371
3651
5426
5545
2396
5587
5588
5448
4307
2524
3271
1358
5779
1170
2079
1178
4073
1242
2129
1282
3906
1138
5753
4280
1133
5744
3900
3878
616
1128
2356
5657
5654
2387
4406
5391
2537
1696
5038
1695
5018
3013
1673
3366
999
3040
3044
4264
3060
4876
4808
3075
3078
4805
3335
943
944
4800
1562
4699
4712
1578
5081
1390
1004
5138
2571
4419
2624
2633
4460
1786
2815
1064
1777
5310
4588
2826
3560
1034
2881
1031
3536
5224
5213
2903
1456
808
2958
3485
817
5101
546
4602
6940
53
201
6509
6972
420
466
526
6716
6080
5993
6504
6485
375
6904
6685
6959
7132
6218
426
6183
246
6211
6209
6545
6269
6255
6974
489
282
7031
6331
5994
6034
6036
6338
383
6547
6055
439
7166
56
6930
473
6108
448
4260
6128
1174
2704
6471
3510
6948
5161
2821
2697
2690
792
3521
799
2738
5186
5237
5428
2390
6029
716
5399
2525
2528
4163
732
3578
3550
3577
1857
1854
288
292
6715
5304
2623
6964
6961
1817
1858
1843
2882
315
1657
4809
419
4422
411
1650
4777
4458
3343
3104
4716
3108
6825
6352
4496
1610
3306
389
387
1008
4623
3270
4613
4608
1577
3243
4598
3245
6775
4410
6359
3047
6417
6934
6414
841
846
325
697
1743
200
5016
5009
2918
4995
1126
1724
6377
4300
893
357
1506
6908
4879
1685
421
4379
6739
6902
4396
6551
4265
7011
374
3950
1362
4059
3665
5642
2131
5777
3891
5528
1257
5895
46
5534
3750
7042
1962
5740
4014
6555
1284
4020
6553
6683
581
2302
1376
2301
1289
7050
1326
524
3956
2382
550
272
2216
2053
514
5692
5673
1915
3852
7033
544
5449
7163
5975
7059
4100
5020
6905
5750
1481
142
3404
1285
328
4872
1687
5013
5034
3005
522
2951
2939
2150
2953
3435
3418
6913
5711
6924
6363
4933
1287
1353
6910
4999
6909
6207
2128
600
1509
2910
905
1281
1689
424
4875
3408
7015
3045
3773
4691
7159
6780
6307
3165
3321
3307
1049
6317
3288
2069
1007
5785
554
4586
1013
2050
4628
3233
6789
4621
4607
548
4604
2
3244
3249
3222
1061
6294
2081
5760
5761
2887
251
6552
3052
6351
416
1653
5940
1652
947
575
3368
4455
3897
366
6757
4766
6833
4467
4469
971
4729
2091
4719
2090
402
6283
4400
527
6887
1450
6486
1186
6700
6012
472
5496
1374
5493
295
297
1816
7035
794
3528
798
3605
2789
1448
1240
1453
4151
7034
5183
2323
6059
5259
4188
5519
51
1860
6687
4181
4196
6973
5531
1932
7037
42
5497
2605
4209
675
6976
3557
3556
767
5380
5270
2332
2236
5179
5523
7043
5465
283
3478
2832
6140
5467
206
6997
120
5987
3449
2394
6030
6996
6935
1393
4108
1753
5060
7026
5051
1969
5622
1779
6508
7048
1778
2223
2825
2215
819
3615
5651
7091
2454
1141
3643
1320
3649
6764
3339
3332
3340
1068
6342
3796
6549
4065
6698
4133
1046
3597
3280
3289
1328
4066
1392
6787
1548
4113
3622
1570
3774
4174
3632
1359
1517
6758
4238
1280
3520
6556
4303
350
6447
4297
3433
6441
243
3472
3438
4363
