3196
2540
6792
731
6529
6524
1837
1830
1832
6790
1839
3219
4051
4747
1833
6794
3218
4058
5419
1836
2568
3216
3513
4054
6791
4986
6798
2552
6954
6287
6391
3207
3195
3217
3770
6175
6568
1246
1831
1834
4981
6528
6171
2773
4052
4988
6696
1838
4982
2547
5930
2565
3214
5417
6173
6393
4050
2775
2562
686
4185
4215
1552
4748
6811
4742
5246
3742
6793
6796
5567
6676
2569
6795
2704
3730
2441
4211
4768
3210
3208
4176
4057
6797
7001
5903
3257
5259
3843
934
2320
7052
1875
1835
7008
4270
4212
6525
5853
3206
3204
3232
6387
7018
4641
7144
1242
6286
4570
6178
4673
4650
2354
6677
3776
6398
3213
6690
4210
3514
5912
1140
6671
2615
5607
5900
7009
6280
2776
3748
6614
2541
2255
6170
2549
1871
3516
2342
4055
7163
1436
4762
735
1166
62
6327
5432
2548
5192
5851
2546
800
3200
6394
4354
4749
3201
3998
3702
3209
5069
2218
1456
1437
6176
6562
278
2567
4810
1879
5075
3250
2944
6288
5437
6282
1781
6666
4640
6213
338
3198
4444
6174
2774
6281
2300
3190
2302
7005
2777
3202
4415
3191
3194
3739
7010
4340
958
4056
2766
2779
4301
3596
3266
6048
519
6304
737
3512
5412
1164
5679
893
7038
7063
5418
4059
1968
6513
6404
5133
3775
3729
2553
2448
2542
7028
5923
75
4214
4053
2550
6554
3062
2212
3988
3178
1766
991
110
5414
738
3960
1812
3733
4734
2665
3473
1819
4559
5416
1247
1352
177
1549
5914
2447
3779
3269
3498
5507
6224
6697
4873
7044
5537
2910
4189
5287
142
2440
4672
203
98
6804
3772
6284
2772
2305
17
4419
7015
5385
3762
6214
2913
5431
6762
4878
5574
6839
2083
3741
3811
3804
2564
5579
5751
3038
1144
3731
5563
6886
3777
651
6683
2854
4348
1165
3735
5433
1163
1931
3737
2819
6862
4809
2558
6042
1349
5954
2444
6450
5185
2443
7011
4213
2529
1305
2762
3203
3205
3990
3518
3313
1471
2344
6397
4217
1341
4174
69
3240
204
3212
2359
3243
1548
134
4413
7143
2232
3076
4156
985
734
975
5409
3515
2668
4983
5878
5861
277
4501
4407
3650
1501
1042
3254
2493
5876
5393
4985
3072
3807
3580
1967
3810
1961
1100
3241
1430
2046
3844
954
3255
6221
3236
6223
1142
2040
6379
5576
4902
4900
1451
6301
6294
4872
6200
1069
1606
4416
3744
3738
5875
3736
5874
3170
1632
6269
6521
4626
4621
1692
1808
833
6300
4353
4818
4508
3404
6116
6119
4857
3215
5682
4352
5683
877
861
1553
3031
1556
5722
603
1559
6662
3021
3407
3847
2233
5225
92
5435
4963
2832
4961
2661
6906
2150
383
4084
2545
4162
2561
2867
4175
5531
6956
7086
5041
4209
2351
205
206
2758
2760
6958
4228
239
2416
7065
5063
4984
2253
5411
5373
2086
4216
2068
5553
6823
6
3848
4329
94
3517
6308
6222
1344
1801
3421
3308
5231
6083
5777
2491
3073
4372
6560
1748
1743
1741
7094
6320
1782
665
3510
4304
4530
2626
1853
6667
2152
6665
6664
4819
6290
4355
3905
356
4116
3749
5104
3503
5447
640
2822
4811
3734
649
3732
4767
6957
6820
3406
4418
5305
1598
1592
6805
3192
4002
5368
5365
1568
6415
5939
7160
3577
2343
5937
1550
2411
7046
3589
3846
5924
882
812
1294
7002
3245
4977
3681
4486
3142
1433
5405
5846
3969
5856
4709
3841
7079
955
3661
1446
952
3657
270
6471
3980
1630
2445
3248
2684
2849
4179
6206
3868
6215
1893
571
6179
6739
3003
4644
3789
3416
5642
5505
4345
3361
6689
1990
5542
6258
7140
2121
1254
3822
2544
36
4324
2611
511
6760
1187
4647
6220
2954
3813
2853
4347
3771
3605
1562
3231
116
4247
5616
2250
4876
6234
2688
2251
1161
2560
3137
6757
6330
5973
6207
4374
5564
1736
6799
6318
2608
2860
6807
3692
1432
2349
4765
3686
6536
3403
848
5556
6535
2939
3814
4378
2087
431
3817
1162
3402
6996
1635
271
2768
5985
2955
18
6468
6745
2271
2446
4989
3986
4427
5047
795
3249
4227
3405
5557
2669
3143
1675
2700
3676
4112
498
1438
4202
6733
6734
6004
2316
5999
1649
1648
4425
7078
5638
4738
2056
1571
1291
993
4646
7031
380
6129
2828
574
3747
3746
1827
3743
382
637
6682
2506
4812
16
3913
2815
6402
1821
5176
469
4642
5465
3902
3480
6892
3773
4311
7133
7035
5477
5204
472
3588
5729
5493
5577
4652
1841
5735
6680
3900
1525
3761
2880
1881
1274
6616
5438
3312
3716
5028
4627
1356
3065
5430
4032
1998
6951
5758
5424
2115
6953
5023
1386
6317
3786
6699
6754
4798
100
4676
3879
1798
6312
6928
1168
3835
3587
5434
1907
2210
6208
6878
6559
2489
5910
3060
4365
15
1172
6389
4035
4718
6390
6395
2412
7039
6372
5926
5039
6385
6231
5321
5935
1520
6007
931
1250
998
1367
6081
2543
1009
3369
7137
2490
2497
2498
5223
4178
5087
4645
6298
4509
1174
5094
1078
1050
7120
4080
3491
3477
1297
4173
1175
3239
6043
5073
932
6350
3247
1455
7069
3425
2449
1210
3389
5125
961
7081
28
1434
119
1426
6172
2557
115
1420
1103
1243
4687
4500
2666
1244
6319
1153
2580
3989
7033
1529
2204
4302
2200
344
4813
4817
2831
364
2154
4954
5486
5714
2145
589
3887
6890
4842
4850
666
3778
669
5755
6551
1724
1734
2234
1738
1749
4275
4277
1767
1776
5778
3070
5769
6581
3063
5764
5756
2213
3061
6597
1898
2133
389
2080
6836
484
6764
6765
2021
2914
5539
4342
5578
5575
5550
4341
3840
5571
5565
2896
4923
6800
1978
6852
3809
4945
4313
2856
6692
5677
4858
550
2118
1933
1935
3108
4871
5518
5661
2863
3800
3801
2103
3805
6732
4946
5663
3118
1817
6451
7000
3639
2803
2778
1612
3985
248
