5221
720
463
3239
4211
831
6540
6280
113
3237
3613
6795
5412
6172
2322
4347
5241
6811
6541
2320
112
1996
3349
3197
6170
3238
5242
4276
1232
643
6986
5517
2321
2596
466
6178
4270
4573
4575
6285
2801
7002
5243
3717
3714
4510
4143
2496
5240
2006
1922
222
225
2862
4097
911
5471
279
343
5884
6545
6699
6431
3760
3711
729
2402
2253
3761
6496
48
3821
5140
3862
2508
2457
3231
1554
3121
5175
5861
26
5599
3724
6950
3720
2329
229
5661
4980
4266
4740
3708
2569
2844
7077
7016
3122
2813
4925
4557
2805
5279
4141
2289
5878
5235
6577
1539
2974
6679
2548
1054
5261
875
5416
3236
3195
5173
7026
1845
1847
5877
2568
4747
6529
3253
3276
2317
482
5853
1878
1999
1591
1883
6442
5205
2281
6166
3233
3242
6814
1785
2552
1788
349
6574
5137
5874
1133
3719
1507
1464
2157
6793
4772
1290
3716
3292
4523
4340
3190
3980
6542
4593
4930
6981
6543
6988
6817
3128
5561
1447
2183
5208
3596
3198
220
3515
4008
1344
3839
2165
6528
1767
4515
2382
6805
1050
3775
6790
6809
958
3117
3234
4890
370
5491
5581
3193
6549
1993
3124
2543
4146
2118
7027
6066
5600
4144
2080
4856
6698
5524
5609
3024
1888
5864
3185
4147
7033
737
543
4504
1145
703
2138
4215
2163
3033
6766
2197
3089
726
2560
1762
5417
2561
4222
91
5246
4328
2151
1141
5597
5863
2400
5130
2551
2507
2799
2636
5389
3036
2403
2768
951
3120
1908
4984
6861
5474
2726
1967
2407
5687
3637
5564
2722
718
4423
5105
3181
456
6399
2592
7021
2790
5138
800
5233
3703
5201
839
833
7029
5415
818
2677
7150
3085
1881
3713
2673
154
3779
5096
5553
860
2547
3317
3701
4748
4918
4853
5152
2626
1754
5617
1565
5247
1782
4279
4858
3127
5567
4007
5594
1498
2630
3514
5604
2558
1501
1765
6671
899
721
3194
1548
6794
2615
6739
2562
1276
6677
612
4832
5595
1686
3029
2544
2557
6808
2516
2526
832
4064
3632
4839
6582
2864
6329
6801
760
2493
915
4926
5931
1088
5066
5384
1911
2327
3706
3815
2326
7151
1991
1989
3813
3254
148
4775
2664
6095
2017
2729
1442
1131
2194
3715
1887
1898
5845
3087
2164
4768
2328
114
5862
3828
7009
5783
4171
4348
5436
6957
1929
2765
40
4217
5833
3274
1863
2146
5306
5133
1415
3300
5841
6026
6854
4342
5440
1082
226
994
1400
2283
3348
938
5443
1705
5354
735
157
6713
3970
2113
5227
4741
1091
3644
5843
1573
191
4743
2002
3183
7015
3148
756
3182
1115
2565
3705
6830
1137
7107
3316
603
7165
63
4212
5897
6547
3519
3269
1667
3296
4354
2217
5568
635
1247
2867
647
1185
2804
592
6524
7159
6670
1994
3977
560
3820
4148
3723
7066
5537
4172
5870
6085
2494
4177
2546
5549
2545
1183
6525
3505
5619
1867
1012
1020
3230
5672
1445
2841
4274
1530
3434
1010
3032
4071
4525
6744
5483
6176
6951
4834
1846
6954
6761
1763
5287
4961
3646
3408
5705
346
3402
2635
6856
3037
2041
1797
1482
1500
2093
3395
1808
6249
917
6237
308
1768
3418
4436
4427
4068
2605
3283
1309
467
5206
5204
1861
227
6387
1075
7
478
2324
483
6401
5504
4252
1726
3766
4933
2258
4770
4309
5253
1136
5612
5904
6259
3518
3219
5900
2280
2465
6240
5202
2282
6432
3397
722
2449
4286
5919
2189
4051
4055
5650
724
660
5860
4091
5580
5073
4140
2404
5582
1078
809
3272
4904
867
3313
4176
3345
3488
5664
3192
4936
3491
885
1267
4145
1037
1607
3186
4065
5786
2131
5207
5888
5215
6179
2286
5926
3510
2288
5214
5592
3499
2340
5607
2441
1598
4955
4954
3425
4058
3235
4466
4562
649
5550
199
140
6665
2795
7001
5447
210
2553
3722
3700
4634
3776
22
3819
5353
3126
3989
2540
1926
2748
5464
596
6563
6683
7042
6712
6718
2853
409
3881
2847
1925
1924
4345
1923
2766
3116
2566
193
7105
1699
4303
3144
2803
484
1916
1985
3634
4774
3047
3777
3527
3526
7157
4773
3026
4821
3663
5419
3735
277
5294
3829
1769
1843
4341
3892
3841
4377
617
7090
3086
3888
5472
4866
1882
2796
4816
3025
2660
3707
7152
3142
3164
3953
3104
2009
5290
6810
5684
1508
6796
3880
5683
3872
6799
1890
143
1965
3884
7043
1546
2609
7074
5867
5388
3196
108
4063
3890
1149
6754
1148
5659
5482
2198
4070
3886
4149
2051
1142
7037
416
2802
2840
3718
2137
5670
6781
3712
192
7032
2158
1461
1000
5021
2179
3849
1458
5754
2380
4103
2155
2323
6996
3113
4780
6230
6156
231
2336
5414
1842
1059
1855
283
1026
2169
3377
1019
289
6983
1016
6984
3669
3658
6804
2903
5450
3405
348
6845
2316
4513
366
851
4745
1116
3214
3867
3709
1503
3710
2806
3403
944
5709
5729
1094
4099
2319
3398
1803
5834
1410
1099
5458
2833
4240
2639
342
2634
5274
6369
5869
6955
3180
3962
6584
5178
4369
1707
6463
3489
1600
5556
4601
4045
2250
3265
2088
7154
7168
5583
2472
5180
1595
5327
3480
4854
3528
5148
3769
3570
539
4010
5970
6661
5598
5536
4421
2556
1977
710
3013
2112
4859
3564
715
4864
553
4278
4468
552
4905
4676
5535
4867
731
3568
3160
2251
7131
1345
6030
58
3522
7101
1918
5248
6696
3457
3456
3814
3189
823
6725
5497
6565
6079
829
465
7167
5299
5093
1296
459
6383
6381
2600
6956
1551
4927
2454
2447
3983
2098
4048
6039
1566
3023
1579
2095
3184
1358
6562
3523
7114
2287
4851
6410
492
2456
3255
6412
7158
5968
3837
1077
4631
1851
5947
5965
1051
5172
1076
5348
7155
5162
3768
233
6160
6978
5956
1303
4438
1966
4461
3291
1286
1055
5936
6982
221
