1839
3196
1833
1831
1836
1830
1832
1837
1838
1835
4054
7005
7000
6529
1834
5419
547
7008
2569
6521
7015
7001
731
637
3614
6793
1166
5417
6690
6790
1454
4058
5435
3473
5853
2787
6554
734
3198
4613
6568
2491
1164
7009
6528
3985
3514
6676
5556
3513
2524
3988
498
6387
5537
6434
4762
5182
5892
2344
2540
2342
2525
7011
1446
5580
5411
2169
1161
2568
2150
6878
275
1168
6954
5259
5829
4215
6119
1478
2040
4641
6173
4212
2520
2566
3219
1165
1603
1344
2891
2213
6794
4640
867
2165
4051
6114
1243
2484
4217
862
2564
1163
2441
5930
4714
2305
2319
3770
5843
4712
6814
5218
2840
6798
2937
2353
327
6525
2561
203
861
5373
3697
455
3786
818
2087
5989
5985
6327
3702
2046
3181
4988
3480
1003
3913
4559
6696
6673
2250
5017
864
2118
28
6372
5677
1467
6665
2526
4768
6797
5304
4937
6792
2863
38
5734
3611
6762
3989
6791
6829
3186
3162
5305
119
5952
5571
5579
661
5599
2786
5567
3715
644
6444
6614
2532
6378
4744
6048
955
542
5640
1067
4615
1907
5706
2567
6294
6804
3773
795
687
6811
4837
3605
2548
4567
5564
2565
4225
2789
4810
1346
632
6214
6958
5758
6176
3184
3182
860
278
4036
456
100
6524
4052
2957
3718
5536
5981
6733
3163
6566
4063
972
4713
2263
735
1271
1500
3195
206
1930
1004
4209
4642
4646
540
4648
2013
4117
4982
5227
1458
5803
2939
2645
5220
6310
6076
2952
2955
5471
3776
3774
270
419
2775
451
5026
1140
484
3639
4981
7046
4775
3284
4946
3389
3563
3503
543
3515
3518
3524
1169
7038
3122
4710
5365
4630
634
5321
2856
2864
4647
1246
2749
4650
5211
3003
957
3729
3722
1349
3717
428
6760
305
541
6852
1962
6835
6050
4210
893
2595
248
3940
2589
4205
2012
2580
2035
4444
2448
4185
3822
84
4002
4176
2084
208
210
6555
2080
6825
5701
5699
5697
7087
2166
2527
2615
2523
7010
4304
22
5924
1818
287
6872
761
6957
4059
6795
279
2283
4033
6213
6212
4057
6206
4410
6989
1501
6175
4301
1367
6730
6323
3711
4747
3713
6985
819
5040
738
5993
105
6454
3710
4352
5043
2218
4727
116
4062
6877
4765
747
6962
6207
1085
6699
4909
4902
3538
6200
3471
546
1695
4220
1049
771
794
2
6221
469
1841
759
3189
6318
3214
4763
70
3216
2041
1005
2037
2033
1001
3236
3242
6129
4957
758
4984
6734
5484
5682
6796
877
5694
5403
6763
1445
5287
205
4018
949
6637
2743
4616
1456
4596
2560
3716
5638
2757
2773
2612
674
7006
895
7007
5363
2801
5397
7065
5327
4490
2850
3762
7018
3783
2926
866
1354
142
2349
1507
5173
3033
1345
3835
1340
4649
2369
6536
5437
5389
2956
5826
2447
4652
2481
3791
863
2950
2440
4028
4523
4226
4223
7062
915
3777
4297
4300
4809
4802
3775
3923
544
659
765
3833
666
6557
4211
7063
3739
4355
4358
952
703
977
830
3735
958
4413
7088
4056
3714
4069
7097
7077
4133
4509
641
937
752
3982
3665
812
3748
4174
4644
4020
3699
6551
4340
815
673
6280
389
3510
5574
6805
6809
5607
247
5632
5635
2562
1383
2558
2543
5714
200
5731
1452
5746
5751
2480
2544
5540
288
6390
2803
5350
5360
350
5364
5386
5390
7020
5402
5406
5408
5409
2731
2723
2704
1037
1347
2668
1361
5811
2831
2444
2412
6320
69
2034
1992
1985
1978
6167
6927
2122
6216
1694
6242
1765
1757
1748
1743
1735
1727
7163
6042
2149
6981
1498
5865
5872
5885
2343
2341
2340
6988
6853
1522
138
5904
5912
2289
2264
5939
5946
2194
94
5828
2853
2690
2857
2968
3340
413
3046
3047
480
1103
422
6445
3257
6446
3227
6449
6450
3101
3117
5111
3124
3127
6465
364
3218
3188
2967
5188
418
1136
5231
519
6764
6769
386
3444
5215
5223
3445
1035
1002
3498
2210
3215
2211
3217
2320
2212
1728
2262
1552
7044
2253
2284
7043
1731
6616
2258
4094
6669
1554
6925
3601
3381
6921
3604
3380
3377
6911
6704
7049
1614
1602
800
4216
3338
1006
1680
3265
3402
2151
3407
3569
2159
1580
1764
1061
824
2361
7040
1365
3883
954
2665
1356
2974
2669
7068
3821
6661
2719
2725
3042
2727
2910
2907
2903
2746
3742
1307
2901
7066
1265
2867
3761
2833
4228
1142
3045
3929
3183
1160
4043
1162
4041
854
3703
3705
2348
1505
2365
3170
6663
2371
3709
974
3125
2495
3090
3071
3060
880
1207
890
1406
3055
1493
4229
4032
6955
5683
5192
5693
4734
4738
5716
5729
5184
4745
5745
5759
4748
5805
5810
420
698
7141
4766
5886
6347
5063
5049
5047
5044
130
450
4406
228
4780
678
4503
5323
5362
5314
4597
4643
4594
4653
5416
5256
311
310
5246
4673
380
4873
6394
383
5532
6522
284
6535
4706
5553
5555
5204
4711
6381
677
5032
5858
6562
5010
4825
6234
4932
4933
492
4969
766
5018
4305
4938
5943
21
23
6292
6211
6493
755
4328
730
4274
548
535
466
6005
6246
4874
4826
5999
559
6331
468
459
6287
117
3474
384
4940
2854
2935
2904
6432
3472
1257
2892
2862
4931
1262
4879
4925
5217
1279
2882
6768
5251
4920
5271
6703
3261
2954
5162
3073
5147
1195
3187
2839
3185
1210
5133
5113
3126
3131
6464
5024
6471
453
5116
3313
5170
3043
3266
7028
1119
495
5189
5186
3228
1144
4967
4983
4985
485
3203
5181
6476
6739
2960
356
1359
2809
2039
2049
1612
6081
74
2089
2114
6890
6886
6007
2153
2160
6333
6875
5937
5936
2265
2269
2288
6987
2300
2302
5916
6115
6117
59
6128
6258
1738
1741
1761
1698
6241
6240
1769
1691
1781
6944
134
1817
1826
20
25
6217
32
