3068
5420
3072
64
2058
3066
69
360
3069
5168
3061
354
5428
2994
727
4475
3060
6248
2833
1072
2996
3472
2985
6506
6079
2575
3065
6245
6888
6508
2396
281
1066
6063
6447
1411
365
6507
6417
2838
1334
219
4537
5237
826
2835
5829
6503
6505
5032
6559
2349
310
2921
5163
1346
4485
5966
6909
3075
6069
6137
3077
1068
2837
369
5210
2341
3079
5167
3158
1982
5121
6502
5978
2992
6686
2398
5470
4473
1150
376
6869
3067
5502
73
5255
3471
4366
3951
3071
5088
6941
6717
6435
4233
6843
3896
3063
357
2997
4775
5820
3076
1844
1848
2988
6723
2982
3440
5202
5186
5030
913
915
5071
516
299
1333
6484
741
1552
5953
5044
6731
431
2509
6497
6076
2784
2244
56
5114
5670
6554
3392
5038
5238
13
7017
2834
2937
2488
3114
2161
1611
6509
2050
1810
6078
2990
5965
5977
4110
4472
1990
6378
5169
6553
2346
623
2986
3248
2503
7022
4474
2813
2060
6551
1517
3240
1607
5505
1130
1811
869
4519
674
679
371
213
7111
1987
473
1482
2991
457
6580
621
4119
2980
5893
6669
5824
474
1510
512
135
5987
513
3897
3129
2539
5040
2571
6486
4702
6482
5414
3890
7021
5034
2310
6515
3121
4779
1629
6379
5745
2436
2391
2598
5969
4621
5676
3569
5333
6058
1625
3117
6238
6436
6409
1621
3401
3991
6065
4034
6514
3443
3151
5968
374
3287
501
6376
3566
318
1694
484
430
406
5983
6073
390
6260
3891
6083
3247
2809
5083
5786
6881
6872
2502
5787
74
5828
4917
4866
1991
4539
4695
4705
2136
5128
2434
5189
5215
5764
4777
137
248
2505
2821
4238
5211
7061
7130
162
2438
5212
4625
2418
4062
3120
5423
2345
827
6061
533
6055
2420
2422
1386
1026
4966
3110
116
1374
1064
2466
375
5037
5080
3153
7144
2075
902
11
16
470
935
1551
7110
946
874
33
5323
6324
7029
1983
6108
3241
2241
6374
6087
3590
5089
7044
63
66
70
71
6072
7034
2198
6448
1019
6716
4626
4328
5981
164
6570
6868
4336
6533
3899
4628
6834
4362
2788
5672
4635
2659
4425
311
5671
2671
6511
1132
2998
2981
4114
3913
2705
3074
3893
5641
2832
5547
4538
5967
1128
1861
5749
1684
303
2531
4426
3917
3583
6100
3918
4784
4422
4035
3979
4123
4320
919
4321
5208
5165
4324
931
5927
3474
5928
3419
3476
3495
5207
3915
5048
5116
5642
805
802
5627
4951
3811
5618
4764
4066
3822
1361
6046
4832
3852
5528
4665
4478
5453
1140
3911
5336
5383
6018
1415
1157
6071
6070
5703
825
822
5033
5421
3904
5002
4661
6050
5219
451
6550
6970
1668
315
6501
6498
1922
2344
6489
7011
6470
2290
372
2274
3155
2216
399
2995
6377
6567
2983
1817
2660
1512
2570
2549
152
6908
1781
2510
6724
2800
2822
2830
2839
124
254
2455
2433
2144
2397
2676
6322
2120
7134
1574
3355
7135
7121
1478
4841
5493
1074
5499
619
4834
2934
4128
130
629
2836
2481
620
3381
1065
123
110
6537
111
3919
2426
3475
1332
5457
5459
1048
3380
4861
4846
472
4063
5244
3383
4082
4778
5848
4776
202
4513
6877
6866
5216
4531
5780
4533
4536
6858
1815
6225
1156
5760
6783
1821
4620
2057
136
5628
6901
3478
3386
1490
4412
4421
4423
6733
4772
2512
2739
4427
6741
4757
4704
4699
2733
6221
205
1015
6096
1673
7051
3078
829
3671
5156
6025
3878
2284
3651
79
3861
6411
5164
7091
62
6439
5158
1644
1622
3168
5045
67
3160
5049
368
6456
1013
1418
823
4627
6516
6089
2132
1665
397
500
5980
19
6075
824
5984
1661
3556
1979
3561
5989
2137
881
90
6005
3288
5205
327
6879
2538
2542
2083
2062
1989
5649
5304
5724
6829
937
5229
1828
871
2146
2133
4640
6860
2149
5673
6863
5161
2595
163
5646
4668
65
6914
2473
2468
4836
779
7016
6944
7010
4843
2339
5301
1036
5029
924
923
1920
15
2423
2475
4694
2293
4781
2526
7117
5612
5595
858
7053
5098
5085
2094
6927
5070
987
5534
899
886
7027
14
2479
2435
4530
2679
6491
5988
3898
3070
3073
6006
1664
6009
1362
6446
6443
3091
6053
3112
1360
3910
5962
2675
4120
4118
4067
6676
5894
259
4061
2984
1704
263
3975
1691
6556
6555
3003
3116
4121
6060
378
3581
1446
6177
3308
3483
6299
3245
436
6262
1526
1522
6222
1519
5217
6195
6103
3243
6097
3122
6066
3657
3126
391
396
6388
515
1583
1419
3611
1582
6088
3226
1436
3727
5882
3431
618
4360
4477
676
2765
1794
2731
6746
4493
650
1211
2706
4444
681
6762
5822
2736
5816
5775
4367
2883
1280
4349
4589
2708
628
234
4479
4331
2707
670
2889
5881
4584
5176
1606
1133
4667
1432
1998
1201
3183
2155
2140
3189
3224
2138
5201
2592
2055
4603
4597
1499
2067
1496
1151
2663
1816
1146
921
1189
922
1812
3500
2098
4641
3307
3568
3249
4534
4532
1841
1139
1438
4664
2236
2710
2257
5005
3037
3019
1014
4765
3007
2399
2787
2999
4958
2430
1689
2820
2431
1044
1703
4796
4215
4833
2885
2932
1291
2895
4758
4429
1927
4715
5110
5093
2267
5086
3687
5084
5081
1129
3721
4476
1127
2249
5047
3088
2297
3869
4470
2304
2330
2332
4453
2520
4712
4713
4669
1017
7169
6187
801
6430
5458
402
687
6370
363
6287
450
5475
6227
455
6211
6209
5469
6185
6479
332
6738
6720
5400
6704
242
6694
6481
5411
267
6574
6558
6535
6534
6496
820
770
5529
517
5896
5884
5654
5880
5668
626
5636
5857
5693
5806
675
678
680
5747
5849
5921
5623
5621
6068
527
535
6059
6047
6027
6008
6004
577
5963
749
590
5930
746
744
6757
6759
6381
5767
5250
132
