5438
952
3776
4987
954
739
1246
4185
4986
4982
4052
3773
5432
6562
4055
4985
4983
2615
4056
4059
6112
3847
4981
3768
3775
2449
5431
4183
3770
4984
5435
5437
6124
1243
3757
4176
6118
6128
1245
4050
2444
3766
3844
3771
1240
2187
2250
6129
4450
4212
6672
3101
4051
4057
6568
5433
5999
1247
4189
6035
3967
730
735
3941
4988
2626
6117
6957
4214
1255
2443
1707
3779
4455
4184
733
2251
3178
3318
3045
2684
5876
3526
1931
4053
955
3846
736
3778
1249
6724
3518
6123
3769
5653
3894
1934
2637
3040
4280
4254
3765
4181
445
3772
3963
4451
731
1242
4182
6113
3038
737
3043
1479
5923
3777
3510
3454
3767
3546
1248
2812
1067
2520
4857
5192
983
206
4989
3763
738
4187
3761
3848
5249
4219
3100
3512
3774
3840
3041
5663
6979
3695
6924
5576
5654
4841
6796
4264
6952
6976
3843
3716
6959
1824
2299
6974
3485
1812
2910
6953
2624
3102
4980
389
3961
3898
6464
2213
2255
5073
1172
732
990
2442
5574
3191
5924
2580
1470
0
6936
6677
4210
4303
6870
2295
6956
3042
2506
5874
5657
1816
5204
2447
3519
1069
1061
5572
5546
6878
5430
6877
2440
5434
7142
6028
7049
5445
1551
4188
6916
4175
7164
6119
6910
1285
6116
2625
3845
6954
2815
4577
356
6762
6617
386
4284
3263
6582
2441
2961
5575
425
2611
2897
5658
5855
6835
2638
3003
1765
7149
2689
5607
6961
1244
5111
219
5067
5050
3313
4164
174
5121
2118
3914
2004
6914
3968
3982
4054
1474
3873
1678
5413
5419
7069
2325
5231
1105
6948
4304
2939
3347
2867
6310
2000
2686
6519
4615
4555
4902
3333
4851
4601
383
6616
4604
5448
1472
2394
6541
4506
3189
2629
5228
1173
2481
857
5106
1658
5922
2514
4278
1820
2633
1048
2297
2966
1635
2963
5529
941
3760
951
4498
2040
5553
5439
2758
6850
6804
6973
6911
6842
203
201
6929
6807
6876
7132
2078
1283
1894
5522
1279
3109
2879
5042
2505
1306
927
1782
4929
2082
6235
4266
5565
4889
7140
5579
2116
7161
4858
6572
1745
6298
2647
982
1916
3984
6404
1968
4109
5162
6378
1175
5371
3933
6365
2620
1991
5486
3931
3048
6872
5447
998
5449
151
217
3859
446
6945
216
211
4855
1817
4852
4275
2796
2778
2186
6926
1422
789
3248
6760
3632
1637
4449
6665
6806
4395
1491
4396
6100
3582
3589
4422
3524
3319
2191
5689
6934
2762
2311
4564
2761
2164
1671
3758
1401
2748
3361
3714
3988
3511
3015
2530
7071
6317
713
2556
6874
6980
1998
3930
2276
51
3529
3861
1058
702
2026
629
7031
986
2081
3688
3705
6786
6234
3816
2161
934
3710
6168
7018
6214
3718
5655
2119
2128
3181
6779
3687
5525
5920
3588
3103
2239
3762
3631
5507
2075
3251
5521
946
771
6799
2207
5834
3677
956
6972
6047
6892
1290
1281
6940
6942
1430
2653
1252
1437
4393
2912
215
1236
2636
6469
13
1753
1477
1736
7166
1692
4289
4307
4854
1390
382
1357
6770
1705
2834
4318
4319
4886
3412
6922
4263
5065
2639
6424
6951
4103
330
175
1177
483
4485
6738
4606
1495
6958
4502
2621
5108
5164
4508
4073
2733
4071
1810
1890
6928
5097
4427
6803
4788
4574
1555
3693
6839
5763
6033
6838
1668
3504
6021
6801
2259
3521
4781
2256
4434
1476
742
5919
2254
4414
4399
4301
1592
1657
4397
4367
5872
780
4355
1426
4501
5846
1423
1420
4331
4391
6923
262
2749
5054
2032
2031
1793
6949
1210
6873
6875
1024
1813
5120
1829
4158
5463
3947
4143
4105
1068
3969
3985
3989
4100
4030
1104
1917
1107
1914
4038
4145
1691
5048
4199
3722
1697
5601
4856
1701
7012
4882
2102
3789
2096
5570
4267
4265
985
4262
3830
6855
5539
1313
1757
6908
1767
6860
6864
4203
967
969
3842
1317
4842
4509
3047
534
2918
6101
6483
2795
6352
9
3306
6098
2554
6476
6578
6377
6769
4
625
7120
2521
6551
6556
2863
7088
2830
7099
6222
3243
350
2786
6114
6520
6111
2423
6774
6768
6450
2448
2744
2837
384
2838
6060
2578
7148
2614
387
2092
6925
5742
5749
2088
2871
5560
4119
3143
7153
562
1475
2452
6283
4108
6292
4107
3704
4104
205
950
5520
1473
962
1268
4354
5527
2870
1158
4958
6900
4353
5694
2155
6772
6407
4966
1308
1307
1493
1300
6920
834
4642
7034
6405
3196
6915
1162
7019
423
2110
6221
6933
6228
4742
7003
2565
5055
5377
4706
5056
3945
4707
4750
2801
1967
1796
4390
6977
1961
3971
5069
1074
3977
6975
1215
4177
4728
5288
6618
1092
1444
6888
2627
6904
1656
1907
3929
2973
2046
540
6307
6869
2043
1428
4082
3088
3085
4192
486
4063
1004
212
4400
3049
3702
1819
5225
6339
11
6903
1639
2583
6986
6623
6620
6992
2093
5156
3545
2320
4898
7086
800
6771
3241
2323
4605
1552
2741
4859
6559
6
2279
5989
4566
4602
1581
2840
3249
1557
2215
4273
2740
3667
4270
7048
6834
7066
5851
6575
2312
6014
6757
2278
4581
2361
2772
3413
3304
2827
3286
653
1329
3580
1665
4818
664
3269
2681
1354
753
5913
508
189
438
4194
3540
2558
6103
4186
2559
3948
6467
1669
5062
641
208
1650
6981
6776
6993
2009
6808
4687
6988
2542
2847
3896
4394
2277
6809
6944
3581
4392
3554
6473
190
3938
2541
5441
5443
4314
740
3940
6099
3892
1046
5320
4339
4058
5223
6765
1136
6422
4313
5211
5115
4077
4080
1826
6022
4306
2350
3482
3362
669
4120
5168
4308
1848
5159
1836
2720
1182
3369
1174
6050
1176
2616
4507
6891
1126
1896
506
2941
1801
4850
3516
4179
2904
1078
3979
3514
504
5076
705
704
1446
7073
6389
1436
6890
2326
4037
57
4035
6703
3012
6392
1377
1919
1636
