5440
5443
5444
6039
5447
5448
5442
1431
5441
5786
5215
2763
3041
5450
6570
4288
5449
5661
2883
441
1337
1402
5655
5204
2456
2406
118
5653
1075
3849
6716
5710
6935
5495
4273
3085
4279
5664
5212
919
5783
984
5712
4283
5085
5095
3365
4339
3554
1332
6062
1654
3792
6574
1156
2424
6899
1184
1812
5201
2635
4649
3089
5479
6780
5531
5870
1091
4101
1571
1570
4515
3552
442
2785
5211
3349
2837
2060
6032
3521
6693
3369
1583
5660
5652
4268
4269
2638
2566
3102
3796
5873
3227
4260
4262
4100
3292
6305
4744
5465
4602
5921
6782
4271
820
5537
2634
2422
5483
3456
1285
635
7150
6348
3008
5884
5854
6511
6266
3967
6038
807
4172
801
4125
7044
4338
539
2305
4263
7031
6584
1578
3253
1338
2472
4278
2069
6731
2799
1841
6076
5206
3293
2884
5233
5874
840
2838
2062
5833
2063
2616
2423
7057
2647
5781
4514
2527
4145
6853
6426
5878
3797
2562
2301
4774
3364
6582
1401
2442
114
1334
1574
2340
2496
6378
5146
3091
2009
948
6037
3961
4644
4287
6805
5879
1460
6544
2849
1289
5654
3799
5657
1569
5149
6940
284
3791
5158
2781
6068
5140
921
5493
6700
4731
5075
4741
3298
4830
2981
5426
4956
794
823
829
2403
3040
844
3360
993
6725
934
2081
2085
6858
4606
2834
6440
474
1481
479
1472
4643
4659
513
517
2506
5520
1944
926
2494
3023
4183
4180
1653
7114
2637
4270
4289
5760
5260
4016
1706
7048
2633
1054
3908
7116
1714
1883
2677
1056
67
6498
5658
6677
762
2438
6936
6864
2522
5312
5492
7064
1657
5570
1710
6949
1572
2945
2256
779
6031
2082
6267
4267
5308
1179
7124
2434
2632
2300
370
6280
4510
1548
2782
6854
5217
4839
7145
443
2765
6489
5771
2311
2786
446
5763
2521
1335
5662
1279
6718
6802
924
7077
3056
4363
3050
3367
5208
3043
2580
6978
2861
1925
4377
3827
3846
7157
4284
6065
5367
252
3025
2729
3024
828
6803
12
6809
6712
4407
2425
4709
6709
7069
790
2764
6075
4570
2446
1713
3446
5079
6702
4577
4772
7083
2148
2520
3338
6856
1475
5504
6766
4309
5767
3960
3998
940
2303
93
3271
3533
2833
6679
4272
3317
98
5192
1847
2271
3983
7049
2161
1705
4632
6729
6370
2912
2266
4642
2253
6015
4601
2109
6014
4003
3986
6412
2323
4282
4838
2402
997
803
749
3900
4938
4939
1788
5430
4181
1656
4872
4834
806
2398
3709
2726
3045
6539
4445
2428
764
6223
1295
3103
5148
1658
3820
2663
1787
6496
3790
1170
7162
62
1718
1994
2317
795
6488
299
2636
4333
4901
4378
3772
5938
5847
1908
2061
1814
3769
1786
2673
1811
3669
4498
3084
2974
4435
3362
804
2892
3051
5240
4146
3029
2404
2415
5234
119
3038
5846
3400
1408
4926
7155
2237
6736
112
1400
4701
822
6088
6717
821
4276
6723
4143
5210
6581
5856
5071
3291
7118
7120
6567
7137
2675
3197
4265
2307
720
5039
5718
685
6240
3229
1716
690
2676
873
3152
6668
4920
799
3080
3086
1383
3247
5860
3325
915
4732
4034
6678
3109
6675
6674
7149
5429
911
4266
6715
2427
2810
2766
4439
6441
461
5788
4438
6945
4294
4344
4293
1840
2709
2006
1650
1479
2003
488
3777
1470
3964
6808
2762
4297
3532
4300
3539
6873
5876
4518
985
1526
6883
2066
3656
6855
6326
1993
1062
5315
3907
3555
3937
5977
2114
998
4303
1564
3708
3583
3793
4321
3795
3987
5937
1950
3828
5202
137
138
6416
5680
139
128
3813
516
3984
5673
6785
2564
1037
6447
1941
4286
4371
2204
6801
7085
5930
1540
2067
5445
991
2788
1549
45
5216
202
6996
3903
2703
3901
6878
2737
1719
845
7159
714
718
3651
3655
2963
4074
3028
3686
5765
4961
6894
6895
56
1330
375
1619
827
3824
2768
1242
3753
2426
6955
3812
5852
4398
4128
3880
2596
4905
2396
3781
1999
797
4132
19
5173
2757
1100
3847
774
2400
5761
6929
2783
3823
3059
2361
3120
5415
6930
6399
4455
3042
4440
2780
6992
3106
5228
2567
5914
1567
5414
5805
695
4678
5314
2129
108
5487
3522
463
3528
575
2132
1712
2474
5092
4006
3307
2181
2236
1464
5474
6245
6044
3459
92
6714
5497
1707
4707
2248
5557
5793
1692
3346
6706
951
4627
6704
142
477
1200
6701
4616
3366
5319
3296
5475
2112
7041
3255
6004
4253
6001
7037
3252
3420
66
5613
6869
3434
3251
3249
981
3246
1183
3244
5512
6874
1819
4264
5047
5507
6641
2499
5577
6127
5892
6072
2885
2817
5502
5248
1507
4280
5241
1233
2452
1437
955
2484
2503
2842
925
2479
5370
6303
6514
5153
2576
2498
2630
2886
5242
1241
923
2618
2526
2432
5070
5301
995
2453
2541
1232
1053
2979
6518
2435
1235
1055
6487
1239
2982
2594
2525
910
2469
2595
1080
3006
6389
862
2468
2708
2679
5349
6444
6419
6319
913
5077
1051
2523
5076
6316
4960
5599
4499
372
1545
369
4496
5650
4479
1560
1563
3727
6937
6941
4434
2012
317
1577
3775
3785
292
5669
5679
3659
1538
1536
3649
4647
1463
4645
1474
4631
3517
3524
2125
4612
3537
6991
3540
6026
5575
3550
5595
6520
2089
1528
6872
6875
6881
3542
4655
3829
5717
4011
4017
5807
4030
77
4047
1715
7130
7138
5811
5812
40
37
28
7152
5832
15
4171
4141
4156
7158
4004
1701
127
3989
3841
5743
7012
1912
4347
4346
7016
3871
1901
5752
4372
210
1888
4326
7038
7042
5782
5883
4290
5798
3980
3985
1889
510
5235
2174
5431
2282
6114
3123
6672
1363
760
643
3108
640
3322
1371
5399
6703
1384
3299
5386
3186
728
4783
6577
6578
3240
719
692
2308
1344
4823
4773
3455
3193
6572
2302
666
5446
2390
