6949
5445
5657
6910
3044
3109
6546
6127
6911
6920
3046
3105
6942
3042
5448
5655
3049
773
6946
4262
3758
6930
6935
6904
6962
5651
4271
3102
4182
1650
4135
6926
3043
6461
2207
5656
4280
1937
4607
6120
1121
2530
6584
6940
3045
4188
4602
5653
1449
778
3041
3108
1476
4136
4023
6531
1701
3521
1657
5443
4601
1706
5654
6900
6901
2789
5456
4455
6922
2452
5765
4139
6932
4297
5441
4029
2325
6937
2208
6936
3280
6128
3104
5481
4190
3082
5658
5652
3047
3084
3249
774
2633
1127
4264
6783
4604
3755
4130
6558
6779
3023
3088
6469
6038
4022
4192
4606
6786
5502
6972
2058
6919
5450
6921
1658
5495
1654
1653
1285
5659
3093
3525
3396
6732
6908
3389
5421
5650
5727
2005
6778
5720
446
2254
5975
1440
779
4186
3100
5290
2584
6378
1460
4608
1659
4611
7161
3086
5529
4712
3115
3106
5693
1003
653
5444
1346
4273
1441
6307
1475
777
1652
1655
7066
4094
4028
410
4021
7041
1705
6929
4603
3753
6107
3615
6090
3764
4763
90
5475
2946
6034
6903
5976
4861
2055
6916
2537
4766
6847
6637
6848
2299
5453
4025
5977
1105
2199
4600
1704
3885
3858
5719
7053
5168
5085
243
6113
5239
4143
124
4456
6867
1547
2632
508
5873
1434
5449
2738
6927
5696
1262
5550
4761
6857
967
6773
4631
6941
4613
5800
1335
6476
1901
5769
210
1336
1765
1919
5552
6589
3609
2940
6577
2893
4960
4991
5490
486
5698
4336
4996
5314
517
4731
4547
5921
5228
4624
4860
6028
5080
4605
679
6012
5316
4765
4328
6292
1332
966
1811
6532
2634
3089
3040
6928
6924
6721
2081
1261
2197
2323
2884
2868
6771
6777
2850
6782
105
2478
2719
1199
1139
2683
1147
2677
2635
6968
6971
118
6456
4183
1692
3983
3441
758
1355
7091
7112
3941
3826
7049
1402
4036
4255
1406
902
6974
3556
3522
6976
5436
1195
2580
2628
5408
1452
1697
5570
1708
5447
1702
2392
2296
2269
1721
2038
2031
1724
1985
421
5633
441
5599
2435
1910
2745
516
3384
3431
3482
3504
3520
3527
3558
673
3672
3911
3978
830
4548
4020
4145
707
4350
4339
4206
4286
4260
4665
5390
4710
3118
1159
1153
5301
5200
5099
4269
5009
5001
4998
4926
4924
4921
4882
4878
2899
2949
1068
2977
630
4771
3101
969
3394
0
6872
6934
248
6000
6843
6316
69
6002
6297
6715
5763
65
6707
5899
6033
373
6003
6006
6543
6660
7098
264
6333
6192
6009
7146
6467
6724
6723
139
5947
5968
6086
5699
5743
6464
217
5717
6780
6096
6014
619
1102
132
4658
629
4662
2743
6448
2784
6059
4715
4609
6039
2637
2663
546
2310
2312
6865
6856
2472
1198
5963
1196
5079
2539
2671
2575
116
4999
4997
4993
6001
1170
4942
678
600
2639
2659
5005
6124
6496
2869
764
4191
4187
3160
3241
3244
4175
4148
3288
4101
6338
4090
6537
3377
235
3390
6505
3435
202
3481
3965
6474
3928
215
3716
3853
6373
3114
759
6539
687
2903
1074
6125
2906
4495
6868
2953
2955
2956
1064
2958
2962
1049
6716
4362
6681
3098
4261
176
3103
6580
746
747
1002
4254
4252
6741
6720
635
1238
5488
1700
7032
5476
5819
1352
358
5442
1695
1814
5403
5396
5374
500
502
1932
1934
5322
5410
1295
1374
1656
7164
1435
1432
1431
1456
1462
420
424
5520
5631
7141
5760
5559
5553
5768
445
5780
5527
5625
512
3771
6905
6909
2252
5945
5238
5227
2201
2257
96
748
6551
1249
1668
745
262
4199
5258
3080
5125
4195
1398
1401
3122
3131
256
3164
2473
6581
762
5064
1544
6981
1062
1709
1359
2979
1050
1187
1188
1363
6197
1694
2213
162
163
3048
725
1030
6665
4268
3091
5489
5492
1446
252
6320
5816
3981
3976
3974
3483
6498
1454
3524
6473
3526
1436
3987
3914
900
3891
3888
3882
3643
3863
3750
5691
5692
6450
3544
1463
1467
1468
6530
3272
4174
3284
6326
4144
1506
6526
247
3289
961
2432
4087
3319
3322
4077
3327
3376
241
1470
4030
6350
2427
1404
5011
6182
4889
2786
6063
6011
4663
4661
1822
138
5399
1866
125
315
1992
4908
4612
5882
5320
6007
1817
2666
6092
5887
1180
5281
4790
1131
1135
1136
1915
6945
4767
4866
1870
2195
2707
4764
1123
6785
6052
2782
4716
1868
6097
4781
6099
2032
1289
6122
2009
357
4589
4931
6948
4992
1349
6736
6835
2886
1341
47
4951
5311
2630
2193
2638
2851
2854
4543
4542
6115
676
2004
1350
1930
1472
3754
1
6842
1133
3335
3756
130
6459
6519
6511
950
3529
123
3560
2266
1264
3561
2621
1450
2321
3437
1150
3436
2636
1240
2586
944
3626
1146
218
3690
1186
1122
962
2836
2583
7052
6623
2531
6661
6846
1021
6685
2624
1025
3059
2865
2834
51
2874
3028
1707
3018
3008
6844
7013
2284
2926
6725
1063
1356
1353
1768
2815
7127
3107
963
3318
2740
1505
968
2742
6938
2454
3286
1540
3282
2262
6975
2781
1117
7139
3134
2787
3121
3120
992
1609
2799
1611
3111
1394
1197
6907
111
1242
1266
1444
4886
5332
6331
5021
6335
4128
4125
5973
5333
4060
5346
5395
6157
5397
6374
5423
6379
5426
702
5439
701
4989
4519
4003
6383
6405
4436
5158
4149
5891
6211
5220
5253
533
5261
5204
5262
6294
741
5265
5270
753
230
6199
4196
767
5164
5163
6313
776
5902
253
251
5319
4181
4416
4198
3967
5232
5555
4627
6119
688
5790
4798
5745
4571
4884
4563
3913
3856
5525
366
3932
5729
299
6411
4753
6068
5628
5705
3939
5829
3879
3878
3850
4757
3823
4620
5458
5817
2453
2438
6859
4769
2434
6043
6037
6862
2395
1126
2390
2376
2328
2326
133
5186
1124
5187
309
5211
2755
5215
2433
4774
4930
6853
