5445
5657
5656
5448
3044
4280
6949
3108
2633
3046
4602
6910
6911
5653
1701
3049
6940
2207
6942
3280
3104
3047
6900
5654
1705
1706
5651
6034
4601
6904
3288
4183
5655
3105
6546
5650
2191
1659
6543
4182
5441
6948
4136
5443
5446
3758
6926
6927
3043
3102
6924
6932
6921
3755
6930
6001
4455
4271
1937
4604
3318
5553
6672
3774
2004
4135
6531
778
4600
6128
1650
3521
6003
3100
5652
6113
3109
1655
6584
6637
1703
5825
5444
4607
1707
4605
5456
5442
2197
3045
3615
3690
6935
4989
6922
4875
3529
2639
764
1652
5453
2329
5658
2325
3524
6732
3526
5436
2745
6006
3101
3527
2199
6009
5859
2195
4879
7145
6946
6957
12
6908
3528
3713
6127
950
5874
4181
6901
2869
3764
3771
2452
6962
3879
2815
1242
4188
750
6920
1458
2321
6916
763
4273
5760
3967
7164
3522
3088
5204
1282
4339
2559
2164
5449
2003
5431
6724
1187
3520
3525
4608
2264
4285
4284
508
6941
3778
5827
2564
3086
1479
3131
6677
5570
3041
5763
6589
4053
5539
3450
6002
1249
4186
2630
449
6919
6928
6929
3705
2667
6120
5438
2637
2740
6005
2768
600
6039
2530
6035
6028
3772
445
5228
6986
1651
1658
2187
2168
4028
2070
5693
4090
4264
4139
1942
4544
4606
4282
4101
6558
1654
2789
4198
90
733
4830
4175
1653
5843
2271
2278
2323
6903
5450
6905
1401
6961
4266
5855
446
1454
2891
906
3510
6021
1476
5769
1245
5550
4219
867
5481
1440
2738
2929
1765
4611
6594
2449
2190
2328
4497
2308
3841
4541
4029
5087
1145
1188
4960
6122
4100
4548
2196
6937
2194
6936
739
6934
2193
2919
4212
5531
1431
6562
4254
1692
5507
410
546
3249
4495
6661
3040
1300
4130
108
1934
4289
4609
13
5606
3089
4616
5690
2069
7141
7127
4684
3042
3408
4022
5765
3180
3962
5452
6469
4187
3753
6119
5439
6373
6014
5870
1472
6012
5434
4986
3941
3709
2478
2446
3716
2742
1240
3924
5088
2636
3413
3902
6038
5209
4192
1448
3900
1127
2567
4874
3752
4542
3554
4297
3650
4096
5371
5239
4286
4613
4987
644
4199
3904
3319
5447
3964
4190
4173
4004
3776
3775
3454
4540
5413
5014
4057
4262
5821
4276
6378
5822
2862
5856
5872
6483
5879
6853
2767
2326
2764
1095
2753
2441
2442
210
2453
2702
2626
1474
6118
2611
1449
2638
5813
6256
2566
6923
6069
2562
6914
6033
6931
109
6123
6835
5789
5771
6582
6581
2107
5799
6718
5740
5800
6802
6544
3082
6952
6909
6686
4588
1932
4627
4626
4498
2531
2551
1814
6783
4094
771
6687
2621
1590
6789
6938
2002
5106
6771
6959
5625
3932
6670
6537
2212
2219
6506
3901
4757
106
4860
6503
741
4547
2251
6493
6124
3848
3845
4745
104
6586
6842
517
1700
3779
4122
4927
2365
1139
6685
2263
2634
5192
3311
17
5801
7142
3333
5458
5457
5810
3341
5814
2868
3701
2865
7055
2788
5495
5858
5502
3282
3107
5698
3120
5761
5559
7159
1301
5768
6
1402
4270
10
11
3265
5525
16
2787
2867
992
6008
2693
2686
1441
2681
6059
6068
4191
3587
5261
6089
5232
2635
6786
245
5999
3519
4603
5902
7030
4450
3465
5892
2760
3485
5437
5430
5974
1243
1452
651
1459
1900
1306
1704
4195
4213
1446
1709
4194
684
1404
1697
1708
1280
1407
1377
1284
3091
2038
3629
3578
3555
2666
3518
2752
2766
2786
2851
2861
3401
862
2896
2899
3313
955
952
2982
3247
3213
2983
3198
939
3186
3038
892
924
3643
1933
3656
3717
1176
4080
4078
4059
4056
2074
4025
2166
4020
1144
2208
737
2224
2265
2269
3789
3784
2408
2444
1080
2465
773
3757
2579
2580
2584
1051
2628
0
654
5873
6277
5664
5440
128
6501
4625
6222
6767
357
6413
241
6527
4580
4546
588
5393
6981
6114
6944
4904
4840
6392
399
107
6388
6857
6352
6450
5552
5472
421
5571
4717
5579
4710
5595
6809
5778
4589
6820
5823
6000
5812
4396
6583
4410
139
6037
7155
6046
6073
6660
5157
5188
5336
5795
5782
7085
4496
5211
7151
6577
6568
4475
5878
4281
6623
5490
2324
5483
866
416
2169
863
1156
2320
6673
2163
860
3375
5387
5877
5396
1138
6541
6539
5376
444
1133
3459
5338
3456
6580
5325
3446
2253
2257
3556
2262
2299
853
2310
1121
6307
2333
1041
3027
3023
5772
3008
6112
2976
1032
951
5792
2946
954
934
2641
2663
2910
2695
1006
1003
2860
1002
2759
2832
983
2812
2772
327
5511
5759
235
5520
5537
3196
3183
5554
5556
6331
2454
2457
218
3658
2555
2624
6292
3106
6289
379
224
6283
5659
5665
1058
5675
6276
6268
6250
2561
6681
635
3834
6968
4451
1811
6807
4583
608
688
1807
6980
7153
1233
4196
4412
7154
1475
1944
754
1285
4453
4876
4798
1445
3944
730
3906
6861
4834
1450
6847
3903
6865
1457
4470
1714
3664
4872
3849
7019
1967
4400
5134
1478
702
3711
3710
5164
1170
1605
5101
2073
4073
3697
1332
4272
4278
2085
2088
2081
3754
6848
5079
4082
1295
6710
1185
4999
4712
1369
1173
4682
5051
1238
1302
6918
6933
5075
4669
1535
1255
1262
243
2589
2632
2616
2615
2102
6115
2765
7161
1305
2763
2762
1336
1337
1344
1364
5975
5979
2731
2704
1375
7020
6031
2689
1391
2660
7152
14
7146
7124
6082
6111
1409
1433
1434
7042
247
264
2573
1228
1599
1926
2306
1931
6461
6467
6490
6785
6773
1124
1951
1966
1126
6498
6758
6523
2005
2006
2084
2160
1157
2083
2071
1171
6445
1172
6688
1179
6551
6542
6689
2008
162
1597
1866
1767
6964
1244
6912
6902
6891
2541
2535
2533
1232
2473
1657
6872
216
1677
6862
6333
6854
1210
2322
6416
1724
1710
6843
6427
6403
2435
6384
2443
6375
6353
2448
