6940
1653
5531
4608
2633
3288
5442
6922
4604
5879
4288
5449
3286
5444
5448
6716
1947
5654
6544
5441
5788
5440
6546
443
1171
6941
6033
6031
3044
3283
6910
6904
6968
6911
2452
6920
6039
1431
6921
1658
5653
6034
1942
5874
447
6927
5771
1280
5443
1650
446
6949
4283
2204
2081
2321
4455
2456
445
6001
6558
6901
1656
5445
6930
5459
6900
6853
4285
12
5818
5782
4600
7158
1286
1701
5787
4601
2669
6942
1655
90
4282
1652
5858
1944
5502
4280
5452
7150
4289
2069
7159
5458
6877
4271
444
3008
5657
2740
6916
3105
7019
3040
5873
6854
1516
5807
4293
6872
2983
6902
5816
6934
6003
6908
6037
5658
6256
3287
5570
6543
2062
2060
3982
7012
3643
3987
6527
3280
5550
2301
5781
3468
5478
3440
3533
6899
3282
7164
5476
2742
2788
5465
6370
5479
2885
635
1946
5529
7128
6938
5870
4609
5792
1651
1091
4101
6038
4602
136
1654
5802
5817
6935
3764
4603
6905
6030
4281
2882
1055
3046
1062
5878
4120
5872
6397
1449
2945
3102
3109
6583
6715
6222
1476
3668
3464
6556
6441
2822
77
6944
725
2329
5664
6926
5811
5812
719
4422
4377
7121
6873
1783
5453
448
2004
1949
5447
5457
2825
3949
3446
7021
6120
5164
3849
5507
3848
5520
2007
1948
3249
2323
62
2472
5651
1242
688
5434
2129
3640
3463
5760
1282
3007
4273
449
176
4175
4122
6903
4412
2884
1287
6919
5884
6780
2789
6932
2760
1063
6014
4070
6943
4632
500
6939
5857
4619
4284
1241
5859
3546
5552
440
5876
6378
3461
441
5455
1284
5451
5740
4276
4858
3985
4903
5085
6032
6137
357
5795
3840
5800
6252
716
707
4685
3656
651
4294
5446
1106
4339
2762
6937
3327
6946
3289
6718
3259
2164
2193
1460
2199
3048
2503
252
3108
2451
1440
2442
2415
3104
2883
7146
6948
2325
1337
3444
2764
3369
2829
1941
1545
7149
2810
7152
7155
1914
6996
3062
7013
3064
5023
6701
4071
754
2781
3085
4435
729
4374
6906
5850
3067
1064
2683
3049
6933
6925
2996
3001
4272
4264
6924
4605
6947
1000
7029
2667
5785
2631
4627
1472
2509
4735
179
4459
5808
3098
3565
1285
7132
1937
3244
1994
5553
6234
1987
7156
7114
3664
6522
6411
10
2070
1940
5559
3646
5454
5257
3106
714
3460
5227
3941
6448
3458
2324
3908
2251
1943
6127
3321
2310
5450
1402
3845
3615
5656
5799
6931
2328
4491
6923
4475
5815
2697
2702
6914
4438
5823
7163
4548
7157
2009
2003
728
5193
5168
5067
2264
4960
5713
685
5336
4815
4775
5383
5420
5580
2196
4703
2102
7126
5777
2580
2585
1659
5661
5786
2006
1995
955
1289
5492
6304
3284
6267
3009
4146
4143
3665
4138
3101
3679
6254
3732
3003
4100
6007
1176
3061
4035
4011
6192
6693
3091
3989
3863
6122
3100
3047
6322
4136
1526
6875
3455
2745
3425
6447
2888
6855
2782
6395
1574
1572
2808
3964
3521
6530
3367
2821
3567
2819
3555
3936
696
1331
5256
3843
702
3156
2271
3568
3945
1314
5263
3312
2002
3962
2312
1116
3410
3390
3281
2067
3669
2085
1193
1388
1190
3522
3745
3246
3346
3478
5417
3217
3790
3465
5325
3215
1812
5456
1608
1100
4607
4139
4606
4183
992
4278
2677
2980
2942
2686
1531
4570
2596
4566
2827
2693
2696
2780
2772
2769
2768
2739
966
4378
2741
943
2832
3027
1041
4112
727
3983
3096
5204
3988
4003
2743
5075
1444
764
5027
4005
3074
4956
803
2454
807
4854
4073
1069
1466
4700
4659
1714
2537
1045
1703
5209
5079
7169
6915
6570
35
5573
6230
6574
7023
6972
6584
5584
7116
5877
5659
5496
6637
6973
5852
6641
5993
6789
527
6783
7055
6704
7048
6714
7044
5834
7031
7026
34
5557
5626
5551
5676
18
5831
5675
5801
5767
5499
5806
6224
6962
17
7139
6858
5793
266
5961
4947
1191
3846
1607
204
4379
4392
2706
6258
5115
2889
2988
6723
2984
6805
1598
1577
5042
3774
5033
3758
2763
3841
1592
919
2749
1179
5039
3737
2842
2851
6247
2795
3024
6316
3469
6557
6426
4551
3302
846
6444
6531
6473
6477
3359
3364
6520
3433
3431
1335
5798
5774
4612
3417
1318
3472
4458
4774
6581
3025
4464
3586
1463
6703
5153
899
1443
1239
3080
6320
3086
6362
6677
6674
6666
1423
4823
3484
3164
3166
3247
5813
5680
2274
39
2082
4121
2127
5408
5855
660
2189
1813
2206
2066
2227
2237
7064
2255
2268
4291
2698
2298
681
1068
2307
1066
36
5574
579
4182
1915
1900
7161
615
15
4173
606
5498
7145
1984
625
4147
4268
4144
5505
5912
5509
32
4142
5524
5533
2008
4297
2326
5794
2616
4375
3948
109
6964
6046
3984
6066
5226
2614
4076
5663
5212
2628
6967
1111
6979
939
2505
4371
4049
6011
1637
937
7011
5652
4335
6110
2435
2432
131
6488
5955
3900
351
3426
3875
3903
3459
4180
3890
3441
299
3847
3865
1156
3427
3641
6429
4075
327
3603
3675
6253
7168
4072
3709
6012
4079
6015
6438
1059
1054
5994
5986
6035
6036
3506
3740
3481
1102
4130
3967
1186
1127
5495
3398
1729
7004
2481
2488
1719
1713
6975
2575
1695
1692
2590
2621
2659
2662
117
2671
2672
2673
118
6929
6928
1632
2703
1619
6909
2457
1609
7017
7032
7162
7153
16
1877
1874
7142
2000
2001
1860
33
2029
2088
2141
2181
2197
2198
1810
2202
1807
2207
2230
2235
56
2303
7037
2424
3414
6878
6874
1441
1437
6691
3103
6609
246
253
1386
6559
6552
3285
6545
6540
3301
3307
3315
3316
6525
3352
3358
6506
3370
6496
1330
3395
6702
6876
3071
3045
2746
1590
2759
6869
6865
6856
1571
2815
2817
2823
2826
2834
2868
6763
2902
202
2981
205
6725
1485
3023
997
6721
3028
218
3060
5922
