3984
3003
3940
6875
3985
2755
6734
3982
6878
6874
2483
6850
5989
3988
4622
1813
6873
3989
5714
67
4532
5834
2305
1624
2937
2580
7022
1512
3888
5204
2939
2266
5981
3883
6877
6876
2750
3476
3887
4488
6853
6855
3882
1817
3881
3880
3315
3986
3886
2481
5716
1816
3889
1812
2265
6557
7025
2269
6991
2268
6032
2003
4773
5223
3474
3327
131
931
4752
2262
6763
2211
3338
1059
3478
3473
3175
5994
1623
1627
56
4274
1819
687
6925
2741
1810
5110
6538
3045
2746
6857
6767
5677
6872
3891
1348
139
5016
6835
2264
5042
7011
3340
7060
3314
2237
6945
2892
4258
955
1511
5811
6735
6114
937
1818
57
1625
5610
2703
3310
6566
5218
6807
5810
4021
529
3321
4770
3052
5049
2379
7127
3244
6559
3848
3107
1786
3176
4374
749
7015
4373
3884
5232
6547
2816
5770
5711
5780
5314
6943
3545
2263
6727
5988
208
6677
5872
5073
5995
2620
3245
198
3966
1516
2443
4195
1383
464
5071
5715
2535
6527
3896
6668
6167
3518
1776
5718
3477
2883
6879
4784
2378
4285
2104
3343
3987
2749
3885
5828
3328
3326
3980
6615
5214
3777
2240
1119
1936
6914
5046
2763
2800
6762
6496
6939
6089
7017
5227
5985
5373
5198
3771
5225
1500
3879
1629
5222
6996
5982
5201
5277
6039
4577
2787
5990
1507
916
3770
2936
3033
2955
6913
6997
5986
3103
5537
4859
4370
1340
4425
527
7068
3320
1938
6954
3798
6714
1032
2000
2356
2267
6730
2257
2244
5754
2212
96
4723
5693
5698
3446
2110
934
2001
1324
5639
3223
203
3252
1281
51
213
5075
1903
5836
1067
1731
5080
5756
4411
2762
2082
2521
2684
2247
1474
2184
2485
4279
1733
2164
4428
6764
1368
5717
1517
5509
5533
2525
2366
5575
686
3775
6851
2344
2340
4276
2615
5528
2704
2732
4541
6083
5431
1962
5441
4548
2458
2748
2261
1506
2491
2444
1062
7145
2954
4802
5077
6487
3660
2989
3535
209
288
3717
5217
3540
4372
6464
3544
923
5153
3145
4871
4484
4480
1042
20
3516
3325
2933
3323
7063
3337
5015
4720
4754
3830
5538
5776
6818
2320
3847
6729
5625
4706
4988
3312
153
1979
5156
4117
5824
3983
5830
5831
1939
3330
1934
682
1930
4876
4368
2454
2456
2374
6828
191
4125
5682
5587
6833
6834
3441
863
4476
2214
1064
2365
6272
1049
5047
6185
575
3533
4429
5044
5040
3844
6575
3538
3269
4028
2631
3951
3057
2814
1580
1811
729
5921
1787
6085
4750
4831
6136
2718
738
7136
1197
4215
2742
1178
1680
3666
2788
5843
2768
3786
6933
1567
4549
2956
5874
4036
5317
1530
1842
1841
1142
3752
4032
4378
4222
320
2823
5439
5196
6947
2824
4774
3444
2196
3757
1702
1341
28
4574
1364
1694
6235
3339
5014
5308
3748
571
4775
3832
1621
1359
1547
3751
2220
1601
150
137
3359
7085
4029
990
1995
4474
4842
7120
3613
77
3612
1830
1831
4472
3562
6192
4424
1436
1853
4850
4856
4855
5835
690
691
5837
4530
602
4839
50
6765
3468
3469
2154
3514
1479
7099
4008
6489
4521
1387
5734
4100
4053
6470
5763
5774
1783
5777
1376
2021
1382
6155
2125
6404
2562
5207
4291
3162
6931
199
2764
899
2484
7038
6836
357
5539
6989
5422
354
6852
5070
2441
200
5085
5534
2708
3955
4507
5540
3957
2480
5211
6854
2449
2747
3258
5449
2982
3923
1250
910
4371
7009
2343
7062
7005
6377
3873
5447
6944
3319
5505
2329
518
6550
5443
2811
6571
5048
6311
1232
3102
5331
162
4618
2938
5630
4500
4689
5209
6331
3628
695
694
3085
4837
3626
6183
1814
4376
4587
1231
5435
5871
2652
6905
726
58
6184
6907
4107
3604
3929
5389
5437
5403
62
3334
735
6938
19
1622
352
6035
17
4763
4756
2932
4419
21
2818
4545
4673
6554
1141
4221
4544
4755
6951
3897
4753
1557
6522
6521
6030
2713
3027
4471
6166
1192
4101
5230
298
2751
1736
2759
2760
35
951
5987
4776
764
362
6345
310
3913
4569
6140
5213
1466
2520
5475
4989
7040
4624
5588
5584
4727
4264
4601
192
4006
2369
6766
1063
5556
3471
5549
3490
1285
5473
4735
201
2119
196
1369
2219
578
5648
2278
2295
6570
3341
3352
7080
5018
2260
7082
4616
3301
2358
2246
5013
5012
2361
1061
574
2362
513
577
2248
3530
483
212
4209
2447
4022
5808
2489
1388
6306
7024
5158
5819
1967
4874
1416
2506
4872
5829
5507
3588
3333
6187
4857
3601
4851
3560
3549
2242
5767
4525
2040
91
2029
3543
92
467
5793
4362
5093
6870
3215
4427
4523
1124
6148
6378
1243
1188
1267
1504
1046
1363
6362
1433
1483
1362
1070
1320
1073
1057
1077
1076
1487
6416
4444
1038
1337
1051
4133
6320
5699
4543
2866
5315
3898
5271
5258
3041
2838
3043
5200
3091
3095
3127
3132
5154
3061
5152
2837
2813
2527
5494
5436
2623
4654
5371
2829
2735
2738
2761
2765
2767
2805
2810
2736
5146
5119
5111
4858
4848
4821
3656
3663
3668
3574
3696
4782
3720
4769
4767
3739
3774
4789
3563
3542
3541
3221
3243
3262
3336
4718
4981
3447
4951
3462
3472
4929
4920
3524
3526
3539
2522
4542
2498
2469
1781
5900
1834
1836
1839
5876
4051
5873
4025
1931
1933
5827
1951
5823
5865
5818
5947
4054
6118
1542
1548
1588
6081
1603
1765
6048
6018
5971
1738
4059
4057
4055
6029
5812
1997
2005
5660
5646
2308
2352
2354
2359
5662
2360
5579
2414
5562
3964
2451
2453
2363
2243
5666
4613
2012
2014
2018
5781
5773
5751
5746
2114
2116
2122
5719
2165
5695
4002
2194
2490
6530
4589
3776
6676
356
4340
721
6672
6825
69
516
7016
6934
365
4275
7097
229
485
762
158
7088
519
4375
103
581
107
4269
566
6542
