5459
1171
5454
1176
5455
5458
5457
7019
1280
3286
4070
5453
5451
1287
440
3287
4608
4604
3288
3285
2069
449
3646
6033
7012
447
444
5452
2070
6674
443
3284
3289
7150
7004
3640
3283
4459
6037
4073
2081
6030
1284
3280
6031
2064
1286
446
1650
2072
2074
1448
445
6036
2077
1658
4603
1656
1282
4071
3282
1443
1175
4078
4285
7152
448
1943
4079
1116
1173
1655
4602
4072
7169
7168
7156
7164
7153
5524
5603
2066
1440
4108
5520
6904
1444
2075
6034
620
5168
1174
3080
6256
2792
442
7151
4283
7155
7157
1449
3643
1179
4600
1445
5476
1987
2079
3105
3106
4106
1091
7159
2071
2082
198
706
4105
2076
4539
1446
5169
716
204
3649
1565
5446
7158
1066
1441
7113
3008
4060
4609
5568
6921
1421
3040
2073
1652
6789
3654
4075
2085
2067
4531
7021
2007
5897
5602
6900
6927
2060
5441
5413
4069
6409
6416
6544
790
1172
4109
7163
1920
5067
6437
2322
1447
1078
6530
454
3048
1916
2312
6942
946
6038
3745
1093
6903
7003
5554
5551
5164
4601
4280
2198
2457
5896
1591
90
4102
5560
1673
1590
626
1170
7154
2996
1314
5449
4100
6447
6110
4113
2503
6252
1283
6531
4930
5383
1288
6254
882
6787
6543
6257
4936
625
1911
1107
4367
1289
2062
1596
5664
6979
3397
2329
4288
3645
5979
6007
2576
3004
1422
1919
220
219
5559
6973
1593
3658
542
3256
4792
2724
2826
2291
6255
450
63
1150
5474
3085
462
629
6324
1178
1071
1026
1653
5966
6815
2324
1074
3412
6814
4887
5866
6249
4453
1099
702
7165
1402
567
4139
6035
3568
547
4536
3281
6959
6039
4884
6924
6922
5619
6234
6025
2825
2667
4107
5659
86
6958
5953
2160
1922
1924
5491
6675
1419
1923
5784
6192
4208
2243
2809
1925
6556
6551
2822
5773
2821
4790
3006
4146
6785
544
2274
5240
5526
451
2294
4962
2298
4853
6160
6172
6806
5447
4465
4249
703
3942
3642
3235
6443
6262
1989
6322
1910
719
5795
4233
5933
669
6003
1096
7027
681
5642
707
704
6948
2089
7042
6403
2084
1055
2063
1914
5627
623
5121
5160
4595
5650
148
6066
3193
1068
4289
2508
4898
4886
710
6153
6752
4535
4175
6008
4791
136
5651
4455
202
6001
4586
713
6561
7013
4149
153
6569
6225
6431
6227
6005
146
6434
1151
3418
5831
5596
5848
718
545
3473
1146
1109
2086
7167
6910
6534
1017
3233
3944
1019
2727
5442
5558
2394
6869
1064
1388
5626
5310
880
6847
2168
1054
5918
6625
1065
1281
2981
376
4282
2088
1827
2323
228
1999
527
7107
5124
5134
2605
5241
4264
4517
7029
4485
1097
4469
4468
4101
5845
524
6365
2595
1921
2889
4797
2886
4457
4593
2485
6277
862
645
870
1377
6242
6259
4464
4463
6495
5783
4775
899
6247
1896
528
5360
2496
4293
4300
4592
1844
6432
541
1351
4553
2837
709
6560
913
6446
685
684
6238
636
6726
3387
5916
222
217
6946
5229
3750
3082
1607
372
6093
1677
6950
2080
6773
5242
2245
4120
6760
1513
3828
3829
1106
4064
6908
1479
270
5570
6902
3973
1070
5165
1474
4129
3171
5053
3876
5926
5033
3144
1095
243
1098
2102
4007
1594
5061
5609
5983
452
5962
1522
6000
441
1926
4147
4203
3438
7045
1425
2914
4136
460
2264
3566
7010
1929
5600
2342
6978
1195
4144
5984
5870
251
1622
4702
5086
5987
4632
2456
3242
2575
646
2717
5838
5257
3875
7065
2593
1490
3608
4513
260
854
3590
2596
5672
2499
6913
2509
5325
6951
4626
4575
6956
714
715
3392
3449
717
7100
4563
1884
5163
5608
1503
3381
1497
5963
6448
688
6041
6940
4594
3475
4534
6947
6438
144
1845
4538
5654
3383
1482
4607
5908
4452
5018
5553
6246
4796
6558
1386
4795
455
13
6522
4412
5218
3096
5250
368
1016
5531
3049
3007
4927
2398
6716
5905
2241
5527
552
332
466
4151
468
3945
2347
2345
1478
6218
489
2875
5880
1069
2321
608
520
622
5519
4743
6230
525
5034
6250
4462
6694
881
2327
5882
6149
5293
2296
2579
5292
5283
4889
4781
2268
2009
2557
4623
2540
4882
5842
5162
2289
975
2559
1318
2290
1155
5988
4883
2543
4737
5904
2486
4668
1982
5868
4694
6251
2152
5050
1062
4705
6271
5927
6270
1996
1900
1073
5928
6258
2121
1076
5066
1981
5934
2502
2164
4654
6232
2078
5878
2395
2513
6099
2350
825
6240
26
4954
2204
1956
2004
1029
2193
5864
4964
1111
2188
2415
1018
4817
1550
1858
5510
2938
4200
1697
4157
2985
6717
6743
1442
4218
4118
6769
3046
4095
369
3081
3086
360
4077
4076
405
3104
4219
5762
4458
4456
606
5786
2745
1385
2762
2763
4335
510
6548
2829
4330
6555
4324
5472
1405
2848
6576
4284
564
6498
6817
3117
193
6957
3394
1599
1598
3419
1519
152
3466
3749
141
3679
7002
3488
5604
3496
3499
1536
5612
5617
6998
12
3374
6944
336
4037
7123
1467
4011
1469
6863
6881
3185
3364
3948
6931
3857
3852
1617
5582
6937
3811
3345
6941
3892
628
438
4530
5321
4562
6415
6417
743
670
5420
6406
5798
724
6453
739
667
728
5392
673
723
5794
722
5384
708
6449
705
643
772
644
2723
6445
3992
827
6901
6433
5060
4566
3919
2202
5545
6915
5068
5930
268
3902
265
5858
6919
3276
1955
1626
8
1094
6909
3181
2187
3110
4966
345
6315
5206
5547
2167
340
6485
1234
4063
4062
6866
1461
2633
1052
1028
1465
5709
6059
6849
5051
5344
4638
16
3148
4010
635
1620
6027
3740
6971
1595
2606
3688
6411
3465
142
1867
3470
6407
1579
3395
3485
2572
3511
113
3522
3651
3647
5140
3644
2577
7051
5985
7067
1554
73
5857
6962
6955
3297
