5469
4415
5035
5464
2414
2418
3619
5122
2471
3110
2417
5120
5126
6509
5124
6487
5127
1501
5033
5031
6488
5318
3617
3119
5217
6970
2800
2412
5039
5214
4816
1035
6041
2416
308
4638
2817
5466
3629
6048
6576
4813
1046
5836
6868
3626
878
5460
2641
3111
7103
5128
7106
393
3623
1901
3995
2813
5129
5213
6882
4470
4818
4854
397
135
5013
3114
1510
5362
2413
6187
274
2890
4238
3997
5764
3116
1517
6040
1769
6746
3053
5611
2855
275
6044
6559
5218
4597
6975
5203
5216
3998
5613
4810
2482
5512
4678
879
7044
6075
5501
4346
5070
4363
1084
4705
5304
1990
6881
2473
4917
5208
2450
2411
6652
4775
2300
5311
4730
1645
388
4858
6473
5463
4364
5616
2231
971
3780
895
408
2858
6638
5583
2835
2470
3125
3889
770
2895
5114
5309
7101
6655
3884
5041
3588
4473
1881
1138
89
6653
5142
6208
215
4893
6480
1688
214
3001
7043
5353
6513
3072
4736
4733
868
2247
4739
5022
4850
4663
4554
6863
4562
5211
4853
2419
5630
4732
2459
5029
5312
5290
1995
6470
4924
4418
3785
7102
395
1870
4331
3092
2918
3164
3621
7109
6332
1776
1143
2401
3700
3612
4814
4865
4856
5047
4596
4916
5834
3993
6870
5830
2509
2583
276
278
5467
3999
3848
5205
4776
4770
331
1416
4380
2000
5123
132
7167
1987
1065
7100
6898
6973
6834
6230
6547
7107
3624
5513
4485
6330
4467
1039
3618
6479
330
1551
2818
6799
5091
5356
6285
4780
2850
3867
187
6237
6386
988
3909
4333
6047
1410
5110
3844
1134
3054
5036
3863
3061
6978
3881
3112
5518
6979
5617
3127
2811
2838
2830
5614
5508
3126
3996
5510
5835
832
2094
5308
6043
4349
6571
1042
1991
5125
4413
6549
1848
1840
6542
1155
3611
3488
6260
6860
6298
38
4709
1218
6321
6325
5207
6378
6406
4784
6019
6760
430
5842
4894
226
225
2410
6018
2455
211
4855
5375
2307
3782
5420
7069
4921
3696
3739
5433
3308
2302
4819
5350
3170
5206
402
400
5078
5176
3560
3616
479
6888
621
6849
3473
6833
3294
3121
3305
3786
6955
482
573
3584
3855
1552
1554
1557
4550
6631
4900
1959
1049
6150
5925
87
1625
56
2244
2242
4255
7065
4329
6976
4328
1031
7068
6515
239
2173
4519
5982
4520
1034
1824
7091
4734
155
1958
1957
4758
3869
108
3880
5516
5517
3886
6
2974
2956
1845
2820
2816
6355
4919
4635
5621
1904
4587
2561
5766
838
836
3992
4942
6324
2642
5685
5645
5631
4419
6570
1783
1118
1589
1751
1327
1276
6388
1487
1214
5210
1550
1136
5212
3514
1607
1640
3503
6852
6229
3487
1586
1868
6042
3483
6619
2451
2453
5422
894
6788
873
5832
3248
5773
5461
2778
2809
5615
2889
6705
6737
6740
2607
6550
2339
6614
6839
1088
1894
1996
1036
5303
5307
6053
5927
2103
2165
3387
3376
5321
5349
5978
5977
5928
2131
5202
6436
3882
3610
4651
4645
3991
3990
220
4479
5113
438
5030
7124
3722
4488
4500
334
3866
3840
3839
5085
4783
4314
4232
392
114
3600
315
401
5168
4385
4089
4403
4926
6875
4928
4111
4777
119
5065
3062
1626
1629
6616
3860
7092
5038
4735
5921
337
1541
2454
5519
3019
2999
394
206
5511
1622
4532
6980
4567
2098
3835
1200
375
3138
202
3113
2464
147
1007
1207
883
7051
5500
2969
1580
934
6757
4568
164
117
2355
6575
6541
5623
4459
5667
5672
1861
1100
4755
4018
4756
6554
2685
4026
7104
2658
2428
1071
819
2651
1083
6645
774
1067
4476
5741
2358
6207
183
3908
76
213
2852
80
4404
4398
1983
3783
757
3920
1132
1965
1799
1811
4873
3960
2547
81
212
4909
3781
562
5298
5299
7162
6481
3692
1418
578
1531
5316
3723
2246
2142
2248
5342
4627
1230
3301
5317
5246
3479
3481
6425
2
5981
6455
4256
3580
5164
6411
6410
3608
2161
3493
1271
3628
6848
3486
2241
4653
6844
2119
3740
4676
3747
4700
3231
3260
3766
4222
2110
3237
1215
229
1512
384
152
822
967
2647
4951
2655
3504
5714
1905
1912
4948
1914
4656
1919
835
4955
107
3070
269
6472
3118
32
6593
6657
6656
7105
5046
4655
5686
3136
6551
6768
6555
1217
2680
1876
6557
2674
623
5699
5392
1872
151
1205
4449
5833
2484
4920
4395
5167
5421
184
4914
5177
6060
389
2017
2178
7056
885
6070
404
5837
2028
4773
3171
5200
2018
4590
4086
6457
5845
5073
2569
5975
2562
3589
3515
1962
6304
6644
3516
1066
190
1971
7062
1060
2439
2044
4925
1980
1982
2502
3582
2580
5642
6152
6032
2997
1678
6603
6491
3266
3097
2340
4737
69
6762
6523
1694
6483
2922
1419
6824
6216
6692
2761
2245
4489
3888
4512
3009
3068
3077
1621
5954
4528
6755
6329
4523
1232
3056
354
1588
3873
7073
7126
3730
338
7140
1668
2089
1672
5876
2083
4852
6045
4345
6320
5276
1411
6169
3964
557
88
556
5251
4675
3994
3639
913
2243
2052
2777
784
4892
1792
1782
961
565
2897
6197
4698
7009
1748
5103
1754
4484
3748
5115
5949
75
14
5025
6765
4343
751
568
175
4812
6591
1023
4338
2090
6017
2172
2140
2109
4309
4362
2040
2151
2045
4337
5195
1033
1450
1451
6347
19
1465
6328
4624
17
4620
1499
1219
6317
1523
4571
43
4559
4691
6485
6370
6482
1329
1332
6454
6421
1346
1353
6459
4657
1386
6394
1270
4652
6383
6380
1412
1413
1417
1559
6061
6288
6500
1113
1112
6158
1108
110
4416
1952
6159
1074
1069
1061
1976
1977
4387
4383
4382
4409
1820
1814
1810
1585
4536
1642
6511
1670
6233
6517
6224
6223
6221
73
6205
1725
1736
4745
82
1133
4727
2179
232
5989
3900
5032
2901
2908
6691
7004
2919
2921
