5463
1046
6882
7103
4814
3999
4894
4558
2856
3998
333
6370
5460
3788
3963
6844
1783
5464
5039
5120
2811
2368
4893
6655
4635
877
6653
3119
3110
5035
1517
5311
7106
6883
6652
2935
3785
4554
1526
5203
2816
5316
5318
1237
3884
6697
7065
3993
3992
7100
6657
181
7102
4819
7057
3994
3997
2859
6388
5127
3573
870
1051
4783
4737
2818
3231
6884
5041
2470
5512
4370
4388
4678
5469
4638
1625
3617
5839
4770
1510
1509
1890
5362
330
2912
5126
2800
923
5526
4903
6487
6788
6787
6886
3546
3234
4480
4786
5122
3720
3995
6473
2771
5611
2009
2918
5315
2611
2018
5510
184
4377
2913
5033
329
1218
1640
4173
5031
5080
6283
5078
188
5056
187
183
2309
5129
872
2173
2172
875
879
3939
5462
3894
6595
5523
6600
6421
5529
5317
6638
6645
3125
3845
6658
5685
2817
4181
232
1056
3781
6842
5613
408
4901
4818
1263
4810
538
4785
5914
3471
2362
1503
108
1240
4536
6940
2565
4897
5785
5030
2247
4098
6692
4129
1053
2301
2855
221
1214
1829
5160
6659
5617
6513
4556
393
4553
389
7109
6019
4733
4775
2451
3882
4784
4788
2889
6640
1902
5308
3512
6644
4590
3680
3757
5050
182
1901
4267
4339
5788
6229
6631
1268
6176
7044
6620
2895
7068
6633
5980
4412
5309
3761
2734
4402
5972
185
186
5302
2246
6330
6639
2773
803
4380
6488
4632
7162
6284
874
3576
4555
2000
5467
1390
5511
5515
3062
3267
6590
5047
6425
3479
4473
1533
6424
6602
2454
5055
6606
934
5430
6696
2068
2656
2814
1215
5706
3347
1092
6975
4261
2852
2685
5199
3217
1622
4248
4902
202
1629
4896
5164
1495
3233
1824
5468
2668
5708
1047
4639
1757
5707
4773
5704
832
5366
4287
3881
6215
4046
6490
2455
1319
4185
1501
2302
6458
6542
3782
6164
2541
2945
3973
4296
6557
6032
4689
2467
6776
3991
4323
5433
3700
5461
6311
2450
2777
5217
4174
3072
5612
3613
6960
4080
1520
4089
2890
7039
2888
6979
1621
3461
2414
5305
5212
4170
2226
4418
5214
1848
5700
1645
2647
5234
6619
4432
4813
4449
4178
2796
5312
6629
2779
6090
3770
3485
600
5648
3618
5848
6285
6339
1998
3253
3924
3771
3628
3580
819
6291
1821
5793
3886
5987
3414
757
1879
3889
6201
2013
6014
5906
560
1820
3170
3064
5616
3626
5847
3616
6228
3769
2881
3943
5100
6694
81
1648
1247
6849
4982
5194
5063
5052
4470
6654
4485
4075
5038
7101
2249
82
1100
1035
4247
6973
4221
6977
1221
5158
2658
4189
1058
1481
4184
2646
4183
7032
1041
4401
2681
3941
2739
1505
2703
918
2919
4329
2928
2932
2488
2934
6899
2939
382
6547
888
883
2963
2969
6509
6918
4031
7107
6605
7159
962
4068
6627
6621
2705
332
5324
6607
6888
4549
132
7144
6613
1690
4041
4333
2537
2665
5879
3652
4968
3648
1267
4865
4564
6099
4623
4630
4645
6064
1391
4680
3589
3643
4530
6018
3610
4781
3612
4811
4415
5975
1935
1243
4488
1893
1084
5815
1805
5666
3840
5301
5307
5630
977
973
5614
1664
1669
967
1678
5328
5589
5565
5563
4049
4040
4039
4030
913
841
3990
873
5673
5674
3789
4111
5799
4985
4306
5024
4299
5782
1143
4293
3726
3767
3768
4268
4981
4265
5146
728
3777
1060
5168
5174
1042
5702
4179
5191
1030
5211
4238
3540
1896
2778
2397
3012
3061
7152
6277
2339
2036
6350
2401
150
7140
6426
6362
2300
7061
6603
6624
3026
430
2294
6724
338
6608
2917
2417
2479
7105
6281
6651
7028
2809
6693
2308
381
6220
2813
2690
2761
388
6843
6656
2256
571
2709
2997
6406
6576
2459
6615
2383
6622
2640
2641
331
3129
2418
4416
6623
3817
3027
4825
3232
2253
5750
1649
5749
6880
7070
3779
3780
6650
4417
1825
1450
479
6310
308
3783
70
968
3786
4073
1674
5711
478
5586
5013
5516
6976
6974
6972
5404
1212
4873
4353
136
1523
5497
6965
5438
400
2936
2962
394
5465
5477
6939
5474
6541
2379
5517
3908
5521
4860
3096
6386
3848
5342
5598
940
5591
5277
2650
2361
5363
3847
1771
6611
3880
6610
4986
6609
3028
6604
6898
5527
1578
4032
4378
3237
2098
2452
18
5981
1386
4187
5974
545
1054
4545
223
6202
6207
2297
3624
3473
1109
3644
3647
4112
4280
1909
1112
662
4177
6771
5057
5195
2561
4532
2291
4550
1939
4270
4594
1083
3536
6827
4561
6834
1074
3
3557
4229
3559
2524
6135
3572
5118
3481
2002
6845
6798
2304
6848
1947
7150
562
4652
2303
7142
6793
6012
5850
5196
655
5802
4471
4295
2571
6268
1881
2758
4571
2345
5043
500
3301
1554
1897
5838
2858
1125
2257
1624
3307
1129
1641
3766
1642
7104
3278
4719
6598
6742
158
4076
4297
5304
1101
5406
5115
2876
6596
2255
1511
2307
2306
6879
4260
2706
4242
6698
4948
373
5036
370
4952
4007
2708
6671
2744
2810
979
2883
4011
148
5360
4303
6635
2290
961
6889
5022
237
5329
6774
2228
6617
5061
6628
2220
2274
2265
4304
4275
2866
936
2897
6649
2360
1663
356
4171
4291
1697
2298
3514
5054
1666
6636
6851
5368
1124
6612
6728
4186
6857
1565
386
1246
4917
3254
1853
3258
5773
2458
1870
4725
6278
3695
1427
3303
6258
3308
5842
4489
5757
1313
7075
1840
3213
5703
2104
751
1822
484
1826
1828
742
5724
4438
6298
4793
387
4787
6295
2615
5855
1905
2004
2535
3581
4634
2485
3487
3555
1971
3554
3552
3491
4598
6111
1372
6118
555
1399
6002
630
1906
4687
5876
4686
660
3650
1396
2473
3629
3421
5915
2027
3619
641
3466
2014
3164
4249
4346
3863
5518
2654
3947
7036
4395
1769
1780
6422
6364
1748
4391
3866
5562
2412
1487
4385
2684
114
1210
