5467
6207
4735
4814
4813
4413
1528
2411
4818
4733
6330
4734
3992
7104
5461
3700
5036
5321
4811
7102
4732
4819
5032
2858
6041
4550
5368
4478
1039
6834
1973
7092
2860
877
4228
6053
4815
3308
6049
6042
3126
2809
4562
2856
4111
2014
5129
879
2045
4559
3125
1644
5053
2410
2851
5464
5126
1030
787
886
5305
4865
7091
4473
874
1031
4810
6559
1647
5096
1976
7107
5685
2413
1523
2988
5035
6048
2890
6101
2412
1529
4558
1694
274
4730
3361
6321
2829
5679
7105
2823
971
1690
4357
1525
834
400
3993
4567
5362
1957
6386
1643
1035
7065
3943
1635
2417
4556
5894
5681
557
2855
36
7097
6881
6040
4736
3990
6764
2012
4737
7106
4554
4410
5336
4472
1009
209
5686
334
1649
872
2219
655
1641
331
5325
2895
6915
4412
330
408
577
7068
4829
6205
215
5057
3018
1413
3998
5052
6201
5460
1034
2231
782
6749
573
2133
1521
1036
2339
31
789
3995
4816
5098
3340
4479
3957
7094
6260
1218
4474
659
2859
6263
864
2986
1990
4415
5383
3822
5365
5121
332
5327
214
3564
5741
2236
6763
881
3446
5356
5041
5037
4826
5012
489
4873
902
3014
2992
212
4380
1725
4386
4417
4738
3110
1994
4812
2047
1642
1952
6208
3305
38
405
6018
374
4395
3805
3077
4118
2415
3128
5083
32
437
3739
865
3997
119
3727
5466
6762
2220
3994
6426
6765
5011
6436
312
207
876
338
893
4817
200
4822
195
4809
7109
4804
5707
4802
2990
5700
5401
4346
6332
350
107
1640
237
1501
913
4116
6247
1038
1338
3217
2825
2981
4470
5424
6734
2013
7103
3719
2835
4359
7100
5347
4416
2826
2041
1215
5469
5404
4419
6733
888
1003
4617
2171
1959
3307
4222
4568
6186
4729
4635
4119
13
5013
1646
4828
997
6509
3059
583
2092
2151
266
1481
1001
2177
205
6744
5645
4807
2850
6202
1067
6200
2384
1065
1061
5063
5648
1688
6849
4776
6980
6157
3516
2016
5724
4238
1046
1853
550
1084
5463
430
3145
1140
3595
1066
1962
5630
4014
6353
5375
4821
354
4475
5120
5975
5977
6755
3748
6414
3118
128
6944
5952
6195
6788
2154
4948
1645
2419
2692
4739
1524
4806
211
3802
862
5269
329
3300
2822
6551
6707
2042
7069
2985
3959
2224
318
3268
4448
315
6556
5168
3975
6488
6130
3347
6147
6180
6287
880
916
5776
6025
2416
817
6515
996
532
2514
3497
2369
639
5966
878
6412
3746
4352
1277
5270
4364
73
197
304
3733
3736
4402
2865
4520
5124
4409
2040
5089
1388
276
2902
4825
2170
2593
5034
5031
1711
3807
1450
4901
4900
4899
4805
4867
1713
5341
5694
3058
1958
3543
1955
6917
1969
6913
4073
1083
5616
2791
6700
2998
6943
3999
1237
4552
352
4555
7101
4231
6884
6906
1200
4724
2015
1681
2460
1685
4537
1008
4408
690
586
1954
4110
1902
6304
4283
2017
636
4323
4324
6261
4363
3954
2473
6229
4444
2049
4477
689
1724
1678
1517
3871
3714
1235
5364
892
5367
2385
2255
908
5408
5433
3657
1144
969
5615
3558
1068
5764
5646
5755
5647
5680
1256
1668
3722
870
1601
6138
6137
4784
4803
784
4823
4827
6043
1504
1498
3803
3801
2176
2178
1376
1372
5127
5942
3737
5146
5210
571
4086
6630
6483
484
2854
6513
6824
377
6886
6843
101
2879
208
2891
198
3073
3127
6768
6578
7098
6760
2643
288
2857
6640
270
3894
3502
3071
6611
918
1002
6602
4627
2374
2368
5735
3064
1689
132
2362
3460
1719
954
6940
3490
5750
6938
6605
5802
3493
6984
6142
6448
4351
4353
6131
6459
6091
3949
6072
775
6058
4401
4404
6044
4406
798
491
4485
106
6925
5944
7032
4447
883
826
479
6012
6013
7040
6015
6017
478
1752
2608
4684
6844
2921
5344
6696
1496
6702
333
2950
4909
320
6730
5266
3808
3806
1207
5195
1329
6772
2980
298
2172
2958
5107
3740
278
5097
5092
5090
5086
2976
5179
6848
218
4824
2315
3867
6638
727
5644
1081
4727
6888
6887
3599
5527
5520
3640
1128
2275
5504
3644
2244
5403
2994
5407
367
2996
5688
371
5462
3647
183
2270
5493
4800
187
6158
3743
574
2804
6301
3119
6331
6187
4225
3278
7116
3309
6310
1904
3312
513
4325
6159
6194
1909
1908
6374
6370
6265
17
576
3121
538
4239
4112
5842
1335
2800
2136
5720
3907
4564
7123
4265
965
6666
5777
1522
6342
1208
1205
5122
1336
7126
2378
6603
1751
1748
2054
3749
873
272
6395
1328
4507
1933
1487
5328
5917
598
4058
4862
3136
3729
3730
6692
4553
125
3068
3922
5348
1872
438
3706
435
4721
6769
614
3734
1086
4138
5420
3017
2301
2134
2116
5643
3661
3261
3634
4752
4754
3649
1906
2878
182
4793
5039
3645
3731
3266
3859
12
5762
6316
433
1526
2083
2227
6311
3800
6615
2861
2866
3874
5703
4651
4044
6628
585
3870
2097
4685
199
401
6262
5394
2607
1666
325
1693
4155
4350
7117
7063
2984
6416
1316
1776
743
2830
2044
1956
3809
7038
2408
3946
6002
6019
4322
3953
6188
3122
2467
6070
6010
1848
514
3724
6060
2468
504
6352
5022
5082
3991
5954
6148
6473
3804
5071
4341
2145
1434
1321
1802
6502
7151
6141
4349
4908
2423
3723
2828
3506
5687
3703
6631
2428
2790
6868
202
11
1049
5682
5706
1006
201
362
3690
6662
5722
6622
1186
1014
2898
206
1032
1033
5043
3060
3138
1986
5230
423
4400
10
770
1028
5948
4388
5081
3844
7108
548
5454
4750
4753
2212
6143
5142
6334
3848
4756
3835
2276
56
375
5144
2202
3216
4220
4801
4328
6880
4759
2119
5149
2659
2253
6089
6639
2646
261
3267
2641
192
3545
1074
1605
5636
191
3549
76
