5478
2905
5837
2672
5496
2227
2819
1981
1000
1865
3745
4127
1864
4142
4461
4086
1078
1076
3283
1662
3374
1079
4123
1055
173
5618
2679
5624
3869
2797
2942
6865
1193
131
4121
5832
1869
3841
5398
2206
2200
3987
503
506
630
3135
6544
4081
4700
5558
1909
3370
6233
1867
1861
1886
6856
2202
3373
7026
4468
179
599
626
2907
5391
3372
3507
6494
2978
2060
3600
4856
4954
2795
2209
2664
4126
887
2675
7129
3948
1398
6006
1459
4046
1004
5499
1059
1667
6438
51
7150
3949
664
5044
2804
2085
196
7017
3098
1198
6858
3121
3246
6921
3346
3502
6090
7024
917
1559
1987
4122
3862
1028
1516
2240
2255
1204
6491
5704
1009
5620
6231
6579
3004
6009
5392
2628
6703
1596
6160
6002
1171
2676
7158
1529
1956
4320
5561
6010
3122
2226
928
7134
3393
6018
1885
5708
5774
4645
4491
1209
2164
2796
4443
4618
3546
4156
3240
4628
3617
3399
2906
7125
1884
2900
1907
4956
1952
7021
3531
2908
6013
5625
3249
5945
6151
482
2975
90
4812
4511
3002
4743
465
3377
3505
920
3460
5834
2279
1026
5538
6368
53
6588
6429
2633
5836
874
1608
1595
3897
5792
820
2088
5027
6401
2790
1557
3641
2683
622
1991
2204
6065
3247
2083
1751
6377
4528
6251
1887
4516
1318
2160
3336
1008
1351
6409
1214
2193
3299
1524
5303
2794
1913
2792
1468
5968
528
1792
5570
6098
2674
4842
1403
6235
2943
2607
660
663
2591
2579
2390
435
6854
5292
3097
5696
5296
2948
5691
2011
12
7146
3852
4129
7022
3566
7010
3864
222
6998
151
7121
3548
4331
4024
3839
3648
7123
174
4186
621
2050
3893
6226
3288
3286
597
154
1732
5765
4568
3977
2724
5297
5052
5517
2330
5327
3547
5319
776
5256
3120
5535
507
2678
4854
1918
3603
5610
170
169
2671
5075
1200
2625
2622
4897
5130
3867
5621
102
5557
6230
1357
1421
3111
2514
3294
6379
2481
2884
1975
7153
4615
281
5442
1083
6131
4429
4427
1112
2824
1081
2201
5831
3398
5479
3478
2825
7114
817
3475
130
4079
2278
3500
5884
2780
6353
15
2196
3302
4793
4118
612
4089
1970
1989
5835
3093
4011
5185
3394
3892
1995
1022
7126
4718
7053
686
4155
288
2578
1866
5574
2616
6677
5471
3874
623
4033
5649
1203
1844
5660
1597
628
5663
3634
488
5446
6825
1267
6428
2909
5582
1111
3898
2904
3657
216
7011
6822
3094
5115
2614
5122
6717
3575
4350
2408
6406
1888
2866
4176
6879
3339
2229
4004
4385
4173
5795
2397
2873
2205
6093
4507
3472
6162
886
7079
5353
4514
2084
2277
4017
2842
4955
3535
5505
3642
1053
1312
4918
5048
2346
57
3192
1912
6192
3916
6863
4034
7027
3378
3981
5960
2208
2721
2805
1419
5733
6964
5544
3376
6553
3643
4171
1118
1217
5534
2027
4464
4133
3917
1476
1617
3149
4137
1666
2793
5040
2686
5622
5049
607
5023
3890
7111
4115
1418
604
3636
6096
6184
2332
770
4221
5333
5339
5354
6402
5377
2086
4188
2246
2241
2081
7159
2222
6407
3831
878
123
833
135
2192
5488
2170
2161
5476
4175
2670
5941
2375
2650
2646
2642
1943
7107
6001
1953
1431
2602
5993
2588
680
6506
2577
5164
2537
5194
5199
6552
918
5250
5529
5875
909
2067
2068
3865
1881
2141
1016
3320
6882
4704
4834
6126
3241
1386
5705
1379
1353
4334
1006
3347
73
5698
3606
7015
4688
7162
66
368
4513
1314
4759
4071
4779
447
1797
6832
3293
5857
3296
462
3297
68
6016
1810
2996
4805
5772
6874
6109
1389
4386
5806
4328
4672
2902
5636
1277
3928
2820
5829
4435
6237
4423
2807
2801
1127
3556
7003
567
2871
2875
1212
4896
4604
6108
5848
525
526
520
1221
3616
529
3375
5931
1745
2337
6495
59
3191
745
1319
3727
6042
4027
5295
3259
3243
742
2401
5518
2405
5514
5293
3245
5771
4608
6499
5845
385
2062
2066
4590
1400
3279
821
5911
5420
1547
305
6443
3483
830
4463
54
1070
50
3793
3477
1077
1550
5492
3455
3462
6415
5472
3468
5804
816
2224
318
5775
6073
897
5876
1699
2311
3918
5367
5372
6477
7061
6074
4512
7148
3975
1062
3314
6086
1241
3922
4381
6944
5501
3842
392
1755
2036
509
505
504
1914
4850
4096
2945
4030
5581
5614
4832
393
7163
1106
651
219
3583
1601
3006
3009
6707
6719
5070
2890
566
1882
565
1404
84
2808
4947
3623
5632
4035
5033
6146
1397
4915
1396
7117
6290
3620
606
5067
521
2601
3870
4821
3698
5160
1213
440
4705
4797
2529
3116
3562
3726
1784
6254
3558
3136
404
3164
5235
5237
3171
2020
5147
433
564
6362
4344
1984
1452
4733
1794
4777
1447
5628
6292
5470
1695
58
3810
946
5493
111
7101
33
4124
875
1656
1752
6223
921
1957
3843
922
7156
7141
4125
2100
6405
1593
5790
1600
5504
5585
1827
6335
1065
1625
1620
6234
5744
1986
5672
881
7110
1725
1998
5678
5521
3894
1788
6285
4021
5623
1994
5495
6236
1556
2826
2835
2840
1393
2870
533
2885
4005
6120
7023
522
1201
4333
502
500
10
4851
4847
6807
4846
7019
3624
3628
7029
171
627
1424
3644
176
6716
19
177
611
5068
609
5065
5060
4041
6005
5028
4482
6008
16
4492
2768
4495
2669
2944
2947
3138
4658
3312
4649
4619
6035
1342
3311
4575
3557
1330
4356
367
244
3253
3534
4529
1310
4520
1234
3242
4684
4015
1219
214
478
6014
474
473
468
6826
3007
4792
4758
4756
4734
445
6845
6849
4708
3316
3090
3110
6861
3561
1242
3285
2663
2653
2271
2275
2276
2291
6479
280
282
2321
6208
2270
4441
2374
2377
1495
6094
2396
2398
2399
5284
6517
2372
2659
2262
5388
5458
