5480
638
4092
4142
1405
4093
1403
1114
4140
4134
1447
5890
102
2388
4610
4096
1407
2221
4099
4147
1318
4076
4137
636
4149
7058
632
4131
4091
4593
1929
6577
3131
104
1115
630
4146
4144
634
2227
5757
1485
5488
507
100
5482
1444
5489
2225
792
2573
1404
4611
4005
1402
4594
105
4132
4693
2355
5300
107
3828
4136
4230
6164
3947
1111
1538
6589
1008
2579
2038
1315
5970
1314
2588
1116
1445
353
6721
5483
216
2226
769
1409
1400
2381
325
4892
3081
633
3099
2948
247
4130
2577
5598
4148
2780
1258
1537
3000
379
1083
240
1532
323
5849
4724
3347
6014
228
3943
3820
2392
657
1923
2228
210
5633
2578
4480
1913
1921
1408
355
3662
504
4590
4009
101
4141
4007
4095
3946
4135
5689
20
4714
4139
7054
1909
639
6584
5485
5397
4225
1110
5012
2222
5382
3382
6846
2399
2852
2683
7153
834
3055
2304
2345
4538
2583
4535
2347
1541
2364
2279
3264
7151
324
3093
1443
1442
699
3051
3558
4803
4004
4542
6585
109
1483
1087
3550
1924
148
1672
654
2229
4827
1545
372
2224
791
6451
2220
1773
3499
1535
5611
6195
2909
2391
2299
757
2270
3806
532
502
2276
2275
5376
538
3375
3386
7051
2353
3865
376
2906
3935
5004
3357
7125
3090
319
3098
90
637
1591
3823
767
5452
2315
4728
4000
4755
4697
599
1777
2384
4117
4006
1089
3222
5897
5826
1112
106
3559
2223
1406
875
4826
4531
4079
1764
6626
590
4487
5893
7134
6362
3948
1286
6188
115
1283
1502
3578
4002
1859
2259
5946
5882
1401
1256
2581
3080
5381
3029
3726
6946
5960
4086
3620
928
7053
4001
5185
6674
793
3573
2876
6724
612
1327
1901
6614
5161
1323
2386
2277
6092
2176
2178
868
3488
4138
4483
5695
830
4806
6543
2298
287
3268
6740
6885
1708
1449
4829
2367
481
1227
7040
2157
4828
2177
5941
2365
4759
4352
483
4912
3085
2260
574
6633
4825
1197
3129
5901
6368
1178
2362
7041
4911
5929
6354
4824
1026
2278
1023
6180
6645
2685
4792
4248
3005
4447
2351
5972
5110
3949
3591
1481
1656
283
1006
1662
1674
6150
6292
1324
1886
5758
3508
1753
1756
1758
5140
4071
4075
3644
6729
4104
3601
6013
5164
4700
6848
1497
1918
3377
1958
2905
7072
6847
2907
5286
23
2908
6749
29
3824
1533
798
653
2670
320
3945
5297
550
5394
4539
1009
4042
6031
4494
4080
5845
555
1769
3858
182
1734
3622
5565
3937
163
773
4023
50
835
4598
55
7161
3136
4595
3804
3150
3802
521
3801
7077
5733
1484
1506
799
5269
1584
3094
509
1468
3957
6281
2269
4296
1446
4540
2585
3376
6773
4754
4725
4962
2929
6612
2130
1316
4143
7124
6458
5000
6657
6778
4173
1311
6341
4751
631
3483
1191
1920
6963
5103
5796
1288
6587
5486
897
5398
7115
1971
370
1254
5544
3555
4918
6011
3372
5701
5699
1336
1831
1997
4105
233
442
5696
5136
6413
6649
373
3279
1865
5422
1869
4822
4721
2681
2919
5732
6418
4615
570
2477
4801
1001
4616
898
573
592
6745
4492
4490
3027
852
4688
698
6684
869
2582
3010
2374
4547
688
5694
6725
824
4351
2993
7070
4587
6654
3049
4446
5725
635
890
6722
671
4713
3352
3353
1281
1942
3426
5964
6588
1277
6158
1441
4003
1973
1261
1977
3399
1448
3388
3745
5351
359
6334
3373
6340
6547
3358
6282
5003
3615
4224
4227
6826
563
1655
1287
1750
4094
1774
1785
3628
172
1804
169
3576
6871
164
1825
1358
224
1357
4122
1842
161
1845
236
3640
3505
3646
1897
1763
280
282
1752
5984
3470
1927
6605
5388
2093
5906
5263
1190
5541
3260
1509
7111
35
5549
5555
1117
1109
486
4896
6623
2262
6233
5584
5590
3163
2292
1569
3850
1540
5610
1549
7166
2319
3106
3808
51
5266
6611
2113
4243
5532
6819
2151
6346
5515
58
4239
2159
4237
4255
2169
1486
410
53
3798
5290
1487
1720
1501
5337
1480
1489
7057
1558
1568
1588
7060
5283
6936
5352
1735
5360
1745
4663
1634
5243
1754
6277
1765
5279
4665
6278
5330
5719
6367
4736
5393
4977
2114
6775
6776
4809
2116
5510
960
961
1159
6988
4823
2175
5539
976
5540
4913
5637
6801
5582
5589
4866
2293
2296
6356
6359
2314
2318
2354
2078
4998
1213
2450
5704
5169
6298
5405
4717
1351
5421
5425
1896
1326
5692
1905
1319
6261
5708
1925
1284
1278
6746
2486
1954
1272
5455
6841
5058
1250
2034
6371
5007
2455
891
5099
5305
2687
649
2920
3495
273
4420
3487
4145
3484
2933
6169
2940
305
3462
3452
6461
3139
650
2904
264
4489
703
3635
689
3592
4098
2877
5968
222
5795
3512
2893
2896
3507
3503
262
4116
4174
7123
7119
430
3284
3082
3261
4259
5895
4268
3056
3095
6628
4297
7099
3123
3162
3157
530
3202
3639
6646
4242
2990
6452
4195
3394
617
3378
615
580
5942
6598
385
388
3351
3022
4223
4226
5818
6037
3140
3652
4008
103
6204
4541
4543
4548
6546
6494
85
6393
6152
3954
3953
4509
3782
3800
6099
2716
59
761
3809
762
32
25
3829
4618
3832
3916
72
3707
3797
6476
4499
4507
5277
4950
1770
6613
3825
1515
3286
3536
27
2173
5530
5535
4256
444
4919
1170
6818
4972
3821
3807
5380
3944
5484
6036
6827
7162
449
4994
4234
3317
4990
5496
4240
417
4241
4231
1518
6474
4916
494
3196
3934
3851
1071
4311
10
5591
3927
3167
1546
3655
6505
2291
1054
6798
3201
489
1534
159
3253
4910
1121
2212
5288
1113
4999
143
3220
1102
6621
6622
5178
5568
5880
6618
5253
4084
1354
3742
5190
1907
1821
3572
275
6300
1908
7154
4045
1310
286
5199
6565
