5485
236
2353
1922
5406
6063
2526
230
2393
3380
2787
5676
5670
5674
650
2288
6195
6070
2391
2780
2523
3384
2785
7050
114
5595
4937
4668
3828
7062
5422
1504
2392
2675
1562
3129
6062
3005
5847
890
6068
5896
450
72
5381
3857
5881
5589
1924
2525
1997
233
5899
1996
3712
70
2394
5963
6985
5671
6516
6505
5897
4632
1845
4594
2367
4068
6869
6866
5849
4569
4746
2577
1094
2364
1338
2163
5019
353
368
4665
2676
4042
4061
148
1405
4034
2124
2071
5480
6758
2660
5890
1926
4134
4832
7124
4320
4610
2462
3550
2395
6825
6950
2522
4795
1156
4938
7169
5063
232
376
483
5984
575
582
5902
637
6804
674
5690
5619
5427
869
5134
1071
1166
4239
6669
2802
2662
4693
2934
1799
3163
1758
2524
2420
1546
2396
2115
2304
1537
4131
2212
116
1333
2278
1402
1379
2781
2360
2745
6426
2674
2274
2130
2152
1992
1995
372
2127
237
2549
2298
2527
6664
5968
377
2510
2455
6660
2397
429
496
484
617
2283
5960
2521
1226
2786
3804
3829
4091
899
5350
5219
1403
3803
5015
6667
4931
1334
1111
4806
4414
4593
4153
1929
3800
5429
1913
2813
670
692
724
3264
3289
1536
1672
5615
3558
5594
3645
3653
1582
835
5617
2866
1090
6885
6723
6822
6737
6748
20
898
7051
1644
6511
875
2727
3618
4760
6255
5358
6534
2673
4707
3655
639
6061
3223
5476
2571
7107
2677
2783
3536
321
5056
5017
3237
1001
1740
5183
5938
3293
3304
5940
5254
2560
4874
5969
5970
5974
5901
6757
5980
4851
3501
2852
5893
5355
2980
90
1983
2348
117
498
675
6731
456
6108
5668
6662
5672
2132
6119
6814
5685
105
111
715
231
470
711
1394
695
481
4152
224
4227
5588
5546
3220
27
3820
4441
653
1236
5513
2399
4531
1518
1404
4694
1720
5942
6065
373
3593
1336
3809
1544
4991
5935
3239
3802
4639
1538
3726
3782
5971
3611
4803
4004
1634
3627
4843
1454
6188
1535
1409
1668
6247
1315
4744
3827
3491
1506
1568
697
4751
4611
6436
5094
612
5783
325
2034
896
5375
7057
5408
2363
5592
7059
2385
5352
7060
5840
654
2433
5841
2666
7098
830
2564
2503
644
6567
7115
659
2135
7039
5304
703
584
3150
225
3141
2216
585
2234
5188
2154
5215
691
720
598
5234
5845
2282
5904
5283
1853
5911
4536
1324
5640
677
5511
5843
4256
6107
5739
6819
4327
4535
655
4533
6816
5793
5758
717
4440
5598
113
4234
4697
5497
5356
1112
5898
929
5909
2180
4896
4897
1113
5250
4941
5198
5182
4225
1054
4999
5006
5110
4939
1116
4845
895
6828
4658
5482
5866
1189
1025
4704
638
5458
4722
5880
4749
6834
632
848
861
4798
4800
5407
4571
4220
698
3153
6613
1605
3640
2726
6962
310
3230
7055
1569
3704
2371
2369
2670
6244
2368
6517
1532
3591
6380
3368
2672
3392
6547
3405
1688
6533
6573
300
3497
3309
79
6368
2681
6289
2426
6430
2663
6645
2316
3032
3010
457
2151
6686
1847
4075
1852
4128
2158
2936
4150
7015
2931
4043
3049
100
2812
3807
3055
3069
3943
320
4036
2837
897
5455
2782
915
5361
64
5451
1920
2862
1935
150
2679
5384
5394
1925
2775
5360
4171
2468
7099
5604
2346
2344
2117
2343
2342
5647
7157
734
2296
2143
5697
5701
4
2153
2166
2225
2221
2178
762
5599
2352
7151
2573
2559
2014
813
5510
7130
2486
925
28
2648
2421
22
791
7138
790
2381
5548
5581
5582
5593
2072
2888
5135
2899
1514
4539
1524
3805
4590
3794
220
4687
1502
1564
1576
4701
84
4705
3650
4709
6867
3643
1187
3947
3972
4484
4158
4157
1396
4238
1397
103
4110
4092
1323
1443
4322
4065
4064
4330
4410
1286
4437
4033
3979
1607
3614
4802
3577
3261
5002
3238
141
5022
3226
3210
3151
3123
3117
994
4195
5145
3079
970
1831
2988
1859
2935
1745
2892
4995
140
3573
1659
3520
3499
4852
1686
4855
4866
3396
4892
3389
3359
3354
4908
4936
6843
1722
3351
3324
1741
4077
222
412
5939
238
6053
6666
6665
6690
454
5786
6803
6657
480
6204
182
234
6739
411
413
339
657
6800
370
6753
419
580
6594
422
6092
634
571
6512
5924
6668
6698
5757
6490
229
693
396
521
5184
6072
3671
2561
3382
5138
379
6977
1998
4743
1019
5380
3651
6044
3644
71
2868
337
6842
118
5382
4538
5400
620
1168
2507
6306
4837
3352
5423
3783
4446
2025
1271
2818
3716
978
5047
5055
5140
1567
4723
866
7112
1261
2550
3356
3701
2551
3358
319
1015
1192
4699
2678
5300
5298
2907
6285
5285
3409
5130
3576
3471
1958
3556
1161
5266
5221
520
5259
3570
6515
1197
597
3569
313
1687
6249
583
526
1860
2645
4780
527
5892
6539
1614
6463
146
5341
3391
7058
2784
2932
6537
4436
3551
1965
4765
922
5310
6504
6532
4635
6761
4617
5930
142
5667
214
7165
6431
4891
2287
6921
5623
5750
1099
4861
4859
2319
3105
6696
5597
5596
2119
4976
4222
2113
1756
482
2358
3333
5825
1753
4114
4248
235
3
104
6181
4895
694
6752
3222
3224
1390
359
1388
6679
2
6699
4935
352
4130
4151
108
4122
5694
1417
6811
6131
2159
3148
169
4117
4159
4854
5585
5499
3825
5994
2070
1310
647
646
2422
6363
2431
5488
5487
1515
5004
4325
3018
3311
3808
3806
2050
1841
4366
4388
431
5457
4404
2488
6017
6116
5521
323
2079
3939
3052
3901
1825
4996
662
261
2377
5839
1481
3934
5527
3288
1056
570
95
795
1119
360
3495
5978
3328
1678
3340
3494
6717
6746
3387
1735
4761
4858
4784
3363
3492
556
3234
1155
1704
6376
1765
3400
381
4069
388
1483
4260
