6895
6139
4406
3448
6141
6715
1605
3879
3177
1778
6133
5472
6890
6137
5239
6897
3438
3872
5341
6136
2051
6148
684
5903
336
4259
3871
1440
6896
1851
6149
6029
3885
6130
3877
3315
1611
1600
554
3875
5344
6143
462
1028
250
5988
3749
199
5072
3443
243
1029
4408
1202
5136
6316
2107
6416
3543
4151
4159
6995
3432
6084
5332
3449
5254
1025
5114
4060
4139
197
6140
5644
5051
688
1013
2717
3446
6341
195
1377
649
1376
193
3916
3751
3750
6998
5345
6259
931
1601
4611
3174
5153
4066
3815
6944
6872
2610
6145
3870
2821
6138
3544
3657
3328
6441
1284
1702
5494
4581
2826
491
5465
6134
6704
253
2825
6027
2177
6474
1074
6142
3893
1282
6147
6996
191
3506
1287
6722
4440
6080
6903
6343
6196
5921
2105
3545
5377
3436
1608
7110
4604
1441
3441
1580
2958
4792
7113
2487
1449
6717
773
2711
2528
642
3245
7123
344
640
2462
6718
1721
6982
52
1723
618
7126
1022
4754
2216
364
2614
5777
6768
4651
6931
3813
3748
564
294
5868
6435
2108
709
3369
1372
1375
15
6707
4285
6902
1384
4871
3439
5862
5569
6256
4155
65
1784
544
2003
645
6518
4580
4507
2750
5995
4608
2715
2576
3235
2032
5933
899
5534
56
5339
3547
2600
5134
51
6199
5347
2109
4961
869
866
6745
1196
675
2832
6438
1575
6439
345
683
5908
2724
2827
4726
6815
4254
267
249
2230
4715
192
2040
6994
3500
3475
6716
6379
3310
6034
5163
4124
3508
4400
2284
1413
801
4886
2659
6710
5040
6496
7017
1370
130
6780
6706
5092
2056
1412
1750
6534
5754
1021
1486
727
3058
5573
1099
616
6763
6347
2925
6943
362
2090
5626
3538
3179
1273
1097
1903
391
3918
1098
3668
1018
3050
5348
1055
2034
6251
6257
932
2126
994
6240
6765
3447
5370
6376
1042
901
1135
2854
5401
454
3931
3938
5449
1981
1980
3964
2704
2702
3171
3959
2989
5275
4595
772
5159
1378
1371
5681
1360
4774
4888
4589
6031
174
1474
3540
3541
5746
1607
1604
14
648
1650
681
5812
4324
4011
5642
1677
1545
5911
4350
2723
5916
4251
704
708
7117
2729
1854
6464
1320
3873
273
6437
6934
4465
2822
864
3707
6436
2589
315
3496
207
1858
5340
256
6719
5331
4463
263
5151
6443
1920
494
5179
863
3549
4079
5132
492
5343
517
3944
671
6752
499
3605
6348
6586
947
714
2923
619
820
3951
6713
6383
823
918
578
5346
5333
549
5155
775
5236
4587
3502
6700
4596
468
3934
2171
5144
6374
3531
540
2287
6730
6702
5093
1623
3836
6921
4154
4935
6153
3288
1955
1183
4950
6004
5531
6925
1729
1340
1725
3895
1979
6904
7112
1158
3897
2645
5622
1485
6900
286
2593
4910
7051
3032
3745
2625
3747
1864
1909
228
110
194
6947
1448
1453
251
3756
5568
6127
1234
265
2598
2596
4460
2710
203
7116
4264
2727
2649
4828
1061
5044
2880
4887
2069
4779
4425
1815
1039
6830
2759
2673
5819
5871
6315
1624
1001
7127
5659
5502
2686
6211
347
3320
3071
6228
5476
5918
2713
5475
5459
5458
1093
6880
4250
66
4861
5776
1355
4361
6318
1385
6514
5696
1419
5279
4178
4403
2254
2121
3287
6526
4283
3225
5816
676
1583
5813
3247
3248
4349
6557
5784
699
5934
4363
5756
721
3542
3284
4821
1476
5956
5975
2283
1781
5283
6083
4017
2184
3079
5505
3077
2175
908
4141
2039
6390
1090
6241
6247
1080
4136
4069
1073
5453
6342
976
2106
995
5383
3444
5189
3472
2144
5441
938
5447
933
1062
2099
6413
2193
1978
6051
3131
821
1326
3339
6033
6082
5647
805
5306
4422
1363
6498
788
3139
4592
3355
1280
2194
3081
3082
1180
1194
6146
1286
6144
6114
6111
4035
6110
3362
3359
6447
5187
2762
5186
5077
3917
3915
6839
5048
5157
2687
3649
6860
6825
4703
5116
3663
7033
3734
6893
3732
2748
166
312
2383
3623
3622
436
514
4654
497
2920
531
3819
6767
3759
541
2460
3933
460
3758
550
3838
3592
7087
443
2476
4692
6712
173
4764
3957
516
641
4817
643
644
2764
3876
2601
198
190
264
7163
2350
3803
208
200
2623
6927
7002
992
4462
6121
4664
6411
6120
444
6756
3762
3297
3754
1753
3370
1496
490
6334
4453
5945
1007
1762
1445
6819
2092
3437
3625
4062
4447
6831
3305
3753
4662
5086
1928
3282
4667
3283
2161
202
2157
6076
5101
3286
6772
201
935
4577
5744
2112
242
5948
3366
945
4753
1739
246
1747
3752
2123
6346
6789
1252
447
6340
940
6834
3098
3170
2586
5507
5504
3669
6928
3733
1852
3685
1379
6214
1129
1128
1816
281
4723
1994
7023
4880
4735
6036
6913
1333
6157
5645
1841
6030
5482
5651
1969
6180
3084
313
4149
1976
1977
6922
1810
6016
352
2875
257
6250
3646
1937
5996
3743
6248
5991
1932
4846
196
1774
3040
2833
3435
4125
1026
7041
5640
6234
2033
1102
2592
6887
3658
1797
3105
4712
5018
6245
5456
2043
3740
3057
1075
1091
5424
3176
5759
62
2310
63
67
701
5829
7128
797
5230
1667
2358
6448
2751
6648
6708
3806
11
1602
2212
2276
610
3236
1695
3590
6469
5149
4837
1652
5857
808
547
807
5248
2369
4252
3241
1655
6711
1658
1571
5156
679
794
4028
4364
6731
4365
782
3812
76
4826
2741
3560
6695
5891
4239
4016
5902
5272
4628
2275
646
4653
647
4829
771
73
5772
1670
3833
1368
3332
324
6023
4962
7016
3730
5160
2042
4848
2288
5269
6197
6009
5885
2794
4413
3063
2273
3661
4960
3739
6531
2985
5809
6006
6530
3656
4478
4144
5491
1561
3535
3243
3401
1382
6242
4625
6002
2376
378
4140
6666
723
3351
6583
4613
