5494
199
4957
5492
2714
1849
1360
5341
6068
362
4462
3297
5497
2829
1384
5345
2822
3657
4789
2589
5498
1366
1253
6351
4406
1365
2826
6694
3441
86
5493
1959
4684
3669
1025
714
3651
6211
3664
5818
4656
5024
4655
1385
6138
72
6349
1900
5647
126
195
2494
6454
1575
6142
3608
1670
1973
2500
717
3812
6323
110
347
1236
4253
3137
4939
2956
4932
3
3872
974
3585
3314
3833
6217
1755
5746
1278
193
6222
5778
128
114
5782
6998
4324
6321
138
3132
2463
7122
5146
6065
4718
6148
4320
4651
464
6764
3659
6062
130
1
1028
3244
5997
3391
4956
929
3310
192
2370
5991
5973
297
3919
2369
191
2377
5479
6025
4256
6511
3568
4938
1567
2823
1750
4016
6818
1273
2673
4826
5396
5495
3752
1556
467
4202
111
113
2797
116
1602
3676
6763
4441
364
3400
5992
2748
4955
3494
2872
2390
5775
5331
3650
5335
2283
3319
2519
5695
2529
5786
2122
3653
4751
5293
4013
3235
1062
6232
721
3693
6822
728
3819
4465
6758
6364
3668
1702
94
4260
1382
6717
1617
6693
1427
1543
4408
4367
1361
4631
6893
1563
925
312
4066
3663
4017
7121
4654
7098
4645
2059
4828
4829
5101
1453
6648
4899
5109
6573
2
6533
3233
3817
1428
5023
5236
2952
4965
2972
5232
6965
1063
4172
1092
5132
5499
3032
5338
7110
5148
5344
945
5347
5334
3153
3658
2112
718
6255
3606
6234
6228
201
6221
197
196
142
6208
1938
1955
2332
6140
2276
3654
5938
2171
6134
6121
6084
4682
6327
6348
123
639
76
6506
3754
5584
2617
1605
5623
5636
2598
6438
3486
1619
3545
4460
1675
4396
3660
4464
3291
3699
404
4204
5022
4687
3541
5015
3542
4827
3444
4978
4784
4650
4752
3916
4764
3665
4323
3369
3870
3815
4163
4121
633
1993
6010
2125
5935
2274
2359
200
6712
2462
6718
5756
5748
6478
2525
6760
6813
3240
5674
1982
6137
1603
6447
6414
6382
1561
723
719
6241
1866
1906
1912
6216
6212
1936
1951
6111
5662
1364
263
906
5119
5125
5131
5143
5145
3149
557
5237
5
7087
5348
2821
2796
2794
1601
2753
2610
2618
2764
2657
7033
998
4000
1332
1562
3856
1557
1549
1085
1370
3951
1465
3949
3927
3926
3810
1388
947
1234
1537
1533
992
991
463
3880
1395
1189
3222
729
3536
2717
600
2787
2791
3398
2825
2828
2880
2895
2923
2928
3031
548
3178
2653
1756
2608
3557
1841
726
1958
2091
2105
2129
675
2316
655
2399
2464
3605
3601
2577
3561
622
3584
869
5759
53
6695
5732
4642
6586
5742
283
4723
5792
4738
5248
4743
5195
6522
5190
5857
6448
4976
5079
6196
6015
311
4961
6722
4833
6287
6318
5875
6355
6410
6439
6283
5291
282
5343
4018
4019
432
5538
7080
5573
4151
4577
5456
6917
904
6913
4272
6907
4337
5012
4365
6749
4366
6793
5385
5649
2152
2675
2570
2679
2684
2145
5995
2526
2723
2121
2116
5534
5697
6029
5979
2175
5677
5635
207
5804
5807
6051
2490
5593
5812
2619
2502
2352
2340
5862
2288
5736
5864
2277
5872
2664
5861
6325
6082
1469
1468
1455
1397
6677
50
1368
1362
6768
6800
1272
6836
1235
1195
26
6978
7050
825
7059
15
7145
7158
923
910
7163
6571
6556
1542
6555
6097
1941
6206
6220
1880
134
129
115
2732
1843
6326
1781
6070
1780
1677
6419
6426
6432
6436
83
6501
6514
6523
1560
6550
1545
6358
2736
4011
4205
543
5098
3221
3174
3661
5113
3166
3159
5133
3518
5153
5186
3092
3016
288
3750
3751
4680
4681
4686
4720
4822
4804
3443
4797
4769
3417
2752
3555
3759
3389
354
3359
3349
3600
4974
5074
316
3652
4971
4363
4612
511
3838
5471
5372
5371
2854
4249
4322
5390
4088
3915
2886
4085
2763
4158
3873
4200
254
6537
971
6510
4755
4150
4741
4753
4746
1600
4748
6525
6517
3877
7131
4757
1729
6412
1700
3934
918
1673
1667
4756
1638
4125
1618
4128
1608
3556
944
993
4759
7037
6866
1001
3677
3686
1158
6729
6730
6745
3697
4469
4361
1196
1307
1290
4467
6834
4435
1197
6837
1380
4596
3834
4628
1531
6994
1233
1040
1061
6575
1461
6966
999
4652
6642
6643
4643
3666
1072
1083
1393
6679
1451
4667
5532
1763
2524
5263
5256
2515
2509
2504
5741
2887
4012
5255
5694
2489
2472
5760
2927
5250
2437
2406
5801
5802
2384
2380
2474
2572
5379
5659
2742
5504
2759
2768
5543
2783
2784
2678
5547
2670
5470
5557
2793
2631
5442
5414
5621
5622
2799
2606
5645
2597
2593
2379
2361
5179
5156
6147
6153
1952
3341
6205
6218
6219
1904
3392
4847
1864
1860
3402
3405
3409
1847
4830
1845
4825
6343
6347
3446
4807
6136
6357
3315
2051
3138
5863
2287
3154
2278
2270
2236
2219
5892
2214
2212
2211
5108
2156
5999
5092
3236
5081
6017
2110
2109
3312
2058
6076
6244
7169
782
117
70
513
629
58
8
744
439
122
92
194
144
19
491
620
203
363
680
770
767
597
295
290
711
289
5239
1917
792
2877
5571
2862
7085
5147
2094
1060
3656
6944
1920
5187
1367
5550
7099
1776
6213
59
4806
5533
6375
1347
3343
1086
3567
140
5562
2107
2819
786
5734
2750
2755
2765
1741
1399
2767
7148
1742
1396
4725
5679
1022
6188
5154
7147
5673
1759
4767
689
2114
734
1043
1334
2120
5627
357
5637
537
4740
3684
1378
5505
3558
3344
4973
6329
4991
518
4998
5361
6769
5001
697
5337
1992
1187
5235
5014
4970
3415
1984
5026
716
3145
6762
121
1863
3157
3397
6750
6748
1869
5070
3394
799
6243
3061
3050
1239
52
1950
6802
2949
1328
6367
1322
510
3739
2970
1316
2978
127
1191
5436
2036
6784
725
2023
