467
682
6810
5508
6813
5635
3243
4779
6328
5639
5504
1956
3245
5170
689
3240
3480
5503
57
2830
6377
60
4427
4074
19
66
2161
6870
683
6017
2283
6023
3097
3130
4718
3162
3164
6446
3037
7017
1019
680
213
5500
5921
6496
2834
6713
3246
1958
281
4620
5044
5175
6818
5866
1084
4314
5172
1870
5865
6010
1617
6817
5630
5330
4645
3483
4651
5505
3980
2286
3887
724
6436
3291
5337
721
5537
4255
466
6246
1959
6580
1957
13
2271
2685
4682
2487
5636
4627
3945
2835
5148
3890
3485
6468
5863
4189
2091
6463
463
2561
5342
3033
6379
1234
3739
5111
1834
3881
6389
2240
3472
5133
5539
4953
4331
3942
6241
2083
6444
5501
6443
784
6018
1235
6231
6464
6717
461
2340
5861
5864
2254
5797
15
14
2289
4901
6493
4755
4760
4476
6442
6448
1233
6374
647
4684
2507
940
5982
2043
5333
2495
6462
1611
1014
6412
2244
135
469
2597
6016
3034
513
2609
10
7071
3241
16
17
18
2583
5045
883
2755
5775
6712
1563
6029
2498
2044
1124
4835
5394
5924
6400
1088
6118
3749
3622
5146
3586
3563
5185
3842
1840
26
3484
4680
4654
6432
3461
5022
2017
791
652
1784
660
2490
2493
1755
686
3476
4488
4681
6375
1140
4773
2837
2689
4717
4424
4774
2924
5632
7122
7117
4411
4783
4346
5565
1427
5931
2872
2833
5341
6894
6607
5502
1236
4742
299
5339
5535
2499
715
2688
1575
348
6642
3031
3929
3920
1353
1045
5322
6253
21
7142
3880
3481
29
6244
1345
4333
6405
53
3486
6434
5776
4435
11
5130
6474
4624
6121
130
1212
6538
2971
6348
450
6013
1453
6221
136
6015
981
455
457
5469
3647
5124
3311
6714
729
2046
4785
3762
6876
6480
451
3727
5868
1805
3443
3349
5928
5153
5165
454
1802
1951
5070
5927
5783
3401
5828
1086
505
20
3748
138
2774
5191
5862
3648
566
6097
493
2401
4740
514
5048
2838
3680
3517
1906
2729
3866
4438
1511
6371
219
5533
3248
1232
3247
4689
4955
52
4952
685
2619
2273
1516
6240
1024
2497
640
64
6344
2059
6179
2505
4782
4089
6049
673
4856
676
6053
1792
4842
2288
6743
3292
6409
4493
2562
5315
3030
649
7060
3266
5733
1043
4160
7025
6022
1089
2737
1189
2287
6340
5149
2285
465
3120
5107
5108
3160
750
5407
3137
1160
6027
5132
5829
6025
2281
2295
5144
5889
1237
1230
2030
6796
1064
6641
5204
600
5869
6085
1150
5254
3293
6648
3294
3346
5884
3296
2482
1059
6440
3588
5922
3249
1953
726
535
5558
710
3223
2041
5334
5867
3244
6425
687
2724
2836
2492
5507
6814
6811
560
782
3167
1803
4425
6126
6249
3861
3766
4152
3760
6877
4433
6208
4125
7110
4770
4714
1732
4421
5032
6248
6134
4334
6898
6140
6237
172
4756
3814
4378
1670
462
4748
1608
5049
7024
4741
6142
6180
4776
284
1505
349
347
343
340
326
58
63
3897
4031
6985
1808
4938
67
4711
3884
3886
3883
3746
3957
6019
6447
3303
3039
6677
6026
2018
6671
6445
1734
5494
3210
4929
4918
4850
3995
288
5336
4858
6398
6703
4129
4047
7022
287
6978
6719
3126
1387
681
3122
6169
3257
2062
6416
6649
7123
2601
6596
1561
5717
6528
1550
4694
6349
2535
1018
2529
4687
2282
5778
5885
1047
6320
7145
6321
1060
7148
2429
28
25
2404
1078
5822
50
4480
2280
101
6646
5534
4350
2185
2855
6441
2205
2839
4391
150
6629
5562
5563
4426
2763
910
2762
5609
2255
2721
936
5634
6257
6608
2680
6258
6514
5661
2277
199
7090
5860
3518
5245
3730
5135
1349
6851
1894
3482
3839
453
3819
2373
3888
3734
1905
501
3487
3838
5252
6875
458
6873
3813
5145
1889
436
5210
5174
3873
1917
1322
5024
5168
1303
5270
3743
3523
2600
1128
983
775
123
7023
2258
5075
4854
1012
6431
2202
6202
6203
1695
3872
2586
3154
1003
4370
5538
1556
2722
1557
926
3549
1820
6599
3644
4252
7076
4256
5648
5645
6605
4338
2263
5139
432
2683
6360
7113
4723
6096
4453
188
1849
2885
1965
6094
2275
5198
964
6091
3836
6228
2055
3036
4830
498
1627
6230
4248
5432
2617
7068
214
5442
7070
6650
6102
5531
3641
4441
5532
1309
6089
5913
2246
2760
1058
4429
3260
3418
536
3560
4747
4578
5780
4576
4006
1044
4101
6171
4016
5027
6173
1478
308
6125
5156
7168
2
5259
3
1354
5023
5590
7
2790
1083
1081
2402
342
3733
5814
1358
1072
3295
2424
3958
5940
678
51
3465
3467
304
712
713
6178
4934
717
3754
1026
282
3475
3671
1534
2320
3810
5343
4927
5987
1729
875
5338
6482
2045
6399
6346
289
5201
6454
3676
6292
878
3460
3738
6731
3686
62
4567
4382
2506
127
6367
119
5143
2765
133
5633
6835
5607
1589
5923
125
3751
915
6251
3768
932
4349
6838
2311
3674
5887
4686
69
2496
3737
4574
5883
4582
2485
2484
3735
2480
6859
6557
2451
1512
4655
7157
2411
6325
22
12
3731
4637
4629
6280
5916
2538
5737
4454
1949
3750
1880
4472
5649
5663
5680
2638
6603
1882
2615
6259
4725
6598
4489
4501
2589
3649
2585
2771
5131
3741
1555
2566
5919
1544
5736
4484
2581
6020
3864
3868
6215
5328
6957
3132
4855
6145
3127
3841
6024
568
3118
1214
1360
1683
3077
3076
1681
7033
6217
3050
4197
5418
4205
6229
5025
4244
796
5235
6082
5447
7009
3272
4954
3996
672
4030
1991
4039
4948
3989
5207
365
4053
3229
4065
1239
3221
3259
1782
3474
1737
6998
6802
4088
4926
3985
663
6806
4917
4915
3169
7005
2104
4217
6950
3948
5977
6656
3337
2016
4768
3343
6644
3344
6138
4358
6489
3348
1297
4335
624
2208
