5507
4289
2832
18
17
4627
4283
3248
2760
2762
6374
11
4284
5531
4282
5336
5505
4288
5449
1242
3245
15
2830
19
5204
5442
5502
5771
2340
3247
3241
2271
3249
16
13
5333
6379
6441
12
2839
3243
5441
6978
6444
2834
62
2763
4286
2838
5210
3240
6677
2837
5878
2769
4620
5444
4621
2659
6377
5158
6014
2836
6439
2320
3397
6389
4281
1956
2541
5201
6580
10
6574
66
6015
2253
2562
2083
6544
5447
2768
2833
4779
7142
6448
6012
5209
6496
1461
5503
4285
1911
1241
5879
6378
5153
4718
2755
5807
3484
5979
2254
4287
4629
686
6541
1199
5339
4427
2244
6586
4101
6716
2555
1342
5853
635
2161
3244
5806
1464
4776
5212
3483
3517
5211
1912
3401
1195
6256
1348
6483
1985
5764
7119
5796
2831
5096
620
3762
3843
3391
6004
3246
2565
2906
3666
2263
2596
2867
1356
2085
3601
1466
4982
6032
6501
1916
1467
5696
5506
5600
7145
3006
7151
14
4768
6583
3464
4769
2569
2920
2006
2286
2601
7009
2072
5855
2003
4121
3444
5798
7057
1351
4773
2589
6802
3393
5185
6011
5783
6717
6221
5018
5040
6253
6584
432
6354
2452
3007
1611
3395
1602
6373
5156
2489
4932
2551
3848
5448
3713
682
3711
5760
2593
3709
1567
3705
1552
2600
4446
5874
5870
5858
5851
1069
5432
6013
3847
983
5537
56
600
6868
1967
5253
4123
279
2961
5804
1982
3665
5818
1915
4580
5539
1914
448
1051
1910
7157
6556
6551
952
3785
1901
3777
4501
4293
2766
1463
2765
1984
6693
1917
5390
3660
2581
2114
6375
2503
6010
6260
5125
1542
4981
2082
5372
6212
739
3394
6533
3545
5250
6536
1141
3230
1928
629
2266
3788
3480
1673
3773
1167
3216
3467
4006
2198
6208
6246
4988
3418
1909
5602
459
2270
463
1193
1092
4071
5803
731
3924
5941
714
4127
6474
3770
5437
2128
5445
679
3960
4052
5687
1789
2276
1138
6025
6027
3710
3399
3386
2617
2685
2547
4354
7008
7017
7021
2622
2835
1365
1462
4619
4812
7113
6682
3000
7110
4626
196
4601
2592
4741
2688
4581
1246
6760
1243
6029
5777
3708
5782
2810
1604
3699
7033
2004
4120
3462
649
7098
5719
4612
625
5697
2979
6477
2164
5695
1341
5472
3510
2984
4367
3503
5809
6021
5978
6979
3948
134
1545
6864
684
2084
4444
5308
6957
3415
4774
2864
3622
5876
2540
1165
2255
2066
5859
4138
2264
5393
2269
2896
3643
6333
3396
3888
4057
3518
4219
4258
1968
2764
3212
4985
3842
1913
6577
4213
344
3190
2432
5607
7149
3841
1468
3213
4218
3827
4562
1919
4983
2459
3162
7117
5997
4583
3664
1762
4641
1063
1133
1074
4183
2262
3893
6958
1173
5246
5205
4270
1465
5411
5484
2251
2073
5012
5232
5318
1121
5332
3463
2100
3603
2219
2129
3606
2733
5551
2087
1196
1421
5553
5921
1428
1089
946
5884
2683
1537
941
2545
2241
2604
1541
6234
4215
2230
3189
1059
6493
311
6916
3561
6754
6915
1705
2869
6433
5500
2422
2781
6734
6729
2168
2456
2971
4956
3718
6469
6648
6039
5259
6694
5256
6482
6714
6699
63
4742
3543
5767
2509
5438
6559
4031
3669
1531
5805
6370
1168
7049
3217
3701
2629
4966
5257
3090
5435
5792
6924
1000
4177
3967
2563
5793
6547
1240
4564
6023
1140
1563
6043
6026
6037
1784
3527
681
5313
3540
4582
651
2690
6948
3566
5570
2120
4464
2761
5440
7081
849
2786
2785
4466
3759
2782
75
1966
5717
3715
4478
1993
1022
3750
1516
5491
1989
1981
2657
876
7105
7069
150
5627
2016
3940
2103
5942
7152
3815
5565
3778
5383
7025
2736
3776
3642
1469
3650
5828
109
1066
5813
1941
2753
3885
2754
5795
5794
1863
5436
3073
5534
4341
4783
4011
4050
4126
443
6778
4275
6603
6213
2194
6767
6893
1175
2559
6367
1280
6676
4294
2929
3369
6252
2502
4355
6758
2924
4348
3266
3198
6257
3191
6259
3354
315
3461
1603
2542
3367
3468
3050
6082
4051
6683
2549
3076
1366
5085
3504
3507
233
4960
6890
180
2160
2877
6476
3416
1191
3166
3263
4754
6656
4987
6715
6491
6810
6417
6531
4171
2989
3989
6353
823
1726
3383
4280
6779
253
3771
1631
1533
2621
6348
3667
2520
3890
6799
6798
2508
3688
6369
6562
993
5623
5802
98
5434
1357
3008
2299
2015
2972
5108
5640
1874
1958
3265
6532
2345
6710
5636
6696
6691
1979
1010
1969
6681
4172
3756
5493
5659
1012
5790
2321
3232
7054
1608
5785
2799
6396
5780
6673
2790
843
278
2636
4108
5759
6757
462
3356
2925
4469
2310
4122
5190
6565
3513
2362
5981
2202
3178
4745
6200
3576
6205
1160
1808
951
1661
1553
4041
6089
2902
3587
6662
718
6996
1551
945
2218
3176
197
3557
2865
6112
4748
4738
1651
6956
2187
7154
1559
2588
683
4896
687
6626
3945
3568
3569
2197
3571
3465
2091
135
3446
2572
3067
2817
113
7023
1961
622
5590
5397
2258
3823
4588
3895
626
7132
3398
2571
3658
986
3074
7141
7
3490
2880
5248
2088
4772
3608
5222
5218
1100
2546
4201
5216
3913
3908
1827
6250
747
1091
4378
5373
2609
6842
1085
4986
4251
989
5522
3804
4585
1894
3822
5070
1328
4276
4539
5058
5066
4185
987
5073
1637
4053
5494
1738
4651
5217
3923
1105
1106
4771
5335
4042
5331
4039
5329
5231
1801
4023
3942
1124
3985
3980
1400
5251
1163
4740
4344
4001
5247
1172
3964
1560
5242
4358
1169
4176
3904
4789
1008
4505
1876
1694
1617
1872
1870
1347
4291
5443
4080
4059
5168
1607
4630
3881
1361
4332
1840
4323
1367
1070
5412
4786
4637
1062
1844
4454
1362
3882
5429
1734
1780
742
2535
3218
404
6891
723
720
3600
2107
2346
737
2576
2862
2121
6464
2126
3306
7099
6445
