5055
4795
4566
4799
3681
1829
6092
2297
2291
4790
1495
4569
235
1497
2298
4397
1722
2294
2293
234
4794
1963
1825
5739
6842
6771
7079
6841
2296
3598
975
3010
2758
7070
5920
81
1827
5056
4792
4798
4791
3688
2513
2031
2961
3726
4399
3858
617
4977
1504
6659
7057
1492
4788
4560
959
3970
232
1439
2962
3945
483
4669
4796
6198
1274
6190
7078
1688
4561
4965
4967
5486
6098
2897
238
1828
5301
1823
1471
6860
6451
4564
5707
856
882
4277
5700
75
3012
4978
2477
6606
303
6846
6610
2239
4676
2928
5277
2292
6061
335
4597
4963
6199
239
5598
5610
3912
5670
1796
1490
1821
5676
5851
482
3685
1631
5709
4895
838
5705
1209
2462
4979
4590
1769
6624
2256
2290
6204
1686
871
3695
5666
4660
3728
4661
958
4781
6099
2350
596
4677
6619
1899
4952
5033
4592
6644
6776
976
233
6635
404
4069
3512
237
2121
4668
5271
692
4176
4665
5031
188
5028
6538
6296
4972
1071
4678
304
6618
185
6274
2741
6621
6958
2577
2681
4662
2517
5272
5063
2024
953
1953
1424
1890
469
3358
1824
5546
884
6590
4032
4000
6566
6777
6772
3604
1500
7162
5810
5726
1593
6569
423
1113
6655
6602
6882
3015
6845
6600
2299
5232
2661
5287
6898
2966
5326
6611
2910
4368
2450
6773
667
5094
4894
2326
1517
4890
2318
5611
5701
1723
5689
4971
5855
5214
5330
302
4970
6657
2038
5406
6652
6656
2083
5463
1898
1896
1893
1826
5054
1422
6629
85
6557
150
2918
4442
210
2917
7120
4080
3466
2811
4203
6452
2859
88
6458
4275
3757
4157
980
977
1379
5300
6645
6116
854
2871
5080
2000
7133
2875
3616
2912
6770
2353
698
3628
4563
5572
7093
6653
7100
4536
1457
70
6425
6670
382
135
6868
6650
6599
5487
4082
6601
2278
143
6654
144
978
3988
3986
7051
6604
3963
4519
5069
3671
2515
2788
1192
6954
1638
4959
3293
4949
3850
5722
4943
4941
230
6959
1587
3725
231
4248
6695
6969
5792
1421
6658
6622
1110
1416
6627
962
8
1532
963
5318
3676
3677
1221
1927
1056
3686
313
6799
3687
6282
308
4672
2814
2812
951
3301
108
5847
214
1339
3697
5882
6413
1949
1922
936
83
5433
6415
5381
927
5471
4205
2648
3385
1502
841
1678
1672
1666
832
809
6548
9
1535
1637
3829
6726
5756
1599
550
1594
3680
4200
3679
5629
3401
1470
4113
480
897
1806
889
5565
6778
1784
6774
496
3595
1491
41
1494
3868
3674
1408
6596
1401
6640
2459
1024
2373
5061
1262
6366
2913
2866
5070
5104
979
6603
148
4553
2997
1279
5145
6820
6883
4663
4974
6628
4797
4787
2708
2715
6192
6191
2732
1051
6165
4962
4968
2490
4687
1080
2480
309
4973
6277
141
2935
1319
4392
140
5304
5308
5315
115
970
6593
4842
3198
6843
965
2049
961
5949
3268
960
2018
5328
3133
5782
4522
5165
618
7062
783
4484
5170
4486
4488
5174
613
5264
1201
6633
6631
6620
6456
6591
1330
949
1109
1291
1292
1158
1117
6524
5817
1393
6421
5853
5970
6363
6339
1016
6327
6112
1238
1233
1432
6607
1223
1215
1428
6616
6407
1509
1331
5850
6634
6613
1264
694
1891
5738
206
4700
4715
2746
2740
2688
2672
4841
4851
4854
1585
6965
2552
4961
2512
307
4975
319
322
6933
4997
5005
5068
2295
2279
2258
2223
205
4667
201
4653
3765
3854
3855
3856
3644
3941
4012
4068
4227
4236
3295
4241
4274
6877
3260
4329
4362
4380
4485
2991
2965
2963
4591
4615
4624
4632
4638
2870
3255
5203
6975
5196
2088
6849
6826
2026
1988
1649
1675
6752
5435
1897
6754
5474
5626
1728
499
1820
494
2093
1641
5586
5262
5286
6871
6478
1630
6487
4330
3199
1544
3190
5681
5646
3169
4391
4414
3132
3914
3016
3003
4558
1734
5594
2954
6520
4598
1615
6376
6528
2909
4285
5724
3859
4276
876
5714
3892
3947
3997
3546
1522
3504
4061
3873
887
1520
4096
4160
6423
4166
4217
4218
2894
3324
3314
5845
6472
3684
5702
1511
1669
3623
4219
5172
5562
2542
1175
4948
2523
1404
2017
2497
2469
2039
1218
2468
5331
1228
2425
5022
2381
5062
5219
2209
5160
1298
2147
2274
5361
6074
5122
1275
5280
2328
5067
2354
6078
2564
4918
5384
1436
4680
4675
5489
1066
5509
2798
5881
4666
1822
2178
1818
4637
4636
5510
2889
4709
1103
2589
4858
6206
4855
1119
1118
5481
5392
5422
2684
3782
4782
1433
2764
4852
1046
3785
216
6651
6760
7106
6767
6923
121
624
6743
602
6649
6646
163
182
145
262
7020
7050
487
7060
204
7039
6592
732
543
6822
6875
661
6867
438
6672
6630
405
208
605
493
6769
6612
1940
4167
79
2590
1505
6680
86
6209
7091
6227
1112
6625
2356
4202
1947
82
4189
6236
569
6234
78
6210
80
6285
6272
7107
2285
4063
5613
3511
2606
5791
4682
6609
6972
4018
6605
6595
4891
2818
968
2612
5388
5602
5118
3460
4162
6918
6916
3399
6279
186
187
1074
5980
5839
1064
353
4102
4099
2324
5825
2317
1546
6205
165
3318
2492
5512
7074
5551
5511
1310
2482
3014
306
122
1301
3147
5553
310
7076
4547
2999
2495
6938
3110
4532
5981
3055
5986
4517
5969
6779
1819
5994
5966
6953
2511
4525
1346
5959
5953
3031
4447
7072
4220
3175
6096
4999
4596
4253
5003
330
4247
5023
5585
6925
2394
7086
4614
5438
6196
175
3310
3312
4594
1799
276
2556
1268
5485
5557
637
1261
5483
1430
4555
3223
3224
1240
2969
1231
5897
1225
6638
2956
3249
7089
2599
228
5199
6468
2646
3675
5194
2640
1632
6462
2077
3670
6455
875
2759
5667
2068
5166
223
2222
4708
6848
3935
3618
3617
738
918
