5529
3648
118
2796
1391
926
6856
3583
4077
2208
1825
5080
5527
2686
5233
924
3643
4080
3642
4170
5872
7149
2663
136
3641
4175
3676
2202
2670
3671
4681
3649
4182
5924
4179
2676
923
4405
4685
5666
1312
6213
4129
1570
1526
2949
5200
6902
6926
6939
176
872
5490
5520
2672
5838
6916
921
2180
1314
1236
6858
6772
4181
6783
2815
4688
2797
1638
6405
3066
4659
6965
5075
1656
4645
1666
6893
6523
4186
1829
4173
6280
2888
2795
2945
2684
2205
6392
7155
6843
5774
5788
3682
2432
2438
2434
3645
3004
5661
6785
927
2004
4204
6215
6934
4438
5337
1780
6217
6842
1402
5499
2238
6938
6484
1394
1944
1390
6062
4435
214
6940
3962
662
3677
6016
7159
4949
3023
3853
6779
6943
4430
1431
3675
3312
2946
2790
4187
6910
922
6920
4632
5557
6906
6905
1332
4682
1579
6901
2170
2179
6695
2799
5525
1998
3316
4772
1959
6888
3647
5668
968
1237
3546
3841
2794
5066
925
2798
2774
6473
2675
2664
6065
3674
3024
3130
131
6787
6908
4185
2028
2009
5526
4265
441
2435
4321
5463
5443
1822
4439
660
4564
1572
7130
508
5208
5207
4923
5104
4947
4178
4176
4267
6428
5663
3968
2392
5873
2301
2256
2293
4087
3852
2204
5879
4944
3042
3519
3485
502
964
3901
966
3854
5225
3686
5023
600
4900
3816
4941
5078
4805
6425
941
5676
4183
4075
4074
4188
4201
750
4261
4071
4032
5322
4012
5479
4338
3670
3587
4404
5760
4433
5761
4450
5342
3651
5338
3584
6925
2944
1654
2026
6968
2251
6861
1886
1238
2823
1953
2000
2454
6922
6574
6919
6915
2029
1653
6834
104
1573
2539
1437
6782
6786
1393
6488
6789
2673
1388
170
5737
3921
4174
6774
3695
3757
121
5957
2401
2259
2298
4160
5876
1235
4088
5724
1244
1209
1050
4206
1433
5039
5085
1408
5022
7157
1398
7151
1392
5202
4804
4788
4781
4689
1637
4449
4434
1319
1848
1313
4392
6944
1311
5492
4320
446
6923
6914
3681
5064
6498
3213
2765
2897
6118
1078
204
3101
3109
3474
2886
2829
3504
6397
6083
2679
2766
6546
6304
6395
3210
6715
3133
6447
1106
2615
3061
2587
3022
6579
3164
6932
3568
2793
4273
4271
2001
6928
4189
2002
6534
6924
6219
1092
224
1495
6210
5493
3678
7100
4658
7104
4606
7044
1667
4547
1796
4492
4455
6992
7132
5521
1820
4436
5438
6966
6952
6947
5230
5487
1890
1477
5495
2825
7139
1821
4184
1937
4870
1475
3644
4838
4989
205
2295
2671
5088
2336
3899
3897
2279
3069
3855
5850
1189
2430
1438
3848
6738
6038
5063
6777
2452
3861
2677
4956
5196
3008
6621
123
1247
597
3028
5670
4901
2758
116
6877
5654
1233
5259
2201
2683
5735
4082
4177
6903
3640
5729
4687
5050
4703
4809
5054
3308
1574
4799
3292
5030
4793
3012
1396
1375
1377
588
3234
1470
4945
987
4783
2461
4680
4171
4141
2188
3609
2189
4076
2255
2277
4011
3996
3984
1254
3982
3904
3896
2390
3859
1187
2632
900
3659
2442
2614
1157
822
1360
1255
1260
3314
4647
3340
1657
1677
1678
1679
1701
2940
4437
965
2107
4399
3487
1901
4314
728
3581
4262
4200
3593
928
2792
2031
3461
1239
4377
5800
5658
109
7135
5652
6812
5197
5612
5561
5550
6788
6043
6784
6778
5508
5239
5271
6122
6936
5433
5328
5398
6724
5349
6835
5119
6693
5816
365
6458
133
6859
7158
920
4384
1430
6935
6933
1947
2583
3851
6108
4333
2531
2530
3867
6930
909
2500
1285
6761
6866
4401
3646
4462
2667
6720
3909
477
2662
3580
5802
5400
5462
5407
1230
2634
929
2633
6727
2631
6868
1301
4402
826
1986
6068
5684
6014
800
770
6899
848
2321
5994
5665
3692
6904
5981
117
5875
2278
5685
353
120
6848
4099
2323
2057
1263
877
4280
733
4016
5745
2182
4070
6917
4263
746
5747
6892
6694
884
5584
6911
883
5738
5613
6811
845
4248
1274
6429
299
2887
1571
6370
522
3173
2880
4834
4808
517
1380
3233
513
3249
3260
2812
3267
6537
1652
3310
3311
4800
6508
6506
7142
3015
1045
5079
5037
5031
1061
266
6493
1472
4997
10
3088
3096
4958
1025
3105
7150
4943
7144
3120
5149
981
1655
1147
1692
6607
962
5265
3471
1122
1670
3346
5263
5262
2705
5314
4684
4642
5261
5332
6679
1658
5253
2772
3460
7032
3501
963
3846
2893
3829
152
1024
6216
3102
357
3768
6502
3099
2892
2779
6220
6678
6422
3048
2200
6231
3891
6470
3868
2638
3866
2689
3003
2206
6495
3858
292
3462
1145
3863
6501
6314
3706
3602
3673
3672
2421
3239
3665
3660
6543
1131
6046
2449
6776
2777
2465
2468
6352
984
2529
6583
3116
6365
2822
6820
2708
6732
3694
3313
3135
3389
2589
2775
3172
2753
2883
3186
3680
2325
2837
3208
919
2585
6033
5067
1232
5394
5368
1317
4461
6949
4477
6970
4481
7022
1793
1749
4560
47
1664
4660
3907
1659
1316
6948
1286
723
5486
6931
5478
4339
4391
1933
4397
77
1889
4426
1869
4432
689
65
4292
4686
40
7143
7147
4946
14
1397
4985
1399
1401
7161
4
5087
5024
1411
1436
5042
1522
5235
1548
4878
4718
504
5234
5231
4784
4786
7061
5212
4797
4803
1589
7115
4855
1372
4865
7137
4279
1245
2036
5565
107
5630
2035
2183
5649
388
5734
769
5660
5562
5708
5704
4085
4089
4166
4163
5669
4158
1251
5673
4143
5664
2005
4145
5787
3964
4269
5522
5781
742
440
739
4260
5786
4275
239
6511
2249
6850
2817
1432
6876
7125
2
130
1248
236
6900
6532
1632
7091
2140
6468
6541
1
1609
1416
1373
245
2923
1240
1072
7154
246
6865
7153
6882
1395
6878
2207
6545
2181
1531
2966
1546
135
1052
2239
7164
1374
6509
