5537
1956
5783
3241
2161
2763
2566
2837
2084
5209
2086
2563
6719
2089
2083
2340
5539
2087
5204
6378
6240
2830
5661
3246
2567
16
5215
5447
2562
5170
2834
5921
2833
284
5870
3242
6377
5211
2864
690
4744
2838
5206
2258
6814
682
4779
5442
5333
2561
2085
12
2762
2427
3245
3248
6389
28
2080
2286
5367
6444
5210
6446
3381
4627
56
2013
3843
17
2765
915
2429
6336
2160
3240
2569
5919
2721
2165
5642
513
6713
343
2088
5706
5222
6574
2424
2422
5218
926
3713
6663
3711
2836
2263
5639
2169
2725
695
3791
2365
5866
19
6717
3292
693
5446
3243
5172
4774
2082
649
6668
6677
6852
4171
3514
6603
2264
2283
454
6010
5440
5443
2863
6739
5441
3822
6078
4523
20
2564
6450
5534
5505
5599
3799
2768
5444
282
3718
95
6025
5158
2262
6637
3570
5530
1837
2266
5531
3561
2560
7015
3814
3860
6816
5750
6554
4519
5507
3480
5201
4270
5913
5770
3792
3705
6823
13
6373
18
1094
5682
6246
470
1389
2568
2163
3380
3709
5502
3387
52
57
516
6665
3793
50
6810
3795
4773
4582
6073
4286
2611
5212
6259
5778
2580
6596
3229
6398
25
6048
3192
1710
4205
6987
5937
6647
3152
3151
2012
5384
64
2755
6182
4879
5784
488
5070
7000
461
2423
924
5071
5752
5607
4551
5904
2344
2425
119
5878
4504
5386
498
1142
6504
3710
3163
4747
6986
5175
3318
116
6072
3329
278
4074
3304
2565
2760
4749
3335
3195
3196
3330
11
6496
3903
4583
6580
1930
6370
2724
5869
5867
5553
6379
66
5389
694
3071
3513
2241
3033
5102
2727
2218
4708
6480
2420
5228
7030
6463
5910
3383
53
5853
5909
1369
6766
2260
2487
6811
60
6004
6482
6431
3985
6978
5015
6790
3961
641
360
644
344
1090
6838
3715
515
1165
5977
3389
3524
3797
3532
6835
3537
4020
3539
3542
7009
6709
6656
1145
1140
3777
5146
4211
4823
3717
5162
3582
1119
565
7005
768
3198
2018
3073
2237
4557
6320
2498
4709
3190
4720
692
6464
5939
6490
4358
3162
3050
703
6544
5822
4514
2779
2438
2166
6489
2114
2434
2433
5820
3077
4705
5865
6483
5864
2289
5217
6449
5912
4331
5570
6256
5580
2891
4287
4284
2269
697
5245
4674
3227
3221
5860
5901
3701
456
1552
6374
5435
5902
6173
2320
2868
6132
2865
466
1233
4872
474
467
3587
4511
3608
4877
340
3719
5497
6107
45
7008
6399
5564
3900
6442
21
4602
542
6089
3988
2599
1365
4642
4581
132
5863
4706
2426
2436
3716
2773
5753
96
5527
5606
5535
3766
5538
2728
2499
2726
67
4569
6178
6525
5982
4776
3334
5940
2041
2043
3184
6645
6623
5139
2305
5938
1833
3154
1010
5134
4834
5137
3356
4212
6878
4810
4282
6604
3293
1071
3294
6602
3207
5943
6618
5221
6877
5246
4221
3220
5710
6249
6661
1330
5416
6538
700
3486
1718
3473
4152
2271
3456
4172
2253
2244
6521
6221
2162
416
450
6669
5918
7113
683
6347
696
1095
642
6836
1303
5933
4418
3989
809
4802
6936
4276
3964
5949
4585
4497
910
4372
5916
4882
5915
4194
4064
1164
1241
6873
4888
4350
4213
724
1163
5881
4343
1188
5979
6981
4054
3984
2839
3303
5189
6615
6617
2861
3326
2341
5714
5153
3332
4645
2883
2342
2855
1839
1836
5135
1830
5365
139
6241
6220
6217
6683
3337
2421
6254
6257
3043
3108
2117
2116
5662
2255
5313
2280
3187
2282
288
2886
189
2302
3247
6353
1334
5219
1962
2308
5208
5207
3266
180
3219
3469
3072
2432
2723
61
2510
7011
2638
2711
3706
69
1504
5595
2544
5567
508
3774
6443
15
3888
2496
1563
84
3515
6693
1359
7033
6467
4937
1367
3548
3841
3575
7157
6175
5542
6712
2493
2257
2592
2597
6434
4620
3034
6439
4427
2281
2248
4641
782
6529
2952
6536
934
4599
2446
6474
2787
6493
2357
2495
5884
2867
921
922
2520
2869
4567
2319
6907
2428
4573
6394
2547
951
4588
6440
3960
1967
3088
1562
1242
1567
1569
6129
6727
3628
1559
1608
5993
4125
5981
6832
6701
3534
1706
3549
1728
3756
6819
6075
3902
1390
1395
1301
1295
3886
3760
4006
3880
1274
4028
3810
3790
3761
6818
3883
2151
6208
6244
4333
3244
3223
3214
6584
2033
4352
1958
6283
3160
1019
2075
4374
2119
5920
3103
3165
1160
3256
3276
1156
4189
4192
1841
6634
1128
6621
3269
6620
3311
4240
6616
1093
6611
6610
6609
4227
6626
2621
5309
4868
342
5608
4874
345
351
5532
5156
5205
731
5138
4707
58
4704
5130
5825
4934
4935
4909
5830
7086
7142
187
5432
5388
5445
4772
5385
4748
7114
5504
646
711
4824
4830
715
5672
280
5619
283
710
4938
7004
462
5017
5749
5754
5063
512
5742
482
3796
1144
3164
3656
4848
1993
4199
6989
6593
4210
5743
511
1124
6568
7099
602
2054
5978
1153
5269
2014
5276
287
285
612
5046
6583
6582
1568
1564
3188
6567
3700
2044
2006
3150
1398
3135
4355
4768
3731
1018
2949
5936
6760
2268
5406
5935
6344
5931
995
5924
3749
4395
6883
3730
2097
3729
1037
4135
2118
2120
2122
1096
5349
645
4283
2152
2164
4288
4297
3047
659
6875
2208
4344
1483
6146
3257
6825
4953
453
1344
1782
6800
3940
5125
3882
1328
6657
7016
3349
6652
3348
460
1312
5773
3541
3863
6671
3931
5764
3518
3517
3516
6703
5095
3491
3483
6083
1723
4952
5111
3439
1362
1751
1754
6232
6676
5775
6052
6644
4058
3634
3274
6023
1601
6022
6723
3643
1232
6021
7025
1933
4967
3272
3648
6258
1941
6170
1911
3299
5420
4004
1636
6636
6630
6628
6624
6172
5161
5074
4025
6619
6813
1889
6037
6032
1894
5186
4051
3323
985
1501
131
2771
2862
