283
5532
55
59
54
50
58
280
285
287
3221
5530
5536
282
53
288
5535
289
3157
52
51
3222
5538
3154
286
5533
3167
29
5534
3159
5779
3226
25
284
3165
3150
6489
6377
3155
24
23
4471
4770
3243
22
222
3228
5491
5921
3220
3160
2362
3229
6029
2748
5161
3152
20
546
507
56
3224
21
1549
5003
3133
634
4326
5000
5539
5189
3663
6721
3223
3153
5285
3799
3835
4833
6536
5224
4990
481
3163
478
1533
4274
5028
2625
3156
467
391
6530
3162
4610
3151
5367
6376
2221
5147
6813
5186
6963
4553
1119
1124
4992
4995
3573
3668
3660
3658
2367
27
4712
5006
4706
4653
632
5302
2365
2393
5220
5286
888
3669
6166
3341
5228
400
175
2739
3307
3886
332
2759
1114
5490
4994
4999
489
5610
3791
6552
5004
2457
5558
1427
4589
2298
3227
484
3793
4582
2036
667
4140
4146
1060
865
4962
5472
4523
6114
1956
4477
6465
6817
5306
6967
3720
5170
5674
2876
957
3796
334
544
4710
1188
6948
5311
2226
158
4630
5050
6937
1400
3161
3717
4004
2316
547
6521
6722
545
2353
2418
3576
2169
771
6135
2369
6522
3664
2025
694
2252
281
2500
4010
6793
3880
6209
526
6236
729
3485
637
1006
4583
6642
4588
4624
917
1002
4831
1025
4996
63
60
2850
5362
2870
5194
2937
5282
1758
3244
3667
1904
1816
4142
1426
5008
7088
3797
6115
5464
1494
1504
5522
4580
5544
1536
1564
1916
4816
4518
2479
5413
57
5408
5280
1887
5289
5308
2429
3662
5321
1320
5643
4420
3652
2866
6553
1204
1853
2856
5386
6528
1224
4773
7033
2736
5820
3245
4113
2578
4097
910
4058
4053
911
3469
6277
4556
6934
2220
2224
1905
5755
6364
561
6758
2731
4168
1786
4081
6239
1785
6173
1223
1707
2098
2371
5123
6096
4581
2374
5309
4795
6178
992
5297
4702
4119
3688
3686
5221
6200
1642
5196
6381
6410
1389
4658
1530
1074
3823
5497
1089
1509
569
850
1546
916
4997
3913
540
5019
5031
542
4016
465
3792
4711
603
1837
6497
3743
4241
6272
4482
4511
7169
6756
236
6953
2520
6884
113
154
6818
2642
2577
7101
3412
6938
3134
2746
7166
3295
2470
6754
3233
7080
3033
3044
3666
6694
7089
3347
2477
4787
2200
4001
4655
510
2203
5191
915
4781
4585
6923
2891
3494
3192
3989
6404
156
3888
1239
5406
5405
958
3546
3917
601
4744
2732
524
1697
2859
2228
4732
2264
521
2872
195
693
4410
6172
1902
2020
6052
5352
6163
4342
2011
4211
6873
220
724
5122
4291
2620
3345
742
1951
6111
691
2164
690
6179
612
4558
2873
6788
858
5828
2131
1278
4069
5845
1220
5859
651
4512
4110
4504
4488
2579
4481
4133
1191
2038
2749
7085
7098
2821
3665
461
5498
5436
1082
3656
5567
5033
2764
5480
3794
1521
373
2363
2335
5492
404
5294
4920
4998
5009
6712
4964
1561
1036
1037
2414
396
5615
3722
6467
4832
3659
6265
863
2874
1268
7058
866
4368
2029
105
4571
177
3115
5391
5434
4005
4006
1109
2546
1756
2927
890
4018
6919
6274
3241
1374
6547
2161
3465
4412
861
7111
1835
7065
2368
1092
90
2375
6564
6224
2641
5333
6833
5107
6001
4470
4939
4148
4149
1505
5005
2377
3370
860
5387
2132
5517
7072
6246
416
638
5929
696
414
6681
2825
6903
5871
2574
1821
4932
6905
4605
6663
4619
2757
2743
4247
4245
5672
2742
2262
5676
6475
2258
4243
5358
3557
5232
2740
5291
6486
2962
5198
1641
6424
6456
1960
1001
6454
6108
6733
2951
2292
7082
1631
5205
1942
4248
6429
5203
1418
5410
5654
3779
2963
4727
7164
2345
5549
5758
6606
6396
82
3505
5363
559
7096
6508
6761
6379
3533
1988
3196
4993
2197
6752
6529
5706
682
4707
548
549
2733
5323
4221
1915
4414
3302
6003
6110
4341
1131
1906
4343
1941
5364
4296
1480
5463
4947
1882
4286
1889
6098
6056
88
6097
1945
1008
1782
4458
4639
2730
923
2771
4665
7011
5402
5570
5054
2738
1560
1568
5695
4862
5592
4856
4767
6960
4774
5039
5649
1634
4783
4784
1164
2747
5620
4802
6981
1152
3171
2716
913
5979
6883
2822
6644
1446
5103
2643
3003
1822
1817
2648
1517
855
1520
4457
862
199
5823
1009
1522
1524
5818
887
2800
893
4593
4613
7039
3135
3190
864
5127
1275
2342
2557
2165
9
3741
614
6520
2467
2146
4046
2144
2938
4059
6409
3462
6787
6251
3734
2122
641
1344
4087
5330
4092
4096
6809
659
5281
6550
338
3639
2564
4008
6773
2318
6413
6420
2268
3866
6422
3852
3555
6735
3915
5197
3918
2961
3833
3832
3830
6372
6371
6693
3795
6470
1228
5295
2196
2580
5296
1323
3982
6460
6719
2227
3562
3985
3650
3558
392
2863
237
6668
6568
723
350
3661
2034
5226
2378
5143
721
6615
233
1209
6165
4205
4161
6854
6162
2366
6122
4144
4268
1362
4244
7119
4233
4238
1005
3572
1591
2751
4807
482
4984
1129
6713
5616
483
6611
379
7083
3690
4828
1014
4965
5670
473
2394
6645
3862
3564
6734
5460
2402
7144
1125
3078
5206
7103
5639
1639
2399
6425
999
1625
4838
1623
2420
2291
5034
6727
4796
5414
2276
4798
5655
6558
2391
3055
6525
2902
1263
5537
2370
6534
2781
2436
2928
1150
1065
3096
432
2456
3103
6538
6540
5496
6562
427
4933
2802
408
410
1518
1146
3723
5504
4927
7018
7070
5488
5551
4859
466
3147
2426
1081
3702
5588
7008
2947
3703
1158
3746
1429
3704
4854
2768
3745
6686
1485
66
4895
3738
6516
1
2826
5556
4896
1541
2379
5553
4959
3074
5725
7107
1824
2644
5940
5096
6814
2095
2088
2085
4503
4117
6888
4131
6830
819
4139
6233
4476
6234
