5530
59
55
287
3221
5536
283
282
50
5532
289
280
285
5535
3154
53
3159
3157
288
52
54
29
5538
3222
58
286
3167
5534
284
3165
24
3150
5533
3226
51
3229
5539
3152
3799
4471
5779
27
3220
3161
3793
3155
3151
25
4326
5161
3224
3160
6489
3163
3791
3792
3153
23
5197
3796
3797
3228
22
5921
2739
21
1549
467
6967
5491
6377
6987
1119
3227
4744
3794
4477
4342
4706
5003
6721
3223
6521
3658
6796
5549
3664
3156
7089
4831
2197
6528
3086
5170
1400
5186
20
4457
5820
4087
5280
6813
4053
3243
3663
5000
4995
3717
5599
7085
6923
3795
4497
3162
6963
6475
6818
5220
4990
1816
5224
1758
2365
1546
4607
5282
5006
5004
6907
2560
236
2362
2367
4658
4081
5285
5194
7082
637
5490
2884
2696
1025
5456
5710
3242
6173
5410
5286
694
5654
5537
3137
6568
5544
2863
3133
4004
1036
634
3192
5828
7115
982
7088
1817
7098
4610
5652
5595
4058
4210
3104
724
667
5191
5189
4140
6981
5472
1188
2731
6003
2199
5103
1037
7033
5008
2203
5522
2736
6905
3044
4168
281
2212
2207
2086
4571
4271
7111
4122
4482
917
4476
6266
4148
771
930
4470
4452
1946
3835
7169
4837
5558
2860
4999
178
1117
3236
1114
2781
6552
1646
4838
3716
1540
4833
2733
2506
2418
4770
3790
6938
5198
6396
5388
6642
7083
4205
6409
6530
6052
4161
693
5386
1204
4158
1164
6817
5413
5125
6240
5187
4144
5126
4146
697
4589
1124
2080
5605
4579
612
392
4537
6712
5604
396
1956
4491
958
6270
461
5601
4458
6577
338
1558
4420
334
4379
2038
5643
6790
2071
913
4475
5352
4472
690
3494
7117
3827
6988
7121
3828
2280
2819
6948
2268
2282
2429
2196
131
2193
3190
3210
2479
2200
3108
1236
3413
3412
546
5387
6953
4747
4712
3341
3195
3196
3214
6669
6925
1837
2865
4619
90
2850
3256
400
1161
4708
3288
569
4854
4745
3424
5362
3704
3570
470
3533
5019
1505
2567
478
154
5034
481
6516
5043
5068
6497
5132
2546
1530
3502
2625
6564
3456
3458
3465
4984
6958
1338
432
4994
5228
5196
5195
6536
6535
3641
169
3667
379
6929
6224
6722
7113
5758
2391
1948
4010
3823
2305
3945
6005
6127
6236
6911
2262
6126
3936
2353
5793
6004
6265
2260
4083
4274
5929
4139
1048
5656
3180
3033
3115
6919
2169
3049
4003
1904
698
63
7110
646
3113
6713
711
6276
4378
2947
651
1334
5965
3483
3187
6086
3047
5147
2578
6206
699
721
6066
5
2579
3555
1323
6163
508
3003
1427
3469
5384
7143
1191
1163
3280
987
2785
3257
989
57
5695
7064
1131
3558
5567
2872
593
5674
3186
7119
125
3389
1220
5281
3462
5289
6260
3116
5823
5367
3191
1312
923
2943
5408
38
1229
1228
5436
5783
1224
5822
5122
6835
158
4710
2335
4739
3982
4371
1701
4773
691
1685
4340
4542
2448
3737
6778
4862
2269
1683
4474
4480
4488
6690
4548
1869
4523
216
1916
4582
4585
6668
1455
204
6934
4518
6719
6936
1941
2441
4937
4980
4815
4543
2122
3662
2558
4096
2120
6820
2226
4147
2176
162
3575
2564
1504
4992
2264
4085
1568
5039
487
4142
2164
2160
1564
2491
4090
5678
1026
3824
956
1942
1907
981
696
986
2393
4149
1014
1012
695
1006
1938
3812
3074
4245
2077
2993
4248
2070
6001
5994
6096
2067
4016
6107
2045
878
890
6116
6120
3057
2085
2088
4006
4005
4412
4453
2319
929
3134
735
6171
2946
3886
2374
3055
2568
5659
3669
5244
1330
3702
1559
1309
3460
5236
4938
5309
4933
1591
1608
5380
3711
3718
5291
2671
2500
4996
5069
5138
1488
1429
1418
5005
1406
3480
3536
3505
1532
2507
1541
4997
3485
1374
2561
3181
4834
5414
2440
4702
3244
1786
2858
3755
5553
1763
5556
4605
3207
4575
4573
2399
3184
4544
2413
5403
2787
1760
4795
4759
5439
1703
5452
2688
1713
2780
4748
3370
5488
2743
4711
3283
3743
4707
2446
2869
5028
6684
6209
6814
6233
6529
6525
6876
7058
616
6663
590
7018
455
218
7071
6456
6969
293
6833
6830
6239
6686
6811
6947
6694
482
7080
6537
6486
56
165
6272
6793
6200
410
6727
6274
6559
547
6430
6900
60
7096
1106
5592
3573
1226
5446
3660
6810
6758
1095
5594
4197
3620
4206
316
2084
2089
6794
4233
4226
1181
5580
4223
5480
1194
2513
3245
1208
4345
4211
4774
4341
222
2862
5718
7090
6853
5752
2208
957
4092
4089
4086
2224
2227
5807
2232
5818
641
6261
915
644
5827
2194
984
2191
3197
1082
2864
4157
5650
3668
2873
4372
4141
6281
1087
4135
1024
1022
2883
4126
614
6957
4110
5703
2891
279
6403
6735
5406
2620
6550
3514
6543
1545
1542
1536
3515
4613
4655
5009
6665
1501
1494
484
5050
6671
1853
5064
1480
3524
488
4970
4686
4775
4769
4767
3422
2679
7005
4832
7002
1659
2630
4836
4850
3472
4856
1730
1636
4858
3476
3482
4922
6582
5071
2748
1454
3279
1945
356
6446
1337
1320
4481
4479
5295
5229
6728
5306
6873
2800
4456
6413
2808
163
6404
2012
5305
5226
2774
5215
4551
1452
1880
4546
4541
4540
4539
1905
1426
5162
5165
1415
1914
1396
1392
6465
1377
5202
7022
2767
2771
4375
3730
2544
6926
3131
893
3898
6009
865
3815
6073
659
6914
3135
760
5895
2938
734
7123
2298
3985
26
3775
3984
6029
2381
2949
3101
6179
6949
722
864
6235
6927
3832
3748
7134
5977
6002
3734
5979
3888
5868
5862
2395
6921
730
3250
465
5445
6379
1533
729
2370
4222
4221
1197
6673
1199
5476
6924
6966
7030
6939
5460
6761
2740
6166
1539
3107
4212
6386
1849
560
5450
5041
6337
4617
1518
4247
775
2075
