5536
287
5532
59
289
55
283
3221
5530
285
3154
288
29
280
50
3157
5535
3165
53
3222
282
54
3159
58
24
286
284
3167
25
3226
5533
3228
23
52
22
5779
3220
3793
5538
4471
21
3160
4326
3229
3150
3224
5161
3152
5534
3155
3161
3133
3227
3791
3223
3799
3153
51
3797
3796
5191
5197
3151
3163
5194
3792
1549
5003
3663
6528
6489
5170
6475
1025
3156
6529
27
5220
637
4990
5539
3162
6029
4058
5643
20
7018
6178
5028
5224
917
771
5285
60
1546
3196
1816
4652
3668
6967
1561
1427
1839
6372
5289
6813
1564
2731
5544
3243
5000
3794
2200
634
6179
4085
4995
4711
4976
5286
5549
3115
4081
7070
6642
1835
2625
467
6236
4658
4999
5198
4994
5826
6173
2252
3233
1114
1533
3134
5006
1837
1505
6854
4457
724
2736
1119
1400
5820
6413
6690
4630
2203
1344
2429
667
4140
6712
3573
7088
1905
5599
4477
4992
5008
5189
1832
5186
7123
1204
1536
651
6163
3795
1220
5280
3743
6696
1946
4476
4573
1309
6721
5196
414
2739
2548
3945
1234
2362
3236
5282
1833
1904
6521
6536
4452
6818
5180
6858
224
6722
5758
4168
4248
4833
3508
1758
165
4240
4831
63
6265
4706
6266
4712
2418
2850
3686
2169
3055
7058
4996
3502
1308
547
3835
4045
1418
3667
4933
6239
3485
2365
1591
3557
4274
2949
6758
813
4974
6778
3652
1836
1560
3257
6281
4160
1037
4166
4920
4089
6671
6790
6240
3660
338
38
6792
2381
2335
7134
4964
1568
5330
1586
6206
4937
3210
1830
4491
3665
957
1666
4087
204
6409
3116
166
3135
487
4210
2479
1945
6446
4710
4420
6963
1124
1455
5413
5174
7005
3482
5828
5567
3469
6377
6376
4739
5147
6465
5025
3185
3192
4255
3664
6425
6482
4241
2560
6246
2393
2524
1183
1292
2520
478
4048
1988
3666
507
3669
5490
5710
1948
5427
4492
6561
5417
632
4148
2368
2583
5558
4003
2477
5388
3480
2353
607
4169
604
6328
1044
3655
3658
3373
5287
1881
5586
3295
5291
560
400
5302
3513
4482
5309
5410
2367
569
416
2413
5921
3821
774
4997
4657
3057
178
4993
3044
1581
6754
6756
236
4759
5929
1530
6966
4770
3195
1358
1540
281
6793
3147
6796
5190
2874
2746
3184
3886
2733
1353
2688
3207
860
4708
1838
5068
1614
4895
5034
7008
4747
2787
7003
4927
5004
142
1558
495
4379
4970
7010
7085
4732
4391
2819
2748
6487
4618
2543
2544
1563
6165
7115
5965
5827
1941
2558
131
6923
6270
5472
4773
4179
5601
4677
5522
7022
4205
1454
5122
5594
3563
1131
2779
2775
4744
6960
5066
148
3483
5492
4634
5491
1494
6095
2978
913
5563
4613
1130
1484
3190
1887
3225
6794
1224
4582
4002
4001
5862
816
334
1896
3898
3218
6728
6735
3378
3737
6739
4946
3372
3735
2943
6750
5295
3741
2938
4458
4488
2408
4610
4553
6683
3662
1612
6853
6251
5235
2280
6045
453
6530
6820
6817
4589
4004
2410
4040
5226
3186
1868
5895
3777
591
5766
4043
6323
2942
4083
2399
3096
2029
6176
4018
1639
683
4938
5738
7013
4869
3559
986
105
7089
940
2088
7110
1005
7111
1667
6200
646
2957
658
1569
6381
4965
2884
4115
2951
6224
4963
7082
3576
1045
2305
3033
6244
3637
4112
6284
2841
4762
7125
4838
1539
5628
35
4837
930
1048
1033
6694
1296
3790
465
1786
1942
2743
2546
6905
2545
481
6907
6909
6486
6919
4619
1852
2472
498
5986
2317
2757
1290
1940
1161
6861
842
3214
6741
2287
3307
1330
6116
313
1891
6606
6766
2588
2391
5343
3928
1233
4470
6552
3412
2574
6538
4006
3180
3215
3217
2316
170
1300
1756
2500
6969
5069
161
1109
1456
157
559
1458
4016
2791
2793
1092
6171
1089
4714
4715
3113
546
6463
1117
542
1974
6166
1424
3251
1429
1142
1986
2773
5497
4653
172
4010
1763
2507
1307
5118
6429
2504
4247
4245
175
3500
858
867
812
4017
911
3987
3892
3887
2160
3866
5823
5782
2165
2273
6011
2176
3985
3915
3828
4053
1800
4593
5185
5187
4585
4579
1817
1350
1348
1831
5217
1834
1320
1312
4556
1305
5234
1853
1859
1871
1880
1794
1396
1397
1784
4918
4926
4930
1637
1589
4947
4836
4962
1548
4980
5290
1504
4709
5103
4655
1426
4645
4631
1415
5143
1411
1407
5039
5296
5305
4479
4211
2028
1082
1080
2034
5592
1053
2059
4161
5624
2020
4158
4146
4144
4142
4129
4126
4110
4096
5695
4092
958
4147
5755
4217
2011
1239
1898
4474
5352
1226
5386
1914
1915
5406
5408
1106
5419
5425
1181
1180
1164
1163
4342
1152
1978
1140
1135
1188
5294
4923
160
6893
3717
3730
222
3540
3149
3734
3546
2337
6238
2490
3550
6242
6144
2873
2401
2876
57
6122
6364
7119
593
2872
760
6471
503
541
544
3003
3680
6437
6415
3086
3494
6170
2513
6162
2497
3187
2808
3132
2392
7075
3097
561
508
6791
6404
6167
6114
2883
2648
6987
6261
6964
6264
350
6093
3575
2584
3577
6568
7143
409
9
3815
2298
173
6280
3254
391
163
6676
2786
6879
3748
6260
2771
193
37
36
6257
1052
5141
3277
176
2067
6286
5140
6410
5585
2740
171
1113
1115
548
169
5590
3137
1026
3651
540
4632
6884
3624
6958
6368
6391
603
2457
5556
6938
2026
6928
1406
6327
6925
2495
3533
2759
6903
2046
4243
2030
6965
5610
5537
4167
177
6953
609
3570
7169
2734
6684
6686
432
1222
6564
5227
6687
1907
6682
1908
5391
6537
5221
5403
3232
6697
6525
6713
2577
6524
6575
6681
6645
1873
3283
2640
3316
1291
1886
5299
427
3341
407
410
3370
6607
3375
1301
3250
1897
5236
2671
4441
4430
6462
4583
4337
5488
6798
6456
6454
6814
