5548
1582
3054
1414
560
1585
1417
2381
3056
1672
6343
3958
1416
169
5549
5540
4725
3055
3052
161
1586
166
1588
1084
1118
6305
1410
5543
1113
4587
275
165
6345
4584
1487
593
4892
1484
1489
5112
5541
3057
6156
3637
6158
6740
555
3954
595
5544
1663
6293
1411
1580
1486
4237
3058
164
591
6749
4724
167
594
5113
1589
163
1415
6167
1584
115
799
103
1669
3605
6346
6306
6159
1270
1676
367
569
1778
5547
6150
5118
741
3059
2841
5545
2980
1667
1488
5597
4443
4322
1664
3050
580
7075
4230
4260
4483
1668
6728
3053
6298
4238
4306
3957
4914
6418
1412
4256
1904
5546
1083
5110
824
6318
1774
93
1418
1033
4489
160
7124
6303
6060
1746
1893
476
388
1383
6458
2594
6169
2166
3466
6336
162
6155
1087
5025
2808
3698
1538
4675
403
99
107
3737
2011
4320
6151
1110
2222
5260
2802
2757
4596
5898
5173
5114
4726
4969
2142
3736
5117
558
1744
7047
6244
7072
1891
4235
7058
87
2848
5007
1660
810
1757
4582
1971
6204
4590
2532
2844
413
6164
3953
247
6070
2010
5128
4720
1348
3938
3139
2581
4967
5177
891
6737
355
4908
6344
1524
5422
1036
5960
3566
6342
6341
4442
7118
6451
6450
3731
657
22
3024
4089
4480
5947
5920
5395
2132
3865
2140
323
6153
1740
1777
1532
1897
2148
6348
6459
6380
3849
6310
1356
3733
1764
3138
2157
4693
1665
532
4446
2993
6752
2163
538
1661
1413
2994
3353
1963
1258
1890
795
6180
7116
224
4912
860
4239
597
4364
2646
1112
1058
1569
1587
97
5477
1752
2112
6313
2361
1562
6347
1343
246
6291
1117
3428
2563
3498
583
3149
415
6542
5071
3730
4233
1745
1671
666
667
7073
2301
5315
3553
4034
7056
6311
4002
3732
1678
586
2566
4955
5942
858
862
148
3051
3274
1027
911
913
6382
5115
1323
1407
4420
1408
3487
7148
3598
5111
5592
2154
3029
1480
3022
3262
5949
6295
2059
3325
3639
269
2995
1773
442
4595
5589
792
796
3635
4716
3132
4917
3384
1047
1922
3974
5234
5962
3741
3091
6363
2577
4083
5274
4231
4657
434
4658
6828
6361
3309
407
6302
417
5914
5586
5302
5598
3276
1860
402
2895
2976
4659
4084
4828
1903
4132
6354
1333
172
2214
854
6340
3085
829
4713
4911
5232
2651
5084
5081
3113
3949
3738
242
147
2086
1035
2673
3
2357
5105
5948
5849
2355
5843
2457
2007
2454
2141
4963
3867
4409
1325
2999
898
895
2478
245
5940
6844
3356
4916
6135
6848
2991
3647
6965
4236
4272
1219
3338
1662
2870
755
5057
5427
5929
6980
6323
268
5773
4890
1806
551
2856
1561
1560
4612
4701
1645
4913
2465
1483
976
2469
1506
6308
1536
6690
3839
1743
5841
1086
5217
5181
537
6362
2811
6950
3979
751
5185
815
4593
3946
1769
793
3735
3739
781
3972
602
3955
3389
654
585
4585
3748
894
4095
6152
889
5895
1754
5979
896
882
867
5252
1666
3987
5187
5526
3494
5615
656
998
5150
1997
4964
4299
4784
2078
3146
4918
72
4301
4302
3136
3124
5024
6457
4410
5733
1993
5717
2143
2111
5924
1896
2891
1906
5599
1214
437
1898
1315
4977
3653
3145
4296
6040
5915
4839
385
1321
314
6788
190
4953
5161
2042
3162
5381
3595
2221
6290
2654
5501
2986
419
2877
2401
4118
2147
3634
5679
2892
168
3621
411
2680
1404
4790
3140
2269
5015
85
226
4457
4269
5127
4265
5956
435
320
1567
4261
5513
1675
2539
2905
4899
1554
4019
91
6637
326
4825
3655
4393
4248
4956
2413
4253
3001
4780
1974
1940
1977
4679
4307
244
782
240
2217
851
1626
4791
2642
4305
4719
4325
1591
214
6351
839
4334
1056
3939
833
3560
5693
6516
2387
4597
4581
2908
4274
4975
4387
5090
7078
2098
6519
6849
4676
2992
4383
1458
3382
4976
1581
756
757
5195
6823
4487
1641
307
880
1605
827
2801
7040
4755
1886
5387
4440
549
5972
1771
42
610
6360
2159
2266
502
420
1842
592
489
2168
361
1156
5388
2567
5182
4167
2588
5102
5300
4072
6296
5277
6017
1507
2169
2260
5969
587
4919
7034
2369
5596
6738
6187
4103
2305
4102
3246
6684
5482
3725
529
5485
6620
4234
5426
4115
2
517
5588
89
2787
6547
3862
6300
2824
2477
2276
5106
3508
1753
3856
3481
1531
1534
4861
6837
2220
859
4631
1601
3627
2337
1050
2458
4954
1046
2184
4636
3020
1289
3082
4350
5508
2467
6885
6698
5650
6675
3482
184
4377
5103
1568
3492
2476
112
1326
897
1318
3866
2131
3611
1563
5094
2130
6472
6232
1544
5116
88
915
5890
6476
4978
5464
2878
2664
1037
973
3483
970
4486
3474
1517
4710
3484
3613
2089
4381
6487
2165
3026
4437
2859
1011
2455
4618
4113
1992
1051
3302
5632
421
412
630
3306
633
1749
6549
1742
1741
5026
6806
3322
4046
1385
5514
3372
2616
2382
1372
3354
3349
5054
5058
4737
3164
377
3169
3727
6743
1936
425
2798
612
3227
1403
3273
1848
1425
4134
3279
3272
3270
1419
6822
511
530
1130
544
4013
6812
5279
4521
5170
5306
4085
2800
596
6563
6366
3291
584
2803
2261
5303
5174
2256
4677
6838
1226
4589
3633
5082
6329
4292
5699
5159
273
3947
272
6063
2845
3550
6325
259
2846
4894
2228
2229
1634
2012
229
786
791
2014
2439
4332
3378
3734
2623
6523
1657
2366
3552
1980
3087
5695
5243
2527
2237
2234
2876
2990
2521
5637
7099
813
2525
1052
2406
3561
3501
3719
1138
3690
3746
2398
3559
3631
3636
1116
6821
4824
6754
1457
1028
1481
6766
3603
6731
1192
6782
5462
3565
3543
1089
2874
2367
1259
1355
6789
6448
3533
4684
1354
5123
