792
1488
6982
5279
3355
3953
3262
1483
3143
5118
6747
3050
5278
3328
537
1577
6839
3494
6740
3937
821
1328
4720
6342
6305
5093
5274
3356
4726
2150
6189
4723
3366
7099
1561
2237
2153
985
822
2130
5269
317
796
3369
3498
2123
5288
361
5415
2380
6837
2155
1762
539
1571
6180
6347
795
3320
3934
798
3939
3935
579
1372
7033
2121
2154
1182
5689
6836
1011
3956
896
356
5649
1536
3140
2691
791
5116
3931
3139
5683
6340
4899
4482
3951
5964
6184
1778
4728
1777
6156
538
4722
548
297
6343
2158
98
993
5377
7096
5380
996
328
5410
3571
6346
3936
3324
4437
586
3938
3957
1564
1563
2849
3535
2620
365
3264
3491
5778
2152
6897
2878
5509
3363
272
7038
5275
61
892
1323
736
3707
6182
994
805
840
990
1119
781
6397
615
1487
793
5591
999
5770
358
820
6318
2151
4753
6818
4756
92
5220
3733
2159
5224
5310
827
4254
5270
6345
4450
845
5541
3386
2000
5830
794
1569
1486
4248
5343
1485
1482
3534
353
3530
6133
5020
1740
7128
3236
6154
3506
1770
6181
3335
4727
4652
6183
4729
298
3269
1903
1324
801
997
891
1513
4456
2847
802
5011
790
3130
5268
5143
6341
901
1560
589
581
580
572
551
6146
6715
3142
1773
6188
1858
6303
894
2042
2111
2117
6319
690
2174
6824
6742
699
6362
7147
2496
5429
995
5746
250
2243
3950
3362
3354
3385
3337
4740
3325
3495
3306
4721
3532
3635
4651
3748
3548
3169
4582
2699
1768
4532
2710
4724
2734
808
1624
576
320
582
3278
1532
132
6731
616
3315
619
6521
5940
797
3357
4911
3380
5373
3932
4400
4755
3470
2129
2113
2112
172
3168
352
351
1904
4445
3590
1626
698
3754
3702
5091
3057
5092
991
1270
6185
3773
96
6348
2932
1478
981
2903
1413
91
749
6956
5112
4235
2981
3871
5777
2016
3492
3739
1084
2116
4158
4044
799
3737
3421
2186
437
4408
3954
2245
3955
3365
3933
1027
3425
5946
1921
1634
115
809
1383
7059
4332
1636
5540
849
4654
1519
3574
846
1446
598
5883
550
656
3734
6668
514
5962
6316
6311
1723
3158
1772
6220
1757
1326
657
4363
7036
2510
4915
2383
5002
370
2623
3332
5026
3326
5046
2680
3029
5283
7138
5098
5247
5111
6931
5229
3300
5159
3322
5399
2997
3145
3146
4264
1753
4459
1386
5273
4451
7037
3958
806
5961
1850
807
513
2358
4221
165
1325
1892
4897
1934
5831
214
826
6324
5753
4599
2100
2109
7132
512
5244
3637
6741
2825
3277
4708
4243
3295
1575
6120
3538
6729
6125
4336
6745
7034
610
1496
6102
3271
3591
1623
1625
2751
326
3531
2739
3522
546
3304
4351
5351
671
5711
834
4383
3058
992
2372
3753
3388
3059
5013
3818
3223
6821
829
5355
95
2156
3743
5648
983
434
2119
439
2219
1168
2218
757
5017
4741
2231
1160
467
1156
2128
5357
2157
1480
6144
4692
1036
841
3270
998
6141
3630
4512
3973
3585
4922
4923
4109
4574
4579
5151
899
3063
937
6123
982
4242
6944
4457
613
3751
1492
5119
6441
4324
3749
2877
789
828
1440
99
765
1260
6262
1246
6267
6299
2990
810
4232
1208
134
3708
6320
6325
691
3730
5025
6332
3732
6665
1272
5053
3699
5103
722
787
6941
3888
3656
5095
3741
3972
716
1381
1378
6395
1376
4458
6375
1368
4210
6191
2938
6359
1057
1555
4331
2012
4055
5998
2354
5313
2360
4744
378
1558
1727
3364
2011
6003
3487
6812
2366
2240
530
6800
2273
5942
1854
5681
425
2306
3942
515
3323
5609
5756
3327
2096
2106
2247
5642
6024
350
1576
4035
3541
5528
6991
585
5436
369
3351
3345
28
3361
385
5468
4773
6813
1584
6103
2124
2750
5352
556
4420
5740
4432
433
364
564
5832
3367
1603
1601
6101
2626
166
2284
3551
2246
4988
2242
5395
2233
6448
1044
3383
3764
3747
3107
6486
4239
4534
811
3360
3138
4909
2387
4237
2422
3886
5444
2487
4506
4485
2489
3147
5545
2379
3826
2375
950
5640
3084
909
4959
1063
4581
5424
2332
890
6537
6538
6552
2357
3798
2361
2374
6475
1064
4246
5706
6136
6140
1676
1700
6147
6013
1726
6153
3638
6157
4373
1747
3267
3647
1766
1629
3605
2757
1622
4702
2828
3549
3547
1567
3545
1515
1774
3276
3298
1579
6127
6130
1606
1608
1620
5171
2696
1779
5090
5776
2058
3478
5346
2115
3736
4857
4607
1162
3014
3334
3436
1128
6396
5716
2177
3738
1065
5344
2992
1847
3688
2931
2936
1355
5287
6210
6312
4440
5929
6230
1938
3493
5341
6287
4222
4624
5475
4247
7111
7035
680
583
167
6831
591
532
6942
291
6827
68
90
349
7136
379
376
7141
323
7142
6938
536
726
7127
490
6913
609
695
6980
6710
545
6704
213
567
7167
6985
6834
5223
3652
5923
2118
2960
3822
6177
476
107
5895
4537
4551
5894
2995
2143
952
1685
2097
503
1678
1163
3731
531
1371
2892
2879
296
987
4585
3805
5153
7085
2848
2933
1759
5903
94
2125
5058
101
3735
103
2842
2954
6235
501
6264
3151
1243
3161
3172
152
4839
3268
3291
173
2018
2014
3453
4754
4819
3336
3350
3359
497
4794
1169
1720
697
5809
3401
3396
1165
3540
1042
3542
3558
2082
3038
3634
3633
3051
1284
1283
6416
3597
3595
4967
3097
3594
3101
1066
1068
6254
1070
3582
1945
4940
4929
258
3577
3133
1962
6406
137
6163
2008
391
1857
4054
6743
2359
355
618
2376
5988
2698
4442
1657
4277
6557
2341
2697
3976
6530
344
7137
5695
4160
5328
7130
1474
4293
5589
6118
6060
7120
6908
64
2594
5303
5601
2706
788
5634
4360
5501
2513
2175
6838
4371
