5542
6745
2878
1379
5545
3737
2877
5643
6067
7077
3734
3738
6348
6402
2257
6408
2629
4801
6340
4829
1580
3733
2596
3730
6293
3574
305
3731
3931
2011
4679
3736
591
7058
5547
2563
4714
6749
4649
7072
4807
4729
4237
1486
4837
2086
4646
4826
2084
3739
6060
2664
4827
1027
4350
3123
4677
6215
3516
3735
1483
1124
6307
2013
1897
4356
983
6346
4117
1948
5052
2944
2624
7034
2567
5590
2870
1673
3958
6747
2597
5263
7116
4202
4824
738
3451
2087
3052
1532
260
3751
1371
6043
5627
6890
3748
3361
5001
3822
1893
4822
5777
3491
1029
4802
2080
4230
4644
1663
5995
168
2016
2184
2412
1896
803
4820
486
6744
6151
6153
4778
4909
6962
2367
6482
323
1488
6158
161
7131
2874
4102
1021
4825
4359
3605
4805
1151
3561
4673
599
3762
3637
6205
1273
4643
5260
5776
522
4352
7136
2466
1891
2622
3835
3182
408
804
3741
2121
2876
6824
6103
799
2872
4341
2914
254
2089
5007
3363
6839
1409
5865
3433
4674
1898
3563
1501
3050
1426
4562
7118
4954
4670
7097
557
4174
3453
3579
4823
3455
5125
887
109
6587
2848
4553
6344
2130
7135
6341
1384
5894
4640
2846
952
7138
2594
115
5489
5506
4641
6521
5327
1955
6203
1608
3360
3489
3791
4648
4642
1578
268
4713
2015
6310
5288
3420
5068
358
6343
249
3457
3427
6691
592
400
5112
417
1418
6407
741
3456
2627
6725
1110
7007
2252
1189
4364
2192
1040
4169
5549
4354
5621
4003
1641
1020
5616
2355
165
3242
6004
3232
4165
2169
3993
5482
877
7074
7067
3181
7047
1128
4103
4305
2148
7142
6994
4828
7018
3195
4224
6124
2128
2233
1838
3085
169
3307
6112
2051
4222
3084
5544
4258
6336
7014
1685
2339
5540
103
2822
3188
5268
4556
1382
4109
250
4161
1936
7149
471
7148
4226
1489
1118
1119
2225
4223
28
441
4585
4584
437
3082
4647
6367
1535
6693
4558
4166
1400
4806
2660
1776
1030
5736
4582
5701
3081
4580
4809
476
2607
690
6963
1586
2411
3732
6803
3975
6022
3938
2566
5522
1830
1349
6217
1597
3749
732
6893
2924
1288
2920
793
3323
3325
2082
5185
6170
1362
681
4355
4308
2012
4017
3221
3218
2359
4501
2601
1870
6298
2849
6202
1330
5537
797
5400
5488
2231
2048
1333
4099
5277
6418
2369
5948
4586
4225
5682
6318
2212
6156
4388
2605
1939
1113
3530
4387
1115
5209
498
6328
5910
3773
1458
1457
1456
4596
1450
730
1117
6214
1129
4221
6036
1370
4106
1016
4005
5462
875
5598
2592
5597
4162
1357
2625
3667
5985
610
688
1170
1184
1023
2474
6041
1147
6102
3719
3747
2250
4581
907
548
4469
5754
4180
5626
3893
6228
2332
6401
6077
1028
1026
4104
2663
4552
4849
1841
53
5118
3368
82
253
3434
5124
4808
3214
5060
439
3216
3002
3426
1665
7125
91
4959
170
5117
1595
3201
5110
3207
3065
6821
3071
3059
1770
7110
1713
1533
278
1534
1778
289
271
3057
4734
2826
1530
6733
4984
3386
4831
7144
1812
1873
6766
98
6754
205
1482
4745
3033
4748
1635
3399
3513
3231
2956
228
6956
93
1837
3424
2971
171
2908
92
5292
4803
119
2845
4300
4293
1577
3933
4304
2017
4967
4789
2879
288
3717
3372
7028
5539
7033
672
5062
2014
5890
302
4105
3025
6257
686
6242
5289
2873
6290
1871
4088
134
2847
4466
5919
4978
897
1666
4002
4001
3830
6852
886
3324
3322
2410
3229
3873
5402
6152
1289
6889
4332
1836
1257
4360
6023
5419
4987
4744
3955
2940
3259
849
4347
3306
4478
4418
247
3208
4066
5926
6822
4058
4784
3365
4767
2034
4287
928
3364
3362
5937
5949
2381
1604
5942
4316
259
258
2386
6836
910
6169
1668
6165
3793
6162
3796
2890
101
1640
6308
6428
3578
7117
5733
4821
2676
4656
2200
52
1419
2301
5632
556
1415
3073
6404
5235
3452
1140
3445
3595
1772
409
4936
1981
5778
581
1427
1144
7119
5724
2209
1103
1468
4842
6498
493
7147
497
1734
5172
5170
7137
1454
5646
2709
4634
3492
3086
1446
31
5161
3552
36
2234
3080
5151
7124
5143
5245
1055
3056
4155
7075
641
2620
7061
3159
2188
6746
6742
3401
1377
1564
3657
5599
4259
5798
1691
3145
5095
4675
72
2805
3652
1538
4164
3653
391
615
4671
374
2623
5830
2416
5914
5585
3125
3999
176
1085
2319
7132
1238
4000
3184
3021
1662
4119
4891
21
1644
5651
848
991
3110
4844
1112
4264
1114
3960
6027
6
4240
4149
4229
3965
2157
3178
3986
3988
3180
1240
7049
2239
888
80
2151
5893
7019
5750
5610
7078
2380
4201
4045
7017
2374
1219
3196
7113
1045
5767
4792
2270
2347
2271
4939
1700
5806
2235
7024
5496
5989
4252
5987
2236
5706
1234
2351
3078
1125
5639
3217
4006
4212
2399
6980
5495
3019
5729
4019
5730
7076
1061
3075
2388
1934
794
6917
1874
2612
5090
632
3691
5270
1892
6722
6720
342
6351
3437
3688
6357
3666
6361
6363
2807
2806
3606
3430
6684
6309
1566
712
710
2875
2871
2022
300
6244
695
4719
6756
6793
5284
3383
3392
2593
664
6294
335
658
6759
4711
713
590
2801
532
2768
4587
3570
3480
5220
3559
3557
455
6431
1444
1485
6529
4597
2722
5205
1481
5183
3529
1478
3547
4559
3576
2772
2658
4568
407
1406
574
573
6394
4576
1410
6570
4657
6405
1416
1109
6625
1976
549
3580
3459
3467
1412
4724
6287
1417
251
3792
5407
6892
2091
3295
3799
3790
5324
6186
6901
3755
1282
1833
1285
246
2487
1624
5389
2085
798
2900
5032
5397
5020
3743
5034
5038
5344
242
5040
6154
4738
1600
1331
3522
6091
4453
283
4727
3276
3928
5426
284
282
3366
6211
