5549
1416
1418
1417
165
1588
1585
164
1414
1410
3057
741
5547
3052
169
163
5110
1668
1411
1484
2381
166
1580
5114
593
1582
160
5548
162
3053
3055
161
1661
1113
560
5540
6060
1118
6155
4587
167
2870
275
5128
3054
1489
1586
1664
6158
594
3958
1486
1665
4442
4322
1672
4582
1669
1663
367
4892
1487
667
6067
4589
6167
6734
5260
599
6345
824
854
4237
887
1415
882
4585
1363
745
1419
1666
5544
6150
4581
4083
5586
5112
6752
4597
3281
5546
6977
591
4184
1333
423
5543
5025
4002
4964
4977
2800
3987
6260
1404
22
1506
5217
5995
4677
2641
2907
3691
6505
407
4791
4792
2347
4942
5117
749
5232
1150
6156
2874
3500
738
6151
6882
569
1861
2994
688
1676
1744
6455
1819
1667
6554
2802
53
2741
4036
1963
4090
85
3639
6257
1483
3595
1784
1130
3957
681
915
7075
168
6860
2469
3302
5522
6242
4784
4973
6298
6251
5845
4230
4967
4790
4584
4113
1936
1568
2532
5361
5949
5150
5061
5177
5071
404
6757
4231
2159
2718
1412
5990
4115
1379
29
823
6318
2602
5180
2999
1331
1330
6343
5920
4763
4765
1198
5610
880
5980
1500
2871
5541
5055
1581
7067
6456
2625
1139
2098
2937
1507
313
4274
2875
2356
3988
6209
6077
2642
6250
1156
776
897
1980
3003
6026
509
5007
1043
1084
1275
3947
2749
2886
5422
5111
4097
2462
2876
2414
4096
5113
5962
3598
5116
3149
1226
5103
6437
4839
2581
5094
3016
511
5550
7022
1423
1865
5350
1425
793
4670
4771
3483
3372
2344
3374
452
4543
5533
4580
5542
3056
3482
5534
103
3892
5289
6074
1671
868
2131
4725
7124
1341
5252
3698
2805
1350
1594
5552
1362
6098
6453
2995
2147
6252
6452
1584
816
2909
6737
5005
3561
3470
6503
5545
5621
592
851
5576
7070
5500
829
5556
920
820
7017
5387
3249
5090
6474
6438
7072
7047
468
5300
5277
5572
5469
1085
3740
3883
6849
3736
3733
224
4697
4255
6538
1864
6756
2906
1356
4713
1343
2148
2900
51
1365
1424
81
4679
6246
5989
2276
5843
2955
4446
1531
6720
6547
2252
176
6575
178
4393
1488
4364
4614
6749
1457
1904
2138
2168
6187
6159
2481
2040
6
1138
6153
7113
1117
6028
6519
1112
4963
2048
2051
4972
3986
4106
5668
5921
3001
6183
3125
1215
4849
6306
7056
691
2166
6092
2256
595
6740
2268
6358
6056
7060
1645
4494
2764
4443
684
4023
6788
3376
4123
4320
2203
3314
3882
4066
2038
4110
2196
596
5301
584
541
3954
6342
6063
2648
6070
6893
2616
6247
3496
1289
6403
4802
4832
2580
4848
5127
910
911
913
2439
6948
1205
2453
6174
3623
6169
4890
1143
5087
973
5073
4946
6991
5009
4970
4971
1046
4764
5170
1321
1361
742
1598
1597
1589
6451
6241
4541
4542
762
4558
1501
779
781
3563
2296
4593
4618
6912
3741
1420
3737
5197
812
1403
815
1398
3731
1377
3730
1364
3748
4767
1027
5666
131
112
5581
2892
5599
50
125
9
3228
75
2811
6528
460
274
54
2929
229
3191
355
5624
2808
5506
2859
3192
365
3162
1271
1740
916
2489
2895
5639
2975
2140
3114
87
4563
3430
5667
2157
1891
2487
1451
5517
6866
4187
2898
3388
4676
6566
2260
664
1930
6907
5118
6870
4165
459
2681
3508
679
307
922
682
683
5970
921
4932
3745
2355
2132
5255
1758
4798
850
3637
5538
2440
6510
289
5825
838
4272
2447
2609
280
2980
3895
4588
5198
827
3065
7018
2944
1193
1490
282
6178
2454
5554
818
5536
1756
5535
2214
3746
2806
6828
7162
3849
4622
6186
884
4378
4235
6184
6234
6230
5163
755
4828
2991
2934
1778
4583
2217
2818
4846
2470
6947
4847
5222
82
6766
7074
4678
549
5625
4965
483
1033
5847
600
6196
213
3058
4094
6380
3338
1357
6201
6918
6361
1354
2291
590
117
494
2088
6253
1649
4485
5626
4691
1595
610
1662
4490
5013
3167
583
2788
218
5940
3738
5391
3181
2029
6586
5929
6874
3963
4119
6661
3
6059
6625
3160
2312
4996
4699
3377
2267
1575
478
5767
6248
1977
3353
6085
4757
1614
2047
3743
5871
6890
3612
4995
6970
1621
1055
4974
6548
5168
6979
862
6719
2518
2301
6675
837
3757
2527
2298
1036
6417
4499
4330
3566
3888
5580
4894
4497
6376
287
3164
1637
1047
2300
388
4343
4998
7109
3864
4548
4410
4955
4954
7148
2269
6444
2554
6879
2264
961
357
928
4399
101
3777
7001
4945
6735
4444
6875
364
5614
5661
6872
3728
1576
2844
5098
83
2837
6356
6746
2961
121
1087
6366
3859
6728
4465
5592
4914
6023
5643
6873
4962
4917
889
6436
1592
5050
6114
5054
2978
4562
6549
2857
2325
5070
4553
6550
4590
4039
5888
5927
31
255
5928
4118
5714
3112
5773
6476
2714
4111
3972
5360
3351
3739
5369
612
3378
1981
3679
2897
4636
3672
6470
1272
6472
5295
3401
2997
7134
2136
1278
4164
5306
1933
5923
7073
2455
4675
5763
3243
5965
2027
544
3020
1387
225
4053
5950
1382
226
4
4034
3094
1376
2049
6487
4705
5464
2750
5425
555
1349
4739
487
3245
6050
3985
3331
2732
6197
5514
220
3247
4069
2011
3011
2084
3734
1348
2021
3092
2143
4265
7045
2350
2610
3484
59
3653
4233
3227
3225
2935
4238
3896
4799
5539
2933
4260
1848
7079
2343
273
5219
2990
3476
3124
769
751
7027
3474
2184
52
2149
1452
2803
2339
2183
3922
2657
2146
799
2193
3629
1898
7119
6404
278
242
1223
2297
1339
3565
3761
4719
2950
1332
246
3066
6975
3111
135
2368
2399
4993
4714
1207
3636
6954
1186
235
1358
335
6200
2509
5744
3760
4859
333
4845
1355
2939
1353
1352
