5547
165
1411
1414
1410
5549
166
169
593
1416
1418
164
3057
1585
1118
162
1484
1415
4587
3052
161
1417
1580
1419
1586
1489
6151
741
1671
6155
163
1588
6153
3055
5540
4584
4322
275
1379
749
5114
828
6167
2808
2381
4320
160
824
167
6156
1113
5544
6341
5548
6403
7124
681
1594
1582
1598
920
3958
826
6340
1676
7017
1861
455
1380
1891
1592
4582
6060
4694
5635
1377
6342
1898
365
4764
5542
4589
1425
2131
1589
6027
2148
2048
2937
5068
6158
6184
560
5110
664
5112
6318
5546
6328
6345
5621
3066
5499
6505
1864
3061
4121
1597
5177
6447
1420
1584
3374
3734
3731
2764
667
2188
7045
1423
1378
915
3730
1981
4035
3488
5113
3737
5962
103
1865
2104
3748
1487
354
6523
4442
1896
6067
5506
2943
928
3736
3733
93
5255
6438
3603
1595
1000
178
1365
1085
1333
1673
4597
668
6408
42
6533
450
2998
6253
594
1488
1963
6866
820
2907
78
3738
921
4128
3065
2140
2870
5849
5543
827
63
552
2741
1575
3181
6503
6361
3069
5624
357
4585
5786
1672
4892
6822
1677
1382
5150
5392
5061
4725
6893
4954
6890
5071
4692
1668
894
6417
168
3735
3739
2909
7022
3751
3149
2750
3922
4233
2664
3054
4208
4203
2844
131
555
556
2995
6305
6242
109
4066
4230
2660
3749
3400
5992
1027
689
2503
3566
1130
2573
1084
3598
3653
6437
3505
1486
5597
674
2001
2944
86
823
679
829
675
6245
291
1675
5495
5248
6766
5250
5232
626
27
3281
3747
3371
1959
3810
6448
610
5322
5184
3059
5541
3965
3899
2047
5898
2663
1343
4758
2177
6028
2768
6211
6209
4849
1412
2718
4083
2267
4383
7021
2669
4165
2138
2806
1193
2051
5806
909
4581
1478
6230
1457
5953
462
559
4614
1350
464
6432
672
6491
6026
1621
6063
6453
6470
5927
5928
5764
1362
1347
6443
5746
684
5885
628
897
566
1483
1480
6514
6717
1469
5632
586
1434
5627
924
822
1544
821
815
6723
925
6501
6325
799
5733
1387
454
458
1036
6162
1746
2274
6991
2978
7027
2265
5169
4443
5128
4095
5116
1982
119
4118
124
4123
1989
4156
6863
4580
2846
2845
2805
2676
2752
4964
2680
4350
4967
4512
5202
4335
2341
2475
2469
4761
2344
3401
3892
3563
3094
7129
3553
3092
3056
2322
3053
6154
2466
2477
536
2672
1270
5875
1234
1273
1258
1665
1167
2489
5990
4469
4468
1150
520
4453
2478
6061
7007
4382
529
6554
2509
1189
4435
1662
558
6187
3058
3926
795
6343
3167
3746
3740
3255
627
713
3377
6482
3395
688
3398
680
3559
3
6463
599
7029
2999
7078
7034
945
944
4235
7047
926
117
907
2905
569
4082
4060
880
6246
2955
860
6300
2975
2994
91
4628
5233
1897
456
1955
5668
1626
5117
4841
5636
5260
5339
417
4932
1611
326
5108
1593
1602
2132
1424
4965
5277
1461
6870
1464
1465
2058
6710
2157
5385
4772
307
5493
4676
5424
1567
367
5411
4713
1356
5180
4672
5504
1661
2399
1579
4722
2324
4763
5182
1354
5214
825
3923
6319
1863
3957
3003
3006
3987
3068
1818
3020
5252
812
5237
5275
3921
1334
1596
3372
3389
5398
6449
5501
5422
3331
5494
3552
3476
673
1660
669
3503
676
793
3665
3302
3136
3864
5293
1781
781
1880
3314
3741
6400
3274
3698
5361
3696
5369
745
6371
5159
4039
5998
1383
1119
6024
2268
4464
5995
2566
2581
2264
4839
4848
4915
6070
1404
4917
2343
1375
1299
2405
5832
5748
5845
4675
5978
5881
1360
1361
2373
1364
5952
2502
5926
1576
6103
6137
5119
5620
5618
4656
2920
882
1984
6243
4047
2954
6247
6293
1899
2960
1936
4381
2876
5649
2674
4953
4955
2679
4978
6169
5637
1468
2059
2755
5067
5077
5103
2848
5026
2519
3494
6556
6476
6477
476
6499
107
7143
61
7073
305
537
6495
6812
7025
101
6768
6472
229
139
6512
451
242
1606
4364
1069
1614
1059
2284
3556
4780
6102
4765
1892
1016
3114
1083
522
1089
1139
1581
4114
6738
4445
4834
5519
6017
7023
2696
3315
5218
2694
2260
6287
3605
535
6244
4693
1860
4691
4688
4433
895
4425
4000
3561
4679
6510
6519
6517
6516
3565
21
922
929
853
854
2980
1652
7006
4726
2645
6250
1670
548
3392
6249
941
2900
5997
246
1590
155
4236
3085
4237
1331
2788
4250
2784
1499
1958
4253
304
3798
4256
6625
1291
4132
3929
4231
5745
1438
2833
1428
5092
2022
3883
5084
6874
5081
4215
7058
3869
7051
60
468
2801
2824
5626
4976
3078
4916
4910
7083
3725
4905
1566
3276
73
249
4312
3951
3278
2976
1156
6731
4846
5969
29
5929
4115
4972
5622
3075
6876
3074
1252
5590
6570
5586
5884
3743
5889
2182
5576
5920
1937
5585
4090
7019
2481
3470
6484
5256
201
6407
6508
6351
6412
5273
2950
5230
1740
2572
104
609
4604
7070
608
3500
712
1841
5417
4015
770
4594
2482
738
592
3490
5388
6346
5359
1819
6480
590
7074
6436
4752
4494
2666
6998
6081
4784
5822
5508
2914
6074
1617
2886
301
6358
3793
2318
5235
5181
4265
3794
3079
4126
1954
3613
3273
3620
5778
4499
6451
3937
5131
3982
6446
5522
6444
5775
3980
2133
302
6808
6718
4767
4769
2675
5773
3639
316
1298
1951
2106
5842
1070
6549
1922
6372
2183
625
4840
3947
3955
3954
3699
1152
3287
7121
5360
6896
5983
3732
5550
2203
5960
2209
3051
3512
7115
1817
4314
3050
4914
2196
151
31
5968
5833
2240
4113
7158
1535
769
3975
2883
4463
3325
3324
1603
6950
2146
1087
6366
259
1599
4276
6053
4489
5883
6023
406
4543
5589
2747
2164
1106
2256
5872
255
3227
6049
4110
6767
585
