4000
4488
5875
769
6030
228
4079
6898
6029
5669
6964
2184
4590
2619
5161
5472
768
766
5023
5667
2068
3740
3743
5817
1866
3663
288
1586
2480
7063
5330
3749
2209
1954
3025
2381
5480
2279
2955
3949
1655
5584
7153
1116
3872
3958
6561
2953
2351
3523
4756
2602
23
6899
2354
2886
5281
3947
5861
2954
2383
6322
163
7124
2359
5578
160
1143
287
5571
5757
761
6893
6413
4843
2766
5510
6966
1952
6383
3165
1330
4334
5848
5379
3057
3055
5391
5543
1083
1418
764
6894
5396
3316
4614
29
143
2355
3733
570
1777
3222
3654
1497
284
3536
1032
7068
599
3005
3745
3746
53
2275
4596
4755
289
3943
1284
550
4595
5025
166
4692
4695
5643
728
3162
1383
1677
2003
4391
5756
2401
689
1589
5296
2104
3741
5662
4656
1181
4499
1411
6979
101
4076
1043
4093
2274
2326
5187
3921
55
5197
1078
6204
3922
3916
2854
5083
1476
6854
6768
3955
4096
3154
1353
235
3792
5259
2758
4950
3281
4632
1045
638
904
2481
4429
1764
1670
3744
90
5622
5961
5772
3945
767
286
4492
1652
560
4910
600
1234
6538
1758
2356
1864
2874
1041
4594
51
7107
3747
917
7044
5577
5857
775
188
6972
5536
410
5388
164
165
2582
4072
6180
2384
2952
3618
5557
4672
3877
2105
6408
6324
1963
5732
1417
4791
5020
5920
2324
5547
1318
54
5552
2293
285
5544
2529
960
6726
3171
6362
1755
4017
5214
4651
7060
4817
4804
4086
5862
4799
3157
2978
4794
4110
5304
464
4751
4085
504
2988
3668
1483
5812
4848
2327
1637
3620
1784
1504
4842
3972
6364
2176
225
3229
3279
3925
3819
3372
2220
6033
1708
1404
1949
6174
119
4322
2240
1414
2798
1443
3272
6231
760
762
765
2378
140
237
5103
3923
6765
5126
6293
4141
3734
4491
3737
3483
4903
3748
4146
6372
4921
2277
5550
3227
6543
738
1221
6969
3167
1071
5395
5991
2944
4688
4318
1112
1940
2040
3912
4678
6268
3040
1653
3669
574
3926
3897
774
1904
5344
3601
1185
4435
2612
639
5538
4271
597
1810
4568
1054
6634
1819
907
2975
3160
1028
4652
5999
3119
5986
2608
6545
3658
5403
1002
7114
6323
3920
449
5535
1947
3637
4083
6156
5519
4476
1892
5532
4659
5549
2597
7110
3644
6611
3233
1546
2477
2374
2370
2369
5049
6757
2368
5055
5057
6346
117
3375
4796
347
4792
2362
1445
3373
1591
5871
2270
1451
3430
3277
5636
4999
3485
275
280
283
3475
6904
2416
4961
5585
4972
3500
1358
203
201
6997
2223
4993
3236
4996
3253
1410
6357
4997
3255
5100
3271
2452
5613
5808
1314
4753
4757
6084
367
5176
5180
5850
3358
4758
5164
2358
5110
1331
2323
5198
3797
1980
2945
6553
6471
5633
4397
2764
4725
208
4978
1806
2970
2328
24
26
5733
200
3838
3092
933
1813
207
4411
6376
4904
4918
255
2190
3739
6082
2011
2445
4928
5243
2196
3228
630
229
636
4954
2204
6273
6371
7163
6451
1672
4420
2183
7143
1660
2876
1818
5393
2296
59
4134
5394
5715
3946
2366
3917
5072
5624
3291
7079
115
4142
2363
1748
1859
862
4160
1047
4166
4203
1745
6773
83
6447
4335
52
4494
4332
6841
4330
3331
5478
2392
3987
38
3866
732
6470
3873
1905
173
5008
6548
1415
162
1487
2920
3270
141
50
3051
6769
6514
5501
5159
6081
485
5565
415
5782
4675
5534
3152
6557
1588
3567
6487
6879
5775
6630
1239
305
5927
510
2497
2490
3166
4797
6998
4613
5954
2484
568
2585
3221
6437
2178
4677
2052
5778
6329
4592
6810
5251
5294
5308
5315
3546
446
4509
325
3730
5816
7123
5928
4709
5301
2076
1286
555
6974
2590
2375
93
4202
3370
838
2278
86
3927
6976
5108
6328
2870
3275
6343
1049
1424
3426
3410
4626
1585
494
6951
3899
5496
4828
2372
6421
1075
1909
1048
1908
5299
4016
2841
2606
6345
1339
2487
2073
465
5079
4237
6017
1273
824
5300
2588
3283
6211
27
416
6566
2973
2524
7125
6730
921
5155
5801
423
916
2928
1507
3565
4708
4700
6734
5474
4724
4018
2959
2957
5194
2315
4723
5182
2950
2112
5473
4719
2969
4735
2939
6977
1486
1827
2980
3941
4682
5286
2887
6205
3936
6402
2885
4679
2472
5555
3628
4167
1033
6540
6996
4139
1285
5929
7162
1485
5148
4112
6085
999
5853
5109
4697
6199
4127
3338
5852
2902
2900
2291
5621
763
6516
6645
1186
5530
2406
680
2437
4976
5343
3831
3446
3220
5959
282
5970
6604
3508
4927
3697
3849
7037
6282
2741
3856
6363
1198
4601
4577
231
4398
1386
2740
224
6877
3457
5324
2172
5322
4419
6643
637
2173
6722
5760
4430
3125
1676
6361
1158
6150
1651
4431
293
1667
6429
2454
3110
2633
3691
3441
3689
1549
2667
577
7029
6237
2791
2793
169
594
5376
5377
1658
5500
4490
4624
2181
5499
5668
3153
3736
2806
161
1416
5012
5013
5003
2788
172
2669
717
6763
1942
3862
1114
308
5770
3738
4615
2388
2387
6625
6354
6586
1110
2787
3731
4013
1484
3226
3981
6465
1664
5611
973
6737
3314
1598
1615
1776
3488
2983
1316
5524
4011
1180
1781
3494
3474
7053
1659
1315
1311
3732
3429
1757
1403
6026
3239
1118
3243
5679
6049
3273
3680
3864
6175
3918
6813
3150
1594
5664
6045
3512
1717
3514
3046
3665
6698
7005
1080
3048
5595
3401
5592
6167
5494
7022
3133
3234
1596
3957
5518
3950
3789
6718
3793
3343
1226
3455
3131
3452
3623
1678
1135
3118
3284
1029
5652
3813
3097
5508
6728
3132
1235
3832
3094
1038
3093
1042
3359
6764
2601
2796
4424
6270
6271
634
633
2273
4995
2272
2697
6281
4465
2680
5094
4475
4480
5873
4493
5769
6875
5777
6555
