5551
3467
3259
4293
3464
6565
1943
3466
3461
5852
1949
4553
1221
3465
3416
5817
1946
3463
3469
3468
1940
2769
5858
3418
1947
3459
5922
3458
5795
4288
3778
5771
4283
3412
688
6754
7004
5772
4619
1948
5806
3390
1223
5792
3426
461
5807
4458
1229
4284
5809
5878
3415
3455
5798
2160
3527
2601
1945
4294
5818
12
4281
5554
5028
5602
4282
6606
5802
843
2927
5850
6279
2198
1109
6272
4289
7003
6271
6494
959
3425
6270
5782
7146
3450
4126
4953
3452
1956
1191
6773
3453
6649
6967
2062
975
6544
6267
3411
5787
4711
3451
1222
3428
4074
5427
5310
4165
2088
5324
1331
3843
3028
5037
3565
2991
6265
5459
3414
5814
4010
6227
1125
6901
3993
4084
6274
5203
7113
5854
921
7110
1988
400
1641
3666
4544
3457
976
374
5169
681
1152
524
4737
882
22
3942
5794
4420
5315
5627
2995
1103
4768
684
2997
4087
1898
4539
5719
6443
2889
3462
6964
3025
4793
234
6322
148
6603
2269
6273
285
6772
5848
6865
5808
3460
6909
4566
4791
6752
5801
320
3533
5857
2760
1342
1149
3282
6564
6434
2733
6716
5980
17
1643
2362
946
3410
5920
3021
6008
4459
6687
3692
4975
5190
2609
2999
6276
3156
5991
6682
21
5953
2981
2885
1890
2477
4473
2996
874
2297
1026
2905
165
1490
2085
4614
6489
5618
3421
6277
5717
5885
5295
5707
5859
4558
3161
3482
5193
7149
4088
6810
5700
6656
3401
3364
2080
4960
1299
1896
6960
960
2984
3169
790
796
6262
6863
4542
7010
3440
7061
7057
1463
4379
3227
2911
6437
5775
5053
1469
876
3454
5446
1941
1604
1106
5609
5533
886
3162
4121
5800
913
1350
1640
4129
329
6350
1224
7079
1984
6717
6640
5089
6846
3067
6642
3505
2780
6884
2992
5272
3002
6849
3007
4535
3368
5507
2086
4534
6685
6574
2604
6761
4538
439
2098
4075
5474
4070
5164
2606
3427
6602
525
5621
6625
4531
5124
6818
4545
713
1193
408
1339
3360
4006
5886
426
6605
3008
1356
2998
5851
1430
1648
5452
5454
2291
2292
4792
6199
5785
6230
7133
1680
63
1895
4609
3543
1437
2915
6396
5442
850
1497
7029
1466
5057
4798
1461
1651
6360
2488
5334
3860
7076
3167
1424
6236
1010
2168
5626
754
6899
10
2694
999
4958
6246
5068
2926
6266
3165
4162
43
7150
6239
6094
4814
6170
2064
5764
49
6278
4546
2896
2277
134
7160
5202
4486
4443
4377
6162
1298
4968
3444
166
168
5321
5441
1024
3363
6371
1336
2268
5336
6231
4819
5714
7117
4865
3139
5360
4480
3417
980
2296
2293
3164
1645
3393
2290
6688
4962
2990
3429
2089
987
2983
3198
3397
1899
3199
2072
5600
6596
25
4208
1228
2185
2120
809
6776
6978
4120
2543
2121
2534
2010
3076
2009
4790
6064
3868
6478
3973
732
1140
5815
3287
4161
5883
5816
4677
1144
4113
3887
2538
3484
3546
5449
6417
2943
238
4692
3948
2017
6403
6491
5823
2762
5472
849
3517
448
7042
5788
7012
2554
3858
1175
1347
4080
7002
5799
6753
3969
2600
1012
4620
6522
6253
1184
4108
6622
6077
6524
2688
1151
5483
3005
5262
6484
4626
3154
3069
6250
6268
3309
2637
2746
993
4679
3010
5206
3242
935
3168
6198
1075
2658
1117
1227
4657
2622
671
5327
1199
2617
1108
844
2768
6591
3033
3294
845
848
682
1944
4702
801
4336
1897
3057
1190
3281
4555
4678
4224
2742
6609
1128
6607
3181
5363
794
6210
6604
920
6202
1231
2683
4227
880
4003
1019
7100
2140
2141
6821
6842
1649
2944
1379
5027
5086
2833
2902
7058
1692
5114
5877
2129
5884
3688
1330
4901
1631
457
455
3780
450
2315
5716
1703
2436
2550
2947
2303
4519
3998
2266
2263
7031
3845
1421
7021
7019
1462
7034
5055
1428
6975
239
5805
5056
3867
5803
5791
3616
3889
332
5084
170
6915
2260
3908
3625
5644
177
5819
2253
3618
2509
5034
186
1688
482
5059
3395
3999
3436
5959
2345
2699
3719
2087
3398
3399
4468
5929
4912
526
5584
2980
6680
4487
29
3420
2077
4916
6669
3413
34
2347
3392
7154
4966
3723
5558
1593
6645
66
2994
4909
2867
4376
500
8
1594
4917
870
237
4164
6261
173
3727
5804
1022
31
5058
3094
2697
1484
4163
3620
4160
1869
3842
840
4477
3840
2856
7039
6397
7025
2479
856
6252
2692
1583
1823
6264
7009
4665
3602
2851
4903
6165
160
5303
2341
4454
1905
5702
4612
931
1060
5703
7145
4206
961
1055
7121
3172
4907
5713
3698
2709
1634
1630
7130
4464
75
6275
3185
37
4839
109
2264
979
4915
1889
2467
5330
3123
5661
6356
2894
3128
1617
1514
6192
4634
4600
2682
4218
2346
3188
1519
7094
3665
1526
7106
2298
6206
6006
4285
2535
5855
6514
2766
4014
4764
360
5162
691
3070
1989
3400
377
6881
667
5187
6883
3510
2019
6498
4769
336
4771
631
5570
4773
3300
1400
6674
5489
3324
6709
4046
6778
6784
2122
2607
501
3433
2038
2131
4540
2982
5252
2945
6548
2819
6712
6813
393
5492
5620
5491
2016
452
1181
523
1320
6092
3077
3006
4674
2566
676
1422
5634
5293
5983
3004
4736
2066
5067
5601
4066
6719
1427
6441
5813
2917
1124
259
6635
673
5812
6636
6718
5062
4786
2195
4744
315
3905
1153
1683
3904
5526
628
6026
5820
624
6651
6948
2961
1681
3898
3888
5629
783
2810
5165
1335
4548
2191
3394
1420
1408
4395
2868
1242
4370
1020
1595
4357
6001
1259
1028
1608
6013
6014
1225
6248
4469
3014
5693
1578
3015
6244
1296
1234
1614
4470
4485
1438
4380
1481
1478
3114
2734
1150
5465
4274
4278
2921
1418
5793
1137
6105
1825
1132
1662
1464
1673
2739
1457
3098
4575
5636
4573
1439
5780
5705
