5579
5571
2448
764
5556
2441
761
2446
5576
766
2440
5577
2449
5574
5573
6566
2445
2444
2443
5578
768
1700
763
5439
1707
765
3313
2447
4989
762
6961
6672
3319
3770
3779
3752
3520
2684
5856
6954
6916
1704
2325
6941
4055
6957
1701
5575
6923
4266
5872
3776
3523
6933
3315
4490
6035
2915
2635
5434
6562
5431
6945
3314
4214
1708
1702
5669
6931
3101
760
2442
3526
3316
6965
2639
951
5654
3310
1002
6878
2068
5854
218
1934
3045
6911
4984
6826
5572
3529
1709
6927
5436
6640
4176
3514
3038
6563
3789
7000
399
3029
2615
3784
4056
1570
5660
4335
4555
1731
5994
3786
4607
3716
1937
3626
136
5892
1706
4606
6939
4384
4212
2481
6918
2046
6922
909
6924
3195
7136
2973
5106
6129
3028
2939
6620
1003
5238
6947
2699
4278
3265
2661
4867
387
2918
1931
2616
3003
2638
5855
3469
1968
3468
2164
3415
4904
6762
5662
2484
5781
3524
1978
568
3525
5570
5552
3758
1966
2800
6128
1548
4059
4054
4509
6568
1738
6003
3774
3785
5665
6639
3189
5075
1285
1732
1969
754
1703
3522
6928
4189
3930
731
6929
1674
4492
1649
4476
5687
3333
5657
6621
3312
4455
6738
6783
4986
2466
330
6287
3616
6807
4263
1798
1838
5435
6906
2681
3780
2531
6590
203
2603
954
206
5109
950
6910
3040
2886
7146
6853
5663
412
4500
2632
789
4279
3337
2917
5652
6875
5370
4053
4304
1210
314
3043
885
5104
4217
6806
1249
6352
5039
1316
7090
3024
5121
2982
2954
3193
1479
1188
6122
6113
405
3022
5666
952
3668
5952
1834
3510
4842
1936
3464
4737
3775
6981
3956
4640
4523
139
3985
3921
5879
4557
4505
3682
7020
5731
3757
3628
3624
2483
3783
3787
4503
1212
5511
5515
1185
4366
2238
2816
3565
1219
4175
546
3528
6351
1736
3615
4327
1148
6877
4311
2695
2867
2694
2869
472
2686
3755
6894
3753
974
3781
996
5986
2633
2919
6900
1819
4264
7139
5438
4261
3692
735
5874
2634
3847
1216
4389
3458
5709
6969
2267
6112
6980
7091
1557
6626
3269
3318
5706
4052
767
6972
5999
4452
800
4841
2215
6966
2257
3412
1705
6925
2431
6631
3988
3932
2073
6214
3381
5553
6975
3511
4429
6958
827
979
6528
6769
6530
955
1683
1800
5278
1794
1793
5658
5965
1765
5349
2229
977
2232
1748
1749
5724
1854
2518
2516
6678
6388
821
2076
1498
2519
6809
6597
6206
6598
2423
1243
1317
6007
1470
1574
5740
739
5899
1024
1043
1743
6603
581
5607
1529
5580
2580
2542
6106
1046
5859
886
5734
804
6785
476
3778
6908
2911
422
3518
5054
7120
418
3516
356
3751
137
4817
3102
6948
2930
4219
4428
7001
4456
4381
4057
160
4291
7028
4290
3048
7036
6914
5085
6944
6949
7038
4267
4269
4297
4145
4721
4434
4978
4313
4499
210
4299
4210
4437
3706
4438
3660
4548
4987
3597
3268
6936
6633
5667
3408
4963
4870
2336
4552
4601
3845
6952
771
308
4961
4941
2323
6521
4547
6479
5656
4351
1048
3388
6953
6935
2218
6595
1967
1803
1963
1812
4354
1944
1192
1932
3711
1927
1835
5850
5851
881
3647
6658
1890
3688
888
1797
1999
2000
4374
5678
7034
2180
1740
733
3772
2150
3764
3413
4641
4818
6599
5989
4643
6985
5770
2041
5792
5961
4216
854
4202
3251
91
4036
5192
997
3027
1579
5460
375
6913
2868
2865
2696
848
5397
4473
2669
4295
5445
803
6119
420
2658
2927
2631
991
6850
4280
2910
4073
2667
4068
806
2956
5437
82
5184
4272
6539
3088
5037
6613
5287
6038
6610
4412
6034
5244
3183
2430
6799
1675
5273
6796
327
6932
2788
3160
4310
4019
1648
2840
5045
6545
6874
6804
547
2712
6920
5049
841
876
1213
4367
6659
1471
5946
4426
4647
1512
64
6123
1425
825
75
7094
828
3724
163
6117
788
3873
6350
4558
131
1657
126
4475
1660
4385
3976
769
4507
6630
4501
4155
3925
1769
138
1640
4439
4078
4444
6290
1217
7075
4182
1319
1737
1607
6066
1612
6366
1730
1246
4377
1733
5701
1181
6169
3198
4262
2913
4983
936
4970
3290
2328
2327
3700
3192
5381
4298
7138
6582
4332
3303
301
596
976
5223
2265
5207
5550
3186
5522
403
2983
3020
3025
4292
6835
2554
2540
2535
5111
6567
4326
2620
2630
5514
3100
3132
6802
990
6531
2439
2438
2434
6950
2935
6458
5368
5746
975
4814
5769
3521
2023
2738
2004
5815
6987
6988
6593
6883
3602
3614
6594
1926
3681
1894
200
4355
5736
3491
6592
2127
1145
2691
6760
2237
2856
4865
6403
6755
6587
4856
1182
5679
3462
4843
958
5703
5699
5689
6902
2191
5680
6543
1424
972
4319
6269
953
4421
6193
1199
1340
1197
4215
4201
1215
1186
4369
1173
1156
6402
6405
4224
993
4382
1270
6510
6337
1041
1274
1031
6525
1005
6294
1001
999
6454
1034
2815
4430
5043
3163
5525
2409
3236
3255
3281
5613
3294
2315
2295
5628
5641
5653
5655
2266
2263
2250
4935
4902
4876
2235
2230
5676
2207
5088
3436
5089
5091
2818
2758
5314
5246
5317
5233
5354
2703
2693
5228
5222
2895
5374
5404
2637
2921
2625
5182
2575
5456
2556
2550
5462
3049
5096
5512
1478
4844
5722
1729
6001
4603
3848
4565
4559
3927
4536
4520
1689
1682
4498
4495
1646
1641
1618
4450
6109
1556
1553
6125
4435
4431
1488
6154
4605
3473
3821
3771
4830
5732
5747
5805
1975
3599
1960
5824
5825
3618
4715
4700
1907
2814
3701
5943
3713
4649
4648
3745
1791
4646
5967
1766
3754
1739
3697
7169
432
877
358
7101
201
6959
730
235
795
6654
6876
6832
6757
6955
6569
6564
6637
371
474
559
6634
757
6600
245
500
7071
400
6606
857
223
87
215
383
6968
