5576
2446
2449
2448
2440
5575
2443
5574
5579
764
2441
2447
5556
5573
4989
5856
6566
2445
1701
2444
5572
5570
4055
5660
3526
4374
2068
5075
1703
2164
5552
5571
6672
6961
5666
766
5553
3845
6826
6918
3770
5577
4841
3516
3518
2684
1931
6957
4377
761
4053
1707
4984
1731
3847
5439
4189
6035
3844
5437
4543
4696
2442
4548
3422
1733
1738
3161
5872
4379
3313
5431
3319
2519
4214
2616
4056
5669
5663
4057
3529
6933
6969
5994
3412
3413
950
4547
3458
6916
6954
1048
4490
4986
731
6796
3772
4422
2615
5781
4375
3150
1723
1704
2930
131
6923
3602
4546
6944
6677
5652
3415
4176
4059
6950
2886
5770
2631
2939
5557
6953
3799
5654
2250
218
3798
5222
144
6939
4872
3988
5434
1706
2910
5710
1700
2639
3312
2481
4384
1188
1246
3775
4372
6875
1894
3314
3776
825
1249
3757
3191
6914
7025
595
2268
1548
5370
5237
2989
3514
5855
4856
1702
760
6587
5567
3411
6568
5223
4542
1966
7163
3469
5515
4370
5986
2815
5667
4369
3255
6641
934
6562
5665
6952
3333
1849
951
2661
1819
6925
953
5435
6929
3812
1812
3224
4212
6588
3215
2260
2267
1274
6947
7136
4492
3195
4278
3779
6975
6287
3113
1918
3310
4597
3156
4902
6129
6500
4876
5768
3424
6850
5653
6965
2603
2681
5792
5825
1736
4052
4450
5628
2758
4851
4068
1934
1936
4314
955
5115
958
3898
4523
2261
4843
2954
6671
476
2189
5740
2800
5039
938
5085
6563
4326
3151
1213
4002
5718
3003
2023
762
2265
4491
1769
4367
4484
1607
5349
7121
4444
1433
5578
6299
5624
139
6988
2528
3575
5550
1813
6931
6927
2554
3525
5436
4022
4545
5584
4544
5851
2046
3381
5621
136
954
3716
1728
6807
5824
4310
4311
1975
1969
2266
4378
2625
4532
2718
4376
3410
3414
2887
3511
4742
2215
2885
2814
5999
909
2915
5989
7114
4700
3519
3599
2816
5287
3478
4844
4083
4565
763
2820
1732
2973
76
5559
3528
6525
4859
4870
27
3744
3810
4365
4502
1221
829
5676
3792
5194
5726
2699
201
5114
4498
2665
4495
206
1219
1890
3848
5199
6874
3315
3223
3790
3294
3745
3316
6966
2653
5722
5694
3780
5725
3318
6972
4051
4285
4690
1076
7090
6528
5539
5563
4174
1241
2535
1436
5952
6128
5658
2116
3521
5562
5413
2883
2269
1794
1793
936
3510
4744
2300
5412
5392
6948
985
4275
3577
6404
5381
4277
7115
5087
5528
1596
4428
52
3257
2948
4842
5534
211
3846
6122
2754
5717
4331
6802
4541
387
5637
7149
4540
5119
6578
3229
6809
3795
3061
6857
1978
1968
3340
4313
1737
160
4509
5774
6572
356
2480
4507
151
6206
1535
7001
6472
6471
4505
3982
2423
4983
7138
4879
4385
6941
4903
4907
3524
7143
4500
6762
2484
3794
7022
6074
3025
1709
3038
4980
2518
7146
3989
2750
1743
885
1511
5046
5607
3797
754
2545
2556
738
6077
2568
2552
4508
6559
2694
776
2746
2741
6355
2695
2696
2733
800
6184
6187
6190
6214
4319
2629
2483
2370
4382
2368
4429
836
922
917
2336
6538
735
4682
4566
2598
6479
2530
2686
4329
2613
597
4471
2742
749
3251
5668
3718
5625
382
383
3346
6804
6799
5184
3220
2041
1705
3028
5850
5238
1689
5874
5716
3013
1682
5273
2000
5055
7003
1963
3769
2828
5049
3766
3129
6878
6983
3894
3317
3849
1927
6832
1247
6996
1937
5732
1264
3088
5018
3930
1269
5721
6911
5892
5530
51
6922
1004
2222
500
7125
5678
2230
7127
5180
5414
2881
5430
6062
5479
3531
2257
5438
2262
2263
6575
5377
1786
6959
3791
4079
3626
3625
2956
4846
5670
5969
4834
1056
3628
5991
5993
4128
3616
3423
5538
4857
1618
2908
5558
5961
5193
2468
5674
5662
4488
2459
4474
1765
952
1748
5478
2542
5399
1594
5533
1471
1612
768
5278
5276
1425
1683
1708
1730
5629
1368
1366
4458
4461
6290
1362
5207
5642
5649
2513
4499
1781
5879
2076
2094
2104
4871
2122
4855
6123
4848
6117
1024
2329
6106
1022
2325
4636
6002
2259
2255
6064
4692
2232
6032
5876
6086
939
2229
4680
2196
2191
2308
2274
4923
4954
5845
4501
5042
5763
1913
1226
1899
1214
1887
4497
1250
5719
1817
5701
5153
1882
821
1210
5029
4970
4978
2382
2385
5823
2008
1209
1995
6192
5025
1181
1933
1204
5769
2558
1991
5446
75
6751
3698
4020
2904
6640
3708
3620
4266
3789
412
2655
4358
4360
3450
6397
137
3024
140
4300
7081
3029
4371
686
3009
2638
6417
2917
602
2752
270
2735
2753
4086
7027
3668
6490
4316
4050
4317
7020
3387
4029
288
3830
4025
4279
2918
6464
429
2774
3656
7009
114
3520
3152
6628
3882
6964
7129
3068
2819
4381
4219
4210
6571
163
7120
3468
4426
3323
2842
4155
6597
4156
3921
357
7160
6784
3472
221
6579
2569
3101
3290
3774
3984
389
3261
24
3476
5698
2238
1811
5981
1766
4708
5198
2934
6924
1814
1815
470
267
6968
974
1040
6928
4758
4715
5671
2212
3260
3250
231
232
5178
4747
6631
215
5190
993
4122
5176
5192
6639
4753
3265
3281
6943
203
6938
2180
482
4127
4795
6626
7169
4869
2953
1979
3111
5817
5765
3137
5047
3160
1907
5829
5051
1904
6780
3986
4969
4965
4963
3031
3901
3165
3949
5802
5027
1192
359
1947
362
1197
1952
1198
3928
5790
353
3929
1932
3908
3098
1967
3941
3107
4957
5747
5853
3001
5088
4026
3764
5943
4036
1067
6906
6907
4854
5109
5110
3816
275
2959
6913
5967
1085
4875
4877
3843
5854
3862
1886
6877
4941
3170
4018
1877
2952
3173
5875
2075
1875
5079
6898
6900
6749
1861
1248
2869
5204
1938
700
2705
4506
3479
2710
2712
2506
5531
1421
6193
5255
111
5586
3658
