5577
5578
3523
5571
765
768
1700
5573
766
763
5662
3753
761
762
5669
3752
2445
1702
4452
4490
5825
769
4066
4496
5579
5552
5557
5667
1740
767
6566
1183
3441
2315
5370
3751
4457
2325
5816
3319
2344
4129
760
2448
4923
3520
5664
7131
6140
5343
7032
3565
4643
3316
3115
4939
5668
764
741
6826
2504
3442
5278
4491
4494
3758
259
4631
4953
6964
6040
2886
6413
4640
6213
5026
4978
3188
3025
3044
3756
2915
6219
3154
1456
4938
5259
2334
4726
2348
4743
235
3755
3637
1703
6625
6545
79
1478
4758
3744
5347
5854
6142
1186
2472
3529
5556
3275
3754
381
3208
3185
3118
3024
4314
2945
1709
1708
5409
772
6881
2023
3116
5703
5348
4499
6698
5296
6215
3750
2857
2060
32
4644
5187
6325
7115
38
5239
2143
6458
1411
3447
4930
4736
4936
4739
6122
5029
854
4115
627
6516
5032
5543
5037
2927
6503
6287
5515
3180
4361
1044
4202
512
6747
2446
548
2218
1799
500
996
3475
2440
6731
587
5576
1020
6211
224
1028
1393
1875
5407
1189
3315
6079
3305
6918
328
367
4646
770
1600
6038
5213
2895
6966
4498
2330
4573
1170
3288
1653
4261
3781
2919
1134
3220
4239
2850
5117
4019
178
2313
6539
1974
5400
3939
6138
405
3186
3139
3279
6141
6452
855
2337
3187
650
3314
3419
3784
3443
270
3133
2455
396
3494
5872
1990
3227
1900
4158
357
3228
3575
2016
4160
3527
364
5789
779
2136
3155
476
6718
6216
3376
316
5680
2175
5823
2273
2185
919
976
3123
4815
1384
4437
5466
4456
5008
2949
1570
1704
5143
4647
6902
4611
5207
1130
5252
5647
1205
5280
5293
1681
226
1784
4725
6797
7160
1809
4320
4973
24
4843
5634
3104
1193
1578
1282
4648
6368
5149
4956
4641
4616
546
5205
1237
4596
4594
5244
6383
6008
4495
5255
4536
6391
120
6947
1674
1667
3281
4933
5987
3418
3
6475
81
1488
6506
7114
2788
3559
6291
472
6351
35
2658
6323
3500
4976
6482
27
3370
3473
6515
5020
3692
7018
3310
4653
4963
7037
4693
5075
6535
6210
4715
5057
1481
2633
449
6108
2950
1647
3436
1861
929
6900
2488
3201
4167
6648
227
5848
5824
852
4366
218
6894
1706
1937
5410
4441
1932
3165
1744
1747
861
3958
1156
3184
3049
4467
3028
4128
1049
3183
3204
4079
4473
4309
5346
2466
5657
6804
5341
6911
776
4315
5665
4492
6789
6910
5374
997
6909
5621
801
999
4907
4908
6264
5000
6393
4995
5787
4931
3558
6293
4204
4991
4123
6371
4811
4842
5574
3472
1795
2183
586
6260
6329
6366
4862
5550
2174
4155
5609
3509
3448
5620
6319
1484
3797
5001
4013
4011
4472
5899
5947
3759
4475
4537
6003
1991
4477
1996
825
5998
3789
3925
3828
1664
1143
1668
1669
1171
5305
5321
1157
1685
790
5399
832
6063
1511
3577
1514
865
862
6220
5022
6217
4458
5024
5025
5453
4463
3612
3633
3668
6149
5115
5116
1574
5127
6137
4651
4650
835
6078
2062
5812
5455
4904
6417
152
138
6941
2594
6495
6949
6950
2911
7005
88
6477
85
7028
6470
3394
6501
3363
6897
6863
6549
2343
412
415
2382
334
314
2829
3135
3130
2465
237
6806
2497
3091
448
437
64
6908
6451
6449
2632
40
2803
2813
3433
7124
30
4700
3134
1418
6749
6741
4201
922
2422
299
4131
5767
3163
308
4083
5651
2739
5623
5644
1394
5554
1039
4810
1033
1032
1025
1023
1787
1014
1003
1002
993
6783
257
4975
4272
7125
5802
869
6815
3932
1994
1998
4932
5961
2362
771
2357
3271
6595
2347
2
5984
4901
6001
3780
2332
797
4935
6626
3209
2409
866
4961
860
850
5829
1947
839
5817
1948
337
2667
5871
4018
4015
823
1986
803
836
4382
5482
4383
4601
5233
4599
1236
1233
6969
4591
6965
110
4757
4538
5010
5256
1651
1374
2923
1655
5216
5282
1618
7095
1325
2825
1333
1553
5101
5105
2636
7031
4652
82
4649
1285
7013
5034
7068
87
5180
4605
1661
5291
6942
6898
4993
6895
3005
4765
6861
5439
4462
5452
5456
5457
5458
4453
5475
4990
2818
4430
4470
6904
2980
6030
1510
1185
2934
4999
6933
6932
2939
2947
5547
1380
5334
6920
2956
2957
2959
2969
4996
4476
6922
400
3584
6126
3295
3618
2068
6208
2057
3371
6508
2316
2141
6363
6327
6480
3456
3392
2215
6511
6346
2324
639
414
2061
494
432
6044
3360
478
6127
423
467
3412
6193
410
6387
6558
6497
6121
3366
604
3641
3647
3557
5436
3566
3583
1101
1683
2938
5313
3038
5420
3004
3578
5335
181
2954
3364
3331
6502
5345
6912
5451
166
4479
5413
3291
6523
4439
4324
3117
5601
6416
5605
3629
975
2462
1818
6800
970
4266
3128
1830
5650
3132
4238
2101
4205
5660
5632
3598
6204
3614
3080
5506
5508
6931
1748
5533
4385
3082
6530
4332
4377
6531
1043
654
1029
3611
1024
225
229
4335
6212
211
128
5304
3411
4764
1385
7117
4998
3450
1372
1361
6382
1360
7075
7064
555
1344
5039
4732
1334
1544
551
5077
36
7122
519
4
5
1460
2691
2676
2675
4937
1391
7146
7143
4964
2237
4835
2770
6426
26
511
1469
4668
568
4654
5251
112
2917
3521
6945
2924
602
5281
6491
4530
605
1663
1187
2929
2935
6934
3535
5303
5290
107
2274
5237
7027
2845
5126
1289
83
1284
6332
6472
579
580
5161
4645
7002
2877
1607
5214
584
5219
1239
3365
274
985
3727
6649
5736
4088
1980
1981
6703
6608
435
2342
339
5842
3782
422
309
2346
4163
2010
4135
1945
3694
5748
4118
6145
2318
419
5774
4126
301
409
6542
893
4096
6640
3238
421
2421
5788
5983
6051
868
6581
2308
5946
1995
2405
5804
1936
