5582
5617
1554
6093
2914
6699
520
5588
703
525
5587
6094
3256
5684
3234
1536
5589
1267
6172
523
524
226
4043
2319
4229
2916
171
4575
6090
222
1560
5360
3632
225
220
1558
527
1569
1265
223
3231
1099
526
5003
4048
227
2824
1625
5123
4897
6540
4893
2291
510
3610
3614
4042
4781
1561
5242
1844
2660
528
1822
6753
5904
6549
5845
4046
1733
1624
4994
6309
1537
4388
1264
2297
1268
3547
4031
637
1324
4041
2292
1534
5838
6547
5221
920
3237
1790
2560
5517
1821
4513
5704
5708
7130
3238
6542
2259
4930
1442
3642
1520
4593
112
20
5000
2294
4232
6099
4992
4049
4936
3239
4639
5306
617
6095
4039
521
2876
1899
4995
1275
4511
1736
2037
3718
4594
5905
5286
1508
5834
4131
5831
7167
4315
2115
851
6096
7165
1503
857
529
1939
2163
1827
6421
2622
3783
4896
5285
522
3701
3182
5870
6696
2568
5519
4032
5484
1266
5477
5004
2508
5006
1394
4387
2547
4999
3874
2648
4793
1555
2080
5350
1396
6698
899
816
5353
5514
3117
2675
496
4788
5289
503
2792
2476
2664
6676
1563
1782
4317
830
3594
3593
5229
2146
4853
3328
2690
3645
1735
4040
1970
5581
2288
3261
3300
2038
3063
641
6191
1751
6750
5202
4740
6988
5008
1106
1991
3707
1397
1621
2036
2896
4937
6963
1494
1629
319
2095
1998
1788
1739
1778
5206
1762
5241
4591
1648
4154
2007
6962
4586
1766
5963
5178
6986
5205
6880
5945
342
1777
5194
3242
839
5564
4520
2694
6178
4508
2299
4898
2912
3745
42
2321
3787
4045
4036
1622
5687
4749
4446
1089
3646
1097
4796
1116
4933
3189
2567
1552
1562
4072
2642
1551
5355
3382
1523
4319
2157
196
3386
1486
5118
2686
6109
2662
819
1078
3841
1792
3876
1823
1050
6428
3715
915
3918
6544
5214
1843
1828
385
6614
1795
4134
4007
4948
4171
6817
584
1454
3303
6164
589
4092
6775
1565
6787
3355
3354
3336
1521
5191
1403
1737
6660
1130
3613
3612
1214
1226
6280
429
1276
3548
6232
6192
1738
6735
1399
4204
588
2245
2913
2412
2216
5773
5243
3127
5478
4505
5247
2165
4580
5821
2006
4634
5666
2795
7009
5267
5271
2035
247
5303
84
5832
4510
5835
5841
2084
5280
2569
2228
1966
7155
1935
4355
173
2873
2911
2676
5384
2247
2335
2863
1898
2322
152
2324
2356
5309
7136
1566
6181
1567
4993
1573
1579
4990
5427
5830
4785
7003
2304
5310
6663
161
1620
5610
1623
5527
3678
4310
6721
2230
700
4386
6143
662
1510
653
7168
4536
113
2865
4559
3591
3999
4117
2457
7066
5485
3311
1497
2364
4996
228
6233
2470
6777
6680
5078
7015
7019
4688
1557
1444
3519
4805
1109
1786
6861
5972
6856
1787
1072
6939
322
6845
1779
7150
2700
1771
968
5974
5199
3738
6832
6541
300
331
5560
4864
3851
5545
2656
818
888
5913
1824
2649
5909
7159
3143
343
2646
3875
6545
5558
3230
4662
154
3723
3913
6816
5585
3702
3710
6424
1728
2605
1731
4672
1732
5849
3304
882
4806
2578
858
4518
4481
6423
2862
2861
7073
4803
910
4744
6594
2643
4797
3535
6563
4381
3491
3492
3837
3495
745
2342
5033
3830
742
4500
2889
859
5540
6406
5594
3532
3870
6332
4512
2542
6453
4507
4418
3630
7148
6483
693
783
7152
2707
3915
780
3734
5491
3914
2516
3735
1171
3990
1260
792
1217
928
2414
2845
5686
4504
3795
2752
7090
4528
4527
3714
5480
1232
3652
6690
4001
2813
3722
114
1070
1780
5422
1720
6032
1691
5281
3324
3326
4142
3327
3053
269
4133
5292
4044
4313
3070
254
3348
6790
508
5828
5307
2131
7010
7012
229
2147
221
2166
1543
5352
3345
4173
3264
4174
3186
3188
1868
1929
5917
1831
5912
5911
6886
5958
5240
5965
5208
3133
1978
1985
1995
2054
2044
1730
6981
2039
2027
4110
4630
1767
1769
4660
2004
841
1996
6960
5796
5837
5386
5073
2221
5378
2949
1512
2272
2301
595
5066
5405
1498
1405
5755
2289
1480
5128
2960
1443
1529
5784
5763
1441
5059
2713
5583
2358
2002
3493
5710
6176
2671
2712
5758
3531
2874
3747
5262
2869
986
5265
1010
3530
2043
5716
2041
5981
3380
3232
1850
1886
5224
3163
4868
3176
1907
1388
6591
2663
4867
5230
1873
3471
2903
883
5914
1842
5951
2629
3534
3486
6198
4887
2681
3223
1797
5041
5901
1370
2351
895
1373
6189
5218
2645
1975
3704
3285
2488
2138
2790
5497
3616
3617
2768
6285
1509
2962
6130
3357
2113
5459
5458
1192
3636
2793
2141
2817
1530
5675
1546
2179
3013
1553
1212
6292
3599
4997
1525
5362
3605
2217
2140
3269
1261
6107
4939
2075
1074
3321
2073
2728
5176
5843
3295
2727
1445
5356
2725
5590
1282
4943
2757
6151
1093
1263
3671
1129
5130
6394
2098
2088
2548
2087
5525
2561
2086
5457
1094
2399
2077
3183
2672
481
4312
170
7078
261
260
6793
4417
4807
179
4068
6752
4222
4221
4447
177
7100
4529
607
7101
3934
340
351
3932
491
3930
6781
4237
4075
4750
492
4808
6779
4583
717
490
829
310
632
6956
4502
7164
621
590
48
4207
4581
4209
499
4389
7043
4159
7007
240
4114
4180
4801
552
191
4780
715
582
4216
824
7096
7026
2078
6409
3937
1079
5160
5283
1599
751
1076
2053
3080
3350
837
2082
7033
2989
3006
1522
1262
3917
2160
4095
2153
2149
4320
1538
3376
243
5009
6773
2118
5304
7001
258
518
2089
1055
4129
495
4998
2008
5950
5174
4226
5956
4155
4223
3653
3648
4786
3643
3306
6812
3602
393
396
3635
4783
3289
3609
3290
1699
430
1761
4230
3619
425
3621
6859
6667
4211
1203
4782
4623
1213
6897
3343
4002
1090
4637
6950
1989
5890
