5590
6344
5596
2664
6293
2849
6346
3637
3146
3274
3324
2877
6348
698
5591
3571
5898
4801
6341
1893
1746
439
3601
5003
6699
6367
5632
4803
6778
3050
4806
2876
3140
3605
4808
4807
918
3143
6837
3513
7131
6354
2369
2225
1326
6043
4992
1634
1538
1586
4809
4720
4317
6800
5000
3578
551
1023
1020
7074
3559
2568
4993
2100
6343
2361
1324
1890
3230
93
3232
2370
1028
7110
1850
5259
4115
4596
4169
1774
1567
3147
2903
5270
4441
3278
1898
107
1899
1103
6216
2354
3923
2209
2359
1415
2360
7073
4316
5542
3361
2126
2845
1584
4129
1858
1589
3145
3149
2363
6451
2914
2272
3699
5094
94
2352
697
6836
2277
5751
598
3216
3788
6239
5286
4679
1618
590
1862
4829
5332
5732
1852
1608
289
283
6749
2279
4576
3570
6228
3628
4168
1026
6696
3357
3958
2231
6328
5389
6547
4672
4778
6296
6340
1273
4351
2211
4688
2083
6794
579
987
1896
6336
7135
6029
550
5007
4562
557
4308
5289
2581
3730
2846
3453
381
1745
5506
59
5235
1853
2674
3266
2675
1872
2924
2350
2920
6308
2913
3550
809
7033
305
5756
786
2237
5337
5643
643
615
7117
2130
2366
2540
4998
6231
1055
6824
2378
3645
7119
3212
6805
2777
3419
5344
4996
5941
3386
4742
3405
3276
5380
5538
3275
907
6355
2500
2048
2177
3356
5759
6846
4994
798
6394
3207
3606
5004
2793
5735
3638
6434
2384
3457
3241
2043
2275
7113
920
3231
1687
1395
5754
432
1486
3304
3893
1775
3246
6722
4965
2841
6745
2358
3383
2944
1958
2565
2093
3936
191
4805
3498
6408
3062
1379
1537
196
1961
3480
3557
5084
7078
6691
597
3380
4305
2355
4684
4177
2214
5078
6287
662
1575
3762
5997
6754
4334
6454
5597
1897
7070
6291
904
5273
1370
4964
4579
1536
1397
6987
1856
3955
6978
2660
3264
3306
3739
7148
3953
849
4584
1615
3839
1610
5979
4178
3279
689
555
2318
3484
5405
5833
5135
6149
2089
25
6839
2839
5008
2848
5384
6802
4677
4164
2844
5072
4480
2184
3734
6753
4977
5508
3622
2689
4968
6024
2042
5161
1391
3866
4970
6555
1773
1603
3732
5755
4204
2893
796
791
4098
6890
508
7157
4978
3367
3841
2949
7115
5202
3056
1577
3139
7134
4507
2569
4355
7099
2011
285
5001
4300
3573
3406
3142
4721
7059
7039
928
3239
2498
6471
4918
1869
6064
238
3552
377
2017
2493
4314
3653
3218
4995
1617
2016
5942
4288
6998
1024
7130
4306
6212
4956
1040
1429
6202
4693
4318
2583
1770
1837
97
2582
3404
4743
2169
2015
4201
1233
6482
4319
2112
98
3894
2577
16
6529
6779
1557
570
2123
6140
3641
3217
4310
4311
1676
7132
4352
6402
1021
1109
3943
4986
4999
6752
3407
6027
2773
1100
6068
5118
4162
6848
2210
2212
6151
1779
4864
1001
1569
5205
800
3178
298
3424
5382
1238
7015
4583
4243
3
3547
4676
3712
5730
4959
7116
2487
6130
1591
1388
2823
1855
4682
5893
4071
6379
1616
6310
4253
3576
890
2262
376
6017
2180
4060
3427
3543
6374
2971
2260
410
2972
7008
3666
6208
6573
4997
5246
6827
6747
3180
3718
3733
91
6480
5285
4969
6153
6917
5341
6211
4729
3021
1025
1939
3402
5545
6361
2916
4235
4747
5564
1874
4154
930
5385
1530
941
1029
4674
6145
5915
2562
5280
5375
2125
2796
6040
1106
3482
3922
2401
663
4651
1392
5154
2795
3425
1669
3931
961
960
2106
1174
6665
4466
2104
2687
3450
3749
4088
3748
6742
6667
3735
2682
5563
4827
5401
3741
4058
3954
906
3515
3737
5331
1612
5053
4991
1323
3870
6677
6243
1663
6553
1022
6792
6791
6141
6138
5822
2121
2566
4489
1780
1371
4744
3517
5565
2383
3354
6644
969
6427
793
976
3863
5345
2496
3516
1772
882
6649
5539
994
2573
780
6750
5778
3488
5635
3633
2229
2970
378
6993
5627
4725
3262
4244
435
5733
3141
5734
4967
3657
72
1550
5594
5769
1954
2294
537
6365
5185
5159
55
2220
2221
3273
5599
2216
4170
1870
1871
195
199
7090
6349
7079
7077
4313
3213
6213
225
6067
3642
2009
4953
3210
3553
7098
3240
3238
6182
3650
3004
324
3245
5646
6170
3099
287
6356
4954
5212
148
580
5480
1560
4163
26
3169
640
5279
4166
2847
3191
585
633
1601
3200
4256
4125
1333
5985
4062
1895
1624
2797
6468
1331
5585
5886
6143
172
2086
3382
5521
2399
2976
4748
6178
19
854
3572
3792
2825
3409
6642
4409
2547
3201
2380
6986
1339
4791
4575
3872
4247
6381
4826
1393
6697
6992
1219
1614
4963
909
5884
1860
382
2091
3743
1044
3168
6595
1571
3878
2599
2351
2597
1083
4628
4901
1881
1815
1482
5093
291
1390
4653
5683
966
3403
297
5023
295
7035
1488
5682
5487
2605
2612
3738
1605
622
3388
342
6605
6201
7125
1325
6286
2253
4678
3418
2202
2379
1680
3719
1965
6832
935
3237
282
4567
3636
6004
4961
1059
4833
2320
3618
2874
538
4591
4932
6176
1662
3214
7154
2391
1833
522
2217
1595
5079
4972
1952
5760
3182
7083
2278
4165
6892
4333
1824
5495
1259
5839
5532
6401
6230
7159
188
6244
738
1041
5547
5523
6142
1957
1253
567
3704
3522
5006
2560
2362
4440
4010
2393
5838
194
757
553
5395
2
5857
5274
1534
3059
2271
1234
4837
5940
1533
81
3962
2926
5287
1539
3220
3167
6845
2367
1940
1010
6488
1613
1752
6062
95
2567
7071
6253
4016
3486
6915
2233
1838
5507
801
1948
803
4873
1644
2276
482
4745
7144
5750
4812
5277
4588
3064
2041
1439
3065
2768
4990
1561
4004
2542
4915
3081
3208
4001
3097
5200
3579
3076
6542
6093
3933
4783
1978
5505
1272
75
3164
1535
5946
3161
6568
