5613
3119
5460
1143
503
5298
7103
5021
940
7106
832
5039
2969
6488
81
5322
2235
6720
4473
5120
5611
1526
3994
4926
4924
5122
5095
4415
801
2814
5766
604
4638
308
2816
6899
5469
2974
3110
838
1901
1868
2455
5615
1905
970
3610
1080
4510
6065
5030
5763
2397
4928
7069
5422
2479
430
7137
6502
2800
485
4524
3617
3301
6570
5765
5075
600
836
3111
7044
6882
1814
3114
3618
3998
235
6725
5610
4333
1796
4338
5299
6898
5142
4236
6573
2887
4833
3368
2407
2068
774
943
3997
942
5381
3116
7148
4974
216
4698
2052
6705
5463
1157
1949
3991
908
5245
2401
1570
88
5660
2392
7130
309
2419
3363
5126
7135
4238
7138
802
3546
3362
5713
6229
4708
4544
2430
6248
5875
2880
6285
4315
1948
333
2482
187
5974
4678
474
914
874
6892
2313
3769
4412
570
4700
2788
4635
400
6868
6199
482
1947
3121
597
1134
5155
3557
5516
5479
1883
5342
5041
5802
3508
3626
1437
5400
5105
7132
3410
5631
5140
5045
1799
5667
229
5153
7064
6040
2918
855
7061
128
2468
2706
2708
5033
1211
6891
2300
6122
6896
5563
5574
5311
660
2675
3259
4160
2945
1574
2209
5510
5035
2607
2127
6728
3809
6649
6571
5366
2019
403
3157
3376
5466
3433
831
4920
2410
5421
6993
6970
3331
4733
5612
6843
1848
5296
318
4689
1870
2094
4690
6581
5094
840
4701
1029
2339
2440
6827
6849
328
777
5259
750
2418
326
6834
2678
6363
6620
394
3867
5343
6653
6757
1556
2852
2885
2884
434
432
1481
423
5407
4003
4016
382
6386
6387
1374
6425
6493
5519
3849
4131
5317
5318
2681
3855
375
5324
380
6360
3798
4873
4658
1023
1688
6888
2180
3543
4927
5922
3763
1886
947
4682
3899
6955
1803
1248
4711
4547
6108
3066
4532
3560
1236
118
4854
4693
844
2400
4870
82
3120
3173
5848
4895
157
3168
5676
5710
3294
5023
1825
833
3616
4632
5994
92
839
4616
1964
4545
6579
5331
4968
3995
4014
4894
1027
1945
4858
5464
4925
2857
2855
4855
6667
5879
4840
1433
2813
5369
4839
1053
3981
1046
4953
5794
6636
6630
5337
4725
4590
977
5083
2302
5085
4332
849
1645
5214
6293
2451
835
4326
2448
1666
1316
4385
1315
779
5191
6231
5630
4377
1717
6267
5251
2484
1776
4085
4086
4089
1209
2687
1818
960
2174
6513
2648
1232
4546
2229
6435
2585
2237
4521
5718
2505
4314
4488
5290
720
4973
1679
5429
3365
7062
7115
3684
3887
3639
211
112
6881
2929
274
6883
3578
3186
6893
225
3863
7042
3068
3367
3717
3898
148
31
3072
3619
3537
6854
3123
3627
2948
3419
3411
2888
329
2686
4327
7101
845
5744
1338
2980
2295
5529
1810
332
5038
727
4115
4117
1233
1339
879
2928
6588
5203
2537
5199
7100
5511
5512
2739
2504
714
5768
2488
5761
2717
3760
6129
3360
5027
5180
2598
3346
293
6210
5670
2416
7110
6858
6479
5576
2613
2424
5577
5101
4162
771
87
6456
3296
2391
5644
5557
6503
4398
4125
2665
6517
4390
359
3787
6511
2368
3028
2464
6844
3547
4549
3788
4132
2939
2447
5171
5884
4273
6995
6965
1952
3154
1430
1953
502
1059
4652
3183
6662
6643
3184
2030
3986
3872
4669
6008
3180
470
1034
5852
3137
5967
1117
1946
3869
6992
3965
3878
3125
5496
2812
3437
1940
1021
1110
5362
6722
185
6721
3865
439
3912
6047
6997
3697
5920
4594
6975
3999
5891
6062
6610
1457
5973
223
1534
4620
3993
3458
3160
4721
65
1686
5197
3659
3159
3800
3665
6316
2526
4804
182
4850
6366
3155
4816
762
2039
5669
5193
2438
2008
2435
3152
3802
2434
5663
1050
4323
3151
5143
2443
1716
4331
4556
6857
4636
5736
221
1218
3187
4611
2272
4493
3188
6046
4515
4526
6367
4540
4980
150
2185
2189
3629
3076
3081
3613
4971
2191
2194
856
4921
4418
3254
2415
3287
4705
3797
6960
1024
3130
6204
1256
5845
4379
4392
786
5724
4661
4396
4397
2135
4917
4918
3573
4399
3775
4651
846
272
1924
2385
425
2542
2911
6597
1408
384
5508
4034
5514
1391
3364
5315
579
6549
6608
595
1588
3462
2654
7117
4141
4145
3348
2616
6471
6458
5252
2595
7122
7143
5335
6619
5440
2882
3910
3911
437
442
3915
1480
1455
6742
2853
1449
1491
6666
6664
7160
5398
1501
2889
5394
2805
6652
2803
6651
2798
6758
6624
6451
3842
2445
5239
4232
1640
4197
5614
3828
4210
6426
2964
5234
5208
4200
3375
5808
5346
5791
4622
971
5483
3992
3460
6044
2780
218
5356
6933
6641
6939
5474
5473
2140
499
1908
3692
4659
214
4916
4235
2784
730
2472
2173
7131
5772
4975
3075
1189
918
2571
1862
4012
3740
4961
3523
4956
3624
3342
5179
934
935
6412
941
1168
6061
1549
6604
3862
3189
6607
231
3316
4221
4006
2802
1007
5190
3960
4731
3392
3929
2050
1113
2850
1451
6747
4798
7162
1667
1958
6355
2965
5196
2552
6977
3334
1998
3156
183
2
6973
1983
7091
4851
6969
5423
3962
4673
3963
1044
4676
2804
4209
4239
5991
5847
3436
1944
3129
4697
1438
4699
2818
3671
1644
1025
6658
6990
410
4704
473
3970
1670
5970
3816
6749
3967
5857
4719
3655
2236
376
5037
6545
6515
5572
6480
3253
5314
299
5097
4450
6887
754
5262
5300
803
6150
2696
1225
2303
1578
1811
2396
5716
2693
2685
2944
2683
2641
108
2670
110
2667
6877
6783
2672
3806
323
6846
3538
5089
2406
3780
2936
3311
6539
2927
6516
5149
2631
594
6301
3786
2703
43
3531
3059
3224
4519
6120
4846
1206
770
5760
2436
349
6109
1777
3064
2539
4180
6266
3366
4181
4082
3223
4083
1788
3790
2919
5080
872
3281
3807
5255
