5621
5618
5255
4464
6863
3392
1469
3398
1861
628
5293
4468
3505
1193
4123
6494
5620
4126
4469
1863
3600
6417
6784
4015
5627
5335
3394
1982
4121
6491
3006
6477
770
4462
1000
3371
626
5250
3395
622
4743
7027
1464
6865
1421
4127
1461
4467
5623
620
1465
2405
3009
3004
1981
1989
4466
1984
3374
1595
1867
1864
6479
3500
5806
3391
5626
3002
1594
1596
6499
2502
3504
1342
2972
2956
2509
3603
5334
623
1913
2978
5062
2503
5804
3507
5392
621
5622
3005
6695
5248
2905
5257
1914
1865
3393
5629
6495
5992
4764
2206
2500
2504
4018
3399
1593
3098
5256
6478
3566
7158
5506
4088
3503
7028
1869
4163
4200
1468
5131
4461
4463
7146
1860
4253
4460
5790
8
3370
7006
6219
2399
3397
1195
2682
4014
5292
1912
3092
3892
4013
7129
2909
5251
5496
6401
5297
5767
599
5414
1466
2501
6533
2391
2396
3255
6402
3094
3379
6160
1610
3509
625
5798
1857
631
5796
305
6212
5372
6797
5624
1980
2459
1597
4083
3250
2996
5411
5205
6625
5068
6408
6077
1862
3502
1040
6209
5760
3377
1614
1393
5547
3608
944
4763
3430
3864
3166
6476
7020
4465
4011
1985
2011
2209
1599
6864
1425
4156
1118
6403
7126
4165
7018
3404
7024
3434
1987
3561
2900
1190
5253
5179
3297
3065
4128
5114
2440
6210
1590
4419
3816
1196
850
1386
6783
1591
1457
276
2571
3516
6415
3396
3553
3372
6260
255
151
2819
1411
1427
1463
3577
5755
4017
1351
1668
3898
4249
6978
6723
6472
1866
1036
3696
5237
3650
5061
3136
6070
627
3604
5495
5469
5180
5416
6236
6237
3457
5388
5299
5499
664
5765
5110
6208
3691
3810
3557
6068
6027
4082
946
4162
1138
920
4597
4619
4812
5065
5558
6285
3584
2663
7021
3181
1662
1649
1613
3019
3007
2330
6407
1566
2870
2784
2783
2780
169
1418
1462
144
2875
7043
6481
3420
1177
7054
1855
7074
5296
6758
3419
6553
2813
957
2822
1915
2445
2381
2373
2943
3378
4921
4928
1730
2448
4769
606
160
1422
1420
2594
5786
1781
886
887
4155
2573
4593
1795
5702
5691
166
1501
1516
4161
1484
6860
4843
1455
1917
3287
1921
6419
5478
3573
7009
5258
681
5214
3657
5542
5202
6138
1191
667
88
3793
85
6471
1870
53
5556
4596
7013
4576
741
1973
1533
459
4927
5473
4957
712
7026
5458
5792
5766
7055
7162
2394
5551
2223
2201
2198
2416
111
1909
2156
1875
4780
5628
5616
629
609
5519
2506
4649
4643
1673
1986
1451
1198
2789
2699
3835
402
941
400
175
178
949
3638
6541
3375
2826
1219
6410
2906
2907
1234
4012
1333
3606
6475
6201
376
2944
2947
6200
6480
3137
3895
6456
3872
2688
6586
3069
2665
3658
1429
4384
880
3669
3451
5849
3067
3738
3508
3057
3475
4228
4168
278
4169
280
1199
291
297
6488
3405
5871
3501
3412
4236
1990
1664
3093
1666
2660
3238
3445
5312
3450
1800
3453
593
5295
1733
3483
3376
1213
3279
3254
1970
3575
3213
2066
5113
2099
4219
4612
4598
2523
1419
4294
4523
2526
4634
2527
2554
4320
4341
1467
4345
882
2676
2618
1489
4677
2505
1398
3653
3061
1055
5161
669
3852
5122
1165
1586
2346
1568
3981
4002
4007
745
4813
1350
1550
2412
3068
1169
4355
6162
493
6217
557
556
6242
5762
6165
5390
6364
7050
6549
6862
5419
83
6567
168
5842
7061
6213
6640
6326
7121
5673
5881
5794
452
6252
5552
6216
5494
6344
5534
6822
6470
3231
2600
2669
6606
2661
5106
143
2598
5084
6823
4575
1092
1085
3651
2672
3233
1166
5124
2507
3253
6749
116
3719
4646
2592
6691
5021
5576
4965
4959
4956
2871
2874
327
4932
188
1343
6171
6482
3110
3055
5602
3559
3066
738
2678
3601
4989
1428
3605
5044
1424
456
164
167
6547
2683
5013
1410
3178
2694
4999
2787
2797
1412
668
3090
3744
7047
281
7029
6233
869
3390
1963
5291
4124
6004
58
777
776
3373
1665
3283
3380
5470
7051
1891
4352
7166
4734
1811
4329
575
3413
5397
5875
1739
5319
562
7072
4383
1881
1884
578
2050
4079
5493
2051
5625
2332
3360
3926
2349
3869
1016
5545
2370
767
2377
1557
3294
1552
6411
6041
851
1616
5497
6227
2061
475
6008
2086
6035
5535
2087
2170
2171
4016
321
2219
1619
4429
3455
1131
3520
3512
1123
3444
5365
3680
336
4080
6006
4097
4120
5983
5968
5960
4069
4174
924
4230
4238
4276
4330
4335
4342
4203
4066
381
378
3567
6175
3579
6169
3619
3620
1076
3661
354
3731
3734
1047
3815
6066
6060
3994
6042
3558
5367
1362
1172
6967
2060
2065
2083
2102
2188
6893
2226
1612
1598
1592
1588
2337
2338
6854
2354
2363
94
6824
2014
1669
59
7001
1784
1792
1793
1806
1856
1858
7143
1738
1735
2382
7122
1872
1885
7059
7036
1919
1931
1945
1971
50
7079
2390
6802
1542
225
6452
233
3079
238
6437
3159
3174
3226
2979
3239
3259
254
259
6404
279
288
3400
294
3417
1241
3433
6498
6523
6795
2417
2444
6753
1506
6698
2518
2522
1483
6512
2569
2585
2601
2664
2675
1426
1423
2687
1407
2854
2570
4347
1772
5574
5630
471
779
5571
5570
5578
4784
4527
684
5208
5207
855
5471
4814
4816
4348
4924
5563
4923
5169
4392
5795
5125
4915
865
859
5189
5429
5147
5025
805
802
5664
799
4656
5330
5345
5696
595
5769
5364
4995
5660
5290
5029
5269
5033
4983
728
5067
4978
4869
6438
2781
4909
3037
3074
3060
3064
3078
179
6532
6524
2959
2791
6552
6505
6506
6509
3111
2910
492
6517
196
1379
2926
6430
3119
275
6368
282
6351
289
4745
4729
6324
4727
6381
6291
4691
6287
6245
797
806
3547
1127
328
6211
