6491
4464
1469
1981
1867
3398
1861
5620
1863
3374
4463
6495
5621
1193
3399
3507
6863
5293
1461
770
3395
4468
4469
1464
3397
1989
5627
3393
3006
1468
4466
2405
1195
3377
3370
5626
1864
3505
5806
5618
6784
1865
4011
3371
4015
4743
3391
1342
4127
1000
1421
5256
3500
1466
1595
4253
6494
1984
7027
628
1985
6477
4123
5506
3394
5798
3509
3892
1196
5250
5255
5297
3392
5622
6160
3600
1351
4155
3004
6417
2206
6865
5767
1909
5790
3002
4467
4462
1465
620
626
2972
4121
1912
3379
6499
2978
1982
5992
3009
5796
5765
2905
3098
6695
7021
4460
3090
5623
5794
1913
3504
7146
3136
1914
6419
5629
5131
1463
1596
2459
4461
4769
5292
3093
2502
4200
6402
4018
5334
7023
5257
5248
2509
4156
5335
3372
4764
6978
7129
5624
2909
4014
7020
1597
5691
5062
4017
5390
1427
1467
7126
2956
6219
2440
2906
6411
6410
3373
621
3608
1462
5496
5114
5760
1590
4956
1591
6479
3603
622
4763
2503
3092
3135
3503
5372
5804
1425
5478
4276
7158
2589
3898
1239
3378
4718
6854
2209
1516
5296
4465
1869
3094
1594
7028
2500
3895
1059
3897
1017
2907
2504
599
7125
3249
6541
738
6625
5299
1987
1593
2596
1393
3375
6850
1860
5253
3346
3606
6874
1234
5148
3502
627
7026
3816
3847
3561
779
5809
4088
2601
294
6011
4612
623
4163
2676
1599
6415
6216
4321
4285
5574
5392
4249
4126
336
5251
3376
3896
1813
6597
6677
3396
3815
1241
7145
160
4013
5339
5547
4289
6408
6586
1566
2609
5149
7024
2944
3872
2394
1242
941
5298
1705
2391
949
2501
7162
4772
4016
5442
3215
5507
2673
5068
10
5792
1199
6035
3699
1419
6232
1917
3566
493
2322
5763
151
5878
6212
2765
6875
5294
1905
5786
2146
5696
5762
1980
720
2664
5807
2326
2979
2144
3594
1460
7022
6478
6549
2453
3287
6476
3238
5552
2104
2102
2819
1598
3987
6428
6365
6544
3864
1362
3344
1857
5575
1844
4284
2444
2060
4283
5805
1389
5493
2604
5458
2593
1198
5897
2592
5040
2600
4986
1600
1983
590
6716
635
1357
5333
5628
1884
6887
1810
5576
491
3311
5573
6870
3413
629
702
3294
7054
3501
6783
3283
5554
1380
3508
1881
5106
19
5519
3568
5414
575
836
4566
4419
2937
6012
6401
4124
6574
3983
1040
6533
2033
3005
1016
6068
175
3899
829
4389
6237
4209
944
2783
2942
4079
6260
1911
7012
5207
3248
4171
6991
5237
1411
3289
2752
706
2445
3450
3292
3891
1280
5570
2448
1279
6358
1702
2763
625
5295
924
1118
2072
2076
3419
3433
669
1854
5669
6403
3750
3477
5146
2579
6563
5833
6640
1398
4618
5449
2106
3314
2200
3585
5471
2594
1607
1529
4926
3592
162
5472
825
2616
4047
4813
5832
4258
4266
5441
6797
3696
225
1565
6065
3247
3948
3661
3130
1018
2715
1931
4007
2274
2585
5505
5800
4523
876
5440
887
504
3812
2608
3310
3297
577
5377
2910
3253
2900
1054
4122
2834
2508
3893
4165
664
4282
3522
3666
2717
5105
5088
2712
749
1201
5084
4586
2996
3669
3641
4619
5018
5012
4628
4633
4966
2633
4932
4927
4841
3604
1557
3685
2974
1567
1475
1292
3381
4312
2784
5327
5318
2781
926
3756
921
3752
3007
920
3057
3486
5216
2556
4423
5205
2571
5179
714
5178
3709
5344
1551
3584
6670
1703
5834
2409
2420
492
6622
6488
6027
188
6877
5625
71
2446
2276
253
2061
2173
5557
483
482
2171
6654
2170
1986
2275
2400
5698
5803
2198
2399
6075
449
6799
164
2396
475
6430
7006
5849
2201
2069
1811
18
5941
2489
322
17
7029
562
7111
2100
2109
5504
6557
3961
448
821
2580
166
2149
1047
1172
3657
745
6470
2390
5113
6546
5748
6644
3994
2618
4655
4654
5172
6649
2164
3602
4645
5727
723
3981
725
1570
2576
828
4528
3964
6647
5795
4023
2099
2328
2066
2327
5868
4097
2034
2930
6501
5872
4839
2675
5879
1106
4921
2147
2913
5881
1420
1165
4595
1022
1543
4767
4572
5061
2027
6630
6629
5837
262
2346
4585
6567
5842
2968
2083
189
6010
865
2570
1055
5998
6155
2449
5364
4424
5569
523
4426
631
2443
1880
1882
503
6893
2785
6872
643
4203
1480
4332
1592
3415
1866
3349
2460
7009
4360
579
7149
5491
3235
7121
568
588
6217
565
1479
5446
4415
1360
5412
606
1361
1363
3343
1299
1298
5383
925
4314
3400
6235
5695
5247
2554
5214
1691
1377
3487
1385
3520
1372
5242
6802
6785
5235
686
1588
1915
6758
692
4277
6349
3166
1209
1202
5720
3462
5660
5702
704
3452
6098
5661
5663
4493
4219
6392
667
660
240
6407
2780
6221
6214
1045
4012
6351
6545
4003
242
6433
1041
5479
2788
266
6480
6481
1473
6474
1019
953
1012
946
6300
1457
950
271
6230
4337
4082
4072
4032
4338
245
4278
6233
2001
3986
6856
3067
3446
1908
3451
3457
6818
6815
6782
1221
3040
6757
1386
1943
1967
6661
3019
6655
1190
6858
3420
6861
1785
7150
11
1816
3255
3267
7113
3288
1812
3315
6653
1304
6971
6969
1875
6959
1878
6953
1886
3410
3412
6983
6650
3601
6645
6607
6605
3844
2915
1108
3862
6602
3890
206
6609
2067
6570
6566
1438
1439
3926
3962
1069
6554
2869
3894
3988
2925
6611
1988
6642
3628
6639
1167
6638
2987
2981
3683
196
6631
3705
1410
3711
3723
186
187
6621
1418
6618
3692
4369
3181
5262
4601
5722
4596
2602
2323
5204
2572
462
5726
5332
5176
718
2402
507
880
5880
881
2577
4525
6034
888
6036
5564
4934
4941
5648
2271
486
4779
2310
823
826
827
1579
5972
820
5981
5241
679
1673
4672
5705
5961
2321
5244
5676
6004
5945
6008
5049
2663
851
5272
