5068
6407
1597
1457
1599
1594
1593
5061
1596
5062
6403
1595
1590
0
4082
4161
664
6402
1425
5292
6165
6236
8
1598
1426
4203
5067
2943
3002
1907
1420
6162
1592
1671
4165
1429
2808
1422
4249
608
562
1000
2947
6401
2206
5627
667
606
4164
4468
6405
609
4207
1421
3892
4087
7027
5392
4156
7028
5060
1428
4162
5065
175
4083
6239
1234
668
5522
4121
4208
1423
5629
6408
6161
171
626
4169
170
1310
4168
669
1427
665
3004
4039
4200
4460
5626
5546
176
4959
6233
1393
620
5069
2222
1040
3868
5618
5064
2940
204
6160
1869
1055
4464
6854
4166
174
2200
4179
4127
177
1386
5621
4469
4084
6865
2409
2077
5028
1890
3392
4958
106
4000
5608
5547
3561
4012
356
644
2844
59
1896
1989
1610
6235
6400
6417
6344
6860
1317
3280
3187
1880
6415
6494
6169
21
3505
1533
2201
1591
6
179
7023
3181
502
2495
2399
2671
2996
2946
1342
2991
5953
161
6151
5622
7029
2999
3256
3691
5525
1982
2209
900
1087
1678
2185
1415
555
906
2876
7123
1898
3609
151
4465
4466
3109
2544
162
2821
3455
6863
1941
5145
7020
2872
1586
5169
3553
3411
2573
4843
173
4155
6959
2466
2555
5458
3035
6642
2548
1891
2546
4248
289
5164
4167
6969
5291
1662
2998
6569
3398
569
5005
1897
5238
2278
7128
2572
205
6285
6168
3184
5597
4575
5596
3895
1424
4041
6227
3606
5747
3899
4019
5893
3055
7144
155
6847
2497
5769
596
6163
2502
661
5800
2846
460
3092
4160
6212
6491
2983
453
1984
4126
1612
4137
5489
6365
6364
5542
350
5544
9
628
663
2909
5295
5600
5937
2990
3030
2984
6093
5664
3149
5764
2264
3063
2543
5066
1885
4954
1859
3607
2664
1800
2390
7022
4761
6495
3811
1899
4650
4584
1319
4040
3898
1359
4392
4379
1398
7010
6941
4206
3864
5007
3698
4163
3488
5665
23
7125
6237
178
2515
4010
4547
455
5806
164
4487
2963
6869
3872
7013
5055
4602
2252
408
2812
2394
2499
4081
6771
2944
4658
6276
5654
3501
3182
3180
4604
2627
1352
2973
3502
1450
6958
6125
102
2550
6028
559
6120
1465
6080
6091
1466
4245
3005
552
6008
6005
6952
5100
6910
5908
597
3993
1676
592
3067
2440
1416
1418
2509
7006
1023
6143
1379
738
3457
1867
5388
1221
7070
3295
5551
3608
3413
3604
6695
4916
5536
5194
4942
5535
1125
5530
232
2900
5456
7078
1616
3347
2789
5554
5470
1052
1142
1083
5602
6324
3424
907
3519
1219
3242
1146
4090
1963
3253
1804
1811
1886
1884
2075
1403
3973
1615
4918
4915
1400
1131
1408
1589
3466
3191
1411
1053
1469
1887
4244
1454
5278
5025
1096
5931
5307
4308
4946
4210
4391
3284
4205
5965
2038
3314
4142
5868
4394
5552
2104
5131
2101
5245
4623
4625
5660
3186
3213
3158
4799
3758
5650
5160
2080
3693
1914
5620
748
5604
3188
5147
1584
1311
1312
4420
1704
623
624
5104
1351
1152
816
3133
5823
3578
5501
5822
5820
2065
4158
5798
3135
1029
3566
1318
1315
5506
3397
3229
129
7121
2395
2558
2203
493
6128
6395
6513
287
6293
2589
6273
2273
7014
148
55
109
6478
6950
2960
6322
2961
131
6110
2381
2527
2771
2578
487
6420
6243
4187
5651
7018
2942
6296
6291
5108
2517
3458
1937
4184
5106
5109
3820
2571
1674
6245
2727
4972
3154
4398
5738
6605
7054
1061
5732
1059
7019
2787
280
3500
7021
1026
3183
6266
2091
5659
1675
1410
6479
2333
6310
1503
3456
4240
5250
5496
5255
5488
1987
5479
2885
2629
5476
5282
6962
920
826
6971
90
4003
349
1464
3310
4255
5417
5376
3304
2285
345
4247
4201
326
3224
6468
7004
2470
120
3451
5572
4334
5560
3420
5166
4318
6354
2874
949
5179
3414
6431
322
3410
1648
3220
5199
4311
6368
2067
3399
5549
3949
3167
6625
3897
4502
2972
4615
165
4872
5877
520
3688
1149
622
2600
6882
3912
629
4893
6035
4462
4801
2506
607
3894
1585
7131
4576
5963
3065
3066
4566
1193
604
1581
172
1184
6134
6720
2391
196
2994
4544
1314
2396
621
3853
4957
5826
6645
3755
2717
7
6062
4431
4433
2230
4150
1881
2696
1113
1117
4965
1619
1618
2353
3137
3927
3810
2657
4783
1981
4001
4786
5235
6413
4787
4790
5231
3778
1801
4660
2666
4593
3656
5384
4313
3793
4677
2405
4771
2888
4002
4705
3694
1459
4694
887
6419
4304
5301
4300
1455
2886
5360
1737
6769
6428
2004
5330
4685
6964
3858
1793
4306
5293
4767
6957
4634
6961
4314
6724
4804
4914
4461
2845
6498
3921
2690
6890
1123
285
1404
5054
2809
1913
1912
4275
4953
133
3950
3527
4960
3518
1894
4987
1863
2584
2708
3546
3956
1906
6587
1047
3510
160
4474
1414
1672
6624
5143
4840
2564
3450
6926
1826
3419
5167
4806
4317
4572
3416
6855
1971
3453
5136
6476
4486
6472
163
4497
4540
1180
5113
3586
2570
3454
5125
4546
5135
3583
3289
6098
1452
5594
6341
4123
5872
3097
5570
1572
2076
5561
2977
601
387
6352
5916
6353
593
2072
24
4096
7129
503
378
4017
2274
5975
1588
5508
7115
3039
2226
5855
5737
3157
7036
5762
6242
6241
4153
5708
5704
4046
4049
6254
704
6262
4078
5833
641
2949
3185
3132
6275
6277
2918
734
2914
740
4038
3104
5992
3086
2995
6095
3254
2491
2540
354
3273
5478
2490
2897
2280
7160
7146
7145
6404
6021
2893
561
1660
5486
3268
508
5406
5446
528
6987
4257
5453
546
3551
3756
637
6112
2586
7058
3929
4693
3926
3934
1115
2966
4927
3754
4941
3019
4706
3121
4453
4785
3529
2361
2772
3816
7055
4976
2956
4648
143
4969
2959
5765
4154
3850
3799
1552
4412
1093
144
