1953
6016
3431
4883
6019
6449
687
5889
3435
5745
689
5927
5928
1951
5165
4952
257
6711
79
5559
5819
4234
701
4063
1439
707
4777
373
1095
3442
5074
2401
436
5887
5882
302
2241
1958
6438
1435
6418
3138
3449
70
3470
6225
680
750
4975
414
2167
4060
1104
4888
4233
5845
4539
480
4703
4069
5033
663
4516
5147
1171
6018
1235
1950
5983
262
605
4882
4064
708
3598
7112
917
4533
5639
1432
2312
5342
1505
4884
2091
1354
1314
2606
6017
6296
6516
303
310
4070
2931
153
5554
4239
1107
1076
1226
4775
248
3289
1078
1280
5637
6365
5455
4478
4481
2373
1433
3447
4835
660
4242
4230
152
1476
2240
5789
1514
501
6069
4889
5873
5029
2166
6447
4918
5949
3164
4314
3622
1717
973
4978
6163
4790
1066
5669
2875
456
3296
450
1959
6360
6503
4062
1083
6827
4459
569
2244
4245
6573
1620
1113
5454
3434
6505
3432
457
5459
5966
7004
3473
7019
535
2818
3861
4531
2163
6515
3862
2656
2925
1712
1430
3034
1230
155
2287
4536
68
533
4563
1714
2574
4538
6034
4256
679
5384
5453
6033
6010
4093
1671
3611
3484
1906
301
4694
4331
2103
4330
4047
404
2286
388
4350
3539
5581
725
3672
5632
709
705
704
2429
461
5526
4285
601
440
1773
2390
6078
4973
6514
4968
4962
5168
5154
2886
1101
1073
103
6400
1111
1068
3857
1088
4929
4971
2838
4157
1096
6432
4979
4208
603
3481
607
5638
5148
2932
5144
4614
1957
5277
2934
4707
313
4333
6075
1979
4436
1343
34
1389
1388
4699
3115
6759
4700
3869
2835
4201
3286
376
1625
1626
1102
5814
2820
1015
366
5557
2814
5553
4243
1437
6061
4231
3867
5156
6233
6434
5560
4246
2999
483
4669
6013
6015
4880
4966
265
6575
5780
213
2075
6580
4383
1238
2677
1719
3246
2070
653
978
6025
4776
6328
78
2050
2678
6537
394
1287
1500
2168
1310
814
1309
6079
2991
2481
2161
479
5987
1587
5989
16
1922
2341
5077
145
5885
5835
6427
6507
458
7134
5189
543
6518
4654
928
1422
506
2329
3567
4698
3248
2072
75
4171
6746
6325
485
2997
5832
1921
1511
1925
1929
5837
1087
2106
4885
706
4197
2929
72
5082
5647
74
4906
2935
4512
6705
6550
6446
4970
6778
7012
198
2723
871
5295
5503
2462
6445
6583
2439
3438
6251
6406
4067
1327
2486
816
1155
5361
6767
7050
6556
5398
3643
2576
2674
9
5413
3782
645
209
5441
4442
669
3623
4066
2423
314
6238
4917
6229
1628
5550
5552
365
6409
2395
369
1404
1880
2837
1882
3291
1621
390
585
5219
5813
3443
2792
6231
5924
6054
5831
5005
6456
583
6440
10
2024
7133
2026
3037
4624
4154
6761
1718
4919
4957
682
6481
3565
4633
5896
27
926
5953
3568
7164
1788
1638
6072
3241
1787
1019
1656
6848
1658
6772
21
4627
5045
1016
1807
5909
5984
4604
3617
5055
4972
3853
71
445
4535
7070
1108
2424
1370
2420
5261
2418
7074
3311
6230
3920
1386
2398
5218
3298
6226
3295
3294
1099
5568
6223
4704
5586
1089
2348
322
6218
321
4207
4779
2659
2599
246
6558
3902
3903
2561
2683
4090
4441
206
7032
1150
5479
2512
2718
4485
817
5504
290
2478
6380
4715
2471
2457
4336
6224
2313
444
2921
447
2242
1072
1493
2222
1064
4658
5776
2315
106
3001
4684
2998
2994
2980
468
914
1048
1081
3721
2162
7093
5610
2870
423
82
4511
1451
2069
5078
5636
431
3275
1044
3285
1518
6579
1220
1672
1203
4449
6336
6719
3645
1284
665
4422
1544
4385
6740
728
1513
856
6453
1176
6398
6372
6217
1617
4507
1407
6222
6067
3925
6703
6146
4322
3728
882
1022
1077
6419
3727
4321
6050
4326
4572
681
6490
4489
4432
6073
6256
1315
6045
6436
1053
4515
3961
2160
309
6970
2425
2427
3439
2451
1693
4709
4078
4065
5505
5481
4725
2538
5446
5428
263
2566
255
5501
252
3445
5569
2228
3487
446
5649
5646
4244
2264
5635
372
5633
2314
406
4695
2318
401
2343
2350
3448
2307
2227
4097
5360
2948
3262
99
4134
5071
5070
5067
5046
2943
3068
4908
3097
4998
4922
25
4967
4955
4954
5022
5381
127
2889
5348
2654
5337
219
2679
3349
3348
2714
2904
2721
3327
3326
2770
2805
3292
151
7090
5181
5301
3499
6473
566
3537
516
4623
565
6011
5912
633
2021
1783
1784
6785
1920
4625
6787
6829
4636
4645
1848
541
5842
5960
6822
2049
4637
650
5788
1888
1894
5894
2083
2078
5733
2071
1901
6020
5712
5773
2062
5797
2164
4851
5920
7168
1629
3288
1091
2871
2719
3654
6411
5908
5901
3329
2834
3335
4433
5910
2833
3293
2824
2816
5284
5232
4628
5262
3321
5203
6161
5130
2908
3106
5004
6442
3845
1744
4997
4993
4916
3644
3851
1688
3163
1731
4963
3855
4949
966
4943
4941
6038
3096
3647
5028
4621
2923
1825
4859
5134
4864
1065
5309
5970
2905
1058
5102
3256
4881
1655
2992
3015
3035
3036
1770
4869
6369
5339
3338
5547
5546
3744
2394
2396
5543
2402
1380
5558
2409
6234
2007
2001
1357
3677
6245
3676
6250
4706
5830
2022
5585
4679
3486
6190
2246
5750
6159
4664
4534
2025
5619
2304
2309
1515
1431
2333
4697
2345
2347
2281
3437
5839
6255
4452
2575
3790
2588
5388
4778
6323
2621
6309
1909
2670
2672
6355
1622
2681
1891
5323
5318
1198
2572
1253
1952
3430
6089
4713
2474
1983
5848
5500
5490
1975
4719
5457
1608
2539
1282
1963
6276
5423
4758
1258
1884
6027
7169
674
102
4329
307
175
6708
818
6814
6866
306
214
6940
746
304
3963
281
6588
4083
668
86
81
67
66
7072
6506
202
6826
308
6509
6921
6871
