5646
302
303
3725
889
2010
2017
4380
304
5361
5688
4637
1215
7093
80
6759
81
5058
3158
3728
871
4567
306
1496
2048
4520
5686
5702
1962
4389
6105
4383
7078
1744
6106
5320
5267
2594
6755
2464
1629
4525
5709
6823
4386
5385
886
2147
2014
3598
1524
3726
876
471
7108
1016
1625
87
7104
5685
5687
335
1201
7076
1490
300
5059
310
1379
4387
3633
4444
7075
5365
6098
5428
4813
4385
7102
7094
3639
2018
1522
856
6824
1270
1624
5090
1649
1499
1509
4812
7091
3721
7070
307
850
2013
587
872
2128
879
3014
4222
884
1979
4321
5054
6053
2125
4562
3684
1769
977
6092
1217
1275
4557
3724
5700
4793
2518
2647
388
4526
7098
1630
6051
5707
3579
4034
1899
585
2646
2123
1647
82
4895
3015
7095
5096
5302
4236
6844
1641
4220
553
6209
1798
89
4447
7074
1967
7133
2371
330
2236
3301
371
5886
478
2249
2233
5643
1491
840
3303
4111
234
4554
6414
1362
436
1520
2094
4553
1621
4521
5894
2144
301
2020
3657
2856
5755
973
979
2467
5888
1361
5949
1691
4527
4343
7097
559
2592
1271
1274
827
4388
5426
1495
3835
5363
4119
2599
1976
4529
1973
290
4860
4699
3723
2047
1964
4864
4734
4010
7034
423
6187
5943
6194
2132
978
844
883
972
7100
5723
6343
1726
4963
5893
4563
2098
2241
4792
3683
4965
5270
5272
888
2095
5744
3685
2374
274
1218
887
2011
976
975
4442
7137
3722
2149
5321
4238
7134
5701
6067
4449
7138
2859
3720
4205
6206
4967
1809
126
88
5364
2462
5366
3682
825
1366
405
3306
404
3882
1498
3302
5328
5647
6238
4811
2121
3323
5367
329
1279
2049
5368
2893
4232
5952
1858
1202
1203
4174
3141
1722
613
5898
4729
5726
2835
2825
971
2823
6727
2760
4555
5741
3309
2718
5754
6821
5706
6849
1216
5830
5806
2769
4237
6337
1622
297
34
71
2238
2057
1731
2512
1644
45
1648
1891
48
2297
1682
4228
291
2257
2244
1369
4943
5323
5183
2015
4207
319
4235
1525
5587
1620
313
1965
1961
1960
1523
1776
5581
6358
6060
3729
1068
1640
4631
5978
3308
5271
2341
5276
5983
7106
437
4964
2878
6883
5461
5775
3634
5835
2016
5036
2021
3011
5042
3595
6290
3594
802
557
2059
5883
5208
4226
849
4223
4275
209
870
873
2127
6321
2890
2143
2866
4381
7105
1136
5681
6103
5119
2516
296
1214
2425
5673
294
3322
3714
2476
2460
3385
5703
4522
1367
4443
3326
4432
6054
403
336
409
4481
3439
1436
1433
2466
6208
6519
7136
5739
6939
1897
1799
3244
6517
5063
73
4305
6228
2138
2140
1430
1212
875
3312
5423
4517
6888
6884
1998
4243
639
332
5467
6880
675
677
1365
4711
2590
583
851
1957
744
298
2051
295
6917
2598
43
3878
4446
4861
823
4229
281
4776
1370
6338
2142
6200
4818
4568
5354
5091
1085
4168
2271
4534
1014
6186
1627
4891
4805
2645
3297
5966
4807
2291
4808
1665
2661
1631
2332
1642
3689
4012
4975
431
4382
2211
2832
6744
2712
6196
4325
1109
983
2642
2345
6984
4421
472
5086
473
5128
4716
4358
1073
4109
4242
4739
1628
6074
3128
3017
6841
4113
6064
5988
4061
1278
4556
2386
660
3053
2019
6451
6426
4558
672
809
6406
6232
2469
4478
2120
2124
2247
2133
6518
5942
5935
1734
1737
5899
2232
2877
4322
6512
2864
1205
1882
6822
3911
5295
5971
2429
1936
5048
3891
4046
4448
804
6753
4230
1241
4038
4267
1921
2490
4656
1693
855
5147
5950
615
2800
5720
4978
3444
5002
7109
3169
438
6989
168
4784
4908
5764
83
419
7039
74
40
7135
4973
3300
32
152
3731
37
7119
4803
4821
384
3144
49
4952
3645
378
305
3325
3632
3146
387
3254
3537
7077
482
3889
4503
4502
1852
2129
806
2428
3893
489
5052
4667
479
6058
2820
6047
1696
6828
3267
5326
7071
2377
4800
477
2980
4289
70
2252
1277
5081
6734
782
4337
2431
785
4673
78
5753
2396
2937
4036
1532
6770
6355
4115
874
2627
877
5156
522
2629
4833
926
6351
4315
3250
1527
2867
4187
3913
2875
3738
2210
2624
6754
3551
5896
5055
5645
3719
3688
7051
829
2927
2604
6786
4416
2141
1552
6749
2148
845
2420
848
4966
1238
854
535
3232
6198
3435
1503
7141
5590
17
261
2024
1969
6068
3999
18
5776
5040
4247
6680
6434
311
5838
1623
2700
1432
4359
6915
7043
2040
2030
35
6533
3490
5106
3381
4552
1972
4441
2470
5034
3380
3636
5969
3107
2362
1692
1438
5141
6310
1687
1388
257
1632
1578
1690
3993
4440
7142
2565
3295
2478
3473
3138
7030
5502
1134
3175
5684
4063
5770
6394
1033
3992
4221
3766
6662
2320
5523
2517
212
3307
4062
2511
577
4927
4116
128
5593
5094
4814
3994
6018
2343
4819
2213
1773
4523
1195
4560
198
2643
1066
4360
7079
4971
1077
6356
496
2225
7090
5070
3727
4799
484
401
4001
5077
480
3976
4123
4163
1030
6163
5642
5082
6010
411
2676
3314
2792
1698
4804
4537
406
2684
4350
6675
2706
2708
3997
393
2229
1062
6458
415
131
3516
1119
5383
6742
3492
2654
2829
4176
1727
2765
6668
5381
6737
6635
6667
970
3443
6452
1699
5336
6764
2473
2978
3361
4066
2122
3642
6803
787
4954
4948
4069
2434
1857
793
5661
3757
4501
1483
4472
6556
665
3212
2943
3896
792
5881
6040
4287
3026
5562
4698
4428
1935
3839
4690
5505
1335
614
5526
5329
5663
339
6049
1889
1887
2438
36
7061
2468
2039
2435
4286
6052
5649
4856
5331
3433
4655
3340
365
1512
2131
1392
3240
1517
4244
6123
1391
1213
377
2510
1792
5794
4789
1209
6889
6344
6083
