5742
126
972
2030
759
4383
4389
2059
5385
2123
582
2644
1368
584
1272
4030
6423
129
2714
559
753
7093
4440
587
3689
3683
2645
4637
2519
4038
3682
2872
121
4396
2145
6054
979
301
6189
2048
494
290
758
5091
755
1571
974
1729
5358
1496
307
304
2713
5688
1744
6770
6712
752
5937
2094
3017
433
2020
1182
6422
294
3607
977
3727
1278
1181
5731
2656
306
2499
1160
3834
6338
2719
335
5639
5260
3244
6181
4325
857
468
6202
6700
4957
436
316
5931
6146
5917
3350
580
2968
317
127
5860
7134
4037
975
1880
4034
6441
1699
5320
5328
2039
1693
1205
4448
6443
3839
2114
666
1491
3693
5681
5361
5635
1696
2236
3818
5741
6519
5092
3058
2649
3018
6173
5638
6339
1740
4152
4445
6454
583
5867
646
3330
6711
2046
2037
820
823
850
978
7095
2494
6190
1837
3685
2514
1726
2057
4899
2718
86
120
4748
2966
5373
2638
128
2283
3597
2063
1203
3499
5494
5864
3039
2616
5844
1322
3492
1561
2723
6104
2032
2031
942
5283
1262
3813
2873
250
1563
4035
2027
2715
4789
821
822
3639
124
640
1612
5746
613
2404
891
5632
3322
745
28
5686
5647
4827
3698
1364
2967
5646
6254
4799
1633
586
2655
970
6257
1750
5914
6183
814
295
2372
1184
4435
6702
6818
677
909
6337
7078
3766
680
6244
4830
5027
1725
5564
1206
1207
6250
2511
1200
6331
2239
943
345
1216
4172
5140
2751
576
1085
1162
2158
1575
1979
5566
1277
852
3534
4406
6196
513
2640
3599
2646
715
4352
2092
4895
5326
2295
2141
2142
747
2281
4010
3010
7133
6429
4390
6256
2493
5
2647
4971
3539
856
5313
3910
4509
4394
2960
3838
3496
605
5673
4226
743
740
1830
3257
190
2933
3555
6774
1378
4095
1103
4908
2461
6333
4582
2463
3012
1360
435
5958
3633
1367
870
3550
908
973
6993
6451
3542
3016
1363
1279
1208
3652
3819
2914
4823
302
793
5135
3038
2591
1795
4625
690
3684
1564
5661
6810
5378
4787
5861
256
5133
7099
6106
5934
5894
4835
5935
2528
4044
3354
5172
6445
2021
572
1755
3326
458
1321
5786
5095
4223
3833
1583
699
6206
455
3676
533
6704
532
944
3310
2963
6157
4565
6706
3675
3353
6424
4441
3352
4829
2726
4220
7040
4446
4236
914
2305
2928
6328
6323
6265
946
2371
5493
3320
3688
3929
2029
7006
293
1567
4943
1569
213
2155
6198
80
6399
1230
319
2022
5863
2515
3035
4032
1263
1273
2055
2599
5130
3831
2608
2609
5940
785
4359
6759
5415
2951
1553
4691
1274
6132
3814
2512
5351
5645
1462
2737
2110
746
5636
5106
4433
1161
6819
890
7080
34
1695
6125
4567
4741
744
1503
2602
122
348
340
4380
1495
2474
5866
123
82
7091
1493
5990
639
5684
1365
1639
4481
6197
2280
2288
2282
2121
6229
2756
2213
790
643
3355
927
2186
864
3521
1917
3548
4442
2205
889
4303
3369
3535
5565
5883
932
2174
6788
948
693
4821
2143
2035
933
5868
813
3574
2153
665
3415
6998
810
537
1087
3323
4655
6674
252
6215
2429
1542
6241
1698
2594
5329
2570
37
5778
6420
5903
4560
2395
1723
4783
115
437
438
1524
5082
6671
5936
1603
2720
314
312
5743
5136
6251
3132
138
3768
6217
1630
5070
292
355
2711
6494
6518
119
5748
4964
2462
6358
4915
1734
4557
5784
3674
5098
1494
4751
2611
5952
1366
2849
1372
1376
5492
1826
5692
4516
506
1008
514
5702
3314
6427
6802
5165
3614
2643
4185
4054
1328
4945
6267
2386
1745
451
3840
1062
4786
3832
2099
460
5139
5093
1438
1573
4875
1533
1395
5739
3826
5854
1413
5738
1237
6126
3883
797
1499
5090
5097
81
6228
3869
1339
5132
1271
3825
1265
1557
782
1559
6754
3835
1549
4826
1215
922
2793
6786
5584
3691
3564
1752
1756
1758
1760
1063
3686
6811
2915
945
1790
947
2936
6798
1838
1835
1833
1884
916
3591
2773
5028
5586
5173
4212
3651
1820
6334
5357
5573
6017
1177
1638
1632
4825
1619
4834
851
3493
1201
6995
7162
6442
6075
3497
1602
6351
5023
5776
1714
5156
6185
6343
6184
6348
4114
5355
1959
5568
4309
6821
3747
6815
4386
4820
5938
457
4932
5948
2639
3251
439
434
6091
2181
3033
4421
2402
2403
2177
5236
7083
2171
3409
5944
2159
4812
6493
674
675
678
679
683
466
7092
467
6466
3335
4750
6288
2285
3021
6292
4727
539
6205
2728
105
536
3321
3317
177
3315
3013
6283
5495
2309
512
2965
4760
603
3297
2650
2348
4723
6253
3334
311
130
6249
333
2592
3432
291
142
297
710
5277
4398
2520
5930
3430
300
2717
6510
2712
313
349
2517
280
2600
342
2565
2604
695
347
2506
730
267
2958
1887
1349
3650
3657
1480
1802
6169
4205
6321
1885
2337
3659
4528
5131
3332
6179
3679
5486
5271
5303
2529
6271
1888
5992
1267
5680
2289
976
3871
5662
534
6797
531
6242
1560
2595
2654
4769
6320
2767
6270
3600
1249
5727
501
4894
6232
3325
6319
1548
1018
3303
6791
3868
6252
1759
3774
5762
2445
6262
4946
392
2810
6101
3749
3830
336
1163
1164
1165
1204
5145
5916
5649
2497
4948
2485
1180
6352
6048
341
370
5267
3169
4962
2476
3171
6367
6011
5147
2513
1727
7075
441
3245
1742
1576
4940
2911
453
4171
3259
4178
464
1066
4718
5440
3789
2601
5058
1604
5153
6432
5911
2425
4782
1327
6414
6415
6478
133
5073
5904
3219
5912
2096
7149
805
4822
174
6755
6175
676
6751
812
4301
896
5561
3540
3454
3541
4439
910
1375
858
3937
815
4438
3914
5113
3464
4426
6896
3477
792
697
2136
4321
2984
