935
6683
3904
3060
2702
3905
2534
1293
3900
2531
3906
6370
1304
4358
5788
62
1295
1231
3341
1160
6583
374
1082
49
2864
2838
5210
1296
4357
3414
1300
1133
2422
727
3909
3903
3902
2539
5641
6088
1802
4349
5813
3272
7064
3461
2533
1098
6073
40
6689
5787
396
4869
3121
6685
6686
2437
473
1132
5129
1048
6386
5870
2436
4627
6607
2659
3908
843
1292
45
1308
5420
12
2809
6409
4477
3964
2427
1294
7056
3118
6483
1297
5514
209
6046
3415
2830
786
6886
2538
2853
2889
4863
4413
5051
2644
2737
6609
881
218
4250
159
5086
5078
5032
4860
2833
6075
6412
3114
6085
6410
711
3703
6772
6687
2095
327
5502
7048
1137
2592
1072
1290
2631
48
3087
6057
334
6608
338
4281
4537
357
360
4283
1888
4530
4472
6018
4478
1095
2707
4510
409
158
1165
4407
6603
659
5383
707
2438
3444
5491
1305
6240
47
6238
1298
3422
2857
5703
2536
1163
1169
6416
2404
2434
5193
6597
3340
6066
2753
938
3719
1369
6541
1301
5088
5041
3640
819
3599
3424
2168
5829
1216
872
5850
2881
4471
6884
3490
836
6586
5504
6631
1093
611
5265
1091
6682
930
6433
2807
5356
1947
1946
6079
5158
1453
5445
4874
3075
6716
6369
1643
337
6072
1139
2834
3353
7169
2472
2336
2403
3879
3836
43
67
2420
1013
7065
2310
3875
76
3467
2426
7107
7066
5943
2630
3611
5971
1037
3076
1604
5815
3128
336
2071
1078
5378
5371
5368
3079
933
2423
3077
1529
329
5295
2411
1088
3359
3586
6069
127
1956
1949
429
3061
4752
4775
893
406
4733
4816
4294
2701
4862
3700
565
4865
5856
3122
2899
488
1794
2614
1784
6688
518
4681
2019
5030
2765
6544
3073
3717
6052
4033
3969
2204
2986
2861
2451
2859
2516
5784
2837
2851
7119
6820
5879
3416
1030
2576
6082
3990
46
3417
5630
5481
6137
2985
1009
2432
6378
1164
5764
3144
2643
705
706
708
6776
2120
2442
716
41
873
2989
1883
1291
1207
4779
3451
6602
3288
6604
5640
4875
1200
2958
3296
3685
4271
6200
5761
13
4868
1940
4867
2858
6641
2303
154
2317
470
6626
3528
513
6089
7101
2407
5285
1032
1033
5309
5325
5338
5467
1957
106
658
5465
5454
2424
701
7068
682
7026
5802
66
6508
44
4994
5824
5004
5006
6580
6575
4247
6574
1031
6246
1302
6250
5089
5792
569
5107
2835
1039
1654
5057
2806
227
4776
6684
6833
6015
1059
3111
6730
3710
6932
3113
205
3074
6858
4384
6680
6780
2700
4328
4470
3711
2693
6663
1049
4621
3790
3064
2138
3069
2139
4626
6888
186
2219
5528
2767
1347
5009
719
3024
3443
294
2341
6050
725
3248
354
5015
279
3440
2134
3411
5083
3344
3462
1392
2135
6788
1701
2435
3629
5812
3172
315
7042
318
5281
2065
2795
4342
6414
3011
6051
6049
5320
2060
5353
4126
1521
4343
2408
5369
614
4348
709
5008
704
7088
2044
5153
1645
7084
6764
6498
2433
4346
1036
5197
4629
2687
6390
5211
5121
211
5349
6630
180
3152
6232
1299
6835
4906
828
2224
4815
151
6692
4730
5652
5647
3961
847
4475
36
3472
385
4454
2883
3124
1155
2708
837
3874
1882
3127
4739
4049
4046
1157
4458
3126
3112
3068
1783
3116
4819
5841
6656
896
2855
6868
5665
5379
5377
6181
1309
2860
6105
1168
5976
4119
5772
1510
5770
3901
6901
2214
4412
3497
3078
3176
3502
2868
2530
2865
2067
2202
5404
702
2430
215
4018
5803
5515
6245
5517
6830
3867
6330
2836
3799
4070
5537
3413
2969
1307
1332
1329
6249
3276
5497
3877
838
5442
3211
6373
6186
5653
3083
6189
2253
6194
33
4559
3998
4473
6203
7100
811
3277
4476
2921
6269
4289
2061
468
563
4282
1878
2271
6940
5874
462
2768
4798
2769
3618
5137
4188
2927
6506
3709
5972
407
397
3831
475
6014
6691
6996
964
361
6984
2734
536
3115
5945
1641
6681
489
4228
2760
4877
6669
3701
3071
5080
477
2759
4154
1908
5327
4336
6439
6632
5221
3352
639
3119
1944
6733
330
3067
5266
2705
6456
5282
1559
5324
2804
6650
4735
5201
5190
7044
1950
1303
6252
5771
4689
2484
5774
4685
4991
7163
3822
2286
2164
6644
5977
4883
1809
4890
3838
4493
4377
2964
4479
4904
4907
6944
1817
4291
4461
882
3795
5783
1250
3975
1202
6149
1244
6624
2307
3966
1239
1235
2866
2704
2208
865
1066
2535
2479
5677
1970
5859
1990
1941
1272
156
4287
6651
1188
398
4410
1885
1068
4422
3681
1905
1260
4395
2011
5340
6254
2097
936
6718
585
3445
5147
3722
2108
3706
4562
5451
5952
5464
2116
2117
6531
6715
721
2012
1076
3731
3610
4634
5428
5413
3447
109
1528
4118
5305
1131
931
2064
2421
2792
5366
5367
6400
2922
6732
4138
5207
3017
6081
4345
119
1636
3469
6353
2131
566
6572
1046
7105
2839
5797
2468
5562
4344
7014
1755
2843
528
4523
5615
6585
6258
1765
6256
5001
365
1724
274
2277
4654
4199
5498
1694
69
2983
6321
1140
5816
5085
1398
1375
4680
3468
4087
5510
2764
989
6304
5944
5880
1128
5858
1034
1099
5857
5853
2901
1067
5852
3471
5810
1081
2742
5767
2641
2211
4417
2651
4460
3787
2137
2119
4569
4575
2077
2686
4619
4620
4622
2056
2047
2045
2041
4635
3702
4682
4691
1994
2703
1974
1959
2639
1948
4378
4370
3932
2537
2511
3992
3890
3862
4101
3860
2431
2402
3855
4184
2604
4196
2371
2365
3851
2356
4246
2617
3834
2309
2287
3816
2278
2633
2244
4374
3493
4750
4757
5362
2817
2820
5416
1450
2828
1438
1437
5450
1424
5470
5496
2832
5507
5511
5529
5531
1354
5554
5559
1271
5654
1269
1265
2867
1201
5753
5359
4755
