5657
6949
3046
3047
6942
3049
5445
3101
3758
4607
3108
3045
6904
6911
6910
5651
3044
3755
3109
3041
6940
4602
3105
1706
5652
5650
1701
3043
4262
6922
6038
4601
4455
5655
5656
5659
5456
5658
6926
1650
3521
1653
6558
1655
4604
6127
5448
1937
5653
1652
5654
6928
3753
4280
3102
4135
1659
3082
3104
5436
6900
5450
1658
6929
6930
6935
3754
6034
1472
6543
3520
3525
6122
4136
2325
4297
3100
6936
2635
6920
1700
3528
4264
3529
1282
6962
6584
3042
6120
763
3023
2639
2633
1441
1705
4139
3040
6919
778
1479
1286
1704
2004
6546
4600
5453
1657
3615
6905
2070
517
2634
4261
445
6637
4271
3088
6921
3522
6924
2632
1317
2745
3280
2003
6927
6941
3086
446
6908
4182
1284
6938
1932
2323
6916
6771
1475
3318
90
3107
4989
1707
1285
4608
5443
1449
5662
4100
984
1179
6033
768
1709
6113
6948
6934
3319
1280
3526
3048
1476
4269
3933
1313
202
5577
4999
2115
2686
7
6968
6909
4606
2815
6786
1170
1448
3288
6725
1173
2452
1654
4577
5005
3752
2207
3756
3939
2069
3930
4339
4991
4840
4879
1926
1765
1708
5371
5278
515
3396
6672
6800
998
995
990
6902
6912
2638
6931
6937
919
6945
6961
773
3022
7161
3450
6581
2630
2445
5571
1474
5689
5699
4143
1440
3964
5977
3750
6123
6128
3751
3781
3511
449
4993
2530
4212
4278
4603
4130
3269
3084
4939
4938
3456
2299
2637
4605
337
653
608
6623
7159
5458
6947
766
6537
5490
5228
6124
5870
6741
1450
5760
7164
6932
5047
992
5438
6903
6933
5238
6037
6031
1311
3759
5001
5014
5975
2237
1319
6325
3956
6914
2116
441
1467
2107
6003
2328
6531
6378
421
6835
6809
415
3131
6768
1172
1174
2616
6944
1176
2573
3359
6665
6594
2449
6589
1187
654
3524
3527
1249
2442
2439
1470
6923
5440
4661
1742
5239
5304
5441
5188
4266
2738
4951
5030
2940
5579
5664
4995
1767
314
1745
5431
5599
3380
1674
6506
3441
6532
5346
5374
6545
1719
3523
218
5316
2075
4875
1718
6907
4996
950
991
6847
5079
5092
619
6789
4830
1156
5192
2903
3265
2631
1711
2919
6505
1712
6730
6783
4544
5439
118
3932
5967
1332
4273
6
764
1477
7128
2667
194
4082
5511
7132
4103
4108
1444
5768
5553
4254
2081
4090
5476
2218
1651
2073
1768
3651
2696
3690
3716
6157
6125
7031
803
3967
203
6030
3772
2321
5460
7139
5475
5444
762
657
873
903
2702
2308
994
1702
1697
1710
1679
1678
1723
1755
1900
2005
1548
1538
516
1443
1425
2117
1423
2152
1337
2256
1316
1289
2326
1195
2584
1098
933
2821
0
5211
5740
5486
210
5413
5215
5146
5113
4998
4987
4931
162
4904
4631
4611
4548
4475
4456
4434
4396
4392
4285
4265
4843
5789
5873
5879
7155
7124
7085
7036
6970
6838
6836
6820
6806
6785
6742
6739
6732
6724
6587
6577
6551
6419
6403
6316
6222
5899
5895
4203
4153
4147
3268
3656
419
412
3774
411
3776
3782
3150
3789
3447
440
2886
443
2872
4144
4077
4037
6185
5896
3085
6738
3089
2636
6673
3295
1233
1324
6503
5974
6001
6039
1281
6068
6383
3282
6129
3286
1310
4094
1020
2677
2868
733
750
2812
2787
7055
7037
7019
6990
6986
819
869
6966
905
6939
6918
6901
6895
6894
6866
2946
2947
6831
996
2956
999
6807
1406
1061
1127
3333
2478
1428
5010
3664
3697
4986
4942
3764
4874
1713
4755
2267
4492
3834
2235
3849
1807
4412
1903
4400
4398
3941
4393
2156
4390
4295
3962
4272
4263
4183
2079
5038
3368
5134
5182
1431
5874
5854
5825
2472
5767
2457
1457
3427
5665
5619
5573
5520
5495
5488
5482
5462
5457
3458
5434
3608
5396
5344
5343
5261
5227
3624
2840
5195
2365
2817
3584
358
1
444
106
353
235
120
201
417
4663
4668
4717
651
4878
4543
4924
4930
5002
4866
4509
4497
5008
4399
4321
4300
1068
4260
4219
4190
4179
4166
4164
4157
4141
4140
4501
5009
5087
5074
6073
6045
6021
5998
5965
5947
5924
5846
5769
5763
5743
862
5633
867
5595
5592
5552
4098
5099
5162
948
5187
5280
5067
5370
5449
200
892
5510
885
5526
5393
4055
3914
3931
2589
2587
1335
2564
2559
2465
2453
2444
2264
1384
1385
508
2076
2074
1326
1407
2042
1985
1936
1933
1922
1724
1717
1460
1463
541
1660
1636
1574
1570
2071
2626
2822
2843
6111
3904
3838
3784
3775
357
1145
3724
3693
3650
3629
3593
3553
3452
392
3314
3313
2879
1283
2941
448
3025
3038
4004
3080
3124
3132
3133
1243
3262
3284
1255
6115
1513
6256
6476
6490
765
6141
6498
7152
6703
779
6862
6326
6507
6582
6329
736
7145
6981
697
6182
666
6746
761
6416
6177
6767
6530
7033
6769
6723
1002
2869
4757
2799
2850
6952
6925
6943
4753
6955
2827
1295
2874
4669
2871
1003
6509
993
997
4662
4957
2739
5216
1355
5204
6985
6984
629
951
5164
6424
6973
2572
5065
2588
5031
1329
4997
4994
4990
2621
4984
4641
2663
2681
2693
4844
2797
4632
4198
4609
6626
4175
730
6661
3383
3408
3418
4149
1092
6686
3459
3506
3519
3352
3965
1178
3934
3912
3879
3658
6766
3825
3788
3787
368
362
3771
3763
3587
3316
1515
6804
3005
3027
1268
4547
694
231
3083
6511
4508
6868
416
741
3106
4495
3134
1049
4450
6833
3271
4366
4364
4356
4351
6562
4307
6827
3309
3310
3312
2959
5253
5004
1942
1445
1824
848
1860
5759
1934
2426
5668
1983
7054
861
2000
5608
2002
774
5572
2040
6292
2055
5546
2058
5529
5527
5525
2067
1762
1758
1753
6219
1540
6161
3
800
655
1656
1478
6028
1670
5999
1703
5985
7034
5982
6210
5961
6211
1714
5913
5907
1462
