3109
5658
6949
6929
5657
5445
5655
6911
3100
6920
6928
5448
6910
3043
3521
6936
1701
4280
6584
6904
1706
5450
3049
6912
3082
6937
3044
2530
3045
6038
6919
3084
4101
5653
5652
2325
6926
3101
3086
3047
6543
3967
6916
5651
6922
6962
6932
6942
6935
6940
3088
6786
5656
4989
2452
2633
3042
6637
4182
3046
2004
6589
4135
3526
3041
6946
1705
6725
1707
6901
6903
4601
2772
3040
3772
5456
202
6127
3107
6039
1932
5520
3102
3525
5436
5650
3758
6724
1933
6931
1659
6122
6905
5659
6120
4273
5665
4278
5654
6028
2667
4090
3318
5439
6558
1653
6924
4607
3755
4271
4183
6930
2637
6933
2686
3553
3104
5431
6941
5443
6732
6902
6037
5223
5879
6914
3089
3105
1700
2323
3780
1652
2207
3615
1238
4875
1061
6789
203
6623
1654
1937
4187
6918
3083
4455
6907
6034
5559
6909
5846
4190
1697
1704
5899
1709
3759
441
7161
5873
7155
446
210
4
6388
2435
6123
126
6578
1657
2632
508
6927
3976
3108
2003
6934
3213
6546
2000
3932
6059
6089
3771
3023
2815
4264
6030
2919
2148
1441
4188
5976
4602
4606
2015
3781
4175
4181
2758
6112
2812
6779
3753
2636
2635
3587
2634
6847
1472
108
3522
6968
3427
1282
5316
5430
1655
7091
5483
5462
7136
5438
7139
6
3085
1127
803
444
5877
2573
778
4285
773
1668
3054
314
876
1669
1479
2328
4879
5441
3750
2745
1650
443
1666
3450
6113
6473
3319
1179
1172
1936
6768
7036
7045
1491
1401
2453
2326
4136
3504
1187
1765
2738
1124
3268
3789
4631
5030
1073
6598
2770
6820
2897
3582
6843
2878
109
5763
3784
3025
2630
5099
252
2449
1391
6778
3520
4262
4186
217
2252
6157
2002
2868
4261
5907
6186
2639
5228
5434
4632
5005
1333
2661
4604
5694
741
2621
5914
2799
5597
502
5898
4393
5768
764
5573
5261
5529
517
4942
2665
2478
6125
445
5437
5209
872
6296
3529
6844
6807
1692
3690
6720
3528
6701
3754
215
218
3900
1814
3028
1450
3939
120
6900
7164
3214
3316
7100
3404
1658
118
3446
6975
6973
3456
1477
6938
6917
6976
3941
5444
1934
4148
6307
6506
1944
4192
1879
836
6509
124
1474
6872
3527
6128
6857
6853
6885
4098
3578
3589
2301
5011
2844
5743
4931
6769
969
4960
2264
2929
5736
657
1249
3682
6067
3672
4991
6800
1693
1171
5599
1702
1095
5433
2439
534
3210
7124
6263
7138
5440
5453
7143
1574
1068
2879
7140
6923
5370
2541
6944
1476
5197
2580
1111
6948
1286
4153
312
3454
6333
1941
3452
6979
4179
965
6785
3859
2709
2711
5947
1433
3048
241
6587
4595
6582
2777
1205
6581
3907
2704
6577
6033
3921
892
4434
6551
3933
2847
751
873
6043
1157
4392
3961
6031
3785
2254
6678
1876
1708
2668
2941
4904
6295
1449
4863
216
961
4862
1285
3426
3423
5322
3413
4874
3120
3409
4329
4450
4103
3752
4191
4876
3924
4003
2669
4884
3059
4198
4938
3310
3062
3405
3207
2789
4820
2597
4706
3106
1121
4139
3764
2593
701
3965
3570
3788
3561
4130
5106
3817
1206
5195
1139
5260
3628
5227
905
5222
2955
1240
3459
3901
4605
600
1173
3895
963
4860
962
3265
206
1495
6947
1656
5761
2303
6373
5553
7034
5568
1445
5874
6068
2043
6741
5765
311
5825
1811
1979
6036
1718
6984
6848
201
6211
6840
6974
1444
6014
7030
1815
6977
1775
5902
7095
6505
6884
5460
5488
6730
5490
6469
6519
5511
6721
6771
6915
1402
6783
1890
6921
6861
2069
6532
6798
5913
6939
5741
1639
7116
375
2843
4395
3778
1570
3782
4414
3774
1538
4422
4674
5949
1863
403
3700
5952
1454
952
5975
4600
374
2066
948
4497
732
2796
6003
388
4448
381
3051
208
2778
6052
1772
6083
4145
4143
4138
3925
301
6395
6398
1817
4100
3024
2918
3931
264
4080
1409
4077
3955
6467
3959
1848
4020
2940
6483
6498
1872
4157
4166
6366
4173
4339
1436
4321
4308
4297
779
4279
2023
2005
789
3896
4219
762
4213
6293
6583
2892
4199
329
6579
324
6311
3030
3914
4178
4174
906
6742
6728
2979
3208
516
5014
3323
1284
5001
6908
5526
4998
2638
1255
3524
5320
6989
127
2269
2432
3313
6862
3385
4970
7077
5701
3421
2616
5136
1326
5595
5664
3118
5592
1660
3447
5579
1322
5087
5211
5570
5552
705
6961
5550
5720
5771
6883
4951
4866
3087
421
6803
5912
6792
6788
162
4786
2133
2444
6765
409
5455
6762
3595
6809
2684
3431
5371
7152
5800
5789
3586
6824
3566
4889
133
984
5872
3183
3912
3275
3908
1661
1825
1860
3027
3962
3269
268
1
1651
257
7108
7131
1067
3960
3333
3383
7154
1587
6574
3217
3232
3408
6541
3216
6575
6537
7159
964
3035
1726
6641
3783
6888
6650
3533
6865
212
6845
1684
6827
147
3756
3626
6804
6684
6687
951
954
1134
6711
6782
6770
6763
966
1437
3434
3812
1435
902
251
1031
3903
3437
3114
1807
3113
1665
1796
6599
6600
235
3451
6972
3457
6609
1430
1431
6621
6943
3826
3825
6626
6925
3816
3853
5452
2700
5870
4880
2235
5819
2249
4927
449
5891
655
2663
5753
5749
4993
4999
5747
2299
653
5019
2677
2233
2760
2115
4638
2128
4715
702
4729
2681
2740
4757
4765
2138
2139
5925
2210
5906
4738
5961
5038
1331
1274
5263
2531
5287
5527
5525
1287
5225
2481
2474
1295
2472
5502
2470
5495
3267
5523
5047
500
5192
5056
5057
474
5065
2631
5088
5092
5616
5093
2321
5108
5631
2596
5163
5619
5184
1329
5967
319
313
763
807
4071
6087
4315
333
4082
4309
800
1394
4212
4263
4289
2026
1983
4603
1903
4254
337
842
6214
1930
2869
6383
4094
853
2040
4400
2105
6335
2081
6493
4577
6331
