443
441
6038
5658
444
6940
1658
6942
445
3105
6904
6033
446
7155
6935
5520
1652
6039
3046
6037
4608
3042
2667
5450
1285
2633
4262
440
3048
3109
6930
5654
3049
4455
4604
6558
3040
5656
5653
1653
4601
1655
5443
6543
6949
1171
6031
6546
2301
6034
2081
5657
202
6920
5448
6910
3286
3023
447
1440
5873
3284
6674
1650
1280
3047
1714
3044
4273
4271
1178
6786
118
6929
4175
1441
6922
2069
1654
7164
6903
5651
3041
4173
1286
3082
1284
3101
3102
5652
1449
4280
6789
6928
1406
6921
1656
4264
6919
4412
2686
6900
6030
2669
5476
1287
5655
6911
1431
6908
1283
2415
6926
5846
3086
2204
6352
5455
2009
4265
3287
6843
3100
1717
442
1701
2632
4600
7012
6946
5490
1282
6127
1281
3085
5529
5462
5456
5516
4183
2635
203
1719
2321
1061
4101
1712
6968
6901
6059
5659
3967
4602
7150
3675
5452
3045
4603
5877
2815
872
1111
5664
1337
1476
4136
6045
3104
4951
2004
3521
4815
2003
3567
3108
1565
6768
5030
6513
6937
2329
1657
6936
6924
5038
3316
6120
2375
2474
4356
5495
2677
4177
4632
5445
5685
2530
2593
2663
1718
6905
4875
205
246
5907
2481
6694
4860
4577
6766
1713
2323
4606
3088
6783
6782
3568
3679
1289
5440
7069
5912
1710
2573
6304
1288
4109
152
6003
2580
6855
6931
1598
5453
4285
5842
3025
1659
2325
6785
6941
4170
200
6853
5934
2307
1179
4297
2419
2461
6122
6927
3454
208
4180
4181
1170
5493
6315
4139
4104
3288
4402
5914
2634
1402
2002
1444
2456
2067
4172
179
3992
5457
2696
6
5459
5460
2452
6962
4071
3669
2488
2007
2398
853
90
3059
4607
1711
4090
4233
5087
6762
3758
728
3643
7161
5743
1783
7158
751
6914
4817
3314
2392
6765
2066
6934
716
4865
388
4392
2442
217
606
4879
2697
6043
5882
5879
4737
6447
4730
5712
5524
6551
4422
7124
5977
5281
1391
3659
5492
2821
3290
2570
4135
6556
1716
448
1715
259
5616
1944
449
2457
6847
6848
2472
3787
4082
4187
3281
3283
5080
6807
6975
3089
4876
2070
2963
3676
2309
4094
6637
877
176
4390
6701
2055
5458
4278
4942
6036
2797
3615
1472
4329
5316
5314
1437
4132
2919
714
5930
2850
5417
3427
6485
4605
6001
608
2693
142
206
3021
1129
4261
6741
4400
4398
4010
261
260
2029
201
916
5479
6966
3106
6725
6711
6157
4272
2662
3691
2671
5465
3849
5283
821
6498
6689
6388
3653
6784
4100
4595
1916
5328
4631
899
5306
1915
6769
748
5433
3623
588
3674
5099
3672
2300
651
2439
984
1919
6581
4076
4153
6812
5447
3665
4077
2473
5441
4179
6675
862
1910
2206
4434
1574
3313
6923
1780
5752
2795
6032
4030
2684
1317
1570
6267
6902
6019
6007
2576
1817
1371
5903
3429
3024
5033
3452
3327
1027
207
2692
4397
6970
2698
7010
243
162
4925
6083
3987
2721
252
3871
264
269
6948
1176
6945
4269
3907
6912
1677
3778
4321
2872
5650
1425
3043
430
1423
3784
1474
1479
3914
5926
3051
4206
6820
1446
1460
1548
4203
7153
7159
3640
7037
1638
136
2179
2187
635
1302
3983
177
6102
2331
5834
2895
1238
6990
2695
3853
5322
738
2324
5838
7
7018
4130
7019
170
6540
3383
6539
3437
6028
5444
1508
3654
3664
3390
844
3423
5999
1531
2816
2817
3426
5913
6584
3626
7065
4867
2874
7044
2173
4559
4905
123
718
2156
3451
1330
6035
2788
5236
3670
1573
2789
2238
2148
1307
646
3113
218
5747
333
2537
1942
3018
3780
3781
6763
5047
3318
3096
943
3772
1054
4999
268
3812
2000
4207
997
2547
4638
5031
6383
2001
2207
6899
3028
902
527
4417
1807
3252
3834
299
921
5079
5092
2349
266
1706
5065
6845
2471
4986
2520
4430
4492
3107
3005
1707
4107
934
6973
6974
1692
1016
5975
5669
998
4335
1911
2127
1902
1914
5933
4339
3642
3555
1480
4204
3258
1055
1436
5661
1433
1950
1491
4330
1443
5939
3185
789
4572
5666
3550
6316
6364
3627
973
2103
1174
1630
4267
933
2062
1708
4171
2031
4174
2032
6406
1208
6113
4176
892
911
1671
4391
1697
6422
5464
1678
6111
5679
1311
5788
5680
3425
5550
5704
5708
3289
1377
1106
5522
6395
3325
6470
6457
4182
5763
4260
3607
6403
948
1335
4405
5786
4530
3526
0
2390
6792
4947
2707
2706
2822
2704
2933
452
5066
7106
4840
2455
7109
6854
2844
2847
4710
3004
4709
5289
3789
250
2256
4781
5053
5036
6787
77
6739
109
6767
4098
2744
3984
7053
3112
3976
2796
2322
3673
4733
6693
7038
7036
3080
5126
3682
508
6678
2314
4080
4945
5223
4784
3910
3649
4035
7143
2879
3030
4
370
258
3933
3648
5014
723
5035
3645
2918
4991
719
5523
6939
6917
5765
3084
5761
3824
6877
155
1787
6916
5557
2596
5559
1643
6947
6068
4459
4944
1127
3307
3233
4934
7168
1314
562
1146
4626
5874
5155
6932
4404
2394
5870
6223
3310
6938
1300
4228
1295
3456
5511
1632
966
968
4225
5519
5142
2740
7031
5785
5499
7030
6909
6089
3522
1052
6856
6977
2531
2636
3001
5665
2539
1067
1069
6955
5668
4673
3788
6882
2637
1199
2639
3282
251
1093
6876
3528
3007
4712
3333
120
4012
6951
1948
4048
1810
4263
1263
3556
7023
1937
4949
5089
1816
4435
2575
6827
5619
4431
1185
3755
1884
1236
2673
3764
3473
996
4899
1820
668
6500
4547
2109
5973
5430
818
2860
5976
6488
3420
5434
7116
2267
5438
4838
4609
4845
4532
5908
2827
848
1546
6459
1386
5906
73
5905
2295
3900
2115
4315
5291
803
5325
750
1
753
5955
4810
6545
758
5310
1450
1448
4570
2177
1445
3119
7154
6534
3646
1435
3944
4119
6559
5396
34
