4264
3040
3045
4455
1285
6942
1658
3048
4262
3105
6034
4602
6038
1474
1657
3102
1479
1170
3042
5657
1283
446
1286
445
1281
1282
4601
1655
6935
3043
1650
1284
4604
2633
1178
6033
5443
6949
3041
1476
6904
1287
5520
3046
4600
5651
6940
5448
2069
440
3109
3758
3521
5453
6031
1280
4608
6543
1289
444
5445
1652
447
3286
6789
763
4577
6910
3044
2003
3047
1288
1470
4265
1179
5441
1708
443
6945
1653
449
6558
2323
6039
1706
5653
6900
4280
203
4104
1448
5450
3049
4105
2632
4100
441
990
5449
3082
3108
5658
2444
2635
5438
1444
6922
1475
2081
1707
1472
2070
3753
5654
3522
3288
6036
5655
6908
4109
3101
1449
4574
1701
1172
3104
1440
4182
6767
5575
3933
5650
3023
6786
6766
4606
5656
4101
4139
653
5577
1441
5444
5907
5346
6962
7164
4271
1705
6911
5659
6030
6903
4886
2638
1443
4136
6803
995
998
6785
4297
2329
761
5524
5652
3526
6037
6256
4595
1659
1174
5856
2580
3289
685
2074
3284
3262
6311
4882
2004
3774
6674
1173
2634
206
2055
4884
6001
5374
5457
3932
3106
738
1654
1656
4607
6127
6089
5010
3897
1700
7116
6921
6763
6920
2452
90
202
2481
2109
6895
1313
6931
4285
4422
778
2325
269
6672
258
5239
6297
1446
544
6551
6546
3776
5370
7012
6445
2442
5571
3931
5633
2879
2082
903
4269
6476
421
6872
6768
514
6762
516
208
207
1176
3438
6259
1755
3280
1477
4072
4183
5458
3752
4723
702
2112
5263
3754
866
6120
4107
4555
701
7023
4103
2187
6223
6930
4263
5476
2520
2875
3506
3449
3523
1903
6909
251
4334
6496
6929
7066
608
4278
4273
5559
5874
6294
4498
2636
6730
517
6948
736
6936
6449
1570
6446
2584
704
1749
530
3520
5934
519
1697
515
5903
3313
1660
657
3750
6806
1765
6118
3038
3431
1805
6927
3130
705
2886
1245
6703
6765
4259
4260
7045
1255
4266
1171
4321
1055
252
6769
1068
1317
4889
1311
243
1337
6736
6581
6801
2847
2427
4572
4654
7155
2843
5440
5436
6526
3978
4078
3959
200
3955
5447
4578
1753
4820
2312
7132
4830
3481
6856
1139
4450
4452
6214
4495
513
3446
1770
1177
1238
3437
3435
483
7153
3383
7159
7112
5961
6035
7031
683
1626
3770
3771
4119
3772
4073
3848
67
3879
6966
96
5475
5573
7034
5228
4175
4188
2530
4880
6894
3528
3529
5967
5619
7111
1061
5020
4272
5902
5075
997
6928
7040
1695
803
201
6716
2815
2639
6481
6710
2840
6562
2040
6848
6584
6738
3088
6315
2667
2637
6545
3085
366
3252
3028
246
6783
2669
3282
708
3025
1741
3024
709
4141
255
6447
4953
386
2453
3477
5873
7028
6556
725
3891
541
3086
5712
1326
910
2116
719
911
5727
6003
4135
391
6902
3980
3525
5071
669
1423
314
4185
1919
6926
2745
3649
2326
1407
5862
4219
1916
5882
645
3673
6413
3524
3051
263
5278
3775
1721
4987
1715
5977
1926
5002
6416
2005
5769
4143
4279
6576
5777
103
1911
2738
7020
1078
6718
5413
6941
867
5579
4037
1135
5472
4456
217
4457
769
1950
1175
7077
6527
773
65
4716
4499
5574
6222
5446
1818
5455
3946
4685
6764
6707
2576
6531
7124
4883
739
3448
4
2328
3447
1101
6838
2256
4434
442
2152
5371
2076
4516
1866
2208
6114
4029
7118
209
954
6959
6637
5553
2168
5529
4209
3983
3755
5173
6485
4187
4060
2007
5465
3967
6503
950
5572
176
6924
5204
2167
7019
5227
6804
750
713
3861
4130
2827
2939
1458
2333
905
1473
4108
730
733
2000
5430
3756
863
860
7037
5261
2398
853
6782
4070
5745
767
3834
766
6440
4071
764
5284
2440
3847
5871
6300
538
2207
2673
2110
6084
4393
4887
536
1752
1670
4927
3111
546
1067
6877
6028
3511
4356
253
6016
5999
4986
1049
549
500
7128
1774
3283
4609
4603
7
3310
2075
6741
6847
218
3347
1240
6734
4712
3375
6731
3427
4492
3434
486
7139
4451
1778
4780
4307
5985
2324
2090
375
3646
265
992
1692
6383
999
5913
1673
629
1002
5901
6919
4261
5908
2740
5877
4989
35
1712
2727
991
5159
4496
4494
4304
4491
2390
4186
1136
5083
862
2327
2009
6732
1985
4203
5111
3982
5113
4631
3987
6665
4647
4055
4057
1235
6737
5468
5136
7152
14
219
2311
4064
6964
4698
2423
4717
1126
2383
5431
1027
1328
1029
4951
1062
250
5296
7036
2322
1363
1371
4339
7033
2704
256
4308
1344
5009
1359
4299
47
2193
5014
1073
4144
4925
5077
1124
4842
1997
4871
1107
2821
7085
7016
1095
892
4267
4164
5048
4147
4888
899
4904
1316
2702
6800
4277
1077
4077
2786
4030
4840
5774
681
1757
1925
684
6336
6081
6083
5743
5740
399
3838
707
6836
6835
403
5724
3873
3118
3643
504
6122
3898
5680
1772
6873
5669
3439
5662
1577
511
2587
5789
2559
5552
3622
3645
606
5924
1678
1702
633
5879
5933
6397
3682
6914
5947
6362
3567
3553
5816
357
3751
3100
3093
3504
1574
387
1900
364
565
568
654
6007
1742
2449
6113
762
3925
2441
418
448
765
768
6957
2102
3956
1817
3306
6498
3359
460
3327
6251
3314
452
6860
3940
5599
2107
2872
3964
77
6473
6470
6316
2101
6854
6853
6177
6946
3287
3302
315
5049
1330
7166
2128
2137
2230
5045
4605
5051
3281
3089
2105
1234
6827
5047
1332
6901
3084
4633
2073
257
3603
4295
6
6745
2724
2478
5964
1355
5038
2588
1352
1714
4642
4643
4646
4756
6068
424
4860
2056
4841
1116
4824
6124
3432
6708
1147
1146
1775
6136
6713
4490
6140
4753
6317
6714
4765
4758
3249
3189
6157
6203
1069
6211
2100
545
1324
4942
540
1138
3103
