5065
6161
8
664
4162
5062
4179
4012
2206
1398
6407
2946
2947
1
176
2941
606
0
5067
5064
4168
6695
1000
5525
1593
1053
1599
4200
4163
4206
4161
5522
4082
3894
1429
2201
4184
4187
5292
2940
2943
508
3892
1596
1422
5060
1390
662
4120
3504
4164
6165
6162
1597
3004
2949
1423
1391
1396
1393
5068
4165
2797
1457
4081
1395
6865
6973
1394
1590
171
5061
841
1420
1399
5
1592
5627
1594
1392
1671
2794
5521
1424
1040
1595
6
1421
2249
4169
4090
3005
170
5523
4461
4170
7028
4465
5066
4505
1425
6859
178
2972
562
5179
6968
5141
3816
2812
1238
668
1986
3360
175
4841
1386
5626
2793
5069
4207
3379
1312
1598
5295
4166
4208
4
4178
5629
2796
4203
1863
4204
4013
2779
4915
1055
802
4205
6415
6863
4466
3
5622
2129
1428
962
4334
803
2252
609
4467
2696
2791
2823
6236
6972
622
2590
626
2230
4468
3207
3214
3312
5291
6402
5833
5713
4173
4182
5145
4481
2060
6417
669
2209
6392
5278
2205
3208
3362
4087
3365
1050
5570
4339
3841
4313
4304
3367
382
4356
5596
4462
4310
5623
963
5495
4469
4460
7021
2942
3522
3295
569
6976
6974
106
3571
627
2464
2440
2409
6786
1860
1587
2500
3617
5257
3849
4183
179
7034
3949
5836
3941
5871
808
667
1426
846
2065
1893
1880
1793
1792
1516
1577
5147
2203
665
4840
2405
4434
4316
3364
3868
3092
4464
2302
1397
849
4186
2918
3933
2449
3648
3882
840
4051
5620
7027
216
6553
6802
7036
5704
7009
7137
6403
6395
5433
5708
5563
6860
5431
6820
202
2207
3368
5738
4177
2173
934
5621
2002
4315
4318
4319
2000
1884
4433
1862
1861
6856
1796
1718
5479
700
2222
2389
2251
3392
3404
3178
3107
3519
3001
3608
6401
6405
2817
3772
6479
6481
3817
155
6208
597
2773
6168
608
2686
2671
620
2548
3992
2530
2509
5907
6882
6716
6898
6285
4986
1331
4875
5063
1219
4849
1045
1240
4678
7023
4743
6919
4676
4956
807
993
4957
4851
4959
1330
1450
4672
1113
2587
3956
5311
5307
5033
2541
2534
6581
3910
2444
6587
4121
2383
4153
2337
4160
5876
630
2689
174
6160
3363
7158
3270
6232
3507
967
3516
555
3552
6352
7143
3623
2945
6513
6215
2913
3757
1079
6452
5293
6212
3839
6494
5837
5122
5113
3859
5104
7130
6495
389
4308
1730
5701
1737
2127
2126
5663
4677
378
1866
2188
4275
5800
4842
5618
1469
5466
1984
1933
1906
4355
2004
2200
384
1896
6987
6797
6751
2204
6889
6724
5756
4185
5784
4940
2208
844
6291
1867
1495
3321
2944
3318
6844
6894
964
1551
6842
3181
1041
770
1579
1711
3265
7144
3064
7128
1791
1578
1581
3035
3028
3007
6294
3002
6394
3304
806
2874
7055
7035
6977
7031
2471
801
6913
6588
95
6771
2370
2223
92
6697
6701
2568
6975
6541
2603
1069
2815
2814
1465
1464
2024
1248
6408
2026
2772
2758
7103
2693
6922
2067
2661
6823
6917
5273
3718
3766
4450
5546
3691
3678
5474
4436
4470
5469
4506
3606
3603
4566
4568
5473
3780
3788
5572
4015
5922
3967
3960
5999
4181
3936
4188
144
3912
6120
4307
5616
3853
3848
4679
5460
172
5100
3513
5282
5438
3398
5396
6234
5124
5206
5411
4864
5109
3436
5164
3458
4868
5207
6784
5702
4721
2094
2084
381
5660
2009
2008
5664
6809
9
4174
2419
2412
4126
4155
2255
661
6672
415
4176
5271
5769
2245
2237
969
2234
2232
6760
7155
856
4300
1913
6839
5506
1381
1715
1610
4501
6902
4948
5526
4556
4878
1427
4675
1572
1570
1565
4855
4564
5170
1738
173
1914
783
1898
4395
5146
4399
1869
5312
1213
5135
6852
4438
1241
5561
1795
1743
1217
387
6364
4080
6458
3840
3109
3133
2778
2777
2698
3778
3174
605
5276
3187
6526
3198
2692
3898
6498
6298
3776
3518
2961
3602
3600
6222
6365
128
2948
6419
3609
2445
3526
6350
3097
6414
2847
2846
3030
3213
131
3218
534
3313
4017
3324
2502
6571
3326
2540
6546
6045
6293
642
2473
6579
961
3561
6363
6971
6965
1044
3402
5222
6947
6943
7162
6928
5272
6239
6924
5238
4859
971
4846
966
6223
3062
6286
3380
1510
5277
6920
1552
3217
1406
6990
1379
5287
1339
5144
5078
6310
1310
7078
1125
1134
1177
6296
7116
1237
1234
3216
1309
4898
7076
3182
7004
3278
4902
7006
7139
5456
3138
5332
4989
5013
7030
3502
7132
3505
5155
5285
5005
7072
1675
4547
4175
5739
2602
3939
5735
5709
2658
6804
6059
4189
2665
3926
5665
2678
2115
2088
2087
2085
3895
3962
2068
6558
2563
5884
4127
4128
2375
4150
2330
6625
2297
2271
2474
5877
5834
5806
4167
6720
5747
5994
3999
2235
2233
5657
2061
5653
5553
6868
5529
3688
1719
3683
3641
1712
3631
1707
1688
3624
1652
1647
6219
6904
6905
6906
6910
2825
3723
4435
6488
4255
4280
6091
2695
4333
1987
3884
1969
1963
2996
4337
3883
1907
5608
5576
1895
3850
1890
4398
2788
1932
6282
3584
205
836
328
383
848
177
738
502
600
552
322
337
621
420
212
218
239
358
333
380
3350
141
5915
3336
5872
1209
5879
4866
1993
1576
4059
1574
3337
4852
4858
5855
5903
4856
5912
3361
4889
1047
5666
6400
6398
6397
30
2872
2886
2888
2893
4432
4946
7012
2897
4945
4057
4437
1544
6788
4046
6344
5762
2914
4439
579
6792
5778
4443
6794
3327
6326
350
1936
3724
4804
412
1126
1645
3653
3695
3290
3172
6912
3191
150
151
4522
6122
3144
1751
6128
3279
4560
1722
1152
1153
1716
6169
1677
3263
4156
4158
3661
1748
6949
1123
6243
5949
6944
3546
204
3041
6941
1901
4098
1900
5978
728
6937
1876
6043
1871
1104
