5673
7061
3552
4784
3556
3559
1206
3653
6064
2050
5493
1332
3069
2396
3554
6523
6243
40
5786
3651
5260
5038
5744
2670
6068
295
6059
3852
2397
3657
6723
44
5499
457
5205
7047
1527
6055
677
70
71
261
78
2663
1531
5857
6317
290
3550
1724
263
1992
3061
5202
4034
6106
5200
3583
254
3551
431
5741
6511
5645
291
2148
3655
118
655
5084
2058
2377
1438
1499
5495
5671
6517
48
512
5237
296
4793
7059
6512
4174
5428
4067
1526
84
4690
47
6501
924
5492
2813
2676
3905
6693
1990
6071
292
4303
979
3613
6002
4866
5930
2598
6506
1092
5396
1072
7055
6515
4772
4181
921
330
2887
7043
43
1644
5414
6047
5426
744
4731
4114
974
850
6738
991
4380
5385
5898
2051
6534
1643
1279
2390
2591
458
1520
6426
5720
5186
6436
1524
3555
5235
4238
6518
3056
6736
3650
6732
3659
5119
6290
5128
49
6299
2798
2518
6247
4344
3768
2503
4322
1780
3727
2890
3051
4516
6065
4439
1727
258
6502
119
1037
374
471
685
5231
3213
676
6244
2391
6209
5034
5973
304
321
251
299
297
5230
6249
6351
6248
3059
6302
1273
5052
6014
4520
4571
2304
2330
5999
2303
260
5685
6783
142
5086
4895
4389
1556
111
6759
6062
674
81
6157
4364
2464
1998
6554
6714
1622
6700
4808
3769
3761
874
2489
576
6061
6012
3255
2565
1908
2236
539
2571
559
5423
5236
2398
513
1132
3700
4789
1997
4908
3672
6009
3682
5942
928
5646
2036
5320
2094
840
5421
5429
3665
3979
915
4781
2837
6881
318
919
6829
5888
1131
1298
2216
572
312
4527
3563
5674
3577
3440
3439
5923
3904
6432
3593
2196
2193
2191
1275
6514
5461
3627
1157
666
6443
6755
5783
5215
5935
1211
2065
855
2442
4395
1555
46
3166
3068
4199
2536
4363
2463
6074
259
6242
5561
5070
2610
1694
2433
6053
301
1621
6086
126
31
3126
7102
3060
2784
5233
4172
5616
4734
916
6072
6533
7044
1690
2393
455
1855
2807
6361
4180
3999
3066
5688
3787
3065
6075
2773
4189
3993
3271
45
5963
6396
465
3519
5938
73
3638
6463
2944
1539
2539
678
7110
675
130
6749
671
7108
7104
3217
3862
1552
4250
7101
6508
117
668
3919
992
4243
6438
6731
3251
420
4729
5080
535
5411
6734
5081
4368
7067
3557
4861
1137
558
3075
1133
2428
2537
567
6433
3317
6772
1821
5323
2833
5875
6301
7144
1649
5497
2332
2662
1431
6291
6313
5849
383
281
2040
6992
6681
5019
1771
1646
877
1676
5993
2624
6253
6694
4807
4119
1291
2048
1847
3114
4529
4982
4964
3349
7075
1528
886
2066
557
1640
728
1153
2232
2455
1645
5463
3072
5098
6350
6308
5083
5210
6069
2224
3553
5208
2893
365
6822
2861
2611
7109
673
672
2190
6970
5087
4819
4385
1548
5162
1062
3728
4983
4324
7098
6006
3112
2059
2199
871
1123
2213
6748
2434
3197
2529
1008
88
3574
4656
2761
1679
138
2438
5383
3573
3257
2985
6160
248
3684
3510
2019
250
6567
6893
5440
5131
387
5125
4598
386
5614
948
2675
6707
2012
5677
451
452
4178
2020
3453
5219
4432
5574
3123
1856
3279
5349
1246
2838
3444
3433
897
6359
6428
1709
369
2131
3775
413
6886
4038
1334
6241
1487
5361
737
5952
2595
381
2660
1205
3973
4862
3141
6078
3331
6054
3975
3524
4699
110
2057
2098
914
922
1973
5529
3725
6076
1014
1015
6105
1026
5838
1025
6702
3628
1034
1979
6684
926
712
713
5178
978
2138
4309
879
6733
2068
823
5326
888
727
2132
6156
2783
2520
6669
2895
687
7114
929
1004
1003
1002
6079
4383
6524
2799
902
6747
997
5886
3760
6135
2860
6109
7092
2181
6355
1274
231
4019
1271
1263
5225
456
468
478
479
6892
5705
6888
3307
2737
500
1197
4417
1493
1495
6200
517
4220
5515
5723
177
533
1156
3941
7032
1154
417
5621
2627
6008
6005
5192
6283
6287
6984
1418
4966
2645
5203
5668
2367
6994
3471
5462
268
6312
2370
3435
4060
3436
2372
3437
3055
6328
6338
402
246
2665
359
1149
2399
587
4838
7086
122
1726
1122
1120
4830
2192
6503
6454
600
5749
2345
6479
6171
3576
608
5250
1063
6848
3564
6484
621
7095
4834
1525
1139
5090
6497
5404
116
1553
6509
6482
6779
2727
157
1533
1534
6793
2028
4836
5212
1828
4804
6560
3448
2922
6063
6487
1299
1826
5894
1152
889
1036
1781
858
6010
6252
3099
1411
3038
3722
1776
6295
1030
5995
3411
1027
1427
1060
6303
4797
1722
3600
4951
1822
6494
2883
6520
1844
5962
6050
5085
1888
3660
5115
1889
6206
5181
1741
6052
3656
6467
4814
6056
987
3254
5240
3192
3652
3193
1155
985
3194
976
6179
6435
6550
6553
1699
1082
5214
3094
3474
6353
5026
3006
1009
5053
4839
1851
1260
1257
925
1857
1863
1866
5095
1241
3274
6378
1480
1697
2009
1880
3234
3581
1294
4985
1664
225
5368
5369
4725
4493
393
2145
2147
305
421
6746
4631
6753
396
418
329
2226
2534
385
2707
221
506
339
2792
2785
2385
5420
4121
2301
2461
5419
514
742
739
2775
2594
384
3815
4640
372
3842
2541
3911
623
317
589
3868
4118
2208
4242
5605
2668
4223
2195
2417
2570
4232
168
2188
2432
628
631
6843
2744
4210
4710
114
5762
4249
5528
2183
3916
5681
4217
2341
4414
3857
137
7050
4051
2796
4226
2498
6705
3767
5498
2473
4777
4343
856
5660
354
4321
4302
4069
4438
4320
825
6698
4308
2097
2099
4170
5366
2052
5328
2381
504
2108
453
264
5494
2851
6689
4304
3969
2616
370
5686
2060
4171
4458
5618
4941
5255
575
5017
1496
6448
410
1127
