5674
2370
2220
3943
2385
6385
5409
6353
5400
6733
2377
2363
5679
5692
5593
2389
991
5396
2902
5404
992
2393
1340
4802
2226
2224
5408
3660
5402
1145
321
1002
570
1001
3408
352
2382
99
998
6502
1801
6350
6352
5394
2379
236
993
997
1003
1649
7055
1187
1140
4396
2383
4395
7038
1724
3668
6748
5737
3166
651
1853
2366
2983
4262
6828
4606
6780
5654
5019
999
2369
2520
325
5085
2922
1800
6071
292
4696
3956
5677
5405
2352
3650
3775
4960
5604
2384
295
379
4808
6497
1804
7037
1148
6276
3277
1186
4800
2454
2367
320
5010
3654
2368
6935
5694
4561
5671
231
4384
79
4632
1481
2635
3615
2214
4390
1374
817
3028
904
1470
5231
1657
6364
3239
571
1640
995
3331
6376
6512
886
1144
7059
3698
6382
1008
6736
4509
5510
3554
521
3193
908
1228
4269
3562
2378
3947
3946
2154
4265
4488
2794
315
656
5401
2525
979
5673
1092
4234
4958
2362
230
2215
6269
2219
2212
2958
6562
1006
2073
2881
2223
3000
3435
457
6058
4555
2787
78
3576
1695
5690
6351
1690
639
1656
5735
2537
1643
1281
1285
577
2639
6380
3769
4617
5880
5892
1753
3970
6116
1771
7107
1149
3347
6834
7031
3403
5387
5391
717
5395
4062
3409
1185
3993
96
1197
6334
5482
97
1820
4753
4725
4814
2638
2528
4410
6698
2785
364
2441
2786
3727
1009
3272
237
1954
4146
728
1180
1182
1843
129
4985
6321
1840
1818
3483
1781
1211
1157
3991
3972
94
519
1224
5607
3954
652
3593
1681
6359
631
572
3694
1328
3974
6305
3406
5239
233
2984
2314
2985
4322
5039
3126
6961
4613
4238
3197
4565
839
3897
4075
6207
366
7048
3856
3920
880
902
2780
3664
616
3669
3771
4609
2953
4398
4212
6429
863
655
4239
6279
3147
694
6517
4508
797
2919
4271
3977
6268
7015
7032
866
6345
3271
3008
7040
4325
3927
526
3545
70
2236
1227
1732
5636
2316
2323
5644
1222
1147
1696
2361
245
2372
56
1263
4900
1247
5730
5031
5994
1952
1122
6959
6833
5374
1178
2079
1774
1845
1842
1190
5467
5057
1791
5515
1779
2181
44
1146
5732
1641
4735
1644
972
6198
2387
5750
4624
4724
2524
1653
2531
1527
6899
2582
1517
1191
1188
4053
4055
4061
121
5461
1181
3768
5393
1806
748
4176
1155
5887
4145
933
1926
739
4118
1359
1401
6829
6492
1474
725
3400
7057
4077
7069
6422
6002
3659
5680
3657
5695
630
5696
5755
1694
3607
5712
47
3630
6862
5734
5942
3577
1701
1243
1542
6362
3540
3776
1220
1548
1601
3555
1288
1229
1283
3953
530
3573
3663
3681
7109
6390
6053
357
2421
4803
2213
5083
2216
4804
4806
3041
7115
4819
3024
3022
3017
4477
6577
2232
2373
6128
4397
858
4866
374
4267
6557
5016
4865
4458
6982
893
2237
6507
2094
6271
4908
4610
6278
2032
6683
4214
2053
781
2072
1996
6064
4625
6074
2767
7088
2522
6774
6672
7106
4260
6775
958
2533
2557
1123
1684
2903
2901
2895
2916
1005
603
1004
1578
2636
2789
1546
6868
3601
6866
3658
1475
2820
1646
6685
6708
3651
1648
3690
2645
3687
6734
2374
2210
3096
3407
3105
3405
713
1183
714
3143
3404
2077
3388
6484
729
2046
6493
6954
775
1944
6789
1141
759
1154
3078
2927
3042
1803
2357
2951
2353
1034
2957
6856
2334
2963
3572
1729
2992
2270
2994
1223
3005
1764
3010
1777
3529
823
680
2218
3501
687
747
7169
4726
4270
5347
4264
5357
6017
142
5397
135
130
5407
5465
6001
5999
5343
5529
4122
91
4101
5670
4052
500
5676
5678
6331
51
6338
5940
3992
4132
5759
5338
6272
4807
275
600
4707
244
4628
327
4615
232
224
5017
5038
367
5316
5052
6248
4412
6085
4400
5158
5166
5178
402
4353
4327
410
7089
5274
5081
3971
5380
3944
576
536
5921
538
3825
3826
527
3936
5854
5793
5871
6373
931
5305
7163
2632
5234
5279
6550
1143
1997
4612
2337
6795
2615
1995
6264
174
1479
565
2329
1978
3858
334
780
137
3162
1526
2359
788
3131
2581
791
6835
5371
3838
1305
3632
2354
4266
3102
160
936
5328
1487
2611
6957
3822
1126
2684
5014
2782
1046
6762
2293
2892
4554
2164
5855
2185
2190
2102
2256
1434
2854
2851
6222
6576
2838
4474
2225
4484
1321
2199
405
5104
5115
2988
2986
4983
624
5200
225
401
585
2042
3815
4598
5168
2723
396
4391
5160
3789
2074
3665
7124
4600
867
5015
778
2798
128
3431
1698
3720
706
970
1708
4056
4065
4069
4076
74
7117
719
7146
6473
5605
1741
1742
3620
6490
5603
4709
2376
273
5689
697
5697
5786
6934
523
6389
1615
31
4817
676
7151
5740
40
5975
661
46
3510
2442
531
3950
504
1683
2443
6465
3474
1693
6388
1757
1749
3261
3898
5463
3273
3613
2536
1795
3270
255
5574
1834
3228
458
3243
3614
4962
4223
256
4218
5528
2521
4226
1761
6139
2523
5818
4690
1544
3328
5828
3191
4695
3302
3905
1218
5027
6975
213
1390
286
281
1338
246
2358
6974
1353
4984
6922
5012
4901
4989
6731
6140
4869
4854
2310
6930
4847
6730
6135
4986
1014
996
251
2295
6870
5241
6756
6849
5991
102
105
1797
5485
5484
5477
1198
117
5445
6842
120
5444
5403
5839
1525
5549
1549
90
5602
7156
5779
33
5745
43
5721
1687
5705
1177
6939
1700
5672
5801
1707
5817
1240
1236
6878
6940
5045
1846
1170
6782
5850
1472
2092
2105
2119
196
1091
197
6757
2197
6969
2211
5089
6910
5069
1438
1114
2040
1120
5232
6821
6900
1937
1958
1156
5314
1963
1969
4798
1972
5847
5270
1975
5244
6955
1999
1127
1125
6044
4785
6396
1345
2946
