5670
5676
4795
230
4668
885
1688
2526
5674
5709
232
4665
1504
1686
4524
5485
3855
1687
1965
4566
2522
7039
484
237
6092
800
3066
3977
3854
1799
3358
2787
5487
5705
5593
4526
234
1211
2127
3068
2385
4521
1951
3061
6665
1689
5671
570
236
2297
4068
5739
1964
6842
3260
3712
6869
2440
3380
3701
6108
3671
1393
3687
2564
2525
4437
2298
1681
2468
3708
6950
571
6195
4564
5381
2523
3858
2866
1922
4666
2888
5406
2546
2788
470
1796
3147
4569
4941
1071
2784
3970
3850
5055
3129
770
5760
1825
95
1845
239
2393
6779
1394
1841
5759
2426
235
915
6841
2465
923
2527
3190
6660
6748
2293
339
3974
2352
617
958
238
3859
233
3979
5420
2363
3387
3630
4790
4782
4764
4744
5703
4701
4522
4523
1492
3392
3391
6661
6234
4664
4966
2389
6198
6508
2238
2235
6534
2447
6119
3304
5056
4669
5994
4791
4707
2353
5178
482
3971
5706
3856
6985
4368
5363
113
4227
6834
2783
3725
2741
2867
5255
2524
6777
3853
6381
472
5262
883
368
2869
5829
5553
1390
5411
2733
5241
783
697
229
64
2899
6100
6115
1279
3594
2813
4053
4061
6397
3996
7135
2785
3972
2178
5451
4238
6502
2775
4832
496
5384
2382
965
2360
5642
6593
3303
1991
2484
1982
4500
4504
112
1024
5121
1022
114
5215
1844
3722
5820
6659
5822
3706
4661
182
6624
4560
5083
6594
3289
2675
2589
5689
2018
2615
1722
1996
5847
5180
5059
6285
5287
2299
2946
517
2509
3069
5037
5668
5529
5969
5080
2739
2833
2446
500
1108
3010
499
4993
5980
2371
2436
2577
2163
4462
3705
698
735
224
6986
4473
56
4798
6965
3851
4384
1649
4561
4746
694
6938
6634
4667
1684
188
187
6645
881
6916
231
7032
1703
6496
6454
1860
7114
3719
6479
4012
1890
4949
4935
7144
2
1
3471
6738
7051
4261
1270
4545
6731
2284
6902
5697
5701
405
2542
2553
1829
882
3720
6778
1843
897
3794
2549
6813
3726
5214
6843
5271
5677
480
3994
7137
3978
2786
1522
1544
4206
2782
3921
5394
7042
2765
4320
5526
1588
4323
5574
5369
2863
7011
6981
4399
5615
2682
6934
1411
6927
4439
5243
4548
2296
2521
2441
6640
6628
4775
6382
4794
2094
4797
6070
6071
5054
3621
3619
3611
6567
1239
3595
5412
3593
3324
2366
3411
6192
2274
614
2283
6419
6417
2288
6644
5956
3632
1853
360
2475
1899
4663
6656
369
6668
5881
2503
6647
4645
3124
5207
2448
4687
4162
619
854
5183
963
966
3570
918
4253
4525
3395
3943
483
4956
2814
3713
5196
3381
3398
4898
3160
5261
3312
1023
754
5265
5171
4436
3686
4460
3685
3810
4421
2927
5273
3894
1020
5069
4369
4800
695
3703
4506
3237
4519
861
4327
5233
577
5173
785
731
2140
1999
5898
5884
2454
1967
185
5843
6650
1963
5825
6653
371
6655
7104
6662
1937
6669
1193
6686
2552
6909
6933
6610
2057
6602
6486
6463
6533
6439
2291
6312
6547
1430
6983
2201
1861
2361
7030
6591
7034
223
6109
1417
1438
5414
1236
6943
43
2673
81
1424
1388
2712
5623
5497
6830
8
2710
5597
1490
5521
6866
6796
5525
5613
6865
2780
5626
6832
6766
5416
6877
474
1478
5439
1849
3
5672
6757
1842
6948
4799
1392
6859
220
6863
2074
6872
1769
6528
6989
6987
1634
4367
4853
1781
4475
6560
4839
4505
1640
3613
225
4466
3634
6755
667
6664
6666
6667
4546
1935
138
6671
1931
4449
1913
1898
1399
913
911
1397
6743
3715
3517
721
6657
6908
1823
3648
3649
2019
204
1671
3681
1995
3829
6824
1966
6649
925
131
4464
1962
6773
4463
1685
2010
6204
2265
7130
841
4013
2569
2557
399
5237
541
3012
1520
2674
396
5724
5734
5755
3101
3108
5774
4182
5202
5781
3172
2543
2502
419
4118
2794
2829
493
4057
4059
2859
5567
2861
5580
7157
2684
5594
5349
815
4011
2882
2891
2894
5293
5280
5278
5617
2732
7090
6883
2469
5022
6213
6051
7059
5067
1723
3287
5071
7057
296
6063
4973
6073
3361
6074
6097
3918
6376
781
585
4937
5872
1570
1275
625
3240
2460
2423
5899
1572
3268
5924
2443
2432
6390
5978
3355
1421
829
1644
1432
1605
1497
1495
1562
1614
1551
1537
879
1527
875
1573
1651
872
848
1579
1416
838
1439
3899
1552
2797
3761
3121
2520
2504
1201
2500
3220
2477
1033
3265
2420
3285
2396
2394
1014
2391
3120
3309
3060
2994
2815
2781
2836
2759
2757
2734
2865
2868
2870
1092
2696
2898
2686
2956
2965
3013
3321
2379
2368
2041
3641
2033
3675
3676
1983
1947
1932
917
3709
3711
1862
1847
3716
1846
2047
2090
2115
2137
2364
3368
2317
1261
2278
2263
978
1729
2212
2211
964
2207
2173
3599
2141
3625
968
4016
3584
4628
553
552
6245
6654
4662
6658
4635
4632
5967
4597
423
4591
6695
629
6697
4565
5221
4563
5644
6199
6194
4938
299
6771
4531
621
729
6516
353
6638
5684
4688
6351
4847
5354
6511
4846
245
4841
6484
5179
4838
6430
6595
5749
5732
4834
130
5729
575
4796
4792
6601
5817
276
363
6611
4743
4901
6620
6621
5693
6623
5725
5576
135
116
5920
6954
6958
5417
4270
4256
4989
5057
7031
4220
5404
490
5317
4189
4165
7035
7037
7044
4128
491
7076
7091
7107
492
7108
5943
5334
5003
7167
6799
467
5266
5470
5880
6913
4431
6906
6900
6898
349
6888
5549
4469
6868
6178
6846
111
303
6135
5517
4401
6925
79
4361
6919
4365
4366
5175
6918
4380
2445
5845
5809
2462
5787
354
2449
2442
5832
5965
2480
5840
4017
5786
825
5592
5552
2745
2747
2753
2764
5498
5463
5428
2798
2809
5408
2856
5375
2862
5366
2715
2505
5600
