5675
1791
1730
2338
1794
2232
1739
1793
1966
1968
1738
4508
5678
4505
1731
2331
1795
1806
2230
4384
1969
1790
3479
3930
1798
2337
1970
5641
244
4354
2333
1971
1733
3261
1800
6045
1216
1732
1974
3265
2335
1737
1217
4817
7090
4381
1736
5839
6696
4400
1719
1804
4122
1797
6352
4501
3662
6676
1978
3213
1975
929
4502
1972
1713
2334
883
3007
2330
266
4270
1960
4353
4500
7094
6304
4554
437
2540
6457
2662
4570
1711
1162
5417
2170
5997
6121
3217
4386
7071
5490
4989
2041
5941
6201
5314
1527
4738
2310
5679
5085
5674
6427
4737
1792
5087
2692
1894
5036
131
2666
2668
1809
5954
858
6267
3609
4040
1214
5827
3417
1210
720
1434
3650
3216
6947
1212
1965
5236
861
2827
5631
1219
3701
3424
3771
2603
6102
2393
5870
3232
2677
1646
4382
6176
4374
2669
3195
3651
5825
6840
4868
4869
4506
4404
4217
6790
1801
4504
6063
6931
5691
1548
6923
1211
2704
3263
6914
5915
1542
4213
1735
3290
4507
264
3474
5781
3907
2684
6358
2415
5226
958
3567
3660
3659
6392
6398
5436
2549
885
4355
2199
3653
7069
2786
2785
2247
4671
6281
6795
5643
3827
588
1840
2782
433
5838
6911
2865
5849
6525
2869
4112
6729
2760
4881
5831
5171
4615
6119
3315
1222
1374
4571
2681
6536
2368
5117
5248
2772
2501
4609
2545
3709
261
6933
2550
3744
3962
1998
3519
1932
1549
945
1779
4812
1714
2694
3576
3944
6289
3209
5075
5665
3824
1052
5824
852
3214
5690
5671
1197
4261
2180
2173
5805
1963
3828
1111
6217
1042
3476
1229
6666
6264
985
6792
847
748
1188
6739
4403
3454
6530
3578
6594
3575
633
6864
6791
6057
3720
706
3681
6452
1621
4281
2184
1716
2541
2745
2879
2176
5708
5704
5696
4170
6032
5429
7097
2983
2419
2984
5663
3131
2989
1933
3100
5234
152
2862
150
4906
5503
2189
3208
2188
5313
5030
2265
4865
5039
2623
2616
5058
5958
6941
2245
5947
3800
4195
6946
139
5813
5856
2228
5835
2570
1543
1560
4613
4843
1561
2912
6534
2881
2895
758
2336
746
2868
6533
4356
2781
2367
2672
6708
6701
6694
2617
2713
5012
5004
6620
2565
6595
2552
2551
2860
2547
2520
635
637
5097
3705
2474
2270
4351
702
5225
711
6539
4900
2546
776
6028
800
1099
3478
3173
3180
1718
1156
1712
1705
1167
1606
3231
3250
1807
5851
1450
5955
4575
5973
4568
5996
4559
3413
4550
6004
6091
6008
5871
2916
6265
1054
3625
806
2253
2248
2242
2239
5396
2182
2179
2150
5437
2987
4648
3001
3049
4759
4417
4747
6357
3556
6307
3090
6284
3513
6279
1825
3572
4818
5531
6916
3960
6798
4222
6796
6929
6866
6928
3826
6968
6990
4201
18
7136
4271
6906
4180
6930
3848
7139
6918
6845
6823
6952
1628
6260
3029
631
6963
4210
1079
1633
1053
5237
317
3205
1659
2071
3202
1224
5053
5796
1191
1925
4650
3735
2611
5807
4789
1194
6175
5307
6598
3923
4477
3526
6222
3218
5283
3146
5281
1935
4294
4098
4612
6299
4049
5733
6853
2008
2775
3607
849
5154
6812
5152
6441
2544
6458
740
1772
2502
5703
751
2753
780
2747
2521
835
1710
1708
6406
5229
4035
2702
4042
3550
5212
3555
5207
7149
6867
425
3193
3192
942
3190
2798
6385
4173
924
3668
2562
3573
4405
6295
5526
2873
5660
6693
3303
5926
6692
3803
5971
3966
3361
3367
5491
6048
6758
4542
7161
3389
2243
3804
6945
6011
6003
5841
2174
6724
1378
5975
4572
1368
5461
4819
1917
3308
2664
1407
1536
2216
3795
4288
3393
6083
5968
2632
1241
4674
3422
7059
2259
1914
1885
1463
3759
6671
3268
1912
4111
7002
256
5912
6949
3425
5876
5372
877
2783
4401
379
874
5108
3615
2780
3638
1402
1707
5439
5100
116
6493
1706
6391
6939
4402
6421
3269
4378
6466
3175
5723
1747
6847
5898
5445
811
808
1456
4045
2002
6475
845
5914
5448
5573
4642
5940
5156
4621
3305
4617
3060
1412
5559
2769
3427
2446
7142
1609
4114
6221
4520
6223
1129
240
1619
1625
1093
6038
5487
227
4534
3465
6178
6905
3233
6919
3230
7082
1199
3423
4860
1569
1566
1186
5316
6907
4679
6925
2252
4846
4181
6276
1056
5761
5834
1682
5984
2815
1525
5473
953
6368
110
4941
5195
5974
6938
111
2958
922
4567
3543
3211
3926
4896
1653
6283
4845
6285
6014
246
1662
6932
1012
5228
4555
1533
6331
2743
459
2652
4319
34
6558
2634
2633
5005
1967
4683
3713
408
2663
6559
3756
4289
2631
2605
1774
2665
1879
6811
2592
196
2593
1875
2695
1787
11
4273
3664
6541
3088
1877
434
3704
4154
1808
2600
6564
4282
6524
3669
5059
2705
517
6633
1886
5079
3747
753
2658
5636
6509
4311
747
5687
1939
3752
2568
2653
7164
6290
243
3521
3203
6587
3339
5686
4611
6280
2813
6040
3512
6043
6927
1685
3336
1526
2940
4226
3158
5235
651
5390
6934
5392
6314
5662
6308
4223
1538
3696
5393
2821
984
5773
3546
2411
2707
6333
657
1666
6957
3355
181
2221
7117
4320
180
5074
6326
2689
4276
5784
1683
6885
5823
6122
4479
4478
3022
1228
4156
338
2314
1916
3885
4879
6113
5680
6220
3748
2878
3219
7085
1187
6908
2888
324
1181
1180
85
3415
6629
2301
7084
5821
5607
5509
4308
6177
1213
6592
2929
1612
6263
1558
5016
2856
6367
4437
5828
2853
2851
3385
4848
2847
6275
1640
6677
1630
6262
6261
6256
3715
1254
1256
7098
1106
6093
6664
1610
7106
4291
6597
1563
1936
7033
1848
4116
3024
2697
6583
511
6453
204
1780
4268
5942
2164
4647
1498
32
2776
2777
2475
6855
3794
3602
30
5950
7130
892
217
1715
4251
2970
3610
703
1954
4085
1717
4179
6437
