4743
4467
5131
3507
4464
6865
2500
5334
3816
4462
5293
5620
4088
4011
1393
622
5335
3004
2405
4463
4469
6695
2504
4015
3398
3391
4014
3600
3030
6494
4687
6863
6219
5623
3392
3502
1986
3500
1193
5297
5255
3394
1982
2682
1469
6495
5135
4200
6491
4253
346
2499
2494
2972
1867
3031
5179
3035
3395
770
5806
3370
5626
5622
5621
3377
4956
3641
3584
7126
5618
2288
3136
5627
4155
1239
628
1468
5868
3813
3006
2774
7123
4466
6784
3509
1861
620
3818
4748
6468
4460
626
5132
3371
5250
5256
3505
3399
3585
4013
4126
1912
4764
1455
2664
4121
1863
4178
6477
4163
4123
3642
4017
3374
7122
1981
1984
4468
5130
3297
1849
2492
340
5414
2797
1465
3812
1464
944
1000
1864
3608
6462
1909
6210
3379
5561
3648
2978
1397
1913
6415
3819
5172
5931
5804
5798
4686
2729
2502
5629
3253
3508
2501
349
467
1461
1421
4012
1860
5253
4760
1237
627
2799
1395
4016
6792
2459
5794
4170
5506
5294
3852
6499
3396
3586
3583
2819
5935
2497
5146
5133
4204
6788
2529
6160
2589
2283
7158
1391
1392
1351
1427
1398
724
640
493
1399
4465
2280
6463
1196
6818
4127
5867
4742
4741
3037
5760
4169
5248
5254
3032
2724
2509
3178
6861
2956
5415
5411
2285
1040
7026
4186
6743
3419
2272
4197
3517
1900
26
1869
2209
2675
2753
1917
344
6149
625
5331
2888
5702
2200
4438
4461
4179
5292
2526
6417
6419
5860
1989
1195
4740
5251
2205
5864
6392
3009
5567
2676
5062
3393
3093
1516
924
3378
6232
6795
4320
2949
2779
6893
5562
2490
7129
2775
3649
3892
6478
649
2503
464
3135
3566
4923
3036
5564
4576
575
4168
2399
941
2202
2201
726
3962
4935
5332
5339
621
4941
2275
345
347
1875
6622
7006
5487
3255
8
1394
4081
1862
2683
5897
469
5175
2507
5149
6779
130
5148
662
3207
6027
4831
5257
3002
2495
5497
6811
3814
1847
1429
5557
2942
2944
1596
1865
4249
5563
2282
2206
2208
5
3916
6428
6414
2273
3081
7157
5258
3657
4645
5881
5243
3133
6797
3254
3504
2083
660
3197
3661
2618
6215
2794
5992
721
5932
4915
2792
3039
6867
7061
5337
3094
722
5372
1090
7014
1985
4718
3287
6671
1106
1260
6813
6810
2585
4936
1342
4932
4939
5590
6892
7154
3380
7086
4837
4018
2276
1466
2726
5676
2728
5670
2733
1987
1453
3230
1451
4746
3762
3723
3137
465
1503
6983
2781
3215
6004
2739
3810
1539
7110
553
4419
281
1595
6722
5493
5265
6691
5479
5476
2171
1593
4167
6662
2905
4172
1591
5792
5341
5139
3405
6399
5521
4124
1274
4421
6819
6816
3603
4423
4150
966
4152
968
239
5529
3089
5523
5767
6397
5786
1866
623
6217
3240
3210
5800
3238
508
6092
6049
6238
6395
4437
5911
6011
5933
6295
6258
6270
4680
1617
1385
7147
4080
6750
4007
5207
1560
5235
1504
5245
3706
5247
6717
4637
2778
3555
2822
1550
4612
4843
4598
1312
3653
2064
3643
2715
6859
4809
204
3613
2028
229
4129
6989
5280
7146
5296
5412
2204
1594
5494
985
6567
4668
2188
2498
2493
925
5624
3372
6432
5630
5696
3397
2720
6640
6660
6667
2754
6664
7027
2036
1463
4528
2025
1482
1879
3893
1881
4772
3712
1884
4779
4749
1965
2371
4711
4683
4684
3895
4401
2375
2391
2026
3703
4763
4688
1190
3671
4436
3475
2170
5298
1094
5299
5803
4435
1579
5790
5342
5344
5495
5499
5525
2279
7133
3678
3853
4431
4591
3606
4570
1233
7150
5705
3246
5863
3851
5190
5225
5236
5241
5244
3260
5869
3250
2180
5866
6411
492
6327
348
1874
6208
590
2773
2825
490
6405
6466
6943
276
6650
7024
2880
282
116
576
2546
6846
6533
3090
6713
6697
111
3098
3007
4159
6474
1
3033
2662
4151
6402
6176
2790
144
7076
2900
2722
2464
6783
6161
2688
5508
6665
1870
6666
7087
5708
5295
3645
5704
5774
5269
2796
5290
4931
2785
734
199
1323
6560
4166
3917
5478
5937
3092
1103
495
1400
7010
5809
3708
5361
2066
5861
5492
1060
6993
5367
5392
2777
4948
5390
5821
496
6978
6998
2277
4799
5505
497
3726
5330
1868
4744
1078
2274
2766
341
3650
3462
6365
2930
3809
4217
5701
83
1467
6443
6100
4481
5143
5145
4153
5147
3801
1914
219
1460
1780
1857
6778
6051
6472
6471
4146
3376
3815
6800
3577
1980
6175
1679
5064
1844
3575
3573
912
15
2097
3567
6758
6065
4408
28
6413
6732
3324
4639
2059
4160
3759
5240
5000
3750
6712
5968
5695
6393
3097
2863
4405
2461
5565
4156
7028
3213
6213
1725
6611
5532
5484
6609
963
4599
2672
58
5485
6547
5496
5527
964
4596
1600
926
2508
432
2793
921
5585
5558
4188
6605
4905
5538
2057
3404
6906
3960
6488
2791
171
6482
5456
266
5155
2141
6823
5171
4125
5178
1845
2852
280
3618
1566
1846
290
2592
298
3506
6699
3850
1200
5065
3934
1234
4128
5114
5118
2823
6770
5134
5138
3599
1540
5144
6815
3557
5044
5137
2867
2670
3628
1063
3651
3460
3457
2396
1045
188
342
4944
4177
5416
6642
6634
2906
4934
5452
4938
2597
5333
3919
6856
5262
7144
1573
4990
4165
5282
5286
5291
1097
6669
3646
2173
3807
4529
5319
6654
6625
2179
3817
6454
5985
3222
2783
19
3293
4659
1390
1619
2287
6008
491
5981
6221
5901
4003
4801
4805
6041
3311
4383
486
6062
6410
1908
2022
3317
710
6368
3069
3249
118
5914
1424
5918
4649
4747
4071
7013
1438
1797
6237
3237
3267
4309
3062
6985
6233
3890
1689
5963
715
3701
5857
1462
1687
2372
3180
646
4365
2787
1609
466
5639
7054
4329
2033
3677
6915
1878
2673
4227
4833
6171
1680
42
2663
1973
1613
3000
3134
