5682
6836
3264
2152
3354
5015
3356
518
3635
5355
2117
3357
2110
2112
3352
3830
3359
1320
3837
5352
2111
3834
6730
5683
1329
1324
1278
7099
1636
6982
2116
1327
3353
3497
2115
2119
3498
3935
6837
1277
4750
3631
3382
3931
3933
5269
3833
3492
809
515
3831
6833
3493
5358
3934
4728
1762
1720
896
2153
4751
1326
2130
28
990
1272
2114
3145
1754
6188
893
6104
3938
5266
91
1639
6180
1750
1756
5964
5373
2043
1635
3380
1323
4448
4720
2118
6838
780
2154
598
3499
534
4752
6101
1746
807
5288
2151
5277
6186
4899
698
3636
5919
5014
1208
3351
3495
846
5375
994
3838
6182
2510
3832
1751
1322
892
3350
5340
1735
7062
1182
4447
2218
5351
6185
2113
7132
2158
1325
529
3571
6189
2040
98
2025
532
1485
5139
1207
2090
4722
5379
2128
4877
4723
2045
4509
5594
7009
514
550
6839
2126
690
5283
789
2237
4108
4756
6985
1632
890
1587
1200
5754
5356
4753
4117
6089
2514
898
5287
3301
3304
2129
3836
5588
1752
5017
342
2233
5985
2275
6504
3541
2234
4557
3328
3326
2054
6737
4275
6825
2559
841
6668
5268
1011
2134
4443
1755
1577
2049
5353
5864
5756
891
1328
1321
2156
3269
3330
895
4829
6529
298
934
1726
6745
4828
4824
3276
1680
2231
3879
5866
1994
2137
4755
5537
4102
675
6752
2024
3383
1530
4567
1488
5209
7092
2087
695
800
3534
782
4359
4724
4727
6183
2727
4058
4574
3261
3262
899
699
2343
3266
1630
4955
2082
4194
804
849
2121
998
1535
2716
2879
3362
2124
2851
3542
3729
2762
4879
3361
933
5890
6794
5600
2566
4113
4116
3679
6082
4754
6056
6736
3955
5589
6053
3306
5378
2457
3062
6431
5102
4196
3545
1638
1482
3712
6663
2046
4119
3196
4062
522
3368
5261
2159
351
2092
5284
489
1878
3321
4873
3014
1977
803
1808
6485
1575
5138
2047
469
6691
2055
17
4352
6986
4757
5357
4820
1581
999
4103
3951
3490
5093
6696
106
319
5938
3214
6084
2253
3033
944
3513
7136
710
2955
2492
452
5264
781
6677
6254
6483
5592
6801
787
6256
6467
6257
5916
3324
4822
6460
2042
4823
2302
6258
2135
3327
2145
5917
6241
6436
3803
556
693
557
1175
967
4562
2809
691
5681
6083
7014
2569
3574
1188
5371
1615
2021
5046
3491
1226
1633
1634
4551
7005
2184
2272
6690
1995
4105
4413
642
6803
2412
5971
2044
3548
2709
5701
6259
649
4827
5447
6667
460
722
3140
3369
2467
3515
5425
5865
5422
3809
580
1474
314
480
2497
2756
995
3549
2760
1895
3806
6754
6208
2048
552
4844
5063
2728
6158
582
5867
954
3335
520
1369
513
45
2235
775
3903
6741
1508
6246
6793
4812
7116
1807
3320
2605
5753
7043
2095
4104
3064
1115
3216
2029
343
2841
1979
3211
347
348
4837
3936
6116
2597
300
2022
2105
1647
1627
1665
4506
6306
1725
6087
3807
3085
798
5389
5013
297
7035
3506
361
5759
647
2088
1763
2353
4780
717
1525
95
93
2132
92
6727
2950
4228
6250
993
1842
5602
1847
5591
4875
5742
5944
4729
4191
4765
2646
4846
6434
1999
7072
4832
5751
5764
5082
644
6732
6675
805
6592
2012
6666
6665
2120
697
4054
665
3365
6603
4046
4420
6660
2089
788
6692
3714
1941
1194
2543
4118
3494
1637
6342
1663
3234
7001
2558
6088
3219
3126
7033
7000
1576
1669
1678
355
2450
2842
341
4892
1734
2811
5016
3839
1135
3263
1715
3258
4109
4504
7038
1288
4193
7148
2708
6144
37
5219
2721
7137
4951
1479
2754
6174
12
4663
4
4346
3194
7134
2698
3210
6106
2778
3586
7077
2657
5278
103
101
1337
3139
3544
2690
2766
3142
1765
1767
5471
2286
5136
2340
523
519
2896
931
1836
1839
6490
1038
5595
511
454
4410
2288
3313
6790
5881
5885
5135
516
5542
3332
6809
5862
4878
3859
6443
910
911
5860
3595
4768
5936
2360
6776
4065
4351
5747
5051
3329
1957
6131
1332
6564
1930
6253
6547
6249
1903
1515
6244
2041
5863
4919
916
3015
3366
5870
861
5221
6591
6168
1766
6107
1803
5776
3676
5989
6383
6448
4874
1063
842
1736
5982
1112
5948
5019
1758
1760
1094
5972
4893
3671
3045
4550
1874
5750
6509
3034
6269
4373
1768
1573
991
6288
3223
997
6310
1618
2026
1631
1833
3305
6481
3932
1731
6679
3478
5564
416
5265
3808
76
576
2563
583
5218
2167
2703
214
2568
2155
607
4818
5246
2140
4532
2388
2867
4826
2552
2722
4683
6697
7007
2768
2177
6831
2248
2621
483
517
2793
7037
3711
5639
5206
4446
2590
4734
2285
5204
4441
7031
5137
3531
4748
5598
6816
6763
6819
5590
2769
6756
5585
6984
2860
2921
2724
4845
5380
6662
5416
5175
700
3570
2079
4503
5437
4112
3716
3486
2550
13
5173
2852
688
291
4758
683
5467
2726
5081
6808
5386
6400
2300
4981
4637
1677
3322
4204
2918
1898
3953
1722
6526
5360
3937
5365
6042
1742
2516
5599
2282
1136
2283
1165
4790
1276
5888
3127
3474
3870
6032
3445
5007
1568
5133
5419
461
4110
4199
1582
3030
3308
4888
1831
5152
364
6998
4284
3959
5935
4095
5509
6446
6897
2386
4639
1060
2544
2554
2864
2553
6432
6070
6060
2411
5960
6987
5172
5494
3325
4656
6852
6049
1607
350
5367
5372
207
3248
4210
4913
6473
3043
1759
3776
2848
6423
5915
2849
2342
211
2344
2427
1036
4507
6428
2890
1832
3300
3822
2989
3192
6240
2954
2131
3579
39
4051
6712
837
6596
2988
1371
2144
5095
648
1367
6735
4166
1362
3813
1504
1506
2165
579
5689
4721
1516
6576
3141
1348
6594
3364
1384
659
4848
6191
2052
5743
3819
5083
3715
5223
3367
2074
