5690
5671
4613
1454
2786
2369
2393
5396
474
5674
241
4611
2367
2368
3965
5183
2745
3011
2782
3627
5694
2524
4617
811
2789
5892
244
3576
6115
5186
411
3611
419
3578
3573
3555
3974
1188
1180
3131
5697
5188
2306
3650
5408
5399
2722
2370
2520
3624
1644
3625
434
5382
368
5793
3826
3977
379
4198
1340
4028
4325
477
3572
4022
4605
6307
746
6932
4879
2397
3151
5936
4195
421
264
2738
3577
2525
437
5677
5679
644
4020
5947
5950
2628
4025
3218
4029
2522
5401
6461
1140
2352
4526
2857
6111
412
3668
840
415
3220
5759
397
320
4152
2336
5839
4524
5785
5730
5698
1025
1841
6521
5741
6733
2651
459
7055
27
3655
1128
1964
5134
6907
5513
1338
744
1001
4616
6918
5644
5362
2377
5810
6207
2743
2787
2361
1932
6828
5485
1533
3027
2742
337
1211
2785
1037
4710
5799
3123
2977
2736
6353
2878
24
3717
3979
6946
4908
3660
5429
6113
3558
3562
2314
1693
2385
6128
84
858
6123
5402
2363
3575
2475
5187
3553
5971
7085
5692
316
2034
6758
6460
6748
1902
396
393
2523
6825
2521
7166
1973
230
5902
2958
5858
5316
1562
473
5907
1216
1456
4021
5300
328
3153
1374
7112
3129
424
265
3561
417
1162
6119
3036
420
5849
2650
5801
1878
4837
6930
6780
2371
5675
5019
402
5397
1034
2783
2740
4934
5228
570
5445
5173
2316
5749
4536
1690
6686
6466
819
5184
5227
5182
4648
428
4802
2706
6240
433
2720
2527
1434
3904
3443
3972
5371
1854
957
634
5691
5695
654
5306
3554
399
398
813
395
403
2282
392
6069
5428
5406
3653
5181
377
1818
413
2382
364
5498
889
5593
892
1992
5958
1361
2421
4937
422
656
4044
1095
1853
5815
5811
4618
2744
7097
7087
5813
3020
2764
5935
2771
1144
2135
571
4061
1145
4193
572
4291
4290
4268
4269
4287
5937
4523
3155
7124
1698
4360
4358
4739
1935
4696
4410
4135
1030
4475
4631
1547
3166
1191
2982
5942
4496
3790
5497
407
3791
4359
5117
852
1092
747
410
5869
4327
5403
5901
408
5898
4471
470
801
5938
3903
4151
3913
5944
4860
4868
639
5955
4125
5974
756
5725
472
5951
3799
3900
6058
777
4209
576
5006
907
5625
3856
5628
4881
4875
658
498
3825
5400
4615
675
1972
2728
3165
6673
1687
3201
3209
1481
295
6456
6962
6289
3163
6933
6928
1696
6697
3275
3277
1807
6911
1458
1453
1713
2726
1714
6335
6338
2959
1850
1602
236
7024
2287
56
2270
2902
242
6337
6497
3044
3049
6504
6511
6515
3115
6380
6558
2739
2734
249
3334
2952
1370
3501
375
2577
1974
1938
2391
6840
3615
2642
116
3497
3569
2653
2426
3390
6729
1369
2389
6513
2484
2809
6527
2337
94
1794
1831
2491
2339
4761
6492
815
4363
1111
1096
2935
2308
2433
4931
59
5647
4472
5649
2465
4991
4521
7020
6857
4612
5840
2854
5800
837
2591
641
2595
5026
2623
4716
4836
1730
6736
6735
2721
4821
5696
6724
149
864
980
4671
6530
5781
4665
2753
6086
119
6824
5451
1038
650
6582
2360
2732
5789
2536
128
2731
5461
847
5016
6908
2747
724
1334
1933
3279
4033
418
2122
4091
360
6453
1217
748
3226
3221
6290
1214
3610
2136
1205
5234
3188
3187
3225
3496
5975
454
2071
435
786
3469
3444
3421
324
1936
5267
5237
3550
5258
3415
6204
751
3389
4004
6264
3811
1344
7161
5229
429
3159
5904
1564
2259
5900
6097
6414
6426
2273
4297
4298
4321
3661
5881
99
5409
391
5865
5859
543
5393
5340
3657
5911
5394
3797
1900
3152
3150
4190
6376
3076
5931
2199
3621
1526
734
1164
381
1155
4281
263
4990
1988
1791
2394
5005
5323
5222
2372
5010
818
1849
2330
2334
5224
1873
2236
2214
2211
2353
2170
2162
5232
5138
2379
1930
861
1934
5086
5254
5047
5266
874
2013
4969
3690
1786
1499
4159
3156
1509
3154
4191
3121
3107
1541
3074
1147
3000
1142
4295
1139
2994
2987
1127
2969
4150
3183
4128
4122
3783
3824
3538
3536
3528
3489
3902
3906
3919
2957
3928
1258
3409
3403
3375
3368
3330
1450
4041
3230
3943
2420
2951
1094
2662
4760
4762
4776
4833
2640
2598
4861
1739
950
2531
4872
943
4874
2477
4886
4891
1774
4938
992
4746
4731
1006
2932
2931
1605
2927
1609
2912
2832
2806
1641
1099
1049
2773
1040
2733
1684
4641
4693
2727
4712
4719
2780
5341
3584
546
5616
6387
5608
6826
105
5586
5843
549
6269
5880
6977
6268
6984
321
5886
7041
7052
5482
6245
5460
5909
5448
711
577
5640
583
245
6506
6522
6535
6536
6503
6493
6539
632
6482
6564
5747
6194
6475
5760
6685
6691
6469
600
6700
6462
5790
142
6431
5792
6682
500
5705
479
478
6127
7141
5410
5363
423
414
7136
23
6072
5984
475
481
7127
7095
6063
5795
2986
1220
4634
5787
2984
4639
6413
248
5957
3030
6457
3047
1555
4610
3068
4546
4093
3100
6385
1213
258
5820
4092
222
3581
5782
4014
5978
6489
5718
5715
989
995
4002
982
5988
2803
3976
1256
979
3978
2879
1257
2888
6464
3796
1229
6465
3827
1603
6467
4027
6003
6471
3947
453
5755
5977
5751
1228
3108
1524
3112
4292
3433
4294
5899
5895
325
519
4296
3620
372
4301
385
6261
1130
6122
3438
1335
4153
6182
350
1360
1364
497
1367
3597
5919
1371
4238
5917
5916
344
4157
3542
3662
4522
5956
3363
3212
4420
6320
4454
3161
6336
3213
6364
4479
4480
1073
3126
357
6378
4477
5844
6295
551
4323
3345
541
4344
312
6275
4774
1452
3782
1455
1459
305
3270
3227
4396
3774
6195
6472
6507
6912
4777
6923
6926
5071
6937
1805
72
2359
2338
