5693
6261
410
5594
4908
3690
976
5952
6204
867
1977
4976
5925
2651
5375
810
2891
3091
699
787
2998
5302
6089
2976
5359
5230
3338
1014
4447
5027
698
1890
107
5595
2767
3698
7135
31
5239
3262
1524
501
3959
3099
105
96
4380
1270
7104
3725
1647
4975
3382
6547
2478
4036
6519
2218
978
866
371
7091
6272
6732
1545
1321
1191
6053
778
6182
148
301
1194
6717
4754
3274
4862
2851
5633
4878
4968
4478
5421
2111
3837
5699
2136
6331
918
2169
7070
2362
4555
943
3018
5445
834
3604
1005
3951
863
860
2142
1587
2850
2958
6985
4440
4753
1540
4393
4758
758
4861
5955
5766
5959
1271
6454
307
310
775
2313
7096
1325
782
2215
6837
1432
2484
2480
2528
6746
605
550
3611
4978
4918
3633
6778
6857
3940
373
339
302
3693
650
3558
897
4035
1320
1761
6106
5714
1746
3169
3324
199
1434
4449
4448
5950
1544
5840
1433
1769
5692
5647
5315
3524
3521
2165
5844
942
6378
1011
6316
1135
1997
3385
3117
5592
1226
2469
195
6054
32
30
7134
5981
5314
5270
34
5317
5323
5991
4965
4445
1109
5920
2867
6058
6844
5768
35
573
7089
6516
1692
2418
4473
4697
746
304
6228
2236
5287
1259
1258
3353
5891
6868
3807
3687
2483
3935
3357
4274
6186
1207
6190
6193
6662
2898
2212
1581
5012
1240
1049
4901
4362
5929
2276
2737
824
2278
3282
826
7127
1895
5584
2058
2317
3963
639
2955
3098
3090
6763
1988
132
5475
5997
197
3044
5893
5387
5373
2132
6710
2646
1852
319
2934
7083
1541
79
538
1789
536
6338
320
1814
6044
947
2936
6834
354
5958
6875
2979
7105
1538
5899
3592
2984
2274
355
1831
2237
5697
534
864
4521
6825
2049
5701
2042
1894
1901
3974
3108
1922
4564
5599
2131
5717
557
5885
2995
6867
601
1603
6666
4611
1664
1672
5769
4472
4475
5746
6703
4600
3595
4444
2945
4915
2735
207
3803
6523
6490
2882
4962
927
5015
6382
6527
6949
1188
2747
2892
6546
3885
4921
4866
987
812
2655
789
1022
4111
2716
4136
4907
1051
5200
248
6982
781
6555
4839
6046
4095
5181
6458
5167
846
2475
7098
4349
4085
3684
2414
6473
1336
889
5481
893
3264
691
198
891
3340
5083
1326
2453
6576
945
4561
5676
5656
7078
6771
5628
4117
949
1790
6486
5499
818
517
4114
6433
3986
7080
513
6734
494
926
4532
502
6766
902
4383
4125
1230
4416
3352
7093
104
4327
4329
1356
2788
1413
3570
1532
1525
3588
1499
3571
5964
89
1438
1197
972
6227
1141
5709
1003
1004
6708
3533
1032
1725
1033
1063
1687
3543
6279
582
756
755
1652
1605
750
1138
600
3636
5969
5173
2305
6850
4932
2751
3944
2045
5081
2046
2141
2057
6777
5092
432
5166
244
2436
4712
4910
6830
2932
2814
5355
2092
2163
308
3869
2093
5380
2637
5225
4653
2743
5063
267
7034
2895
2885
4619
6900
13
4766
2880
2524
5277
2768
2279
4638
2656
7154
5357
2482
2365
5325
352
457
6999
5261
4669
2793
2477
3867
194
4710
2954
5202
5983
862
792
2638
3464
6873
614
4066
617
77
7084
4385
1535
4631
1512
2654
1502
6890
1491
3866
1008
780
676
2630
6277
5071
7147
4668
1256
1255
1254
6551
6148
1245
1224
4680
4681
4042
3553
2532
6197
115
6263
4920
1276
4661
2360
6029
5168
5162
314
1068
2220
1364
6086
1347
6101
6104
3858
7073
6578
1323
689
1315
692
3266
4420
5882
743
2213
2017
3662
208
6435
1759
1754
5548
6436
39
4537
2811
65
2010
3482
3955
4794
556
2731
3094
5689
2097
892
1872
5611
2053
3118
3957
5614
435
2745
4584
901
1830
6451
913
1818
5381
4509
3758
200
4098
3171
1978
584
1724
5331
2003
3474
4443
3070
6667
5320
6860
4856
4432
979
598
3639
6664
2997
3632
464
5301
4761
4091
2175
3984
190
7022
406
4118
36
1951
2166
5748
2005
4479
2709
6397
4480
1721
4457
403
890
4772
4957
4969
1137
4770
3498
4220
6456
4094
2582
4101
4966
1121
3763
2659
4196
1035
2841
6340
4812
4876
6354
4115
4838
3475
4724
1001
4870
3465
3409
6381
7082
6337
6330
2617
1074
6318
6448
1069
2746
917
3490
4735
1065
1064
3441
6327
4780
4899
3428
2741
7133
16
1786
5374
5698
1768
7136
2137
2138
4485
5725
1731
1729
5358
5745
5351
5759
5760
4455
5765
4607
2177
5338
1656
1655
1627
2207
2105
2098
5688
1799
4563
4565
3825
1975
4566
3084
3088
4569
2015
3058
2025
4577
5843
5586
5448
1897
5444
5442
5597
2040
4519
5644
2090
5651
5655
5670
3115
1149
2210
5886
5114
1329
5096
4325
6127
3330
4664
1274
2454
4667
1266
3347
6158
6159
2489
5052
5049
6187
2902
5028
1190
1186
3390
1156
5017
3295
2388
4357
5164
2233
2239
5266
2981
2266
80
5951
2965
1515
1510
2315
1500
5871
5218
5973
1481
5201
5986
3265
1458
5196
1430
93
3278
4368
4366
2324
1416
7035
6727
6729
169
455
351
353
6508
6484
6570
379
293
532
747
757
6901
6821
6559
6681
3988
178
6730
6538
7066
576
619
7068
3856
6942
6637
3705
7040
814
6669
7076
759
6911
3599
3913
553
753
1677
3938
7115
4890
586
1251
6167
6550
377
3882
3354
585
3727
4904
1101
6583
1060
2643
2674
64
4484
6191
5177
7099
3012
1038
1272
2164
1734
2479
5727
4137
401
4871
3562
6908
3273
1436
1440
5337
3003
773
4477
5058
5187
1693
572
234
247
1479
3261
2277
5883
350
4424
6206
2269
6660
2308
7151
4977
1513
1582
2261
4428
1517
3597
2893
6960
5226
2525
2527
2967
2968
5229
4630
6195
5924
1210
6188
5895
1187
5894
612
4974
4971
4970
