5162
5395
3482
4129
3945
2458
2009
4339
5445
3849
2207
2789
7154
3863
2782
5957
3108
3131
5443
5664
4173
5956
2689
3774
2757
2361
5166
2069
5858
2452
6562
5780
7159
5631
1355
5253
2475
6011
3164
3841
5800
2821
6979
3135
998
6111
4960
7155
778
5160
2786
5859
2006
3091
7152
4255
3651
5448
3826
6904
4616
5760
5874
947
978
5444
3044
6869
7156
5606
5803
2673
5951
2007
4172
5164
818
136
6539
6771
2081
7150
6866
3568
6378
501
3484
4399
6546
3648
3483
6577
5306
3396
115
5873
2256
15
544
3003
3132
7145
3166
3198
5782
4195
6123
5447
6948
5157
3789
4613
5696
4085
4080
1840
3008
3007
5387
4932
245
2583
6842
1092
5442
2454
6901
3105
3390
1184
774
6466
3949
1358
5791
5810
3465
5955
635
5853
6127
4254
4074
797
3977
4280
6236
4177
5651
5892
3647
4122
5224
5657
6379
2919
5512
5878
5879
779
5799
751
3095
4057
4773
1917
4053
2003
5789
269
773
6464
6457
3369
4610
4612
3642
5634
4286
3778
2484
3846
6115
2111
5781
5788
6773
3169
3940
5390
5308
1051
190
6978
7012
2792
2918
2682
109
7161
6949
5067
1502
2745
1460
7157
2611
6244
3762
5204
2187
5259
921
6584
3781
6119
1591
5474
3847
7048
3196
2646
2524
2105
2742
2091
3913
1575
5396
2142
6268
5623
3669
1025
2688
5502
3485
5499
5228
5531
1674
4435
1000
5490
6405
144
2297
4427
6977
5558
2916
1056
4605
2258
4333
2912
3941
1233
6292
992
2555
6930
3021
5922
4139
5843
814
733
741
2797
746
3096
4101
5814
11
1356
6898
4712
3134
756
771
2787
1916
3379
3546
3367
6326
5311
4059
4611
1232
5911
1542
1757
1910
4136
3292
5505
1411
6458
2465
4284
4962
1205
3668
3643
1710
204
6413
3093
6490
1038
6520
4781
6489
2589
5231
2587
1914
5548
2945
2392
1544
4077
1745
3421
5481
1321
6364
3400
2917
1742
3510
555
2732
6128
5937
1348
2476
2647
6859
6104
1105
160
5185
5168
4146
3829
630
870
5811
65
3133
1494
5809
3942
6812
5393
1384
1359
2764
3989
2810
4233
6110
4710
4260
6712
809
5695
4458
2564
540
999
2743
1240
2746
1937
5532
545
2057
3773
757
5693
7031
5884
5527
2815
6972
3755
1402
5877
1015
1242
3519
2832
3565
5793
6973
2179
4274
2759
2212
4433
902
4070
6992
1824
18
4938
2150
6999
4934
7142
5158
5586
4982
7037
5583
3615
5192
2799
4191
3677
5655
1345
5656
5549
6096
5913
6383
1412
5806
5920
2740
100
806
5555
5507
6574
265
6840
3294
6558
3357
1185
5476
1505
1058
2677
6916
5333
2577
224
6580
1064
6940
4615
307
4649
2650
2651
6780
6782
6706
223
4624
6694
3000
3249
2640
4617
1462
1069
2477
3436
5434
1658
6482
6899
6894
5302
6909
2588
2362
5493
5316
6903
4485
6519
5319
1041
1508
3441
4186
4703
1920
163
2063
2748
4878
1919
1385
199
2059
2121
3162
2849
7158
4985
301
193
5872
772
5795
5797
862
2744
5787
5783
6097
625
3076
3864
1262
2521
3866
2525
873
287
2837
5313
3885
4190
4179
3887
6758
7057
2528
6739
867
3174
5409
5419
640
6820
1336
1344
5840
6860
4140
3097
3038
790
234
1985
5846
4050
2795
6867
4774
742
7151
5161
6873
3047
22
4769
5331
796
5330
1913
5936
5294
7134
174
1869
3974
739
1124
789
2762
2027
5807
259
6853
2808
835
5315
6854
6857
4017
1889
6118
4089
5950
4142
5947
1893
248
4141
247
1276
2559
3203
3218
4926
2913
6550
4915
4608
5607
4331
508
4317
141
3324
4301
4913
3663
1783
3665
4908
2736
6568
4297
5649
355
939
4945
2453
3698
4894
3384
2676
2264
134
6957
4480
2340
3554
5518
4449
3487
6473
4439
3611
6420
4528
458
932
6419
5492
3466
3464
4582
1047
6531
6376
1650
1171
4600
1743
3401
4377
2308
5661
652
1243
3247
3245
5697
2721
4214
1080
3776
4208
6717
3777
1401
2729
6148
1828
588
2984
4981
3784
6715
3785
5463
309
5440
924
6693
3839
923
6179
3840
1467
3815
3225
4183
1199
4181
1651
1044
794
1652
993
4430
5438
4436
1703
5227
5078
777
5314
5766
1333
1100
4487
4192
5525
5529
1386
5495
4667
997
5233
1579
1052
1424
5690
4627
1787
833
1789
4621
1562
1128
4619
1569
5382
4834
5801
5792
4289
4282
5021
1365
5045
5857
949
954
801
5332
4602
1821
4604
5274
4975
5341
5698
4334
1552
4632
1820
5376
5261
1814
5248
5625
5785
1196
1886
4976
457
6085
2520
6094
6766
6102
142
3884
3201
2123
2963
2129
6522
3658
7112
3204
3824
6039
2251
6827
5973
17
19
3690
3154
637
6818
2780
5079
2663
3928
7133
2252
3480
2656
313
3427
108
333
2827
6535
3418
2946
3780
3399
549
2456
349
533
3338
70
379
2915
6210
2683
3241
3823
2681
2487
3820
2824
328
3244
3664
3814
3786
6708
6286
3426
582
6844
3481
16
7162
6474
4028
6922
5925
3098
4031
7003
3
4052
5914
6882
6448
6900
202
4071
7166
2305
1928
6411
2321
2788
1932
6459
755
1942
2299
5902
3560
3088
7004
753
6374
6971
6373
244
242
2026
6469
2025
2262
3999
7013
6865
2793
427
5944
2642
13
6348
6870
4010
5948
2902
2910
90
2278
6876
3454
378
3597
5526
1697
4580
7005
2314
4126
6523
6487
1671
386
1011
6498
6528
6441
3517
6447
6465
3469
3462
4454
2911
3461
3488
395
3627
6970
2570
1468
1545
3104
1538
1145
5336
6923
4835
6872
1526
221
3101
5328
4771
2580
1489
3039
1179
3030
3046
4784
3070
1555
5304
3082
3086
5312
4783
173
210
6908
3364
6852
1463
6557
6581
3290
5472
2461
2469
2473
3248
2480
5455
4630
5449
3240
6946
5441
4928
3234
