4759
1100
7127
2908
4125
3662
4024
190
5429
2945
7081
1198
4127
1004
2276
1934
6357
6701
2270
4026
4652
7071
5944
2900
812
3099
3922
5372
518
2401
6585
4160
4027
1679
3132
4020
2909
3531
6826
2907
5955
7110
4750
1162
5790
814
3949
5012
2586
4081
4969
5625
6369
1056
2793
6662
1886
5698
2119
3832
1912
810
7129
3840
3839
2581
4258
3151
6667
5699
139
1547
6666
5691
115
3517
793
1367
1754
4618
1738
1894
6825
1182
5632
1751
4195
6231
786
4086
5371
6128
779
3928
3502
2912
2233
2906
6202
502
6821
2588
3330
6511
6588
4196
6747
3986
4756
3766
811
1918
2975
1718
4755
753
4831
6933
4021
4122
5951
4873
3090
4877
6840
1128
4333
5694
4989
1156
988
1541
1067
5166
7114
945
5631
2501
3899
7041
5097
1734
1733
6117
211
5798
5501
6123
2989
5207
3339
6395
3337
3191
5697
4987
2255
572
4636
6081
2679
6215
7117
2277
3290
1322
4185
6229
6852
3546
2521
2502
2228
2819
6893
7123
1742
6897
5624
4331
2175
5375
3803
6461
3923
6464
2585
433
5846
4392
3907
5935
5237
3695
5330
2904
5108
6481
5759
3763
2230
6729
6823
1674
3810
776
7142
6799
6089
4724
941
1197
4319
6754
7044
1044
1747
2965
4318
1903
4567
1606
2613
4508
1750
2278
2413
2043
6466
1575
2650
4028
3260
1167
2123
1739
1020
4445
3315
6134
2797
2464
5948
4657
1725
3878
731
983
6348
1618
3320
576
3848
5027
4052
1736
1731
1964
3364
3328
2104
3050
4179
4324
1313
3363
3846
4651
2798
3696
4403
3542
2125
4391
6378
4259
5680
5392
7145
1366
6587
3539
2174
6578
2978
4526
4379
6222
3009
1214
435
1213
6751
6216
6235
1364
4197
3518
6267
6571
6572
3544
1914
3548
4787
3805
2505
7060
3947
107
5923
3535
3866
5924
5337
7061
4085
1326
3778
3097
3076
1542
5931
4051
3454
1250
7063
867
815
3266
4029
3150
4025
5952
5957
791
3389
6885
5876
686
2615
7126
1589
6824
3562
3910
2754
3372
7121
3100
4921
3933
7073
3804
2897
5840
1792
5769
4751
5303
6857
2762
5260
2760
5940
4846
5379
4868
3334
3335
3478
6405
1571
4416
3689
5848
4900
5249
5675
5248
5891
963
6454
1117
3000
4916
3697
5826
6488
5824
4353
2040
5584
4653
4988
1760
622
1045
1762
1764
3549
6224
4723
5623
1798
1485
5761
6087
1028
4682
3606
6208
6205
2885
3530
6112
5851
4641
1025
4658
1756
6244
1752
771
836
3338
834
2733
4453
5531
1329
5204
971
1711
1979
6355
5373
2672
5982
6328
1200
4506
3353
1937
591
5776
5171
5996
777
774
808
2903
6346
6928
7128
3849
4082
3075
1236
6575
2506
3812
3867
1247
3869
266
6722
7030
362
2482
3926
6874
2295
4310
111
6648
6643
2827
3903
3807
3808
2612
6727
3762
6865
3806
2514
3847
212
5438
197
2545
6538
4192
2222
3084
3831
13
2238
380
1233
3844
3834
7031
3223
215
4198
351
2271
6574
3836
7139
333
4088
3072
4030
1716
4055
1735
3225
1730
4038
5995
4050
1717
4057
1737
2933
633
640
6220
1232
6213
651
2237
660
3362
4650
6144
3609
4137
6881
2272
6118
2711
3369
6836
6054
3600
6049
6927
5340
752
2614
4116
4752
2273
1181
2415
3578
3809
3503
5035
3813
1516
5431
1022
1360
5119
5733
2778
5151
5162
30
28
3838
3472
3540
5663
2549
5679
1368
3161
5312
5231
2795
3833
5643
1415
5696
7148
2541
5956
2484
5599
4843
849
6944
3425
3987
3981
4878
3940
3575
2587
1335
4913
2419
2753
1246
901
4929
982
2479
3118
967
2475
4981
3455
4980
933
3800
3795
1603
2756
137
3802
1262
3819
2052
4377
6308
6483
1984
4381
6436
3757
6472
3030
1936
6384
4317
2689
5503
1917
6589
6664
506
4396
6732
3336
4314
3306
515
4411
1980
6487
4413
4349
6344
625
5399
4489
5394
2184
6499
4330
436
1248
5573
6710
914
909
2336
3671
1613
1619
5572
4254
902
1608
4435
3534
4965
3498
2902
6425
2901
4760
3912
2446
3312
1726
917
4282
5973
5576
1242
6947
2355
6929
2812
4012
3772
6952
1670
1667
1662
1274
4927
2598
4022
869
6708
3967
5964
3426
4473
883
5319
2407
4919
4031
3420
191
3941
7076
5829
5641
1134
1069
7141
5377
2524
3138
1061
3545
2520
6573
5432
1040
3547
2781
17
4364
439
5259
5256
3329
4329
5250
5671
1110
1108
6509
5225
5222
5385
10
3010
2653
2880
3458
3457
5628
2887
5021
2041
1219
981
978
972
7078
5597
806
4398
5469
4312
3893
2456
3021
4982
3489
76
1357
2772
1021
7125
3168
1353
6469
60
2046
5299
5766
2769
5772
5032
3508
4386
5396
4334
4688
6028
6869
6239
6129
2969
3356
2299
2285
2187
4659
4202
4662
244
4664
3352
2629
6121
733
6140
3357
4649
5483
6180
6850
1768
2621
4167
2258
1787
2976
304
597
6796
735
299
4669
6292
323
801
2320
4183
4212
3373
6221
6105
6832
2275
2718
3603
6226
1819
635
5985
3493
1230
6827
4757
6228
6818
2624
1820
6223
2688
6898
3133
5116
425
6146
979
5113
6262
5015
6261
7134
2883
6471
5016
2118
4666
2116
3248
6579
3552
2121
350
65
3332
6275
1840
4316
5509
2616
985
2480
6101
6263
6802
3863
2767
3693
1211
4320
2796
4193
3476
15
2229
3039
6568
4562
3541
437
3635
7149
3474
4367
4178
2221
6217
5268
5258
5433
1384
4339
3155
2626
458
2102
3828
1105
2209
4584
642
4344
3361
6490
1217
2522
3135
1868
5145
1053
5283
1869
36
5797
4166
4645
2519
7138
4647
5731
1079
5154
6254
2849
5200
3633
2528
1434
7143
2782
2785
2114
6204
4194
314
6740
5714
5174
2997
2325
2714
5998
3340
1981
3421
773
2601
248
4855
2979
3393
1243
2680
