4781
1821
3914
4788
2961
1824
6099
2290
4397
3695
1828
1822
2299
2036
2294
2293
1827
2962
2291
1829
4797
6777
3919
2297
1497
1268
5704
1826
5050
5486
5708
968
6096
6771
2292
6424
5738
6779
1820
3012
2513
6773
6774
4399
3912
3671
4031
4032
4949
1495
6425
742
3852
967
3911
4783
2031
1823
1494
6846
6421
2963
1263
2295
6772
121
6097
4790
3680
4030
4038
4391
2298
6021
4392
6776
4785
2966
7144
1825
3851
3688
6903
1520
6787
3681
6420
1697
2038
4660
2461
3061
5957
2897
4786
4037
4517
239
4943
5262
963
1293
4796
962
6090
3676
3854
1264
6094
1492
133
6192
783
4564
1267
5033
4799
7053
6775
5301
5271
965
6422
3916
2296
6110
6115
2467
5163
5684
5265
5529
1638
5003
1266
1573
5326
1622
6339
6429
6534
3677
966
4792
3675
6695
3670
2239
6842
120
4513
3850
4566
2026
5838
4662
3015
2991
6234
3682
2744
510
2813
2997
5582
3583
4787
3910
5280
6902
4040
2259
2256
5099
4560
1721
2876
7119
4663
6841
3859
1780
2873
6092
969
7160
6427
960
1124
152
923
5055
260
4999
4993
6221
5080
6198
7082
4798
6119
235
6218
5945
2024
2022
2944
6916
2999
857
2663
2517
567
3687
2515
3853
3855
3913
2252
6112
3691
1261
1074
6687
5286
5729
6770
6091
6612
2660
3693
4998
3829
1637
961
4987
3858
4977
2505
1782
3917
5666
1454
6423
7057
6217
1279
1262
2094
7042
4665
4661
924
5054
149
1899
2872
2666
6647
1260
1621
6093
6659
3191
2761
5160
3234
5167
1366
3247
5070
3262
3240
19
6918
986
2903
4635
4189
4356
4362
4368
6848
4398
5616
2912
2091
4571
332
4485
1013
5921
6919
4150
2665
4071
3587
2733
2653
6604
6909
5953
3249
3773
4642
6920
1291
6485
2789
5831
6901
5668
2817
6888
3963
7164
854
6938
6469
6869
118
1151
4997
6292
1138
5123
136
5333
1247
7089
1132
51
5006
4791
5041
1173
5338
4742
1625
7100
6185
5213
8
5205
5588
4688
5438
6199
4995
927
5009
4981
6576
952
6528
6778
1691
3782
958
3841
3673
6487
5463
4650
5481
6523
4651
925
6111
2914
2960
5214
6677
5202
1599
2822
3016
237
238
2811
3112
2766
5143
2753
5822
3263
2715
3401
2485
3416
3581
1630
5030
6912
3411
5962
6100
6836
4080
6812
5977
5617
1070
4185
6029
4668
2247
6392
2240
6820
1896
2083
745
4394
4782
4204
5592
6215
204
1901
6452
6688
1076
6428
2463
2020
2412
2318
4848
1935
6406
6934
2004
5505
4836
800
2826
1552
1201
1624
1373
1897
1072
1040
1041
888
7043
1109
1606
2815
1593
1554
1787
1129
1796
2470
1428
1147
1421
2514
6929
1632
1154
1393
2577
6956
6968
1631
2629
7007
1493
1852
2662
1388
1629
7142
2667
2686
964
2688
2713
2238
2115
1627
2244
3584
4388
4648
6754
4641
6116
4603
4577
333
4561
4462
4427
4795
6861
144
4209
6210
6225
4181
6309
4168
6315
4052
6324
4390
6373
6039
4838
5266
5263
5261
240
5665
5166
5156
5124
6793
5038
4834
196
4994
6782
4963
6799
2994
4944
5920
4941
4898
4847
4996
6379
5432
6904
3856
3848
6611
3686
3269
6482
3685
6497
445
6508
6509
6633
3608
6606
3485
3861
6680
3418
3088
6681
3110
6915
123
6738
6433
3941
116
6877
111
3021
5795
5835
5846
1298
6624
919
7152
751
910
5510
900
1422
5663
6644
1470
6646
6651
1455
5771
6376
6051
5950
6382
1077
987
6724
6238
6689
5501
6458
6191
6179
6467
6177
1174
6128
1228
1239
6476
6113
6743
7158
6078
6060
1042
7157
6553
932
928
1294
2995
1781
1555
2564
3876
6891
3933
3978
2459
2435
2576
2432
2339
2301
6923
6867
6864
4050
4051
4017
6948
3679
3652
3053
3072
3190
3210
3243
3245
2732
3672
2721
2707
3331
2668
3504
3512
3585
3589
3299
4053
4057
4176
7130
7140
1801
4945
4947
4948
4951
4832
4985
5000
5008
5168
5186
5191
5215
5240
1677
4806
1844
4771
4182
4199
2245
4285
2213
2147
4405
4553
4556
4580
4592
4640
1936
1916
1910
4647
4710
1517
3918
0
443
393
141
145
150
219
496
129
446
217
262
126
151
618
47
72
12
2000
6599
3557
58
5190
3999
2739
1490
56
1955
1947
5194
6845
4841
5439
2002
6609
7052
2681
2029
2670
2030
1374
2661
872
632
5963
7044
2758
5792
6591
629
2926
4412
4849
3971
4247
6541
3486
5228
6374
2870
3467
2972
5222
5220
5990
5218
2835
1939
4254
1927
954
5596
4893
5670
1890
6574
1453
5416
230
1457
2832
1451
6955
1064
1365
6682
76
5089
2179
5005
2172
4041
268
4082
4519
2161
1158
4460
4988
6654
4511
2198
251
5500
6077
2271
542
2251
5507
6694
2250
5487
533
2246
2242
5830
2211
5944
6650
3745
5343
5910
4450
6623
6622
143
5587
3771
6966
6965
6756
6962
2640
3580
6616
2996
2646
2090
2649
4958
3762
4986
6648
4982
6983
2489
276
2500
5898
5459
1125
2512
4101
6745
4451
2105
3763
1771
2768
6486
43
6219
6928
4772
1531
6866
5288
3312
1623
6488
6930
4778
4659
5759
4707
5285
838
839
4609
4672
3066
4669
4712
310
4746
4749
4191
6917
4731
4626
1537
10
4393
3178
3119
1687
4201
4667
6922
5379
6227
819
3207
6932
1620
299
3231
7150
5277
322
3260
6500
1575
6892
3894
223
5857
3358
3194
7155
740
6069
5522
4992
6760
5329
2647
4448
3656
1363
1283
3387
6617
4088
3264
4286
3248
1050
3757
739
1385
4991
2689
6768
1030
2687
5307
181
4
2684
2682
2032
5607
1299
737
2027
667
6010
6961
6465
3359
2144
4512
1550
1693
5526
7039
2066
6629
5464
6333
2178
3598
6222
6220
2414
69
1663
264
2542
4039
3610
2529
1657
732
2102
3947
