6016
4779
513
3305
2119
4688
5175
6703
2886
511
4755
5537
1667
4846
922
515
516
4952
915
1235
5074
6838
6835
2110
5017
5668
2244
2422
2705
5238
6731
4758
1510
6017
5078
3486
6383
926
2830
3291
6436
5471
3491
4848
3227
2811
605
107
5774
5174
1754
5775
868
1840
4740
1084
4681
4645
6082
768
861
2834
1625
3523
1959
6515
1958
5379
512
6714
1329
2180
2163
2161
4847
682
4436
5171
560
1621
518
6788
4832
2153
5015
1107
5217
2701
103
344
4331
5014
2183
4504
911
5353
1951
666
2401
2838
5071
6985
517
3473
3353
6554
4750
5075
6730
337
7139
4433
4756
462
6180
5416
6496
3920
5504
6013
1884
5982
4614
5981
6480
2041
6481
6827
4834
6089
2670
7114
1957
5170
4438
5022
919
3873
6018
2837
1735
2798
3635
370
865
4651
263
3648
910
4835
6010
1078
5630
3483
3197
5211
2117
5215
3258
2083
514
6718
6719
3439
1885
1784
2116
7016
4432
4656
5661
4955
20
4953
5420
6329
2340
1956
685
3164
600
627
4559
4550
1955
6655
2043
2046
3211
4261
2835
4333
6244
6756
2833
6208
5342
1058
1052
2348
1731
3836
3831
1725
450
5216
2275
5149
2588
5148
3304
6999
763
3352
2167
1045
4724
4757
6399
2932
3318
3471
4682
153
3033
3096
5772
6370
916
135
5089
213
6323
4849
5047
4708
214
6410
6328
6816
3933
5813
6389
831
931
422
1617
2427
6419
1751
3024
4945
4509
4951
2496
6416
181
3833
5146
2988
2535
4461
4500
2985
5152
1318
429
2283
3072
5337
6813
101
2111
3128
4171
2052
2044
6817
4321
2019
3349
1978
660
5703
4752
3964
2165
4777
5070
6998
1607
7077
1780
5662
5371
5370
722
1802
6608
2205
119
5210
5212
2166
2679
805
873
5024
14
990
6483
2842
2711
2709
2839
2775
2935
6432
1572
1544
2945
6232
2920
2891
2304
6895
2158
4652
5546
5964
5745
5848
5088
60
921
4772
6463
5543
67
2437
6355
4328
1035
6126
917
6600
6245
4841
2115
3862
981
1579
1847
3879
3861
6201
5338
2241
869
5871
1762
4068
4431
465
4074
1314
860
116
3260
4538
6580
5178
1206
4956
4723
5173
3637
3120
4404
4016
5966
56
2504
2818
6369
4684
2836
4776
5213
538
2365
4531
2508
3181
5577
2602
3587
3760
1033
6789
4519
7023
1639
6361
3744
844
3536
5144
2658
5277
4256
6084
2
647
1953
2939
2980
6079
1909
5529
5080
7015
4234
1629
2703
5475
1230
2817
2724
6025
2565
3697
6516
63
2040
5469
1676
4633
803
4567
4741
3246
5890
4718
2060
4324
5208
1793
3130
2054
5235
6950
6712
5666
3292
5928
5247
4915
3355
4349
7009
6428
6029
6693
4047
1809
1155
1889
3162
4773
3124
5240
2003
4091
3151
4725
4093
5783
4314
1894
6078
4204
5784
5330
3112
661
5599
4558
1398
3567
5296
6311
5219
689
5885
1906
6344
1391
2288
892
5165
2706
2467
2465
1226
1209
3868
1327
2423
2664
5789
2765
2766
762
2566
6258
5172
4948
2638
5924
3749
6406
4501
1239
6045
3379
5960
2723
5611
3907
6217
6213
913
6229
4448
5
5083
5635
2247
4516
1589
3474
6557
28
4655
6740
4751
5927
4539
4004
6836
4011
6583
4422
5605
5378
835
2691
4528
1204
6743
4530
724
5788
5526
314
3443
3303
3054
3448
4434
2341
451
6325
3447
365
1328
5082
2702
807
1903
1622
1608
6772
6818
6327
3315
5244
1651
1587
5044
6766
29
6075
7004
5989
1787
883
19
6966
1750
3316
6990
750
5176
4697
5182
6811
4370
1482
6324
1771
1549
6832
1778
5913
727
4435
5750
1842
4534
4532
4503
3269
1380
5051
5158
878
4748
1389
1732
4329
1736
680
3252
1390
3267
3253
4533
1330
1845
875
1122
3763
6509
353
4944
1236
5500
5502
321
366
2677
308
2696
281
3671
2773
3644
6454
2686
367
6870
3356
2279
5967
467
2315
463
455
2388
6541
3295
3890
6861
2481
1253
5838
3810
5465
3806
2793
2797
2799
2804
3189
3066
3446
3069
130
7142
3434
5667
76
6285
3184
104
102
1158
6368
3388
4900
3058
6849
5645
5639
68
3370
6440
6253
6439
70
218
2907
3565
4845
2934
2950
6418
4864
172
6396
3493
3034
5377
2179
3293
2159
6150
5870
4759
2055
2088
5261
6631
2045
5288
2233
1277
6658
5884
2181
6347
4201
2246
6346
563
6611
3223
5941
2112
6653
1514
7033
5609
4839
4842
6019
2949
2890
3583
211
5617
6260
5912
1781
4582
5971
1086
1126
3649
1087
4537
4339
2794
4754
565
3623
250
6336
3619
237
3611
6443
2863
4330
1090
6254
2016
229
2084
2879
4153
2012
5077
5624
6810
5264
4297
3126
6944
3127
4292
6083
6897
1950
6365
3150
1143
5048
7005
1303
3172
4904
5988
6356
4720
4721
1360
4685
5737
7014
6377
1888
2008
5816
4973
2118
6326
6392
6893
152
923
924
4856
5076
4654
3050
612
933
1901
4232
3068
4675
938
6378
5269
928
3228
2753
1582
761
1057
2417
2451
5746
2453
769
4437
4811
6717
4443
2486
5743
6982
1734
3839
3838
6212
6215
3813
1312
1008
6970
1322
5207
505
4472
430
3957
5375
5372
485
4020
5367
2286
3996
1315
1765
3991
6182
2240
1759
5187
6852
1755
3980
5862
6579
5200
5861
2342
3262
6571
3266
1805
4481
2538
5252
6502
2628
1848
6495
4940
1076
1636
1633
4499
3729
4096
6490
6742
5127
3727
556
4111
5503
2680
5328
5508
1232
2675
4514
6088
2544
1583
4077
5472
1672
2189
2708
2562
2188
2160
1066
6220
3359
5478
12
4744
5340
2707
5505
1332
3296
4901
1212
5976
5985
4745
5980
4747
1189
3311
3294
4867
4824
4868
5984
1247
1200
4830
6840
6830
5987
6894
4874
6856
6837
6833
3382
1395
2700
3709
3713
2683
2672
6486
