5076
6896
1248
3968
1244
1252
2008
1255
1251
2186
5154
5151
3969
927
3966
6996
941
5996
2303
949
3963
6999
2183
3961
5073
1381
1254
1077
3960
5192
3298
733
3178
3173
3765
3769
5342
5433
5072
1235
3840
6019
6326
5876
5153
5500
3763
3848
750
1626
5780
2251
2187
5346
5155
6990
6992
3842
6890
5712
6993
5159
5157
4698
1098
6021
7149
4422
378
2614
1245
5923
3174
936
2887
2406
4450
1247
1959
4187
2474
3924
1259
6892
5249
2652
756
3766
3962
2241
1711
5432
68
4181
3967
794
6840
6230
6013
945
6016
5156
3296
3519
2923
3771
7021
1578
2469
207
3885
1073
5713
2744
6118
4185
1256
3768
6258
1070
384
4725
2277
5773
4740
448
5315
2003
2006
2541
1250
948
458
3476
5399
4703
2240
5992
3757
873
1240
3446
6994
2105
5999
333
5474
1955
753
6714
3875
730
1779
3877
5504
6711
4830
6087
202
2627
1692
3293
2717
206
6223
2827
806
3181
5078
3929
3760
4183
5830
5874
2109
3179
3841
5975
5070
4030
219
3291
5074
3369
3925
6018
3172
4915
3546
1491
6674
6803
938
4377
6375
6518
1387
2301
4654
6812
2529
6435
732
3127
5775
5917
6026
2255
900
6457
4395
2687
1232
689
3767
2680
5240
2591
6514
3873
1710
2103
5177
6139
4921
5883
942
5833
5092
6570
2246
1957
1810
2400
6433
326
6510
5990
2242
4682
6844
6399
5343
3175
5430
4950
6228
5997
943
3825
6015
3843
2705
2380
4688
7142
4741
2703
1453
78
6541
6038
5645
1253
5884
4633
1097
203
4988
6253
2142
5148
6770
4235
1075
807
5848
4425
6763
2332
6348
2685
6997
4180
1061
3773
4513
6084
4601
3177
6899
4451
98
2007
4254
2000
328
366
2508
5745
983
3114
3817
1448
2713
1471
5926
919
6432
6732
656
3695
3171
425
6765
2811
5042
6241
3694
6718
1776
4432
2654
666
5002
2314
2647
4952
6581
4037
4098
2009
840
6045
2005
3937
2882
985
5835
3980
5885
751
3097
208
3349
2188
3401
200
6113
3072
3911
779
1076
150
805
1068
5879
3778
2101
168
3038
6371
5611
2213
3846
2707
511
7084
1452
1901
4265
1950
1889
6010
3907
6020
2706
3622
6023
4681
2401
5337
5666
4396
6891
6024
5756
1437
1653
3409
600
2885
2683
5831
5863
3404
6519
6538
6725
1654
1438
5839
2719
5836
1358
426
2881
4435
456
3366
5834
3402
538
4250
2061
5142
7031
6340
7023
801
2437
1067
2093
6995
3211
3788
2481
755
6091
2487
4334
6951
122
4128
2148
5108
922
4982
3138
4957
2267
2249
946
947
3736
3180
3738
5075
5079
6205
93
845
2182
6324
6940
2824
5314
5475
4652
2613
5982
340
1814
2593
4684
4691
2659
4374
3849
394
4726
5925
4041
1778
1958
4708
1714
3890
267
1718
6880
605
3185
977
6311
1257
6215
3292
2938
1297
6298
6231
3186
5954
939
4260
932
894
3164
5912
984
6333
3187
2979
736
737
4339
739
579
743
1384
6406
4426
6123
4176
793
796
1055
6416
5861
1433
1042
1376
672
6141
6172
831
6427
4065
4276
602
6483
2711
4514
4926
370
2245
5510
3891
4651
7105
3735
4630
5565
3734
3629
1721
7118
3438
3731
1679
5630
4954
438
2702
441
443
1782
2243
1806
4913
5152
2125
7022
5165
2439
5146
2097
2458
209
2415
5245
5662
115
2485
5275
2496
6897
1971
4510
6889
5345
3521
3819
3871
4903
5663
2611
4251
5664
5736
2318
2765
3406
505
3693
14
5714
5781
5702
5681
464
2302
5784
4981
4515
4518
6335
4370
4356
2333
4911
6901
2499
1150
6942
108
3939
2494
5106
4338
6196
4336
4517
2123
517
6370
3747
4876
3023
297
4184
3184
6012
3253
5415
4912
3844
981
4383
2198
5374
926
713
2812
3818
6383
1553
5339
97
4151
6956
5274
771
2069
6343
814
1081
4841
3565
2464
6140
3045
4845
4177
3683
157
2091
4189
3772
5144
5171
197
4868
1013
6327
5272
3143
803
2483
4237
213
2969
4239
6102
758
4307
4498
4902
1100
153
3560
201
1005
6112
3762
7080
2971
5512
1713
2248
3297
3733
5711
4423
1728
7116
5566
3338
2304
3920
479
3847
1290
1282
1269
2751
4398
4620
4468
5929
5922
2351
1389
457
1380
1624
5651
2700
1655
2275
603
1395
2695
3318
2693
1357
5051
3434
6493
1620
3305
2633
136
1431
671
3486
2599
6136
2217
677
6412
5465
3485
687
852
4074
1230
4676
1571
4673
3872
67
1883
680
1791
5502
63
682
7
2313
1860
1812
4263
3879
1816
5495
5991
562
86
5036
5150
4955
5033
5082
937
2354
5048
4929
2376
3146
4906
3130
3102
2326
952
4922
4257
2386
2184
982
2247
4985
2419
2195
4262
4297
6145
1029
5133
2254
2191
4268
1172
1050
1660
2889
2697
5635
4428
2689
5609
1697
5605
1372
5601
4623
4424
5947
5949
5952
2929
5561
1289
1772
1716
5508
5895
5660
1460
1459
5778
5771
5763
4527
5748
2767
4496
1382
1560
2753
4478
2747
4465
5878
1583
1621
5887
1628
5733
1783
4655
1805
6082
2032
3026
5252
1104
1101
6111
3039
2052
3012
3041
4840
1079
1078
2082
2463
2104
1066
3048
2108
2062
2493
2498
2004
1813
1249
2616
5492
4674
4675
1840
4394
4689
5440
6000
5419
5393
1925
4718
1187
6029
5329
5313
5312
5308
4314
5472
2986
908
3344
561
555
6557
6571
6572
543
6578
530
6583
3364
3952
3379
3942
6675
565
3343
3997
6498
773
4171
740
6364
4120
6384
6389
6703
3270
6420
660
6441
6443
6449
4038
4035
673
452
451
442
6978
6991
3785
3585
151
7025
7027
221
3610
83
3623
57
7120
7122
3724
3659
85
791
3813
6893
6768
6769
388
3448
6795
3454
6822
250
3876
3874
3484
6855
292
6862
3516
256
341
