3923
5108
5109
3926
4318
906
2975
5376
4334
1167
3927
2973
1954
1047
3922
2104
5730
5012
4319
4311
5732
2581
568
5733
5100
4310
2976
6024
5104
1086
2101
2920
909
1952
6354
4312
3924
1045
2100
3925
2970
6375
3921
5372
4316
5734
3601
1083
6028
4759
904
1958
3949
918
1043
5737
4313
786
4804
2979
509
4636
6365
3290
3606
3930
5735
6481
2270
3501
5394
2897
633
2383
6026
5855
3487
3266
903
4314
6384
4317
2902
562
3920
597
4682
102
2908
4354
5982
1041
6027
907
2109
6351
6357
6572
3268
900
967
1727
6020
6364
3503
4698
3699
504
2106
2978
5746
2408
4251
6022
6344
2585
3945
2041
2047
1957
4026
5500
297
135
1959
4090
4724
2276
5105
3267
902
4351
814
3644
655
4353
1004
1485
6493
963
2901
6369
6471
4954
1008
3302
6571
965
6585
5503
3483
1794
3149
6367
2689
550
2839
6212
6748
6216
3693
3622
4138
1738
1319
6353
6359
5337
6362
812
4142
6499
2229
2277
4355
7090
2103
5762
6017
6012
6510
1798
4508
4000
4019
5985
3943
1147
1903
5584
966
1918
5973
62
5591
2971
2923
2906
1269
4633
3536
2758
6355
3138
2717
5377
2685
6868
1198
4957
2588
1928
3278
175
4127
7119
5643
1491
876
6023
4350
2016
4164
3946
585
3261
5632
3097
325
324
2893
2904
6587
2929
3662
5508
6169
2102
3379
1516
5371
3146
2697
2382
784
6852
2674
792
2657
518
1235
2381
1966
3132
5398
2619
4823
3907
405
404
2796
2589
4787
99
5681
6400
4718
3474
847
5594
1359
4721
4281
1901
5177
1351
5113
7108
3277
2649
3260
3502
2683
1044
6749
3096
1731
2895
600
6573
6218
1121
1069
962
2793
6208
2275
4201
5648
10
4315
1495
6906
964
4366
750
4559
351
1028
3908
3844
1342
2900
3603
3928
2944
3865
4041
3481
1973
3275
3821
5848
313
4112
3856
5106
1081
2355
3211
4824
3861
5079
3853
2331
6586
4756
6980
6328
3697
6
6361
1850
3872
4352
1158
86
3506
1717
2997
7094
4623
4166
1617
4244
3145
1911
1098
2795
2754
5775
4751
438
5330
1586
1589
209
1968
14
788
4208
2401
969
1542
6293
5145
1912
4953
1078
6557
2125
1636
1087
6371
5942
2573
4554
6750
2221
5731
961
5952
4865
6483
5633
3421
6229
3566
4505
6231
3092
4396
2108
1415
2924
908
5509
5604
2360
5699
5518
4395
6764
5840
5707
3948
3264
4275
3940
4827
1241
5700
4308
2851
1250
2831
6778
3947
4952
1733
5924
4719
2279
2925
7104
2828
658
4825
5790
6834
6823
884
3638
5230
6253
2262
1236
1307
6828
5339
1388
2379
1466
3817
6201
6757
2887
1358
4289
6770
1557
3098
1534
1061
1357
1354
2769
6807
4869
6708
2797
3414
1234
2905
2278
3691
3687
2073
756
3090
5322
172
954
2000
3347
5391
3929
1969
5959
1676
6479
3899
6984
3944
3356
4081
295
5504
1791
5467
6386
1963
2517
203
6918
3936
2524
5836
4398
1719
6575
6916
2659
319
5636
215
2572
1618
3854
6014
1023
1927
4094
1766
4445
3877
3147
2582
5585
1760
6928
4501
1793
3698
2390
3095
4249
4001
5689
107
314
294
630
4507
3270
6957
5494
1423
6326
1046
5486
2541
1981
3695
3846
5979
7025
4086
5600
5016
4720
1910
1347
5637
46
1919
4116
221
1084
4754
1328
1316
3279
4817
2989
2986
5704
2933
5231
4680
3665
5708
4040
1848
5514
3361
6978
1381
1854
94
4047
6987
3340
3344
3263
657
2220
6578
5809
867
4806
2654
6477
5736
4786
7147
6891
6054
6045
1716
2798
2272
5468
5067
810
6029
6476
977
1671
5390
3144
5375
1615
3140
6836
5082
2698
2692
4379
4590
3832
3518
6419
5331
2116
4330
5697
2752
387
5312
2848
1754
4391
2584
3099
6931
3942
4813
2844
4970
6021
378
752
4394
3488
4906
4367
5480
6841
4656
2587
6018
4654
1293
1162
6621
2214
6448
7132
1300
5776
2222
4755
1216
4820
3460
3236
883
5057
1310
5063
7125
6643
5772
5089
2219
811
6588
4246
869
877
4765
4338
2238
6346
6368
806
1141
1290
5044
1197
817
818
5117
1277
6425
5097
4256
875
2760
4729
5678
2043
2299
4384
1732
941
4388
4390
6922
353
6016
6938
945
6940
5997
2048
323
1712
408
2673
4750
1649
3312
6866
1662
4567
4566
427
2650
6882
5397
4899
3912
1711
407
5382
321
4503
5590
2
2409
5596
212
1940
1946
4122
4167
5886
188
5631
2380
1979
2356
3
1001
4447
7023
6959
1000
5987
290
2332
1825
3335
6971
5964
4043
266
4943
1864
1886
4305
1909
2678
2670
2688
3690
106
1428
2903
609
2266
4672
1451
5259
2061
6211
1457
5262
6763
6196
2907
6190
2197
6729
1329
5194
3007
4240
3005
5195
5196
2246
5694
2253
4282
2963
905
2926
2263
629
4359
2881
5739
6821
3823
563
502
1593
5826
3309
6827
1025
5342
974
486
5373
3848
3851
1587
1585
2211
2827
1493
2773
2820
6180
2812
1496
2802
17
4959
1553
5316
2841
4951
6473
1024
6498
3337
5756
3314
6444
2184
3348
5712
979
2209
2856
6420
5478
6011
1767
2326
2027
1734
1730
5677
2607
2615
1784
5393
1679
1678
1672
1666
6078
2679
5679
5368
1599
1596
5392
1792
2328
1800
1984
1978
2385
5635
5599
1929
2415
1916
1914
5581
2451
2458
5544
5526
5960
1863
1859
1858
1857
2502
5975
1826
5992
2756
2762
5320
1543
3094
6336
6341
6349
3130
1226
6356
2232
1217
5778
3142
2228
2225
1194
1191
2126
6372
5066
5061
5036
3218
5011
6406
6322
3262
5125
1311
1538
5303
6163
2274
6206
6213
6215
2273
2269
1434
1425
2909
6243
2943
5229
2948
5691
5796
6267
6281
5200
5197
1313
1303
5365
0
3830
3859
7098
115
3841
6927
6769
6926
101
3804
837
