3923
2104
4318
2970
3926
4310
4311
6024
5109
4319
3921
906
1167
3927
6028
2979
4313
6499
3929
5100
6196
4312
5734
1047
5736
6026
2978
5376
6357
5730
5106
5108
1041
2973
904
3924
4251
786
1954
6022
6021
4316
568
3687
945
909
4633
907
3601
941
2100
5733
3696
2657
900
2108
6365
4317
2101
6354
2972
6481
1045
5732
1269
3179
979
3290
6384
5398
4636
5113
5372
3922
6366
3683
2887
2464
3501
3395
62
4672
3697
3920
2517
5079
6351
5753
2652
836
3856
2532
1984
3009
1727
977
6344
5888
6212
939
6419
5745
2923
4957
5105
1613
1464
2976
6027
1618
3603
2718
2717
6361
5735
1085
78
6996
2604
562
2600
3861
3606
1465
1147
770
831
2386
4953
2519
3693
4358
3966
5066
3503
1491
6864
6336
2796
1086
6216
6867
2795
4392
2587
6375
1604
2589
2601
3379
5809
6082
6893
5104
2359
3006
4612
3394
1193
6510
2030
1252
4019
2790
2673
2501
949
3817
5256
6586
6533
5584
5519
5545
1712
2802
2478
2606
2926
3689
6087
4679
3899
2944
2916
2356
2389
366
5332
4234
4334
3878
6493
323
4315
3391
2881
434
3695
5942
4123
1589
3714
4484
1863
3699
2715
3567
2383
2805
6020
485
487
908
6293
5593
5737
3050
3863
5383
3871
4698
2277
74
5992
1543
4804
1738
555
4396
2102
5861
2107
5637
4007
6023
6822
2911
2899
5303
6326
435
4170
2459
6352
2382
2523
5643
6994
974
5179
2211
536
2201
2380
2474
1486
6892
599
1958
1495
597
2511
297
600
1963
3762
5997
2355
4333
3691
5597
5585
1461
5792
5012
3787
3786
1557
5184
5183
1466
2609
2613
4445
844
5776
902
4041
321
1602
592
4235
4632
2901
6346
5898
5300
228
2824
1855
5843
6906
1850
5249
2925
4253
2801
5253
4932
756
2797
6085
2789
6757
5250
3315
257
6842
2975
6823
3005
1803
6343
3536
2713
5623
108
4943
4002
3846
725
5188
531
5177
6896
2929
6098
3092
4971
4787
4408
2204
438
5150
5752
2897
413
5751
6477
1169
5392
5312
938
3393
1257
6349
419
6483
2503
2451
4786
1856
2522
3396
83
4954
4952
3367
4466
2439
6859
3343
2616
2618
5840
5635
324
1893
6597
2354
571
4391
6204
2352
2654
2338
5677
6978
3969
4088
2125
4377
126
471
5518
1702
6800
1603
1805
2614
3348
3952
6308
3340
1691
5594
2866
6088
6608
4789
4974
5731
4399
3132
3600
6083
3925
3145
3174
5200
6498
3144
3172
458
4350
2366
793
2303
5738
3849
3432
4201
2310
1798
6547
2214
7127
5981
3175
3177
1493
3178
2148
3965
1719
3312
3236
5972
3237
1531
6150
2109
1112
5586
4237
4202
1725
3137
5591
86
3872
3398
3875
5078
750
6479
4682
1760
6708
5985
4225
1054
1690
2202
45
5407
7017
1711
5180
1390
5500
1616
206
1304
1342
1354
2804
943
2806
2719
4969
5761
962
679
5959
3701
5754
5248
963
1295
6363
5255
6369
5198
4975
5196
1293
2572
1609
4565
4566
223
4462
2659
2033
4026
1606
1820
5018
6869
918
2061
3618
5759
1040
3460
1438
833
2971
1052
475
1219
6770
687
2051
1410
1417
5525
2703
4763
712
6722
5523
2430
5322
3766
4762
7074
3616
431
5617
840
6587
846
847
5946
837
1913
4301
4906
1809
1802
4194
4871
4314
6667
4178
4204
2039
4013
5881
2034
812
4335
5833
633
5952
5872
2023
6572
1610
4156
5646
2003
4330
6581
1989
5002
650
849
1542
1826
2714
2106
207
1260
4718
4716
3539
184
209
2843
2854
1235
2893
6768
2909
5713
2844
5503
2794
225
2680
2684
2687
292
2689
2708
5237
1303
5514
1298
1297
1294
5506
2766
6765
3487
6748
2920
3474
1079
3337
39
3146
3149
6232
7146
6215
6808
3314
3225
3239
4671
6169
3323
1165
4680
3363
6118
1043
131
2989
3442
5369
5371
3012
3433
3417
4689
3397
3389
3364
7135
4585
2676
2533
4764
2585
3684
4771
2581
5193
5794
378
6471
2538
3857
497
1397
2527
942
6427
936
6860
3842
412
2360
4788
2385
5152
2408
437
1469
5998
2405
3681
6803
6491
967
5207
7057
1506
3648
2610
6698
7059
6885
1367
5076
6050
1516
312
344
2594
4769
5580
6057
1507
1058
1061
5640
5739
5814
1168
4398
4356
1676
4825
4353
4409
4678
1166
5826
4354
1161
5847
4898
807
1056
1614
6840
1290
4743
1532
1301
4327
4757
6754
6856
1356
839
5760
983
971
1265
4719
5790
1619
1190
4305
1196
5806
1416
4460
4587
1556
6828
5747
1395
1236
1240
5750
1566
814
4338
1000
6804
6517
5097
498
6016
161
2333
5102
479
5112
5473
462
2377
2379
3543
5155
191
2820
3551
2456
455
3877
2915
6997
604
6538
2105
3451
2981
130
2966
6983
2963
3960
3458
5976
2173
5060
2956
2187
535
2928
6995
2812
4003
2799
414
6370
2621
2629
6068
6373
267
2649
2650
5511
6383
306
2665
2710
2678
295
2686
290
2688
5515
2605
2602
2596
2791
2788
2787
5863
2515
2783
5547
2524
227
3718
6412
5259
6084
5190
6405
3685
5195
347
5257
417
6965
5232
6541
4181
3333
4956
711
5889
4966
6928
6255
3098
1861
1862
1864
1867
678
1928
3085
3084
6219
1815
1812
4187
1713
3
3282
6190
4228
6916
7162
5874
7132
6205
6620
1789
3321
4196
3189
4191
733
1808
1778
1953
4972
1972
3045
1955
4073
3032
4043
4075
3399
1975
3015
5598
3435
6133
3007
6573
6545
4031
113
6943
1964
3446
658
1195
6213
6175
6364
3039
6367
6784
6774
2709
6371
1119
3448
6155
1299
5755
3455
3453
2977
1305
3431
2894
1217
3400
2889
3507
2861
3369
2848
1172
6769
2839
1254
3087
6275
4598
3384
2914
3415
2803
2798
6273
2924
1164
3339
1179
3122
2782
2767
3124
2765
6359
2933
6220
3361
