3927
2973
5734
5737
5735
906
904
5732
5730
5104
6351
5109
4804
907
3697
1147
900
4396
908
5736
6510
4394
2897
6353
3925
2970
3601
3501
6354
4311
6058
3687
3923
6384
1086
1958
3861
4026
6493
5407
3693
903
6365
6367
6375
4802
2979
1954
909
120
4390
3691
6770
974
4318
5376
4957
5106
4019
3929
3926
2101
5394
568
1087
3921
3694
2977
1157
979
4786
4038
6502
5108
5738
5322
2515
4312
6028
3690
6196
2030
4565
1269
2572
1952
2717
4398
6021
2032
6026
6359
1491
6054
4251
1008
3682
2657
2581
1047
5486
2920
2108
3695
2924
5100
1690
3920
2409
4808
2923
1729
1045
5105
5665
5404
6017
964
133
1043
3684
5398
6422
6020
4395
6024
5979
4636
4953
6023
2104
6382
5731
4806
5050
126
2468
294
5113
633
4805
2295
755
4800
5400
1225
6834
2966
6218
3899
2517
3018
6429
6425
962
1493
3943
6373
5012
597
2236
905
3924
902
3865
2582
1820
122
86
2929
4037
3017
4399
438
6774
2102
121
977
3680
7147
4803
4787
4392
312
3698
2023
748
2578
2519
3696
2031
5503
4313
3930
971
2975
5891
2928
6868
2823
3342
5959
1495
102
2718
857
6965
3460
6357
2963
2037
1808
1804
4389
2901
6749
4807
1158
4724
1236
5739
563
2100
2511
1953
5742
6757
1041
3683
2181
4319
6369
314
2978
5371
6071
2205
3681
2576
6748
970
5643
1126
1315
1143
5762
2094
2684
965
6022
2619
5746
786
2451
2872
3343
5054
4397
6587
2039
3344
128
129
4718
1697
4862
4323
4030
6349
3259
6321
1727
2463
3874
2893
4809
3337
3910
4783
4391
504
6308
4078
2476
405
1083
1081
3413
4393
3688
2649
3414
562
2972
600
6573
785
756
750
6190
3606
4310
6621
6952
2942
4201
945
6607
2239
2681
4524
604
5987
2802
5850
5482
5270
5195
4334
7108
3912
2466
1304
1263
4682
3310
10
4352
2613
1803
1760
4801
4825
4820
2839
3016
2831
31
6263
6216
3487
4314
3422
1802
2796
7105
485
3261
6961
5372
6051
3411
4138
630
3462
4717
2103
4698
2408
3966
6891
125
6389
6585
7119
3946
2325
4823
7135
6352
3593
2107
4316
5095
6344
1612
3314
401
1303
5740
2714
4160
6993
2610
4477
3622
2948
1235
6806
5942
2523
2220
960
969
324
2618
967
1144
6649
3859
864
1351
3607
2652
4759
1023
3676
4757
2670
1944
6355
3692
123
972
1986
5060
7131
1258
2640
5529
6360
4829
4833
4719
6424
1167
1048
2631
2612
1695
5645
1186
6368
2197
4778
4583
6361
1644
4094
6380
5374
7091
3853
1457
1089
753
3854
2791
2790
2789
6125
747
4453
7104
3872
4188
5338
3529
4460
6091
5343
105
3877
1534
1340
2712
2238
629
946
943
6334
639
5101
5102
2316
2713
658
5982
2464
2820
6980
3211
2299
5155
5994
717
5107
498
5985
6906
6772
2944
6932
6633
2926
6517
4374
330
2971
2902
6807
6915
6648
2976
3347
6910
6609
295
3032
486
4354
5924
6608
6960
3474
5239
1724
2829
5952
6926
2189
5544
3757
2133
6366
6571
127
6583
4625
4047
3268
2532
6776
2689
5115
6336
3332
2589
1349
1738
2922
6212
6822
1693
5680
3898
3340
2795
2272
6128
4474
1159
6098
2940
6646
813
5337
301
3539
6963
2444
5681
1165
740
5271
158
704
2213
6881
2933
2615
2224
6169
728
5612
3503
3097
4906
1169
2943
5692
5383
2986
3699
6390
4782
1941
5193
3263
6473
5844
3266
5514
6471
509
6499
1492
4629
1936
334
493
4799
2997
5840
3012
1470
2195
6851
4077
6420
2229
2227
3322
4355
6802
1822
6423
4898
2270
3282
477
1001
6983
4566
1296
5990
6992
1002
3689
1085
1190
290
1682
4873
5694
6198
1273
6974
4359
3000
3502
3335
5776
1003
3028
4966
1393
3675
5678
2719
6133
1292
1148
4252
1390
2787
6634
775
1862
1638
4684
2201
2783
3312
1641
1928
758
6481
6454
2617
2887
2478
4765
6157
1314
4240
6849
5052
5999
1161
4958
5824
1646
5316
4168
6143
4959
1959
2192
1700
351
78
6386
3760
3463
4826
6337
3851
352
2605
2841
2
6363
2925
941
6856
353
3908
4972
6848
3764
3267
1044
6779
1122
966
1040
1121
3309
1342
1453
491
3316
3260
2737
3458
963
4609
6605
4738
5792
3534
1618
5572
4714
2826
5573
3856
6418
1957
2033
5847
2644
5263
5391
3906
3538
6844
5038
7006
4406
647
4338
3766
1485
3418
3040
6870
2202
4785
194
2263
5515
662
6918
2659
3045
5775
3563
4185
65
3574
2145
5329
2432
4660
2441
309
3149
4663
2443
1419
2204
2723
5082
3611
5002
7014
3649
5855
5111
942
7109
156
948
2462
4623
1511
325
961
2208
3323
83
6859
5153
4144
4484
5733
74
2497
6011
2448
339
4650
2715
5303
3319
5067
2674
1299
5073
2502
2116
3922
1542
5977
1078
5975
1901
4358
5098
3609
2949
2960
2427
4166
6589
4612
2584
5401
3130
2848
4721
3464
4827
4040
2339
3466
3759
1951
2184
7151
1681
204
1917
2125
2386
6957
6356
2385
3750
4716
3140
3272
7148
2065
2059
7094
596
2861
6426
5494
6427
4163
6512
1312
1826
3389
1805
2892
1294
3379
495
1298
173
4001
1321
138
4055
182
6362
585
3348
6385
6419
2221
2099
5508
4789
557
4788
3416
3364
2185
3126
5594
6629
752
4946
1145
783
14
4954
209
3336
1397
1911
5632
404
4681
2035
2034
1403
6083
1615
1910
812
6751
2425
6069
4564
4680
4971
2798
4952
2405
5604
4690
716
2522
2614
719
4930
732
5500
5377
1178
1927
6831
1918
5638
5439
2650
1034
1972
2539
2606
333
4563
3685
1120
1183
3297
1116
2223
5265
3817
5332
5467
1307
2609
159
1112
1028
1937
5325
5483
6832
1206
1354
3754
3761
1451
2624
2279
3895
1151
3752
