5200
3066
5230
5071
4779
5070
6893
928
5667
5969
6734
921
2483
1958
6841
1118
2765
926
2161
231
5233
1579
4433
1189
6474
4949
1186
5400
2244
4941
4239
6029
4782
5471
2675
107
1951
2679
4832
2432
7062
6970
5774
5077
4668
6321
2829
1996
4790
4320
5493
2834
3486
3676
4430
7125
920
922
5875
2022
6738
3305
4669
483
3069
4532
1638
2029
4215
512
3678
1517
1361
915
121
923
5231
5215
605
2480
7163
2469
6852
6382
5113
2954
6010
3474
5699
2837
3673
689
4945
4937
1607
3674
4685
6737
6523
2838
4663
2886
4666
1672
1688
6772
5829
5323
3373
4490
2646
1841
7007
2673
4972
1475
929
6777
2040
5081
5080
6731
4628
4944
4667
214
1667
2965
4713
6158
5124
3856
2835
3855
2672
2
5017
2833
5485
5473
5012
5499
5500
5698
5427
4772
4901
3446
6943
1729
6016
2487
4688
2950
5966
70
2663
6438
1416
4794
924
7016
5174
4806
5794
3091
4322
1043
3672
6371
1042
3443
270
2664
2581
4848
314
3972
5217
4853
3061
1980
2674
4856
5816
229
1359
511
516
2676
5170
6571
2811
6204
4681
1511
4584
5381
2798
2763
5331
72
4921
6822
1589
5022
6023
5508
1586
4439
1582
1781
1776
2988
5988
114
2216
5977
5420
4651
6740
2001
776
3338
5175
4796
5469
16
7037
3671
4664
3670
367
91
1959
3560
6496
1575
5339
2508
2677
3561
2955
5767
3958
2823
67
7032
6761
6816
6714
2058
2047
3090
1230
6150
3810
4682
6351
4792
1094
4567
1955
3211
6570
56
6756
1156
3677
6109
4939
66
4776
5729
3441
6248
5529
239
5241
1355
6566
3920
6463
2758
5319
3471
224
4756
5989
5238
3473
5987
5985
213
2210
3475
5981
6733
560
2481
904
1417
3485
3033
1365
2944
918
6925
5683
6481
118
1952
600
3511
6749
5670
6482
1928
4765
3444
3447
3595
3957
568
5025
4017
2496
6092
5074
1022
2381
897
3445
4946
6325
722
2525
2476
5029
3514
4948
4947
2020
925
6167
871
3682
5995
2288
5881
2924
4528
768
762
2462
6950
6260
6891
2296
3611
1084
485
2083
6945
5082
4842
6060
6065
5103
3583
4195
2557
5024
2234
2985
4931
4953
4752
6436
255
1588
1279
1754
6926
3858
3092
3859
1843
3239
3140
3240
5208
1995
1484
4444
5337
2766
3118
3094
3095
3922
6739
3099
4363
1512
6464
2680
4720
5505
6428
3149
3314
3372
4645
365
3197
14
6743
4411
5633
4484
5240
3117
6514
6812
5177
4428
4661
2830
5237
5637
199
6454
1388
5986
1380
4000
3480
4364
5299
1825
4447
5959
1852
5277
4735
6554
5270
5549
522
553
2477
5055
5543
2928
5588
4599
5047
5056
1845
3375
4719
4550
2278
4429
3850
1625
4662
2295
6515
3177
6673
76
729
4425
1655
6534
2353
4060
1661
698
5416
2971
6545
1649
4935
3854
6965
6921
6969
6198
4910
590
5326
4714
2238
3241
2241
2952
117
6013
5338
6017
1546
824
7107
2953
4436
2246
5475
6503
5314
4441
2836
6412
4519
310
6306
513
308
3675
2884
4838
450
1049
5205
1273
3052
281
1957
275
4847
1021
6383
4624
6999
2661
322
3377
6327
1170
1167
1206
6343
6323
1158
6938
7091
6834
5814
3945
5819
3358
3943
4621
4834
423
6355
2606
5676
5178
5668
499
7093
1903
4851
978
5921
5089
4859
230
4766
232
2166
6998
2293
4399
932
1226
6042
4397
1140
1621
3126
3164
3130
5466
4562
5611
4560
5812
5015
779
4111
1136
5746
4251
1834
4265
3194
5946
4488
3378
5775
5418
2005
2018
2019
5243
1668
1383
1194
1660
5769
1659
5949
1657
3199
3472
2028
4258
6760
1362
1360
4410
1722
3291
3516
5494
1107
1522
2225
5042
3245
1050
1321
6764
5552
5885
5207
1288
5115
1504
998
5308
1956
903
4141
6873
5214
7001
5111
7005
5048
1829
5882
5202
3509
5580
3234
1470
3515
1103
5734
4277
5242
1981
1547
6019
4118
4279
5181
5187
4514
5271
6875
919
5932
5085
831
2154
2152
3340
911
1859
3093
4205
1686
4066
4732
6423
3964
4592
3985
325
6216
6326
3947
6944
6155
6247
6470
198
237
4717
2711
4835
2904
4936
2723
6419
521
640
2529
101
208
4705
207
6341
256
6507
269
301
2465
6825
309
480
2467
4836
2638
7147
6191
4618
4680
3885
3726
6365
4725
2489
1410
2492
6199
6440
5261
6208
6348
1142
3057
3036
907
1842
4891
4513
2907
6234
5610
5967
2478
4902
5044
6211
1074
1864
5045
1072
2215
1999
5265
4791
5180
2939
4016
5866
6848
6573
353
2466
898
196
5262
3138
880
1849
4837
5625
215
3055
249
4854
251
2109
4476
5216
4627
5213
2681
267
5684
5685
5920
3919
1953
1003
5693
6752
462
5112
469
1281
6374
3316
2670
3096
6763
304
5105
313
478
5902
1927
3312
1044
5075
2887
2712
6947
944
2908
6977
5182
4150
4846
1236
520
3295
2582
5639
4747
4757
2703
245
974
6285
1343
4762
966
228
1346
6287
4758
4780
236
1357
5079
4759
1085
5547
854
4693
3851
750
1113
79
4993
4234
78
2320
2323
5467
6868
2598
2025
5142
3853
2026
6877
6044
4938
5005
5776
3951
6766
5838
6898
97
96
6915
2790
1580
6156
90
1585
6330
5344
5379
5382
6939
5817
2975
3182
19
2824
5156
6955
5414
4068
13
682
1676
2827
6870
2362
1623
4965
6900
3806
727
3848
6953
3687
1632
5387
4684
6084
2599
3686
3814
4256
5808
2895
2045
775
6159
817
5537
1497
1500
4368
1505
6459
161
153
3065
5342
424
3877
5322
3872
1799
3605
1197
1091
4726
2231
2233
5176
169
845
5032
594
4724
3606
3370
2236
1485
599
3015
627
6025
463
135
4115
116
2270
136
2276
785
110
2422
3010
2428
4800
1537
5134
5332
2418
782
5023
