294
5723
2099
2338
76
2715
3750
6795
1368
5728
312
1633
2536
1366
2500
2511
5721
4369
6221
5641
5045
2494
1412
362
6695
5272
974
6113
1721
3916
4360
2032
4428
6518
1793
1157
1360
336
1691
264
5642
3520
2720
126
3919
3721
123
554
3441
4421
1216
3812
5726
4406
3816
3019
4427
4423
2239
4898
242
2330
4150
5042
6775
4121
743
3682
1361
5125
5528
1970
825
1702
1491
5494
1279
3082
4454
7160
6647
7053
1980
4324
4426
2108
127
2335
2096
613
5748
496
5821
2518
2463
1795
2529
5688
5722
2171
2471
2987
3599
346
268
5725
1974
4018
6506
244
616
5465
5179
5665
1804
3170
881
491
3413
2334
5255
4738
2056
6633
3771
2333
4389
4429
1072
1374
2713
2575
2712
5244
2030
4266
241
3911
3472
4013
6797
856
4980
254
495
5048
5054
6889
6762
3876
6743
5186
732
3707
3657
6957
5131
3585
623
858
864
4367
4821
1202
65
5524
2978
6415
2774
1363
1364
5743
2339
6349
1915
5827
1376
1377
1385
1843
1801
6376
2872
5620
4560
5823
1469
6427
6366
2147
6071
2175
6111
1704
1174
1982
6006
6290
6457
3080
3012
124
5433
5293
6211
6887
3913
2517
2592
3983
1791
1705
1739
2609
540
5260
499
286
6008
2051
4742
311
5948
4891
6995
2252
6096
6952
5891
4826
4869
4763
2331
4984
2649
5156
3591
3590
3110
4715
3179
3528
5416
6704
1121
6622
950
6534
5334
6611
3449
3371
3381
5343
6411
3685
771
619
620
5742
622
1605
2717
6312
3875
6590
1527
1493
5038
5623
5622
2898
2923
1373
1365
3688
5744
281
3584
4387
4565
4605
4648
260
4529
4495
7108
4561
7166
56
192
4691
4460
201
7164
4328
251
51
7051
2576
5240
137
955
3978
401
1378
6908
989
4176
1367
2052
6138
391
3355
6863
6148
933
5563
3521
3525
5789
3914
4219
5189
876
6152
1455
6467
3443
6465
7143
6553
3038
129
128
1042
2036
4017
1826
438
2039
436
5503
4038
256
3319
4424
5820
6195
2408
4158
6414
2405
2254
2199
2968
4088
2967
1351
6946
5371
3417
1708
3191
3838
1494
83
77
6678
5151
2618
628
6009
5720
3649
189
3873
3681
2702
3852
2107
2748
2337
748
7010
5099
2731
5702
6659
3607
1920
5724
5939
4730
2094
3759
1471
4781
5727
6128
6051
868
5092
3392
5803
1938
1816
6880
6497
6770
6811
5396
6900
747
1786
6510
1790
1129
2295
3283
3297
4390
5976
7089
5341
6112
4615
5326
203
3342
1934
3814
1061
5091
3764
215
6131
4393
611
5236
33
5163
6126
852
6858
1867
6626
4976
5404
185
3529
6643
2349
5943
888
857
3556
866
5945
833
6618
3475
3687
533
5819
3836
1013
774
3430
2198
3847
777
196
6600
546
5132
2316
3608
2398
4365
823
4354
6616
767
2377
2645
5573
345
2608
6004
2835
5628
1465
1462
6203
2067
1450
4220
6994
6200
6966
1690
5999
4202
6956
58
4192
6399
397
1380
4476
6373
1495
5644
6209
5741
2653
276
5739
5738
1606
1600
4741
2639
4743
2637
2636
2090
2710
6288
2734
2742
6315
6214
1523
4254
6334
6335
6337
5659
1700
2957
5430
130
120
122
6910
4101
1261
3018
2024
1200
2515
3060
5462
6173
3013
5051
6196
4462
2156
2157
116
2972
2531
2499
5350
1914
778
3659
2775
5121
6597
5903
1522
49
193
4528
5340
1512
5658
6452
4647
6676
1107
2753
5361
6217
6774
2282
5923
1176
3782
2485
6238
1936
6750
5736
1205
3724
5455
6215
734
1749
745
2707
4644
5098
3100
2711
2714
3696
4396
1919
6220
1260
3118
2461
3592
2538
6390
3416
5828
5562
6422
938
6392
1401
1018
4461
7063
4640
1694
6420
3476
6617
6417
4681
1387
2930
6614
6612
977
5534
6197
3444
4465
2961
6598
6389
6630
908
3415
2821
3593
2610
5492
6358
3566
4637
2460
5627
1467
2448
865
1463
3017
1900
1723
2570
4491
4403
2591
6646
3401
1322
1436
2873
1172
1834
3527
1685
6385
4493
5412
3171
6835
4051
4817
3833
6097
7163
3975
1992
237
2176
6993
4044
3819
3981
263
2144
219
2071
1985
506
4598
4055
6029
4978
618
316
7028
4863
6890
4066
625
4173
3917
4190
4695
270
2020
14
4056
334
541
1990
6074
6784
277
4217
4718
2064
4213
243
216
5975
217
4787
274
4233
4687
6873
2277
7018
4425
2773
86
3178
5347
6884
6642
6133
5944
4015
267
1879
6331
2170
6639
3519
1827
6983
1875
2055
6634
5351
5608
5190
6562
5297
5171
3890
6654
2501
4570
246
1646
3894
3895
863
4566
3897
4417
5621
1201
4778
2600
5437
6521
1196
3195
5414
3929
1847
6951
953
954
5377
5557
6198
340
2057
265
1402
7091
3424
7086
2058
6610
1796
1464
1846
6895
5626
6607
5566
949
1461
5645
2478
6541
576
1682
332
5829
6147
3500
6379
3412
4253
2384
1986
4941
6210
5826
1393
6954
1092
1395
946
6519
6136
6125
3436
4635
3861
4646
5523
1346
4280
5521
206
3088
5470
3667
3752
5081
1252
4124
2627
6798
4517
2719
2514
744
6796
3107
6756
3762
2966
1750
4989
4748
4642
2092
658
749
6924
427
4106
4706
3032
3031
2520
5088
5495
3825
1602
6059
3723
6733
610
1266
1264
3725
770
4745
2091
4597
6706
6219
3605
4368
2279
6469
2644
5520
188
3779
3137
3134
4467
6218
4172
6121
4362
4361
5155
280
4398
839
3773
4538
4641
6907
4384
5044
2952
6302
5456
2155
2507
2504
1703
2026
53
6685
448
1066
5565
1802
1730
4037
2904
2564
6551
2541
3284
3287
1306
5771
2465
5762
1722
150
2063
6531
442
1806
2579
3011
4214
6375
5320
4797
3343
5601
5992
3350
1724
3351
1440
3026
1068
5607
5345
6964
3299
2549
2034
409
6896
3174
2491
6948
1179
