1575
992
5731
4431
3494
509
995
3670
4756
2022
991
997
3677
297
4944
1904
3686
2112
364
4438
350
4420
4973
4948
4947
4945
91
4949
3676
6154
3675
993
2389
3689
5396
999
4724
2029
4755
3678
7128
6156
2381
2220
1586
2697
2145
1182
3674
3356
4943
291
2218
295
4753
4430
367
4758
4383
3147
3143
4351
1638
3936
4899
2046
3949
5013
2379
775
6180
2158
4723
301
2877
435
5746
3673
6141
2383
1371
4439
6897
5278
7038
2111
2020
3331
901
211
2698
5679
792
765
5345
2360
6382
5269
3535
4509
651
3262
6839
4334
4248
6497
2026
6454
3277
298
7037
290
4435
2370
1485
6828
3506
576
6738
5586
5577
548
1274
6730
6741
5373
2699
1083
1273
2377
5017
3347
5289
5025
813
2213
2027
5009
3142
1383
3679
6423
6144
5340
2461
1203
6145
3660
2385
2382
6149
4940
356
354
2366
5007
6204
2059
1487
572
5348
4971
6364
1636
2714
6138
3672
5578
4458
1589
125
4434
3668
5543
3021
4433
1842
5347
6017
6749
3316
4969
6745
475
754
2214
6140
1573
698
4436
3958
1750
3498
98
6323
1729
6429
3531
1206
1488
2384
4976
2110
2387
6159
1549
6837
974
6832
639
5100
1039
1001
214
2858
5964
4873
1579
5986
2625
1192
3647
2955
101
3925
1272
1484
5882
3228
2854
1008
519
6341
4038
4915
3972
3440
4725
357
1561
5494
314
4904
3146
3974
3145
3266
1858
2691
6188
6051
195
3097
3139
1678
976
3784
3698
998
2237
1637
514
6422
2995
2829
1106
7063
5662
1194
2581
6060
6319
5956
2519
3837
4584
5501
166
3957
1734
6740
1576
2152
3661
7134
4660
99
2023
5024
4754
5740
2451
1936
5143
4449
1761
5647
5468
2221
6029
4752
2791
1003
6500
2992
1005
3502
2361
6355
5274
97
2372
1676
1534
6932
5591
3671
6980
558
361
4759
352
351
2693
2903
2902
3637
559
6207
785
1777
2057
6763
7034
3565
1307
2828
4833
5759
971
5379
1674
1032
3057
1033
4854
1892
4419
2959
1112
224
223
4965
4532
2428
6632
212
1236
7031
2650
2950
6369
5961
192
2115
6481
2998
2927
5012
1762
197
5385
1977
5377
4234
1044
307
3134
4727
1632
4628
4818
3951
4941
1321
6342
1866
3621
4443
103
3272
5280
515
518
5015
2117
4918
6164
3354
6395
6086
2224
1783
6751
2153
6736
6690
4850
4964
784
4855
4856
1801
3953
3955
5014
1411
6078
2175
3227
2273
94
4066
4483
4751
4917
85
1754
557
3727
1326
1757
589
595
1328
4486
1954
605
4787
4095
4085
6836
5361
6362
4977
5353
5571
893
2954
6576
226
5737
1036
1900
2798
5394
1669
3421
1043
296
5001
994
152
121
1517
1630
4489
5111
190
3694
1708
2028
4651
1226
7073
6945
2610
6206
6305
4946
5689
4716
1582
4685
5694
1556
1667
1764
4482
5194
655
904
283
3786
1850
1137
3920
4942
4503
5190
2797
5286
3153
5410
1004
607
6985
2332
1158
2517
1386
3615
1309
6208
627
6515
5511
3543
6834
311
3806
5585
5357
5356
4722
1618
5195
2142
766
5291
2694
218
3096
850
2827
1045
4859
191
3338
3943
7072
5028
3970
1635
5233
5220
824
3315
4869
5467
172
5023
814
4624
757
1903
5573
3752
7032
1979
3353
4617
6485
1230
7035
2696
5196
1571
42
1031
2695
5683
1670
3405
1034
4467
2024
3446
4366
3939
3935
1756
609
5282
6351
2973
5003
539
4728
6575
5758
122
5284
4490
1639
6573
1665
111
2975
5263
3869
4735
3523
513
1942
3278
4911
6898
1365
3329
5273
6894
978
2923
5376
1197
3423
4738
4750
1944
6142
5536
2413
4726
4990
2951
5779
4487
4658
5785
3269
7114
3366
934
3295
2357
1606
5026
2455
6689
6460
6167
1743
6169
2845
4205
1905
2842
5066
6467
1087
5605
506
6492
3871
2229
5630
3959
2813
2011
2462
5197
115
6490
4721
7039
2848
2847
6148
6703
5000
1663
4998
1103
6735
786
812
2945
6081
5649
810
1672
1188
5789
6557
4475
3166
200
1829
4858
3684
5082
5029
1415
1848
4732
5294
2851
6579
1645
5016
6260
3126
1572
768
5998
4951
5113
5756
221
4590
2203
2711
3339
2445
5167
3950
4922
263
1316
4457
2232
2497
5589
5191
657
6458
3448
6056
5736
1205
2988
4448
3140
3789
4991
5258
2986
6473
3319
2528
6356
3830
4914
2363
6471
932
5405
1011
5544
3491
312
1601
365
3633
555
4089
5712
4978
4314
4086
6838
5713
1543
3279
126
5692
585
6384
6683
2378
1084
982
6767
6592
2917
6764
1780
1781
1951
3839
1773
5548
4118
5695
288
4408
4974
1853
4110
6321
3819
1024
5420
2352
1560
4631
7129
2803
886
3693
1548
5115
1009
2058
2068
1049
3220
1002
3156
3831
1048
6475
1849
5224
5246
2139
2091
5517
6425
2150
5287
3781
3138
3223
861
29
45
4919
3624
3631
3812
3666
5285
3333
4895
3165
5532
918
1290
996
1587
1661
4719
110
5395
1302
1736
6330
414
3276
4239
2457
6287
6324
2464
2466
120
2915
1531
2477
6318
2952
4198
465
6922
4757
4993
3427
3426
5057
1753
2369
532
2374
2908
517
1493
3271
4729
5802
6147
4192
1186
6345
472
512
1207
5732
3281
6131
5118
1700
1909
3692
2850
1231
7095
5684
289
7093
2841
2582
2588
215
6233
3418
2825
2603
2823
1304
553
6488
2874
362
4659
4657
347
4653
4652
5006
6486
5183
1557
1546
327
5093
1308
313
2524
6130
4325
2531
299
328
3428
2375
4452
5929
6731
6383
5920
782
560
4851
5049
5583
1451
5343
5344
679
5031
1453
3028
5109
3055
2246
1852
4829
763
1339
5199
1117
755
2215
4837
6181
6807
1986
4010
1619
5323
6184
2223
1122
4019
4831
3065
3744
3746
5493
1958
578
3267
616
668
582
4476
