5757
1112
5598
2388
830
634
4134
4076
638
2355
5480
2034
1405
4093
4131
1114
1110
4096
636
1403
100
3820
4697
4225
1115
599
228
630
633
1404
1111
4894
4593
1318
632
507
5750
7162
2975
5376
592
590
485
5890
4092
1409
4002
148
4033
4230
4142
5960
1052
1117
1166
4893
594
671
4075
4043
5826
7072
6711
4099
4619
5387
1662
5758
4594
2824
4007
5637
1159
1165
691
103
2376
740
4590
5360
497
509
355
707
1539
6090
1113
2852
2905
4896
498
2802
5277
1532
5972
7058
4117
5300
5897
102
834
1168
475
4041
3008
490
5610
5545
481
2853
6444
4974
5885
6024
3339
5840
595
4009
1483
140
6095
2709
598
5275
3838
1118
4138
2130
1315
1535
495
4042
1921
5887
6675
1119
4091
2401
115
6577
1376
793
2904
5635
4634
1859
7151
4122
2597
2088
2304
688
6725
680
1789
6244
702
6421
1656
4132
1354
3806
4785
538
4102
1357
1358
2356
3098
1750
5970
4616
1886
5288
1758
5027
5543
6150
6346
492
1680
1083
653
2906
2169
655
1339
4909
169
2612
5482
5483
2907
3697
4897
4005
61
2532
1220
769
4332
5733
1502
1869
5632
145
1839
3145
4675
4037
3828
1542
832
1617
1401
7079
305
6197
3680
1400
4024
1272
4611
1407
5398
1408
2455
4725
6885
2078
5422
2909
5594
4888
5219
6963
725
4971
1893
2381
5888
1773
4827
373
716
4146
697
2573
4040
3953
704
650
2318
670
3947
1836
1442
555
6049
5589
221
20
2373
6825
833
5754
3644
2928
6340
3637
2901
3604
4724
6442
3055
2908
7110
5591
3740
434
5636
5732
3745
5500
1611
6292
494
767
1569
5427
1567
604
637
6369
3765
3549
5638
674
6588
2374
2033
1265
1356
6818
4976
1295
5889
4891
4234
4884
6538
904
3920
4880
1444
1897
1505
7153
5324
1054
1116
1486
2672
104
4575
1402
6425
3375
1263
6722
4048
2582
2087
1349
672
1051
2395
1447
2945
699
5946
1244
4078
487
5861
5197
1604
4001
6993
5489
3923
6803
2929
6356
1169
5510
2165
5509
1135
5612
3016
3938
83
4046
129
3396
1840
643
4065
6251
2619
4892
2190
156
4268
4044
3925
654
166
1250
3607
1363
1101
6144
6668
6461
6366
3091
1568
708
6822
262
786
2359
4137
5752
792
891
3131
2009
5565
5315
4786
5392
4610
3544
3532
2227
2011
4023
6342
1311
2805
530
2979
2039
3499
4140
3749
3579
2690
1262
6040
2386
39
38
6890
970
4039
3162
7057
5719
773
6548
6810
247
3488
4592
4970
1506
3832
5736
3833
2855
2491
2962
6190
1161
1314
563
4045
5568
597
542
7074
3949
6180
1330
4965
573
4031
2969
1546
3945
5475
5256
6370
3849
2369
2871
1500
918
6126
3834
907
1566
3733
2358
3823
3821
4763
814
2351
875
2780
2347
2781
2345
2793
842
4104
4714
4124
715
4250
1141
4398
5112
2606
5117
5118
6345
2609
1121
2912
4895
717
4071
5488
1058
5485
7040
678
679
2659
1025
5198
1015
698
5209
2900
1608
4239
5619
3457
3222
4632
4679
6845
4390
6363
105
335
4678
486
4229
86
3545
3382
6708
108
3000
4614
4237
3618
1728
6360
323
5814
3005
3293
2212
117
5639
6282
6318
6354
4691
1674
6517
3538
4311
4221
2156
6255
379
5625
2163
2157
5776
6253
5585
144
4596
143
165
6289
161
1378
85
1949
5364
3541
4598
835
3539
813
317
6560
831
3948
4913
1830
3492
3957
705
1911
1347
709
6857
7109
4516
723
1702
2876
5463
3079
745
3081
6746
5025
4116
3563
2857
4751
4618
341
778
6960
781
3093
791
4105
7050
5402
5425
279
2584
1924
2674
4080
1468
2680
3888
4085
1776
4086
3394
977
7134
210
5243
4330
1027
121
4889
3400
4882
1898
4883
1060
5160
4885
6897
6817
2195
5150
2648
5873
1929
4572
2404
5865
5778
6494
1484
5796
2354
4322
273
4788
4147
5095
3372
1163
3122
1745
287
2346
88
1538
1920
3864
3503
6362
2714
216
2035
2084
3378
2601
5279
2166
1501
5821
5290
2735
6555
6026
1822
1143
5696
2628
4962
7077
1664
593
543
681
2462
453
3051
3707
2970
1336
28
3693
4977
2892
4391
649
3629
4226
3652
30
4144
6065
5592
3279
1672
4030
1267
5481
659
5544
631
6441
6093
493
6451
5595
6674
2104
1256
692
5647
1603
4129
3596
1319
460
6512
4008
4692
3663
3592
4223
3610
2493
4396
3620
6131
2719
5839
943
7013
6205
941
949
224
5597
946
2372
3317
5906
1764
5830
5941
2167
2934
4719
3508
3825
1148
3505
5532
97
98
5535
2495
4972
4177
463
1763
467
7127
1756
3377
3498
3836
6848
1406
7070
1760
5546
3691
2602
2604
3939
2364
6532
3880
6296
2279
539
6899
159
3912
6992
5190
3654
4950
2403
5139
2187
2091
6996
5863
2407
1089
2973
532
4881
6985
4248
1063
167
6077
2976
2413
2640
1056
2641
3420
2192
4693
6816
7080
5549
2622
1787
5974
560
5560
6348
4201
23
4957
4202
5249
1940
574
575
6720
3690
2168
3678
3311
2173
1778
4192
2181
6309
3903
1007
1417
5853
6249
1309
1102
3935
4026
2025
6017
1878
6140
2353
2590
275
756
60
4727
3746
1258
4633
3338
3603
1838
2537
7154
6429
776
410
4659
6434
701
1199
1268
3762
5163
4106
5496
1269
320
5640
2563
1193
5753
3743
5397
1958
5021
6455
3057
6729
4652
4224
713
4149
4125
1240
394
2105
3352
3570
1252
726
2456
5018
6196
45
2310
4741
4003
4252
366
3353
1227
6828
1580
5730
1223
1190
1373
5407
6250
3110
289
1178
29
455
3702
839
2926
5959
1983
3536
863
2583
3252
1170
647
860
4934
4006
1948
3534
6440
6561
3119
5389
6028
2586
3253
2159
457
5388
3125
