5078
4956
6232
4204
6016
5022
4688
6416
5146
3647
3
1395
5
2401
5526
3292
3788
5523
7157
3349
4321
5211
2277
2793
4682
1883
2
1237
6541
5761
2304
1390
5066
5024
1399
2796
6018
3642
6329
4178
6788
4339
3132
4481
3648
2587
4651
3643
4655
5141
4932
6410
2249
1578
2489
1394
5318
5338
5144
5342
4016
1
7159
4077
4681
1889
1396
1780
1239
4656
1391
3866
4170
4171
5788
3841
6414
2302
5074
4
3969
3486
6323
3960
2303
1233
2279
5149
4333
3817
6786
662
807
6840
4012
6856
6370
6419
3649
4510
7152
2795
3645
5039
6970
3461
2529
4443
4439
2765
5764
1572
3612
6483
2949
1398
2307
4098
6019
5924
3291
6737
1312
3966
923
4338
6161
2241
6631
3341
5981
1253
3175
6346
4337
5205
6017
2703
6283
6595
6973
2895
5129
2799
1510
4632
2406
1531
5584
7125
2403
600
5521
5512
5465
3446
3869
1231
4458
5212
660
5605
3785
1392
6596
4011
6523
3172
1882
6542
5214
1906
4484
4654
5712
508
338
2945
4813
5463
1570
6024
5035
6608
107
2533
5076
150
2813
2300
4922
1101
158
2205
4208
6231
2753
1783
292
6978
4819
1235
2889
4737
5617
5127
6311
1100
2402
2278
3924
4253
4400
6655
1072
3096
3962
6653
6488
2437
3766
3867
4187
479
3786
2561
5772
3963
6228
981
5504
6327
844
1236
3564
2737
4772
4018
5148
5843
155
1747
4901
1983
1625
5084
770
5836
6084
2705
6012
6013
803
5347
5515
5218
1957
3641
6898
5529
5216
5898
1884
872
3305
6043
4244
5312
5337
1082
1385
5126
915
5210
5998
2301
1255
5154
841
5217
5157
5082
873
1051
5368
1996
1543
5510
1885
6359
1893
4449
6400
1313
6501
6406
5773
6428
2003
551
4518
605
6344
4689
6325
5064
1232
5036
6651
982
4929
2216
1107
6624
1757
989
1802
666
1840
1843
1538
1320
5713
3583
2534
151
72
3782
2767
3369
225
3863
2913
3614
3364
3344
3239
2541
2837
2838
3130
2752
181
3164
2811
3139
3567
2589
2707
2794
2911
4013
2170
5469
6607
2915
1908
5259
4370
883
186
2202
5213
4684
3005
3170
5356
6638
82
4315
879
3617
6622
1230
6887
1994
6570
5849
6481
6484
6547
2652
538
5870
4473
4470
2932
6509
2946
3771
1959
1958
5309
3211
6600
2663
597
5838
2142
4633
223
1389
6418
3781
4578
4567
5291
45
2919
4755
6079
2244
1137
2464
375
6694
2454
4938
1675
4181
108
1035
7048
1622
1620
5140
1108
5023
4103
7015
1044
7047
4074
5100
3998
2817
2797
5075
6738
5596
19
4452
4256
6291
5190
2488
5525
6977
2253
5590
5583
5527
3138
4234
6996
1995
3343
5033
1589
5315
656
2654
4725
6473
555
2877
5328
2810
5978
2935
4740
2060
3340
6314
809
2830
2018
3546
6490
6487
1565
5015
2792
2009
3610
5208
4878
6213
1397
1902
1901
4675
6392
2914
6365
4680
3635
3629
1755
4686
1746
689
5159
2702
1383
5145
6160
4853
1640
6032
1716
6336
4698
152
840
1769
6886
1829
4971
7061
5321
5649
1218
6732
2106
1053
2455
5611
3954
2247
381
5461
4275
4413
3234
7130
5774
4206
5787
6657
3789
3784
4407
2498
5784
6649
4186
4358
5562
5429
4173
425
6835
4331
4163
5399
2451
2234
4306
7149
4314
6629
4293
2791
2790
5974
4723
1789
1788
5519
5209
877
4305
1437
6645
6313
3556
3342
6648
6650
3007
2908
3293
5980
1825
3894
1842
4779
6639
4810
3543
7023
3307
3522
3900
2365
5031
6699
4943
3479
1676
2321
2858
4128
4183
6178
4975
2768
6168
5010
3473
306
6159
2850
3967
1629
13
5760
5142
2348
6233
4184
6695
4239
3498
5201
4307
4873
6225
6223
3951
5179
6015
366
7004
3028
5171
3360
5158
2309
2362
153
843
763
2315
3356
5802
5041
5803
1999
5448
1998
2651
5460
2112
6089
6574
3295
4534
1054
3296
5847
569
5914
6
68
7100
1238
5310
1234
4568
6075
5858
921
2637
2588
6508
1058
6504
5395
2604
3719
1325
246
2422
7104
2931
926
3780
2631
3692
1259
1332
3294
7043
4433
6087
2007
4706
1943
1369
4581
3181
2129
1215
5272
1579
3637
7132
3176
3860
627
6383
3628
1424
6354
3618
1879
4327
1093
6130
6627
188
4309
5233
2565
3816
2916
2132
4596
3231
2389
5839
470
6880
2972
6899
2163
4652
6601
6604
4653
1562
2673
7167
7032
3051
1514
6064
12
1050
5700
1088
1501
6052
5661
5707
5375
5795
5147
5464
3303
2922
2970
5275
1366
5313
1347
7102
5072
1251
5331
1254
925
1326
931
5876
2917
2843
5468
5243
3099
7057
2855
7064
3367
2883
5589
3348
5582
2896
865
5522
5215
5514
3174
5508
5813
1213
4017
6258
128
2071
2082
2083
6544
6549
6555
2103
2062
4418
6581
6585
6593
6594
2134
6598
4377
2124
6603
6498
4514
1894
1905
2675
6891
209
4645
3653
2630
579
4562
6458
566
1991
1993
2647
4515
4564
2165
2166
4346
3933
6787
4205
2465
3961
2306
2308
6659
2346
2445
4080
2439
3996
3997
2404
2415
2352
395
3904
6656
3839
6614
448
6615
6820
2208
4316
6812
429
4308
2229
6640
4301
6644
6652
406
6801
2676
2687
4472
530
3552
6104
1809
4814
3517
5058
3507
1560
1582
7012
1607
1621
6222
6220
1748
6215
1743
1645
6212
720
723
4968
6182
3566
180
4908
652
6083
661
2708
2798
6088
1189
5511
4994
3069
4996
4167
5004
1626
5516
5517
3471
4073
4999
4993
3862
2852
2400
5497
2812
5479
3999
1212
1648
3843
5065
5710
2409
2171
5063
3970
2531
3449
1556
4172
1551
5641
4177
2824
4112
1133
5088
2823
4090
1557
2474
3088
4201
3137
2834
1173
3008
2248
1495
5043
5107
4169
1158
2271
5106
3908
3189
1097
5591
5667
5057
2686
1711
1354
1952
1955
4559
1975
4536
