5763
1814
779
1811
6857
5768
1861
6417
4920
5760
1815
5767
5765
1469
5878
4924
2009
2580
2006
6872
5627
3395
777
2509
1988
1786
774
5877
5766
7021
5626
3895
4127
1987
5806
4464
7126
5769
3397
6863
3983
5299
1595
5253
5257
5623
6978
1863
6854
2005
3940
3981
5251
6864
4120
7027
3006
4928
3093
4015
1193
1816
6877
3500
626
5079
108
1464
1461
2007
5628
3603
6039
5250
5298
6869
2974
1812
578
3393
1980
2888
3482
3287
3009
3488
7145
773
6316
4926
65
6860
4925
2585
1813
6855
6850
620
3098
2321
6716
2173
3899
5891
4467
4469
770
4927
6411
1059
6080
5843
2583
3377
1465
3168
941
4124
949
4255
1841
1594
2527
5796
2587
1460
6723
3898
2003
1913
5214
579
3374
4123
3076
1914
7022
2896
2104
5620
5664
3003
3892
6853
1195
6784
3984
2505
3507
5335
2503
923
6491
4921
2523
3061
3394
4468
1000
3007
947
4678
5495
5502
5897
5507
1121
2784
5255
943
1342
635
3560
5780
5297
1075
6570
5256
3375
2394
3398
621
6865
5314
5334
3505
5849
5176
3392
575
2452
1593
2456
1591
3230
1590
6725
3669
2760
164
5613
4289
5621
6706
5164
3371
4126
1468
5237
4007
5085
2521
6495
6494
5618
6026
6489
5624
6487
3379
6326
5293
6032
3846
2458
4023
1869
6979
6477
6086
4155
2913
5506
2786
4121
5242
5449
3004
5798
5876
5873
2004
162
5440
5429
1588
3509
5252
5421
1597
3985
1598
3092
137
1599
3982
1232
1982
1984
3504
503
3546
2573
7158
3484
6544
2256
4017
1817
5258
5992
3989
4764
4463
3896
2206
4466
4809
3376
6546
5853
7029
3399
5021
4770
3436
738
2571
5790
1421
2609
714
7127
2787
4872
5874
4942
2788
2789
5698
2600
2530
5892
3508
2671
574
2506
5458
2105
2109
3067
3928
1909
3074
3897
808
3893
2251
869
3890
2271
502
3065
1567
6701
5319
3160
6874
5179
4101
6878
3949
3370
3986
5171
3988
3233
3962
824
4282
2284
1533
3060
18
17
2884
940
5631
4587
5622
6408
3391
3390
3386
5158
5110
2972
5114
2399
5496
3884
4462
6480
6484
4181
2364
6971
5241
1336
7077
5715
3367
2704
628
4141
393
2755
5717
5247
2978
5804
3372
1299
3238
2909
5795
7045
5312
4014
1080
1843
3234
5296
1917
6893
1055
2522
4317
6195
2102
3656
3665
2459
6341
4339
1868
4377
1463
6553
3888
3815
4173
6991
5212
5290
4515
6470
3863
2363
233
1985
4284
77
109
5879
4257
4784
114
3550
1854
4878
1989
354
7025
1105
1106
1844
6873
5833
4773
1596
4839
6812
3552
6956
6547
1983
1240
4419
118
577
1151
2324
232
2375
4183
6541
1167
4333
6899
3971
5411
1242
3085
3967
1585
2002
1948
7162
6488
6695
3075
5178
3096
1566
622
6846
187
5460
6847
3090
2198
6710
764
5516
1864
3590
1416
4006
2547
3568
5203
5205
3561
2780
1402
3559
5249
5761
1810
2586
4132
1115
2596
1092
599
5793
7023
1846
1845
5803
4870
934
5512
5676
5068
5519
776
945
6475
4177
2391
3849
771
2900
7044
5318
1023
6402
1063
6401
6381
13
5625
754
7142
4125
6253
3658
741
19
2508
2520
2885
4253
3245
5202
3661
3362
4285
4283
4281
960
4258
1710
3987
4203
3994
4144
4143
4140
4133
924
4029
913
4034
4288
1171
4347
3885
625
5062
5039
5033
4980
3517
4853
3566
720
3600
3620
4618
3777
3841
778
3882
4415
4392
5234
5629
5771
369
6549
6577
5842
6589
2690
1547
2698
2146
5794
6693
2761
5782
2008
166
6728
6839
2813
1991
5661
1981
2601
4076
221
234
6243
6235
6167
588
1449
2526
2455
6081
2540
6064
2415
6435
6465
1411
6476
2553
6011
2383
1400
2570
2378
2354
5600
2502
3136
7130
7001
1866
7069
1780
5443
1865
7057
3095
6970
504
7020
1912
1721
7155
5243
5561
1241
6479
7110
6481
6482
2361
4139
1673
223
6474
7051
2320
6485
1942
3848
16
7159
4604
4601
1041
1728
3667
6357
7150
920
1796
2454
1747
3788
6405
4021
1466
11
1789
4544
2303
1462
1842
6545
2299
968
6704
827
1874
6720
6721
1877
6734
6766
6996
6771
1881
6842
4196
6866
1886
113
1947
6882
854
6799
3883
6696
4172
794
6892
4401
1652
6552
3889
4373
2252
7013
2482
6584
6602
2179
1867
3924
4005
4334
6682
3936
7008
4149
5232
4602
5884
2693
629
5479
5834
5474
3064
2683
3066
4901
3069
2673
3071
5444
1156
4876
5898
2598
5817
2699
4932
5802
2817
5670
5672
5590
5105
2898
5710
2781
5918
1333
5545
5013
3655
3485
5531
5493
5483
5792
2906
5922
2832
5213
3224
3301
3231
5204
323
5925
4702
3608
6084
3617
3249
4706
3569
726
6035
1196
733
2593
5423
3651
2524
3556
5248
5395
3106
4743
2555
1905
1945
3243
2882
1901
3239
3378
1298
1856
3212
3213
3091
4011
1840
2844
1245
1818
3077
3290
3157
937
3324
3166
3172
1679
1870
1872
3161
1050
2762
2819
1504
2340
2589
3553
2584
1401
2554
1409
1484
2392
2397
3578
2405
2541
3840
3596
3800
3602
3785
3778
3708
2525
1053
2480
1051
3881
1516
2607
3887
1601
2810
1130
3448
1997
3454
2785
3966
1577
2764
3483
3496
2821
1558
2697
2176
1542
2193
1362
2209
1363
3891
2676
2277
3512
2664
3937
4088
0
5151
5157
4330
5809
4701
4589
6688
6690
5441
723
6666
5425
5422
4592
6172
160
6718
4276
4769
6758
6110
6192
4345
370
810
6461
5713
5617
5611
5718
273
4465
6378
6362
6543
287
5498
4399
6555
5489
4371
5800
6581
6582
686
6636
4259
4598
6732
134
7011
5336
5072
7012
5073
596
5840
5956
5207
7028
7036
737
5954
899
5169
7061
12
5162
5160
4142
7009
5215
6441
4195
6881
5998
6883
5311
6875
6031
4210
5306
4200
