5776
5777
3321
3332
3337
3334
3326
3530
3335
3538
6146
3327
3336
3548
3315
3871
3544
3535
3539
3320
3534
1729
3323
3325
7148
3446
3746
883
1712
3310
3531
4831
3432
3433
1949
3445
3537
6022
3741
3448
3565
3533
3329
4552
1117
3330
5770
4223
2623
3328
1119
6668
586
3339
3431
4226
3748
6715
3532
6893
255
4316
3542
3743
5027
95
2957
904
4412
6759
4700
351
6994
2295
2955
884
5772
4319
3740
6876
5819
5989
4313
3314
437
6024
3991
5036
5328
5813
3322
4111
32
5418
5016
908
5153
6205
3547
3206
4239
1339
1947
1946
5584
4318
529
6343
3549
5373
7017
2048
3545
3861
5987
3742
2270
5573
10
4312
4006
4310
2925
599
394
5639
1948
3324
3732
4803
3749
3739
5542
6053
7064
3870
5794
5707
1455
5700
209
1106
2415
3541
4953
5643
849
3730
2016
1685
5336
3874
5340
357
5565
4806
5924
252
1693
931
2709
6231
6267
3923
5681
1715
101
6897
1836
6388
3259
5330
4251
5816
886
4530
103
215
6136
1379
5467
1085
7136
2100
5259
3683
4231
2315
3437
4800
1740
3137
775
6087
1680
3449
6870
4620
4567
5502
1189
1128
5851
1958
4559
5483
7091
1505
2769
2703
6440
4805
2128
4847
4555
2612
2140
680
5753
687
4726
3688
2880
4386
1719
6701
1819
5379
5754
3920
1575
91
1611
6997
5332
4000
3763
4005
6027
5808
6380
167
2659
7040
3033
6348
6706
5277
4311
1237
5750
5037
1236
136
6733
102
5814
2823
5044
4759
1231
2980
2239
4758
5322
793
4197
3751
1337
329
4474
4804
5812
4680
3355
5952
5422
2130
2878
5928
5927
566
1181
6967
5887
3331
691
4392
2136
4718
2970
4317
521
519
6155
6144
6872
2339
3822
1086
5252
7097
4689
5797
2856
5632
7117
3540
6020
514
2254
364
6853
3440
4871
5637
5703
1384
4809
3462
173
6352
1683
2920
5731
1502
2829
6262
5733
1604
4088
4077
2614
3731
36
932
3447
6215
5119
5082
3290
3303
3985
4116
3987
5635
2924
131
2798
5752
1640
6322
156
6382
1561
3081
150
5089
1277
5040
2975
4622
4846
5948
604
5791
4742
212
6328
4356
2040
1665
1752
3644
4359
3817
2013
2129
6827
3223
6084
3451
6340
4765
1928
7072
5829
4762
4334
5023
5685
6370
2658
2029
6017
4760
1632
6369
1444
1641
1021
6816
3163
2958
3736
750
3426
5075
5852
5801
3958
2279
5982
80
6429
2826
583
7139
5407
4899
6538
4453
4387
2180
3204
34
1081
2836
3311
6158
7080
1352
4807
4224
694
6763
1903
4221
6120
647
4400
4382
4201
4473
5745
2923
695
5400
3753
6202
3436
4975
4568
4714
3878
1343
2481
3747
4723
3899
4713
5117
1340
1838
2466
5527
306
400
688
4801
2227
550
4322
2237
5029
1563
4725
2018
5865
3873
2114
3050
5820
6416
1832
4698
1793
2229
2019
3989
5562
28
6426
3202
5015
5646
2184
1182
6451
3938
1506
3921
1809
3922
5647
4556
4894
3925
2706
2194
7005
37
2886
3563
4381
4967
901
2566
4737
26
1818
3594
690
6963
30
580
2766
581
6585
4350
7094
3595
903
973
2988
1784
6883
2687
4454
2344
1387
3863
4827
1391
1396
4637
3734
2049
6851
2997
3364
4835
5724
7138
3225
7137
4281
4448
433
435
3662
4086
3578
4472
315
1716
1893
318
1717
4160
2401
4660
2419
5161
4478
4651
5757
3439
5509
796
4802
5746
6175
6755
1906
1730
5771
830
1043
2491
4047
2756
497
6712
6019
6817
3737
6049
4314
1257
2698
1436
4768
4024
6367
5320
4001
5809
5715
3443
6026
6362
6375
6376
5283
3585
3997
4842
3492
6060
3205
6852
7134
2108
6390
6341
6707
2001
5638
2921
3570
6627
1045
2022
5682
6909
5439
877
3423
5557
5410
1938
5817
874
1110
872
6711
4711
5716
1044
5442
5529
972
7095
2025
5531
7116
4693
4627
1957
763
2959
909
4446
4632
935
5730
1083
5645
6720
5824
5825
1909
4440
3601
6821
4616
6729
698
2760
2033
5803
838
5493
6874
675
3733
6248
6943
4824
6265
3463
4825
246
6286
6537
1388
4829
2474
4062
1675
2487
214
4838
6772
205
203
4099
5100
281
1713
7142
367
1732
1731
4202
6180
2388
1725
342
3441
335
3010
6189
6198
1345
6201
304
5158
3084
3675
4398
4112
7141
3031
2790
82
2820
4891
3943
3388
62
60
5013
3927
3697
2593
2606
2816
4909
35
3460
6704
2814
17
6700
6917
3052
1647
6920
3457
6357
5063
165
1450
4003
1451
6858
3998
1638
6383
6933
4870
117
3988
3986
111
110
1624
5032
6807
1485
1486
2355
3018
548
4741
607
5314
499
5944
481
1238
3738
469
467
2192
2182
6899
455
3430
3543
4361
527
5338
582
4336
5334
5991
587
5994
6962
2231
1790
1808
3814
2236
2238
1230
2177
1756
5969
1820
5387
4729
1750
1281
6130
6108
3536
3818
4388
6662
6102
3812
5377
4256
1833
5256
439
2688
1739
4954
4589
4929
6825
1545
4922
1202
1839
1802
3695
6709
5030
1617
1576
5563
6810
1805
4908
2800
4551
4558
4973
3389
5371
3698
975
979
2767
3794
7106
1535
1522
5366
1817
4554
1526
4892
1954
3642
1583
6813
5386
5367
5011
1737
1630
1702
5514
1272
4815
4814
1359
4686
1288
3208
3363
5245
1896
1347
1371
2750
1335
7062
4793
1748
1327
2894
6666
1321
3367
1734
1738
2848
1316
1087
1118
2889
1101
1634
3729
4613
4865
1217
1452
1792
1313
3385
5058
5544
4754
7022
4692
1664
2831
1781
1776
1773
1678
2776
1103
1383
3077
3359
3162
4645
1375
4761
7011
5788
6441
109
6891
3567
5844
391
392
2341
4413
2589
697
107
3438
693
686
3819
3809
57
4396
672
4394
2692
6740
6101
436
689
3487
5818
6169
2723
3804
6498
6762
302
4475
314
316
