6431
5783
5130
646
5863
6257
5864
2286
641
5937
5919
6240
3036
2807
5901
2563
6249
1094
5909
5866
3714
2763
644
6258
5936
6241
5931
5916
724
6259
6444
2084
6719
2340
2726
2727
5905
5867
6463
1878
3710
5913
6442
2086
4152
2863
3240
912
3030
2282
461
5904
5137
5134
5908
4684
4427
1097
3709
2832
3702
2728
6713
2181
2725
710
6663
3034
16
6015
5333
456
3246
4749
5504
2287
1168
2281
463
66
465
6717
2721
6432
1163
5235
6389
26
4835
15
813
5539
14
5933
3247
3248
5170
3717
543
6810
2493
6320
1090
1564
2729
4774
5911
2283
454
5185
4172
1093
6246
711
3296
6374
2833
2499
513
6379
5918
5139
3818
3241
3703
680
5132
4748
19
3713
466
340
1608
2597
2801
2162
5537
2085
1160
345
3705
3715
721
1164
1165
2289
2861
2280
649
5865
5861
5860
7084
2288
4153
4033
2012
2529
458
464
1993
5932
453
6712
5778
5939
4358
5135
1956
6441
4064
6443
6377
4157
642
2744
5917
2768
3704
3711
4779
213
4683
3712
4776
675
2422
1019
18
3719
467
468
2402
1290
5442
6823
1166
3276
1788
683
2724
5204
5585
4887
3766
4151
3769
1099
2804
730
6013
715
5910
1807
343
6025
4830
342
5902
2161
910
3354
816
5172
488
5862
6981
2837
2626
4979
3842
5384
1169
5868
2830
2866
6010
938
2566
2762
6445
7088
1723
2862
6813
6677
5447
5133
3768
6446
2255
6254
4518
3811
4344
5942
6251
2864
713
4627
4620
2722
6124
498
1453
2605
5568
1458
7017
6661
2834
5564
3814
3903
5636
349
346
5639
5640
4498
647
682
5507
6984
455
1559
1091
3528
2033
5138
3242
3718
5884
5921
3480
5938
5914
6439
3032
4934
6814
5389
1161
6462
5869
5090
13
5221
11
3701
6448
3037
3760
3761
3484
5935
2805
5934
5070
3499
5472
2516
640
3555
5378
2083
374
2089
1226
812
3524
4303
3980
613
2716
5245
2720
5210
4171
12
22
28
984
3349
6437
484
4047
4232
6693
3245
460
5136
5131
84
452
451
2754
3039
598
6683
6170
3904
2838
6242
672
4789
2442
4507
3708
5443
4687
6583
1604
341
6073
685
686
2404
6256
6066
5441
2118
6252
3722
5505
2596
1507
2751
2258
7080
1957
3821
2659
6496
6580
3736
1274
981
6811
1503
6986
2867
5502
2567
986
450
470
6816
469
2403
3244
62
1762
2271
3230
926
462
5192
2865
459
6818
457
5107
48
3249
3716
2424
1725
1295
5432
1958
2869
6892
10
6744
2507
6302
348
1611
1539
6754
3765
2494
1961
5535
159
5227
5553
517
3089
2093
3085
3317
6831
2113
2151
1439
2043
2320
611
5175
1252
1058
6014
678
6265
2561
6670
2802
5531
3901
2673
4354
2319
726
6386
674
6075
2737
2806
3879
17
980
692
1323
6111
2723
4065
2839
2964
1220
1119
805
831
3622
3813
645
5912
643
3124
3537
3657
3532
2831
2745
5883
3141
1140
673
6890
6808
2779
2771
6948
2766
2765
3979
5784
6817
5771
1235
3454
3306
4888
4744
4752
6671
5635
6336
4823
5412
2564
4283
7090
7099
4276
6262
4890
4894
2097
4906
158
2080
6689
5383
5615
5369
6665
6989
2429
4510
5561
4515
2425
1498
6273
6275
6280
5567
1535
4666
5580
264
385
5594
1560
4703
7016
4716
4718
4350
4981
5534
5168
1710
6409
1950
1699
6718
46
1911
57
2614
5306
1962
6436
6709
2034
7117
69
6464
5189
6085
4691
5438
1013
940
5148
1015
1569
5972
2285
3356
6430
4982
5166
677
1808
3298
5209
5201
6269
1496
1207
1849
2391
6440
4614
4621
2356
6116
717
281
1534
6105
4667
759
4750
6586
1067
2015
4905
5906
1074
2088
3570
3103
3568
2087
4935
875
2037
4961
7112
7113
2041
3121
3536
819
818
1059
1644
3223
1726
1959
4798
917
2241
4812
2217
1714
2275
1133
4841
5086
4845
1128
4861
3035
102
2110
6058
5945
4159
1162
1296
1222
3836
2760
2799
492
4252
4440
6699
1247
6996
3902
6669
414
4423
2621
2495
2511
4228
1291
6244
3862
1293
4353
5682
3962
2653
4446
2474
5566
1277
7026
1258
6178
2577
3908
4094
4150
5645
2592
2773
173
2044
1088
858
436
5773
3127
2750
3554
5364
2576
3541
3937
2761
2453
3582
1096
3087
3969
3973
2756
5926
3586
5811
6688
6732
2065
4954
6544
2595
4004
2054
1098
2764
2749
344
1375
495
927
4067
1018
1917
1916
6191
4186
1910
4170
5153
1022
2687
1765
4091
534
4093
5979
1328
958
6838
25
6988
2702
511
7118
3229
6812
6021
119
7119
565
5014
3047
2014
1297
6851
6392
2747
3401
1057
6829
5076
5307
6800
6978
3187
6802
3190
3192
3212
2628
4211
2569
3081
2117
4639
3767
1228
1229
648
7064
2114
2496
2498
4710
3739
4720
3735
5440
3734
3873
2985
3731
3730
2986
2989
4637
722
4634
6298
676
4497
4504
1467
2427
3819
1494
1210
1506
693
5614
3793
697
4443
699
3833
703
3838
6290
4629
4630
719
4444
6668
485
4832
788
1135
4286
5881
1603
5879
3917
614
2562
3635
2778
209
2777
4301
5885
6582
2120
2803
4775
4740
6560
6274
3297
6255
6276
1354
6072
5993
6469
6283
6418
6132
6126
2371
2119
1953
6250
1930
3083
6230
6189
2155
1785
2713
3253
3033
3071
1329
2860
6722
2400
6686
6125
6253
2868
3078
983
2685
2565
6368
1883
6770
2187
1065
1690
2993
6245
6761
2514
6574
2824
2248
3114
2250
1680
1081
3129
1089
2612
2045
1242
2598
2608
6540
1063
6296
1695
2230
1227
2627
3215
2276
3211
1370
1304
1967
1302
6012
6554
2743
2759
3177
3176
2492
2790
2333
1976
2951
1705
6328
6313
5236
4247
5907
282
3587
3875
820
4626
3572
3599
5487
5497
5517
4506
7043
5538
299
