5782
5818
5817
5858
2742
5787
5859
5802
1651
5852
1940
1947
5812
3469
5815
3461
1942
5801
5808
3465
1944
3259
5781
3444
5799
2740
5785
5792
5814
5850
5811
4291
721
3774
3464
5807
3468
5487
2362
1946
3027
2885
3414
2528
2764
6278
5813
4281
5816
5800
2734
6370
2477
3441
5772
6780
6522
6626
2746
2759
3008
2769
5771
6322
2882
936
2913
719
1191
2732
5550
5795
4293
6967
2782
138
6813
5809
464
2736
1949
6712
3440
465
2741
729
3463
4711
764
6818
6607
1825
4972
6901
726
2456
5805
5803
2915
547
5511
5810
4828
2324
6810
3462
5494
3442
234
6179
3727
12
5498
1051
6883
2917
5315
2810
3466
2888
6520
6489
1783
5788
4296
5234
5748
6173
3467
2606
5497
3446
4605
1948
714
3821
6609
1943
235
6621
5874
3565
1785
4825
2881
5190
2452
6932
5551
3031
1841
5584
4932
3788
3945
467
6772
1025
953
5959
2472
7162
6279
4975
136
5793
5512
5472
5187
6204
3020
5719
4774
1829
976
229
5197
2747
6527
2745
2748
3985
5717
2533
4377
3228
5789
6960
2269
1617
3095
4973
2461
5252
6649
3785
6092
3679
6557
1545
5821
5492
2525
3789
3527
543
2490
5133
7057
5336
359
1221
6930
3781
5851
349
4272
5819
5779
5854
718
4274
3233
6205
6268
4748
3677
6811
6606
463
1497
4961
7133
3664
223
5991
6396
5586
2436
6782
4901
5314
4934
6323
5555
5272
2919
4746
3615
5262
147
7080
3686
3410
2743
3103
5056
3044
4566
3849
3222
1611
5667
2315
4659
6200
1938
5711
4492
6645
5434
1600
4827
2984
6718
3108
6923
1229
541
3016
6110
4491
1384
4903
4947
3235
4276
5855
6873
6413
405
4292
3225
2766
4294
3784
4323
6817
3555
4974
4960
3665
1239
3172
2889
6656
2798
1526
2261
6441
134
5637
4558
4665
783
6577
2280
5794
2654
3354
6964
732
4011
716
5152
958
2327
2536
5258
901
3415
5328
939
7145
5308
5378
7146
2538
777
898
2424
432
2780
2454
58
5055
6842
186
7055
3357
4741
2524
185
2928
5507
4738
918
5648
6641
110
4632
6650
2880
1488
1988
7093
3928
2887
4619
5263
5628
6604
2260
3676
4122
5241
3156
3902
6654
4939
4938
2022
1937
2024
4101
3154
2492
1927
6327
3855
6623
113
5427
5414
230
3028
6918
231
1192
5853
2699
6916
5806
3764
3428
5760
1356
6940
2705
4826
1641
1014
6714
6713
2613
1619
2597
600
2683
6877
548
1849
3418
307
1231
5857
3744
2577
1274
6632
5825
6996
682
5706
6466
4023
4475
4797
3566
3157
6603
3411
6690
6267
4630
2282
112
3416
769
6114
6715
5486
5331
6277
2983
4842
786
4076
4493
3969
5510
4835
2935
3614
1460
5463
6046
5533
2306
6596
5563
26
3351
6011
4438
1205
6717
6778
6195
2314
510
309
114
720
2589
723
5707
5861
4195
728
199
5700
5856
734
4285
3663
4288
2749
5878
401
5879
6636
2755
977
973
2738
685
6926
3254
301
6937
5823
287
3794
5804
2697
237
1024
6426
3777
706
341
5071
3227
1637
5784
2735
1722
6563
4286
6258
4138
2829
2682
180
7087
2822
4687
126
3674
6640
960
4685
5611
6376
2786
4146
2522
970
3494
4298
3299
1103
4703
6651
4297
3219
1993
2523
1900
3204
3196
3237
814
3255
950
843
811
1109
3250
6439
754
6694
3460
6442
3220
6595
3216
6622
1056
4735
884
966
6611
963
881
671
3281
1190
6642
6521
6399
3391
962
717
6584
3398
1045
1142
1206
3207
713
410
2639
2617
5180
2609
2598
5732
1807
2592
5171
6995
1847
3851
7013
3854
5196
5698
5199
1837
188
6255
2650
1631
6907
1655
6909
335
2703
6919
5155
3786
320
313
306
5132
289
5791
6965
1680
6899
4172
5227
4075
5334
5479
3988
2323
2172
5448
62
5445
5439
4016
5417
4018
2270
2266
2263
4006
2517
2105
5516
5233
1928
5644
7083
5636
1973
5625
2368
117
5256
7095
4125
2025
7110
2406
5532
5253
2739
6565
6884
4976
4435
3669
4431
3666
6076
3021
5986
5997
3654
1333
4941
3646
542
2902
6777
4401
6015
5863
4378
6771
1431
3618
4357
6816
4950
2927
3692
2789
1575
5892
4462
2816
570
5869
2833
3561
6088
2023
5567
5264
6232
2274
4612
5394
5565
4618
4799
2020
4904
4040
932
831
2006
4610
5562
2293
1181
4771
1194
1284
4595
1278
2328
6531
5440
1272
2340
3401
2286
2121
2120
4768
5366
3009
4823
4764
3003
2392
4822
5418
2484
4740
2856
2611
5956
5174
3202
3257
4978
5146
1720
2811
4686
6375
1528
1535
2775
2714
1060
5840
1576
2754
5058
2752
1047
1630
5024
3131
4968
5708
5634
957
4651
4730
5647
1941
6325
5664
965
2911
3300
5712
1893
5689
1455
2564
5695
2891
5998
5702
4655
2886
5704
1840
2541
3087
4033
4260
4515
760
7152
4454
4548
6608
3989
4379
751
7084
3782
7149
6689
3795
724
329
461
487
3982
6592
6790
3661
6624
4145
3668
4173
4439
3567
6671
768
3613
7025
4283
6728
7002
3525
697
4542
4541
6659
221
6629
6628
7094
4420
83
2695
4722
646
6905
2696
5826
3179
1117
2733
6337
1638
347
346
3780
5847
2726
5079
2722
4253
1654
2688
1653
2724
5100
319
2788
6933
3814
6410
3215
1065
6639
3817
3823
3826
2637
2602
1054
5739
1052
1796
1803
6992
224
3236
4538
2685
5158
3014
298
6373
6935
1703
293
6904
283
1091
3812
282
5148
1729
6958
2658
3206
6966
6969
3810
3200
6938
1167
3762
569
6072
6745
3616
6039
6199
6030
6210
3624
3625
2916
3628
6219
3055
1253
4376
6014
3062
2906
2936
4436
4402
6084
6725
4412
4830
3007
4837
1345
4430
559
4433
4935
1307
2994
545
1302
1301
1300
540
538
2971
6085
6119
4261
1445
2895
6685
