5611
5308
7100
6999
4638
3464
1517
6370
330
6272
6268
1783
1901
5033
2889
6844
4473
5164
5317
6279
308
1074
1927
7102
2918
4098
4138
6277
5276
5612
136
3465
5047
6655
1158
4485
3626
3845
5314
6916
6975
6901
6899
6322
4737
6970
6487
5054
315
5085
2800
3468
2453
5168
2681
3692
3945
5792
2895
1223
5959
1620
3998
2437
3414
4566
5460
2472
3458
2703
2816
2000
6973
5785
2981
6488
2996
1490
333
3788
5316
5203
1947
3780
332
3307
5056
6275
4553
6473
2997
4475
876
5463
3072
2439
919
5217
1077
2414
870
3171
3997
374
2003
1229
3964
438
5835
5039
6941
4661
4951
4878
5953
5218
5693
6884
5465
2488
1928
1622
5644
2246
5802
319
1510
2368
1625
5041
4635
5654
1983
5920
7103
3007
3175
3992
2817
3565
3963
6383
7091
6509
3088
5070
2810
6271
3012
3859
3061
2339
5127
5771
7106
5169
7105
3991
2886
5035
5795
3911
5788
5787
2019
2301
2419
109
4422
1520
1621
6652
1066
2576
5464
6724
6416
5311
2467
2460
716
2935
329
32
6350
1491
1943
6653
3908
6940
3909
6882
3912
2962
34
6234
2001
3119
3924
3410
1940
5018
5469
6265
6274
5158
5749
5089
5080
6373
1789
5551
6433
5318
5163
1654
1653
2991
3028
1626
3001
3125
4282
6716
3999
375
6087
4614
2818
2688
5850
2362
1109
2477
6974
5858
4532
2631
4513
874
6763
4191
4101
1151
7044
2291
5966
2297
1221
1035
803
6041
2105
4776
2921
2242
1065
2244
202
836
2637
2267
203
931
1124
501
1076
937
510
5879
6657
6069
6576
976
1046
406
5975
6490
6388
1143
5782
6099
5708
5707
5704
5700
822
6788
5794
6204
6261
1224
6264
783
1492
6267
430
1181
448
5842
5509
873
1152
6326
728
913
6760
6728
6192
1526
3401
4377
2006
2008
2882
4894
3966
2469
2097
219
2459
4730
2455
2247
2709
3846
3904
2896
3882
2268
2897
2269
3942
4478
198
2293
6979
2990
65
2988
4564
4558
3863
3662
2961
1920
4190
5392
2747
5381
1607
6883
4283
5328
4285
5304
3345
3469
3482
2811
1721
4120
1727
1848
1829
3623
7152
1722
1806
5157
4116
3259
916
6201
4074
2788
2769
6186
2850
902
2712
807
872
4012
3826
3903
6631
3418
3436
3460
6541
6519
3471
3318
3305
3543
6484
3617
6411
2928
3685
3723
3168
3745
6339
3786
3110
6324
3096
6276
3018
3014
3008
2999
3688
2705
5452
946
6638
1386
1944
5672
1988
4910
5584
4898
5780
1261
4795
2241
2248
2257
4876
4678
5555
1796
5459
5434
1578
1623
1651
5467
5512
5302
1495
5473
1692
5272
5190
5475
1497
2677
4669
1222
4380
5439
4362
2571
2582
4333
4393
2604
4289
5980
5981
4274
2651
2652
2613
2266
2482
1122
5830
5831
2303
1186
2309
5838
2470
5848
4536
4517
5871
2418
1146
4470
5851
6639
5291
6939
6965
6918
6777
6924
6911
6909
6846
201
7101
6938
331
6868
7065
7048
6898
153
303
6922
5336
3785
3466
2856
5214
4399
5174
3782
3757
5378
5167
723
1701
5321
2513
5146
3871
6944
4444
618
6483
152
3053
237
2479
2480
1929
5030
1923
3068
3070
4432
5050
5067
3079
5094
5121
3091
1828
3461
145
5160
5421
4339
1545
5815
1202
3629
6122
6768
1155
6762
6106
5878
4203
6104
6776
393
1098
5952
2883
1050
5983
6029
3969
6046
979
6746
960
3621
3665
3668
3995
1542
4448
6875
1528
1514
443
6867
3172
6260
789
5472
6860
3724
809
4291
2859
5617
2630
828
5658
835
5669
5686
5702
5713
4349
4903
5301
969
6644
4721
6513
2274
6961
4781
4556
2985
6557
4663
6603
2264
2412
4488
2417
2318
208
4797
2245
2984
3379
4472
4505
2821
2294
4771
2432
4636
3024
4037
4660
6994
6771
4060
6772
6570
2658
2238
5448
6574
6269
6590
2992
1523
6330
3485
147
6888
2919
4609
1627
1154
3894
5356
4364
7104
1581
7141
3493
1629
764
4735
1149
70
3743
206
1509
6199
5665
2739
4662
3654
6782
6834
1339
6190
5716
3658
2641
1314
5793
5738
2646
2295
5747
2659
5772
6799
6200
827
6202
5655
6500
7093
13
2260
6849
5479
4327
5502
888
1445
6701
4519
1428
3644
2906
5616
4667
5628
819
7144
3690
5648
3390
6904
5877
1688
2483
950
2880
2965
4828
2129
2932
5991
1040
3357
6038
1890
5986
5088
6972
1061
3884
5124
1064
6410
4796
2512
5055
6039
239
4070
4901
962
6947
3865
974
4520
4934
2454
619
6485
3861
6943
3854
1987
2471
4875
4972
4975
4872
2452
3847
5005
4032
3463
4792
56
5213
5955
5925
5166
5277
2179
2814
714
1100
918
5941
2537
5216
1121
2530
5238
1725
3467
1707
4412
4555
4770
5144
4561
3255
465
3114
5156
6920
1125
6734
2430
6919
6089
5922
3656
2410
3593
5809
1251
77
1123
4208
2888
5882
4204
5799
2960
1228
5873
4560
1070
2706
401
7079
1068
1182
373
1188
3910
6769
4554
1042
1191
5833
4625
5823
1159
6000
2308
1218
6018
1220
6765
2306
5872
2668
1107
2302
6040
1226
5784
4917
355
1823
6923
1809
4788
4787
1805
2435
1782
1781
7109
5208
5211
4777
2183
4397
4395
2535
5271
148
5295
1693
3885
4811
4418
4465
2036
3933
2060
6948
4947
4962
1949
4853
2102
6640
2995
4839
2485
4836
2938
150
4819
3011
4816
2144
6927
5076
151
2541
973
5307
5552
5579
2265
4293
200
6843
4666
6841
69
3959
5533
5666
4651
7146
1327
5714
5719
3961
5740
2298
2654
1276
5681
2300
4321
336
3778
6902
5315
5320
6893
4385
1645
1640
1628
6889
5510
5370
1565
309
2579
2423
5447
6960
1519
4477
2983
1494
5375
30
3915
6270
6544
911
865
923
6555
6382
602
6596
568
915
6352
6651
6646
485
3546
6470
6492
6737
862
3474
6507
