7021
1595
1055
4468
1059
7029
4954
2206
6854
1867
7026
1813
179
7022
1596
6401
7023
2671
6237
7017
4423
7024
5478
1516
1594
4156
3892
1598
5884
3890
1590
1234
1881
6402
4460
6874
3979
2729
2004
4461
1784
7027
3841
660
4426
2664
2255
6258
2944
3872
7150
3893
1593
3897
2001
2565
4421
626
5130
1812
6230
4425
6405
4427
6408
2676
1872
6160
7020
5062
4705
2485
1597
4466
6879
7158
3896
6870
5877
1458
3478
3111
1841
2251
3398
1000
5834
3894
5049
6062
4469
5665
1811
6877
738
5626
363
2492
6080
5780
3297
1810
1662
1874
4276
2060
928
924
5661
4463
6251
5876
5664
5629
686
2498
4121
4089
6006
6009
5833
4049
4249
4424
2209
1599
3982
2601
4464
5235
1870
4350
3004
5561
3891
3477
938
1078
5837
462
4172
5875
2874
3848
1877
4568
826
3899
5040
6151
2600
2609
1097
3719
2672
2506
1421
7049
3066
4745
3064
3346
3294
3246
5495
5621
7007
5622
3031
3035
5068
6004
6876
1816
921
683
2303
3703
562
1438
6858
2494
4429
1684
4478
7016
3989
6000
3128
4011
3254
1459
6544
5618
4171
2200
5185
7028
12
2490
6644
1106
2660
6640
1427
6002
5048
4155
7123
6326
1079
4584
745
5312
4422
2529
1076
2765
4465
6875
1802
3583
5061
4174
3586
1241
2541
689
5292
3476
2978
2006
2204
5042
4952
2183
3030
4637
4341
2017
2675
1512
204
5392
6252
1682
2608
5114
5045
4462
6407
5089
4180
4207
1026
2198
346
6438
874
5344
2602
3617
6850
136
2678
6085
5918
3561
2925
1330
3002
4704
5474
3316
2007
3312
2002
6996
5969
3181
5529
1959
3215
5504
1667
4742
2481
5499
3253
1393
1987
1386
4719
920
3588
6807
2705
6227
5044
6641
5180
4812
6691
3986
5194
4576
926
5233
2592
3869
2724
3860
2590
1248
6763
935
5319
3760
3810
5721
2674
4842
4871
6138
4489
2706
2704
4562
4564
931
6067
6257
4903
4685
6243
4558
378
2792
4428
7009
2405
5501
6765
2862
3212
681
2844
1889
1419
5505
3975
5207
3387
2104
641
2883
643
3340
3472
6890
6889
2930
6872
5660
5663
2893
3581
6855
131
6853
2065
5630
3191
6692
1699
6671
2771
6477
5135
1452
1853
6415
2762
4330
3097
5076
6392
5073
4347
6365
2190
1863
6677
2014
1592
3987
219
1090
3072
2779
1869
3185
1694
4161
238
7121
2499
4902
5531
5597
5479
2661
2482
5538
5547
5722
664
5080
1689
5866
5148
472
1692
500
5857
5179
750
5473
5908
5270
5282
2568
5723
5065
2561
5705
5414
4996
5426
2593
1953
4329
5558
6631
1591
1873
6607
6569
4177
4181
1864
271
3745
3015
4253
6983
1994
1054
3283
1052
6638
3037
4084
6695
2087
3812
6766
3816
1252
1215
2875
3712
1193
188
6716
3895
6823
3901
143
2797
6861
4081
1048
6468
2760
3067
4649
2257
1957
3255
6068
4575
1439
7142
4708
2673
5996
4805
4807
4684
3230
2085
6335
7018
333
6285
6253
7032
6226
1973
4334
3062
5550
5383
2553
3735
3158
3135
1249
3145
3708
1469
5412
3149
3379
3700
3292
2989
1411
3323
2970
1425
3238
5508
3303
3240
3504
3516
3188
1433
3186
3566
3585
3648
3682
5446
3517
871
3813
1050
4316
4335
4340
4434
2721
4480
2711
2708
4557
2682
4645
2619
4674
4998
923
2679
4960
4680
1666
4687
4917
4914
887
4804
1053
5366
1062
5131
3842
2580
3846
3887
5301
5293
5289
3898
2819
4817
3966
3968
740
3976
3985
4017
5193
4039
4040
5177
4170
5153
5150
1691
4219
5122
3921
3116
6240
5935
6863
6873
6896
6542
6514
5713
5872
2016
274
1858
1857
2008
6018
6443
6022
6023
6026
6978
1854
1991
288
5646
6630
7010
5755
5931
493
5878
5879
5864
5860
2099
6719
2126
6768
1887
5832
6795
2083
5911
6824
2160
2066
207
141
5775
2062
460
1876
452
57
1809
7117
2256
6400
5627
2240
5574
6403
6404
6216
1956
6290
15
6137
5595
2205
2254
7130
6417
7129
6427
6242
5005
817
2192
459
4369
1167
2627
3977
3988
836
1016
4041
6205
6201
6655
4012
1884
1013
6307
469
1687
785
4467
3867
5100
6236
5096
6239
6734
5084
1952
2713
3883
342
2202
968
2148
475
473
3962
5907
4994
2804
468
4068
1819
4082
4800
1860
4318
4673
281
4734
6015
929
2271
6412
2278
922
6442
6027
4676
1061
1815
907
6041
4289
6431
4678
2285
4801
5994
5986
4189
6639
4956
6178
1608
6634
6176
4150
239
2230
941
4910
6187
4159
4165
6609
6605
6602
1099
2663
4818
5557
1093
2182
1861
4162
1219
4338
1688
5467
3250
1976
1732
2547
6968
3013
6951
6917
5678
93
5470
5124
5726
3479
6878
6871
3543
5309
5754
2910
3564
5284
2377
2563
2440
7035
3231
1461
7162
7156
1453
2495
5568
10
620
621
622
3178
5576
3183
19
1437
7125
2509
5590
3195
578
7100
5493
1958
646
2514
3570
1290
3392
5190
2870
499
6744
2067
2091
5142
1695
5867
2604
5175
5806
2321
2336
3711
3641
6779
2320
3603
1539
5836
7039
1851
1202
3190
7105
1426
6397
2755
1565
3882
4314
6726
200
4308
6414
2089
2188
3793
1415
6409
6769
7025
7090
1029
4342
3122
1217
7163
6247
6742
1214
3863
6259
7149
4437
174
3141
6333
2193
1210
4395
4394
315
173
4381
1024
6372
2846
6760
3187
4346
4345
1204
3245
133
7014
1865
3461
4179
6902
3474
3672
3984
114
6693
2917
4164
2044
6629
2913
3455
2886
2796
6656
4129
3552
4120
3553
1586
3622
3619
4088
6860
6859
2892
2777
3546
2986
6494
6822
1398
4047
1981
1391
3039
4284
3038
6993
6987
3017
2005
1251
2080
2876
2800
3314
2763
2988
3422
3401
3974
3973
6820
6432
2766
3349
3348
3003
1501
1856
6941
4203
2853
606
6238
5917
2569
5727
