3175
2242
1626
1077
2244
2827
1620
5154
5830
153
2245
1073
5831
3960
3176
1070
5835
5074
5076
6232
2246
1955
2241
5144
152
5146
2103
5773
6406
5024
3966
1628
6325
937
3449
4517
3298
6541
4239
4337
4513
2248
5078
6329
6019
2247
2243
1782
2541
5177
2439
5509
1251
5998
2687
4655
1253
6012
1100
1627
2835
3924
5148
6323
6223
3788
7105
2240
4929
985
6018
4047
4922
5399
4651
6970
4518
3349
1621
6416
4204
1381
5712
2938
6414
3961
3963
1629
155
194
5347
4041
5081
1624
6418
5838
3900
1625
2489
6013
6015
5149
1711
2000
2109
569
3211
1098
4630
1902
1906
1244
566
1513
4654
7087
3969
2654
5159
3907
2006
1383
1254
2306
1255
3291
6311
1104
2576
6305
3343
3345
5789
5975
919
5041
4956
981
3906
5216
4688
257
1108
4534
206
2471
4201
5839
203
202
5836
4621
4682
5834
5107
3028
3754
6410
2409
2406
6072
2685
1515
2303
1622
5342
3410
1623
5997
3486
5984
7125
6327
2817
3771
3817
5500
6457
989
510
1880
4208
2486
1783
4418
5022
2647
158
6045
6419
5764
6812
4299
2777
3583
1042
1088
3904
6010
602
6319
3819
5036
6768
3759
2761
5157
565
5082
666
3968
388
2414
1487
5954
4265
873
982
2889
4098
4138
4681
6891
4656
7149
4481
1256
6614
4452
750
3342
2951
6166
6955
5156
563
6225
2483
1928
3903
6315
1875
3296
266
68
6861
2474
3307
6999
3446
1389
4400
2402
5469
4402
197
1158
2403
4074
3
1248
1509
5106
375
5584
3909
5583
5338
5124
1074
5785
4950
2652
3470
4959
479
2659
5761
1097
2613
5010
5346
5344
4245
6483
378
3020
4948
2314
393
5073
561
2591
448
5072
401
5605
4955
519
3445
4787
2630
3629
2401
6767
6765
6762
6760
1589
5957
5784
5956
5846
1519
6737
2415
5926
6724
1361
1362
3866
5842
1107
3585
1079
4754
2008
4740
6152
4737
669
1971
4686
1950
3219
1882
765
1806
894
5748
4367
3447
984
995
4296
1710
6507
5799
6278
32
5348
2534
5337
7102
5217
5127
5
133
7109
255
39
256
150
30
5317
1518
836
6763
201
4295
5129
603
5791
4327
7037
3297
6533
1578
5171
2574
3692
240
7095
4776
5955
5005
1388
3967
2850
4652
1747
2631
6087
6091
3908
3402
2816
5309
5914
5213
6570
3848
4246
1380
265
1807
2981
5460
4902
3763
2472
4628
2001
4939
4633
5218
5504
2823
1369
4818
6433
5302
2418
2267
4549
1788
2470
7093
6906
3666
2919
361
5190
3626
4374
192
1719
2179
332
333
6016
175
1252
4707
945
6519
1718
1293
6228
5850
7065
340
3088
246
5084
5272
1713
1189
7054
1230
4103
2677
4473
1258
3214
5123
1173
2895
3479
330
1884
2769
5974
2932
2658
6537
6168
6370
2478
6896
5634
4730
2496
1366
1385
1387
5461
5832
2811
5214
4725
1239
151
2813
1382
568
4242
5714
1235
190
1084
1384
4244
4814
1187
652
4675
650
2434
4783
5662
3208
1900
5151
5794
3292
6739
5878
4011
195
6238
6735
3299
6728
4185
7081
4835
2438
5816
6326
2680
61
207
5295
5281
656
601
1257
1136
605
26
5649
1101
4878
1297
3438
5033
876
4478
5381
3673
3464
6501
5002
5466
3443
5035
6392
4346
4512
2082
6388
2411
6423
2412
5433
6791
4298
3174
3421
5978
2027
3521
6358
2753
6404
250
4407
2692
1709
5578
369
5983
4434
4395
6513
1716
3082
3614
391
5349
5071
5340
2028
948
1514
5775
3171
6067
262
2419
4906
5313
2453
3785
226
1050
2529
2810
5727
3815
4936
3885
4292
5210
2101
6298
5912
5833
3876
3348
4283
3026
4885
2931
6147
3170
2703
6161
2925
4451
6515
803
2091
798
5742
6488
191
4409
2916
4586
1200
949
1983
2115
4430
5819
6509
905
6510
4576
941
2617
2934
4467
997
7100
3178
5415
4183
4309
1958
34
1959
1109
3519
1138
5203
4535
6484
4532
1035
3138
3066
817
5195
3216
1093
971
755
1061
5192
5205
2022
5726
4234
6386
6880
3134
4482
986
4359
2608
6840
1081
347
2170
6701
2508
5964
2428
2249
5467
3678
3902
6969
7165
308
1587
6574
562
5031
7
3341
414
5047
408
2818
2593
6041
1609
2824
5898
304
322
2253
5382
4957
3753
3432
3755
3756
1510
3434
5938
4944
7023
7034
4943
4975
6421
3780
3781
4932
1787
5137
1789
6996
3441
5925
5233
3812
5310
3825
2384
394
5986
7136
627
6038
2760
4772
251
1879
6234
1654
1883
93
6459
3998
6014
5851
6330
5858
5665
2437
2603
5088
2514
290
4018
6940
3565
5291
5645
1692
5108
2177
295
5648
3543
1700
1712
5102
6440
1651
186
6727
7144
2171
1238
2539
1331
2832
4413
4349
6803
6304
3433
1679
5946
4335
4321
5370
3112
4377
6048
998
5345
101
3623
967
5526
3582
6163
1607
1528
6042
1715
5331
3476
4363
2404
3468
2405
3693
3612
5949
3144
5371
3567
6052
1526
4269
5321
1856
2432
200
3931
6138
208
1348
209
3925
5788
5787
6141
1360
162
1103
3952
5283
198
3210
5252
6342
1203
1202
4095
6542
1194
5428
1241
1929
5275
5815
1250
5276
1889
5807
1245
5771
3911
5777
3406
6788
5312
2417
46
1047
5935
1491
7122
6667
4290
4291
3415
2003
2004
6060
1805
75
6576
1372
3344
3905
5211
1086
156
5305
1368
1082
6295
3172
6709
1076
6069
5208
1068
72
4415
3516
6893
4931
606
4515
5174
2838
5658
2744
6321
4786
2277
4952
6460
4777
6352
4510
5611
2579
5501
4978
5001
325
4496
2540
2302
4494
9
6839
314
5617
506
2265
6487
5630
4595
36
6261
2979
4579
5464
4612
796
2106
4894
269
743
37
2706
2587
4853
530
4562
809
769
5633
4554
2259
2800
595
4629
4623
4484
7042
2308
885
336
