5795
5810
5858
5803
5792
2683
4454
1191
5772
1231
2780
5806
3465
5336
2277
5771
3444
4711
5250
2769
2742
7146
5813
4126
4121
2682
3446
5793
1497
5551
3824
7145
3259
1351
1913
5794
5859
1914
3464
3623
5782
5804
6008
5839
5814
1946
2688
5558
5339
3098
4122
5334
4127
5257
7141
635
5330
4611
3622
3629
4291
2502
901
4195
2896
2764
2744
960
150
6812
4197
3006
5818
5796
5394
5618
5798
1989
2601
448
628
6891
3469
4781
3468
3419
5819
2501
6846
2733
3945
3999
1825
5448
5496
5318
953
4079
231
2789
1357
1662
5808
2168
600
5698
5790
4289
5851
5849
4282
1938
6410
3823
1465
7156
2604
13
102
6964
3827
2889
12
5811
5812
101
2736
5696
1491
4737
7126
2294
1783
1840
6006
3393
2458
6494
3852
5446
1229
989
5787
4458
3416
5809
4600
4399
3948
1982
2503
3461
2747
3661
5807
4123
109
4517
11
4868
1059
1928
4831
2681
7142
6013
2324
1947
4566
2242
4615
4356
2685
4619
1081
235
1343
17
4682
4688
5672
1495
3467
1071
6014
6005
4881
10
261
6772
622
621
620
5802
1943
3390
1192
5124
946
2759
3014
379
6840
2399
1796
7100
3410
6574
1987
2609
2278
5767
3007
2577
3399
2291
2459
1471
5704
4618
5700
4612
5707
4608
5799
5797
7053
1106
5774
4518
5258
393
2579
5708
2339
5331
6957
689
3462
2909
3401
5328
1621
325
1176
6009
2193
4797
3374
4793
5169
3466
4771
3476
631
2191
7106
1781
6099
6110
6011
1984
3482
1073
5449
1869
158
4288
5510
4285
4284
2707
4283
6546
2761
6843
2732
2782
4014
4142
2293
6784
3076
4258
4011
6863
151
6563
4093
4321
7152
4088
4392
510
6864
1829
2243
1828
3829
2798
3131
4464
3008
3845
1190
5625
5203
5817
1827
1490
6673
6969
950
1173
4070
2740
6756
5831
3392
5852
2362
6274
104
1641
1942
3941
43
2279
3288
5272
599
6865
7019
3297
2593
5262
5516
5220
1428
2271
1221
1199
3993
397
1223
2477
2270
626
6782
4018
963
4021
5502
5801
5631
1649
1877
5857
1072
5667
880
2592
2783
1944
874
6924
3664
3511
2672
18
4632
4627
6119
239
5439
4468
5434
6279
6248
2198
7125
3626
276
1624
4388
1466
6199
240
1242
4792
7055
2781
1099
5018
3426
3818
447
2919
5459
4934
2760
6468
1651
6541
3460
6565
332
4838
4833
2768
5454
4253
1464
5452
6474
6012
3183
7089
5429
7081
5472
5533
1981
5390
5451
7085
1239
3174
1224
5478
2687
1468
1520
4528
2245
4294
4281
876
1076
2306
1070
886
4218
1051
3815
4553
1708
4085
1030
7161
4076
959
2505
1542
3864
3982
982
987
3911
3916
939
3268
4556
3562
5268
5251
623
625
630
2554
3372
5157
2071
3394
3396
686
3411
4562
5033
4987
4955
7121
4816
3484
3507
772
2329
3546
3554
4610
790
2196
3433
5601
5392
7061
2913
241
2607
6491
2753
2897
3093
6409
1859
2731
5840
6557
6585
255
3009
7010
57
6417
2961
2415
5712
6277
5855
1848
3061
3094
1276
6113
5942
1469
2666
272
198
6978
2689
2837
5611
7022
5715
2766
279
443
2419
6179
1912
6946
390
259
1793
5764
1659
6501
6773
6822
5691
2406
5012
2677
4989
6374
3441
1559
230
4975
6425
3412
5194
5190
265
2253
7153
5830
1552
5144
3391
6411
368
1932
6466
5078
5057
2972
5853
688
2077
5040
3688
2545
6001
3646
2238
6091
4693
3617
3500
90
3616
3502
3505
2887
1342
4713
4638
3615
2470
1346
6202
6272
6207
6210
4605
2832
268
1109
4628
714
2900
4729
718
2331
1927
2246
2907
2244
2670
3783
6955
4412
1353
2187
251
4791
4455
2905
4459
2241
6035
2509
1091
5602
6276
7150
6015
4124
5166
5338
1948
5445
6821
6781
1983
3851
6918
3189
1623
563
6777
2602
1622
1478
2015
1461
445
3019
5326
3249
2739
3843
1222
6752
6694
546
2588
2488
4006
1266
1798
5560
1000
3913
6901
5531
7166
3137
3928
3895
3156
5785
5512
5507
3967
983
2489
525
5500
5628
5476
3181
5460
974
5458
1402
6921
6265
3285
1940
1861
930
5228
3283
7004
400
7104
1531
1040
627
3788
3787
3786
637
6537
394
3298
3005
6586
7103
1758
5791
3826
7017
7163
3947
199
6549
2702
4120
2273
4153
4505
2767
14
237
2227
6677
2298
3891
2498
4510
2254
6531
3585
264
3665
3917
6270
2216
4293
3662
3784
6527
4138
6523
6544
2792
2226
4146
3613
6271
6860
4367
6851
2831
1888
6426
4275
4277
4397
6775
6437
6322
955
6362
4379
6419
4089
2745
4040
2752
6278
2735
6441
3857
4491
6753
7149
4066
1568
1463
1459
6902
6364
6476
6416
1460
6457
4096
6785
4463
1813
1865
3914
2199
615
5234
624
392
387
5223
6991
2559
636
5815
5816
2019
5821
651
4554
3379
2036
6967
1171
5842
1175
2983
2984
1204
5127
369
2064
2038
5160
5162
2989
2066
605
5800
5788
5455
1954
1280
3091
5480
1968
5663
5503
5508
5514
5524
5526
3915
5562
3161
681
5681
1241
5295
5775
2576
430
5748
1640
3186
5733
5337
2585
3247
5713
3199
5703
5335
3397
5165
5050
4739
7129
4754
4764
6032
2904
305
6031
6020
318
1455
4814
6002
2160
3400
2911
751
1917
6256
3566
1111
2326
3555
1347
4718
4613
2194
6117
3527
6111
4689
3483
2195
3452
4790
2529
5876
5878
4979
2914
1929
5911
2083
5030
4865
7109
1065
3854
1534
3069
3090
3066
2784
2658
2640
2507
3869
3180
3031
3855
3370
3704
3129
3568
3121
3120
2971
3134
1261
3569
2437
2409
3110
2963
2699
3106
2659
2703
3395
3173
2596
3179
2586
2790
1481
1333
2827
1035
3357
2375
3002
2471
1193
1473
3000
3463
2906
2474
2368
3764
1424
2374
3346
3342
3333
3752
3780
3850
3849
