5791
5634
5252
2919
3134
5332
5803
2003
1080
772
3560
5253
5259
6411
5157
5251
3781
3786
3849
5851
6466
2911
309
4595
5331
1341
5311
6419
6477
5794
4255
5631
3788
2454
1142
6286
797
3780
3742
5512
1356
5809
2896
3509
3205
3093
3203
2776
3789
2913
3863
3379
6791
7005
4257
1980
4931
1348
4768
3201
5808
5395
3206
1185
5300
6977
5334
6474
3204
5623
4616
5516
4934
4932
1983
2105
3826
2487
245
2324
5858
3482
5797
5620
5294
5258
5813
3887
3784
779
519
2917
2459
3130
3376
5915
3202
6797
6281
5954
3441
6027
5262
6391
4591
4467
1345
1352
801
2007
6539
1928
5018
4402
2652
4015
6210
3626
1343
3200
2926
2827
2788
3506
5948
5766
3446
5846
5418
3208
4953
4651
6179
1460
6979
1818
4921
4928
6174
6417
269
2782
3614
2689
2585
5733
6020
7143
3785
4011
1344
4013
4213
652
901
364
5293
2484
3741
1144
1505
1355
6995
5179
3375
1581
3371
3209
3615
3646
2501
4333
4401
2179
2172
4624
4707
4711
2170
771
5084
240
4376
3584
5802
5583
6219
146
5339
157
6282
6383
5555
5760
5519
5819
6171
2770
5715
4014
6784
3362
6792
3782
3374
234
3866
4514
550
247
6019
1239
965
6319
1686
6413
6614
1175
6175
2234
2006
5633
5503
5022
6416
262
4195
259
4926
1180
3162
3164
3444
849
932
3612
1832
5336
1830
6341
3596
2687
1047
568
5335
5312
5313
6743
1385
6011
3487
2099
7130
6031
5799
5162
3136
3445
5789
5214
7042
3622
7152
6270
4924
1836
4613
3009
4620
19
4594
1108
6973
7031
4596
6972
3196
4334
6087
5606
5602
1571
2588
449
7159
6673
3692
6387
808
3480
6373
3601
6695
6202
5810
6699
1358
5814
3743
2605
3746
2509
5711
2267
4128
4124
4079
6084
5877
2368
2375
3850
117
3390
3391
5785
3437
2452
1456
3489
2931
2816
2971
5123
1909
5986
1943
600
5218
5274
223
949
1908
2001
4938
5158
4933
6496
5149
5213
5291
5097
5298
6782
1054
5316
5314
3008
4760
4762
3005
1864
963
5299
178
2972
2915
3885
3363
3942
7146
6464
2839
1391
1893
2328
3364
2554
3864
6023
6885
1868
3966
3095
1840
5812
656
773
190
1550
5304
6398
198
3600
5296
5372
3396
6393
6472
2682
3696
3732
5217
2680
1839
2453
2831
229
1514
2458
3292
1502
1905
6415
5696
7000
6457
150
5956
6998
4335
3198
4363
6542
3194
4405
5
4790
4481
6549
2009
4771
148
6978
6557
3039
4663
6739
4251
796
3199
5878
3290
5330
6728
3239
1232
255
4077
5046
7001
2918
4208
977
3139
1681
4960
2254
6372
5869
3168
3436
2547
5853
3000
68
3377
6230
2677
3015
3388
3485
2669
5974
6013
7153
3230
7154
2586
2583
3370
2910
2665
2934
627
5996
2555
777
3179
6781
3177
1591
3175
2814
1389
3463
2651
3207
807
1386
300
6898
2069
6899
1045
2100
4672
4659
4638
2109
328
4599
2141
1100
4532
2171
2500
4446
1688
6975
6846
4338
2231
4766
4795
1747
1035
750
5318
5317
1803
5297
6347
5342
6486
1837
5216
953
1138
5424
1883
242
5112
6469
5081
6500
1948
6522
6524
6374
6346
239
4312
2173
6315
3928
3924
416
6292
3856
3851
814
2400
3816
3808
2358
3787
5776
5780
3762
3744
3740
3617
5801
7068
3513
774
1651
3941
3855
4016
2297
4074
6904
4239
1233
4018
8
4253
5644
2309
1237
1167
6371
1865
6812
6026
2450
1834
6893
2405
2465
2587
7036
2273
2343
6376
2072
6148
6863
2108
2589
2392
2306
1721
2300
2668
724
6795
1781
1902
2346
649
6853
894
2810
4718
6991
5563
4611
4592
6441
4515
4496
4484
4464
4463
4454
4437
4415
4332
4331
6619
4218
4217
4204
4160
4054
1577
5717
4001
3989
1251
1043
1336
4764
1038
870
903
5295
5337
6478
5393
5223
5422
5151
5146
6495
6470
241
5113
959
6499
961
5077
5029
7122
5510
4937
273
5524
6520
6527
149
4782
3933
4023
5718
3394
3378
3372
3369
3367
3291
3218
541
5946
5947
3132
3097
3092
2968
2967
2935
1468
65
1476
5962
2837
2830
5998
1519
2811
3438
5823
5859
495
5728
6427
6280
6278
5782
3774
6271
443
3749
3665
5795
5821
3595
3621
6891
3496
3512
6235
1383
7063
6343
1515
1655
947
1058
1052
6894
1186
1044
1624
1393
1692
6909
1041
6246
1435
966
6969
1774
6198
1421
1689
6234
1631
1652
1184
6479
1833
4617
5584
4536
4495
4462
4404
5613
5622
4373
5639
6601
6606
4621
6613
6622
4209
4122
4103
4072
4021
5716
4006
3960
3945
3860
3854
6616
5759
4626
4693
6480
5310
5286
5265
5256
5204
5171
5101
5078
5055
6509
5043
5558
5010
5523
6519
6540
6545
6547
4765
4729
6561
4713
5551
4704
4700
4935
1819
3817
3753
2685
6777
6016
2613
2556
2551
2495
2489
6039
2477
2402
2364
2703
2315
2235
6845
2210
2187
2177
2129
2090
6861
6153
1947
6180
1838
2292
5761
2742
2789
5793
3628
3618
3605
3565
3543
3523
3511
3508
3500
3449
3373
2758
3315
5914
5922
3170
5959
3007
2932
2925
2916
5980
2836
2824
2818
3237
3282
3178
186
224
276
118
610
500
682
108
11
798
340
7150
228
671
231
7166
582
3
806
349
770
18
7132
342
7162
185
322
7156
3484
4709
162
2185
1011
3238
272
5072
2401
1685
4518
4774
2178
802
3127
1384
1659
1677
3794
5409
5016
4259
6231
1805
3135
6864
3133
4608
2293
438
344
6104
6471
5714
4007
673
3131
3795
5152
3649
2513
5026
1191
1915
5713
1945
3087
5508
3643
6160
3266
6024
4085
1349
6022
4088
4703
1103
7157
815
1107
5264
6709
1716
4546
4907
2715
6635
1722
5505
1954
4930
2256
2261
3284
2736
4582
5283
448
3504
3507
1372
5281
4141
1070
3729
