5790
5691
1198
5625
5256
2909
1981
5698
3393
1351
4127
2906
1196
1193
5624
1468
5390
1912
3399
2907
1461
3090
3098
1989
4123
4618
5995
3009
5696
5796
3395
1342
1197
5012
3394
5697
3396
1984
3600
3374
3006
4759
1864
5250
2270
1462
2501
4021
5248
1466
6494
7146
3372
1195
4258
1865
5798
1985
6476
1913
3503
3502
1199
3928
5628
3505
6491
1547
6477
4029
1191
7129
7126
6011
5804
4027
2978
5765
3371
2900
1357
1861
776
3500
3391
635
3377
2781
3662
1914
4769
1917
4025
4612
5237
5258
628
1463
1542
6499
1465
5257
4619
1190
5621
3373
5806
3606
3824
6533
6865
770
1464
625
6784
4024
5618
3094
2503
3827
1467
5992
5794
506
2502
3562
3507
2785
2937
2596
3375
621
945
5230
1541
6119
4022
4124
5623
5255
4122
777
7141
2780
5792
2789
5842
3093
1869
2782
6260
5392
4020
6863
2570
2405
2979
5695
6546
3922
3314
1863
435
3566
5620
4464
5253
7006
2905
4763
266
3000
5397
4028
629
3608
3315
1085
3603
637
5626
5573
2276
5997
1903
2783
3370
2372
1602
1915
2175
5795
6261
5998
5131
1911
6864
5946
5699
1916
3696
5952
6478
2904
1434
7098
1469
4636
4777
4474
1982
4408
1194
5807
623
5293
3397
1367
4764
3378
779
5471
362
311
3115
2784
4615
759
5976
3821
2524
5249
5826
5810
1540
5767
1537
3807
5805
4253
1000
5334
1918
105
6866
918
3392
3398
4969
2908
4026
6874
3386
679
6818
2585
1545
5809
1910
2736
2819
6812
4155
2594
3100
6495
5844
3118
2679
1926
6988
1368
6404
5840
5942
3657
3431
1181
3987
6316
3400
5372
256
5383
6461
5680
1698
5762
4671
5786
2479
847
3664
6466
1609
6210
3390
687
4943
5018
6226
5049
1649
6337
379
5941
6221
1696
2489
626
758
5044
3460
4837
3310
4989
4469
6369
1695
1343
4353
2987
4015
2577
5166
941
944
2588
2955
2593
6921
2925
6943
1979
2901
4094
1004
7013
5493
4743
2683
2820
70
1192
5387
7112
2718
5232
4228
1161
1731
3007
2047
5097
1711
5109
817
3084
297
6471
4133
752
3660
1204
4739
7038
4126
1419
7022
6472
6444
5506
6946
5200
125
4121
433
1008
4088
3801
1036
1919
4142
4736
1603
1366
1364
1813
6295
1362
7145
4921
5251
2732
4478
7134
1378
5335
1516
324
786
1427
1866
1188
4732
5082
1604
6217
1702
5748
316
4023
6857
393
3917
3699
4002
886
6556
3228
4392
3708
6551
2983
264
5677
2444
4813
633
691
6867
5113
6666
5633
1693
5968
3225
5979
1460
4444
3475
1369
1063
2157
5989
1160
3988
3716
3764
3508
4202
5722
4003
3944
5951
6265
1705
5373
2171
5849
5114
5297
5326
949
1355
4083
5944
1216
4966
744
5576
599
1973
983
5106
5803
4045
4462
1986
4406
632
753
5040
5648
3806
1353
5090
6207
6205
3705
4125
1059
3704
2201
1787
4357
1039
5096
4309
1937
1909
4984
1167
298
2790
257
3106
76
2374
4727
2474
7054
1646
2520
2742
4587
3432
7125
6700
6474
6438
2391
6454
35
6744
1605
1600
2860
1496
102
290
2625
4735
6575
1515
6928
6559
4776
3236
71
6850
4934
6511
2965
7096
6574
1531
6042
6045
385
5231
2851
748
3290
3302
4983
3136
5894
2133
2200
1400
2796
2800
7094
743
5983
2459
6577
3751
6578
2174
5975
3227
7097
1306
4839
1068
2581
2475
7061
3802
3803
3805
6582
5872
3443
3828
1968
3981
4349
4403
876
1978
5720
5125
1767
4817
1980
2984
2020
160
1738
5692
2016
911
5681
919
4035
5658
4017
210
6914
4631
5637
989
4066
3050
3923
107
1601
1030
2655
2873
2795
3095
4827
5811
6748
6981
1022
1484
6732
815
2521
6762
3907
6978
6767
1009
1781
2528
3915
1436
4320
5763
5207
3892
650
1066
942
3340
2415
3476
3477
7119
6342
39
2755
1359
2306
4463
4908
6395
6278
3509
1521
5305
3653
5306
6206
4472
1350
565
7140
1831
1136
4980
3589
2786
1361
4285
634
6326
1628
4979
1397
636
504
4284
4461
3319
1927
820
2956
3893
203
5687
6430
1928
6208
1012
206
834
836
3913
5299
3895
1760
811
123
7127
4419
2659
2867
5507
1177
4246
6741
1567
3556
5323
295
5819
2769
6200
6749
4627
6201
3441
4482
7133
271
2895
1719
3002
3490
2310
6939
4772
231
1763
4641
6933
3435
4359
6338
4812
3437
7162
1988
902
6335
963
5690
5260
884
6331
1365
909
6782
5108
169
6968
4824
6410
1162
3055
1380
3405
2902
4325
5742
3601
5741
535
2575
3501
3005
2972
7166
4941
2202
6456
5467
4869
7093
6588
1618
1061
62
2719
5948
1798
5339
1641
2478
5945
3267
620
5382
5411
6121
1065
5344
3721
5225
4429
2413
3753
3754
622
4180
4861
3756
4975
6625
6566
2818
4441
4192
5966
2688
307
3688
67
3666
5236
6519
6120
5475
3641
3689
4959
1790
6469
3820
5490
5896
767
431
2399
774
6729
5385
7111
2507
5496
1606
2170
3808
3651
6124
6028
1647
638
4738
3148
4445
2481
747
6035
3709
7109
1859
6934
1103
973
4720
2620
4176
1098
1513
6885
6893
163
2798
4195
4283
1524
955
2714
4200
2607
5629
162
1880
2794
4226
1858
7148
129
4138
1929
5478
1792
1209
2682
2878
126
124
4259
36
5313
4308
5329
2730
5494
2666
2862
1491
4656
1826
2864
32
4156
2643
84
1226
4277
6945
1480
5235
72
4767
4223
5290
5581
2747
4116
7069
140
1118
4067
6967
5295
1119
1172
4144
6970
131
5212
1506
5514
835
742
6572
6557
374
5011
6550
1405
6007
3715
1403
1679
4557
6048
6049
6050
6054
6057
6063
651
6070
5016
3750
2164
3757
2122
325
3128
3131
5048
1529
3809
334
6667
3693
344
3804
5949
3161
725
1694
2153
4428
4562
1305
