2742
5782
5858
5859
3469
5818
5787
5810
5811
3444
5807
3465
1191
5815
5795
3027
6522
6489
5799
2782
4291
5812
3464
5792
2746
2732
5813
3462
3461
5803
5801
1651
5814
5808
5852
2501
2740
2759
5817
4281
5809
6527
3467
5772
4711
6466
5785
1942
1944
5802
5794
7146
5804
6179
6520
3774
5258
3259
3468
5816
3390
1785
5805
953
6780
2362
2764
5800
5781
3228
901
4774
4296
2748
2747
4195
5533
6521
1938
3156
6564
265
6818
6279
3008
2477
4619
6370
4124
4003
5819
3441
1231
4274
1190
955
4612
3827
6967
4454
2528
1229
6110
3020
5336
6011
5748
2984
4293
6278
3157
5551
4605
58
2741
6574
7111
5806
3824
6276
3222
2780
3000
3826
2783
1946
6782
27
5850
2769
5690
3928
3428
3225
1224
5696
3226
3227
4610
24
4146
1783
3621
958
5187
5788
3985
6813
3442
3415
4292
5798
464
2682
3009
4276
3396
2736
4618
6114
6901
3945
4006
729
3220
4122
3764
3799
5625
4021
1948
1947
1940
3154
6673
635
1943
6272
5851
2734
5779
5166
3463
467
2833
110
1025
1611
5793
1466
2789
6482
7162
4659
5767
1192
3489
3044
547
6932
5253
777
2258
5414
3625
6270
1463
4298
1545
4613
3416
3794
1949
5331
3829
3668
329
5390
3795
6577
6320
3797
3563
6563
3555
5695
7126
5498
6376
4294
5197
6715
2730
3152
7145
3466
6718
2745
751
2882
5188
229
2983
59
4510
2749
2763
4088
5821
4286
6923
4288
2458
2538
5771
721
4126
719
5434
1223
2472
4271
7128
7110
298
6604
291
2198
600
5857
1006
3664
6930
4125
6609
4975
4760
6626
540
5854
5256
5628
6566
3762
3533
5698
3624
289
3165
2456
2902
5198
2781
5180
5190
117
5334
4022
978
424
811
5448
3965
2743
7006
5228
2683
4430
3153
1221
4934
5196
282
3391
6269
3613
4439
1051
2144
6964
2819
5649
4197
4258
3372
3433
4145
3440
3660
4284
6471
1471
1659
6948
5796
5783
2209
6322
6426
4349
2913
1276
6557
1460
2735
5697
2533
2755
3562
3393
6441
6531
2536
1228
2503
5550
50
3094
3095
5305
5715
4040
5378
2327
939
1542
259
2435
1400
4475
3161
5328
3796
989
4458
6115
2461
6873
3091
5937
3665
6261
6785
706
6712
4611
55
5718
1564
724
1984
3221
685
1840
1351
4940
3777
1914
1917
4947
898
3849
5532
3460
6015
5955
671
3449
4273
3446
5791
1835
4272
1825
2105
3823
6268
5536
548
4128
1600
5963
3628
5497
6274
1005
4471
3783
536
6210
3786
3791
6200
5710
5490
714
718
1530
3818
797
5512
3821
3511
843
1937
940
3616
4099
4101
6119
5959
3584
1114
2331
2324
6995
2457
2315
5395
5397
4776
3223
7055
1091
6607
6606
1227
7083
1065
6565
5427
379
1193
3346
1453
349
2586
118
2885
1345
6858
2452
3028
5319
3036
4932
4649
2927
5323
1356
6772
251
5262
5249
2372
4837
2368
5248
136
280
3160
3163
397
2650
320
3410
3377
2722
1222
7141
416
6496
3414
2168
3399
1199
2739
2150
7156
420
3151
1278
5691
5071
790
6063
631
6046
6717
5472
1915
5514
285
1945
4420
1401
2738
2829
4600
813
6960
3400
3401
5181
2731
1929
287
6723
6963
301
1902
2382
6170
6810
5950
180
957
1348
4023
2480
4027
5872
4029
4033
5308
2459
1030
4491
6875
725
1468
4123
5957
4970
651
6946
5251
5827
772
4515
3093
768
5674
4140
3419
932
3447
4974
2935
5971
4644
4375
4371
3193
3554
317
6277
2754
7085
1188
3627
4257
5419
38
1181
4764
6271
4769
6603
2280
6267
3661
6273
1220
3492
1683
6366
5719
3527
52
4287
396
1455
1685
2194
1681
2654
3620
2196
3351
3509
5491
3614
6264
543
4477
3199
4771
5186
5394
1239
5234
3727
6204
1617
1405
2822
22
5789
2611
4299
7060
1993
487
4773
850
4939
2703
814
5288
4289
2592
6918
1682
2588
2951
5182
5184
1788
6907
2751
6877
746
5869
1339
5874
6900
2652
6899
4079
4376
5555
4075
1623
1338
53
5199
111
2919
4152
4295
147
5586
1609
2915
7080
5220
5056
5148
2906
1161
7048
4196
7133
2659
4149
1142
5257
1646
5272
4972
116
1641
1622
764
5667
4309
1619
7024
35
2757
2887
90
2926
4378
34
2555
2880
5648
6871
2022
4715
6570
2250
3244
546
359
4763
2270
4772
5411
1988
3686
574
576
4825
3790
2353
5511
3167
1932
4831
3183
3307
306
1402
2320
6173
6670
3195
3792
727
6289
3615
2192
2162
5445
6442
474
6448
3459
3398
4643
465
1040
439
5465
6474
1032
466
1927
486
6399
1015
3565
3561
4632
400
3371
2098
6525
1045
5483
3480
2095
6396
5444
6524
3810
307
6469
3007
2436
1357
6008
2393
950
6001
6840
5991
3970
5531
3014
1838
5986
5535
4028
1117
6821
3021
688
4005
230
1841
4492
4018
5530
286
1918
5892
4566
6865
283
6076
2454
6714
6721
3820
1877
3855
4886
3103
6733
4045
4379
4493
5315
1205
5637
4634
4505
4494
5311
936
4377
4392
4474
1347
1341
5471
5634
1637
5643
1022
1574
5446
1526
1349
4608
5252
4777
1409
5506
973
5503
979
4827
4835
5510
4836
4438
5152
980
1320
1603
4528
1630
1119
5440
960
4630
1194
1364
5133
5320
4710
1060
1601
5268
5534
5489
1454
6139
2227
6934
3455
461
3445
6464
3443
2120
6470
6444
448
6927
2143
2146
6494
3411
421
2505
412
2121
3369
2522
2924
598
584
2896
126
2554
1981
1985
134
6390
137
138
2911
6941
150
3600
6325
3581
6937
3087
2891
2191
392
3198
325
3197
2314
2432
3188
2329
309
3026
2340
3169
296
3162
3131
3123
3068
3076
258
3171
393
2306
6825
6528
2195
3299
5647
2484
2988
2479
6893
222
2265
3229
199
6867
6608
2282
6864
336
3218
