5809
1466
1191
5805
4932
6210
5256
3396
7146
2926
5807
5696
5800
5390
3399
1190
5792
2906
6011
1545
3464
5804
5785
3606
2919
5802
5253
1193
6499
6784
1468
4769
1985
2782
6477
1542
5794
1196
3090
2501
4566
3395
7162
3391
3945
6219
5858
6782
4619
4293
3259
3503
3095
4764
5799
3696
5697
2585
3009
5818
3098
5332
5334
5850
963
2915
5397
770
5760
5791
4128
3007
3615
3625
186
1424
5018
3786
5806
5314
1199
3398
2270
2238
3390
2589
1984
1463
1195
3091
3621
5782
5258
4281
3600
3393
5695
2911
1335
751
6563
568
3225
5751
4564
3394
5859
2176
1355
5803
6479
5551
1342
5262
968
5854
3616
2694
6729
6539
2780
2971
3850
4122
5177
1460
3094
3093
1865
5707
4257
5796
6867
3827
5798
2528
5252
901
1047
1467
448
5700
3461
876
4123
2899
3785
4612
2459
579
3415
6362
5634
6024
7057
3468
5691
6026
2637
3780
2688
3027
2659
600
5523
6622
4462
4616
6346
2972
3787
5056
2173
5808
3788
2981
5623
1464
4763
4941
2958
3628
3624
5851
2783
117
3459
2781
5648
2788
5512
1192
777
4743
3465
6466
2902
1946
224
3377
1462
2742
5793
1461
1197
962
2109
1541
1928
6565
5815
3397
5303
5331
6371
2657
1543
5954
3379
5637
960
631
5998
2979
5251
6970
4088
3290
6960
1372
7126
1912
6494
1194
5795
5509
6275
6498
1981
5813
6978
4291
5787
720
6278
3466
6478
6419
4405
5072
3006
3417
1348
4163
1350
1351
5022
4195
5771
3507
4399
4464
6761
4934
6780
635
3926
6198
2362
2452
2368
1611
1651
6777
6374
4334
2836
966
6474
4943
3949
1943
884
5100
6012
2586
4473
6606
4253
1864
5991
5196
2170
6279
5986
5012
1944
2699
1886
2524
949
4261
2741
4274
6695
953
5259
2355
1918
6272
4711
4975
5248
5037
5249
3000
3818
1490
3451
5515
6818
5516
5772
1034
7141
2907
3441
1161
5387
1167
6965
3436
3426
1465
2908
5790
239
3457
2
5316
3371
3021
2956
5810
2951
3851
3014
3853
5626
1142
3692
3849
3784
6651
180
4407
3668
3469
6649
3050
3699
3487
234
3698
3789
4771
846
5992
6020
6608
4200
1829
3024
2458
5036
3012
4313
5058
4138
3172
1806
2654
6491
3004
6212
772
4251
4349
1469
6261
3774
6216
6471
6531
1347
1378
6267
4258
2909
2382
6728
965
3660
5855
1913
2897
6395
6325
1224
2178
5947
5335
4505
5699
1118
5293
4585
3374
6778
4582
5649
6785
1945
4294
5506
2484
5526
4948
2715
588
2913
5394
3268
3444
2106
2108
5620
4443
6420
6863
2340
691
4991
961
2917
728
3025
130
3666
4312
3664
1937
3626
814
1948
1947
4938
5767
1410
6783
3618
597
599
609
1221
2171
2172
1222
4467
5628
1225
4615
3414
4596
1231
6361
7125
7006
3278
3458
5507
5759
3603
6481
3560
5519
754
2061
4401
1343
3501
3236
3467
3463
729
2364
4956
6947
5199
941
5391
3368
5236
2695
2959
5395
5216
6654
947
2975
2683
5997
5190
230
3783
223
3781
5114
6027
918
1085
4012
5255
3855
1581
1618
6772
2827
5274
5272
5265
3924
3824
1025
6842
1040
2769
5955
5257
2923
2927
5959
3826
5852
4124
320
4125
1825
6924
4165
6609
3028
1850
5023
1861
3762
6591
3683
2517
167
4272
486
165
6968
6574
3856
6621
3753
6916
2617
6918
5097
3005
1796
1103
1544
2027
1046
967
2174
969
6316
5812
6217
1360
5781
5372
1419
977
5701
5313
1260
6155
1601
5461
5811
5514
5899
1645
4595
5328
5946
810
5275
5304
5704
697
5127
1681
723
2107
786
903
5816
5159
1398
2101
4718
1381
5833
4761
5788
4768
1051
937
1857
5099
5956
1949
1513
2126
1880
5503
2124
6023
2003
1989
6273
5708
948
5011
4971
2306
5689
3863
2882
2894
6812
2896
4392
2904
6841
269
2924
4408
3868
2383
2376
6893
3778
6912
3070
3684
160
3092
6979
3662
138
2978
2854
2843
4321
6597
2532
2533
4208
2503
4284
4287
4098
6546
4296
2682
2689
2697
6656
6375
4013
4011
4314
3950
6715
2798
344
6753
2831
2839
3131
3136
6458
7042
3594
3454
6390
5
3527
3363
3270
3566
3462
2326
3610
3509
3612
7079
7073
3614
4558
7161
3367
6998
3416
3428
3423
4015
1675
943
4026
3295
1418
5584
3281
2746
6701
3420
6716
3260
5951
1339
5922
1632
945
1198
6645
6650
5676
3
4255
6607
5040
5043
4196
5079
5667
1798
4127
2613
5109
883
6631
2636
1269
5129
2650
2652
6015
5158
1747
3360
1185
4045
4043
5213
5300
6779
86
2963
1495
5826
1158
3569
5817
232
2996
3002
1380
183
3689
3601
2955
3687
3608
3078
3088
110
6974
3096
3671
1395
5490
5776
135
118
5766
3685
3502
3565
2952
993
5732
7048
1417
1579
1573
3506
5739
2895
297
2900
5339
1553
5839
1356
6832
1358
2912
6846
6849
1041
1168
5376
266
1056
2925
2944
6595
2905
475
944
1988
4588
2489
1942
2372
4949
1974
655
1940
1938
4431
2331
6533
4620
4315
6218
4310
2487
2100
4402
4632
6469
4309
6234
4404
2477
4766
2472
569
806
2214
6357
4400
6439
694
5687
2168
4700
4318
4676
4659
4898
2000
4678
2267
4581
6274
6379
4583
590
6580
4445
2356
4336
1983
2500
2509
1612
1349
6342
4865
6470
6384
3858
5308
5733
4793
4786
4332
2445
1169
6326
5883
4799
2893
6344
294
309
5336
5878
5320
6472
1588
1604
4377
4839
6213
4817
3859
1563
2016
3504
2028
2920
2961
1359
1098
2360
589
4698
3681
4651
1106
5764
1144
6271
6967
586
150
3620
2146
1434
6277
3622
6991
2121
595
4437
3132
2127
2352
6270
3715
3726
1165
4403
1520
5381
1517
1514
4767
4475
1364
773
4465
7039
5398
5823
2328
5399
2983
2103
2984
3782
5429
6319
2366
3020
3022
