5810
3469
5811
2742
3444
5859
2732
6522
2759
5795
5787
5782
2736
2748
5792
2746
953
3465
5851
4711
5434
5858
3764
5813
6948
6923
6114
955
6520
4454
5625
5814
5326
5794
1191
2747
4618
959
5816
6934
231
1631
950
2741
3410
951
5817
6673
4028
5803
2769
5698
3511
1231
5819
6521
5801
2740
2764
4277
2144
3774
4291
2730
989
1239
5799
5818
4025
5331
1514
5815
5772
4021
5808
2734
3587
5228
6574
3027
6938
6925
6268
1947
1934
7141
6111
3461
6179
2782
2738
3464
2753
6944
4195
6528
6527
2744
2306
1900
6115
7120
3462
6092
2829
2749
3199
464
2731
958
6464
4661
901
1526
3928
4022
1453
5785
2258
5435
1201
5779
5194
5986
2739
6525
4566
5222
4662
1623
6234
2965
4664
1641
4368
1927
3460
4667
7093
6756
6918
6337
7089
6921
6916
3752
1930
1932
2735
3777
5533
1494
3581
1243
3415
6206
4960
2682
2761
4774
4666
980
3372
4781
2121
1471
4458
2935
5258
5957
4797
5855
2754
3299
5320
2750
4484
1512
4637
5042
4029
2766
1823
3447
3468
2480
957
1829
126
7081
6119
4605
379
2291
6604
1622
3467
4669
3489
1629
6930
6900
5180
6969
1192
2238
3441
6943
2297
4533
4536
6915
3463
3446
5802
2239
3103
6112
2292
5190
4941
6202
2250
5850
6939
6225
1497
6221
5852
5261
3671
58
3156
547
2789
1796
6469
6292
5980
1651
3677
4715
5439
600
3913
1649
978
2743
2362
2483
888
2490
3518
1547
5607
7087
2756
4625
1030
4979
2036
2513
2294
4217
4020
2745
6927
5789
4027
5336
5186
1279
2554
889
5188
2020
6908
5812
5579
5526
979
3416
618
3914
6841
3916
3443
6875
1828
7146
6883
7145
4481
3985
1517
1935
4556
1936
3472
5567
4428
4275
4613
391
6902
1783
6404
4426
5431
6891
7053
5797
6113
199
2194
543
6191
3011
7000
3314
4157
876
5748
510
3562
5872
237
6961
3682
4686
3679
5728
3003
3627
5781
6773
5144
1937
3945
4429
1475
3134
265
1938
5056
3475
6338
3381
5725
4831
2826
6096
6611
5272
954
2278
2545
6780
5824
6272
3215
1495
2270
1266
2477
239
2681
5166
6777
5225
2790
27
1509
7144
7142
540
2788
963
962
956
1928
5551
6519
2257
5262
6903
2520
4254
4989
7080
3763
3031
5323
2887
6922
6772
6924
881
4934
4016
5793
5055
335
6932
5688
332
1158
2437
6279
5044
6534
6920
2552
4427
2927
4984
2640
2095
3373
3195
3685
2757
2751
569
3686
3310
4192
6566
4191
4742
5310
4532
3297
5196
5054
3411
1278
4558
3313
6009
5024
4505
5162
2467
4983
1455
3340
3198
4553
6110
1366
1229
3135
1262
6065
2293
2290
3401
6775
4298
6835
5071
4477
2296
1246
4444
5157
301
6006
4113
1491
3795
6321
5237
7122
1637
2821
4665
5562
3614
1933
5223
3585
2984
4651
7085
5740
4190
7102
783
3665
7097
7084
2882
2019
4011
2889
5660
4710
1721
3728
3726
919
5681
4056
4066
6278
4687
871
3673
198
3668
3012
2191
3918
1188
5472
4258
3911
393
4276
6123
1522
5807
5
1511
4281
982
1204
6117
4564
1498
4296
3466
2589
2752
329
4214
6914
2620
336
338
2615
316
4799
5187
7160
5804
3917
1902
5774
5189
6370
974
2501
3211
4762
6008
4798
1291
2825
2470
968
6410
4776
2783
3189
4561
1048
3015
2625
764
2556
6131
1223
3014
4949
4615
4614
731
4961
4599
4569
4621
4759
6541
2652
4503
2910
2928
6276
2733
6466
2646
6274
1264
4838
6265
1261
2686
4975
2939
3153
986
6816
5705
5291
1493
3414
1490
1682
469
1688
3688
3390
5853
7037
5316
6799
5869
5644
136
3770
3773
116
110
7091
6782
2353
2368
6877
6995
424
6994
4196
6947
3565
2192
5203
2210
6958
6933
4215
5790
5791
251
7095
1624
371
235
6909
1632
3502
5232
4247
4253
4272
5722
4274
5721
5806
5080
5749
3315
5045
5437
1340
1944
70
3814
7125
2426
5987
3854
6734
1825
5558
3851
7133
3307
5473
5041
3790
7108
5586
1969
546
5587
3988
1630
2961
3887
998
6195
234
7163
5492
6531
4193
1822
1813
2702
2715
6267
4790
3852
4146
1848
6518
1140
3582
3915
2441
6204
973
4182
3589
3904
7140
2654
2147
3597
816
1119
3876
1621
6232
3858
4793
4655
3829
4836
5301
6325
1702
6192
4689
5328
5329
4782
5649
2038
84
5630
4008
2021
2883
927
6419
1043
1042
7088
3776
6413
7094
1949
4118
4057
1693
4835
50
52
4784
2120
5413
1077
5264
6467
3660
5703
5268
5271
865
7126
1681
6461
2822
870
2775
2774
1691
938
1697
6002
4176
6945
5133
2327
3133
519
6785
6099
6787
3118
1459
496
2557
2798
2280
5127
2569
3417
1209
5821
5820
4285
1504
3442
6592
3068
1202
4279
4600
412
1492
1521
2542
665
602
6715
3225
2459
2461
613
2432
5988
6743
4424
3193
6677
2484
6088
6753
1360
4420
1364
2498
5983
4501
2516
4987
5048
5050
3161
2525
3151
3190
3061
932
4218
3510
4947
5771
3017
3512
3514
6557
6128
768
5798
3020
4636
6152
2611
4610
6926
3517
743
6560
404
1155
4197
4612
734
5809
392
6893
2629
1293
1852
1943
2167
6193
5573
1365
6198
5738
5981
5220
6323
2198
6005
2512
1785
5726
5047
6210
5994
6013
6339
1835
5006
1339
997
5198
6199
1827
6035
1352
1838
1353
2478
1357
1004
5040
1821
5584
992
2481
5199
4898
2207
2488
2780
2624
5445
1646
1273
2197
5684
2555
1707
5230
2285
5158
2244
5838
2683
1684
5829
2295
1189
5690
1108
2688
5266
1074
1206
2703
1638
1092
2253
4833
1085
6116
5672
2068
5670
2651
1129
1967
5227
5602
5966
5951
6085
5107
1620
5132
2656
1988
2331
1428
5892
2022
5628
4943
2026
2029
4972
1237
4891
2046
1625
5857
5049
5676
3584
