5815
4296
3027
4291
4292
5799
3020
4299
4298
4272
5859
3026
3461
5818
4295
1944
5850
4290
4287
5785
4261
3469
5782
5852
5802
5858
5811
3468
4297
3774
4260
4293
4269
5787
6932
5801
3464
4294
3414
3428
6621
2742
1289
4267
4265
5812
4266
3028
6607
6780
6370
3259
3022
5788
5807
5816
4286
1651
5810
2734
2740
5814
5854
6650
186
5817
3465
2927
3463
6901
1942
1943
6267
1288
4268
3029
4475
6596
3024
4281
6522
5772
4327
6940
2315
2769
5266
3467
6965
6645
183
3023
4104
3906
6564
3985
6883
5771
5281
719
6603
4100
3668
6375
6563
6278
1802
49
3442
6520
2935
6627
843
3459
6654
1223
6626
1940
6601
147
6631
714
1189
2362
6745
6606
187
1631
185
3902
6595
5959
5805
803
2436
4828
265
2746
4826
6590
6655
1947
3415
6659
6657
5789
2460
6649
184
2638
448
6936
2738
5197
1283
6803
415
1949
3444
6715
6624
6046
5187
6636
6635
4822
6651
6629
5809
5813
1637
5957
1630
6527
887
3904
6608
2301
4605
2699
6633
4939
2608
3903
3441
764
6623
2652
3390
6620
6602
5196
6486
1509
3446
6639
423
2336
4975
3771
4196
6173
2422
2472
43
4776
4274
6880
2347
6782
6200
3346
6255
4606
2636
1128
5434
6609
536
1178
5647
1657
1945
5748
2706
1470
728
4903
6593
182
1514
5498
6628
6592
3665
4558
3679
2306
180
2748
6329
1337
3579
6693
4973
3466
2735
5366
6960
6612
6656
2435
4138
5971
7149
6376
3359
2877
4787
3832
2144
1765
6923
3172
5956
5024
6489
2467
4947
6428
3729
973
720
5878
3663
6967
4580
1191
1807
6613
4538
6323
6373
320
1339
5041
3826
4820
1285
3909
1948
6658
872
4359
2368
4074
5644
7095
4209
7139
4825
6611
6679
4402
6205
44
56
797
5263
5272
58
2980
2172
6269
2637
5648
6632
875
4932
5288
1623
1635
5944
2600
6036
2926
6772
2919
3900
6605
2592
600
6600
754
1825
1273
6015
718
3654
2025
6599
2483
4117
729
1109
2604
6484
306
1231
6704
3692
34
574
117
4309
844
5690
118
2323
188
1533
5190
4893
2105
473
4583
6637
4393
2997
406
4523
3447
5855
5336
3416
6728
1181
1143
6261
1205
1636
6297
4769
3171
1224
1229
5649
3462
37
39
441
47
3369
1783
2985
5036
5328
2732
2465
3077
2461
723
2771
5009
721
5394
1334
5008
2744
2427
4553
4827
6619
3302
4040
3016
1371
5950
5509
2307
6926
6031
252
6647
2146
6273
5001
4049
6467
5800
6813
4392
5533
2023
4823
181
5449
4582
3959
3674
2538
4276
1272
3777
1734
360
4821
1483
3228
6617
5463
2021
1278
6610
702
6429
5551
1132
4601
6618
1883
5683
727
726
5285
3408
6515
746
3281
6604
3096
6279
853
548
874
6729
4588
3008
6641
6357
3211
3216
4398
3244
5667
4659
4626
6469
4533
811
5706
1785
6706
6347
2345
5261
611
2279
6360
2936
4401
1025
3067
2939
6591
3294
4711
6307
879
6500
6497
3062
6383
4409
6584
1892
2267
6570
658
6653
795
1108
1033
2852
522
3666
3664
5986
2635
223
2141
4102
2646
2456
6919
4901
2430
5516
5792
2741
1331
3565
4860
4829
4224
3536
3533
375
379
5363
5747
5173
5354
6877
2834
2617
3671
3855
2090
5056
7142
1641
35
2095
48
3924
2477
1578
5808
1653
1675
3788
5465
3752
5006
5920
3998
136
5948
5951
2593
7048
2596
2024
2602
1654
410
6508
3460
1946
1221
6268
2870
4289
2874
1222
3427
1938
2902
474
156
2124
2601
2027
2020
5794
1188
1202
2611
1145
1829
5234
5795
3108
6758
768
769
4991
1757
4974
2018
6614
4420
6026
706
707
2945
2143
979
6937
2004
471
716
3652
4092
2134
2632
725
2876
732
3673
6594
6615
739
4992
557
1526
3225
2102
893
3219
7137
5399
4730
3166
889
38
3421
32
4736
5054
6277
6526
7145
5071
5264
4510
5418
2082
873
3931
2528
4477
6548
2314
5000
3429
4323
4541
1543
109
4539
5393
5890
3969
4995
796
7099
3778
5879
1561
6473
3784
3235
3954
1180
2533
3425
5022
2145
259
5212
2423
6692
391
6139
3492
6806
6652
6805
6371
6873
2325
6179
2749
2747
2843
5712
4348
2970
1715
388
2764
3527
357
4819
2853
634
6675
2411
579
3048
5188
1805
2227
3495
2810
2766
1320
6801
2811
3011
4395
5781
269
5579
3614
4904
2984
691
6640
6630
2983
403
5308
409
2829
5774
4301
6646
3610
1244
6889
2730
3597
4940
2988
3087
5199
2987
1573
1185
2487
4531
6265
1281
6202
1627
1045
1158
5819
3154
6181
5851
6496
5665
4534
4517
6194
2981
3021
881
6266
5183
5078
6276
6504
6343
3007
877
3156
3153
2958
5803
3040
2606
1673
1713
2609
3064
4581
4891
5980
1707
1133
3071
2871
997
4683
2712
4899
2634
6087
6085
6014
2705
2703
2685
5780
6274
2452
4944
6030
4766
4824
2934
2932
4535
6459
5198
1750
1300
2303
935
1835
1774
5716
6159
4555
2780
1114
4997
6439
1147
1518
4616
2759
950
2582
5941
953
1330
2310
5213
6135
4568
5184
3233
5444
2239
7068
266
3669
3970
3834
45
4263
434
6642
3267
532
1967
3543
4373
3341
3251
3436
3615
6907
6783
6565
2173
3250
767
5282
6622
4430
3418
6682
3945
4282
713
3625
520
76
4273
2150
6616
7072
6687
2181
2013
5302
2258
116
6818
763
4435
337
6935
4473
3222
3569
4338
3860
559
2244
159
3204
6670
3963
3201
3691
475
6884
4019
5265
6521
477
6511
4192
2029
300
4191
240
4045
3686
5416
463
6930
6727
639
3779
3762
332
3999
3561
467
814
5584
6634
3851
2218
818
6561
1632
5502
2170
3458
2123
5340
501
2647
6764
2889
1208
5724
2883
4752
5348
1204
6264
6941
3433
412
510
1144
4340
