5825
5827
5822
5823
1703
4497
5820
2564
4842
6933
4498
4495
5660
5666
1701
2886
4496
5872
235
6905
6807
6566
5824
4847
6916
4492
2681
5439
6122
3319
3314
7148
2188
6931
5237
4846
922
6904
4849
4989
5445
6536
5656
5668
3523
3312
6966
4845
6911
5665
2560
6947
6928
4547
6924
2185
6739
6926
5821
6934
5828
6914
1936
4548
5662
3288
6938
6939
1803
3256
3528
2686
5667
4490
4201
5576
1700
3316
6990
6969
5989
5994
3310
5557
1932
6929
6922
4746
4841
5180
5222
6120
6925
2639
6918
1937
3744
882
4066
4835
2542
768
6003
5571
4444
4213
3757
2616
1708
2194
5207
5443
3527
2023
5552
511
4768
2449
6672
6531
3186
3188
6902
6677
6948
1388
3088
1186
1324
1706
5770
5675
1707
929
6910
3753
4830
5005
1790
5075
227
2182
6539
2180
5452
3766
1450
2636
1705
5869
4154
7136
3391
2316
6943
307
4765
2802
6920
6234
5829
3151
5239
2559
5174
6800
6128
5370
5436
3190
6946
2444
3578
6676
6945
5152
4802
5087
4790
4064
4840
958
2288
4744
6908
6923
4848
6927
4879
3841
4546
4543
6957
6961
4540
2888
2191
3326
5550
3525
2876
6451
1933
7016
1360
2684
314
3450
2738
3411
2798
3337
1454
3331
3526
5652
6949
3575
6568
2653
2297
3423
6921
4757
4762
1453
3318
2567
106
2024
7013
2826
3451
2633
2086
3580
4669
4128
4648
5553
1456
6085
4446
2546
1458
5993
1497
5711
7141
432
3220
1998
766
5880
6219
5863
2002
1562
6965
2263
851
5655
3249
5088
1173
848
5653
5080
3180
6804
6847
5232
5004
2820
1807
3821
6900
1282
5448
5577
6713
3534
2262
2597
2812
3878
1849
2605
4961
3325
2805
3102
3332
2675
3229
3155
3336
3080
2566
2745
3290
3185
3660
3081
3101
3191
3100
4053
3313
4042
4029
2594
3548
3681
2918
5804
6719
5492
6718
1876
1187
5574
5575
5578
6560
5658
5663
1738
5782
6530
6280
5813
6471
139
138
5856
6452
5859
5965
6002
6398
6113
1455
114
6213
6215
150
5406
6724
6853
2445
2442
762
4481
5
4542
4650
2325
4797
12
4799
855
2286
4843
5393
20
6941
998
6944
2196
4960
4998
4977
4978
923
924
999
1032
763
993
2880
2807
854
1274
2806
1192
1231
917
839
1370
2481
1393
2207
2613
2222
2598
2260
2278
2198
2285
2287
2577
2357
2362
2368
2393
2593
2181
2621
2163
1457
2768
1619
1641
2446
1719
1825
1873
456
2673
2670
1938
2068
2128
2916
587
3584
4216
637
5556
5792
6503
90
4184
6534
4180
6569
6641
5300
5333
4022
4012
4938
3690
5847
6903
5006
6351
4935
5991
5990
4844
4834
5997
6108
6112
4738
4682
6119
4607
4990
4993
6296
4441
3677
3787
5654
3358
7037
3242
3223
7072
5479
3183
5457
5511
5606
5585
3036
3033
3021
5525
5573
5519
5671
4939
3529
5670
6997
5456
3368
5657
6962
6915
3565
3561
6913
3538
5674
5669
5774
5783
1669
1823
5816
1596
5661
1597
5784
5845
5624
1709
6395
1459
932
6950
6964
893
6998
7014
7094
837
809
769
7115
7117
7121
7146
761
938
1479
6912
6891
6217
6220
6295
1391
6376
1384
1367
1366
6403
6417
6437
6809
1171
6810
6817
970
5539
2917
5534
2648
3598
3672
2626
3750
3873
4004
4061
4087
4113
4179
4182
2553
4195
703
2525
2521
3581
2498
2676
3521
2935
2911
3109
3150
2873
2866
3161
2822
3187
3192
3323
2786
3364
2767
2753
3442
3472
3524
1935
4300
4303
5231
2183
5340
2166
2164
2929
2145
2143
5441
5453
2080
2031
2004
1993
1970
1966
5526
5223
2468
2189
5015
4396
4422
2443
4443
4448
4491
4541
4661
2296
4752
4832
4931
2264
4953
2232
4954
2195
5022
5412
0
585
405
316
112
226
220
222
508
221
5867
5523
2881
6906
4573
5676
1731
4932
5819
2547
1740
79
4700
2551
953
3182
5817
2563
4957
857
2718
4082
5322
1875
3335
5400
3333
3329
5238
4729
3315
6129
5497
4963
4996
3977
21
5641
4999
4090
5355
6826
844
2915
2606
5521
2239
1661
3005
2629
559
2132
5970
4831
5776
4812
2973
4798
1775
1638
5914
2952
6729
4549
1593
472
4791
7031
4864
6968
4189
4545
6005
319
4544
4202
4851
5261
4212
2912
5999
5987
3107
2596
313
5986
3960
6538
5531
3601
3771
5572
3779
5485
1352
3781
1712
6917
353
6919
5849
7132
6932
2804
1373
2815
1374
3402
2001
2788
1193
6301
348
1948
2235
5546
3676
6907
449
512
7159
2334
646
2266
6396
2267
1714
3756
1942
5537
1099
6626
4664
5139
5851
3818
3456
4609
6554
2440
1431
2218
4605
2057
5517
5263
861
983
3412
375
3410
3409
3407
5619
3935
5055
2658
5060
6405
688
224
3820
2361
3530
5314
1142
5079
2045
3831
3848
3843
3845
5515
4667
7114
1188
454
1723
2736
5789
4665
1730
2668
5798
2707
452
2019
4806
5008
5033
6784
5234
1900
5592
2392
2385
5094
5136
1140
1008
5007
2229
5150
1913
5579
6563
2302
5567
5562
2282
2269
2265
1029
2259
5146
984
2448
2455
2190
1793
2623
1795
2607
6513
5522
6732
5713
2589
5703
4862
2193
2570
519
2199
955
4930
6822
4937
5245
5650
2491
4987
2204
6808
4992
461
2765
1211
5841
1396
1399
1996
1422
6419
2049
3452
3448
3447
5409
3915
719
3417
3406
6191
3389
734
4096
3264
6671
4055
6172
6177
3842
381
3354
3361
3362
377
3980
2065
4002
3833
3828
5431
5446
7145
3758
5447
7152
6364
3614
6367
7163
3650
2008
3696
3695
633
7160
4097
3613
3774
5486
3532
3535
6258
684
6608
3611
6271
7130
1371
3785
3784
4
3583
3789
2766
3247
4123
5968
131
5949
1634
5924
2949
5899
4494
4499
2933
1968
2914
5883
4558
6963
849
5882
2800
1704
1702
5455
2829
1697
4118
