5081
1499
6737
1136
4363
5428
1992
2234
6736
1515
2133
5421
256
1513
6457
4866
7043
2384
2138
2058
7037
1413
2981
5261
895
4784
5350
2938
2154
7124
1487
2982
1517
6064
5217
3051
998
5729
532
1035
2090
6459
5359
4587
854
5356
4327
744
73
2132
1361
5215
5915
2813
6739
5082
1050
5264
743
6507
1724
6350
6186
2471
5084
5723
823
5216
4780
6153
5213
1578
5274
375
6158
1139
361
5893
5898
997
6793
2304
5849
5688
4362
242
5088
3490
3110
2921
4415
2541
6342
4562
6523
2655
6167
208
207
259
1997
5728
3550
5764
430
3499
6152
5211
1362
1586
3219
3053
892
893
2314
1660
6768
3117
4730
6056
3234
550
5409
2723
372
4694
7105
6083
6576
2149
2553
676
7000
519
384
809
5128
246
2112
251
300
4626
535
5357
2137
3407
7051
1258
2215
240
6313
5092
1271
2466
798
610
376
1149
1744
6505
4731
3960
5938
2151
4861
1908
4239
826
311
96
1365
2539
1644
3069
303
4447
6749
2508
6541
4693
3825
268
3497
4114
1996
3185
3512
1524
3959
5422
2837
2306
6264
5401
7042
5071
6188
6359
1254
2473
1027
3384
4892
2811
6470
3635
6970
2529
5894
1205
6801
5425
3026
1990
2153
2134
3726
3954
4494
4322
5212
995
4265
2020
4174
652
3054
451
5724
3061
5727
1708
6104
3056
6614
6765
5998
2147
3118
1694
2343
5125
6070
7053
6748
7077
2985
1130
2124
3614
6760
5677
1746
200
4584
2144
388
1538
4921
5208
3938
6299
6043
91
89
5583
5019
2210
5608
331
2980
7007
1325
3437
1259
4728
6291
319
775
5493
1061
677
4673
6484
2148
558
4406
2919
1740
5205
5031
1412
366
6508
5123
3405
6486
4765
5685
1138
489
2218
44
2737
3307
6994
2142
6309
6559
6079
6515
1201
4380
147
3402
6734
4446
267
533
5351
310
4325
6157
6798
5355
1518
2635
839
2171
253
1189
4364
6347
245
4753
2115
1554
3059
6171
7047
6519
2155
6343
3725
3170
6087
1132
767
6300
5326
275
7091
7089
5744
4621
6345
850
5382
6955
201
1852
2898
3551
4826
1184
6109
2036
3978
442
1251
1328
2516
3406
6305
5589
2543
4118
4625
5433
531
1366
1323
769
2152
5592
1344
3302
3017
6978
390
3492
5882
5548
5015
6775
114
2414
1856
2417
148
149
624
1657
3911
5743
5353
1577
555
6436
1187
1570
5647
4218
5949
5159
6414
3082
77
1757
6578
6042
5283
4675
2397
6762
1720
933
31
32
937
5673
46
7118
4925
3112
5988
656
1801
654
5978
75
859
5239
1576
1105
3885
2988
5926
3857
2131
1920
5609
2136
3193
3194
2052
5077
802
5899
355
6982
377
4238
6182
255
2072
3552
209
3633
6735
4233
250
3946
1208
2986
3952
2071
4629
2398
2345
4295
2974
2387
679
6351
6844
6338
2470
5091
6337
2050
5142
2400
2051
3826
1133
1261
2067
6730
4102
653
4103
6799
4073
6340
4351
5201
6448
5791
2399
2092
2380
4729
6334
6134
991
5358
7054
4220
996
3168
203
3559
214
6529
4627
2645
230
5741
231
4231
1510
1509
6173
260
3382
512
2931
4236
3383
6183
6185
1481
291
232
5389
5963
1602
6041
6044
1771
6055
2236
1714
2950
6005
56
5984
5981
902
898
2248
3057
3935
1661
7104
3721
5693
3913
1649
6089
3065
2955
118
6626
5721
5722
1605
5974
6187
6433
307
1976
2001
755
1067
4766
6288
6289
6966
1380
1374
3301
6317
2316
1473
432
759
2150
6500
6296
6306
4899
1999
6302
3013
6684
6318
2860
4108
6847
2159
2598
6202
6673
6482
1402
3963
6509
1039
2105
795
2488
2489
6984
797
1416
803
371
1410
6487
4631
923
768
765
2146
5773
899
3350
6483
6555
5127
4321
6615
4908
5593
822
3665
4443
825
4335
6674
6675
3876
4458
5607
2175
6705
790
6441
5642
5604
5646
6743
864
868
4906
5600
4034
2256
2385
4448
3364
3273
5617
5977
672
1922
296
292
4242
4720
1484
1491
3953
272
1925
2810
263
6177
3904
6174
4613
1526
3553
3169
7045
264
6155
1926
317
6298
6297
6945
5214
1360
4262
4960
1368
1375
315
4432
2557
5429
4739
370
1414
3199
673
4733
3961
3974
3158
5950
7056
72
1678
3595
3597
3931
1686
5026
3627
49
74
1709
5296
1780
6060
6021
5267
5033
5276
6040
1749
37
5975
2720
3126
7059
2680
5352
1584
5962
3140
1853
1610
6103
5331
6099
128
6097
1844
1628
119
5014
2707
1633
1831
99
3815
6303
2838
3495
4931
6372
2064
1232
4493
4651
571
3496
6382
5494
6812
2468
6349
551
537
534
6341
1276
3239
3653
601
2438
5098
6423
650
6769
3657
2889
3258
3444
2412
1182
6791
617
5540
5528
6794
6795
2078
2434
2878
6841
5087
2995
471
4768
4656
6862
1334
5085
4113
6316
496
6308
4767
2486
3891
2028
4499
5464
6283
3066
2079
3019
1983
6330
1629
4898
5086
1627
4369
1623
6506
6312
2073
3250
2156
1815
1186
1675
6497
5096
2098
1156
4393
5034
1726
5038
6059
2113
5858
3088
4927
6061
1173
1177
1178
1369
2110
1192
5684
974
3971
981
3733
6211
6207
3951
1264
1266
2040
5920
4891
6510
4624
3183
2167
1490
4893
1456
5921
3233
6339
5925
6485
3189
1273
1897
3901
1527
4429
3058
6315
4440
3909
1580
2993
3148
1955
4939
992
5948
3052
5940
1551
1891
1952
6156
999
6225
1531
4628
2157
1109
5682
4828
4699
2368
6733
2371
2374
4561
4800
6744
3513
304
2396
6763
4084
655
5547
2407
298
5400
2416
5541
4578
7095
2357
5403
379
76
3591
2313
6685
5218
4635
4467
87
295
92
320
2552
741
2599
3408
6704
397
2713
108
93
817
146
616
2474
6837
2477
6840
2478
3473
2656
206
212
3493
