5832
1620
1076
155
5831
4628
1070
2240
1079
5835
6223
2246
5830
4513
4512
6406
7021
3346
2241
1077
4514
1626
3298
1629
5836
4511
2672
6401
110
2675
2674
6160
5349
6220
5672
1625
3867
1622
2678
6233
482
177
196
1788
7156
3556
1381
825
1621
1055
6854
2679
561
152
7158
151
4647
2247
5478
3345
4645
4320
5834
3293
920
2100
3617
2242
4517
4128
6230
7023
2081
4597
3626
4633
6226
2663
6062
3869
3610
4705
6787
5833
5154
5446
4249
669
1101
6231
5312
5837
663
5518
4518
3857
5348
369
1382
5029
3989
7028
61
7027
3289
564
378
4510
6222
4644
7019
2575
608
4652
3170
1177
5496
1386
609
6151
5963
5969
1627
4125
562
2398
3294
5558
4708
4672
626
3176
6532
3478
1867
2819
1347
5067
830
3623
3864
2917
4208
566
4156
5935
5115
1856
1783
1782
606
3829
6325
1425
660
5033
3863
220
222
5561
112
2106
1598
1459
4643
5027
1310
6289
3551
1552
5839
4649
6335
5319
4468
5023
4382
3388
1230
4459
6517
5848
4519
2077
603
1595
3860
1075
2912
5148
3285
68
70
4702
4659
5479
567
2428
5512
153
2396
1566
3479
2431
2430
2916
986
395
1589
5345
4918
4089
1062
5202
2844
661
6070
1882
5451
5900
5077
1594
2390
2062
5119
5727
2395
1596
4515
2458
2245
1889
2883
6032
3620
2243
4367
1865
5960
6235
4174
1214
5845
4654
985
4579
6217
5660
6512
1213
2911
5392
4164
628
2160
4650
1172
4703
1420
4078
6311
3583
1925
225
6723
1899
1387
4120
503
1078
3619
2435
5026
5499
4256
5318
4642
1063
3787
6438
5974
6227
2244
6224
4916
6221
6214
1072
3970
6237
5424
6291
5020
6147
6309
2418
814
4068
6061
1884
5925
3002
1886
3232
1150
5469
1786
4959
5069
5473
6005
6068
6511
2547
3988
1590
116
117
6570
4700
3886
4704
4336
4646
4162
1998
6648
2262
2050
1573
8
3296
5259
3880
5084
1624
2085
754
833
179
1234
4107
4653
3745
7
93
7150
2537
7004
5171
1432
1292
3889
1606
6535
1965
5745
2915
5559
6010
2200
3842
1599
1176
5582
4709
6213
7121
2076
3609
2078
5061
2072
6238
2503
199
3029
1671
6805
4917
2918
6822
828
448
4456
5501
174
5669
6514
6212
5978
7010
6065
5883
4276
528
4696
3239
4268
4121
6138
1592
506
6145
3141
2066
6280
3291
1950
3552
75
3553
1411
5214
5177
139
5605
5846
5649
1073
5923
3299
1423
3613
3782
4203
365
6487
2438
3870
3981
393
3973
2701
5278
3009
6349
4335
5292
6544
4516
1919
2755
1887
5821
1119
6555
3004
1924
2498
3517
2329
3374
6501
2434
4377
2876
6403
3987
2082
4086
3612
1704
5726
2801
5203
5543
3606
5342
2622
6075
4569
4338
2835
4070
2406
86
3616
2817
3788
5744
4450
1964
4956
7051
321
1421
5596
4221
3120
6503
5059
2814
4575
1662
4451
4074
6525
7083
6016
4435
4603
7162
558
1593
3647
2606
3398
1431
5953
1855
839
3983
1016
1017
2734
4366
3781
2590
6537
5206
1816
4209
450
4384
1389
3175
6699
2677
6328
621
3849
1102
1673
6866
6680
1881
2999
679
1676
4919
4896
5517
2669
3812
4248
6239
6781
2671
2910
447
4770
4495
1056
5519
5547
2109
1771
223
1812
1864
144
1437
5442
4536
6953
6142
6140
6402
6134
5213
359
3823
1100
1263
111
668
5142
6405
3286
4648
2699
5875
5415
5941
3111
2482
2387
5555
3237
3756
5426
3283
3675
4081
3153
5028
1827
1314
1071
5575
5581
5781
1427
5786
3292
5788
3874
1118
5718
4133
3868
1657
4491
4494
2350
1426
5663
2913
1419
2914
5618
2845
5612
5509
2027
3888
5609
5604
5603
5650
3476
5370
5957
2209
217
4775
4773
6785
204
3087
198
2206
195
6803
6829
3699
3585
3488
4783
1921
2485
2680
3164
292
2706
3024
3767
2294
6563
1299
631
3400
1911
2697
1914
5275
1917
2687
1536
1383
1053
4290
4694
2540
4690
1597
7050
4689
2580
1042
3072
5162
1027
5160
7129
7155
1989
5174
2196
1362
7012
3596
3600
3602
145
3680
137
134
4007
131
4701
5211
3422
4279
2618
6991
88
3673
6527
4836
4843
4952
6088
5074
4945
2071
1781
5073
4414
6137
6149
5440
5436
5429
2774
4407
4522
2805
6074
5962
5968
596
2938
4979
4434
6033
565
2813
5070
6063
1857
4954
1859
6073
6167
6192
4176
5399
6319
4889
928
2442
2307
2445
2764
3794
6400
3003
3982
6447
3393
6470
4640
6299
2337
3144
2433
2432
6293
5384
5284
5423
5338
827
1019
1670
3965
4177
3256
1069
838
3473
5078
4041
5495
5309
4578
5347
4520
5250
2333
1354
5513
4561
5255
4010
1380
5233
4525
3083
2170
953
1000
5411
5199
2075
1388
2163
2937
1417
5117
3486
1987
6324
6479
6484
2733
6505
4361
1212
6533
6539
3399
6459
1219
3765
6564
3760
2694
3402
4785
6679
3754
2670
6561
6430
4374
346
444
6236
431
3236
427
3810
6287
4897
6315
3936
4102
1883
6361
4881
366
363
6407
4253
1891
4641
6421
6782
202
1554
194
81
1268
71
4657
63
60
7029
3625
3624
2574
7074
4270
1291
1692
33
3224
1975
7125
2551
7141
2561
1591
4388
3604
3424
192
191
4295
2086
6869
6871
154
2512
1613
4707
6877
136
3678
132
6952
6956
113
1955
3231
2635
2634
3603
6225
1495
5967
1473
6001
4132
2905
5710
590
2022
4201
4075
3547
4965
6035
5676
6076
5670
539
1457
455
756
3246
5003
2070
687
2870
1120
3862
3251
664
2248
2377
1465
5765
4072
5893
5896
1285
3872
5929
1112
1154
712
4189
3820
6079
4083
4243
1656
5606
1428
6156
5588
479
6176
1173
2768
473
6190
1505
6166
2345
3253
3143
6087
4427
2079
6094
4943
6154
5654
2784
6121
4409
3884
2781
