5835
1626
2245
6238
1620
155
2241
2242
5831
5830
6406
2486
1381
1628
5832
151
4513
3175
5836
6232
1882
1077
1070
152
3138
4517
6223
1629
5834
2240
669
9
2247
601
4208
561
2248
1627
153
1622
6166
569
1515
3470
1625
2243
2938
1782
665
1172
6400
5033
5983
1420
1513
4630
5309
562
6168
4959
4534
608
1173
1884
177
6505
1518
4535
2070
606
1088
565
5773
1327
1671
1076
2439
2306
4244
1423
2064
1176
1425
3473
603
4102
7019
1509
5596
4207
1676
5984
3486
4103
6418
3902
2244
34
5317
2246
4246
3271
2835
172
2537
5468
1514
5837
1174
1422
1073
61
5509
3345
1362
1426
2414
6787
392
6325
395
5978
3623
1519
4518
6033
4512
1621
566
4695
2268
6163
6162
5833
4105
1383
2343
6018
3782
5451
3629
1382
1253
2947
2931
4485
3478
3176
68
4482
3788
4072
6072
6161
2249
3088
1331
1428
5091
2575
7076
2818
5838
4245
6311
661
3112
1657
691
2485
1079
2534
5154
3139
1084
6045
667
6614
4442
5642
4164
5526
5764
41
4639
6404
4654
37
2071
1280
5349
602
2337
6803
3679
3349
6160
2341
5303
2922
5312
6220
2106
937
1347
6235
859
4955
6805
4367
448
2806
875
179
2218
6226
3110
4776
6459
4247
2488
1354
2817
1150
3
6221
303
1177
300
5141
5291
5124
2081
5123
6224
332
6323
2599
4459
1623
4511
7013
6225
60
481
6013
1705
2921
1955
1891
7093
2418
609
5028
4795
1287
5982
3908
427
4653
397
3900
5206
1587
1807
6291
2658
4525
2291
4446
1330
4533
5653
7029
4531
2267
175
5156
5218
4231
6625
6056
429
544
1175
6222
4705
663
1179
405
2844
4554
5217
519
360
5321
3726
1351
3973
373
6298
1592
2810
6104
5147
3620
6078
1427
391
4656
1195
4539
4623
5658
2072
2401
4233
2103
2412
2101
2076
5022
6416
5074
5581
3144
25
6555
1887
4204
2066
5926
4335
5828
6371
5061
39
4109
2082
1806
4293
222
6403
1971
6501
5518
5127
1171
4952
6548
4407
1055
919
3289
1880
1715
174
5115
4242
873
5042
2264
2078
7012
4906
6576
5962
5015
302
5743
6410
5047
1554
1537
6973
2075
2934
1897
143
3906
6401
147
4388
1553
3754
7168
35
1353
5302
1352
2007
4361
82
6455
4243
5318
6234
878
4337
6433
6541
445
48
1016
5019
6203
1019
2303
5020
1510
1943
2317
7078
2067
2069
1310
2333
6833
1071
2825
4168
6087
5459
5107
4073
1631
5554
7165
6940
5078
1134
2168
3513
7023
1624
4447
1744
1647
6781
7
4621
1711
6537
2574
1388
1170
2590
4810
5515
5469
6036
2163
3781
4749
1654
3608
5517
1072
2471
5980
1595
6380
668
5616
1590
7051
196
4417
6227
664
1581
1074
4597
4165
653
7032
7043
3276
6687
4307
3498
368
4956
4529
3307
4538
5583
4108
3001
4112
4536
6616
7037
3351
564
1385
3759
3302
4852
870
6372
3619
6683
6619
5159
4813
3610
3499
6629
4775
1136
692
1155
5146
5122
4737
6319
3053
3602
6657
4716
1078
5214
5219
809
3273
585
985
995
3728
998
3210
5016
6557
5026
1359
5029
2889
1297
3700
623
1289
4650
628
5030
825
1278
5276
2131
6530
2702
5367
443
149
446
1919
4100
1921
141
4194
2338
4203
2329
1783
4449
6019
1956
6852
2417
2294
1615
5364
1536
1538
2342
4133
409
5399
5603
406
404
4542
401
1871
5646
5998
388
3905
1896
234
1898
2707
4557
1899
6010
1906
369
4522
5453
6060
4008
6809
4265
2805
4457
5501
6053
2060
506
2020
511
2065
5295
32
4494
1746
1716
2536
4481
1387
2062
2010
4443
1990
3995
6073
6022
3857
6820
5702
5700
4249
5707
4765
5598
5059
4104
278
6327
5114
1132
6339
4452
5523
3114
4106
6620
5069
3493
6361
4762
6012
2489
4083
5558
5081
1137
1756
2457
4082
1386
4128
3217
999
4241
996
5005
4248
4893
866
4256
4896
5726
2022
3295
63
2043
4899
3298
4910
3352
7156
2088
5826
2100
895
6
4943
3342
5896
3214
4237
1974
202
6609
3479
2398
3475
1081
2387
1864
2362
5948
4162
6600
2348
1827
2347
4470
2345
4854
146
5031
5925
7095
3402
7096
7101
842
5685
1010
3449
6038
7004
6187
3831
3636
4549
658
4566
6845
2677
1356
1357
1358
6759
3626
444
2987
1292
1293
5261
6130
4569
6178
5388
6158
6239
3869
1552
2916
2875
2932
4045
3909
5379
3851
5373
3647
2936
2937
6133
6696
5310
6230
4700
500
6309
604
6959
2906
4628
2905
449
6730
1389
4567
6974
545
1712
6655
1719
4041
6047
4633
6091
447
567
4588
1296
5457
1613
1417
2814
3756
4604
2827
1198
2836
6804
695
2644
2637
3617
5691
2883
1322
5348
2269
1511
6155
6037
6165
5789
5788
2160
2846
2164
2845
5823
1398
1419
3299
2879
2178
2800
1361
3279
6231
5304
967
6457
1463
1337
1469
5752
6419
1283
1950
1226
1598
5066
2997
5067
2647
5177
6099
6098
3124
6295
6297
3116
1769
1617
1630
5076
6305
5464
2591
2573
5082
3054
5548
6057
6052
6329
1710
5522
1101
5592
1597
1594
2307
910
1926
1922
1920
6398
2911
5036
1053
2706
6388
6137
3171
1272
1521
2134
1068
2350
1889
2935
5386
2395
1564
2687
5617
1568
1844
5211
6278
5446
3164
1529
0
6649
219
4279
3645
3724
3904
3832
496
6808
3374
4269
4458
4300
4637
3635
274
6651
36
510
4047
4078
3476
262
184
3864
6612
7028
4816
7027
4095
162
4391
46
589
226
3393
6854
7064
7158
220
6624
4655
6593
3397
3874
3942
6615
4537
3359
4516
4514
7053
6755
3987
896
4120
3980
6760
4156
336
4751
3343
3566
4739
6652
7106
3996
693
4
5
518
584
3961
3966
6800
6636
7042
6542
3621
6675
4593
690
4046
