1076
2240
3478
5837
5478
6875
6230
3860
5834
5040
4700
179
1813
1516
626
5836
3097
3477
1917
6854
5153
4331
1889
2819
2206
3293
1059
6874
4427
3283
4704
7017
5442
1386
5044
2255
5771
1079
4461
173
821
1915
6231
2883
4718
5027
5339
5806
4568
3294
6877
5831
4429
3346
1867
5496
1512
5501
4514
1078
3852
7158
565
151
6726
6010
1912
2060
6018
2204
2502
1555
7012
6160
4121
1810
3460
6850
3246
10
6858
6951
2944
5023
2683
3869
3986
7029
2834
7026
7024
7021
2739
5772
2372
6408
4620
1314
5049
1351
6477
1468
6855
1914
1916
1956
1919
3918
3987
689
3985
1427
4454
5561
5618
6879
4426
4035
3003
6494
2062
4954
5797
3484
5832
1235
15
3240
2731
2837
4088
2763
4086
1683
68
1081
6574
19
6865
2835
18
2067
4421
680
1019
3890
3297
66
5206
5203
2244
5045
909
445
6411
5622
4627
4649
6870
2481
6013
3893
2501
5333
1234
6027
5884
2001
4776
1342
2942
7037
5780
4628
5377
5982
1816
4476
621
4779
6448
4125
6506
820
90
1629
4468
874
5148
7168
4709
5937
3948
6400
288
7146
2411
5835
1550
6406
6489
3348
2766
3916
14
5226
1869
3917
3797
6447
5070
12
5505
686
625
6471
7155
4645
1865
4464
1913
6235
3841
3846
4917
7022
5794
392
1419
3292
2227
5337
5440
4705
3600
4703
3989
5661
503
828
3585
3287
2614
4156
7064
4512
2480
3476
6029
1459
5833
57
3472
2209
6873
5383
3164
3982
1280
3393
3984
2243
5447
6556
3792
622
2375
1812
5479
1559
527
3867
2424
1571
3286
6878
6716
6876
1861
3897
6691
3812
6899
1591
5224
5256
5334
4707
5130
1688
3790
3098
5248
7006
4338
1389
1466
1461
6374
6025
5250
1045
2161
3475
2081
2241
1338
2596
2590
136
67
3547
2832
3399
7023
1379
1200
4127
1943
1557
5922
4741
6142
281
5493
2905
2790
5504
2514
1242
6134
16
5858
3646
4333
153
2737
3988
3370
33
4101
827
1421
6495
4314
4110
3863
4572
2679
4126
4129
6045
4146
4249
1140
2792
2744
1077
1070
2736
1062
998
446
6022
928
2831
5330
5335
2721
2838
5811
1055
528
4346
919
6320
5620
4407
3004
6395
6403
6404
3896
1598
3093
2988
3942
3937
4463
6443
3914
673
5506
623
660
628
6491
3940
925
2580
3892
3135
6148
5409
4518
5764
2468
6557
4335
894
4478
2585
6238
5669
4011
5664
6260
6262
2601
6544
2982
2984
3891
4030
568
5926
3248
3314
219
174
3672
4947
1981
1866
3586
156
7053
2205
3247
1910
1911
7010
3400
4685
336
2339
7157
7129
7123
3767
4689
2066
3245
2083
6893
738
5857
6328
6405
2248
17
1957
6379
4423
2575
4180
3002
1464
4435
1959
3007
4419
6386
6412
3584
695
578
5149
6537
4511
3298
4708
5124
7159
1864
607
6511
5985
3901
1873
1877
2506
5484
3671
1881
1884
6488
6484
5989
4742
5502
1909
683
2271
4756
239
2275
2242
1190
4071
917
921
111
1292
2672
3446
3480
6121
5790
7142
956
53
1048
4119
4122
4124
2085
988
3463
2061
3465
1000
5830
2825
4910
73
2069
92
2202
3481
6151
2999
3391
574
7156
1431
794
4834
2109
176
1987
829
1393
2231
1196
2100
6237
6236
2625
6227
2627
7150
4356
1064
1063
878
4045
6199
1330
4334
774
6552
5558
6772
5342
6779
6559
1684
1624
6588
6818
1625
5391
6570
5326
4624
4622
5886
1729
486
4619
2398
397
5259
3500
5921
520
3843
562
6648
6554
5953
1656
4837
3505
4702
3745
3249
1819
3540
3171
1984
4392
822
3750
3581
2103
2619
3751
3842
1991
4769
4017
1381
5691
5846
4394
3696
5029
6392
6389
4428
743
2762
6377
3017
3622
4413
4411
3006
3620
6326
2417
1685
2997
6674
3394
5336
1191
2945
3396
5033
1423
804
3401
2979
2978
5185
145
7149
1066
2044
960
4923
1260
7117
5795
4308
6095
3461
5212
4123
3507
440
3462
7121
6081
3474
4629
7126
6073
3793
6065
4634
7130
3548
4797
1018
6042
4915
1209
2196
4277
4085
5917
2408
3827
4858
1721
131
1949
2405
6179
1203
5756
3482
4960
2666
7061
2401
5293
5292
1299
2200
3815
2094
2036
2397
109
4330
5775
7145
3445
5207
2027
2247
6784
2829
2505
5879
4836
6514
6579
1171
4717
2485
1511
2529
5162
317
2277
5503
6464
624
3648
5508
618
5873
5883
6941
1834
3731
3643
3642
1870
2749
690
264
2498
1871
6444
2311
3299
6944
564
1817
1542
3657
5441
6551
2290
1621
1494
4736
2754
6978
5392
294
3038
4438
3864
6864
5114
1201
6187
1331
620
3872
4868
5108
5297
5110
4081
4614
7092
5742
4079
284
5776
2669
4070
3818
2671
2788
5284
291
465
1160
2757
2733
1296
2789
7080
3814
1827
6496
929
6909
7091
2029
4621
4944
91
56
5132
6763
5255
3296
997
5227
999
5829
6745
3278
5810
5225
6866
1010
346
1012
76
4255
2769
577
427
2833
2826
3110
1613
62
6734
4838
1622
4305
6124
6906
4658
6116
6015
6901
2884
4517
2686
2181
447
2494
608
4112
1263
1261
3760
5469
5792
968
5793
6105
5467
6102
6096
559
6094
3307
6091
5785
6203
6401
1339
4453
4763
6425
3854
4455
2258
500
205
6968
2996
6741
3617
5621
3390
5623
2991
6433
5338
194
1438
4762
4459
1151
5529
5385
798
3398
5495
3919
3941
213
2743
5551
1184
6807
5948
1482
2246
1953
3031
526
6407
3253
4576
2804
3949
7007
4854
6971
1955
2760
1938
517
3945
5344
3862
5557
1958
3014
1189
3977
513
1453
4425
5032
4513
3137
6245
2951
2452
5096
6466
2621
4743
2768
6921
6234
6233
143
6611
4221
5204
1127
6704
5500
6917
3906
3736
1061
2644
2649
4282
6480
4826
5738
4772
4748
271
1345
170
2602
