5084
3553
1857
3148
5898
1855
5233
4068
656
3551
2571
378
5893
5395
328
1852
3577
4694
5235
3158
3857
292
4439
6068
3962
5967
321
7166
1856
3973
3552
3573
3653
6885
3950
1050
5962
6064
3952
3557
1273
6738
3559
7055
6079
359
6361
1850
3576
376
6731
1058
5088
976
5673
3583
3650
3416
3558
471
2886
3575
370
5713
657
323
2598
4431
3083
5473
2663
5274
6248
4628
5081
5479
6503
1587
5963
2887
366
2396
558
845
2574
1531
1017
459
986
5010
2387
3572
1526
6970
148
3550
6736
3051
5883
4321
5957
3364
3056
1858
1411
5895
5217
3554
2256
3367
5492
666
5237
3419
3185
7130
652
4011
2888
2390
530
4434
5312
4908
6549
3166
3974
6829
3417
3655
3088
4693
3189
3951
6782
3366
2148
6990
1325
3183
4083
517
2050
2361
6016
5495
6999
677
2391
4436
6014
2380
2670
6012
801
6992
5849
1149
2885
6827
2367
4956
142
5078
5291
5382
97
320
3744
410
5671
2508
3556
1595
450
5791
3028
996
5892
2368
750
948
3622
3004
4843
1480
6501
3815
372
1801
1572
4437
4363
1854
2383
840
3627
6542
1780
6758
555
5087
1880
325
2675
2917
4951
2382
384
5264
3979
2798
3123
3087
2498
6182
3239
648
2234
5311
6243
3954
2213
7028
7036
6342
5605
5429
663
7050
3140
3578
5425
4725
6160
5318
2210
1015
3486
2137
1676
6062
2678
1578
2389
2313
5969
93
5596
6061
6318
2132
2215
118
7067
500
347
2646
363
1943
4772
3862
920
4430
3181
6109
327
4435
1566
3869
4958
4433
5590
4016
2181
3217
6055
3617
2398
1499
3626
1148
1884
6245
6244
1890
3624
6995
70
71
2384
553
5499
6749
6368
2
608
2454
538
5263
5079
177
2919
6519
3781
6430
1667
3346
2673
2058
2399
2922
5278
2638
4208
2786
377
2397
3659
451
1564
75
923
5082
924
4438
411
3524
6495
2306
72
810
1574
802
4360
5800
3453
5548
4458
2595
1570
2538
5234
412
2676
5634
1671
6748
6891
855
441
1781
3613
849
3448
5200
4034
6450
5968
998
160
4065
5162
4061
6319
1859
5899
2186
1426
1427
4716
1524
939
2843
5428
3039
7027
1022
1155
6435
2327
2837
5998
3349
5409
3054
259
602
4035
3555
3633
5189
3291
2453
7061
5381
6293
6490
5633
3130
3141
5882
2062
4953
1548
2005
2433
1425
2573
4335
2510
3384
5468
2985
736
1544
5832
1654
5476
5877
4383
5938
5896
539
3571
4271
2499
794
536
2394
2393
2923
3638
3173
3180
3647
2980
2637
512
5470
3651
2489
7150
803
5843
3182
5474
3184
2981
2495
3967
6230
569
4833
6233
1908
1233
1270
6977
5493
6969
3360
5747
295
297
1177
7037
155
992
991
146
3370
2233
6313
4338
7043
4712
5487
3383
5400
2512
5171
6418
5259
2244
5260
5423
1127
4969
1456
3057
5541
2722
6482
5427
4063
5577
1892
6008
1056
668
7031
3788
1044
178
2617
4450
6484
7054
1386
414
4307
6741
1673
1581
3528
2537
5201
5513
3692
1789
6642
2634
712
3436
79
3676
78
2482
6837
2142
4239
1253
4941
368
6289
358
6287
1579
3861
5205
5155
5448
108
382
2051
5149
2500
2466
6510
1556
4841
6497
6640
5313
4840
5111
1677
1344
4836
5026
4424
1211
6303
6305
6065
2654
6043
1145
6344
3262
3274
1123
1467
6367
6021
4584
2618
1079
5157
1057
4655
1239
3142
2188
3149
1328
6165
3135
3164
6110
3186
3187
4692
3188
4695
6232
4696
1255
1251
5455
1659
2610
3362
5186
2300
858
5942
4443
3450
3452
3454
6563
5188
2680
799
796
2122
791
6597
765
5947
5393
1589
3429
3363
3030
936
1560
928
1565
5370
6498
6507
1577
5181
2587
6514
6520
3421
6523
1583
4457
3566
3144
5764
3652
7020
488
2529
5058
2066
2779
487
3612
2782
2065
309
5002
6742
2475
204
5664
1727
6822
5301
485
6737
556
7118
168
1746
519
2883
531
4047
5789
515
6893
4279
5214
74
2392
4978
2484
2813
2811
2395
5071
5756
3842
2844
5074
262
133
7059
22
4866
5252
4320
4249
5601
3778
7075
1901
3785
2918
258
7158
1941
5712
254
250
234
3953
2405
413
3959
415
2893
1882
3956
419
2409
1562
921
361
2652
4633
5158
5802
6500
6402
926
6327
4452
5080
5591
6846
1201
6892
3402
3418
3405
1189
4982
6515
3414
402
4236
416
417
1421
5182
3423
6508
3713
5597
3236
4234
3427
5572
3848
394
6505
7047
431
157
3719
4462
7034
3568
5178
3042
3066
2840
5981
1019
2841
5730
7004
3037
5973
1109
3069
7015
5621
5745
4084
5497
3294
6433
5075
236
2833
4547
4545
6410
2834
2055
5711
231
5996
1052
257
3059
260
1481
1903
268
4621
5512
1122
2241
3856
4467
6899
4048
2869
342
2816
2817
179
2422
7032
1154
2068
3398
172
2880
4949
5760
963
5961
993
1129
4070
4169
1533
4975
3267
1138
1540
6038
6475
326
4626
5173
4469
3382
4180
6935
854
439
852
73
535
2303
5339
741
6766
2635
2932
1740
5645
3970
6761
4376
5190
5551
7131
5655
5462
5342
2998
4830
2996
1258
2477
2991
764
2478
2115
2787
6606
2992
81
529
5086
1662
562
3134
3153
2494
2959
1352
1707
5034
4849
6151
6150
1700
3561
3
4333
627
2565
600
5317
3608
6747
2547
2377
5547
1291
5316
6648
6211
6653
2639
5017
1684
3958
5857
7095
1744
1895
844
3637
2324
2218
5450
2180
6554
4659
3216
6545
4278
3008
3467
5555
6831
472
5346
1234
2129
6085
2304
5343
3459
4699
1247
7076
6826
6084
6842
2915
4019
6565
814
6075
3002
7045
5440
1905
3161
1103
2516
6022
4645
1906
5022
5471
4690
141
1992
6206
6083
4089
3133
7073
3151
3863
2189
6069
4710
3325
3324
