5843
2524
2527
2525
6547
2522
2521
2786
2787
5892
7015
1922
2256
869
6732
2523
2587
862
1567
5849
1458
2321
108
5847
4002
107
4017
2526
6738
5760
1847
5981
3471
2520
5519
5897
6869
1562
3979
1843
6366
4784
1831
2274
5617
2785
923
2306
4171
5763
221
5237
5243
1997
1391
2278
2304
2394
2361
5898
854
777
949
5759
1841
1092
7159
2667
5176
3705
1538
114
3384
225
1844
1558
6767
2484
6978
6872
3653
5217
5895
6718
2341
2455
6737
657
915
7020
3841
4321
3923
162
4095
4698
6419
1661
4932
2869
6503
3971
1416
2789
863
1815
4633
6586
2488
5768
851
5445
203
5767
6842
1569
6283
5178
1987
540
5078
6786
5079
2324
1999
2002
5109
4133
6555
837
4465
1344
6867
2005
6567
5306
4442
3940
4173
1535
6857
924
779
925
7124
5842
1080
555
7130
2104
3234
5624
5211
4590
3643
6258
617
867
6032
1748
5677
6487
855
5231
3715
5234
7077
1582
94
2673
5218
5253
499
2142
1056
6539
5110
6119
2817
4328
3713
6554
5761
6211
6552
1531
5213
3709
335
6734
5668
3569
771
1725
2686
4469
3603
2726
5114
6187
5487
2317
1295
1850
2316
5332
1861
6793
3924
5299
860
2663
5874
6766
5914
4068
5997
4587
620
4927
824
6661
3977
6089
1258
7051
1842
4772
5356
4956
3500
100
1845
1846
3962
2276
921
917
6542
5371
5548
2813
2469
5014
5214
2752
2811
2800
6735
1992
650
5087
355
5275
6854
2589
2573
5128
5247
5276
5242
2690
5518
2564
4848
324
2107
1866
2322
6553
2003
5422
2346
6549
2458
515
4007
2896
3707
3708
1469
4233
745
7134
6114
3112
7011
3509
234
1414
3378
4443
927
3379
226
1443
2978
72
83
786
910
3054
3961
7152
906
5642
1664
1256
3987
3974
5936
3239
2888
3650
5662
858
835
1050
6523
1051
3619
5661
4091
895
4963
3944
2478
3988
275
82
3383
2334
6383
3311
1290
6387
5382
2379
5317
5930
5964
2399
2454
3338
5359
3380
5318
62
909
3701
5158
3669
3608
5179
1041
6681
494
5241
2109
1040
5233
5232
2163
6694
2132
3651
517
5205
3395
1058
1059
5047
3913
1139
3848
7104
4036
3473
6085
947
2058
3508
1097
934
1094
5088
3718
5261
3561
5084
2489
2836
6831
5527
6481
1575
4467
5523
4447
4446
1554
2741
4440
5511
1537
6986
143
1811
1814
782
1507
1541
3644
1614
5671
4581
5626
1667
1654
6537
4601
2887
2799
2903
6892
4602
5651
2788
4605
6540
4616
1728
6545
5586
5485
5670
3231
5853
3147
7013
1395
637
5870
1402
7029
164
4780
3237
5826
5475
5448
1445
2509
2494
5803
5896
5375
5580
5372
541
1710
1055
2146
692
1893
6490
994
1362
6495
5453
1361
6326
6531
1037
2118
5235
6336
846
1920
6257
6372
6483
5528
1454
2004
1468
2006
1818
6057
5783
1840
5312
1513
911
5821
5293
1996
810
6376
6378
602
896
5962
5702
6111
1090
831
1780
1572
762
1985
5965
6660
815
634
913
3645
2465
2580
7005
3091
2570
3117
2532
389
4093
3238
2462
141
4042
3290
4971
4013
4011
3302
3303
2376
2352
2344
3968
2343
6768
3964
2326
6760
4775
109
4764
4754
2837
4541
2886
4589
2810
6970
4613
6698
2765
4466
238
4449
229
4656
2711
2708
6987
2702
4675
2982
6860
2676
4344
4339
6853
4330
3080
2616
3354
2882
3595
3612
3397
7135
7087
2288
3915
3613
5157
3785
5071
103
39
7157
3642
3367
85
3572
5716
3703
224
770
223
6984
6354
3951
774
1532
7154
3711
3712
1530
4362
1508
3013
1500
941
1499
45
2972
3710
756
4455
6504
7166
6500
6196
6193
7162
5656
4536
4535
257
6962
2898
5676
6337
741
6971
13
4524
5690
5693
4498
245
2932
1581
3721
5709
19
2955
4334
3059
5766
157
5871
3230
5891
3932
1333
81
5909
4015
1156
1166
1167
3301
6505
3941
1300
3304
866
6012
7047
3318
92
3382
3377
3375
5991
6381
1216
898
3766
839
161
6361
3055
6996
6999
4307
4289
1116
3788
3490
3470
1421
1133
3849
4101
916
1410
3111
818
1138
3879
1390
4183
3170
826
3899
5867
1365
4128
4253
6485
5171
5387
2577
2621
5134
4719
2641
549
5493
2651
2652
2659
2391
2677
5499
5500
2100
545
5512
5517
1790
6866
2105
5521
1786
5254
542
5260
6730
2348
1983
1998
2001
5351
4965
5357
4943
4935
2007
6757
5388
5300
2303
6643
5298
4897
2040
2056
5080
2267
5274
632
2571
323
2211
5017
6541
6687
5583
6711
5230
2115
2112
5204
6699
5576
992
2793
6682
2768
1675
2757
2168
5566
6706
6895
6710
5545
322
5173
5201
4632
5588
2743
5227
3374
3614
2127
5992
5296
6192
1210
5956
2308
3639
3648
3984
5933
3969
5939
6256
6212
3649
2328
1251
6204
2039
5958
2136
2009
6195
5212
5978
5304
6000
5159
3389
6071
6177
6167
5150
3496
3499
3846
2188
6104
1098
6115
3554
3553
3774
3777
2213
5207
1136
2042
6021
1179
2264
5085
6056
2074
2166
2237
2234
5251
3863
1057
2096
5208
2125
2072
1666
2392
1588
1586
2763
5571
2935
4631
1568
4463
4636
2729
1543
1781
1784
2704
4437
4432
1519
4363
5751
2682
5505
3016
4358
2764
2675
1727
1607
2863
2864
1660
5627
4580
1650
1677
4584
5637
1679
2889
5599
5658
2891
2892
5593
5666
2809
2792
5582
4611
4523
2766
4521
3046
5778
2648
4906
5419
5406
4907
4097
4920
1924
1926
5393
5390
2862
4076
4066
4061
4049
2439
4951
5915
4978
1306
2408
1305
1982
1367
3192
1375
1377
3056
1463
5481
3061
1836
4303
1839
4802
4287
4285
4259
3996
2566
1854
4839
3124
4195
2529
4879
2503
3185
5440
5860
4155
4832
2149
5494
518
145
6896
6417
6805
148
6359
830
516
938
7036
