5850
1944
3414
3028
6960
6609
5852
6607
3461
3259
3024
3464
5815
6965
6932
5785
1940
6621
4291
1949
3463
4294
6649
6967
6624
3468
3467
1947
6606
5817
6650
5818
3415
3469
4293
6651
2638
6656
5799
3410
5854
5802
6645
2617
4261
6654
843
3027
5197
5782
6628
1941
6629
4296
6608
6596
6631
1946
5190
6641
6605
186
3458
4566
6602
6599
3462
1191
2945
6267
6646
3527
6603
4292
5859
5800
4122
5665
600
6969
4272
3465
2927
2902
1654
1190
3459
5805
6729
6901
3083
6627
4475
2630
4281
3416
3417
4268
4564
7149
3026
5787
182
6630
5692
5809
3020
3087
6597
6636
5807
2637
2636
4619
1943
2362
6642
2635
3088
764
3900
1641
2639
2613
2634
5198
1221
6604
4374
5801
5584
1424
6590
4435
1942
1181
1945
2442
948
4269
2983
7146
5788
7057
6640
4787
3774
4947
6635
4299
4298
6644
1470
2829
5772
604
5792
185
6370
187
597
183
3023
6573
3460
4019
1223
6639
6588
639
6565
6780
6595
2436
6658
3853
320
5551
3908
3413
6919
3666
6611
2885
5196
6610
3692
4271
4000
4659
6620
4431
1948
2928
3418
3428
4975
2368
4138
5563
3025
5774
651
4786
6390
979
3778
5771
977
4973
2684
6813
3518
4903
6598
5315
6612
5193
2798
3925
6923
1180
6659
6751
1188
4681
4484
2853
3022
211
5394
3102
5381
3466
2315
2973
5427
6425
6634
5397
6637
2606
6907
3671
6940
1651
3826
3251
473
5991
1339
3927
2430
5434
6653
2000
6633
3771
6410
4941
4398
6623
6915
2823
4295
5041
4263
3902
962
1231
6014
6601
6600
1005
5732
1453
6772
5338
3501
6484
963
6265
6323
5858
3903
1825
2239
1631
1632
2181
6818
5479
3906
5023
347
147
2814
2631
6926
2401
2293
2434
6382
6353
2435
6352
5295
2451
3340
5187
2889
1087
2935
1077
2948
3225
2970
6619
6617
6585
3012
6593
6592
976
3029
3411
728
721
5492
6883
5663
3767
2528
2538
2579
3684
3679
2438
3663
2632
6810
3567
631
6776
656
5104
661
5565
3440
1347
2226
6321
5816
1636
6941
4267
1829
4160
5861
2023
1681
4438
1783
5856
2019
6961
4086
6884
2780
5470
5483
729
2472
2608
2880
2881
6205
5195
4658
3850
3851
120
3281
3855
118
3252
2030
2029
1147
6493
4682
3779
2609
1304
2604
1301
4132
4741
1269
235
5529
603
5056
3533
2769
4949
6479
6845
5808
6783
2734
647
2740
5814
5644
4711
5851
2515
1587
5694
3676
4006
2279
6918
7141
4012
3211
4606
5738
6622
4430
6935
4433
6618
3008
6373
5322
1918
5735
3943
3137
3005
1886
359
1025
5959
1988
966
410
2958
2951
6917
408
6564
3031
6655
5986
4532
936
3656
3016
5509
960
3661
973
6778
1303
1209
6587
3521
967
2178
5024
7145
1239
1880
1194
2619
4190
5522
5562
6262
6473
630
1885
1229
3546
2020
908
4395
6724
4392
1144
6712
5436
4391
5879
4379
6728
4323
2897
5899
841
4377
3257
6652
2940
2943
6657
846
2127
4287
1637
6222
2997
2102
4686
2984
4439
3454
184
5855
1954
697
4266
5115
6122
4680
719
2979
1630
4279
1047
2767
6329
669
3840
4098
1491
5712
4085
294
2497
5737
2432
2496
6423
3858
1526
334
4974
6964
5660
6384
5734
4863
1545
4904
3969
2601
4804
2189
3698
2227
5714
6771
1705
1045
6626
5266
4615
4256
2424
5291
5300
144
6906
6613
5497
5770
4838
2828
2742
2746
5100
754
5101
658
3769
1707
3854
5648
2947
3175
872
3295
6868
467
1974
465
1056
4075
6279
96
1680
845
2781
1428
842
2483
2238
1638
733
5474
2068
6648
714
5132
7095
5262
5148
188
1184
4402
3390
3222
5654
694
6632
6570
1178
4944
4830
6566
3427
3426
5987
3424
3423
2477
5655
7127
3752
3755
3691
6289
3316
971
5343
1274
569
6997
3625
6269
3970
4746
3845
5027
5028
6268
2887
1849
6905
1804
4735
3689
4327
6591
3677
5761
3683
1310
1549
3685
5199
2295
6832
2602
2
1296
6985
4338
3664
4125
6842
3688
4517
3089
6916
2332
3945
2222
3342
5055
6135
6017
1230
34
3543
5874
3536
3253
1729
1331
3528
2336
6968
3936
4565
116
5192
1573
3018
6933
4724
803
4099
3260
7139
3818
1117
943
1890
502
2223
5591
6173
314
6678
1511
3254
415
1517
2949
2021
1657
5234
3270
2427
1086
4783
4013
4491
1902
5328
6162
2325
6931
3994
1859
6065
3959
1906
3964
3966
6088
965
6092
1806
2298
5
3079
6936
5366
7147
4553
6579
3132
6305
3904
3905
4396
1701
1702
1051
1704
4420
6571
3921
1492
901
903
2988
6927
2277
3151
4443
1024
4474
4481
3133
6647
4434
4297
2708
595
2145
3429
6467
1254
3425
4206
5064
3422
3444
3421
6494
464
4721
3585
4940
5579
6278
5036
4166
1572
180
691
4260
5399
1544
207
6774
2122
2120
208
5647
606
605
4689
487
4971
6764
602
2191
5794
3455
3558
237
4080
4946
2484
4163
1204
3652
3363
5595
6277
3660
138
4205
2220
6478
4799
4665
4948
6275
3525
6204
128
6422
3681
2228
633
1645
140
665
6273
5811
2536
1159
6963
4290
5471
7039
3694
3819
7050
5022
150
566
2184
4087
5781
3827
1548
1143
5463
1140
568
2582
5577
5523
1225
2919
1014
1307
1302
6276
6274
996
1785
1290
1789
6429
6272
2600
2699
1820
6131
1002
6266
1571
5543
1884
2688
6161
1578
1237
1236
5573
5747
6355
1938
5667
2963
2783
2791
1639
1682
2959
5920
2236
1509
1674
1510
6368
2815
2022
2024
2825
2841
5450
5396
5439
2936
6202
6511
1083
2931
1112
1653
2431
1431
2244
5863
6399
6176
1340
2737
2270
6351
1034
2981
6574
2980
1192
5760
5716
2975
1495
6001
5391
1619
1497
2258
5848
2517
1189
1952
1700
1539
2246
6488
1054
2372
5488
5839
