5864
2499
5860
5866
5867
2726
345
2729
340
342
5139
2728
5865
341
3036
710
2727
5172
5933
2494
348
343
5130
5919
3039
5868
5936
6431
2492
5869
3035
5138
5908
649
469
2722
646
3032
2281
5863
5137
3814
5931
3813
5133
2283
5135
2280
5918
3034
2507
1094
2495
1090
2497
28
648
5937
6259
5932
715
4152
346
2285
6462
724
2288
5861
2282
6810
2493
2725
5134
2724
5901
6463
5131
2289
6712
2720
5136
3819
5935
640
912
5916
2490
6713
647
2287
5909
6819
6442
347
3030
26
641
4064
643
4887
466
3037
4760
3033
5132
349
2597
4172
7123
6240
5170
5939
6257
4687
5911
453
467
6468
2162
5639
6814
1878
5568
4151
6258
460
5904
644
2529
5245
84
5862
5934
970
463
5638
1808
5566
3489
3297
1097
6816
5902
3177
5175
6813
6241
6719
3187
5561
6251
722
5917
1257
645
5235
5569
2498
5415
5504
1253
6255
6244
3223
5564
6249
4065
5600
505
5783
7014
938
454
6443
3515
6446
1617
6726
5900
2114
2273
1763
6399
1252
4159
5254
1019
1099
1093
726
2609
6405
2093
456
5560
1503
5682
2258
5938
498
6818
3528
5906
4487
6239
3031
1680
3766
4748
3818
4961
4108
4330
4496
936
3517
5567
2034
493
1096
2272
3199
6432
2286
461
721
2756
2569
2255
3833
2557
6993
6671
1924
495
344
4157
1564
6423
3674
2559
1453
2033
3536
3683
3686
6770
5826
3834
4935
3762
5236
4749
620
1290
6995
682
683
450
5606
7154
3872
1725
5148
5602
1803
4684
4423
6958
6348
3486
23
1534
1760
2673
1776
3240
3226
3586
3192
3174
3188
4637
3081
642
3291
2059
2792
1993
6957
6256
793
6082
4493
3555
1568
4515
3350
3349
5565
6095
4913
7060
4504
3968
5784
831
5883
5881
2618
948
5231
5157
168
7122
3842
6445
2566
2538
2543
2544
2496
2721
4217
4171
5146
1278
181
3839
4303
1400
22
3838
959
6464
5185
2591
4033
1165
1908
7113
4177
2158
4714
5358
465
7110
5183
3812
1539
6166
4150
6569
2605
6966
2608
6246
5155
4154
3810
4498
2504
5140
1258
6363
2880
5905
6992
5171
2187
2887
468
717
21
3178
4252
1353
490
4911
3222
2560
4742
3241
2055
7024
4734
1166
2508
6722
7165
1847
5537
1015
492
2030
4886
4241
3760
1639
432
5045
5913
3211
5970
4895
3220
2555
1091
4750
138
5406
2594
519
6795
3225
5405
5455
5152
5306
451
126
1144
5604
3235
3354
3887
497
5269
5268
3351
3038
1235
4740
4590
6437
4218
3714
3724
6886
1322
2461
3729
15
5014
550
791
7063
6829
1303
1745
4686
2120
864
3550
6415
1397
2066
6743
5364
3585
3642
3135
4346
3554
2052
3680
2763
4979
1447
4888
1297
2152
4885
2188
4489
3980
3190
4166
1956
2462
1251
958
1409
7151
6247
6817
6242
1565
816
6349
931
3510
5731
3499
312
4413
3491
4424
6344
4300
5494
4178
1104
2849
6683
3419
25
5914
1110
6815
4006
3179
1726
6811
4003
607
1058
4307
1575
622
4482
1500
3480
1273
1277
3498
3511
1458
4228
4239
797
4245
3709
6744
6714
6741
833
6894
6892
940
3224
1259
712
6632
1031
3877
1206
4084
6984
3253
5671
677
3836
3835
6663
972
6670
6085
3816
1248
1569
4503
6673
1764
553
417
6288
4934
2737
1849
5274
86
4719
306
2167
2966
475
6226
5497
2371
2377
5334
4741
2751
2592
2511
6440
2506
2773
359
2037
7054
4762
2210
6202
6196
188
491
2600
416
2598
191
2156
5149
4847
2278
2091
4779
5221
2402
2565
2123
2391
2678
7031
2546
2403
5010
2253
2409
4844
563
2105
3089
2110
19
7120
184
3815
2779
1563
2774
2558
2126
1962
173
5151
3448
3832
3438
4480
6689
1506
2863
1504
384
980
4483
3477
2839
5188
6677
1547
6254
1550
4093
4411
984
3141
5145
3777
4962
2716
2676
2153
856
250
1298
2680
4210
4275
4981
1299
2145
2708
1351
1320
2714
4232
1328
5539
3727
4244
4953
5562
4301
7087
7099
3542
1455
6365
5756
2200
7062
813
6717
2072
2185
1471
2657
6896
6732
2083
2084
5949
6890
2664
4179
3619
5960
1405
932
2054
4242
514
2465
1633
1060
4038
3952
6998
4001
1722
6104
6145
4716
3306
7157
5634
4047
3885
3097
1888
3087
1887
5885
3197
1055
1699
5888
484
6436
3193
2340
5633
5661
531
6169
2510
1863
3254
3264
3266
7016
4574
3198
2354
5632
2542
4774
4656
3979
440
1751
1853
7009
703
2404
4782
1679
6567
4789
624
2433
3387
5605
6800
2491
20
5609
684
685
613
6978
3881
617
4717
1603
1741
1742
6232
5660
6444
1062
690
5247
5344
1274
5341
6343
5892
6831
2550
7150
6412
6823
890
1115
7074
4237
16
2128
5993
5389
5990
5019
5825
29
1291
6871
1083
3773
2384
921
5017
2151
2353
2361
5173
1183
3883
981
2583
1234
1026
6474
7112
3880
5180
4062
5182
6466
142
3879
5192
2271
130
2275
97
5432
4081
2548
113
2551
1200
5884
7108
5459
6369
4005
2357
1063
228
6496
5487
6781
941
5485
1059
944
945
5107
3934
5476
5144
2500
197
4026
2512
1168
2599
185
5921
5929
4043
172
6368
2617
2276
4305
4246
1961
3391
2884
1958
4805
6561
711
2925
2928
4778
6237
3357
1595
5694
1608
2881
680
1559
6552
2793
2013
4427
5585
1507
4460
3457
1987
3418
7037
4830
4829
5535
6253
4495
7035
3317
678
675
1690
6990
532
4621
3085
5619
6627
6611
6130
3173
4657
1762
570
6618
1768
7017
1841
1846
4728
674
462
1635
1644
4567
3246
1881
1486
2993
489
3242
499
4586
6985
6634
626
4743
1485
730
4919
1429
3703
794
1352
2119
2043
2088
4912
271
335
2087
5754
2085
5999
313
2113
3676
2112
4352
2090
