5869
5863
348
3036
3814
2282
340
5139
5865
2285
2726
2497
5133
3039
5864
3819
5172
2280
2281
2499
3032
343
5138
2289
341
5137
4152
2492
346
5867
342
2722
2729
2490
640
469
345
347
3034
2493
5931
5868
5932
5933
2494
3818
4760
2728
710
6463
2495
3035
466
5130
648
649
3813
5936
2288
5900
5866
6814
4935
6462
3037
5132
715
5639
5861
5567
3585
6810
2283
5860
724
646
1094
3223
2287
2507
3033
349
5908
6816
2727
5415
722
3225
2498
5937
6712
5634
6817
26
4687
28
467
2597
3031
3489
989
721
2720
4979
4686
643
5919
6259
5135
2491
4496
1344
4157
2286
1453
5134
5606
5909
463
6818
2162
6431
647
1849
1878
726
2725
1090
4937
5131
4064
2496
5862
4931
3030
5170
5935
1145
7088
4515
7123
5783
982
344
912
5918
5568
5566
5175
4939
4938
5901
3511
3297
465
6468
6399
6255
4831
4887
22
5939
519
1455
959
5916
4497
772
6240
5934
2529
641
5245
497
1144
7122
6813
981
5254
4934
6673
5814
6815
4933
3812
4495
498
2724
60
4151
953
6713
416
6521
5171
2033
3222
4774
7087
1096
1104
4689
3199
4929
4922
1257
4936
229
3887
3527
4217
6385
505
4411
2557
4218
1564
3038
1471
5605
4197
2559
5406
5252
7014
5604
756
7086
5560
492
4252
1091
3298
4742
1841
6226
7080
1353
4125
4150
1505
4838
3256
5343
475
5427
3760
23
6811
6819
3810
4498
4741
833
2258
5148
6442
4972
839
3220
5825
3766
1253
5902
3762
5638
5826
3177
5045
2971
2560
7037
2735
970
2744
3980
25
984
24
6170
5562
5911
3299
4645
364
2273
84
543
514
461
4213
2538
7085
5660
6023
495
4930
3254
719
6280
3596
1683
5174
4518
464
5136
5152
1140
938
7120
2114
5413
4158
645
1341
4885
2767
3151
4888
2774
3515
3190
7081
3226
3528
2037
2236
3498
3934
603
1389
4154
490
1233
6561
1142
4250
2606
5921
4108
4599
3480
4570
4172
3765
3523
2605
4837
2673
21
3296
2406
2409
797
4830
5537
4847
983
5535
6966
5710
6626
1352
6440
2737
2759
1539
1703
2928
6670
914
5602
6405
6348
4749
3334
1938
4762
5905
4719
3192
2756
4454
5956
4484
4491
1709
4493
4494
948
5026
2753
3193
2120
958
3510
3197
3187
2542
5370
690
3611
480
493
1384
2968
3674
1057
5340
3124
4211
6993
5821
453
2771
5822
3881
4195
4681
5146
2732
6719
4680
5569
4782
6390
4579
644
6743
7042
2594
4740
6795
995
3422
4889
6217
1163
5904
2327
6232
4257
3326
6964
720
2034
2881
1058
4254
7013
4227
570
4003
5791
2506
5300
5221
5319
3771
5334
4253
29
2556
5564
5504
2198
1015
1358
5410
4159
6173
1049
5690
3935
1340
3702
590
3880
1473
1183
986
5754
4074
1032
5906
1206
4578
1099
4844
4886
5938
7083
729
1808
2966
717
838
5010
713
3195
3224
4586
4591
2353
3335
4714
4683
3330
1252
4746
4747
6466
4750
3410
1265
4624
2013
3413
2025
6953
1760
6781
1689
5173
5990
5192
6995
5107
3154
1110
4370
1680
2079
2292
3560
6992
3534
2487
146
5993
5994
470
3013
3411
2569
2935
703
2630
2618
2967
6464
2938
6179
3343
3607
3656
2611
3332
6349
3384
3775
3291
6423
3525
3517
2754
2764
2465
831
3081
3680
980
2798
3419
3586
812
6382
936
2714
2272
2329
2558
900
3768
2255
6257
6957
1387
2191
1699
1697
5145
5157
5162
1685
156
4277
5811
6020
150
4226
140
4223
5782
1565
1563
6520
5186
5813
5820
5074
1239
4630
7039
1260
325
419
1262
7064
4768
5890
6118
4457
5859
1805
4960
2071
5014
5015
5827
4088
1547
6021
5607
5399
6093
1459
5580
5715
5718
4020
2186
1460
1504
1506
1400
1467
1511
4047
1013
3241
5585
6969
811
4880
7082
1847
3418
6959
4619
5854
991
2608
2357
4984
1785
7154
1456
1097
6535
6566
4711
4713
1108
6796
1247
3329
6733
361
2572
4642
5608
6244
1117
27
1875
1273
2609
3321
5379
3163
3176
6845
2746
2545
2939
2936
5249
2931
2925
5432
142
2887
5779
1056
86
1052
5326
951
108
5753
5355
2751
5041
2742
5183
3165
3134
5558
3088
5555
3078
1304
5543
6292
6338
1475
1696
1355
5155
5716
2734
5729
2546
6335
3424
5532
4605
2424
4368
4545
1231
1160
417
4022
4028
3763
2263
6085
6084
4062
7035
434
3773
4487
2139
7024
512
3538
4212
4239
2112
491
6193
5986
6218
6994
2110
3686
2163
682
2210
3470
594
6116
1236
569
3816
3486
2977
5609
3864
496
6665
6671
2564
2254
5215
654
138
1452
5787
5235
5600
4210
4205
656
661
3011
5784
3579
3087
2107
2111
3938
5111
4371
3063
3649
1073
2188
4346
4332
476
5154
6010
3613
3614
1704
2117
2882
4178
7000
2543
957
1165
3989
2750
2748
4033
4030
5563
6095
2736
4013
3811
1164
7145
7151
72
5534
571
4065
1513
5384
1359
4170
6073
642
2536
5306
932
2682
1038
1454
2810
1550
2240
3694
5348
6082
5823
5751
2761
5364
5331
634
737
6838
7063
2042
305
791
3292
793
4799
1880
4835
3258
5073
2038
3520
3524
2433
2442
809
2059
6528
3532
813
4882
6258
816
4878
4504
7060
4516
5923
4590
732
2366
4585
3389
5917
4650
4574
6465
3354
3351
3344
3491
356
723
6568
769
6982
4548
4539
1956
418
3324
2404
3228
1840
510
3162
5046
1080
832
6822
2078
5828
4981
4985
2475
3152
2076
3548
6950
1782
5024
5011
3198
3539
6991
4420
2062
1776
697
3172
2302
4962
3555
3194
2029
1185
2077
2483
2180
1248
2167
1838
2022
1168
2598
2026
2356
1393
1395
1380
6474
6537
2212
2586
6826
2574
2090
1705
2187
2367
1431
1775
2551
1486
1151
2500
2504
1534
