4183
3546
1654
3963
5663
7149
927
3318
108
4278
3967
2886
3778
3757
4450
3848
118
4181
3788
5660
6970
1245
1254
5433
5876
6812
4176
2251
2323
2817
5667
2279
1248
2633
3119
6789
3771
764
6844
2003
1479
2811
6785
3968
2326
3623
4951
4279
5712
1057
4321
1251
2467
4458
5669
5192
4187
2000
5981
4455
3772
2187
5654
3173
3825
1944
600
2887
5520
6035
6383
5653
733
2663
7142
2637
6678
448
6675
2945
2938
2766
5033
3258
2401
4339
5217
1244
2611
1051
2259
5127
4331
5774
5076
5208
6021
3682
2301
2444
2798
1042
4275
3024
3961
384
3048
4392
1474
1241
1578
3763
6842
5849
6283
941
6538
6574
4860
4106
5075
3843
950
5343
6899
6112
5430
5616
1707
6565
5142
5078
1056
2324
2483
43
3001
3766
963
3519
308
4688
6786
2758
3178
5117
5318
3765
6953
5529
6772
3511
4659
5850
5041
2636
2969
6782
5666
4314
1255
3091
2076
4391
2983
211
4291
5661
6724
6487
6893
6543
2935
5214
6563
1283
7057
3029
2647
5526
2008
5658
1806
4100
4422
2247
5855
4377
6118
5611
1783
6523
1780
2256
2164
3102
5122
5446
7106
5370
2453
5795
3846
1391
2469
6784
3840
6458
5429
5771
2339
6787
977
2329
3521
2638
3469
3468
4182
1470
2414
5878
3454
3639
2328
602
2437
1531
4387
4212
4758
4492
4652
962
949
6783
5802
4389
2939
5558
6038
6399
5155
2661
730
3962
1247
3088
1240
2635
2488
1058
2652
5817
1040
1472
1473
3040
6129
2478
3900
1475
3028
2686
3023
5577
4772
3008
6770
1495
5655
6039
1054
6541
4101
5445
5260
1629
3628
6570
4263
4272
4601
1402
172
6916
5213
5766
6892
4333
6509
1178
3412
4986
4633
921
2215
1820
5500
203
5434
3760
1424
3459
6940
5848
6008
2238
6924
3410
2241
3446
4443
2004
4185
6891
5449
4432
6122
732
2062
1471
4285
1701
6314
859
5431
3914
3695
1848
3911
5030
1840
4277
1829
6451
4080
4219
751
1279
3518
5550
1901
446
3194
5159
3767
3629
4173
6776
4335
4085
739
1769
3425
1765
737
3552
4
6422
3128
6032
2449
923
3012
6581
6579
47
3969
5763
2196
2458
2753
5799
2213
5223
4907
6571
150
2889
2277
2796
2306
338
2186
85
2083
2327
2082
3964
5110
6488
5439
1138
5499
2246
251
3089
2621
4902
4103
6738
2252
1431
4104
6877
4032
1437
3861
2640
5523
2816
4280
2677
4532
4975
926
2693
1675
1109
6849
1825
2919
2303
2815
1814
6519
3960
4638
5272
6016
2276
6313
5023
2788
4309
4307
2068
4451
3845
2667
1620
2669
1622
4446
1133
2539
6506
215
4566
3908
517
5206
5792
5300
6655
943
4334
7003
4741
212
763
6909
2812
6291
6996
3617
5084
5473
6911
3427
6265
3867
2818
6433
5106
6729
854
5576
2646
5584
1252
5851
4393
6777
3533
6586
6754
1662
2530
5346
4963
2109
383
6566
337
1655
5854
594
968
2007
3780
4470
330
3781
7153
1998
3042
2452
104
2142
1943
7125
4073
5772
2168
5047
6955
2173
7047
4209
5448
6223
1884
1281
5045
7162
3251
3252
3255
1285
5761
5543
4383
3587
1667
2148
4075
6966
6965
1067
2963
117
1274
5613
3045
48
444
445
4841
5556
3430
5073
3839
3842
5312
3421
2541
14
5859
6737
5328
2616
5048
4171
3583
1517
5197
1491
1077
6767
5923
5054
2529
3567
5187
5815
4698
979
985
2752
1621
4842
3514
3452
5957
152
5788
6835
5157
3466
2614
2684
6740
1433
3610
1548
661
666
3863
4218
5947
5042
7120
605
5463
3416
442
2160
5552
4038
5234
1209
6672
6037
3259
4528
6267
4530
269
6271
4089
4978
4786
5510
4098
2240
6923
3193
4921
5842
4925
3054
4456
4457
1249
3100
5856
6113
2027
876
2019
255
3038
4960
5607
6155
4399
5579
3022
4394
5571
2573
4488
5652
4987
4977
506
1155
5464
225
6297
1050
2855
6718
1748
6304
555
5440
4903
6557
3684
208
6490
2302
5087
6546
3415
1664
1660
5211
6732
6542
924
5714
6029
4595
5338
872
5314
1052
983
5080
5203
1041
860
6484
1061
974
3889
6481
5205
3983
1259
823
852
996
951
5216
3608
6575
5124
4107
3965
5089
5079
5225
1108
3941
1430
1206
6714
3692
803
1215
3691
6534
1219
3626
1263
3683
1156
5088
3769
2629
1477
5685
7048
275
6034
2210
265
6030
2244
2249
7044
4555
2895
2267
2275
2278
5716
218
6014
2295
206
4893
7043
7040
5668
6244
4374
1890
6959
6210
6202
3176
5573
4398
1988
6977
2040
2046
366
3084
3083
7004
6756
3027
4490
2141
5760
6268
4876
2321
2482
81
7136
2494
2703
2699
2520
2694
5830
2481
2556
5870
5839
7150
4757
2603
2604
2608
2613
7
5871
5922
5814
2471
4597
5765
6001
176
4606
5996
2357
5991
4616
7100
4632
5951
136
4658
2418
5944
2740
4678
2734
4682
2464
2320
5519
3945
3414
1587
5450
5460
5031
3479
6898
6845
5469
3485
4329
6910
3486
5395
5477
1541
560
1706
1700
1692
1626
1631
6848
3428
1625
3426
4271
6918
608
604
6935
6840
6861
6370
5438
4289
3418
5483
4315
1804
5502
3316
3317
1787
5495
6424
513
6781
3310
6410
6425
6807
6780
6930
2412
3461
2417
2765
5425
2585
1111
2498
5337
5861
3859
2601
5202
6420
5949
6423
6572
6603
2778
1480
2767
2744
6583
3464
3512
3905
3504
2485
3593
1053
5816
1526
6406
2680
5833
3612
5879
2465
3526
5873
1076
5809
3582
5835
3613
2654
2445
6585
2443
2442
1538
6371
1630
6277
5983
3118
3112
2023
3774
3109
6518
1971
6290
5276
2065
3056
1239
3041
2089
5492
6086
1256
5578
1288
3758
1859
6232
5240
5548
3314
1306
6204
3768
3172
5570
5574
5575
5565
3025
3782
3785
6483
2883
1659
1387
2300
1657
5436
2307
2837
1637
