5875
5473
3749
3743
110
3748
3740
3747
3741
3739
5499
3810
5493
2880
3746
3730
5775
6893
5471
462
3733
3738
3731
928
2675
6065
3734
3737
4703
5492
5200
2672
921
5495
712
926
920
3736
929
2944
3583
7050
5885
2679
4276
2676
3732
1437
417
5424
5667
2678
1075
5233
3514
6280
2209
1079
5187
6514
2390
6717
6447
4645
1433
2529
1856
3735
3819
2183
4928
119
2884
512
5319
5991
1692
2887
4697
6511
5299
5497
4599
4628
917
4708
6438
922
6700
3878
420
5152
4320
419
6170
7143
5578
5660
6758
3657
1062
640
2255
5935
4677
134
413
3813
6896
4514
5188
229
114
5876
3627
6213
924
2614
5181
5235
1022
2664
4211
689
3141
4926
2188
4571
4649
5075
3877
2251
6524
1451
1439
6287
5610
5973
1110
6899
2257
6224
424
4125
2602
4673
767
5857
4180
5613
463
4704
599
7141
465
4965
116
117
118
5765
3066
6990
5180
3069
2358
2504
5770
5920
5884
1670
4000
3744
5557
5023
6570
1849
6007
2701
4499
7149
250
3659
768
2442
769
5816
2628
4921
3621
5153
1677
425
2674
2434
2660
1776
5202
6281
1483
6719
5663
4752
2498
3663
2445
3079
3552
5472
138
1583
3157
398
3516
2765
464
1601
4705
2359
1950
6435
378
412
415
4174
5412
5133
5550
5245
2191
5861
2438
6471
4674
5079
4597
5132
1609
4273
5725
2673
6102
5808
6439
4519
4932
1553
6062
5117
2068
3294
2148
4591
4364
3560
1546
1025
4365
4747
4081
3173
97
675
4641
3215
4643
4801
3962
6318
4707
2670
6761
6522
592
5863
6997
7110
4672
5994
5487
78
5470
113
1453
4177
2320
2669
776
2663
4678
5182
2956
6826
6994
5426
1864
143
1430
3651
4679
27
1959
3655
5414
3872
5903
5873
5494
5331
4839
3299
2366
4840
3987
5565
3218
927
6723
6718
6081
5662
428
2829
2854
422
421
1870
5673
6432
411
666
4494
6086
6443
50
6693
2490
2376
2803
5366
75
6571
5642
3355
2616
5786
3656
3581
5207
6364
4675
1993
3585
4613
4848
2706
5119
6520
1024
5281
4924
207
3598
3661
4647
1118
6010
1535
2175
6215
5783
3573
4625
1560
1050
5781
4640
5186
2165
812
2888
5174
6822
7028
4332
3254
4719
6214
6211
774
7044
4772
4760
7030
2971
2001
3346
1998
4614
1875
4756
3154
5585
3211
6913
6992
3031
823
475
2885
3177
4576
838
4547
5584
1958
1957
6995
6951
7035
4684
680
1850
4653
4870
3195
597
450
729
6482
6996
6463
6554
3297
1841
4596
4841
6340
6076
1438
2568
2571
5993
2598
2599
4128
2285
1456
6811
5236
5996
4162
432
5519
1117
6289
3617
3624
2671
4216
2665
2662
1432
4209
5529
228
227
5205
4172
5222
4189
1431
5880
6355
53
3965
51
2396
7144
2472
2393
2406
2416
2418
3836
1332
6729
7162
3825
281
1230
63
2351
5496
5323
111
2355
5324
7142
2356
2506
86
5346
3745
2494
2492
5332
5817
6818
5142
1549
2169
410
1591
5089
1566
2824
914
6588
2740
5027
6061
6044
3536
6626
3519
3605
359
1606
1600
363
414
5547
6075
6892
293
1015
5801
4996
1026
1530
3375
1028
423
6764
1411
5669
3868
1217
3162
1279
6715
6726
4420
4014
4017
3133
3852
1889
5756
3841
6560
3978
3887
1865
4510
3149
1859
672
871
3916
660
3840
1659
911
4709
4515
3768
3433
6712
3829
923
3444
3512
5883
5888
5713
3665
3239
3234
805
4170
4592
3229
1543
6002
773
3668
4598
3221
6841
4230
5832
1772
1780
3623
3602
4257
3610
4611
4277
6813
4650
1460
3517
6550
840
4023
1436
831
980
984
4085
722
4089
5862
985
825
5777
1455
5778
6518
4350
4670
4668
5995
1459
3198
6523
4681
3582
1869
88
2195
6258
7059
5633
6390
5634
2194
7120
4968
2775
2774
2519
2193
1970
5122
2766
5001
2822
4980
6325
4923
6998
5534
3030
5143
564
2691
200
6991
6392
2008
4954
4920
5024
141
2819
1956
6216
6217
2623
6174
5116
270
5185
6247
2184
2469
5189
6498
7079
5074
7163
6326
2886
2435
418
6970
5161
2496
2721
2493
2283
145
4904
2911
2682
3076
3091
2755
5498
5478
4784
5296
5561
3070
6241
28
225
3072
878
6237
5343
6244
3790
5176
4215
3791
3849
2874
1206
5999
1092
5721
5722
473
4961
3295
469
4202
4963
467
5184
3792
6005
848
459
6832
6462
2500
1499
5183
6561
861
3316
253
6230
5339
2471
455
2814
1063
1534
1236
3763
2192
7083
81
6411
5766
6695
1541
1016
5474
5543
1608
4368
347
2741
5080
6399
337
3561
5479
2181
2180
1005
4334
328
2495
3103
5166
1611
1533
2086
2828
4997
2825
275
1248
4237
3390
1662
3618
3616
5148
2817
5802
282
2807
2801
5021
2211
2705
5538
5754
3766
2371
5758
299
5759
7086
5576
6823
6126
6999
4688
2431
6312
1953
1955
4833
5262
714
3702
2430
6323
5990
5851
4846
6515
3180
4849
5259
6947
733
6285
5417
5253
7114
5886
3013
5416
5238
6525
5621
3867
4652
2574
591
3114
2547
4749
1886
1189
5668
4770
5969
4731
1873
6972
6722
3855
8
6178
6783
1918
2552
671
3075
6171
1855
1927
1435
3052
2567
594
3860
4702
3862
5302
1339
2173
2953
3664
7127
5711
6539
5938
3816
2910
2625
6226
3233
2653
3818
205
2420
2407
1779
1778
3658
4916
3814
1113
3883
5410
6127
2422
3678
2622
6199
3255
3207
4646
1129
5230
4573
1417
2905
5349
5215
5290
2190
2648
5294
220
3652
221
4080
5293
5337
7081
2553
316
4067
5879
3653
1548
226
4200
4322
2373
5878
2654
2562
1511
6320
2354
2302
5348
256
6805
4217
3629
6009
5345
5900
5518
5312
7123
5172
1055
2280
4141
6812
2277
1060
4160
94
1042
5177
3639
1202
1209
1080
4086
