5871
866
863
865
868
862
6766
860
4274
867
864
6695
6860
4697
2976
861
7015
2169
6767
4461
5122
2003
6553
3757
3379
6718
6032
6289
4393
6044
869
202
6470
4399
1209
5620
3623
6029
5217
3581
336
2418
2365
6030
1861
1410
5622
2163
562
4678
2520
1122
4986
6541
2393
6041
5038
3894
2382
2521
2165
1398
442
152
4839
1079
5214
237
3892
65
6139
6549
5127
4279
2891
5239
4463
1281
1884
3690
4470
573
5206
3125
1178
6921
3119
819
3772
2996
6796
5065
2972
1595
3691
4334
5213
3252
664
6951
6481
2368
5834
4222
5672
294
233
6703
3504
1793
4097
5062
225
150
2206
4163
6492
6551
1124
2104
2414
3650
5161
3048
229
4926
4951
5841
2978
2522
3859
2562
4464
6948
3898
3191
5947
5895
2632
6475
1040
1052
1590
5610
4398
332
2944
3744
5631
6485
7144
5766
2741
5767
3307
6925
6935
4124
1614
6484
5110
5216
3360
5299
261
4859
4581
604
4513
6496
2394
1386
4638
6710
2788
4468
2333
6899
3318
5678
7103
4168
874
3315
5523
2841
6008
2483
5253
916
6947
4165
4467
1581
5293
5251
612
6557
5876
1780
1666
5658
6678
2232
5431
5406
2459
7124
3660
5311
2847
6026
657
5296
7140
3621
6652
870
2813
1046
5837
3940
2164
4156
4709
2166
4195
913
3573
4598
4595
4580
1123
3546
4553
6518
4466
2383
6477
1283
6945
7028
4321
3518
396
4203
3589
4852
1594
2338
4051
3488
5208
5207
5189
2585
1470
5159
1598
6114
2247
4856
1336
5054
4137
1980
5039
1042
3012
4980
2342
4928
7011
7010
4858
5067
6469
3617
6425
6038
3481
2574
6034
6208
482
477
3500
6004
3580
5981
2633
6357
6383
2636
5906
6285
4015
2681
4932
4886
1092
4851
1129
4715
4712
4707
4672
4633
3872
4601
4577
4566
1045
1240
4511
4462
3181
3182
3195
4333
3924
4328
1855
4270
1546
4184
1510
3293
3168
5057
1593
2946
2686
2105
5675
5626
5621
3683
5546
5525
2069
5473
5462
2791
2815
5356
5343
5316
844
5123
2000
5164
5179
5196
917
5836
3850
3371
5225
1625
1778
1647
3692
3370
6486
3584
2353
7165
6842
6509
34
56
2477
240
6849
6757
108
6497
6954
2201
2252
6720
6653
2440
283
179
165
2467
2872
3198
3190
4608
1415
5301
1795
2469
1570
7045
555
2610
3447
1414
5292
5219
1686
4078
2941
6177
7020
4698
6162
5202
3227
2918
6137
5211
915
7036
911
5215
1548
6110
516
2101
3474
4100
222
6762
6002
2587
6065
329
4674
3185
6576
4558
4121
5833
4855
2748
6675
5823
273
3777
5617
2106
3776
5764
7016
4478
3171
4501
5704
5708
5734
667
751
2786
5489
4120
805
5983
3186
6864
5392
2417
5926
4118
1664
2419
5337
5912
131
1596
2800
778
1597
602
2453
5464
1902
5472
2455
6863
2102
5030
2203
1991
1856
1854
1517
4002
2194
4219
1143
448
5071
4850
3552
6452
4789
3554
6797
3567
6392
1050
6417
6419
3991
4285
1954
5033
6376
1476
3577
5042
1721
2480
1857
6788
2523
162
3950
3054
3956
7027
6934
3509
1491
6495
1492
4204
1391
5121
4004
2256
6543
1080
4179
985
4853
4924
4841
1963
774
2420
5460
1075
4517
5693
4127
770
4016
6488
2746
2088
3281
175
5437
7107
2812
1114
3786
1787
2267
6895
3165
29
3999
6655
6894
4122
6856
5519
741
5645
4012
1624
171
4559
3779
3848
4519
4018
3028
4131
265
5474
4958
2389
203
6861
1527
4772
51
905
2963
5091
3110
5114
5248
1799
5257
5263
3897
2242
228
5075
4676
1000
3147
974
201
3333
947
206
1158
5124
3928
4688
3312
5205
3926
2246
971
921
2248
3301
5203
6708
4104
239
5319
1578
3860
6804
1585
6716
956
5317
1034
5391
3005
3007
5400
3368
178
1441
3001
6868
5047
3986
1566
5297
5298
4632
853
1141
4628
6874
1943
5056
2250
245
4614
2239
1983
1573
1814
4187
1613
599
6234
3587
4416
6272
1707
7128
3184
3183
6538
5921
3489
6534
6324
4429
110
3180
6525
1852
2652
6363
5848
5843
7127
616
1421
4261
5839
4254
3430
3231
3502
6227
2161
6079
4364
3626
520
6091
6108
2590
6547
2602
4150
6552
6131
1330
6039
330
3475
6150
6562
6161
6566
2375
6207
2324
8
1339
1418
6209
6001
2524
3588
627
6077
375
632
2187
1282
2320
6903
2671
3723
5749
6474
2109
1642
4215
5760
3560
6480
3559
6482
5738
2667
7114
2500
284
5831
3564
6407
4183
6508
6898
6500
668
2501
2665
2387
961
4008
4011
493
1077
3483
1931
5174
5167
6172
3345
4206
2541
3947
6931
2943
4718
2938
6867
1126
2924
6489
6081
163
4677
3348
901
3053
7009
6490
4155
910
2307
6122
6498
4013
2337
3619
6768
6123
2397
166
4894
2343
4161
1922
1544
927
3612
3925
200
6854
1372
5066
4053
5064
77
3234
189
6795
443
4262
3984
2990
6364
6366
1055
4784
1053
6371
2183
5035
1474
2339
6377
3987
2405
1363
4815
3004
3079
6389
6406
409
6784
2243
2518
2196
3229
2412
969
2195
2473
4176
6544
1933
4059
4017
1996
3313
4946
6326
6542
3966
6280
990
2193
3102
994
7022
3982
2190
6428
1516
1484
7158
406
6941
1637
2897
4675
4434
2265
6615
1288
5466
1599
6912
779
1765
6890
6619
1241
2443
2766
745
1783
7102
38
2811
109
2049
5370
5372
1586
4589
1220
2458
6581
254
5971
1224
3164
3363
5923
1592
5915
3439
2763
1668
3829
7126
3775
5630
5642
5643
651
2301
3374
6657
5661
5664
4505
3767
4479
2711
3376
666
5663
703
704
5624
1901
3815
5522
4126
5827
2082
2083
1423
1255
274
3720
1645
6674
4514
2302
4512
5774
5835
3188
5412
6881
5312
6037
4670
1916
6056
6051
1411
3665
1915
3885
1914
238
1572
1919
