5877
2007
2006
5443
2003
443
5878
6901
6039
5650
5664
5879
6919
5780
6038
6960
5873
5308
2009
6031
5874
2069
3615
6904
3418
5479
5314
6782
5659
7159
6771
3568
2452
2637
5512
3785
4098
6949
3464
5833
1783
2004
1542
2632
5788
4339
778
4132
3096
6532
3788
136
4074
2634
1944
5785
3945
3983
1185
6903
5476
2472
6940
1654
2321
1651
1441
7
6034
6037
7145
751
5782
3082
7152
5781
441
1911
4595
5315
4564
5809
3095
4294
6543
3774
6546
3468
1598
2827
5959
5444
1942
1184
3849
726
2179
1653
6725
6558
2636
118
4274
729
4601
5448
2081
6932
947
6930
1814
5253
3023
6701
2309
4566
2686
1943
3786
4101
635
2324
3044
2630
6693
5067
3086
5447
5800
3663
5099
4007
6577
5162
4608
2918
5066
1286
6936
3759
2314
6902
5524
3482
5637
773
1901
5947
723
448
5712
109
1171
4771
5912
3461
1565
3024
6855
6853
5956
4293
4268
6937
3956
3088
3028
6279
5520
2456
6370
3692
6373
3780
2266
6030
3654
3085
6584
5516
5195
3755
5316
1355
1282
2919
6539
5854
4122
5319
4602
2635
5655
7100
2788
3519
5018
1807
6716
4517
6909
3924
3826
5531
4261
3932
6935
1947
1928
4555
1199
6905
5665
1507
6916
6922
6898
5056
3098
2002
5657
7150
873
4138
6967
1348
5252
5719
5763
6941
3025
65
269
5717
3091
4600
3345
5441
5440
1650
7157
7155
6033
3864
2782
7126
3369
5313
2435
1070
2913
6123
7036
3003
2415
5957
6141
7012
1710
6110
588
4737
4774
901
6820
6527
903
3966
3822
2204
1941
3109
6544
5011
6739
6728
3102
2176
5160
5157
3789
3101
5807
2458
3784
6596
2060
5823
5815
5072
3504
1276
3997
5771
4203
4930
1046
112
1460
247
4817
3047
4100
789
2301
1910
5765
2633
2586
2652
5766
5442
5631
5749
5768
5747
818
2575
2902
444
5793
2906
447
3646
5583
5490
4272
5850
2677
5460
5955
5651
5462
4271
4255
5511
3522
5452
1358
902
2238
202
2150
3083
6943
714
5164
4402
6562
1578
3390
702
6844
1811
235
3949
1718
194
3781
1100
6929
1097
4575
6766
147
192
1946
5986
3456
2000
4638
6650
6942
6721
1142
2242
6488
4604
2454
3664
4149
5395
3007
3669
1652
3008
2364
7139
7128
1431
1655
1658
3018
6269
3078
3049
245
1707
1222
6268
3045
2263
1705
7013
7021
4139
4934
3888
4709
3290
1144
5611
1145
5436
716
3379
720
721
4623
2798
728
1126
5634
3284
5030
4865
2872
602
3063
3048
2882
5239
5258
810
3041
3022
5311
5453
3012
5449
4323
2917
1077
4528
5174
4392
4878
1106
2810
4903
5589
3166
2821
4377
3164
3104
1284
4405
779
2853
3080
4399
3132
5658
2808
1919
1917
1916
1915
4173
2542
6350
2570
1914
2580
2063
1449
2329
4195
6912
6914
6003
6011
2307
6275
6162
4144
6139
6785
4147
4141
3665
77
2325
6270
3982
3955
6273
6122
2439
3984
2322
5859
2584
3758
1721
1467
6979
4262
4266
5784
5769
4267
2082
4023
1671
6563
5707
3527
5700
3863
5696
7161
4269
5796
2328
1782
406
4208
6926
3933
6473
948
3840
2256
5841
4012
3105
4404
5047
3458
5129
774
3084
4997
6620
144
4401
2109
3820
1948
6622
6623
6706
6637
179
4006
6695
3089
171
6694
1196
1503
6607
5672
4993
1886
6910
6911
1147
946
1815
3414
6928
4583
6899
3316
953
6975
6983
1703
1674
1656
3357
968
7164
6971
1890
1554
1151
4986
4975
4409
4435
1940
4455
4942
6832
3160
6837
1927
4933
6590
4901
3941
3237
1158
687
4857
3281
754
6780
1000
3753
2172
5914
5475
5474
5470
5465
2885
5458
3628
4177
2912
2547
2530
5445
2515
2915
5434
333
331
6127
5907
803
1069
844
2717
4282
5654
5648
4273
2696
5760
2799
2815
5791
814
5792
5802
3565
7168
5507
5858
2596
5871
375
2981
5884
4071
5248
3014
1017
6272
3027
5218
2260
4334
5233
3040
1448
2305
3042
6383
6274
463
4128
1075
2173
4041
6574
5171
6540
6545
5318
2331
2424
308
4285
3778
4292
4116
4204
3525
3567
4291
4040
3846
4260
3841
1011
828
3396
1073
3940
3996
3488
4464
1098
4297
3976
867
4155
939
1104
3827
3776
3440
3649
4004
3980
4515
4143
1111
3679
3642
4335
4190
3991
3829
876
4135
3454
3937
3648
3942
3881
3348
5795
6678
5799
1350
6674
5827
5787
6656
2005
2587
5904
5911
2585
1372
5846
180
6715
6726
5522
5550
6806
5579
5652
1317
2647
133
5708
1528
140
6767
5746
6751
5704
2856
2578
5954
6278
6316
6326
6352
6542
6378
1442
6520
6397
6403
6513
234
2245
2269
6388
2573
6267
6583
2102
2528
2127
6032
6594
2453
6204
315
309
2392
6593
6589
6149
2326
2432
5498
5600
5491
6931
3172
4931
3136
3131
1179
1806
1180
4951
1868
1280
4991
3108
5039
1840
1805
1583
3234
725
3344
7158
7146
4636
7106
3292
4768
1592
7025
4769
1701
4835
6970
3268
1893
5053
4960
631
5275
5279
5054
5283
1232
5306
6857
6854
6843
5390
5398
6809
6808
510
5378
3046
5281
1224
5076
3093
3087
6860
3079
1469
5169
1926
606
2105
1508
2251
2246
1983
1546
1787
3754
3850
2067
2207
1879
1987
3824
2198
1540
1711
3821
1937
1481
3626
2267
2724
2823
2946
1071
2958
3000
3005
3465
3463
3074
3459
3090
1092
1183
2713
3451
3207
1108
3436
3216
3231
3282
1149
3286
3426
3423
1141
3312
3329
3383
3120
2262
2710
2673
3752
3723
2271
3709
2297
3705
2303
1445
1444
3690
3675
2362
2375
3658
2688
2457
2537
1380
1125
2593
1356
2617
2631
3560
3545
2639
3543
2650
2651
2667
2483
4295
1620
465
5005
6484
240
6485
5709
5021
6087
5870
5951
223
6015
5078
4607
5913
197
4196
5656
5653
5102
5606
5597
4180
6621
