2686
2000
3312
3757
6916
6933
2002
6931
5663
2681
5080
6807
967
2004
131
6234
6947
6939
964
6928
2008
3314
3101
969
6122
5666
5872
961
2256
966
5439
6906
3848
2297
6929
6590
5665
6905
5196
6938
3853
5529
6902
6944
5278
5207
6724
6914
3504
6903
5654
5233
5676
5100
6842
3761
962
6120
4189
4334
4374
1495
5989
5479
4841
1707
5874
3854
2481
3310
3260
2788
2814
6924
6943
5337
3841
1209
2189
5879
5876
6941
4903
3016
3695
3996
2888
2521
2461
5070
5708
237
3100
5704
4564
2897
4842
4182
5222
6772
239
363
1825
3912
4989
4857
202
3318
909
6641
2251
2252
6968
6539
3316
3315
2299
2182
6028
6600
5847
6932
3689
6911
1390
3849
2880
3850
2787
6925
5967
3855
3899
2001
5670
5990
6919
3894
2815
826
6922
2293
7149
5658
2918
2264
2268
1935
5660
7148
1829
2240
2005
7120
3012
5197
783
5174
5099
3290
7130
2997
2961
1901
4560
4848
965
2933
3546
6557
822
6672
3859
6659
2522
4339
3708
1360
2449
6945
4399
6934
6927
2684
4392
6767
3976
1516
2325
2587
2442
3355
6912
3971
3941
5316
123
2621
2026
5262
3929
5438
3015
5994
7034
3107
5314
2631
4547
333
6921
6920
6918
5780
6915
2718
6910
5824
5961
5825
1903
2966
2820
3772
963
5199
5576
3845
3471
7023
5238
4851
2454
1575
2267
2266
3320
6990
6554
6695
4187
2452
206
4845
6481
6965
4785
6627
2181
5738
5194
4433
3311
4577
5180
4549
136
6599
5065
934
4548
3767
4668
810
3362
511
4781
3681
3540
4663
4788
4438
3982
3846
3102
4543
2104
4030
2615
5271
5085
365
2619
3072
2798
2526
4120
927
3041
2003
923
3921
5433
3910
4179
3873
3337
3858
3331
4195
0
2883
1391
1399
990
1701
6742
1470
6388
6839
7038
6867
1783
6936
6776
1098
6608
6991
65
6926
1936
6923
6629
7145
1388
2633
3677
3686
6421
3890
1304
5195
3878
6324
6892
2677
5176
3851
1069
1393
6868
3817
3816
5171
2180
3844
6771
1688
2515
6638
2262
6532
6631
6534
477
1573
4435
4632
872
4450
4566
1045
6618
2520
922
553
4128
122
1061
1810
4949
6425
6770
1638
4012
4847
843
4026
6738
2537
6484
2249
4795
3671
6650
1934
7021
1302
7031
5668
7142
2804
5653
1261
1998
5843
1842
5997
5805
5996
738
7017
5475
956
1847
1097
1296
1263
1890
6112
3617
6907
2885
5225
6198
6913
1
6917
5253
2962
2733
5871
6129
968
6935
3045
306
7159
4156
2513
3022
4185
1126
139
4233
2505
3650
6635
2886
2311
4465
2383
4449
745
6624
163
4422
2979
2444
4397
6630
4391
1260
6644
4129
3979
4055
6948
6800
1068
6836
1303
2786
3379
2785
3385
3474
3842
2738
3518
3526
1078
3581
3656
1297
3024
2794
606
4050
2536
3063
2811
7036
6739
657
579
3149
3966
3956
2620
3264
2632
41
3319
6963
3325
1517
5223
6598
5315
5328
6471
204
4843
6326
1828
6123
5431
4797
1844
4786
5463
5526
5528
1857
4799
2205
1686
5312
937
2096
2107
221
5191
6320
942
5214
2036
5237
6419
6423
919
4967
4951
1822
2196
960
2259
6487
4636
5689
4709
900
2269
2290
2298
1991
2294
1933
4650
5661
5574
2963
5671
7144
664
5273
1821
5265
2827
3545
6184
2688
2710
1820
6185
1274
3608
3764
5732
5760
3760
6894
1147
3718
6899
7
6283
6901
5198
3676
3675
3670
6904
6211
2975
1947
1815
750
3481
5287
5880
6971
2797
6983
6985
3028
3293
6997
6999
5891
3042
5470
5521
3148
1290
5585
5892
5437
954
6035
5836
1944
3088
1824
800
2784
2816
7128
1827
3522
949
6089
5829
3338
7127
6087
5342
6962
1932
950
3769
1803
2673
4192
6655
144
4184
4183
1475
6720
1632
1056
1490
1472
6351
6485
201
4846
6741
3977
130
2590
4902
4834
1453
1590
2483
1541
2368
4565
2430
1041
2431
6621
1497
4436
1585
513
869
1579
6537
4708
6639
2260
4318
5747
6653
1040
3963
5759
2173
3861
5075
6834
836
5079
2639
2649
5055
3883
6786
6846
5047
6779
1421
2115
5163
6610
3924
4943
3949
4944
2667
2105
1511
2083
2451
1755
2265
2679
1194
1560
2675
1392
1011
2879
977
2847
2127
2455
2842
1544
1367
1794
2432
2443
1398
2616
2813
2006
2761
2628
2206
1423
1024
911
1298
2185
2711
2527
2708
2183
2525
2523
1294
1630
2484
985
903
2682
1596
1721
1492
1854
1476
2800
2031
2638
1598
2255
1066
2796
4173
5160
4439
6550
6530
4540
4623
4685
4696
4698
4717
4721
4773
4777
4783
4790
4794
4437
6576
4434
5784
133
4040
6689
6657
4190
4206
150
6464
162
6617
4277
6594
4314
4360
4377
6593
6619
4017
4832
6397
6011
6002
5447
5486
5522
5895
5561
5595
5842
5652
5833
5756
5788
5774
5778
5301
6029
378
6113
6395
4856
219
4947
6378
5002
6362
4840
5033
5050
5062
5067
5073
5153
5167
6128
5039
3972
516
5781
3003
3680
3068
3660
7025
3648
6873
3262
3583
3313
6891
3539
3532
6937
124
3326
7039
3345
3448
6949
6961
3363
3367
3775
3776
3097
6860
6774
3964
2949
2960
3950
3948
6820
740
3914
7137
3387
3882
617
3874
1812
1811
6219
1804
5930
1154
7132
1269
5792
5897
1248
6357
1151
7167
5834
1814
1158
5981
1201
5991
7114
1841
7112
6085
7108
6096
7044
6125
5850
6168
5985
6190
1268
6210
1930
1892
7165
1431
1292
1571
1569
1567
6562
6574
6870
6869
6586
1540
1394
6850
1531
6831
6620
6622
6799
6783
6654
6777
6729
6731
6766
1424
6559
6538
6509
1593
6976
6969
1728
6405
6424
1687
1301
6900
1308
6898
6895
6373
1684
1654
6466
1374
6469
1386
6488
6493
1620
6500
6876
6508
1667
6940
2903
1987
3692
3745
3779
3886
2634
3927
3932
3939
3944
3960
