5881
450
451
712
2433
674
677
5885
5888
4067
675
5889
1094
2391
6061
474
1019
7112
2510
454
453
6241
670
2678
678
1015
6249
368
71
431
2434
2395
4069
6240
6432
6243
2425
2438
5919
2432
6447
1924
5131
676
672
4152
3066
5745
7113
5867
78
6440
6708
6456
459
2512
230
470
2435
4330
3952
5219
4694
6242
4655
4764
5887
2423
5471
7062
6511
2784
1033
2783
5749
5354
6815
2281
2420
1025
3398
6516
4063
3551
6132
2722
4060
6430
1017
5485
535
456
679
6438
1091
2167
647
5866
1439
1093
455
2577
3810
4295
457
5504
2431
3068
6078
5882
707
436
2318
4200
6063
6100
2421
4298
5632
6491
5635
2386
6446
5406
5932
233
4349
7050
2679
1096
685
2283
484
6512
248
673
5135
471
5580
74
4064
5235
6449
4836
7020
6074
344
3857
2674
478
6713
3608
2394
5896
6819
462
5148
5232
6814
6731
463
1016
6431
5918
6439
3037
2598
6533
2833
2907
2353
2673
5880
3392
1539
2724
116
3069
3391
6255
1102
6517
5568
922
1113
5137
5411
5941
3010
2727
710
2726
713
715
717
611
2430
5414
542
671
1090
84
5868
5133
2538
6443
6217
5702
3727
3829
2523
2120
719
4299
2405
725
458
452
720
6829
6247
4968
1022
5786
2274
813
5367
2589
6813
2373
5783
2676
6810
2503
4065
531
2675
5071
4668
3537
6825
6712
2298
902
2728
3536
5086
5140
2424
3561
4469
5839
2725
918
2428
321
3032
3023
1680
702
257
1855
4901
4880
6047
2504
118
113
3220
6058
6062
6245
4569
620
70
2574
2880
1503
1435
5407
3820
2571
5497
5423
711
79
6347
2499
4965
6434
2396
477
472
1611
1026
6368
3036
5163
5668
3253
483
6065
6070
488
487
485
4705
1617
4677
649
5890
4832
1483
460
6170
3006
705
5864
704
6092
4674
2785
370
3448
3009
2288
3442
5936
5937
2786
5949
4928
4908
5860
4888
4885
4515
3394
4466
2888
6415
6258
6419
5916
596
598
2427
5933
4671
2143
5116
2664
83
7028
2581
3979
5361
4269
6822
3072
1989
5349
112
1984
5594
292
4320
5595
4123
3573
4014
3026
3973
138
5784
5618
6841
2721
1851
7045
4097
1118
3811
3813
41
4205
1284
4292
6717
7060
1922
3123
4047
6758
3227
1028
4525
467
1619
1849
5938
1014
3065
853
6869
479
2399
1841
5636
6351
5670
1020
482
4966
5254
5676
6816
2662
6783
701
2312
6076
3853
5546
646
1496
3381
1490
4820
3148
718
683
687
4800
4795
5476
6075
4697
626
5363
3395
3222
4643
130
575
4648
5319
5970
122
1537
1071
1193
2511
97
7024
6244
4861
6025
2371
6522
4361
299
5901
2422
2162
966
5863
4227
5088
4228
290
1718
2181
869
2712
4236
6463
6634
1325
3285
340
4462
1649
2437
345
5826
4256
1712
5102
4150
2436
5130
2426
5758
4414
4645
3827
5384
2280
2286
4701
2729
1993
5804
369
928
4644
2893
2282
6010
644
3141
3972
3030
2732
4260
2311
3264
1981
6175
6215
2502
1422
1305
3020
305
7027
1982
5883
6066
3852
388
3387
3079
75
1195
6057
1722
4287
1298
4296
3202
2125
2518
1095
6498
6259
119
6495
2522
4687
628
1408
1404
925
5637
6885
2468
2657
3782
4061
5904
2632
970
4790
4034
3226
6417
4029
4974
3431
1288
2289
4527
1289
3289
6165
3158
461
5451
5703
5061
3235
5121
5674
856
5202
2532
4161
6436
2475
4322
3507
7134
2557
7099
1470
5861
4013
3254
4962
148
915
4464
7079
2382
3819
722
6883
723
1213
5977
4493
2570
3144
3188
1607
1604
4789
5931
516
2052
6365
2390
6098
5418
5935
5420
6453
6108
5847
5388
914
5537
920
3153
5417
5487
3346
5490
2345
5493
2875
907
5180
6079
5897
5265
5255
5645
2263
5250
1233
4972
1236
843
861
5055
5056
3035
5909
5754
5682
5690
5908
5205
3241
5747
5741
5730
2182
3034
1040
1291
5626
5547
1099
1421
5358
5355
890
1072
5139
2161
6055
5805
4881
1432
4884
5602
2315
4895
2310
5299
2944
5969
5966
5963
2972
5621
5144
5598
5597
5458
6570
342
547
2600
6711
2663
540
4018
4094
536
1788
2388
2393
239
1608
1799
1609
6823
4606
143
6285
578
5454
4642
2494
553
567
6846
4641
161
2592
6828
6826
2492
6679
6391
6410
4272
6504
304
6508
383
376
2048
6580
2113
327
6532
351
348
347
4337
6482
6480
2717
2780
249
489
2402
475
2670
6442
6648
4234
3568
6621
423
6462
4460
4419
142
1861
2599
343
7114
4679
7110
3791
87
4772
29
3704
635
664
81
3856
2852
2520
3818
3383
1485
7058
135
6209
7074
621
7017
7093
45
1953
111
1464
6253
1987
2501
1963
6990
6151
590
1465
6548
1727
263
339
4297
5798
3575
1956
961
1136
1111
5428
4265
957
1929
2462
1923
4230
4249
4276
6560
4286
5840
6592
3151
1950
20
4290
1716
3022
4267
1717
965
1119
5813
296
3714
28
6572
1299
1710
1303
2527
5604
6667
1830
1018
5364
1832
181
6803
3892
5252
7016
7014
5647
5646
2595
7011
1885
3938
114
3959
3650
5292
6867
5293
6936
3980
5599
189
6778
5366
1087
2469
47
250
1280
5755
7059
6671
4153
2019
6678
1912
61
1286
1098
4134
6689
5381
1893
5208
1802
5215
4092
1088
6719
6723
2010
238
5394
5170
913
543
3439
6336
2385
1502
4721
1434
1588
6356
769
4543
5950
4647
4670
5917
2782
6195
4883
2857
6252
2866
6182
4882
4637
4970
641
6088
5960
1565
4610
4924
1574
623
3433
2122
6232
6073
6229
5968
810
4940
4640
812
4675
4835
816
6213
4952
2381
2909
2821
1524
1506
480
6437
5911
4665
2864
2415
405
586
1657
697
396
706
891
1671
6514
6461
6518
