5892
2786
2527
2524
2787
2520
2525
3650
2522
5843
1092
2523
3669
3659
2789
6119
2361
5671
2213
3668
2521
3576
3773
83
3979
3577
6758
5690
3572
1533
6992
3651
5556
4605
1841
1562
142
5759
6128
723
739
5895
2256
4784
1245
3777
3510
2505
2785
3972
3774
869
943
2370
718
236
5694
6210
6869
5628
3557
5847
5897
6562
5874
3568
7166
2888
6366
3656
4610
5697
2005
762
2782
3660
6117
2385
3558
5579
7020
728
1344
7160
3573
5231
5492
1844
2736
2122
2526
4360
4146
970
137
160
3652
5419
7038
5674
1145
5409
6244
6539
2571
328
2369
801
806
854
764
777
6900
731
1703
5760
5857
6878
3664
3489
2746
3977
4325
500
3658
4833
1541
1847
1537
5434
105
3770
4746
5084
6351
3224
4469
379
5411
3654
949
3603
3665
6993
2732
6359
6113
6550
5425
3985
3166
3974
6857
684
6672
4612
94
3776
7130
7145
3775
4266
1839
4710
4055
5574
1243
1542
5695
5677
4665
5247
761
4050
3383
335
3311
297
632
3220
587
4524
6734
4719
6721
6694
714
733
6522
2927
795
231
4712
3251
7169
320
972
3971
2198
2068
5499
1575
1567
5236
5991
5430
5263
5274
2367
5994
3762
3769
4006
7015
2292
5395
1402
5997
1458
5397
5880
1644
5232
1040
1838
5176
4982
992
2582
323
3667
2742
3686
5017
167
5758
571
364
5421
6873
1741
1460
3193
4210
5696
1853
581
2185
5818
5811
6872
2009
5571
5872
1992
4297
4303
5992
1603
6883
3444
6810
5489
2121
3226
4267
5840
1446
2293
2225
6553
2462
2475
2484
2513
2528
2554
5151
6520
2896
5095
924
4981
6490
4802
4971
4960
990
976
975
973
2458
6252
6567
6568
657
3102
3095
1401
6671
2298
4613
5306
6123
1306
6724
732
6204
765
768
5243
5237
799
2982
5234
2441
2443
2366
5116
1831
3950
3757
3940
3778
3555
3639
287
3614
4056
7011
7027
3653
4059
3562
3008
4648
2368
2377
771
2394
698
2379
2391
4289
2393
245
1307
1302
6673
4619
5244
3023
6255
4641
3849
4455
3405
5260
130
2440
735
6977
6682
729
1988
5233
3569
635
3096
5959
6008
3196
5414
1444
3791
3249
5980
5999
2187
559
4003
1481
1493
6782
5448
5445
2214
1532
3173
5396
5496
1166
5316
5493
1340
2299
1569
647
6966
91
58
639
498
2267
2250
5387
6738
6741
4149
97
3042
5810
902
1001
4216
3666
2733
794
1786
3683
4741
3471
1056
4989
380
6381
4963
4762
1789
4895
947
5716
1821
4834
3913
974
6930
1845
983
1846
1833
991
993
3511
997
851
3949
5435
3697
1147
2966
7041
6892
5779
5805
4101
5178
2220
7025
1409
1408
5401
85
234
3022
994
5393
4141
5157
2580
4057
3150
5335
6465
3191
840
6577
3989
955
2983
3575
958
2821
2984
4002
3003
1469
4809
572
3663
977
979
1211
3197
4144
1367
4143
6572
7005
1364
7036
4598
1303
4974
2363
4978
6417
6353
4985
2352
734
4129
6356
1246
5275
4034
4044
719
2935
7069
1060
2714
163
129
2455
2877
233
4548
2882
3039
4557
4908
2749
5087
2748
2611
6712
3682
6111
2445
6114
2632
5311
3101
4962
5242
6693
6378
5440
5528
1545
4284
5820
4287
3306
7155
1748
3362
3987
7134
1570
5692
5612
5894
3554
4396
1866
1745
1548
4339
389
387
1572
3454
5664
1560
4269
4262
1577
4363
5494
1743
4321
4260
3462
5661
5957
7120
5782
3247
5859
5842
3846
1985
1982
6923
4199
1818
6853
1840
3550
4300
4214
65
3235
2018
6566
1488
3848
2447
3049
1122
3398
4052
5110
439
823
3408
5792
307
6211
5079
808
6283
4274
774
2506
6291
6877
1201
3559
2509
2466
766
5588
6606
3000
4273
5192
6586
6584
4643
5638
4642
3409
3027
5576
1161
6317
4646
1151
6294
1656
4715
6561
6999
4198
6924
6500
4209
5735
3919
4212
2880
2884
6456
2887
1002
5698
5744
1803
2783
2784
2815
6935
3655
4845
4870
4808
7006
2788
1812
6933
4801
7018
5722
1842
4183
358
2625
7031
2741
5019
2663
2936
6374
5040
3689
6387
1242
2652
6552
4099
3690
164
2956
6990
6396
5010
2673
2740
2734
3941
5683
2902
2903
4743
3481
3688
5768
6534
4252
863
2681
4988
2898
3565
2454
122
2258
3163
2262
622
6068
2263
6731
2266
4536
6814
3147
5357
290
5487
637
5555
6720
475
5511
5314
4327
4581
3338
2252
2316
5317
6108
2313
56
6821
3779
6962
2251
3165
5485
2129
5970
5973
570
4467
2180
576
70
3222
2150
283
1475
4440
540
5465
6129
577
5961
4383
1540
87
5483
5400
6749
582
2235
1421
2218
2217
2212
3988
2210
6035
5300
954
2389
4606
5253
459
5898
717
2057
3604
3375
2374
2371
688
5287
4026
6679
5893
5532
6842
2026
2348
4616
6972
1631
5886
5273
5531
677
5481
2221
5408
6032
5406
7028
1535
3938
2125
5956
5856
5736
2449
4053
4054
5883
5702
5271
1526
6011
7118
2346
2444
5879
1834
1836
2020
4038
7137
5429
5235
2146
5570
5864
6476
5552
3657
1463
6471
7010
2186
5258
6458
1854
6464
5861
1447
1517
6003
5876
2196
3662
1454
2136
74
1843
5751
5763
1993
5054
3717
2294
1568
5781
2296
1305
5189
2620
2519
1341
2615
7077
2063
6362
5666
6110
5094
1582
1126
2564
1165
5304
2078
1727
1140
5162
5794
5798
5800
3708
1538
1298
2290
2034
7151
2035
5679
5756
2392
3947
1922
7039
59
1757
4983
5390
6413
1361
2684
2038
6257
5769
2383
41
2465
139
5593
6376
2269
5946
1188
5328
1558
2682
2648
4176
3396
3363
370
4397
634
4399
2918
867
633
4286
4140
3365
4541
3159
4392
6732
618
6961
6736
3257
356
6582
6742
4744
6946
3643
6748
889
285
519
221
858
4233
4696
6563
4277
