5890
1115
4092
4610
1405
4099
1447
1408
1318
5480
4140
4076
1444
7058
4091
1445
1402
1114
1403
4093
1404
4146
5488
2388
5489
4147
4892
4096
1111
638
4131
3080
3081
1401
210
1443
4144
6589
2155
4149
3085
3820
4148
3828
3495
1442
3938
1110
4132
5277
5482
3382
5351
4135
1400
4141
6577
1315
4134
1929
5352
103
6584
5527
5483
2115
5598
2157
161
2399
1406
4724
6195
1208
5757
3635
634
216
630
1311
5014
6838
4230
1449
6461
2227
1407
104
3353
898
3352
268
3935
1314
3106
6720
6189
6180
1752
102
2304
4693
5668
4139
4820
5300
4130
5619
4824
1052
2159
101
4137
6817
2052
3937
5882
4095
2130
1286
7124
1576
1720
2116
5946
3351
5283
5219
2940
4296
4142
4143
4593
1925
1323
1409
2948
3359
2392
5450
1113
1485
2577
5093
5355
2151
3222
4239
5266
5379
5485
6725
1750
7072
6721
4075
1116
5729
1656
5847
2364
507
376
5476
5140
3357
3008
3354
1317
3499
896
1316
4299
6543
3350
891
217
994
3492
521
3264
4136
5524
72
2876
2153
2842
442
4823
2282
1327
2298
370
28
5234
2395
4097
6946
2559
5015
7161
385
1924
5592
109
6100
6936
148
263
4145
3109
580
912
3086
3051
115
530
4248
353
702
540
6561
632
3631
3534
875
3498
3644
824
3742
7052
154
3220
2780
1441
5682
7054
5970
5909
5261
5901
4760
4722
3089
4005
4006
100
105
4531
2345
3023
2353
935
3428
3383
5021
1117
2722
2670
21
6185
2725
3934
6843
4890
3022
2578
5007
5009
5544
4701
4721
2038
2786
372
2135
2175
6836
2221
355
4827
2117
933
3082
518
773
3548
791
1326
6587
6152
6164
6188
4260
3325
6281
1107
1087
990
3491
762
6674
6031
1538
3029
1757
1754
1749
4290
3102
4157
515
5821
1678
5881
4539
1584
3155
1574
636
581
324
4962
4025
4029
3837
7099
258
4004
3829
7155
145
7134
264
7077
277
3794
7118
4007
1907
4658
4003
4124
4891
2987
5568
249
5541
4117
323
2728
1674
3084
3083
6440
6847
2477
106
1753
5130
1764
940
4152
6516
1847
1758
2726
6819
2898
647
2222
6730
4828
4831
522
5358
3640
529
592
532
4844
7139
549
4837
5376
5415
2167
1658
3572
3806
4234
6679
2112
23
6816
717
6814
5452
710
4231
2156
6706
5520
4022
545
6313
3206
2597
3366
4492
1112
4538
4090
1448
4535
6159
3834
6173
319
6292
5905
6306
5908
3253
1324
1178
2588
2635
4436
3129
5006
6127
2583
5972
1329
3201
5867
3153
5455
1250
1470
2849
707
2848
3284
1489
2111
4751
3202
722
4405
1446
1650
3857
555
6792
2314
2301
4843
6144
2288
6117
3258
593
3652
2280
7045
4832
1313
6742
1312
633
4483
6174
7123
6070
649
657
1283
5422
1214
4497
254
3026
4064
4009
4292
4297
4298
5895
5743
1773
7057
4540
1090
5868
4590
1741
1082
3131
5862
5860
6436
1011
1715
3087
1708
1660
4543
3396
911
1213
5903
3016
5486
6247
768
769
3123
7115
3322
3323
5936
793
3544
3541
5931
1547
247
6585
3161
6579
2960
3532
4438
5624
1923
1922
1913
4611
5904
4008
1822
835
5133
5247
5243
396
6885
2701
2510
7151
2465
531
4866
4153
5229
2723
5160
4118
460
3707
5215
514
318
6963
537
1268
240
3497
3000
236
3493
96
3010
5651
890
6529
5656
3490
1325
3791
2727
6837
6486
3456
3049
1807
6157
6929
4273
3042
3037
1825
2621
3033
4045
3027
3818
4272
1908
6833
1339
4731
4741
5490
4746
6962
4728
4237
2110
486
6684
2757
2113
2634
2406
1786
2026
4697
1930
5631
2974
4261
90
1332
3549
1333
466
467
3999
4255
798
298
4000
6158
1785
3058
5017
6289
1277
1156
5913
1549
3335
147
1537
3330
6181
6255
3320
4495
3317
362
361
2600
6186
346
1261
4028
347
5907
2590
3200
5004
1481
1482
1488
3196
4487
6039
5906
1581
4325
7051
4594
1756
118
1739
1719
1718
1712
4755
3405
4021
3823
171
4356
4430
6363
7154
3356
2677
1600
5889
5869
1569
6340
1281
1285
6348
4364
4362
4944
3824
3105
6131
2319
611
6702
527
2841
3646
261
4224
5288
5244
2799
2177
3671
5284
5285
4845
538
2347
4829
5286
610
552
5254
5263
619
3678
3636
3799
4192
260
2380
6745
1743
4190
3421
5099
6737
6432
1742
5353
1027
2496
1634
6743
615
5861
2691
1657
2706
1663
6413
5815
3093
5800
2134
5797
1746
1717
3425
3442
119
5715
5375
3482
2208
910
5381
2729
1866
1869
5666
899
897
6724
5652
892
5718
932
3916
4195
2821
1751
2720
2234
2721
3819
973
2716
6476
2225
3462
5131
4822
4300
430
5136
958
1633
5894
5242
1288
1284
1276
3218
3957
6182
6037
156
7053
6191
4410
3205
6204
3199
4493
6175
1414
5269
556
325
1337
1336
3261
1334
5264
2632
2296
1363
1320
1319
1371
4947
4448
6794
7036
1321
6342
2579
5968
4924
4372
3151
3870
3802
4920
2543
6897
4371
2730
3372
2808
1096
3384
3749
7014
6950
3157
3649
272
4494
5960
2289
6773
4509
5939
1483
2666
5933
5932
1182
1544
2668
5919
3339
5934
4211
2776
4740
792
3805
2415
4665
4259
2178
4885
4888
780
719
672
1926
4116
4267
1920
6612
4744
2049
20
243
248
3542
3931
6813
2423
1997
2005
5542
461
1980
3574
6582
5548
2888
2878
84
799
3795
2154
708
1896
5406
705
2053
287
4736
6712
4634
868
761
476
3933
6960
3595
1258
5299
2681
2090
1264
293
582
746
4534
5891
6244
4104
6623
1497
2546
1266
583
1609
3826
159
6827
4102
1189
5967
2158
5475
2407
3744
4094
5241
3282
2172
5298
1071
2095
4912
4180
5863
1639
3304
67
3388
4401
6811
3386
2092
5866
2068
1999
