4995
5003
4994
4999
5285
4996
5280
5286
5006
4993
5000
5008
5289
4997
4998
5004
4990
5009
2874
5282
4992
5001
5281
4991
2876
5005
5007
6820
522
3672
5099
1324
1822
1371
5284
521
2877
2038
4115
4154
404
2879
6778
5582
2660
4781
1370
1268
1821
5195
6090
3234
5755
5161
4788
121
2873
5533
3645
1775
6421
1379
1266
283
1394
6424
6939
2291
520
6779
5588
6905
6919
2292
1824
2870
3157
3159
5707
2131
1780
3653
1823
4477
4543
3609
745
124
928
1267
1494
3221
4049
7119
1391
59
1334
25
5231
5589
2298
5700
3914
2045
4031
6130
2399
698
2115
526
6928
4446
527
4180
2577
639
6771
6547
6777
3878
2850
6909
1779
5536
6096
1013
5382
5196
6094
7072
1264
5434
5590
5302
5352
1399
6698
6735
6660
1337
1504
3228
3468
4110
6776
1336
523
24
5595
2853
3150
7155
2845
1194
287
7160
3161
3607
226
2872
1586
2225
1828
6261
4546
6060
2071
589
3029
4407
6149
6099
5822
528
4862
4397
4533
2634
5587
3677
4547
246
529
824
6861
293
3658
289
4571
4573
4662
1263
5530
5532
6178
6904
2780
6832
3670
6757
6309
5123
1653
5898
5945
1687
1456
2278
5262
4045
475
5265
6107
1430
1825
1097
3850
2249
410
407
638
4949
4942
1770
6741
2568
1338
1332
5596
3854
4746
3167
6929
3231
3154
3084
2871
51
7054
1
3312
27
6775
5234
515
524
1476
2359
5200
4197
5769
7115
6542
2307
2296
2294
6988
508
55
2410
4080
6774
5381
3796
6751
396
6949
6737
3117
3876
2513
1106
4002
4039
4042
4066
2290
6664
1335
1024
5202
6471
7079
3070
6188
4631
6144
6141
4964
1899
6192
1896
4937
4931
1746
7050
4890
1772
6067
4853
910
1538
5911
4579
3681
6428
2176
1582
6420
2126
141
3359
7033
6280
4548
6251
2036
2031
1668
2023
2011
742
4542
615
4836
238
3155
5593
285
5481
6862
1204
6843
5480
6699
282
3919
5659
1418
3936
42
281
2470
2029
1667
2488
916
1109
5485
45
1537
7093
1390
3851
4758
1023
280
2681
6272
1661
5182
1518
2287
5194
5657
7058
4944
3113
48
1388
4099
3423
4607
4119
6198
5490
2370
2349
5585
3543
3404
3664
6922
517
2375
6968
2379
53
3605
171
1509
6962
6536
6684
4972
2457
21
224
1928
2815
2025
5198
1444
4575
4576
3667
1497
2299
2560
3855
3222
7107
196
2139
632
1850
637
4792
6761
3791
3790
2179
319
5838
6911
2667
5093
5385
2635
5387
6786
1339
29
2168
6754
5338
1827
1189
2567
1771
2962
1606
143
2214
2875
6381
968
3676
6846
1873
1541
2663
2733
4436
4785
5829
2662
4155
1997
871
994
6336
987
5050
4580
5083
6594
6382
4141
4456
5219
4449
3101
5226
2363
3240
5087
1262
1055
6579
2117
4142
1659
3082
3652
1640
1548
5191
6457
588
1664
6460
1650
2216
5015
2220
2256
4540
2221
4539
2237
4509
145
2293
634
6553
5890
4405
4457
2709
2961
1191
222
2028
6427
3229
3650
4399
5845
2792
2752
4479
1560
4206
6841
1677
3273
2573
4892
1872
6093
3323
182
1124
4
5650
3841
4936
3870
7134
430
3447
1403
4947
1407
7039
3325
830
4783
392
391
6836
6926
2846
1321
3025
3146
3680
1323
6048
3022
3445
1826
6790
3140
1829
5617
6773
882
3474
4866
6753
6746
30
4736
5704
4098
4116
4442
4593
6963
5708
5701
1681
6628
5240
50
510
2411
4685
4663
225
516
6692
4017
6923
2775
2461
4716
2455
4660
2690
3278
884
1974
3636
6059
4476
4864
5849
6077
236
4471
4617
6339
6199
4586
4837
1796
1820
875
7164
878
3075
105
944
5044
2112
235
3309
5495
2077
5523
1852
6159
1238
4588
5989
3631
2787
4544
4545
2024
3356
3341
3571
4711
120
5984
4743
917
3156
3352
260
3237
4684
7159
6080
1774
3559
741
3249
3606
3165
7065
4682
3357
4535
930
240
3265
2058
1874
6888
7043
839
4939
232
2351
6845
3409
3408
525
3405
2686
3971
5287
2362
3153
2358
2683
179
4148
6759
4165
3792
4188
5450
3788
5653
3671
1116
2377
3807
5233
4005
5309
6847
1373
4048
172
4072
5332
4036
6925
35
5333
7150
6686
3220
3799
5260
4032
6691
414
2582
2583
7125
5244
4132
2309
362
570
2633
2211
2210
1546
5805
322
2653
3147
5124
3380
3232
2958
3675
147
1001
3641
2665
6401
5819
2157
6830
2661
2140
6540
2217
2631
1540
6722
5616
575
2297
3655
6532
6997
6938
2517
1032
2951
2671
1530
2276
2275
4237
6505
6793
4272
3382
6486
6916
2223
4041
3213
4930
7057
5064
3210
3145
3141
5384
1782
1781
3139
1226
5592
5360
6029
887
5353
5337
1320
5335
1367
5393
3208
1378
5321
7135
5692
22
5752
3239
5756
3100
3238
1502
3227
1286
5197
1187
1512
7158
5751
5188
3086
1027
5799
1545
72
5807
1561
1634
1576
1584
7098
990
14
5743
5718
5713
1111
915
1208
1414
1103
3116
4968
923
4978
7130
5402
1436
1697
7059
3264
3152
933
1691
5828
5962
3056
5522
3247
5405
1078
3061
5406
5304
1029
4564
1220
2178
385
4394
6750
633
4392
630
4391
3797
3801
4372
395
398
618
617
5534
3803
3804
4375
4321
6758
3794
6275
315
3673
7012
324
3679
2851
4475
3795
6937
2130
3734
4437
357
2135
3482
4418
4414
3731
3354
6950
2564
2896
3915
3406
3918
6707
518
2378
4134
3911
4129
4118
3429
4009
4092
6693
4077
2463
4040
501
6740
2366
4144
2277
2949
4211
3837
585
6523
2301
3852
6593
2302
6555
4190
3858
3859
3874
4163
3396
4146
6543
3668
6792
6238
3602
4754
3535
4752
3610
3613
6122
3620
3598
131
4717
3643
6145
277
2714
220
288
6152
4739
4767
6902
2765
6043
6046
234
237
4799
