5934
5908
5909
5933
2725
5902
5901
4887
5916
6259
645
912
5904
1090
1096
2727
1099
4880
5918
5932
4884
4886
4882
5568
5906
5905
5560
2162
643
4888
4883
708
4889
5569
5919
4159
6819
2728
5866
4885
644
2720
642
2729
648
5868
709
5911
5936
5134
345
2281
705
704
641
5136
5939
649
5913
1094
1097
646
701
2726
343
1095
5860
340
710
5566
2287
2724
5867
700
1093
460
703
3811
6254
634
2289
6251
5254
702
1091
4152
6711
2167
5907
342
5937
6240
5135
3351
2499
4151
4150
1258
6815
5139
6431
5130
2592
5137
5931
264
5912
263
84
716
4093
258
816
4153
6256
898
914
261
653
5638
715
1503
6814
3176
6442
4881
2312
3037
489
3035
3036
5900
344
6197
3039
3047
4157
5865
2723
6445
1405
1057
1506
719
5917
4009
2591
5864
5455
4092
6414
2280
4935
711
4154
632
4498
6816
3934
5351
2925
7113
2722
4250
6189
2334
2356
4487
100
3498
105
5910
1287
5476
250
5903
7118
2273
2576
2462
5783
1910
1911
2288
6037
4136
2311
4142
480
5743
7046
372
2674
3131
706
5370
2990
1376
1403
5935
5453
5170
5988
3350
5131
2034
5172
1098
5869
352
5930
4063
7004
2092
327
4586
4563
2037
300
4934
2304
1115
6418
1253
6313
1496
5564
1626
6209
3945
6193
2597
1763
2507
6044
4760
4749
533
5863
5651
6102
5938
153
7111
4148
2338
1565
7077
636
1851
2314
2716
4158
4064
663
4067
2286
3384
5995
4091
1104
3952
1564
6453
5728
2948
531
4140
4906
5784
5361
3174
3030
1920
2433
1924
4754
1929
1650
1202
355
3477
6104
4171
725
6241
2144
722
3555
5960
868
3499
6257
2099
5014
4931
3554
6785
5581
5949
1485
6789
349
348
4243
2155
379
2574
5482
2494
5341
3106
2495
5457
6882
3042
481
251
532
6302
5742
1807
3824
1500
3591
3034
554
1507
3879
5358
6126
3590
3032
361
249
1508
6296
647
5163
4060
5138
6558
4860
4861
2285
2310
5559
5896
1714
2081
5090
4482
6995
3449
4172
3490
313
2110
2319
5830
6466
6289
73
1102
444
265
6283
2333
7066
6533
2659
268
1726
1538
436
506
216
5567
6277
1502
4483
2721
438
440
2771
3871
6258
5480
495
4716
5165
5145
659
970
672
5074
896
4173
4890
699
864
3539
4494
835
6719
723
4894
3596
772
640
5169
1042
3284
5428
1400
2941
2967
2968
2977
1359
1344
1323
1440
3819
210
1280
6409
6436
5306
4486
5283
5264
615
3813
3118
3635
2282
256
1981
2578
4069
1795
5926
2145
5968
5757
5890
4343
7161
4457
2538
4593
339
4623
28
341
2419
6095
6093
4008
1916
4611
7123
4347
2111
2243
36
1741
2245
5881
243
3946
2337
2039
1720
6011
4574
1699
1989
1724
4027
1735
5614
3820
683
4169
1006
4525
3013
3040
6999
4604
353
3814
5164
4246
4245
7041
1309
2248
4094
3818
3049
4139
359
2316
4005
1015
6072
638
930
940
679
1116
5236
6034
620
6505
4026
3723
3179
6463
4824
6462
3177
3721
2048
2331
1158
3241
3256
5826
594
674
1206
1058
322
3105
5326
5142
3353
7049
2409
5227
242
2095
834
727
6721
1788
5963
5487
1808
6306
1357
1477
6309
5484
499
717
6713
4713
6153
1505
6166
4447
5610
5619
6249
6186
3944
2651
2641
4714
2773
5639
5951
466
6744
468
2156
819
1725
842
45
507
4188
5423
2113
2942
5741
4734
4959
6701
1413
4972
4719
6334
2474
1855
2488
713
6798
1444
5459
5914
4356
1370
6368
4914
5150
752
5979
3594
3607
4330
3623
41
6546
773
2195
5147
891
5011
5947
6767
5015
2203
2084
3397
932
2227
837
6589
2130
6577
4345
5950
5133
847
3354
6674
899
4970
2114
2153
4346
3582
149
5160
2704
46
2857
2859
1474
5702
1463
6111
103
5727
1447
5697
1446
1443
1854
2497
1420
5443
1404
5422
5406
2964
6098
6303
5491
1498
5599
6252
4479
6182
5580
4262
94
2763
1710
2777
2779
1568
5647
1558
6290
1547
1749
1536
1528
2573
1783
1887
1888
5390
1363
3158
6452
1970
1171
1163
1159
5840
6461
3187
5245
4232
1111
5189
1053
1051
2335
5861
3300
5862
1037
2306
6042
1027
2395
3080
4442
5383
6398
3017
6073
5364
1917
1919
4244
1923
1926
3041
3043
3046
3048
1283
6057
1262
1257
5340
124
6052
6048
5942
4205
409
209
443
614
584
437
650
748
707
4137
4155
6829
3857
385
4144
4675
4135
3639
4516
312
4499
657
555
4133
3885
4178
3672
4496
623
624
4710
453
605
378
3707
501
2056
7074
3903
1216
6887
3111
6008
1918
4706
491
4043
146
3352
3357
4577
2656
3872
2539
4207
2077
6132
1259
102
3437
6663
1252
6632
5483
6984
5086
2151
6253
5092
6255
5107
5725
1930
3386
4869
2025
5323
447
2640
5129
1227
6840
4864
3383
1199
260
2276
1552
215
6300
629
6455
1166
4256
1072
4820
2832
5970
2315
6510
3173
1089
4691
371
5250
616
7093
1114
5973
1760
2605
621
6506
1756
5502
1537
5944
376
3893
2067
1559
1026
2781
67
5966
5558
1016
4337
1196
5993
6845
5964
3704
5144
1739
4352
1486
3138
7043
1052
5767
3286
3288
1562
2598
3307
3897
1567
1039
2069
1569
5545
203
1566
3470
6127
6474
2645
539
6218
5454
2093
3549
3599
6959
4252
4022
2391
4452
6143
3528
851
1810
4750
1654
5984
569
1300
4386
6180
6848
776
2242
4897
331
1352
4933
2330
4114
5382
1412
4423
5843
319
811
2365
3568
4062
3935
4130
6895
2169
6157
6394
4400
5465
5450
6786
525
3825
6706
2713
2644
1435
6847
5356
175
4715
71
1441
2649
1282
11
890
2399
744
759
1277
1445
155
2157
4738
5019
212
2577
4667
2717
