5906
5909
5901
912
1097
5134
5902
4159
5908
5918
5911
5934
5904
1090
4885
5933
646
645
5136
5932
6819
1099
1096
5917
2729
5916
6259
5866
1094
4154
5936
5912
5569
2591
5868
708
5560
2728
1093
2727
4884
261
1370
4150
5905
4880
2725
6882
649
6240
3554
6251
5939
648
5919
643
4883
641
4213
2162
2167
343
4887
4151
4886
5914
4152
2592
6283
5568
2726
2724
710
5130
5564
5860
704
3555
868
510
644
1095
3876
709
816
2720
5135
2281
2287
5907
5913
701
5566
6302
700
345
5743
4093
4888
5784
1506
705
642
2419
5931
4157
3623
6048
7046
4889
1805
4894
703
4882
5910
1895
5430
2773
6700
702
5465
5254
1091
930
5867
2315
5004
3879
340
6431
4228
6776
4504
657
6303
3039
4418
5307
6718
5864
2964
1724
6254
4153
460
4064
6886
258
5170
3035
711
4990
4972
1215
4881
916
4525
4221
5309
6150
3256
5559
1807
337
716
634
5915
6740
4155
5406
7016
5707
5700
5014
961
1376
1098
969
338
84
5306
2280
5561
1027
1470
2289
1057
1405
5567
1565
46
4992
1699
4134
4173
6350
5937
5264
2779
4733
2879
263
6256
5127
1710
6067
5370
3307
5090
342
5616
5041
416
2471
2499
468
4569
5137
6798
4180
4183
6815
569
6781
6845
6848
532
2603
2045
465
4224
6846
638
7052
2007
4719
940
7113
3825
6442
3960
4601
3032
6044
4868
866
4482
5358
1719
875
4810
898
5362
6663
3655
4893
3723
3037
1509
4734
4760
5282
5476
1508
5930
6711
6126
3179
6309
3176
819
4934
6255
1501
4811
2286
4819
2301
2302
1403
6453
2306
5652
2311
2314
4789
4262
2433
3350
3336
1283
344
6398
6392
3956
1528
4027
994
5783
4590
6037
6671
3514
5949
3595
706
4970
3589
5903
6767
5865
666
4158
5778
4092
4598
6820
2273
4677
3720
6146
4675
640
1659
1547
4670
6086
1715
1716
537
873
3499
865
5000
3030
6792
273
264
4395
5099
3011
2534
2890
77
5466
5126
4413
5384
5367
5463
7140
4422
2473
2941
5300
499
4247
4229
2292
5324
5653
2321
3599
6307
4935
2312
6713
3549
4245
3252
278
6720
4356
5941
6935
2163
5938
4535
6301
632
2574
5502
1503
5005
4400
23
5871
6289
6288
489
696
1523
7040
5284
5869
5488
6189
4495
6292
6996
1855
172
5500
2705
2276
6895
6207
4498
4352
5019
5672
4529
1031
3818
3591
6143
2604
4172
1785
108
6828
7111
5139
4470
3347
4568
2399
6269
5272
4750
4875
6266
1395
1760
2088
4278
3036
3352
2488
914
5767
6363
1200
3329
1718
6399
1330
4586
6276
6132
333
6130
3934
2577
4250
1227
1713
2156
6816
1714
2597
3704
2365
6014
6462
3498
1170
5209
4896
5171
5047
361
3234
6275
5133
4496
4179
6197
5823
6247
3112
3056
3542
6791
1053
6257
636
1051
6258
4171
3961
3552
6795
2080
4178
4407
3969
5855
3954
4497
5890
615
4687
2771
4674
6002
4105
6003
6567
3174
6678
3650
6104
128
5172
931
1663
1668
4096
125
6589
3672
5368
4618
1717
7087
3629
870
864
5364
6052
3102
4595
6042
5386
5975
1854
1856
719
2704
3210
2701
4494
5468
720
4348
3997
5480
699
3990
7036
5900
4347
1502
724
4137
6707
7119
4931
3187
1887
2935
4142
6719
985
6163
6164
2716
4937
3597
3199
3596
1701
5614
3477
1209
6897
6409
272
404
4998
3041
6314
6982
2573
1229
3946
1371
6299
2288
3811
6987
1104
25
2195
5713
425
6298
2176
3905
443
5728
3950
448
530
2538
2541
5103
5581
5774
3871
5773
384
4186
5071
5752
4754
555
389
355
1220
5281
3323
20
396
3874
4415
5276
1241
5009
4730
4716
2271
4550
4715
2303
4237
2812
6386
6975
4005
2507
7054
1546
5462
3831
992
6300
1357
2511
5921
860
5410
466
2530
7055
6433
715
3999
6391
1758
4874
5351
2351
2357
3928
950
6008
2908
3701
2368
6039
2772
6034
1282
2379
3872
1281
3013
1787
935
934
383
5173
2309
5638
5221
5450
3195
4933
4679
6940
313
5031
6091
3721
5236
414
2319
5232
2409
4090
1331
6984
5639
4270
963
5972
962
2323
6884
1216
863
539
616
3528
4416
6586
330
6250
3538
3042
7004
1206
6072
2609
877
349
3253
2168
2169
232
3812
6294
228
3062
3244
4570
647
5316
2599
7144
2110
2119
6814
1707
2874
7013
554
4177
553
6265
611
3486
1223
1712
1092
5129
2565
5742
2068
2067
4626
4563
45
2588
3330
5141
2636
1114
6368
5710
683
1725
4942
2947
2210
5006
2884
5285
1728
2667
6440
5010
2223
6880
5694
1778
3944
5685
478
1006
5870
2658
7035
1973
5206
2177
4996
3967
6208
4997
7024
2474
1500
218
4315
1039
482
5286
280
2656
212
507
1496
4798
6365
4479
1669
1202
4385
2891
1267
1666
4879
6073
6082
1204
1205
5361
6581
1275
5269
6277
938
2940
6513
6445
3822
1487
3813
3964
6238
4815
4814
1101
6243
4813
5321
1060
3047
1442
3957
3051
4414
36
5311
1073
6457
1401
5308
1404
1529
1009
1535
1126
939
1645
4025
4024
6106
4020
6414
960
3707
6139
1337
14
6144
4863
5235
3077
5280
4009
4008
1144
984
3726
6179
4835
5283
6182
7123
1363
1601
4852
336
4355
409
6743
5894
5035
4340
3235
2328
216
2326
2307
5570
3567
3562
3558
4499
3300
2300
690
2298
7039
5489
752
2730
1902
5147
1911
6732
2493
4140
3593
7050
2707
2706
2190
2702
707
5053
4346
2346
7020
3245
3247
3492
5757
2542
496
6860
2544
2144
2145
4991
2557
5122
534
2203
531
5712
5727
2199
5702
5008
2103
2579
3550
5827
4964
3541
3539
896
2034
5821
388
2282
296
612
605
602
2071
4170
4174
2084
4302
386
2193
813
4610
3661
4109
1751
3152
