2720
5901
912
5939
5934
5932
5936
5909
5914
5905
5902
242
241
1090
5904
5913
5907
2725
5933
5916
2728
5135
5911
5918
2726
345
249
5867
5462
268
247
5931
5919
269
5903
264
1094
5134
5908
2727
3035
245
4150
5926
5860
2779
2280
2729
3030
2306
2721
5912
5910
340
2494
2724
2499
4152
260
4159
5476
5906
258
4136
4595
5900
3990
6450
642
259
6259
3039
5915
2473
4749
1097
5130
3036
3037
346
5566
6819
646
251
240
853
5866
1508
4498
3723
4887
645
6290
3038
4158
5136
5868
2467
3819
2591
5935
3720
6737
6736
5743
4522
84
5947
3105
4935
368
5487
2257
343
6887
1807
5254
2398
4482
499
861
1503
4525
3814
3816
4526
243
5702
5773
5783
1124
1279
5234
3047
5864
5937
5954
4730
4496
5367
5074
3520
5313
2465
3813
6414
4321
2273
1104
2099
5170
6883
4656
1659
484
496
262
6043
2232
648
2516
641
250
7053
248
4017
1093
4567
2773
1964
2722
4529
2574
244
246
6706
349
4417
710
6766
554
2492
6823
6558
491
5616
5938
1215
4760
2315
5951
4810
5651
2319
5021
2285
2281
3207
4228
6109
1562
1739
5123
73
5137
2162
5564
5139
3554
1749
254
4418
2421
736
2930
2176
3082
6457
6795
5058
3978
2289
5172
4414
644
3627
4675
2460
1677
2462
3234
6829
3303
649
4091
1096
3350
984
2529
3961
2301
2938
5122
5133
5569
6581
2147
2774
6513
1218
6614
5361
5366
5949
3876
873
856
2018
5406
2010
3933
3046
391
531
2626
4483
5685
2171
5688
2169
2156
2112
2173
337
331
611
6789
327
1551
700
469
6313
6312
6309
1841
1282
1212
416
1725
1718
1714
6044
1658
1553
6288
1185
6368
6431
6738
2090
730
5741
2050
798
838
851
877
1523
926
1881
1099
5925
5930
342
6637
6798
2627
2603
3766
3719
5362
3683
5343
4673
3605
3591
4712
7024
2807
4734
253
5216
4792
3449
2919
7037
7076
5086
2242
3019
4905
3040
3307
7051
5059
3498
4450
5019
4264
4386
2365
4172
5465
4181
4151
4130
2292
2396
2394
3962
2495
4356
1275
1255
3443
3439
3433
6170
4793
4135
4422
4157
4262
640
436
6111
4211
613
6103
6092
4913
4960
3219
1691
1501
4344
3550
555
4486
868
4504
4523
911
4527
7118
6543
980
994
995
998
722
6773
1027
1730
1042
1057
28
6739
550
4044
22
4687
663
3582
1144
1210
1038
4885
4232
5189
384
338
234
5409
341
2553
2778
272
5275
5185
2611
1902
2859
388
5455
7028
5217
256
2518
2964
2397
5917
1805
2314
3081
5950
2296
302
2166
3048
5956
7050
2338
5393
3131
5617
2282
5863
4487
866
2598
5430
6552
4506
5838
879
4520
2597
991
5415
4570
3812
978
2037
3825
3088
3960
4236
2304
5671
2167
2333
2155
653
2375
4353
2393
5513
5477
860
5722
4018
2474
3993
6730
3992
2500
757
4427
6695
3967
4431
839
5473
1013
2646
2621
6236
6214
1386
1406
1432
1435
1445
5171
5132
4860
1507
3015
6130
6127
4818
4886
1554
3034
1569
1600
1605
3049
5057
5045
4933
3182
3177
4986
3170
5010
3317
3427
6302
1875
5869
2629
2645
6463
3762
6459
3721
3685
5351
2700
3617
3608
5324
3604
2712
3599
4706
5192
1879
4800
6315
1227
1219
1026
4772
4719
1184
2827
1142
6399
5261
1216
2248
3584
7086
347
348
155
7116
359
6861
89
7093
261
466
80
265
7078
7043
7111
7052
492
203
267
7166
364
4737
5865
4528
864
2453
6843
3351
72
865
4611
870
5187
3187
3185
4109
6258
889
2429
4925
4739
1385
2493
5370
4173
3258
4494
4163
4489
3774
6152
5048
6719
4931
7102
2576
399
6889
2557
1440
1433
1887
1888
5433
1409
4981
5443
1404
5036
2012
3194
5789
2052
3954
3583
2144
2152
4671
30
2165
6385
4415
6392
4674
3597
503
5131
3635
3284
4411
4013
88
26
3623
5607
1080
3612
497
2245
495
3135
6336
1202
5567
3955
2415
4499
1286
1283
3108
6304
6594
4092
928
2395
1260
5518
5728
4710
2080
2084
5724
3118
2111
336
2890
2891
4655
6319
1217
3980
5784
1520
832
2711
149
672
4182
1645
1710
4936
5235
1751
200
5998
5306
3782
5245
606
425
6037
5988
1574
3239
3054
208
4813
4178
4205
2706
1570
3852
1795
6123
5264
4817
1606
940
1253
6844
3044
1330
6105
465
2952
569
1578
4708
7125
92
1248
2086
2367
6038
2093
1237
3423
2713
3561
2391
7100
2069
898
4207
5228
6283
4104
4209
4617
4635
5124
6300
1713
914
4325
2007
1281
883
6880
881
6124
2400
2399
153
6845
3176
7144
4337
1595
1274
6830
6317
6411
5585
7055
5272
81
3826
3138
6811
2275
5656
23
4237
591
7018
4916
6068
4912
3624
3835
6884
6816
6815
6942
4679
6468
5619
6462
1652
500
5144
4400
6072
313
1034
1032
4220
3375
6347
4423
996
424
3983
300
5690
6327
1626
472
2330
2119
5557
3818
4369
1006
4919
2287
7054
4000
7034
6506
479
1170
1017
2163
1015
177
2161
303
5678
3129
3042
5706
2420
3701
1448
5410
5358
5205
2552
2547
4875
4274
1439
5921
6702
6701
4798
6700
2568
4726
3519
1770
2673
1897
4253
803
6995
3256
2508
6685
4460
376
2504
5450
6895
2575
6888
6173
3058
7004
715
2658
4963
2642
4495
1527
445
7065
414
3479
3779
2662
5081
6
1497
763
1453
1456
5974
4254
4902
3528
407
6166
5944
4183
2605
3773
2663
4476
817
1878
4599
833
3085
2488
6209
5203
4247
4742
2477
4451
1744
4446
3333
854
1965
1355
6237
97
3725
6871
2912
3196
1552
3013
5960
1498
3803
5646
4413
1494
7160
1720
413
1391
480
3634
4481
6083
2175
6164
3768
5895
4890
1474
4004
1717
1565
6264
1640
