5168
6069
69
1150
5966
5978
2921
6505
2341
1066
1155
3072
1072
6509
4485
1068
365
1848
2985
501
1920
1064
1673
6324
1346
2058
2937
4776
64
5420
6507
4777
5428
5927
5928
5983
3068
4624
5780
2241
310
1625
2996
1065
6225
5459
63
1517
4695
6409
6078
4775
360
2837
4705
2922
2838
390
6550
6378
5581
1921
1280
219
1990
2990
5962
4699
2835
727
7004
2398
2244
4094
525
5163
3471
5953
6554
6559
6580
1552
376
1622
303
6411
528
6551
5647
2064
3117
5165
623
5453
1411
5033
5210
3070
6033
5167
6746
1621
3063
3882
2343
3904
7105
2161
1983
512
2575
4383
5981
1510
6942
5218
3470
6940
4517
5156
902
2075
1629
6868
2069
2931
5987
946
4536
332
5469
5984
5502
6515
1074
7029
1132
2991
431
1127
2992
3110
2537
4626
6556
805
3061
3811
6487
5169
6492
5189
4475
5128
5612
1919
3077
6019
6555
6010
5070
3504
1668
2060
2414
3472
7077
689
650
5773
2120
4623
2346
4703
7012
2247
6238
3852
2997
3474
3248
5788
1440
2455
4771
373
372
3164
6060
4233
5835
3942
374
1514
4063
13
4796
6075
6058
5038
2832
2833
4778
1154
2396
4704
6013
1531
1661
6537
5672
2488
5554
5470
5458
5457
1069
6506
3721
3909
5423
6503
2466
3001
5831
1515
1551
5893
5896
6482
70
3569
3568
1653
19
1955
1151
4519
2817
1987
2159
2304
6227
741
6248
2347
4533
3066
213
2291
3019
2820
6866
2994
1979
202
4459
7019
4513
2980
6230
679
4575
6973
2932
6373
6158
4621
2248
5988
4539
4330
5042
6502
5455
3911
5873
2473
4331
5074
2072
6137
515
5361
3079
5121
5786
4530
198
2439
369
6447
6406
2485
5646
2152
7050
2889
4625
4067
2988
485
1176
4110
6970
5304
4109
5464
4034
4442
4951
6513
871
3158
2344
152
1070
6688
5383
430
5308
4917
2245
3096
1418
520
5333
394
6379
5317
375
2155
5356
6087
1386
105
1146
4119
3288
5651
457
7167
2309
7043
6558
447
3065
2999
6510
653
3067
6268
402
1354
1353
3060
4362
6625
1388
4336
2804
6246
3138
1287
6508
1071
5454
2998
2818
6971
79
3486
3241
6030
1726
2050
5032
16
6869
368
3069
5980
4535
4534
6759
6888
1658
2007
7100
4102
2000
4638
4635
4627
3071
6079
3473
246
4691
71
4070
6849
4620
6072
223
2834
827
6061
3042
4702
3561
4538
2070
1019
5848
3074
6727
2349
6187
629
5838
6199
1035
7166
535
6497
1518
1044
5830
56
2936
1567
4106
6
5158
5910
2420
2642
1623
6904
2437
4532
3951
3053
6414
1135
516
1140
2570
3700
3635
524
3092
6083
2723
505
523
6443
6052
6056
6389
6018
6435
1076
1126
6097
870
6432
802
636
5764
5882
6182
6260
5842
3364
5050
3171
3245
4562
4537
3964
2066
2074
1563
1561
2011
2822
5212
1524
354
4781
4478
1513
4472
5268
1446
2821
2125
318
1956
4797
2395
2792
3243
254
3240
3234
2995
1922
315
74
4663
5048
4661
3885
1677
302
2417
4639
1650
5046
2813
1519
388
436
133
438
440
5505
2243
5526
443
448
4242
4238
2301
2486
5686
3289
1171
5704
4113
5708
3287
2809
1844
4422
404
2810
5422
5447
1361
4432
393
6576
4757
1928
1927
2348
2113
4062
687
869
4060
6218
4749
2312
2310
2297
6245
2077
3392
2079
6102
4366
3435
2001
826
3430
744
2242
1957
2934
2719
6234
4388
2345
2249
4417
4531
4073
5716
1811
5238
1490
7168
5829
5323
1439
5341
1416
2471
2571
1345
1343
1333
1332
5467
5475
1282
1139
1138
3886
2895
1120
3111
3285
5619
5546
3105
2509
2512
2875
5493
5745
4779
5201
1556
3283
884
6041
6036
4899
4943
1714
5005
3231
5018
5044
5985
2677
1665
5081
5089
3075
1557
5877
1015
5880
5166
1012
1554
1010
2422
5110
1620
2418
2644
5930
5164
1441
7169
6380
6459
6909
90
6484
6486
352
214
621
533
567
527
66
6355
526
76
73
196
6917
7159
11
6681
3040
6687
281
6456
6438
267
6777
135
260
18
6339
308
7034
574
6786
495
2296
454
5617
2306
2401
5649
1157
1105
458
4046
5743
2307
4066
4069
6553
1130
6530
1152
1153
7056
5762
2342
3091
1077
846
3672
2584
6063
6436
6053
6050
886
3726
3728
3737
915
6457
5979
3073
2510
3881
39
5926
2467
3910
2450
3933
6490
61
1036
2290
3994
2410
5783
5611
1375
4171
6843
226
1982
1582
5160
4608
1992
1555
6724
6717
5211
2021
2028
1516
1512
6751
1511
4629
1607
1782
1781
1780
1755
4816
4767
4751
5030
6767
1672
1901
6760
5082
2851
2830
6839
5603
2036
209
4444
4321
1289
1278
4249
5501
5509
2595
2879
5528
7027
446
2883
1226
1783
409
1494
406
401
3162
2062
2977
2071
5313
2083
2982
4514
5360
6944
2130
4465
2147
1366
5413
4449
6417
4866
628
6320
825
6377
2935
6322
7158
6256
3443
3440
3612
659
745
6188
6263
670
3566
3367
725
631
6235
790
6372
6093
6232
14
6277
3598
7147
5587
4234
5541
5545
3493
5583
123
5513
2685
7026
6975
4447
5426
6976
3014
4328
427
5474
5476
2686
434
2235
759
1277
7021
4247
1207
3640
4159
1116
2374
7096
489
2659
5749
5761
4036
1121
2394
620
500
513
68
2649
5824
2953
62
81
3500
4072
2356
4150
455
6189
5403
1189
5683
3115
1177
1125
4114
3114
4107
3556
473
626
7067
4104
2351
1170
2816
5332
397
4669
4667
5090
1627
1626
1943
1958
4633
3432
4628
6844
1976
6848
327
7165
1578
4604
5088
5080
5078
1654
4864
3244
1810
276
1815
2836
1827
6789
6738
4958
261
674
4728
4713
257
680
6757
1656
4791
3437
5176
6734
1473
6882
2073
3018
5310
1451
5318
3153
1477
2081
