5925
4706
4910
564
2482
1075
5395
4624
4424
6855
4488
4919
6381
4702
2680
4913
4878
4515
5169
3169
2580
6319
5920
3983
4519
3560
4912
5693
1817
4914
5634
624
5501
4483
4512
1387
554
6877
5929
3160
775
2712
4708
4704
3867
3482
6316
4703
1038
1381
3911
6873
4514
4411
7022
663
4257
1383
1362
773
4929
4921
4926
2313
4766
407
4338
1786
2921
93
5986
6237
1814
5955
5049
1346
6878
6894
1270
1007
1626
68
3298
1591
6306
4707
2090
3003
1818
6390
4709
339
3955
3070
1834
1232
856
6578
5154
1433
162
5025
6325
6979
6261
3164
4922
5167
6235
4527
6854
5649
61
69
369
1070
77
3966
2480
3989
4335
3294
3293
1432
6411
82
1810
1048
5768
4876
3604
1438
5953
3920
4628
5830
4511
3134
4487
2998
6706
6187
3346
5142
1003
4652
6870
245
6315
3860
6227
4916
6230
6874
1988
4870
4485
1816
3292
1279
3995
6305
3274
2954
269
6314
503
3488
5833
5763
6081
4925
501
7079
4085
4518
4701
3639
4915
3162
384
3887
4855
4705
4054
6705
6857
2469
3344
2465
4486
1813
4600
5103
5923
5072
1321
6875
5386
4890
3698
4850
1326
3632
1889
2453
2062
4917
4086
652
3345
1782
5162
5349
6852
1487
5748
2999
4473
2939
4018
5045
1881
2953
2142
2824
578
352
3088
539
7068
3018
4074
3884
5469
3168
2994
5028
3170
3114
5027
3175
5558
3869
1788
4459
2093
755
5513
4513
4368
6044
853
4597
60
3338
2646
6887
5302
3780
1500
4911
3480
5902
1439
1435
1343
1389
2400
1380
5388
4657
1369
1071
5628
3342
2656
4529
2305
4532
5342
1230
242
3599
1580
5834
4494
2460
6736
1320
2986
3982
2458
995
4456
350
2439
3595
4928
5290
2146
2147
4035
2010
4276
1645
4457
3984
5076
2106
6890
1255
398
1101
1073
5308
3017
4331
4489
4920
388
4918
2518
2995
5832
1203
4924
3484
6728
75
3997
4484
85
6372
3521
3985
88
3946
166
5029
3273
5011
2018
1589
5928
2704
1769
894
5949
1494
3881
3885
6086
689
692
5950
3888
3891
736
5927
4415
4528
650
6311
605
5279
149
4889
5042
3091
4885
5717
3198
3108
2974
3295
5362
3807
3886
2971
5230
6898
4620
3880
1109
1581
3543
4525
3277
7004
7076
6080
2993
4622
3826
774
5380
6969
3296
3970
5377
1883
1005
6226
1799
1904
1413
1352
5726
5144
4495
5710
3687
1811
1718
1437
5272
1271
5765
3900
6272
3945
5721
6135
1049
6844
1478
5922
3988
4587
1033
1490
771
575
1150
2651
143
155
4253
394
164
4084
382
7091
2098
4859
4482
89
6570
4854
2919
6433
265
4429
2242
4440
2827
2137
4451
4125
5043
240
87
2148
4383
5836
4336
2575
73
4327
80
4476
1710
732
273
31
5446
2240
1218
5714
30
2476
1677
6074
6785
3864
3863
6989
5629
2273
1650
4521
4522
2277
1084
4852
247
1694
1721
1749
5170
595
6746
601
3093
614
6167
2861
3940
5331
4499
5468
1806
640
4754
4136
3112
315
5026
4510
1202
669
5669
2595
6572
3144
6775
1082
5433
1077
4554
5900
4595
1423
1420
1414
1411
5926
141
5954
5728
1376
1372
2415
4645
984
2429
5975
6872
4955
2462
3661
2463
4907
6139
6518
6851
5952
897
3476
1076
4205
4420
1598
2302
1588
47
208
2735
5421
4695
1080
4694
3950
6839
193
5718
1501
3343
4233
1275
6555
2720
2715
2350
4952
3324
6371
6350
3980
4480
364
7053
3959
572
561
5699
6737
406
3073
1971
531
5127
451
425
565
4023
496
5947
2111
6060
7045
5120
4089
4491
4767
506
3952
2997
535
3215
1358
6228
5969
2246
1652
4387
2057
246
5102
244
4838
1977
1687
2937
6005
6127
4653
1676
6328
4393
3057
3177
1692
6224
6327
978
996
1897
7141
4425
756
6323
2642
1357
363
4427
1014
4209
6701
2081
6975
6107
5423
6830
6850
5725
3992
4673
4805
5766
6955
905
4676
2358
3019
3763
4872
2713
194
5114
5261
2725
4544
197
2109
165
4699
2284
236
974
972
479
6876
4857
5938
4963
6537
947
4083
4215
2387
1963
3725
6704
212
1429
2740
1430
826
3814
6976
4800
96
2092
6223
5021
5020
1766
4337
6888
5081
5344
2868
4333
7078
5741
1994
5018
5667
560
2215
63
7043
2530
5961
1207
4950
7037
7035
7034
1102
6153
5318
1236
6394
5354
2511
2955
1815
2177
1031
23
3098
6669
6196
3908
6214
5951
1292
2141
286
81
7018
3478
3889
5086
2992
5512
6880
2
1852
590
275
2241
1983
4615
3936
2814
67
6684
3485
3647
5921
4517
3903
3153
2483
5013
6450
1436
3593
3376
3598
6546
4978
5399
4681
32
4883
5811
3592
4871
3596
395
6543
5919
1188
4358
5085
1460
2533
2532
4670
4689
3597
5740
891
5267
4668
1210
3594
5835
4346
2516
3562
5614
937
3633
2655
1995
5381
2498
3684
4960
2491
6668
4654
1347
2630
6667
1336
6666
4589
6222
5837
4651
5957
3466
2938
4908
1027
6664
6457
6118
4343
5094
2930
151
5630
428
3516
3429
3512
6530
6358
1385
1384
1088
2381
38
1382
2401
480
134
4962
3696
5361
7135
446
39
3694
6513
403
1254
588
2339
6341
1672
4426
5033
2899
3857
6321
4458
6067
534
3099
6435
2853
5035
5200
779
5126
6299
7118
4208
1868
3046
5795
4732
5214
2101
3987
4526
5540
5998
4203
5036
4418
3866
262
5168
296
6581
557
357
1761
691
4443
2213
555
3896
5054
5165
4174
1880
4176
1887
354
3118
5177
3172
4428
2721
6764
3171
1708
2846
2245
3882
1888
5715
5161
2300
7050
207
3942
2318
825
3800
828
336
3956
5769
2149
6385
859
3299
3809
3291
198
1545
199
2327
2731
2329
3803
200
3801
4696
3819
6825
2097
3270
3076
3957
5773
