5099
4997
5008
4998
124
4993
6820
4992
5280
5004
5286
5282
4999
4996
3681
4991
5003
5285
5700
961
5707
4995
969
5001
6776
5000
6102
968
5005
962
3976
967
2897
965
5281
1378
6778
1097
5665
5265
2874
3850
3851
3853
123
1373
1370
5006
4994
4990
6779
6771
964
7119
6963
1371
960
1377
2872
5911
4154
2299
6198
5262
3854
966
4942
963
4663
3859
2096
5289
3100
4560
1027
3672
5007
2876
1376
2713
5284
6916
6919
6847
6910
2517
4357
2515
6929
1013
1973
3018
2710
1632
4150
6149
6937
2176
3978
5708
4007
4155
1375
3213
5009
3339
5704
4250
6832
1379
1495
3456
6772
239
3329
3677
3260
6706
2287
6962
6701
6905
171
6911
6846
2667
3855
6725
1652
2873
5821
2573
1910
1449
3016
2960
3858
127
3082
2107
5975
2714
5197
6141
6144
6275
3609
1335
2038
2032
596
1367
125
6366
86
1713
6983
3423
2238
5495
7
6028
3316
658
333
2297
6700
6932
2292
6721
2662
4976
2577
5930
1023
7164
5490
6307
6946
3355
1822
2080
6146
4392
6646
1691
2463
1363
5727
6843
324
4040
4407
5917
1829
2031
3086
6427
3070
6750
783
1494
4142
2513
5161
264
1436
3871
5652
3874
3389
745
4781
3695
5650
3876
2591
816
6513
1919
2145
3268
162
1721
6777
3692
1216
5134
3311
5079
4844
5195
5272
5585
5941
4972
5945
2514
2349
1441
3878
2309
2148
6622
3590
362
1974
3753
6143
4603
2086
2567
1041
646
3755
5659
5456
1796
4416
6928
3451
905
4151
4180
2278
205
6842
2634
5653
4400
1609
2718
1886
111
116
120
4130
3545
4312
2686
1718
1606
1807
588
3966
1520
4313
3079
4403
4346
2259
4394
3080
6897
3503
925
5822
5689
6926
6341
2877
3911
1111
6936
6333
3907
3104
1334
109
6314
2461
3012
3011
6931
4342
5718
1701
3144
1710
6960
1685
2301
3081
1704
6593
4564
1455
6498
1936
6122
1098
277
2715
5191
4543
6092
4371
4790
6531
1434
6067
6546
6543
3323
5486
1433
4788
5072
2964
3541
5701
4350
4585
312
1401
1677
182
4145
3759
613
3385
1267
6724
6452
4418
1029
2023
2478
2024
6924
1692
2871
1380
3856
3606
132
5877
5901
6920
4795
904
1099
5906
907
475
4898
6157
5038
2399
7100
5199
638
7125
5976
5196
1825
3676
619
7131
6120
6107
711
1196
2109
1189
5163
4168
1814
3685
1815
3309
117
616
3278
5656
1343
1338
1324
4938
753
104
5263
749
4966
6909
4148
1711
6227
4315
2351
3242
3246
592
3670
1269
1268
4131
2252
2663
5953
6650
1430
2875
1944
3919
2631
2575
5334
6907
1942
5747
5805
2179
4374
4575
4566
2177
224
6704
4409
202
6654
3944
6645
2991
836
4607
2560
6741
4028
5341
3013
4406
6633
6695
5439
5780
363
235
5388
1605
5738
4544
2007
4005
2168
6904
1437
2958
1456
1028
1432
4593
1538
2570
4497
4405
2199
3401
1857
5637
3682
6011
4173
3693
7161
2564
2415
6033
6240
6656
6659
4623
77
4475
4314
928
4399
4025
734
5150
2298
6852
6043
6192
1933
4134
5995
6145
4580
4158
30
3468
2711
3548
5746
6839
3741
716
234
6728
6113
5740
2584
5050
1854
7079
2721
1911
3452
4589
6006
5104
2133
3280
6003
1545
5748
2970
1024
617
7064
871
4161
4153
3734
5046
5160
2660
5904
131
128
2853
2028
121
6581
6949
3029
903
193
3921
912
1681
1407
5912
4890
180
5328
4721
4477
409
5827
3077
5823
4761
6596
4817
5307
5301
1106
5846
779
4736
5283
5498
5809
1650
3841
6914
5384
1504
3535
3797
5528
2843
1126
2184
3863
2193
2325
2997
3544
4970
6912
4974
5491
4799
3602
4674
5268
6628
4066
3041
6629
5784
112
5663
5778
5337
5664
4930
2307
3470
5488
1021
5554
2270
5729
5732
2172
3420
1026
5557
3335
2364
3418
3459
5479
5710
3608
1116
758
3530
3529
1012
5222
5376
2260
3615
2157
3655
5955
5651
921
929
5990
5657
5909
3424
4165
3414
2291
884
774
5322
5910
1147
5598
5622
1072
5907
1110
3549
3556
771
2207
477
3687
2987
4609
1948
1946
322
1541
2971
6710
6720
3949
4581
4571
1939
1937
4547
2962
6770
266
261
6783
4576
4006
3936
5158
1451
410
4749
6595
2002
4745
4738
6601
4735
3010
3901
6605
6611
6623
3015
1497
3014
6632
6634
6637
4706
246
4417
4022
4336
6938
4334
2653
4074
6968
1728
2671
2672
6933
2815
4271
4261
4202
7070
7108
7113
7127
1824
7142
4128
1688
136
2870
6848
4404
4026
6882
206
1653
196
194
186
2633
6900
183
6901
4031
4366
165
164
1670
161
4362
6921
1450
6584
2239
3283
423
3083
6127
3084
499
3085
2452
4949
6090
1199
553
6357
2471
3256
3098
3825
3312
6284
5097
6287
3799
5092
6309
4941
6125
2061
2026
6130
1374
1421
5109
6205
6401
5106
4778
3062
6558
6532
1439
575
3792
6438
1252
3790
4975
486
3232
6062
5226
5070
1900
1220
3532
1896
5002
1229
4038
4360
2071
2083
5061
5492
4347
1090
1717
2101
4163
4174
5125
3699
4190
4157
4156
4197
3730
3731
4144
4136
4135
1194
5174
4285
5177
4116
1159
3679
4316
1723
1722
3488
4317
4080
2103
1699
3525
4340
5229
3794
3656
4892
4879
2196
3956
2195
5392
4668
2190
1364
4677
1384
1385
4840
4685
3593
2021
1403
1408
3864
3870
1096
1459
2004
1454
3595
4764
2006
4598
1351
5433
1038
3539
4372
1659
4375
3542
4391
4977
1630
3653
4017
4948
4474
1599
5480
1594
1311
4001
4540
4546
1313
1935
1316
1941
1319
3801
3811
3996
4931
3796
3583
1817
126
3336
3073
5788
6739
6243
2614
6726
6217
6009
2904
2899
6457
830
6723
2435
2579
2578
6467
3061
217
6709
216
6195
6040
2410
6689
2566
2293
6048
5743
5769
