5907
5913
5901
2720
5903
912
2724
5904
1090
5932
4158
258
268
1094
2574
6819
1332
249
5909
5916
5135
5900
5919
5939
3030
260
2725
73
6315
2728
5905
1677
254
5931
2775
5911
5912
84
642
2727
4150
5938
6289
5867
340
5918
2398
6153
3207
3035
7144
5134
5914
2162
5902
5219
6450
2280
4937
269
2779
5860
3876
241
2721
5936
5933
5934
263
116
2773
2726
1097
2319
5130
4152
2428
5254
465
5497
5910
2167
345
3037
5476
5462
641
751
1334
1455
5186
6794
3813
5567
2421
2591
5170
4936
28
5743
3210
5935
2774
910
4760
4628
6811
2494
5930
2499
6814
2257
914
6816
757
3678
242
6313
5741
6463
2438
515
2433
2434
6259
501
4685
26
1427
3583
6817
5917
5915
3672
5868
2314
5349
648
3819
119
2390
2289
4945
4931
5783
259
4157
3439
6690
2022
6697
6368
4431
6529
2050
6173
4935
1605
2396
6287
4731
4886
2420
346
2156
347
558
1503
267
4151
3810
4756
4159
4172
6288
6704
5906
5866
3307
111
5410
5564
5543
2722
2597
5672
3170
5908
5729
5749
2052
364
6792
7053
2467
6299
4716
3234
312
3811
5133
2473
3514
3219
5890
6037
3494
247
4178
4232
2429
6065
2427
1096
3350
645
344
722
3707
4885
72
4420
7050
5773
5784
2306
6838
2288
2729
4457
6311
356
7123
6152
6707
5208
2287
6284
4181
5622
540
1579
2285
5963
342
5671
3816
4807
4887
7065
4939
110
5944
349
5017
4938
6706
4837
7004
2367
6399
5838
4748
3951
3449
5179
6462
5493
6798
2477
3744
479
478
5479
2492
3031
5477
7128
3019
4417
469
467
5430
2068
2999
6511
1338
1386
5284
6156
6482
6793
5137
5785
3062
3519
5608
1904
251
3812
5123
2426
1200
6068
2281
513
6962
1206
350
4323
2821
2036
6513
514
6415
4687
2988
4686
994
4411
4489
496
6457
4324
4363
4153
5949
6436
2273
5926
4320
4249
4836
3218
354
2274
4174
3072
3039
7087
3653
2282
1124
114
3852
5673
272
2664
264
2777
6773
649
6070
248
5131
5701
5561
2465
6790
149
1443
2496
2497
6103
5463
5235
5406
724
5367
5307
6086
6290
5062
6743
2283
77
6350
5781
4923
1057
6712
2395
4947
1659
3957
4991
1095
4712
6202
5487
1841
6180
5747
5047
1432
5006
2026
470
5473
4916
4460
5424
5415
717
1013
5863
6005
4753
6475
898
5362
6486
4452
4450
5319
4511
5203
5343
5171
5616
6055
819
6431
646
547
1849
6062
4805
4747
5869
4996
512
6300
4941
4659
4831
1212
5132
6306
6309
6087
5056
1247
1771
6459
1955
4513
5566
2055
3584
6497
245
3153
246
6861
3220
261
3232
7055
7052
71
4248
3825
2399
3903
3556
7047
6738
2673
6679
343
361
2663
3329
2112
6700
2304
2646
7034
3513
2627
3934
2246
4364
6685
4365
3069
3028
431
2471
6521
6506
6515
3036
3624
3049
2950
4430
6815
4436
816
3959
4951
5215
1751
6078
6813
5269
3990
6795
5181
6073
1425
6723
3509
4017
4020
2476
3469
341
5189
4914
2301
4917
5614
1704
1454
2296
3443
5009
5007
5370
665
663
243
3782
5119
6247
5074
5071
1565
1526
6258
669
2432
5136
644
5361
3554
5280
5026
3871
6897
6097
1633
152
6843
3575
1576
2529
640
2675
6791
3585
2668
357
4645
1123
2175
516
4665
1027
5787
7061
1887
4197
6428
389
1880
4710
388
2771
1042
1050
4598
411
2059
2985
6507
2940
4432
4465
6520
4595
2930
7118
4494
419
915
3116
911
4350
6528
871
985
4163
5774
7028
4136
5968
1822
1104
5724
3303
4784
3258
2679
5769
551
5309
2629
3671
6832
118
6844
3034
744
6047
3065
2552
2670
5667
5920
1151
916
3608
930
5282
2939
2678
1120
1431
1125
2991
2994
715
2952
5228
2500
7131
3723
2514
1406
5261
1395
8
730
1129
5690
1099
1412
710
2565
6848
1025
1189
1074
6096
1026
2598
5568
132
6953
1237
5537
76
146
6909
5558
1061
5560
6072
5967
1264
3105
1268
1273
6004
3605
2662
5779
6127
3134
3418
3214
3216
968
3223
1310
5417
5839
6887
5465
3335
7051
6888
1020
2495
1456
2024
6307
4207
6731
4000
4944
1897
4220
4245
4990
6440
2364
2157
2155
5021
4642
3835
4778
5038
4635
2150
3818
6766
4599
2315
6317
6318
322
4772
363
554
4801
4808
4139
4175
4818
353
1770
351
499
4875
2292
4745
576
6407
1728
6696
4911
6347
4742
4191
2207
4068
2424
5034
4529
3762
212
4404
2040
5139
228
6485
2090
2464
6505
3814
5192
6214
4586
4419
1505
1453
5216
205
4492
4366
2974
6233
2430
5081
2115
4487
5084
4433
244
4536
4483
4744
3136
4182
2938
4458
4186
4190
4179
3280
4456
4754
3323
1077
5740
4434
4449
1079
4418
4367
2776
1053
2877
4640
5861
4639
5864
3226
4656
5865
3123
3126
2798
2145
3187
4322
2152
3254
4527
4516
3068
2199
4496
1871
4203
4512
2778
5881
2890
5789
4211
4668
3092
3093
5873
2711
2498
2706
5162
1513
2538
2541
5366
2553
2557
2435
5082
1311
2425
3595
5419
2578
5428
1574
5433
3579
2423
1494
3822
3657
1362
1442
2493
5211
2491
4438
5229
5234
2490
1459
3682
1411
5245
2519
3726
5187
5174
3674
5278
5172
5167
3577
2412
3567
3421
4928
5609
1709
4058
1144
5217
2674
1773
1805
2676
5702
5704
1107
5708
1103
4110
5715
3355
4054
5569
2311
1678
1601
1267
3857
2397
1260
5492
1621
5014
3911
4781
3914
4981
1663
3517
4948
1214
3974
1204
4011
3491
2611
4888
1487
6063
6473
453
6492
6281
736
237
436
832
6414
6298
6413
6117
613
6776
543
6982
208
769
5962
31
6217
5988
6195
222
6067
6883
6177
6254
6175
864
868
338
870
873
666
6167
6693
6397
6461
112
6342
