5941
279
2310
1609
1604
4403
1608
277
4674
679
2600
7002
4342
7069
4671
266
4409
5097
1602
918
1102
435
1601
4408
2174
4340
4341
4348
6307
2179
1605
2592
2170
4400
6043
705
5632
4283
4405
1111
4968
2705
4881
678
4900
4676
2388
2596
4909
4679
2604
2345
4404
3386
6300
4361
4401
1501
324
4347
6042
709
5727
5807
1603
6544
2909
720
1434
6048
6050
3388
5004
2372
1099
462
6347
5726
1054
5675
2177
6438
935
1012
836
5559
434
116
6200
4289
6296
3820
2780
2875
4568
1692
3013
1600
6205
1747
3071
119
4287
531
433
6278
6548
5881
264
5818
273
4299
2704
4345
2989
448
5846
1250
1607
6299
4904
1106
1794
588
6304
1793
5449
5954
4324
4817
5275
4571
1435
711
4575
6201
1651
5199
2347
5424
6317
5327
1223
1662
4060
5568
3459
5444
5945
6306
920
227
1331
2768
4127
4672
7051
1969
2577
4902
3625
2662
2171
4673
4880
5976
4641
2173
6701
4969
1739
5672
2080
2601
1101
5099
5720
4367
1036
4736
969
5491
961
925
2378
3389
2178
1096
6872
1966
1229
395
7079
2701
708
2674
5126
1749
4542
6790
7090
3239
6794
344
3009
5211
4510
5058
643
5281
3050
6216
1694
4670
4775
2016
3794
4285
6314
5885
4171
3876
5946
109
4288
124
4276
3907
180
6358
3425
3452
6303
6260
3596
3749
3735
4025
1606
2807
4402
5805
278
701
5858
3606
2836
196
5901
3747
4256
2907
1023
154
1097
6159
1093
6221
5880
6224
6706
702
1646
7113
5590
3736
5553
5721
5156
7110
6285
1330
4569
5554
635
776
6574
1108
3432
1432
7162
3381
2608
5648
2172
230
6274
6815
6279
5507
4678
132
3824
2593
3420
4884
2167
4021
590
6331
6439
271
1227
4079
2590
1216
1835
431
4374
1021
4369
7156
2663
7023
4357
5790
2895
5516
4282
3957
660
2876
2873
4173
385
4701
4721
3739
6267
2544
1368
2666
2664
2071
2660
3737
1738
6271
3796
6333
131
4677
3609
5070
6063
2687
4116
2764
725
4611
3748
1313
586
6596
2707
2706
3602
1336
4644
6295
5279
6778
5398
1228
5125
4138
2225
3450
4827
3801
270
6247
1022
6449
3461
3802
3797
1029
2286
4008
6344
7149
5821
3468
5637
4970
4835
5696
5844
928
931
6946
3734
1699
233
3385
960
2176
3429
3732
4317
3438
6963
5534
5480
6441
4297
3730
1869
5912
3072
4291
7117
4871
1095
6212
5441
69
828
1817
4284
707
1809
7161
4286
4475
4500
2314
6220
5447
3152
1066
6229
6217
4810
746
2156
2315
63
3733
4824
482
1731
2406
6334
1611
2168
713
6340
1732
1653
5722
1643
5723
7041
2355
5171
3810
113
117
3799
2478
6287
7049
2212
2546
2547
687
4891
3877
110
3704
111
2677
1439
3242
5450
5448
4966
3170
4445
311
5557
3125
4406
1975
1074
3090
1883
327
4506
3522
3983
1881
1100
1071
3479
1026
1025
4028
638
5955
5839
6102
3424
231
3426
4336
3427
3434
5531
4353
4354
5490
4365
5852
3449
267
1016
1017
2987
5678
7089
5417
414
4643
3745
5765
2671
4901
2669
2659
5256
4653
1753
6565
100
5889
6396
455
758
1437
2602
1438
6276
6517
4905
5906
6699
1162
5385
2900
6710
2881
7021
1219
5785
2870
4628
4271
4261
4603
2781
575
6704
6702
5644
6536
574
1885
4992
1733
1737
5649
216
5085
4069
4067
1224
6298
1214
5369
1195
1191
6011
3975
825
1103
3978
3981
831
1090
5561
4007
5446
5942
5550
5451
6000
5472
5478
958
4027
6852
5329
6835
1316
1698
3800
3805
1677
703
704
706
3828
6341
61
3873
6776
52
1730
1506
743
1468
1443
1442
5235
1404
1378
4092
1362
6320
39
1319
1318
1483
1929
2216
634
2535
2533
7119
7057
2503
125
6597
6598
7099
3029
4494
3077
3123
4293
2415
3128
3131
4296
3717
2363
2359
2352
2346
2997
2564
4281
4540
6556
6195
6557
2752
4647
2762
425
396
2853
436
5887
3202
2862
6192
2893
4208
7084
6577
6277
5977
6579
5796
4543
2569
636
4414
7046
3422
3397
1989
3393
4883
4888
2096
4381
6715
2083
6445
256
3443
5832
2264
4355
612
3442
5823
3401
615
6146
6256
222
5691
220
4407
4145
3248
4142
3415
292
566
107
3545
1193
963
2901
6312
5515
4352
3377
4561
4272
6434
1230
4616
3549
2874
1222
2760
3391
1261
6533
3561
6402
3944
3490
4359
6014
3065
4482
3098
6848
6459
1065
3999
3260
4310
4309
3181
6004
4419
3216
3232
4490
2906
3282
6302
3543
6532
966
1114
6313
5484
6315
2981
4519
3001
4378
3007
1010
3285
3019
4508
6846
2658
2734
1736
6670
4861
2157
1713
6080
1696
6655
3414
4829
6648
2262
2312
3806
5114
2331
4162
3821
3721
3711
2391
2399
2402
4896
6171
2085
3792
6729
1957
1886
1974
4965
6116
5012
1837
4950
6126
2015
3788
1798
3790
6711
3791
6708
1788
1785
1778
2041
6700
3738
5078
6554
2422
5140
6370
4201
4202
2609
4224
6570
6819
5248
6564
1402
1389
1369
3615
3913
2672
3608
4648
4646
1339
3605
1333
6401
4627
2586
4748
5228
5221
4172
2452
4734
2472
2474
4125
2489
6181
3869
4115
5158
4700
6780
2545
1525
2548
2550
1496
3879
6190
5209
4112
4683
2572
5517
5953
5768
5910
205
6996
5826
5710
5640
5638
299
611
7071
677
5907
5636
7
257
5573
56
7142
883
620
7083
5801
7112
674
7052
459
276
321
18
5538
577
5972
5564
239
5378
3610
1981
1984
6322
3024
7098
4093
4582
1851
644
6723
5392
3922
148
3600
1978
3597
5384
5995
1923
4979
4259
5878
3923
3122
6308
4480
589
37
1107
4612
3503
4294
7081
6667
6666
6258
2160
6152
6988
2747
565
2175
189
2084
4954
2082
2767
6717
2012
2785
617
3620
6896
