5955
3169
7069
4487
5166
4473
753
4485
1335
5846
3029
6261
5160
2981
3428
536
5501
5679
4479
4480
810
3421
586
5929
1338
578
1227
6564
577
6275
2997
435
437
650
6264
2277
5168
835
6864
5169
5956
2982
32
30
4483
4486
3385
4489
2174
124
2986
6048
4309
6701
6268
4419
2482
575
1413
1713
5925
2651
5922
5631
4325
7156
4861
6704
746
4132
6706
4901
5395
635
7044
3426
2680
2314
3578
2392
5771
3401
1038
1434
6841
6297
4521
190
6040
4904
625
3425
6063
6046
3454
4908
4299
6316
1205
1224
1917
3118
1254
1220
1336
2484
3164
1916
5185
6270
1229
531
2999
836
213
3945
3465
6456
5780
299
4400
3543
826
1065
1064
1258
6869
5951
3971
5164
132
2895
1223
757
4912
4911
771
1609
629
265
4735
2840
574
1438
244
6272
2757
5693
4172
6725
5851
3824
943
1222
5163
1747
3390
4445
3460
752
3778
1919
3828
3907
3829
3662
1603
377
7063
1802
4917
6303
6395
403
6341
4405
4914
4403
4475
6204
3954
822
821
6042
264
624
3482
5399
5035
2458
5950
1997
36
2415
4173
436
6164
65
551
1757
5954
1228
4666
433
5957
530
115
1068
580
6267
588
5936
4732
1317
2843
6867
5942
7161
4080
148
3976
4736
2175
4916
4969
4409
4036
4919
2142
2545
5490
6105
1162
1173
1156
5902
827
834
2315
4114
4101
774
6274
6565
3826
7154
3021
5953
814
5648
4074
1652
3168
6269
1942
7041
3000
2552
744
445
1150
1606
5325
5793
1559
5920
6866
6871
5705
3427
1069
206
2212
3432
6708
1049
3459
197
1039
4860
1025
1023
2827
4738
5086
945
3821
2685
2683
3338
1108
3309
3913
434
2179
5483
3906
7068
4295
5694
4233
1716
4344
4136
2580
4296
372
4091
441
6923
1742
3827
5036
3911
6298
5126
388
2475
2411
3846
2549
6843
6278
5958
3978
2408
1746
4974
6853
4217
652
6855
6011
689
2385
6546
4347
6191
2010
1440
4584
2006
1098
3389
4819
2893
6458
6664
5461
1066
1487
3464
1027
4512
3484
3488
1512
4890
3517
1545
4474
5727
3308
1179
2984
1326
3076
6551
3091
3099
4718
4717
1276
3022
1267
39
1251
5649
3193
1372
1232
1375
2052
1377
64
1214
69
6527
2146
2990
5337
2767
2228
501
4408
7060
7045
828
1925
269
6366
4913
891
2689
6751
5809
5807
4924
4415
5305
6728
765
2259
3610
1550
3763
6901
811
6279
1240
6898
5858
1653
3059
808
5196
3850
1692
6340
1215
5938
6916
2608
5640
801
1658
3105
3106
6276
1670
3027
6906
3808
853
1314
4075
533
3160
6574
2586
535
806
1268
3949
2991
2662
1605
3651
3820
1033
1032
902
5810
6868
2850
909
5745
3967
6421
1740
5359
6710
1541
947
6459
3986
1097
1100
6519
5891
2650
3944
3298
4031
6488
3867
5675
2992
3869
1128
5448
5140
5690
6307
2656
1456
6771
1102
715
1412
2093
232
6147
2336
6207
2320
2069
410
6265
4440
1824
4910
5032
7066
5027
4427
111
4362
6089
2310
5023
266
4181
4416
104
2123
2177
2413
2278
7048
4404
35
4555
2172
1874
7
7104
1877
379
5941
376
4664
5944
1974
4130
4261
6159
2081
4327
4693
194
7110
2214
790
3904
1409
1717
1660
6528
6304
686
5181
1414
4925
1924
309
1164
813
1724
4703
3003
1929
7145
1710
4301
3800
2553
3839
6320
6322
1694
6235
4339
6523
77
762
4346
324
2968
4348
1030
4634
5508
2540
5873
5872
3803
779
4782
3885
1191
6740
5455
6614
139
219
6666
2764
1077
6043
4472
2771
4850
3546
6416
4855
204
3431
942
1528
987
5394
5728
5748
3453
4488
1971
180
3472
3466
4885
1024
7099
6049
6195
5707
137
6457
832
2945
6352
101
4413
5840
5650
6229
6768
3340
870
4787
2273
5283
2264
3369
5700
5328
4454
129
3597
6069
6070
1650
2005
5429
4817
1105
247
4815
5433
2721
672
1914
4147
5934
4040
537
1311
6949
640
37
4039
6908
4141
1313
4160
3953
4733
1316
1749
1822
4035
3955
4129
3984
5070
2502
3123
550
3117
4218
1776
3081
3024
1741
6262
3048
3968
5952
5634
6902
5039
2465
4146
7152
4265
3972
6271
5927
1255
6851
5072
657
6577
2410
2125
1256
506
5099
3097
1321
4710
6941
6299
6273
1828
1830
5632
5928
2096
2062
7151
3937
4116
5227
123
240
852
239
5314
2722
6347
5805
16
5469
5467
13
3040
4587
570
2912
257
3647
108
3366
447
4909
6888
5434
6116
582
2652
5452
5638
1109
1432
3089
5257
1293
242
3644
6300
6729
4084
1525
1056
1964
6919
988
7082
5772
3449
6425
1810
5760
5759
5722
2858
3490
4125
6439
5741
1798
3071
3480
1799
3458
2217
3
1034
4524
6924
4151
6130
2788
7071
2000
3403
5322
4902
5415
5041
136
2737
6722
4188
224
940
202
941
4459
946
538
3560
5948
10
6194
2207
2780
5945
2784
6711
4734
6905
6345
5080
5092
3849
2998
1688
1266
3209
5877
3018
349
638
4712
4659
73
2994
1263
755
4776
759
2168
4252
5512
4713
2313
6799
4632
4357
2070
4361
785
4607
1261
6157
3856
6153
3936
1725
679
3007
2141
2057
2139
6584
375
3903
3902
2361
3899
1374
2055
5134
4684
4682
5898
1225
6156
4669
1259
2358
1886
3865
6310
3201
6330
5959
5970
7159
4386
308
4715
1753
2295
1656
6181
818
6782
820
6876
427
1161
4401
6186
1937
5097
431
833
5096
5093
5484
2951
96
2965
4202
1031
3275
3983
6331
4209
4366
3278
1182
6543
1136
6115
2216
128
3450
1171
6464
7115
5451
6585
1130
3100
1090
2053
2967
5503
6674
6583
126
5674
4526
4730
5630
6579
4612
1181
3461
7149
2227
4858
3190
5548
4579
1289
6447
3171
2853
6581
3455
3400
1401
1476
