5958
5951
815
818
811
814
810
813
1162
753
758
755
2656
2475
3611
756
747
533
4036
759
5956
2027
3496
2642
7095
2640
2650
5957
1434
190
2654
2647
5329
5586
5173
748
752
5614
6519
2141
6337
816
2977
812
6453
4095
6422
2882
1693
4040
5398
6054
5950
433
5844
4035
5581
5373
223
6331
2478
6338
1207
5513
744
2912
746
2659
4394
6333
4449
2145
3609
480
2652
6159
5517
1725
1744
4325
820
3490
827
3821
5097
4404
6339
1630
318
112
588
1367
751
1203
3126
4038
411
126
4777
418
4835
435
1226
393
6395
5731
5952
5378
5372
2655
4345
3607
5303
6093
4448
3389
6420
301
4032
3497
313
4445
2718
304
414
319
1790
2963
978
4114
4063
5166
6223
1186
5583
4943
2651
1265
2832
135
902
1619
3675
1696
2925
4612
4637
6367
4039
4752
419
1372
3674
3302
1272
2657
2166
742
4636
2149
1205
3693
1978
4908
2628
3991
5649
4113
4111
133
5320
5340
6115
3698
3063
4405
437
5174
4042
1104
6735
6908
1321
5326
4119
5106
817
2179
3330
3624
3493
1820
3058
583
823
2827
2694
826
5417
3531
6424
6429
5973
1998
5221
6533
6335
5687
2095
2091
1108
477
972
2646
3580
2713
3944
1571
1554
3930
6828
5376
587
2173
4765
4446
6354
2719
4062
4041
2037
1270
1618
4396
3017
6378
1933
1256
3727
1180
5965
5283
5312
315
1737
329
2127
3203
4856
2049
3146
4855
429
6046
5002
4793
422
3128
4783
412
2044
509
403
6988
1612
388
5073
2020
2213
3621
3336
858
5181
3614
1968
586
7073
5936
3811
2341
3923
745
743
3539
4044
5514
6891
3491
4047
1697
821
7135
5390
1792
2738
5842
2984
2458
5840
2979
7109
5835
5697
5883
740
1267
2311
3581
5632
5679
139
1105
4349
4381
5092
2669
3626
1091
3121
6181
6185
3148
6466
2098
1069
7112
1197
5675
3315
4899
1797
1019
5091
3549
1222
5690
5693
2047
1033
1141
7066
4969
434
1102
2158
2677
2916
2041
1760
775
1729
5638
1161
2482
2057
5585
4094
6360
1416
1216
1493
333
5199
3353
244
1648
1824
6866
6245
2357
5831
7136
1573
1575
5955
853
850
3826
1472
4503
306
2312
4893
4406
4550
5182
5316
4555
4229
2379
3335
5886
5184
1972
1638
559
7093
4403
7011
973
2143
3989
2261
2265
932
4850
4858
889
4346
899
1224
1217
2136
4432
4426
3202
2516
4377
6774
1214
887
3541
1361
1276
2532
584
3839
4528
3840
867
4049
2175
4118
4138
3308
6423
4584
3535
2461
870
3613
3696
3673
663
3907
1360
4771
2476
1364
6320
1220
793
3863
3679
3837
4046
589
4443
4631
3633
2674
1809
5375
5371
5369
1826
1831
262
2714
1068
5306
1935
5229
226
316
1966
5188
5177
1051
5154
3077
6262
6267
5120
2021
2028
6277
5226
398
220
1783
6050
2800
5995
1583
2782
5968
5954
5859
5845
6110
1698
1730
1794
1734
6709
5612
5594
168
6146
1754
174
2747
181
2745
2744
1169
5647
399
7105
436
2059
3141
5036
406
4946
428
1194
413
5050
2470
6176
4084
1768
6178
197
3269
4976
729
2743
2958
2955
1100
6708
2048
5587
1223
4957
191
5052
2457
4818
4776
2313
4386
4383
2316
266
4354
2334
2998
2994
4785
2356
674
7104
679
227
2424
2980
224
2431
3538
1798
475
6187
4010
2937
5678
917
2598
3747
851
895
1629
5966
860
909
1627
2624
6845
7154
3691
1609
2641
2841
3676
6080
6028
1602
7164
6058
2572
3570
3783
1646
4390
5684
1540
1732
1731
1160
5716
3886
2653
3875
1273
1271
2903
1551
1695
6109
5830
5839
4859
1662
4860
3831
71
7142
6876
1791
2824
4758
3309
308
1356
6984
2309
1206
608
3021
2181
4757
6226
1065
5108
3027
536
6832
2246
3338
2238
582
2236
1969
331
4762
5201
407
1058
1979
1365
351
1937
1965
2281
337
6272
1890
6276
5302
4648
500
2662
4402
5323
5325
6274
6279
375
6053
2643
5168
3337
3871
3868
1037
3639
6718
3597
804
1182
5661
1699
1038
5728
4948
6057
1228
3959
5680
1735
2521
3947
6991
1008
3632
5677
1229
786
3980
5691
5699
3589
4554
864
5783
3331
4630
3122
1637
1202
1415
3610
1633
4634
4904
1130
2857
543
3149
3303
3729
541
5111
1191
2776
5917
355
2690
5894
2711
2892
4945
2890
6254
5846
3630
822
6261
6021
515
6083
2771
3827
7069
4660
2843
6748
5887
7140
5876
7090
2479
2676
2989
5016
4238
3020
2983
3503
1800
2982
2404
5267
4185
4442
2451
6491
1209
3540
309
5451
4123
6705
248
2146
5370
4287
1070
5311
2314
6592
7097
644
3011
1344
2716
650
501
4348
4341
1328
4410
2660
2343
256
4313
6216
5365
4786
415
6885
1498
1759
4852
5589
1526
5582
5580
4979
1767
4054
4769
6164
1524
6864
4967
6145
4971
6970
195
6388
1366
4500
3205
5637
3542
312
1528
1521
1769
2247
5599
4097
942
2992
2781
986
3060
2769
6558
2951
1017
3479
1200
1074
6632
3147
6701
1109
1225
6554
1032
1230
3301
3071
3329
1201
946
1198
2760
3206
3543
3090
2887
2772
1034
1129
907
3534
918
1014
3334
3530
3501
3498
914
2672
2649
1056
2850
3616
3588
6696
3204
3884
2644
379
6269
5129
2013
5138
2001
1988
5164
6916
1975
2029
330
6244
5224
1932
300
6870
1903
5318
7092
7096
1855
1955
397
5047
416
2171
4750
512
4766
2155
6310
2142
481
4857
473
472
4874
3637
459
4896
4897
4942
4949
4966
6286
5017
5018
5027
1852
5347
5354
5357
113
5706
5741
6119
5759
1552
5806
1689
5843
6899
1642
1641
5944
5945
1632
5969
5974
1579
5976
5997
6085
1587
1606
1736
2172
1739
5641
5358
5359
5379
6193
1808
6190
6913
5426
5444
