6064
828
3957
5540
1487
3954
1413
827
1528
1588
6167
2981
1908
298
167
296
3056
531
4587
6345
677
824
4892
2986
2381
4335
3952
6305
292
1414
586
1039
93
558
554
2148
6153
5081
2177
164
6342
676
77
1722
160
166
451
4694
355
537
1383
5086
749
6157
3018
4861
3551
73
3052
291
4231
5140
6156
1343
829
3057
909
1248
785
1585
323
3059
31
3595
6319
3144
1851
1489
5103
1484
137
163
5098
5085
372
250
3051
1727
2096
673
779
1027
593
7048
326
5549
1252
5722
5359
2217
7092
5423
1490
1402
3849
1973
5272
295
3014
2384
321
2092
363
1725
2303
2142
3125
539
352
6253
2051
538
3055
6187
297
905
3123
788
530
3029
822
4095
4725
168
5882
3959
5421
550
5276
793
2147
312
6705
6728
5128
3142
1724
555
787
5072
6155
74
672
1251
1257
613
1854
1372
6829
624
1802
2386
6855
3085
671
2357
5940
1946
674
2987
5483
5547
755
996
4440
1412
6330
3437
532
536
1580
304
6343
5155
5377
4114
1302
5357
4726
359
2898
6565
1271
5744
5803
5059
6847
782
2284
2474
616
3958
4327
4368
4357
3556
2400
5500
6159
6158
2380
161
2974
6723
1275
370
1376
2269
2176
6341
1218
6737
6991
772
6316
378
6264
339
506
272
2174
6384
4584
273
3087
6042
3620
5673
789
4363
4483
4925
3554
3053
2896
5727
1633
5076
2042
5740
3172
2183
4457
1586
4456
1584
6896
4360
894
1640
1245
572
61
3300
6885
2458
1809
2006
234
589
2005
2594
4906
7038
835
6314
1202
3127
3846
2984
2982
6174
3552
6436
3729
5923
3017
6299
3946
4411
5833
471
3973
2009
4903
2133
737
6326
3871
1415
2460
3857
1303
6261
2919
6230
921
4130
3685
5721
2599
2048
1777
1662
1269
431
3317
1855
5898
2047
4364
2604
2482
6151
5688
5645
5093
4380
5925
5426
33
898
7104
6834
2602
6059
6714
7029
4722
5260
5314
3013
4706
6433
774
3021
1410
4559
3446
2171
6180
535
5092
1747
741
6466
2140
5854
3971
91
6880
3342
678
3121
1056
5541
6884
6039
6184
6706
1527
4899
1102
7044
4237
949
330
2710
5955
3590
1523
7041
1819
108
5249
2501
6318
6183
2403
4459
1815
6105
2150
1803
2980
6700
3723
1710
5707
5440
2587
6303
443
2527
2580
6366
5252
3025
799
1954
3009
2528
1858
784
5717
2979
2988
670
3956
2518
3981
652
7102
566
3961
765
3966
1889
1746
5544
5942
3953
650
7118
5073
736
4034
5700
5634
5455
6160
4973
162
1480
1483
2186
2185
3720
1080
2149
4403
3292
2146
3128
4817
6881
3122
2844
3118
4174
5518
252
2851
256
1029
6732
6736
2861
5664
5279
2687
3464
5468
5630
1341
1344
2729
1299
1297
1294
5313
6656
6765
32
40
3784
4251
6192
4921
2707
1244
6106
7060
3801
1411
1205
5611
2702
4242
3259
6066
5647
3726
6614
5193
317
2616
4515
1576
1582
3684
6982
377
6674
4458
937
1589
4479
5888
948
5876
315
3937
1694
1598
4784
1645
6416
6630
4493
5731
5014
3421
2099
4147
5328
6867
6068
1643
4243
6072
1201
3489
1654
4338
5951
1416
1418
879
1646
1197
1644
2645
6109
5631
820
826
1355
1712
806
1290
5149
2583
1273
1270
5395
5990
1261
2992
6641
1259
890
1680
5424
3497
4520
797
5142
1258
1444
5648
777
6882
814
776
3565
2658
974
6202
4451
775
4450
4404
6186
1035
1031
5190
3432
744
6198
5091
2575
753
5407
4447
1571
1184
6300
2635
6701
4236
6720
7047
4235
3470
4227
5410
3465
7101
7068
1591
1605
935
1788
4207
1481
4386
6749
4470
1109
6207
4389
1499
2887
3564
2477
2539
2137
3120
6999
239
3869
5047
6605
4826
3856
5512
3725
172
169
157
5765
5834
6632
5467
3168
560
4969
562
3983
3647
2215
6607
3826
5852
6772
3333
2409
2007
4731
4728
5027
3307
1988
5877
6821
366
4753
3069
5741
3951
5723
2058
6992
3908
320
5021
5326
5325
6995
3889
2098
275
494
1940
267
6849
569
4825
4735
6313
4902
5929
4961
5938
97
3808
2266
4622
5791
582
4927
610
6654
2890
5269
6518
4484
3227
3911
350
1617
2893
5677
3596
2059
3594
3499
4144
5315
37
5748
2301
936
3778
6403
1375
2062
5150
6019
4474
4306
3093
2899
3597
1679
5425
3080
1335
3081
6243
4098
2917
1337
864
5422
5383
384
1660
2911
6000
6095
6011
899
4116
896
4257
6487
1368
891
6768
5878
5681
4510
5480
5419
2314
3707
119
49
3193
83
6889
3802
2392
6048
1208
3454
2178
1491
6726
2268
1501
5658
6169
2143
3842
6070
6457
2785
5501
3728
109
1447
148
3482
3550
4345
3169
5283
6152
1460
4347
3112
1401
4736
2855
5809
1030
6970
2415
2419
4322
5368
1387
4793
3429
1011
6031
6063
1255
4405
5002
4914
4819
1400
4408
1235
4814
65
1036
4813
3440
5295
5320
3495
3496
2655
2404
3425
636
3054
1720
3349
556
3950
595
598
3050
5724
4705
5928
5528
810
2516
442
7109
5633
6636
2536
438
5548
4595
6740
458
5718
5954
571
5715
5714
5429
5058
5952
6350
5712
796
584
6359
4557
1806
7014
716
2983
5927
5217
7134
4692
4560
7022
3991
3350
6304
4953
3968
6603
3072
3351
3384
5247
1920
5720
1926
1856
5702
617
6853
2960
656
519
1857
4733
821
6597
3338
7065
6763
1167
4876
2402
5849
5404
6702
5084
4988
6147
4225
6653
3173
3129
3175
4362
1156
7150
130
6434
4402
3147
5848
2182
6166
186
2170
7021
1764
5230
6842
5344
735
2677
3138
3848
4867
4369
3458
553
3860
3626
5179
2387
3309
1507
3628
146
6044
4220
4400
1461
2157
5346
4222
2672
6631
4010
6626
1380
3780
2304
2712
