5976
2804
4403
6295
836
2807
2803
5097
4900
1434
2178
4503
1974
1698
5369
2174
3907
3700
2796
4401
2170
2179
4404
4402
758
2806
5945
266
6856
5195
1646
6809
180
4817
6395
1693
1767
2795
837
3122
4406
4409
6807
337
2801
4328
3084
2799
2478
5665
1450
6312
1747
1602
1736
2172
433
3086
588
1172
4865
4405
4730
4407
4408
125
1397
3975
6304
5954
1329
4607
5521
6906
6910
6919
3641
5515
227
1609
6331
2336
5362
3501
6622
6333
5615
184
4716
911
1036
6579
2628
1372
274
435
2989
506
312
5120
1794
2805
3996
385
2843
419
5658
124
3389
3521
3831
5768
5765
2901
5363
5199
2987
3754
5519
1768
6307
2530
5941
33
2791
2797
6832
5396
3932
6830
3242
1760
1764
197
1554
2575
1763
6700
2793
905
5655
1670
6335
5641
5790
5648
7013
123
918
6355
3088
2858
271
3049
2699
1694
5306
3126
3838
1226
1701
6146
3544
1759
508
5436
2697
3124
2023
1754
4862
3759
4182
2032
2630
2096
1204
3087
2012
6212
3100
2145
6732
1749
3109
1601
6597
1679
189
6587
2176
3566
6314
418
395
6944
4008
127
2904
415
3527
2054
4027
3609
1378
1367
4007
6332
4414
3417
1131
411
5211
2872
4020
1419
5975
1933
6808
6050
6802
391
5691
1765
4558
1809
2479
6299
4732
3648
5679
2352
7109
2205
6043
6800
1705
4502
3835
5183
4192
5196
7067
2850
1198
362
5020
2802
3944
5052
426
3528
1766
7065
1753
4071
4032
1061
6684
6786
473
475
2906
417
2900
4168
1200
6134
6974
5142
4905
4603
3420
3423
3316
5741
4280
3121
3125
1373
2171
6952
5527
5726
7114
6976
1696
2238
4750
5470
2201
2202
4400
5523
1507
6932
5678
7108
2531
4353
4384
5654
3424
3114
2639
3536
2694
1695
4508
4212
3413
5829
6154
4902
4869
6600
2637
3089
3771
6317
3312
120
3545
2617
560
4588
4423
2625
7097
398
4395
4449
2854
2325
4024
2366
4025
5104
2847
2434
412
5125
2491
2438
5099
6728
399
2809
3452
4948
4855
2014
894
4863
4170
4186
2036
2654
2707
4917
6149
4204
937
2698
6113
1966
1008
572
5083
3503
828
5048
6278
6583
595
4391
6238
7119
589
6086
4787
4275
4788
6598
5016
2080
4500
226
220
1436
6936
1498
5514
3421
1159
225
6967
5652
1260
6820
7002
3642
131
6835
1377
1742
3082
256
1737
3429
1691
3041
3833
1368
279
6881
3024
3976
5686
3874
1322
1399
5197
1123
6748
3439
2899
2866
1589
3422
5398
5371
5461
195
3553
5720
1352
3059
6
7
5460
597
155
5450
533
6147
4261
3427
1216
517
513
3836
186
3615
2043
276
3479
2560
6330
4309
4188
2686
2695
192
5327
558
4854
2207
3115
4812
1605
5517
6573
4256
2156
5511
872
2148
6300
6219
4876
4354
4860
6905
6943
4228
194
4369
2651
3098
5347
6939
587
6911
4357
6913
6226
6313
7049
2270
3875
2907
2915
7164
5057
5056
2331
4041
3260
1438
747
5031
1028
3530
6077
4187
1162
1939
2470
1021
6789
754
5640
1146
5129
6730
2426
4021
2372
367
3232
5108
1798
5106
2840
1797
1127
4028
1790
414
2903
6394
116
5092
6701
1762
481
1986
4984
4966
6497
6337
7032
658
6338
4943
7030
4632
4942
3900
2993
6654
3318
6858
1972
6929
4417
1969
2772
3929
2953
3591
6833
2957
6686
1965
1004
7101
311
756
2290
2259
6420
5604
822
1529
2200
821
5501
6325
5575
6367
1452
7161
1501
4733
5581
2204
5526
6316
6298
786
1392
6400
4686
748
2220
1826
4752
1164
1171
5014
5011
1009
1179
6097
5873
6081
1968
989
4992
5846
1730
4946
2020
6128
2028
1738
5844
1761
5036
5186
1817
1806
3337
1801
1084
1792
1078
1030
6007
7129
6033
1155
5064
1157
5924
1912
5039
3345
5841
4929
4922
2131
1603
2153
5366
5368
5752
864
6220
7121
859
4786
5433
7117
2175
5464
1311
40
3450
2160
5365
3425
2116
5303
2044
1211
4914
1699
4904
6148
1685
933
1678
4890
2089
5329
26
2097
5349
5353
1256
892
5703
1645
5617
243
4046
294
7053
3022
3837
3832
264
2614
3270
6897
7090
2800
661
2798
2794
4077
4415
2778
2777
2775
4087
2626
3272
6492
4268
6593
401
403
406
4029
2861
4004
2892
2894
421
6775
6843
422
2909
3981
7073
3979
334
4346
6805
2534
2949
6824
4344
4089
388
4176
3172
6934
6656
3706
3645
2701
4163
3643
6970
3213
3546
3600
6461
3634
3127
6927
6960
112
6467
4206
6961
6937
2828
2041
2040
427
424
6055
479
950
1867
4022
2693
2056
6639
1074
5096
6028
1067
5090
2045
6642
2700
1884
2719
1886
6132
3335
7052
7066
1864
1013
4148
6096
5006
482
6121
6681
6120
4081
4127
1976
4969
6112
6125
434
6126
3269
1918
6131
4933
5044
477
5037
1034
4184
962
963
6710
2812
1934
968
3519
1017
2413
1139
7047
5705
5706
5462
5456
5723
191
196
6925
5426
6922
6921
6920
3543
212
214
218
223
6915
3764
183
6984
179
171
1417
3237
5597
1395
1394
1432
1390
3556
3564
6907
5587
5546
5529
3624
5657
5659
3638
6980
1340
5513
3606
7131
1626
1635
2942
3967
7141
5943
6632
5198
1137
1134
1121
2875
2874
5194
7136
1108
5967
1820
5182
5972
6738
2946
89
7142
5225
244
5322
251
1676
5826
1690
3058
5836
6887
1632
7026
3877
3901
1197
295
1732
3920
6849
3924
1177
1706
4220
5060
3282
4567
4425
879
4248
603
4310
2621
4765
4837
4427
2452
833
2119
4658
7095
4757
4756
3277
6369
7092
4315
6511
2577
2138
4250
664
2593
662
6590
6591
857
583
2588
753
4583
6205
4271
6334
576
2177
2321
3317
4421
655
746
4642
2613
6595
6386
2596
2631
2663
6291
4735
909
4231
4445
