5988
1623
1624
1042
2835
1625
1627
3893
4621
6998
501
4530
2931
2932
5981
5838
5156
1517
3245
3171
1062
3612
6338
3244
5984
2836
2832
6225
2244
1074
281
1621
2486
2306
1513
1519
5212
2985
2938
5071
6238
5528
3243
3885
3474
344
514
3470
5044
6374
1622
62
5502
2384
5310
6554
6496
67
1629
1510
4533
6379
4779
4247
4534
1515
5711
56
5966
5987
6995
1514
2247
5534
5505
5217
4472
6376
5915
931
6413
6414
5070
3258
4720
2720
3891
3444
2837
5903
6260
3472
5472
6441
3477
2838
5995
5983
1920
5189
1781
15
5893
6840
4425
3176
4776
4447
4536
2249
4532
51
213
5824
1620
1198
5848
1346
3913
6786
1395
1518
512
3386
5465
3879
4378
3471
5080
6248
3475
6202
198
3673
6277
2763
2117
2536
4951
5526
6174
5159
391
5186
1057
3596
4821
6406
4777
649
3964
870
6308
5428
3635
2184
4539
5933
2343
6029
1511
5048
152
1512
2154
5058
2153
1690
2075
6734
3000
6895
3897
19
5940
6087
6383
6999
3895
2058
5964
2040
5040
5038
2029
18
5049
6789
2161
2934
2001
2936
4531
1986
5047
1129
1903
310
1355
3179
5051
2483
5523
2487
2489
2362
6084
6337
4759
6756
73
3465
7111
6730
2248
5930
916
5134
2724
2990
302
4716
1956
6377
6262
6104
5681
5161
2152
5383
3440
3118
4537
3933
4422
4428
5418
4448
3354
6404
4754
2988
3931
6389
3247
4474
2294
2282
5926
243
6465
2736
6011
3623
3649
515
2342
6879
5160
4277
508
2205
2346
2591
4630
3749
2485
5934
3777
1363
511
3597
3621
69
6787
1483
2935
2920
3476
6256
6163
5696
1783
6982
3577
5918
11
2159
4617
311
2157
3352
5921
4627
1847
5141
2242
7007
6168
3490
2241
2246
379
5909
5158
5538
5216
6245
727
3502
3945
2334
251
5291
2833
6421
1227
4886
4517
2939
261
260
2055
246
2820
4824
2331
6714
2834
1695
2556
5808
303
1064
5339
5587
3170
3088
2123
3951
5032
1496
5081
6534
253
1784
2831
2830
5336
3614
5811
2314
2810
550
1561
868
6615
2467
1826
2378
5077
6182
4945
1560
6527
6206
2203
2116
2610
5844
6753
518
3662
5308
5774
2216
3643
4882
2723
7046
2798
2064
640
2839
5042
5072
2989
3011
743
4784
5119
2245
932
6290
6991
4774
3117
3319
6320
805
899
3166
5087
3174
3248
871
5136
5900
6409
5167
709
1471
1051
634
2879
3240
642
4842
1043
2243
1780
1563
7016
6788
6259
7011
667
6416
6767
6750
1990
3438
6270
5353
5147
2003
5258
5153
5962
5939
5646
52
5695
5692
355
6018
4259
325
4195
4186
149
3947
3957
3974
6115
263
258
5968
6097
5677
219
6082
4420
9
4574
4613
4618
1499
1287
1842
4577
3576
2925
1225
4719
3919
1072
700
5716
4846
3375
4944
6505
2537
5379
5625
3587
63
5424
2119
397
1216
265
2470
5333
3605
1955
3877
1509
7141
5767
2746
3928
1696
6529
1682
4243
5985
6424
7093
5907
7015
58
3356
6096
6997
3015
3478
2565
1632
747
5344
744
4837
4711
4581
358
4021
6004
5779
1063
1611
3847
3373
2110
5694
2219
4715
5698
3473
4792
332
53
1540
2051
1365
1253
5558
427
1386
2351
1852
13
2727
2725
1412
3890
3177
16
4747
2348
3889
3436
2953
2345
5898
2349
2158
1787
4881
466
1810
468
1845
1581
4567
196
4538
6185
7166
6186
4626
6016
4628
1579
1158
6411
5358
7051
1128
6474
1739
2304
6173
532
2477
4563
2987
5171
683
2291
3252
6481
1726
6339
282
5785
6819
76
4864
4362
1626
4535
286
6208
6673
5725
6469
513
2393
5858
2481
3241
202
5566
5449
4458
2983
2984
5074
5268
708
4454
5894
5762
706
1550
5868
1516
4258
1474
4480
285
915
835
912
1392
4740
5947
2335
3131
5247
430
317
896
892
3199
5237
3146
5569
1828
3940
4752
5239
5014
5240
5686
5243
6358
4580
3750
6948
6393
3359
751
955
3914
6556
3350
3916
6111
4981
5813
772
3072
4475
6298
4242
779
5378
3922
6311
4465
933
4218
7140
5425
4205
5002
5971
939
6931
5242
1328
1208
6487
6908
5540
6775
6718
5177
393
392
3589
5715
571
1693
2847
3575
1229
5647
6235
1992
3562
1066
4025
6791
2020
6240
3627
1840
1204
3645
2748
2749
1795
6464
4611
7060
6086
6195
6197
495
4639
1856
2776
1857
1858
6179
1174
1124
2794
516
1887
5329
5168
3657
5145
4426
4133
7105
4931
3443
2496
250
4321
1306
3469
4947
6254
5699
1267
2121
3882
6261
2111
2933
2554
2587
2114
4585
1323
5865
2144
3417
57
6271
1256
5187
6956
4151
2759
4167
5326
1394
2773
5969
1192
268
2488
2959
4513
2688
1197
6089
1013
5005
1300
6462
2734
5396
2368
6180
5244
1
4873
6361
2367
445
5683
2375
1324
2520
898
1121
5323
5012
1816
2992
1200
4861
4154
5343
1827
1264
935
5831
4847
1357
1263
1044
2884
1065
2613
4119
4932
6109
6566
2597
1058
6561
1056
2592
3765
2818
1039
5851
1390
2825
6482
6845
1206
2996
5382
3090
280
4897
2659
5948
4615
172
3007
6522
5829
7107
4159
2902
4988
6094
1353
1329
6538
465
5723
1605
2115
2113
5791
2112
4586
5521
371
2361
6150
66
376
1631
3493
6153
5906
5908
4591
6685
362
5089
6265
5901
2162
3894
7156
5902
2156
5640
6276
5459
4699
6272
5690
3441
3883
3747
3446
5980
3449
6014
5910
2056
5803
5183
3808
3806
6744
6745
4373
5993
1771
1774
4417
3688
1855
5982
489
1850
1789
1846
6761
4624
6759
1875
5688
6741
3814
7026
6158
3556
4433
6234
43
582
576
574
1979
570
6780
1939
1938
3826
1928
4429
3818
6729
6733
2167
1156
5432
6335
5628
3357
3353
1462
3285
4255
5017
322
5028
4485
5213
1505
