4534
2938
2486
2934
4535
5984
3470
5983
1628
2483
1626
2488
5981
2267
1623
1518
2932
937
1519
1513
2931
2936
1515
4538
4533
1627
1620
5159
5042
4539
2935
4532
4531
1624
2818
3176
4549
2247
3968
1514
1511
2485
2343
2345
3963
3175
2241
4536
3771
1629
1622
2788
4422
2306
6724
3882
3966
1621
5988
5177
5987
5156
949
2347
1258
1259
1625
5980
2613
2249
2836
2109
35
2245
1512
5835
5150
1251
3885
2924
5823
2933
4251
4537
4374
1510
4215
3179
6789
5711
5430
5500
5848
5523
6283
6999
3969
5212
6787
2268
6406
2708
6676
5828
4484
5714
2414
5528
3940
5217
5077
4496
107
5071
6238
1077
657
931
5947
732
4002
1255
5218
3765
2248
3001
5996
2167
1248
5314
2244
4588
3173
3523
3088
5990
153
3473
4622
4845
5830
5100
2923
3407
2636
3402
5997
3471
5716
4106
2939
5986
32
4580
778
2920
5998
2346
1042
2839
3038
2929
4541
1256
5509
5526
2344
5076
1254
5827
650
5821
977
927
5048
4120
6416
3319
2104
3146
7016
4105
835
5773
1921
1387
5072
4428
4970
3474
1187
6803
3258
2308
2816
4450
5843
1787
2802
2705
303
5831
5834
5317
6850
3408
3409
3788
5079
4693
5045
1252
4972
700
3769
4757
4876
733
4844
4776
3798
3825
6566
3847
7015
5587
34
1647
3924
3007
1173
4498
3045
3170
4583
2621
5310
3889
4616
3848
4581
1842
2000
2242
4187
2246
4446
4183
941
945
5991
2348
1938
96
6210
2452
2489
104
5989
1727
5074
2264
868
5822
5505
6326
2680
2259
1172
6672
6891
6896
6011
2687
3174
152
4477
355
6806
4472
6872
3172
5763
1517
2106
561
4488
4582
5992
3306
3117
2455
2810
1241
6991
4574
519
2541
6232
5883
3933
6851
3612
6023
6021
6020
6018
4871
1996
772
5646
5915
3757
1997
4530
1073
6356
2889
3563
2243
2341
1702
4542
6026
4716
6998
3524
3477
5666
1381
3925
6914
5046
5662
4952
5842
3000
1656
5343
1167
1178
6016
2128
6541
1044
6539
5435
6939
1170
1661
3168
3084
3138
3890
1085
3475
3478
7023
4713
6294
1253
1979
3529
1365
3569
3460
4896
777
1324
6759
7003
4766
6749
1287
766
3756
3753
763
81
3178
6225
6995
3211
5300
4425
5261
6394
2305
2304
3883
6150
1500
5192
5075
4107
5155
3844
6565
5117
6211
5110
4362
3780
3779
5081
4688
4633
4108
3754
1808
2659
1731
1707
5909
2508
4311
371
2895
2551
2481
2703
935
257
6345
1825
5767
332
5838
7159
3988
2835
3935
2631
2565
4026
1815
5826
2168
5854
4517
319
5849
5825
6874
5653
5982
2681
3526
4266
1923
7130
5252
5085
5242
4480
4100
1250
6873
4098
1773
3516
7119
4978
6805
6404
2753
1391
2765
6483
4242
6256
4474
3340
217
1784
602
3980
2269
6718
636
5978
2003
6993
4465
3406
1143
2265
5820
4267
4651
4109
5151
4377
6118
6555
5026
1506
65
3961
6800
3476
2186
1245
1244
2103
6875
5154
3362
5152
7025
103
5733
4953
2997
6032
2008
2439
4321
6371
2982
6501
5895
4548
2831
2125
6375
2049
5503
6029
2444
2587
39
6945
1843
4815
2449
6879
5926
6019
4442
3699
1043
6024
948
1306
4543
6388
3598
6372
2240
6862
6812
270
2805
2638
4213
1366
1818
5946
2005
3081
2811
1179
1362
1029
6614
5436
83
807
2582
2211
2658
1999
7070
4719
2233
4830
749
3489
6734
3580
7132
6670
1847
6481
3479
5824
3755
2652
4759
1845
6324
1282
1810
6996
4746
2002
5032
6234
5043
5858
5040
2068
5836
4239
5964
67
6655
7133
653
5037
108
808
5906
1418
6228
2556
100
3766
6570
6781
4910
4154
6997
4447
806
3761
5930
4246
1846
4075
213
1567
2937
6679
4682
6084
2478
4263
2769
854
5332
3189
4073
6089
6547
2758
4102
5288
1281
3960
4597
6538
4441
1631
4547
6892
2834
5502
2832
4261
19
18
3015
6039
2953
6840
3027
2180
5555
2487
1654
6301
1703
7013
1580
3251
5277
4601
3252
326
6847
5176
3318
5802
2030
6845
4378
922
4247
3360
323
3845
4128
6786
7029
5608
7019
5114
6434
2263
6411
5184
5985
3861
4513
2309
5766
1198
5576
4607
5225
6296
5577
5780
6348
4103
135
4393
6965
4307
4621
6129
6030
3967
1509
5213
939
769
3759
4777
1070
900
4768
4134
4257
1068
3982
1103
7042
4698
3985
837
4444
4285
3887
1249
3923
4589
4078
4308
908
1174
3774
4279
3767
4494
4562
936
779
4585
7046
4258
1283
5660
5663
1709
5712
1738
5736
6487
2752
2723
2706
5794
5799
1783
5813
317
2684
314
302
5833
5840
1805
6852
263
5650
7115
3026
3022
1617
6527
7105
5508
448
2979
2954
5552
1657
1663
1664
5575
5578
5611
5630
404
2886
762
401
5647
2607
2594
1848
7149
6220
7152
2216
72
2004
2195
2194
57
2193
2190
2185
6931
2164
6366
2160
30
2130
2124
6398
2082
6191
2272
1954
6177
2573
2562
6470
2480
6022
1894
6033
6067
6082
2342
3054
1920
2339
1929
2318
150
6451
2301
6449
6155
2294
2286
6083
3091
1691
3472
4882
3622
6788
3621
3354
1359
1336
3367
1471
5146
3385
5127
5115
5094
1433
5070
6571
4921
6585
3521
3520
4903
4977
3643
3499
3482
5029
3102
649
3575
5058
3495
5189
4906
3171
6809
3212
1547
3751
6737
4821
4275
4848
3118
6750
6801
5313
5239
5237
5214
6755
5211
6925
1353
3752
1354
4270
2129
2048
3770
2299
2278
1261
2115
2100
2291
2279
1041
2088
1356
2187
1269
2266
4234
3646
2192
3760
4216
4245
2182
2001
4250
4252
1339
4131
6918
3692
1983
4184
6933
2253
2257
1346
2260
3647
2262
3587
1309
4201
6826
3565
3939
2852
6798
1700
3281
1505
1507
3275
3886
1680
2926
1676
3269
3256
6804
3926
3894
2955
2975
3182
3008
3177
