6499
4764
3398
5293
5255
3391
6478
5332
1864
4015
4763
5992
4469
6219
944
4013
2589
3696
5335
4464
4849
4253
2956
4467
6387
4462
3395
5996
3371
5372
5620
4017
6863
4848
3374
6417
3394
1981
2188
6477
6472
5621
1393
4018
5990
6784
1982
6419
6213
6495
4466
4463
1195
6212
3379
4128
2509
3392
2972
2500
770
5622
5994
949
5256
6211
5623
1466
1468
3136
6991
5995
1469
3699
4011
2732
4088
3509
1985
6805
1980
5131
1900
2687
4465
2525
3504
7129
4362
6474
1196
6210
5997
1193
5334
6995
4646
2926
5626
4845
322
4932
1861
1862
777
5991
5826
3584
3810
3399
3603
3878
3500
3600
2405
5624
7027
5627
2527
955
2682
305
6217
4540
4541
6216
3987
1364
4769
628
3009
229
1239
1863
1865
3503
4650
5237
6471
2122
734
4123
4547
1464
1465
5297
1461
6411
3601
5259
4841
2759
2783
1365
3561
807
6533
4765
4762
4757
2182
4641
2925
3377
3002
4643
6085
5891
5806
1867
1486
5475
6695
941
6351
1803
3179
5117
2605
1631
3505
5790
1860
1930
5253
5146
4200
3585
5172
1279
4257
4761
2497
1348
6800
4767
5798
1360
1596
1516
5794
5223
5365
6092
3980
255
6677
1460
4797
4126
1366
5251
5804
2099
5660
3507
5881
3174
3094
684
3887
4543
1118
3314
4527
6491
3006
6349
4644
957
1000
5148
1040
1846
3180
3173
3816
6625
5179
3176
2787
1458
4957
3249
1453
1451
7127
4468
2746
2742
2501
4460
2649
4209
78
4847
4846
3883
4236
6221
4525
4648
3215
6347
5139
3502
167
5825
6327
3103
2211
2230
6913
2937
4743
5993
2944
3375
4759
6119
5970
922
5411
3297
801
2180
6539
1421
4127
4662
6804
6479
6996
3608
2971
1085
130
6196
6463
1781
2526
5062
3372
2522
2125
2114
2185
7028
3833
518
3396
5642
4014
344
3378
5494
5369
932
464
5243
3289
5575
1989
3240
495
5152
882
938
6719
3343
5258
5119
5618
4029
2459
837
2469
6465
6414
4442
4647
3389
7020
3918
6998
5821
7146
2736
2738
7137
6115
4611
7145
6155
2766
4548
15
1454
6531
4774
681
88
4629
2822
5998
4286
2618
6862
5775
6867
3915
6114
7087
3004
4521
6232
2909
1251
6007
1594
4522
1257
6027
1342
5989
1356
6745
1166
6184
2056
1186
610
5373
6554
1380
5897
3919
5698
1430
7132
1562
5805
1593
5625
945
6522
947
1613
1616
953
5760
5668
6682
5791
5619
1559
5824
1938
5339
1909
5547
1439
1680
6343
688
5867
1845
5863
498
1497
5843
1808
1967
6346
6823
4877
4746
2887
2741
275
4312
3405
3404
2867
5222
3402
4766
2316
2898
2852
3310
5178
143
4567
4795
4563
4365
6826
4196
7006
2481
6906
4791
3358
5227
2784
3560
3137
2285
5299
4642
4621
2955
6781
4934
3407
92
3409
2653
2712
2907
3052
5248
3181
4844
2900
4667
3370
4827
6215
2715
1463
2730
2765
5842
6896
2755
5811
2754
6526
4840
2753
1483
4542
2750
2749
7014
566
6891
2763
6890
2648
7011
1278
3916
6160
4612
6010
4718
84
3917
2933
6563
1202
649
3910
1172
1174
4668
6051
2899
7147
4752
4546
7005
1404
5895
1062
1385
4523
6191
4790
4771
1361
4768
3448
3080
618
83
6175
2803
1384
4655
6252
2288
3351
855
5505
6808
6809
1924
1913
4298
887
5207
906
1866
4065
911
2354
5157
4358
3621
6476
1984
5247
2149
3376
805
5331
5330
2183
5296
3397
2272
812
6461
815
5383
3852
3362
2011
831
1995
2083
5150
4343
6494
3248
939
5714
2518
2523
1702
3406
519
2529
5666
2532
5677
1735
94
6342
138
5077
2444
1599
3287
2666
5116
6088
5113
4928
6257
977
6514
3885
6108
3005
4498
3856
1132
3886
4622
4520
6438
4524
3879
3836
3880
6209
4549
3090
3410
6234
3877
6214
6418
1045
3281
4337
4406
4425
4596
4597
3875
3814
3315
3380
5886
1190
4032
1847
2371
4192
1842
1841
1819
5610
5112
4016
5102
2492
2494
4000
2511
5640
1763
3506
5670
5676
5051
5180
5683
5184
1875
5333
2132
2129
4124
5263
5254
5379
5250
2051
5414
5416
2033
2001
3605
3606
5232
1964
1960
5504
1903
5555
5201
3430
5018
5012
5884
3588
1416
2826
5896
2836
3762
4792
1343
5972
5985
2875
1273
2901
4727
1258
1253
2952
6028
1198
3798
2820
5711
4796
2807
5716
1692
4965
5759
4956
4935
4927
2669
4874
1590
2700
2718
4252
2740
1537
2751
5869
4828
2806
1448
5875
1437
2157
5519
6892
627
6992
675
6534
6591
6947
6586
105
592
153
738
7030
449
6918
6917
6462
620
462
6865
6943
10
6730
599
6990
8
626
469
340
1
594
622
7031
80
76
6802
1772
3933
5252
1592
4069
3598
2554
5885
1344
1583
4822
927
3476
6097
732
4720
4665
1169
2831
2448
4832
4960
6074
1615
4437
4585
650
1351
2968
6560
2076
1467
4782
3337
5562
1776
4794
6082
1187
5345
3135
931
959
6993
6326
6325
4979
2967
1597
4842
1921
5390
4666
487
4121
685
6530
6872
2490
2896
2938
3188
4360
2581
4879
3968
2486
3611
3985
1843
1522
3614
497
1519
667
7098
1504
5350
28
5073
1851
2134
3979
6873
6527
6111
1042
1165
162
1341
4193
4194
1568
4481
5807
160
2708
3750
2209
2920
158
2829
6836
6518
1560
5361
5809
3344
5294
7126
2979
2978
1823
1419
277
1550
1970
316
1213
493
4047
3284
6875
5540
1691
5751
7009
1368
2322
3445
3838
6432
1367
2005
2704
4066
6395
2716
3873
4955
4023
198
4061
1950
6946
2756
2335
5177
3247
5734
1738
2034
6413
1901
1446
5736
2343
1391
2882
2036
1433
4133
4640
5900
847
793
5471
1425
3438
6822
1737
7163
4574
779
2503
1730
2764
897
5552
2502
5719
2359
605
2954
3842
4907
5399
2747
3639
5115
5883
6989
