4993
4994
5285
4999
5003
5009
4995
5286
4997
4996
5004
5289
5280
5008
2874
5005
5006
5281
4998
5000
2876
5001
4991
5282
5007
4992
4990
3672
6820
5284
5099
2879
6919
4154
1371
2660
522
2870
141
6778
5161
404
3914
3606
1824
1653
7072
3423
5596
2871
1324
1055
2071
1668
5595
3161
6251
2877
1822
1586
7119
4115
3233
3676
2875
3237
4942
5590
5585
3232
5194
3670
5195
2815
1370
5382
3424
3854
2845
515
521
6776
7158
3679
4543
4164
2668
3025
145
5700
3146
3145
4397
3159
6428
1494
4049
3429
2126
5708
5707
5704
3149
6832
6339
6779
3277
2797
283
3278
2287
289
5987
2309
4949
6401
2211
6284
6421
3113
4586
3675
1268
5536
2077
6090
5047
3936
5265
930
4041
2634
2667
6929
1821
3231
93
2291
4090
4716
4663
1677
6660
59
2851
4379
5755
783
4110
2847
3609
2846
2844
6664
1697
2873
6473
3273
2004
3213
3680
1636
3681
3645
615
4781
4866
1780
816
3221
2872
887
1858
4477
4788
967
5226
6093
1415
6149
3157
4080
3796
5965
911
2461
837
1594
910
2513
516
121
6836
7012
2298
3471
6928
6505
5969
3005
1
3147
7019
407
6939
2370
6975
6968
875
1825
3165
4243
2214
1097
4045
3084
1850
3513
4165
5898
4576
4177
639
6424
4431
3878
4607
5657
3260
6107
2299
1585
1013
6745
3790
3792
962
5450
1632
6761
6102
6699
6771
4436
3850
6848
5262
3851
143
6786
3853
6793
4972
4508
2517
6846
6157
3356
1418
1687
1510
2583
5653
3677
2665
3217
4571
6547
1587
7026
2115
2029
6911
171
1673
4943
3894
179
5530
7150
2850
2669
6909
1041
2577
2145
3361
6067
6144
6160
6145
1650
5975
5911
3804
5406
5393
5231
965
961
4039
5120
3741
4040
2038
5067
633
4964
4954
4799
4862
871
928
1024
501
4342
1826
3474
3483
5800
4705
430
3607
5769
3619
1078
5715
5701
1856
3653
460
4721
1637
5599
5589
5962
6162
4372
4806
1681
6742
4548
288
287
1599
3150
1663
2011
174
4497
2848
6692
6382
7073
2853
6420
7033
4579
1399
204
2256
6988
6542
2917
220
1262
4572
2294
2206
149
2989
315
124
2752
112
2794
2360
4546
1204
7155
2307
1476
1382
3234
3229
2681
5080
144
5586
6938
2661
3704
6691
2662
966
1395
6662
5587
202
1771
4255
5659
6971
4068
1509
6831
6540
5287
475
1638
1873
2249
4545
1049
6962
6558
775
964
1394
6904
529
3855
1388
5477
3799
1001
6754
6757
5182
106
3930
4780
4547
1688
4785
147
146
6922
2817
6741
2091
5532
6694
6697
1023
1393
5523
963
2671
562
4334
6868
2841
517
2972
4031
520
4271
4628
5316
2045
3021
3001
3214
2025
6269
800
4944
2139
1456
7131
4899
6309
3156
1127
4245
3427
2452
3451
2457
1116
6328
1238
3216
4588
6178
4378
6159
6218
6143
4373
4807
322
1154
698
2024
3276
319
2379
362
3312
3329
4864
7159
27
5263
4112
4575
1667
1263
6407
2568
2547
6485
6986
916
7032
3658
803
6997
1827
3631
120
29
5043
4163
4407
1919
5046
2584
69
5050
4116
6963
72
1403
5066
2359
5061
114
4170
1911
1992
4803
4783
969
5219
2300
55
4161
25
24
870
1391
5104
6923
4120
7079
2296
7057
900
7115
2535
7050
4947
5160
1922
1997
2573
5167
3933
14
2031
1425
3931
4156
1596
1598
3923
4890
4129
6188
2714
3144
3482
413
415
3142
1828
3488
1829
3141
4668
3140
6393
1664
6403
6409
3117
4580
5756
3101
3620
5751
3086
441
3082
4350
2697
4685
3070
3152
4457
4375
6163
3262
2204
1194
6141
745
3228
6099
6243
4371
6073
5968
2205
6060
742
1823
3359
6275
6026
6280
3205
3421
3422
4585
5977
6257
5713
5718
6471
4775
528
3794
3795
1504
3801
2809
1584
990
3837
6790
5352
2796
3858
5329
3859
5312
1871
3864
3870
3874
5301
1872
5292
2792
2775
6843
6449
1334
518
222
2117
1267
3061
2225
3663
5677
3673
5664
225
5658
2961
5522
1781
6739
6553
5594
2862
1323
509
5582
3731
5542
1029
5533
1593
4412
819
4433
4351
4370
4402
2022
818
7169
4168
2836
2869
2238
2966
3062
3064
3065
3110
3111
3143
1234
3154
3163
3201
2207
1206
3222
1505
2820
2799
2789
2377
2436
1457
1450
2297
2488
2512
2560
1530
1429
1421
2613
2635
2640
1390
1379
2292
2787
2582
3249
3256
3265
3743
3746
3788
3791
3807
3808
3893
968
3712
3912
4043
4070
918
917
4072
4119
4132
884
2070
4188
2112
1056
2179
3269
2168
3275
1167
3285
3357
3358
3691
1146
3522
3559
3571
1546
1092
3637
3638
3669
1141
4462
1482
6905
5738
4808
6686
6285
5759
186
1852
4795
6940
427
1690
6307
295
5184
4778
86
6233
4756
6661
5517
5196
6974
6230
177
4828
310
7018
5068
6777
7023
53
5597
6096
313
5665
4958
1928
6130
6250
5678
6094
5108
6532
172
4837
6977
1661
23
235
5333
527
4544
4615
333
8
6
5266
5332
6559
218
4583
6354
5309
6361
6201
5338
5434
5456
280
21
6028
5221
196
6431
7113
1775
6198
4633
6573
6845
5198
6800
2116
1036
5581
1746
2690
1043
6860
3803
5593
541
995
2184
5506
2104
3800
2731
3263
2290
2708
3695
2101
6164
3016
508
5481
2261
5526
3734
6839
6854
6138
5464
6197
3797
1857
5463
2106
3737
5605
6092
2795
6070
399
3440
1538
3468
1772
3425
226
5856
5845
2970
419
2135
5832
411
5979
6555
3339
6033
3354
6029
3379
2237
2935
3389
6069
221
6011
2897
3417
6543
6546
5995
2133
1047
1544
2131
1337
3656
3809
5679
6746
6750
1336
1759
3674
2811
6774
5650
5643
5617
5666
2842
2843
1640
1321
3567
6667
5822
1095
3596
5799
6683
3612
3613
182
1853
2130
3623
