2190
6002
6009
6006
2195
2196
2191
2194
2193
2192
6001
2197
6000
1459
2199
6003
4219
3745
6004
4609
3280
6005
1452
2198
4453
6008
6948
6927
4603
6396
6437
6074
6007
3761
468
4745
3120
5672
681
4069
6252
955
6251
6962
4597
1110
1546
4154
6282
7017
3255
482
2068
6910
3285
2633
6284
5923
6568
2325
6672
684
3072
3981
2160
452
5828
4197
1029
5823
2088
3529
5457
7103
6884
2742
4060
2741
5553
6120
5164
5319
5851
3928
6250
7164
4250
3941
874
1684
5656
4368
1431
5454
5445
6534
51
2428
7141
5610
6849
2431
5654
3121
683
2884
2828
688
2207
6963
3629
5392
3775
6247
4064
3922
139
3874
5673
4542
5162
4553
6881
685
4078
2080
2254
3532
3102
1455
5822
2738
5821
1401
5446
5827
2819
4618
6560
5119
3757
2584
4213
5550
3401
1153
6386
6973
5559
5558
4622
6286
1643
5698
5284
3388
2875
5089
1703
1608
727
6474
3215
2802
3209
4606
5749
4708
3760
6561
3346
3256
5653
2262
3283
3242
839
4498
6921
4495
4841
6248
6249
5038
3843
4364
4511
4361
6900
6524
3769
5993
4516
4497
5719
3202
3548
6073
5720
3544
3205
6256
5740
2443
4840
1604
4418
6254
274
2800
4023
6257
957
1078
3191
6946
5820
3524
5570
985
4089
4174
6299
2491
5574
6281
7143
958
3822
4322
6979
2855
641
6179
6322
5552
5846
3455
3562
4491
1454
6518
3162
1062
5033
1694
3332
4456
2761
760
2564
3257
5168
3767
2679
1246
2732
5152
1701
4540
6707
4883
2373
3656
5524
4774
7106
5630
1709
4548
6539
2015
7162
5819
6911
6292
1812
914
833
2665
6090
2681
2912
4846
2900
5994
592
4563
5040
3160
3755
6301
7052
6972
2602
3744
4986
875
4198
2962
3742
5057
1493
1071
7156
2639
3418
6895
6882
7144
2992
3412
6932
3528
5538
6935
5829
3119
3288
2974
5414
6234
169
1048
2661
3743
6525
6938
1007
4189
383
738
6975
1121
6335
954
950
3200
2567
3764
286
7029
2168
5857
3986
2759
278
4830
4112
2260
231
1934
7113
2560
4834
5625
2551
5452
4021
7021
5456
4615
4124
228
2740
3770
5636
2860
2292
5705
5889
2187
2734
1331
2291
6720
5117
2266
707
5733
6443
602
709
6512
5660
2460
4121
862
4226
4211
4190
4223
5492
1060
737
3068
4285
5528
2770
2607
4613
5418
5478
6444
2764
897
5601
4882
6259
6582
2861
4335
1027
5539
6393
4888
2748
2269
2493
2544
3592
2542
3589
6528
3728
2668
6854
6527
3776
686
6350
2830
1337
5743
739
6665
2433
4923
6546
3011
4903
4147
5472
2096
751
4598
2432
2099
642
4363
3581
222
7016
1698
247
248
3345
396
5116
1520
3987
6146
7117
4514
1721
7121
3876
4029
263
3323
386
3989
6114
4836
1865
3482
3299
5165
4046
3131
219
6944
1683
5245
7079
3991
7025
3123
3122
5083
6155
5153
57
3976
6050
6022
3086
3439
6914
7146
37
38
3077
6908
3076
7140
6242
1489
3982
4025
4422
7163
1480
3975
5050
4496
6989
6923
2833
5432
2746
6783
6901
1330
3909
776
3798
1641
7041
4010
1227
4715
5155
2312
4271
4934
2693
215
4280
6994
1930
3206
1580
5906
6770
6151
5222
5018
6370
5439
6997
5744
4881
5203
261
5725
5438
5721
3893
3640
6996
6132
2820
1266
1937
7023
6779
3250
6391
713
5520
2677
6085
3710
1127
6565
6080
1122
3458
3373
953
4513
1728
68
3451
5560
4175
5069
53
6044
4791
1041
4192
7153
3740
5543
2440
6517
3733
2430
3977
1811
2418
5606
1707
6569
5631
2624
2625
4697
3772
5665
5667
2622
6434
5500
1656
1652
1206
4139
6411
4450
3920
3993
5037
110
5999
3765
1150
7086
4470
2182
4520
1692
3318
3317
4236
5124
5655
5990
3180
3071
1771
1458
2928
6291
6954
4845
6955
474
2921
4844
5814
6289
4388
6907
594
5410
1370
6904
6302
2881
5780
3167
456
4847
1456
2934
560
5848
3849
6922
3103
3530
3862
5871
1435
4369
1432
4052
4079
2975
3861
5825
6861
1527
3523
6230
6952
5423
3556
6287
1358
2870
494
4604
1338
4028
6315
1339
3879
2858
3877
5225
4601
1353
3878
6450
6949
5281
4744
369
6174
1408
3476
6445
6175
5534
3128
4527
2964
5122
2016
2623
2595
5011
3186
2601
6941
50
137
889
6852
4862
5658
2805
835
4145
837
2448
5903
6676
4804
6526
1869
5607
305
1669
4816
6098
3512
47
4350
6065
4251
3995
4027
1095
3684
6092
4593
2496
1159
6502
4085
4050
2417
5650
4214
2089
2995
2449
6320
5099
3758
2518
2084
5420
3563
952
4558
5563
1723
3622
2031
69
2032
1980
1818
977
5336
975
6550
5308
4512
643
3376
6081
2185
4056
2019
832
6280
5876
4894
1419
52
908
4176
6934
913
119
3336
3339
1145
3722
4650
4051
6461
5349
54
3527
516
2513
4690
6931
5115
4478
5290
5652
5394
2038
6417
2442
288
3514
5878
7151
1376
2866
2441
1377
3858
6817
1262
5795
2438
6897
5927
6297
5928
3203
3517
4381
6961
221
3422
2264
3254
4277
1055
4981
5169
4276
4582
2463
3213
3208
6149
2809
1476
454
269
3218
706
3440
1046
5781
12
2792
6378
3079
5599
716
4120
6033
2785
6144
259
5912
3539
4954
2062
4768
2776
285
217
2749
4546
4086
2435
2311
6026
6046
5696
4987
6170
3452
3411
3447
673
4930
3192
4983
3093
3484
4138
7063
7064
4324
2930
5816
4258
670
4928
6290
2329
4257
1204
1888
296
3972
6520
2434
3258
2268
772
4024
7039
2735
6825
6723
430
2308
204
5464
4182
5813
3734
4541
2293
2008
4543
198
3789
6719
1778
2045
2436
3747
1074
1065
1503
1091
1814
2407
1451
2446
1453
2413
4742
1097
6184
4673
4770
1271
3835
1947
5921
3897
1261
2257
1611
5930
2263
3836
5801
3908
