6028
6021
1147
6357
906
2104
3921
1041
1121
5736
2979
3923
3693
7127
907
2973
4026
3929
5109
5177
942
945
3926
6469
4094
5108
5079
120
5997
6373
3691
6384
2970
6026
5769
4392
65
5730
3861
2719
5732
2572
4311
2966
1069
3601
4192
6500
5891
4969
3927
4318
5376
756
900
5486
3695
4251
6467
2897
2102
2933
6864
5104
2872
6533
5012
2310
758
5747
6354
6910
5100
949
3606
6971
6485
3501
2815
123
3924
904
4787
2876
4313
2101
1826
1954
124
0
3290
6375
1047
3696
3389
5372
4636
3922
1367
3940
3225
324
2573
2107
6460
1738
3100
6867
2519
2517
2270
6296
753
5694
4390
4334
4766
2582
2478
4785
86
2312
5106
1493
5163
814
3045
6708
3878
1263
2975
5184
2926
1486
1167
2925
5316
2718
2030
6930
1154
1937
3687
4957
4198
6916
2789
3609
6365
6341
6024
6366
3910
3947
2714
3261
2738
2584
5778
5737
568
2909
6936
4396
4040
5734
2570
2977
6946
6113
3213
4391
2929
6118
6326
6748
903
6860
2031
6872
778
847
6499
5113
1364
6592
5099
2963
6510
2824
5738
7164
5445
3920
2000
6218
5300
6918
299
5482
6932
6493
6911
4060
1269
2653
6974
4310
1927
4312
1216
5990
902
3899
4319
5586
2758
2333
3310
6058
2355
5959
4605
946
5314
3941
750
3944
6351
943
5438
6771
5849
4187
905
6924
6307
206
1365
909
6
941
4235
4181
1533
6424
2515
755
1910
6531
5633
588
5188
2325
1245
6083
5157
6110
5844
977
3914
6033
1697
4974
4029
5855
1800
3907
4970
1701
979
1434
4193
126
3503
3504
2587
4879
3699
4541
131
6352
133
125
2463
752
6471
5595
786
3681
2184
6308
6774
4397
2522
3578
2513
4316
812
5637
4194
4195
6724
2004
2016
2023
732
6914
6912
5992
6367
6498
2032
1180
6490
3454
6769
441
748
2668
5995
6023
6427
417
1085
1122
5973
475
3366
1162
6976
1373
1199
3383
3603
1198
2887
1457
2685
629
2667
6481
2665
808
2600
6283
6475
2100
2686
2105
2109
6904
2148
2530
6900
2520
2230
746
2262
2295
6866
1439
2717
2783
1618
6119
6125
3040
1653
536
6942
6586
1690
6190
2772
1804
1814
1820
6532
6935
6933
6928
1963
592
599
2788
1808
3615
1045
4547
4191
4989
4601
201
4398
311
4508
5183
4943
5898
5665
4633
5495
3787
4082
4565
3771
5638
5631
4196
5332
203
4201
5568
323
7112
5547
4250
5596
5761
5322
5597
5117
5232
5768
5840
316
4623
2256
4001
791
3109
162
3976
5398
6784
4671
2997
5392
779
6420
1436
3132
4677
6114
6449
6422
4660
3046
739
2581
2960
262
5733
657
1594
2786
5763
5762
2782
1262
4350
4259
2655
2657
4317
2666
5731
6303
596
204
4035
6388
4584
6885
5200
6359
4543
6395
2459
6891
6926
6336
1366
5159
2521
4190
1378
139
1460
1933
5441
3369
2005
5492
5237
3698
1966
1767
1794
4971
3553
1123
85
4888
446
3777
1936
3526
1111
5998
6551
1921
5087
1911
6979
3367
5007
6859
121
1126
4817
5061
3337
6993
908
4823
6476
5957
1599
3607
129
3650
3364
1542
805
5111
6905
6907
1903
4958
5675
2474
1824
6339
2489
679
1850
918
2487
6595
4445
5164
5439
5448
1654
5735
6903
5068
5038
1495
6633
5430
1703
1707
4354
6634
4972
2586
4400
78
6346
4759
5387
5088
4648
6421
6504
4876
4872
6425
6429
2173
1466
771
5608
4820
118
6456
4682
811
951
4693
6869
2091
4724
1465
801
2673
105
1972
1969
5654
2446
857
1390
5651
2394
1932
4765
5499
2334
4583
2323
845
2299
843
4602
1416
2266
4886
4606
1428
747
1485
102
5623
2466
2681
4549
3426
4022
4028
3856
546
2955
5196
2934
4041
2923
1025
2906
6196
3409
2901
4090
6091
3459
439
3481
5805
3764
2881
6999
3912
1197
1127
2976
6959
6087
5199
5847
3267
502
6102
3275
1161
6112
3971
6929
3105
6062
3044
3042
483
3930
5198
3315
4000
3928
1129
6035
6068
6211
322
5180
5253
6919
410
3690
4237
3556
1219
1061
3559
2784
2787
1268
1040
2695
1240
3697
600
5182
3536
2713
407
5951
6492
4804
1476
3314
3361
3581
813
6820
403
4952
4799
7022
5594
5942
1603
6812
3622
793
5958
2108
2106
387
3931
5431
4769
3682
6069
4786
4788
927
1544
5436
7145
1693
1691
6778
6857
1929
365
6839
6855
1806
1919
1912
419
3483
5979
5073
1098
1491
4951
3757
1854
867
1822
3488
3363
3784
448
3863
7115
3521
412
4991
6029
5235
2003
1702
1506
3379
5895
4883
3385
1024
3400
453
5975
1733
3406
1068
4285
6111
2125
4170
5151
6333
6212
4164
2873
5786
6342
6344
2475
5796
2888
2893
6931
4095
1382
967
2899
2444
707
2439
4542
7039
6216
184
2510
2848
4265
5167
633
4308
5174
4257
4330
1284
1288
1289
5740
2749
1255
4381
4394
6220
2532
2843
6316
2523
2844
2847
5712
6217
2904
5658
2383
1194
1433
163
1188
3680
3022
5827
3041
3095
5394
5823
3984
2186
3101
6128
5846
6451
5751
6957
3966
6461
952
1440
4612
1187
5197
6657
4055
2920
4050
2922
2328
4038
4037
745
4585
2961
1423
923
4025
742
2265
740
5249
1287
5230
6639
6621
1146
1192
6613
1585
5248
6701
1464
1402
5158
1266
6682
1238
5263
6745
5195
1178
5097
6754
1352
1252
1477
6729
1258
1342
6681
5166
5092
5273
1532
3651
1593
3103
3988
3021
3018
3005
4003
5826
4021
2971
4031
5790
4132
3215
4177
6221
4202
2802
4209
5766
5760
5759
4254
4263
2694
2669
4295
4183
2652
3949
3278
3683
3688
3689
5969
3568
3565
3561
3718
5976
3549
3752
3762
3277
5994
3772
3405
3390
5893
3825
6034
3895
3360
3919
6039
3335
3281
5896
5745
2649
2633
6484
4824
4825
5529
