6020
6023
3622
4713
6027
4314
2925
394
3861
1354
1958
2108
2103
4719
750
2100
4312
6019
4623
2831
4251
4698
1081
4691
3920
3925
2920
2970
6022
6024
1953
5342
1957
5332
900
6026
14
5733
1954
4316
5508
3487
2685
2923
3687
2901
6025
4953
5734
1043
2929
3097
1088
903
3563
2687
1235
3344
2532
5252
6365
6010
5730
4318
5982
4334
1952
6015
6510
4778
5339
6354
6493
4699
3927
6770
6016
4714
6371
6389
6216
4954
2839
4047
4629
390
3348
3923
3966
1047
1086
5503
3484
4252
2487
5735
86
6380
402
2971
2973
5732
3601
6196
3294
3015
814
6013
5376
78
4319
1089
1343
156
6375
3130
5632
2924
6372
4703
6514
5737
4717
4952
1078
4257
1349
4331
493
568
5635
1018
876
6419
3921
5337
1951
2101
6212
4001
2107
3948
2688
1493
2061
904
102
1959
5780
4338
1505
2717
66
1358
4387
5791
6586
6580
6230
6462
3926
4310
3036
1983
2466
11
4633
4620
3296
563
6328
5996
884
5500
680
1534
4201
682
3683
6017
5504
2659
6379
4354
2765
4040
5076
2899
4358
2469
4695
649
686
689
6021
2897
816
3942
977
4394
5398
2106
5702
2689
965
6499
3695
1341
2922
6359
2894
5153
5797
2792
2979
1568
5177
6388
5104
5736
3872
1044
2168
6133
1808
914
949
1451
5407
492
366
60
941
5112
1495
5745
4154
6324
297
2356
755
122
2313
6374
562
19
5776
2678
3616
3877
1960
2409
1798
5109
4250
10
5108
6150
5262
4315
2037
1219
2976
136
1234
2033
5100
6198
5089
3346
1269
2572
4333
6386
2091
2820
462
3869
68
450
6218
1356
490
491
1148
6822
378
6344
6896
3343
3240
6891
6326
4663
2911
497
454
438
6367
6893
3864
617
6336
5928
1738
6437
1098
6443
1387
1889
1901
2065
3680
3681
2978
1210
5719
4313
1244
6512
3011
1968
2104
6251
4381
4396
740
2614
772
784
4507
3162
4501
2657
681
5775
5637
1784
6257
5746
906
2186
4230
5681
5634
4355
5927
309
3503
15
83
4718
74
151
7090
5866
3865
5980
2109
1439
13
1556
1667
1553
4864
845
2718
4711
4229
6012
5738
6713
5645
275
4311
1539
4957
3014
5636
3178
2712
964
2358
6870
3267
1389
6831
6876
3297
2287
646
2267
2263
658
1567
2673
2244
4697
2683
1346
2975
3924
321
3929
3481
2402
5107
6781
4239
756
6102
2713
1537
5270
2501
5333
1736
6248
6246
340
5377
6569
2824
4684
1212
1041
1083
4376
2517
1883
2515
6983
6249
1732
4383
4779
1138
3697
1167
2926
1963
97
7100
4336
5152
3379
2195
1800
1870
6851
5143
3268
564
2160
3397
4379
6531
5778
1792
6471
6073
1090
2213
5002
7046
4350
2254
5418
3248
190
5883
1865
6051
4335
3419
7147
3922
5618
4089
6583
633
2674
970
5394
2715
6146
5845
6213
5029
871
6719
6501
5165
1950
2034
3621
2078
99
2017
3623
2008
3684
4454
94
1727
7064
5245
1978
1966
1956
3968
849
4065
6518
5809
4510
786
2125
3693
5630
6220
2723
4317
4391
1220
805
813
4395
3483
5372
2099
6139
7025
831
4067
4399
4066
4705
3292
1165
495
4692
1550
4771
5331
6376
5563
3863
1491
4840
3539
4680
6384
1536
3696
4651
1555
1469
5113
3355
6890
4197
3339
3530
945
3851
18
1345
3329
6058
1972
683
2007
920
1342
6999
5665
963
5819
2495
5555
1421
2260
2972
3850
1961
5044
1725
7021
1557
974
414
5130
968
2238
962
2241
4468
3854
4237
3606
4749
456
4708
6418
5989
2881
3719
459
3173
3538
4508
4704
785
808
3818
4506
801
3603
2592
1687
3862
2030
6209
3760
6711
81
3762
5106
2403
2182
427
3856
6481
2162
857
5287
2086
753
3690
3860
3691
5848
1569
5631
1386
6227
1045
2511
5896
1777
1482
3298
3549
4679
4868
3560
4389
4869
1862
6223
2
1059
3457
4382
1774
6539
6846
1760
594
3066
6440
228
154
3241
159
4106
1928
5391
3909
1099
2281
1168
7103
3568
3032
4742
4565
6849
5334
4255
5124
5117
4682
5423
1477
5424
1744
5139
448
6144
5715
4156
4093
6145
1691
5384
344
2997
856
6740
4330
6240
5864
3537
1793
2544
4894
5349
5073
3868
6993
812
365
2990
5708
6231
3158
3991
1776
3367
5704
2094
6141
1773
4332
1511
4799
2458
4123
3629
1894
1970
4134
961
7027
967
969
3079
4437
2485
3332
1217
6215
2493
405
1471
5813
4428
401
1228
1733
336
1224
3012
3730
4804
5210
4474
2463
873
1455
1699
1769
4645
2468
5046
3006
1087
1084
1857
428
2016
2011
3741
1076
373
927
928
932
936
3682
5565
3122
908
3291
2083
1419
5888
4590
6446
6452
5154
6045
745
2273
3247
5868
5992
6444
5103
5157
2623
1347
645
6451
2682
631
5755
127
2401
3363
4690
4967
2654
2190
1672
723
2286
1561
7146
5881
4585
496
595
3205
2404
1348
6427
6897
6011
6998
4515
1563
2366
783
1422
1407
3303
3980
6458
670
5275
6885
3290
4971
2255
4516
1617
6453
3969
2711
684
2408
6006
5539
1558
1048
5908
7168
92
4423
6210
5543
6276
2652
1033
3746
983
2297
4253
3246
95
3473
6351
2266
1728
7023
6821
5678
306
6823
2504
2563
7108
5683
1225
3647
5400
1466
6201
4421
1230
5045
5986
5884
383
6361
2351
2347
5137
6360
4833
2355
310
4094
5138
6844
1113
6538
6537
5750
6237
2531
3704
3035
1797
5134
1799
4216
3037
4763
2928
1147
6363
2834
5317
1819
4916
1150
4760
6233
4729
6028
3342
2640
2908
3743
4384
1878
5922
1886
6369
7029
2906
2299
609
3412
600
6532
599
6431
2816
4370
5772
6535
1864
342
4209
2966
1867
2814
1486
3740
1199
6355
3249
1618
1965
1620
3485
3766
5621
4151
2051
3138
80
6286
