6032
3252
3772
5870
5211
6781
4279
2521
5214
6675
5212
5981
4263
5201
1783
4288
6037
2883
5218
5531
5767
5761
5209
3251
6574
6470
6490
5312
2813
2164
4773
6678
6767
5217
2562
6978
6487
1051
118
5871
5216
1056
2456
6289
1629
2520
4577
6485
5213
4270
4339
2503
1780
5842
6544
2459
2003
2082
1241
5204
3478
4378
5246
5158
1789
3556
5479
5831
4289
5430
6845
5316
3253
5444
6570
6500
7015
6509
4278
6039
443
5786
5712
6855
4283
5876
6677
2451
6576
2541
5440
225
4268
6483
2786
2837
4285
6378
2247
5208
2763
1516
5202
2244
2428
4872
6559
2253
408
4282
6283
1625
2565
3007
3587
3564
6062
6038
6035
2309
4183
7150
5507
5710
1736
1054
3843
108
934
56
6508
5205
3889
2815
1812
2817
3884
1431
1242
6840
5449
4852
1894
2755
1912
1840
3258
6549
5443
5431
1548
5429
2782
4858
2647
5392
4284
6542
4287
651
4281
2762
3673
2004
4007
4951
5764
6785
3777
3785
3581
442
3964
5033
5835
3567
6864
3518
2104
5595
5505
5603
3940
447
1787
3880
2768
2769
5672
2781
2832
6484
5654
5653
1811
3771
4859
5587
3781
3756
4106
5560
4107
5497
5493
18
3471
4122
3410
5448
5849
5843
5512
1240
7142
3244
1573
3568
1178
3617
3040
6223
3626
5768
4943
3988
5834
17
4532
4854
4376
62
6679
2636
6786
6694
4633
2246
2233
1402
6935
2633
2760
1310
202
2073
2457
2115
6766
1967
2506
5225
5206
5253
6782
2435
1053
4377
5463
6970
4171
4783
4176
4372
5046
2458
4784
3257
7140
2485
1941
7152
2300
2329
2083
5617
6857
2103
5629
2074
3795
1621
5652
5658
5215
5691
3759
5718
2256
3660
7157
3643
3612
3589
4219
5832
3552
4100
152
5873
4258
1922
7120
6473
4371
6567
4275
5441
1542
6364
4294
2522
3009
6563
1813
1911
7010
1511
1214
2785
1901
6498
2838
4855
1733
1517
1572
1283
7159
5318
6541
5760
4370
4455
4031
5078
5766
6425
2816
5523
6421
5017
1004
3588
3603
1988
5520
5519
5802
5517
5830
6475
2248
6874
223
2088
1281
6850
3941
2703
6488
1814
1290
1473
4601
5655
3788
2013
4627
2007
5675
6481
1622
6480
3766
3762
473
2241
1624
3686
5317
4745
3928
3267
3479
6030
1979
2916
7003
1052
3293
5250
4876
2483
2963
2077
1059
4073
1192
4128
635
1069
3008
5974
2524
19
1656
1167
1786
2304
2305
4785
1639
5839
5356
3217
3224
4103
3231
2320
4101
2321
1040
2488
5437
5047
4102
3255
2489
777
4843
3982
4267
5210
4291
4946
4195
4109
5447
4330
4051
4438
4987
5073
4321
4392
5370
751
4500
5039
4981
703
3989
5308
3984
4156
5570
4786
4375
518
5030
208
6660
1915
3056
3100
1914
6836
6988
7009
3041
1902
3194
7022
2078
6671
6031
6674
6021
1077
7020
1073
1188
2979
2611
2009
6945
2072
221
226
6477
2810
3006
2811
6406
6388
2896
6553
2527
1209
6875
2076
6419
1474
5978
2450
5781
1708
5763
2307
5715
5714
1702
2302
1070
6774
2261
6787
131
2232
3830
1637
448
5624
6784
1734
2116
5794
1062
1781
2433
3474
3476
5878
3477
393
2346
3491
1042
3514
5841
3521
5827
3613
1738
2027
2110
2075
2081
2119
1510
4602
1631
5012
4989
1654
4986
1661
1682
4956
1707
1731
4934
4893
1760
1762
1810
1540
1816
1891
4772
1965
4770
1987
2000
4678
4659
1472
2128
3929
2230
3232
3315
3360
3380
1067
1061
3473
4108
3481
1045
863
4032
3615
3651
983
3689
3709
3765
956
3983
3791
3967
3792
3960
3848
1141
2163
3176
3170
4517
2324
4388
1365
2452
4373
2454
4362
4359
4333
2634
3849
2637
2673
2677
1287
1231
2912
1215
1199
2974
3042
3045
3110
3121
3175
3269
1614
5583
5969
6714
5108
5785
5110
155
6547
6877
7044
7040
444
6036
6793
6796
5442
5469
5164
576
5608
6966
5495
5586
6953
6410
5300
6394
6940
5511
5515
6878
308
5951
6370
567
5056
5049
7133
6562
5263
371
5414
5339
629
5698
5836
5874
7095
5706
5914
1328
6557
2523
6428
6423
2844
5311
1232
2889
1226
5304
870
2891
2892
6603
6571
1250
6556
4276
4262
5436
4244
2630
515
5422
2580
6527
4174
2704
6513
1280
2708
220
2765
198
4126
4123
4121
5413
4185
1124
2913
3379
3393
5680
3396
3444
3758
5895
3720
3504
3708
3510
3526
3365
5840
5833
3575
3668
3665
5807
3659
388
3650
5795
3642
3632
3619
985
3364
3362
6033
2918
2945
1203
3048
1179
3985
5582
3061
3966
3127
3152
3186
3193
3881
5611
3234
3238
3240
3243
6110
3247
3248
6086
6065
3796
5646
3789
4050
2480
5788
6652
1917
5174
1919
1978
1982
1995
1479
6914
6879
6860
4580
2102
6854
114
5207
2118
2166
6803
6801
4504
572
1512
5219
4775
4822
7158
1630
4947
1701
7138
7130
4926
1570
7126
5066
7097
1769
7077
1782
4856
7063
4853
7060
41
7057
7045
4789
137
6950
2265
6693
4464
565
778
6683
6748
2432
1363
2438
2439
6762
1382
5247
2453
2455
2434
6656
1100
2547
6996
6028
2387
1515
2629
7021
3366
7024
2430
1541
6089
1884
6068
1879
2574
1092
1815
3276
3338
3286
1820
2398
1531
3301
3298
1827
3333
5943
7065
5824
1581
3580
1696
1587
13
16
5803
6607
1627
5792
7162
7166
1620
11
1578
3549
3545
1063
1785
7074
1332
5906
5896
7086
5892
2509
1041
6602
1035
3519
2501
6663
3398
6986
6119
2379
6538
2113
2112
113
6373
2109
2105
2834
1304
6539
205
6869
6369
1307
2050
6357
6856
6337
2652
2663
2250
6789
218
6504
1285
6496
6780
6424
6486
2242
1292
2267
6466
2814
2218
2678
2789
2030
6335
1207
3106
298
3119
3120
6176
3125
6956
6178
203
3181
6959
3189
6969
6696
6121
2365
3156
3096
1173
3069
2932
1466
