6031
443
444
1658
6030
440
1286
1656
6034
4608
3646
3286
1287
1282
5524
1284
446
3048
447
1448
4455
5520
3040
449
4601
6033
4600
1280
6037
2324
6039
2069
2081
3105
6674
5455
4595
1171
2082
1285
6038
2007
445
6904
1116
6036
4604
4602
1443
1449
1653
1655
6942
3106
4272
3085
5458
5459
1281
1170
1289
1288
6543
1283
448
1650
5443
3284
1441
3281
2323
3008
1178
4072
4264
1444
5476
1652
2667
2329
4285
2322
4100
5441
1479
441
4136
6785
6545
3288
6935
6940
2070
4107
4071
6900
3282
2321
3640
5457
6782
7019
4297
2003
5453
4592
7155
442
5846
2328
2326
1442
1440
4105
4659
6789
4104
6780
4603
6540
4073
4075
2457
5512
4070
7164
2456
1402
245
4141
7002
3287
1179
4265
2325
1176
3046
5451
3784
4109
1474
4147
3080
1175
3102
1174
5449
7150
1054
2669
5619
2452
7153
5651
5454
1445
4102
2919
6745
5444
3045
4079
5516
2633
1107
6549
4076
6546
5664
6527
2632
7010
6806
2074
7012
1476
5077
2301
5873
77
5447
1657
3782
3043
4260
7152
4259
4262
90
4149
1173
5877
5659
7159
6922
6930
3615
5448
3023
6921
1942
4101
2343
6872
2327
4078
4007
6698
247
269
3082
5882
3047
3081
2848
5446
1446
5812
3108
1565
3025
1336
2009
2004
3289
5650
4143
1111
6557
6548
7157
7161
6542
5785
1097
6725
5452
5519
5657
3781
5802
5791
299
1314
4106
5870
6558
6584
4117
2151
4131
4139
2112
2073
4273
4359
4594
1654
824
1481
5951
1431
5263
2179
5907
3849
5206
2079
231
3283
3042
3463
6901
3000
202
3049
7116
118
6910
2415
4144
7063
6908
4145
1686
4590
3024
2314
2745
3876
990
3238
4822
2847
6141
3051
1318
5890
1317
2344
5283
5269
3800
4668
3789
5398
6531
6195
6204
1405
2844
5440
531
5799
1637
3101
5781
148
6881
5727
6853
5720
555
3956
4287
3280
6937
6945
3109
1577
6843
7151
2006
1337
6949
1029
1027
862
1925
4456
7124
5002
2788
4108
228
4728
3983
5897
227
2596
3932
96
5948
1472
2597
6627
3441
2181
240
3446
1692
5902
2606
6035
2827
6637
4103
5914
5253
235
6001
3568
5465
997
4591
323
6255
6815
4577
4459
532
653
1937
1943
1947
6334
2077
7154
2015
1091
5685
1100
7068
2424
4130
6781
5450
6744
5037
4632
4609
4673
1785
6159
2663
6544
4709
4821
2066
6461
2721
1598
4300
4685
6450
4817
6032
6167
4283
1101
1922
650
4077
4593
4146
140
3387
1681
6902
6042
207
6113
516
6603
4135
6926
4931
4936
6551
6145
3937
437
3785
5510
903
5595
6703
7016
388
3643
5592
5774
324
1172
3828
6765
2342
5895
248
2346
2892
5855
5763
1311
5878
1313
3805
3803
2465
237
6743
1409
5603
7069
3041
5815
112
6003
3596
7057
5136
3104
5223
6941
5912
1447
2392
5821
5934
5480
5932
2845
5845
6768
6767
5617
6675
2821
2913
3802
5527
5477
5482
6315
1032
4261
2926
2703
5668
4278
7
5655
5653
4295
4453
5644
5721
6347
5598
5597
1052
7131
2898
1185
6294
1069
3027
4649
3044
1688
757
1437
763
4867
5930
91
6089
2815
875
797
6975
839
1546
5056
5047
5045
6127
4829
4828
6136
4606
6207
6199
5417
4641
5020
4704
7031
1261
4723
4726
5325
3058
4820
738
5266
1406
4826
7029
3285
6955
1102
2319
3383
242
6895
538
2348
4175
2349
3788
6766
3780
6783
3316
3473
2375
3721
6924
6621
6911
6562
2636
206
3407
6903
6623
192
2148
2236
223
6522
6899
4239
4028
6459
2168
3506
6848
6846
2488
2677
3628
3654
4225
452
1604
3123
5712
1078
2786
225
5658
2234
226
2451
6897
3985
3978
3959
3955
3619
3954
1504
5157
5162
5169
6991
2911
5718
4985
4968
5680
2917
6139
4823
6137
3595
2183
1708
1090
4839
6592
6593
273
4853
761
762
217
2204
3614
4871
769
220
4930
4029
7158
4953
4960
4987
3095
6854
5956
3649
5575
2842
7036
2386
3455
2849
7053
2896
6775
5818
3750
3804
2458
5811
2857
5807
2423
3729
259
2453
3496
5795
7099
2876
2879
2419
1319
1328
5876
5208
1460
6635
3933
3086
5939
3863
7009
882
5933
6852
6666
2580
5239
5728
234
2579
243
908
5740
1403
7138
5268
5315
931
6726
7135
1470
5911
6419
644
4335
4339
4347
1929
4219
1911
612
6477
1854
6256
676
3239
6247
6526
4173
4640
2005
2078
2702
565
4269
581
6946
588
6451
6447
4293
6931
4296
2016
2076
3262
6936
3362
5098
6148
719
1765
6914
716
1784
6149
4700
5847
2841
2085
3787
2087
5858
954
7037
7040
6894
251
1955
6313
7051
6772
5831
7052
4362
5445
4361
2727
6331
3368
249
635
76
1983
6679
1416
2577
4707
5909
5906
3848
646
3059
3834
6708
5272
3808
3449
6721
5300
1355
2347
4901
1928
6905
368
3820
1330
5874
4402
6716
5808
2428
1430
3644
6845
4735
4280
5602
5723
2693
3626
3618
583
2912
4224
5745
3511
3616
4271
203
2915
4263
1114
1093
3590
4227
7165
7168
266
5654
5803
4824
6831
4325
2430
3028
5801
5456
1252
3256
2724
3019
3018
6816
6340
6834
2187
6130
5511
3014
5780
260
308
2013
5529
1035
1192
1039
6828
5484
5920
5332
1684
827
2315
1554
136
833
6620
1787
4599
678
5134
5140
844
713
674
1488
1478
179
1473
5961
6632
3252
5203
2673
2251
2740
267
5018
6601
776
2758
1651
6919
6539
1635
6959
6920
1815
6532
5955
1605
4132
3988
3418
806
6205
3120
185
1578
6958
2790
2652
6916
3944
3377
5204
1439
3856
7013
4535
7004
4578
2291
5227
6643
527
1890
194
5209
4288
2475
2904
4991
4405
4998
4644
1757
2072
4647
5599
2096
4751
3642
5611
2666
3645
5571
3124
4827
1921
5578
5009
2810
1920
2178
