4810
5126
5122
878
2414
38
2411
6048
2418
2416
573
5321
2412
6041
5124
2413
4415
2855
3998
5041
4739
2410
5035
4816
4413
5127
6332
2417
5129
3629
4730
4815
6040
5464
2858
5469
2419
5036
338
4733
1501
3995
3116
7065
5309
5123
2658
4568
5031
398
4819
3997
4346
6042
5120
37
2890
5466
7106
6459
4734
3110
400
2850
868
392
5305
3118
395
6045
5033
1027
2692
4418
4736
1143
2307
6513
1337
4417
4112
1035
4476
5032
1406
5460
1330
337
7103
3119
4416
100
5362
4470
183
6330
5324
5284
6882
278
877
5616
6044
2339
6614
1715
36
1336
1101
4479
6152
2165
2401
32
334
6886
6457
3029
1521
7064
3990
760
7107
3993
4550
2471
5091
147
1049
4329
4364
3992
5516
1711
3744
2045
5206
4919
2860
879
2561
4402
4653
1331
2969
7068
2818
35
3210
430
4456
3292
3876
5281
4811
2302
4411
1751
4737
4894
1645
5161
5949
1757
2300
2964
7079
2938
4813
6297
119
4554
6049
6295
6451
5029
2160
5773
5518
659
4488
769
274
425
1990
272
429
768
4732
2568
3831
971
2599
5929
3999
4404
4673
1031
3960
1032
3963
5854
895
5356
266
5986
4676
5302
1764
1039
397
3743
4780
2895
3835
1554
4996
4900
2163
6208
4597
2231
4999
6455
4990
4899
6894
4893
3564
2170
6207
3305
2169
6201
2054
5353
2929
30
5368
5014
3739
3574
2455
6746
2473
4913
4998
5039
4265
4814
2176
4483
5074
832
4096
5307
277
4558
6329
862
4173
6019
4407
1528
5128
5510
2080
5707
1716
4892
3619
5501
4111
2301
1749
1633
3610
1244
2775
2935
6281
2103
5700
6325
2308
6790
4709
5030
2853
6383
3580
6183
4559
1647
4222
4638
82
6360
1718
3523
4552
4115
214
916
6205
6301
3111
2590
481
4993
6600
838
3125
4180
6622
4117
3780
3867
763
3298
186
5685
4567
1994
185
4596
2172
3293
4912
3761
5282
3473
2086
2939
1712
2953
7100
5057
1713
4868
866
3428
4229
6833
603
6178
308
1643
2488
6631
2482
5110
5667
76
4938
2817
6323
1112
3307
5724
5664
3054
5718
5954
1621
7063
5514
4494
2701
4945
2707
6304
6755
3514
2680
3515
1538
3748
428
3512
3749
2049
4914
2811
4093
4058
3126
381
1038
2166
3308
865
6791
6792
6619
4817
5042
3192
5822
5046
1405
270
2415
2178
5053
580
6261
1710
4442
4306
3598
2240
184
1218
3219
7155
1971
3429
25
3785
1664
1514
6319
2134
6765
3112
4556
3348
4486
4995
2856
2857
5170
4842
7109
5008
6768
5433
1717
3258
5022
6487
26
6523
6067
5463
1250
6702
1714
4818
4535
1646
3900
2874
6345
2852
7096
6884
1752
4910
1456
4228
1450
4473
2483
4248
5327
6793
5043
6955
2177
2180
2406
6798
4225
1389
2400
6811
4307
2365
4328
4338
1200
1259
1338
1756
4393
5155
4400
4412
4441
4224
4202
6951
4658
5619
2090
4916
2737
4511
4657
4071
2703
2696
4747
7044
839
2656
5513
1518
2641
5424
2567
4482
5006
5462
5003
2068
4175
5467
1875
930
6399
1508
1510
4997
4750
1719
3170
332
333
3214
6696
246
6684
6284
3114
3588
6237
3647
4700
6898
6159
3640
3747
3733
3242
408
187
3738
5906
6226
3256
6223
5913
7154
154
3740
110
6187
6180
3834
6181
6288
6091
6
6616
4678
5000
1741
5669
5350
1743
5571
1372
409
6835
5103
6311
6576
1487
1806
2247
6674
200
107
3623
1335
2237
1442
3053
4477
6548
6737
5630
1889
2771
145
152
4480
6596
5011
2668
1834
6740
4484
4595
762
3589
1409
1407
6542
2723
6728
4698
6164
3768
2720
856
401
5461
6812
1174
4304
2564
4301
1782
5280
3198
273
6776
6060
6659
6797
6043
4262
4675
1088
5364
6787
2453
5360
1082
5340
1030
1950
6290
4232
7140
1042
5367
3741
4174
937
207
1322
1321
6144
1313
3349
3737
4105
2648
1283
1276
6393
4109
1267
6298
3734
1254
3732
5202
4129
912
1232
5215
3730
7124
6820
5217
928
933
6018
4116
1502
2706
31
4964
4499
586
5917
4685
1708
1634
3833
3517
3477
4562
4937
4936
4582
4930
601
2863
3022
4572
4926
3907
2012
4832
634
6852
3874
4917
1822
2089
1678
4590
624
1512
3782
3359
5923
4489
1663
581
4592
3914
5835
1666
4968
6421
5130
5802
6653
1134
215
2407
6142
5142
5838
1183
5830
260
6645
2351
861
4846
394
60
824
4274
4177
5834
7150
4905
202
3742
4706
2087
4723
4735
6997
4901
1824
5527
2663
6224
988
3250
3736
34
2548
2602
872
1758
6515
2912
4532
4870
1656
1253
6313
4534
6669
2303
2919
3138
2315
5836
3860
2921
1170
2565
5213
4365
926
1821
2635
1285
874
875
4876
380
4875
2040
4599
1281
5996
2402
934
4713
331
361
224
2993
5286
6130
5175
5285
3869
1626
276
4911
6072
2110
5645
3786
5338
1444
3788
1546
7168
1437
3760
6663
4950
482
6848
6370
6173
194
4939
3154
6171
5047
4933
1458
1413
522
6662
2816
1503
106
4994
108
6272
6202
4490
5871
4697
5925
2472
5668
4492
5346
6638
7003
5004
117
6730
3059
3703
6620
3475
766
4942
6418
3745
6102
4704
3430
3825
2693
5982
6386
4429
3901
1110
7086
2514
7043
3388
4216
4622
2241
2362
6611
819
5078
3746
4272
4451
3909
4261
1013
2179
3296
3513
5613
4048
6861
424
6324
1084
4677
6086
252
2028
2009
1053
5289
28
1677
3208
2480
5283
2018
6101
6258
4300
4557
6581
2465
6247
4299
5303
4297
5301
6795
6979
288
1124
1136
1694
4302
6794
7143
1504
1672
1404
4928
4925
2186
4924
1742
4922
2190
5072
1408
3291
3595
1376
1745
4514
4918
5083
6593
4915
1746
1383
4929
2174
4509
1885
4992
1511
109
4977
6453
4593
88
121
5015
4497
127
5024
