2411
2412
4739
6048
2418
2410
2414
38
5124
4810
4479
37
5122
5126
5321
35
2416
6041
2413
2417
4413
573
878
36
3116
32
6040
5041
4477
4736
4815
1337
6042
338
4470
6459
5309
1336
4816
5466
4415
5036
30
392
3998
1338
6044
4115
2850
1501
2855
5464
334
5127
6332
3629
5123
988
4112
4893
1518
4568
1331
6684
5469
7065
6049
1876
2692
2419
7106
5035
5822
5305
274
6755
1715
3118
4730
6692
4478
4046
4733
2339
5032
6704
3580
1035
337
3900
5302
6301
1873
4416
5616
5285
2471
397
5006
4999
1714
4119
7107
1647
4990
5533
2938
1871
3210
1870
3876
4995
1267
6177
4044
5364
4732
3598
6457
4813
4346
3155
2890
4819
1335
4343
2131
5460
3903
6691
4446
4576
2860
4994
6888
34
522
5282
4476
1330
5206
3154
3588
874
5685
5091
6330
971
3001
43
4996
6208
4780
5003
278
2656
6094
2488
3513
1039
2140
4188
1713
879
3119
4441
1134
2818
6386
4535
5129
6727
5743
3159
659
5033
6304
2690
4998
3029
1990
285
2308
6152
1130
288
4116
4410
6067
4442
7124
2307
1822
2134
2778
862
2473
6260
270
5128
1030
4862
391
1391
6261
1872
1521
4058
2095
5324
4731
6194
4471
482
2045
1406
3110
2132
3062
5356
4045
4417
2651
5284
4393
5536
332
1010
6187
5031
2772
3909
3913
2561
4567
2858
400
2939
3307
4534
895
6266
7082
4224
2969
6047
3901
2921
5913
2642
6681
48
5110
3835
45
1132
6091
5362
6421
1719
1133
2874
3492
4537
4556
2534
4042
870
3212
5280
2542
5360
868
47
4049
5161
3610
4572
6238
5208
4449
585
39
395
4444
396
5283
5367
31
25
6707
634
4554
2935
4238
2777
4992
3053
1716
4634
2467
5125
864
6776
6576
3904
6053
6790
5977
6791
1933
5700
5707
3990
5030
893
7079
3995
4407
5039
1136
6297
2648
5352
5828
2094
4039
3308
2089
2124
4638
7091
1752
1874
5467
4533
930
3214
82
4571
6699
6696
6697
4938
183
6265
854
147
1824
1268
6511
5829
4222
2568
4776
1515
1510
4114
5385
3906
916
4229
866
4653
6702
6833
6913
4048
2048
2895
1339
3064
2644
4868
4734
2087
6207
574
4997
6455
4419
265
1128
6662
5530
5944
481
5523
3111
3428
3114
6178
1877
6793
4031
2737
2817
6221
3999
3230
4575
7043
1456
1994
1200
3831
215
2640
3381
877
3993
4993
4328
76
1711
53
3497
4549
1124
5226
4562
6295
4
865
4118
6820
6321
508
6794
5983
5281
2479
2342
6792
521
3359
2415
2486
1645
1628
3997
59
3054
4879
2771
2049
2306
1514
4863
2080
3914
4391
910
2655
152
3112
6018
7140
2035
6453
5773
3907
2982
7064
4299
933
3859
2731
2730
211
6043
5120
1502
6614
222
3905
5764
4892
5050
6045
6451
6273
430
429
5029
3514
2290
3221
3517
2564
1802
4512
6886
6513
3581
2569
3574
3589
4418
1754
1334
6676
1027
1828
2160
3639
3607
2165
1823
1751
2176
2912
6756
860
6759
6591
6564
6559
2934
6529
4747
6360
5224
2556
2560
6424
2567
872
1033
1014
2599
818
4812
4818
2472
4845
576
575
2658
3067
4874
6631
4896
4897
3301
6488
4846
3584
3902
5484
3587
2207
7052
7168
5741
2231
186
6884
1266
1263
7068
5532
1505
1508
5403
7089
132
432
3960
1820
6072
4550
5667
6059
3599
1976
6339
283
6183
289
6186
293
6173
6968
300
4364
7008
6202
2141
1412
1413
331
1332
7018
6157
3631
5588
4329
6925
3834
3986
1369
7136
80
5948
6798
89
1156
520
3473
1646
4036
96
4559
44
6005
2317
100
2362
5854
3992
2371
105
5984
3493
6291
6292
2426
1718
969
5917
3803
1765
4138
5000
4894
822
5592
6619
40
2028
2052
2038
4110
6175
5008
258
2856
1396
2036
859
1633
5949
4349
4077
2039
4129
4096
6523
4907
2012
4924
3874
2766
4991
6052
913
6095
150
6093
4964
2800
6070
4200
4199
4193
6101
4326
5053
7061
4324
2010
5119
1710
2809
54
2706
2883
742
745
5082
6487
1896
1717
4917
6548
3336
272
2286
3546
409
630
5353
6805
1181
5350
398
4613
3582
2397
3586
2298
1101
3592
6737
6290
6879
5428
5217
5215
5212
3499
6728
6420
2553
4709
433
428
1220
4394
1214
1204
4579
2259
593
4781
5207
4472
336
2643
4811
2401
6788
6948
4448
4475
6667
3306
2136
4411
3117
5303
1362
6778
2647
5289
1241
2149
3623
1322
3634
6436
4788
5202
5501
2607
2315
6370
5921
1643
5225
5853
1642
6345
5220
6313
1085
5021
5373
1605
1137
1139
6284
1160
5955
875
2470
6307
5355
6300
1712
861
5389
1688
5527
1559
1023
5081
5688
6480
2180
1939
6236
2171
2681
2169
6224
5209
2163
1333
2041
5556
2138
2067
2662
2086
5538
5516
2090
5535
2641
5838
2211
6105
5830
1554
2546
2552
6075
1541
6090
6272
1049
5040
1821
935
1835
6509
6096
6425
2249
2565
5043
1265
5063
2241
1879
1032
6269
851
819
5005
3309
3312
526
4635
3380
6799
3403
4597
3420
478
3456
3470
3480
6844
3505
6861
4538
4531
4511
6757
4700
577
3256
744
4905
6622
6625
3059
3113
6687
3167
6700
379
6701
6706
3216
3217
4758
610
3232
604
3242
3250
632
4909
375
6939
7047
196
187
185
4272
7072
7076
4225
4216
3963
4187
7100
7103
4180
4032
7154
4127
4117
4102
7044
212
213
214
3636
333
4473
4447
308
304
303
4398
280
4490
4389
261
260
3743
7007
246
3788
239
4325
218
266
3007
4552
6537
4963
6575
827
2965
2947
5004
4939
842
2963
1419
5679
4631
2819
6560
6797
5320
769
1971
2873
6801
4580
2877
5329
5607
4321
4639
2011
5589
2060
4582
6299
4342
2775
6298
5582
4340
6802
377
1905
5686
4737
580
