5105
2408
5101
3508
1047
6412
5109
4312
1905
2407
5298
6369
4315
3926
6495
5294
3509
1086
3378
157
3344
3376
1868
3487
1954
5290
5296
1980
4338
4311
4019
6861
627
2409
3865
3370
1909
5797
504
5251
4924
3342
5021
3924
5149
4927
604
5299
3135
906
3343
568
2585
4011
5736
5794
5297
905
5179
610
6351
3373
904
6410
6413
5113
4928
6419
786
3379
1866
5295
4953
3092
3097
4463
2978
3136
3130
1045
1867
3500
5102
1167
940
3377
1393
3375
1041
4310
3927
974
1083
2973
5891
6749
4132
1904
5631
5106
779
3372
4920
4926
3290
2039
3093
5734
5104
832
4316
2587
595
4257
4251
5508
503
5331
6589
4618
3946
2229
6384
4014
3923
4317
3507
1727
5814
159
6586
4319
563
5730
774
5765
194
3697
909
4124
5404
4090
1886
4596
5012
4016
1089
4015
777
3341
5766
1908
4759
5622
3928
1234
4318
6418
2583
6994
5376
2974
2400
2799
903
3348
4314
2589
4313
1901
908
1902
65
4144
4925
2273
2381
6169
4921
3915
3921
3925
6329
3828
3600
1900
6577
3056
4636
6587
5103
6582
4592
4590
5337
3133
602
1080
5733
831
1888
2405
3489
6363
1952
5253
2972
3371
5732
2681
836
3502
5107
106
5613
3463
2109
2923
3316
3501
4664
3856
6479
7131
4976
2965
6474
1777
3861
2588
5972
5488
5100
6012
4006
1507
4131
6008
6196
2030
5761
5190
4026
5847
2652
3134
1861
191
592
6022
4332
1232
4007
2579
14
1239
4595
1299
3462
4598
107
4651
2581
2578
4725
555
4013
4017
5731
6204
5763
4804
4147
4802
4782
6415
7135
4768
5650
5345
5643
4306
5627
5146
5620
2594
6325
158
5095
3349
2948
5024
3086
2104
173
1082
3319
1906
1087
1043
3005
6722
6604
175
1121
3949
1700
771
5626
3912
5625
3752
5623
907
569
6645
1183
6955
5140
4364
6681
4333
5195
6405
4005
192
2582
839
3119
394
755
1591
562
1667
3821
4724
6387
6720
2586
1166
3618
6757
5768
3189
3055
1803
3059
5500
2802
4594
5339
5512
3085
4796
5767
4253
4682
1457
1883
5155
4467
4198
170
6125
2428
1860
5584
2806
1007
4240
6541
6140
1044
2403
3560
1941
3272
509
5398
2417
1945
442
5039
6366
6365
4718
2108
3981
2101
1157
1403
6359
4193
1526
5737
977
4097
6065
6216
5371
4088
1547
6191
5548
2005
6293
156
5544
7124
5191
210
4134
4023
4138
4140
5066
5740
7123
6891
1586
561
2103
1589
6051
2404
1088
4862
5630
6472
3785
6646
4377
2429
1118
5617
3694
1400
3094
3684
5239
5979
7145
3552
5946
2929
5127
2924
6851
2920
3484
3482
3080
2805
4661
2839
4415
1679
1136
3051
3313
2964
3910
1922
3918
6026
3863
6024
5664
5197
1480
182
5258
2970
2448
900
2432
1235
1131
1666
5342
4662
3089
2509
1445
4599
4215
1269
6770
854
43
1295
5511
3179
1258
5356
1273
4476
1999
4334
176
5803
6047
2976
2279
3110
3096
560
5974
6014
6016
2508
4389
4711
1421
2276
5148
7101
4255
6865
4446
2504
2572
4684
1233
5504
4669
1206
829
6510
3687
2947
6954
6488
362
5232
945
3787
949
1676
3816
3820
2971
2791
6134
2788
6905
6662
2787
5610
1918
3601
331
1862
2900
3456
3405
3460
5588
2908
2804
6573
1884
2402
104
4961
3505
6928
4956
2801
3543
6545
3559
330
6540
2446
6906
3309
2364
1557
6289
1021
1534
6219
5410
7159
5738
5334
4139
6166
507
1192
6150
6147
6142
4167
5483
2665
1546
6699
2222
4012
5259
6373
6346
5322
918
6354
4717
2476
2419
2382
5578
7126
4794
2427
4892
4786
2484
4918
1084
4973
773
5624
5615
5094
1053
1179
1050
2392
5637
4732
5348
7147
5841
5816
5762
2451
7160
2459
5552
4047
630
6585
309
312
6572
6571
6549
6542
3610
5247
6501
6499
3696
2796
2193
1724
6483
3728
3759
1702
6473
372
3795
3815
381
5214
2195
6417
6416
6970
3411
1863
6608
2147
163
3054
3053
2052
6867
3025
3006
2019
3155
2006
1995
2102
6732
855
4625
3198
3239
5293
3268
5292
229
247
6652
2940
272
274
1882
2911
1880
6614
3238
401
3841
3866
6162
979
1498
4155
4160
1491
4163
6138
1484
4194
4195
4199
4230
2619
1425
2618
1407
2518
2523
1315
4584
4466
4399
2766
1385
6020
2296
1397
566
1401
2607
7075
4143
2272
5335
957
5208
3922
2754
88
2224
5303
5464
6375
3948
3990
4001
4141
2675
876
6336
6212
4096
6326
2664
6316
4009
2648
4066
971
978
5112
5123
5144
953
5196
1023
5194
5248
941
3584
1112
3180
3182
3183
3184
1986
3236
3237
3242
3271
3168
3277
1947
1940
3294
1930
3413
3418
3457
1811
3615
3282
3156
3138
3084
2420
2487
2501
2548
2567
2621
2271
2266
2631
2260
2673
2686
2693
2717
2751
2197
2824
2140
2942
2975
3045
3616
1110
3628
3692
4239
4256
1418
4307
4325
4337
4451
4524
4587
4236
1293
4693
4743
1185
4854
4895
1139
1137
1122
1115
4678
4234
1464
4188
3756
3779
3786
3792
3806
1674
3872
3909
3920
3929
3960
4000
5347
1580
4018
4043
4075
4099
1523
4127
4149
3647
4003
4780
5970
5519
6355
6888
245
5849
6868
235
6892
770
333
48
6210
45
5877
6190
491
161
6909
6653
6921
337
6547
797
5760
6574
6482
96
6481
5479
5739
290
6607
5462
6407
402
6625
5698
5543
498
5772
5556
19
607
197
7125
741
187
5959
5573
6041
5391
6027
23
10
6151
842
5549
6085
2
597
600
5577
172
5712
1885
4890
3273
3433
199
2004
1854
294
1997
1843
3447
4827
324
3174
3553
3394
4906
6750
6636
3280
6698
225
5605
4955
1949
3291
3266
3292
216
3213
6728
1981
3374
1936
1931
1929
4978
5660
1924
6667
4923
1913
3185
1992
3340
