6053
6755
3126
4380
304
2231
4111
4238
4322
80
2236
5467
4119
6517
2132
1014
782
3308
3995
7104
2040
2045
2140
5019
4567
2413
2010
4813
5375
36
4478
5083
32
31
339
2809
5036
7097
6436
886
2047
5685
4222
1481
7092
6849
4734
1525
2860
6515
1034
6187
4385
4034
318
1524
2890
2855
2411
4554
6512
889
4448
4118
2049
893
5952
5645
879
2138
4552
6246
2980
300
3992
4873
2048
775
1270
214
6669
6684
4520
4473
3725
1271
6825
6824
5368
3634
334
2017
4862
5646
37
4814
4449
514
1962
557
4443
3302
787
5015
314
301
1809
585
583
5034
5017
6511
7032
4231
2950
457
6058
2098
6686
6834
1647
1642
6733
5173
6208
330
3301
587
7034
5013
5938
5636
3719
1277
1035
87
60
4386
4441
436
4226
2042
6049
6048
2692
5053
4819
5461
4410
6668
4306
3073
4479
5680
2856
4739
5679
3727
3303
3991
1327
1746
274
1218
3099
1640
1645
2410
5321
2988
2136
2135
5126
4223
2131
38
5119
4388
6759
1137
82
5379
1977
4062
79
2371
489
5059
2858
4447
2057
5407
2998
1332
45
1644
4550
5982
3497
4765
2957
7047
7030
1799
4325
5693
4758
1156
3059
878
5032
6047
1207
3058
3052
4555
478
7091
4818
1719
6731
3574
7094
88
4046
1135
2012
4061
1716
2014
2018
7102
4725
5098
4811
5128
4815
360
5686
5842
2462
2468
7106
1715
2800
4475
659
4736
1528
302
6359
4732
6791
6167
847
5267
6560
4116
3694
6054
6052
572
5035
979
2922
6040
1203
3054
3639
4363
5367
5365
2054
5022
119
4527
5016
5894
2709
1030
2044
1347
128
5643
1337
573
2927
1689
3305
513
2895
6662
883
1340
4115
7065
3382
675
6202
1696
1338
2852
1033
2955
6330
3125
4812
7154
2436
1955
6493
5749
1627
4757
4112
4417
5129
3060
6459
35
3055
4810
5682
5356
303
6833
5404
5716
81
5052
5400
2013
3703
6360
6157
1740
5776
1499
5373
455
5363
5706
3998
479
2043
576
3078
3380
4735
5302
6887
6072
310
6075
91
872
2041
4228
89
655
6345
40
6321
3822
2423
6384
6426
4806
2878
5764
1131
5024
5082
7138
2891
7117
6513
6353
6453
580
6665
1694
1693
4444
556
7134
4232
4233
2427
4865
2864
484
518
1751
2154
5219
388
6101
6106
3595
5971
910
3700
1321
2053
2052
5364
2594
4526
103
897
4802
858
1521
5647
2982
4343
5408
5418
3627
1335
5544
4537
1361
1009
1008
7061
1036
2125
7098
2124
6042
4557
4558
1334
976
6051
5978
5422
6067
6998
5303
4690
315
5673
6261
6247
374
4472
377
4752
2829
1628
4413
5681
4737
354
2341
312
2465
3722
7109
5138
3993
1413
698
1039
5086
6248
2823
972
1680
6044
1618
6279
2646
5688
2642
3493
3647
2833
1186
5460
5741
3498
1002
5469
6265
744
3636
6041
1206
6328
2464
6105
1212
1718
2868
3571
2867
5325
3570
844
6186
2865
6340
1712
2790
4074
6180
827
1527
4063
877
5355
6338
1215
5694
2466
2850
1752
680
3746
1580
5362
674
5270
3473
1729
1725
3742
895
6386
1438
1490
4440
169
1976
6508
6730
4383
246
3067
1957
73
6828
6519
3307
2235
4559
4224
308
6537
3309
1994
3018
408
4807
2233
4874
2934
167
2137
2139
2051
6984
327
2055
4532
2218
43
331
3033
3304
4846
4750
4699
3075
4529
2212
105
532
7136
6663
7107
332
2348
2921
3206
1501
2134
433
1088
1272
855
4803
2019
4804
4507
3959
6667
1484
4477
2851
3720
864
6152
690
3954
1487
3839
676
3947
2778
2133
430
4816
672
4321
3633
3496
2149
815
357
356
6188
1610
4077
4085
350
2286
6736
804
4086
1046
4754
784
1583
7062
2165
3077
1322
3324
4113
2145
5120
4522
3866
1995
5305
5635
1522
6788
6703
5592
4267
3558
4733
1990
6709
6263
822
1633
6764
2595
1103
64
2476
6342
3635
1741
4629
6417
6502
3053
7137
1734
3997
614
6050
5420
2397
1419
6400
1210
7135
437
5025
3122
4908
2417
4637
6443
1217
20
970
1754
2116
1143
209
933
3050
4631
2892
4556
913
3051
3439
1130
3118
1226
6356
248
254
650
2859
6483
5464
2429
4695
3127
3979
3210
2857
1698
3076
6390
3578
2861
5361
3980
7151
4346
461
3056
6472
1882
458
5703
2412
3203
454
892
6074
4349
935
2110
1418
6068
4366
2488
4382
6888
3204
5230
3074
6203
4357
3903
215
6837
1369
3250
6830
1003
5359
2046
5357
890
6142
5485
991
6017
874
4697
850
6089
4723
904
3200
2119
218
826
3900
3556
6789
3908
3588
1019
3909
5991
3271
2141
224
3223
875
5744
6749
5057
6564
1230
29
2939
3352
1713
3807
450
4861
3808
34
5829
4236
4470
6348
3831
6207
5676
3835
677
2362
4829
683
4256
687
2953
6681
5687
5090
3806
4901
2244
2
5745
1797
2641
1197
2658
6454
6448
567
1819
6509
4225
1133
578
1842
5711
482
2418
6439
5040
5041
3121
1139
5779
1744
1223
2420
582
695
2177
3713
6249
6288
1605
6696
5139
1643
6702
1964
6301
4762
5124
4114
3710
6331
3709
5424
749
3513
7076
6738
6727
4387
4117
4805
6747
712
2171
5201
7095
2958
394
1329
6310
3202
5950
5429
6056
4562
22
5949
3994
3803
1174
1214
3116
2288
3155
4442
1213
1326
2289
5958
2237
107
1155
1157
5724
101
5885
1136
5594
2566
4518
49
1278
4415
995
6019
1362
3061
4551
4509
5509
74
6010
4474
3649
39
1084
137
1140
2143
5599
5540
3123
5614
5924
1229
3739
5615
30
3151
1082
3715
3805
3128
5014
2011
1956
6728
6732
2453
605
1612
5046
4105
6231
6737
480
6746
781
5202
598
1582
6432
4751
2473
593
2643
5217
329
1843
813
586
2344
1832
