6059
1418
6055
5744
1332
1137
3559
6687
6456
4119
6681
1132
4199
4863
49
2131
5673
1130
5128
6056
5087
47
6455
3556
44
5034
3905
1123
5428
6467
3852
6064
3653
3053
4862
5421
3112
6047
111
3114
4364
6317
3059
34
6497
6062
744
6685
6299
7155
6689
6723
1992
6071
6688
4781
6067
2009
4589
6069
254
6492
3552
1152
36
1131
6313
5260
43
6339
1133
741
3309
559
1129
6157
1122
1025
5385
1412
5423
1134
6268
5038
6485
6291
261
2530
1373
4571
2539
1333
4191
2050
7067
5658
4964
3550
5720
4190
1677
243
1411
6457
1576
3954
3918
7061
1828
3910
3904
3116
2707
1157
4034
6050
40
6707
4784
3056
5762
2102
6971
3658
6793
1120
4366
1263
4196
1127
1154
2139
6935
1821
1139
4280
2048
6500
2081
1268
3906
4114
6511
3691
6786
1643
123
76
48
2457
7047
4552
5765
73
576
6068
2860
4731
2399
2663
6684
6186
842
2694
4875
5654
51
2671
6774
2536
1780
3054
4193
2587
4598
2534
3051
5965
2094
4403
2610
37
222
31
2031
1582
6843
1289
6693
6086
6099
6052
6063
5962
3896
2460
915
77
1136
572
1724
2397
4553
1741
1746
6352
6358
129
396
3657
137
124
2135
4174
1826
589
859
6304
3911
1697
3914
4324
856
1369
4181
251
1331
1758
6686
1374
1527
6694
4860
4874
4796
1661
444
1499
4588
1395
5092
4861
260
1390
4187
1673
4207
6757
668
6506
1146
6424
3895
3669
1121
532
2252
1301
3404
5656
5738
5741
575
6315
2471
850
829
1
7164
664
6
658
2797
2138
746
2641
6061
6005
2531
826
827
2649
6920
5359
2058
6459
4010
5324
1177
4094
1293
3944
3999
5357
1976
3912
489
3919
374
6473
5191
822
6040
6046
618
5186
5094
4787
1275
6070
446
6261
6674
745
742
1610
6490
728
1294
6675
1298
4739
5235
1153
855
4690
6428
1375
1159
5405
6523
1425
534
1176
4970
537
1362
6460
5540
4879
5544
6350
388
4871
6518
942
4866
933
441
870
5054
6366
1480
0
3707
4265
88
4302
2144
2890
285
3917
2149
4363
3837
3157
2648
3682
2821
1823
2794
2473
258
2032
1990
2417
4110
2513
4118
259
2039
4038
4037
2573
2059
2064
46
3061
3592
4087
4477
1664
2290
2427
3553
1715
4
316
2339
2274
4625
4631
3159
126
3111
7065
971
2371
1201
2334
2312
2310
5943
2090
5448
4036
2055
4060
5963
2413
2420
1266
3222
116
3055
3233
3065
2398
2377
5653
3075
567
3902
2140
7058
1039
3667
6407
5857
3655
3654
872
898
905
5499
5426
6976
3557
5445
6974
2464
4073
3834
176
5462
1149
2142
1646
2436
5898
5893
2304
5768
1026
6312
2466
6421
2156
3901
1622
4107
1287
4877
1752
397
7154
2667
7150
4958
4419
4876
2656
6266
2644
4393
5164
2633
1406
2625
2624
6075
2874
4455
4470
1649
6682
1606
1602
6187
6183
4606
4758
2693
6700
6209
4583
6153
4807
1533
2695
1714
6096
8
420
4389
424
2963
449
5051
4183
619
5114
6289
2981
4177
2571
6508
7111
1291
7110
2002
6783
2947
5761
6756
5091
4198
4328
267
4220
4263
5060
2604
431
4272
2895
825
6160
6060
6167
2873
2701
3213
2564
2518
6033
2697
3109
2611
2433
2435
707
6057
3068
6106
6104
858
919
5950
2778
6051
6078
2643
6097
5361
3226
4962
4405
4971
4974
1440
4995
1795
1802
5009
5030
1392
1822
5050
1378
1377
5061
4301
5062
4186
4951
5095
4947
4448
1594
4710
1586
4608
1663
6192
4786
1679
4788
4582
4797
4580
4558
4556
4479
1494
1492
1487
1749
4432
5098
1334
4179
3915
2136
2146
2147
1135
3891
3693
2208
3684
3665
3652
3627
5492
5522
2301
5552
5627
987
3273
3916
5353
1175
3973
4178
5122
5125
4170
4116
1299
1991
1997
5168
5748
2027
2036
4053
1245
4046
5271
2054
2063
1208
2066
4058
1668
2714
6435
301
6946
6447
506
6290
6879
625
6420
6422
7075
7012
588
377
418
54
292
7124
6297
593
7134
272
50
6436
6912
413
404
508
442
6794
421
6252
7053
6732
38
7045
41
264
32
7109
584
448
354
6465
2927
5747
1546
6911
5586
6302
6484
132
295
2593
331
6300
2051
5984
946
45
4106
610
410
2396
4468
4398
5065
1665
4224
3909
2391
1269
2600
5081
6296
7018
6710
881
6505
4568
2428
888
5559
4112
5052
5529
4820
2994
895
2069
3007
902
2537
5535
4188
5123
257
4462
3926
1307
4192
53
5519
874
5465
4734
6702
5907
4587
1109
6704
4202
1402
4586
6307
4834
2416
6309
3825
3787
4175
3564
299
3568
869
578
3154
268
2057
4727
2384
2456
6438
2799
4071
4927
445
2030
6345
7153
4943
3110
4325
5093
1824
286
2345
400
2489
5403
1820
1605
2665
6094
1493
281
3430
4899
2132
6193
2474
2719
280
89
494
5645
677
2470
3965
2699
1216
2696
2332
120
6158
5323
3403
6154
5326
6888
6151
246
6469
5668
122
6284
5203
170
3285
522
4388
311
616
6680
3283
4115
3664
2627
5194
6039
1791
4390
5110
6036
6962
3042
6475
6030
3069
3288
2370
291
118
3307
6942
2148
1811
1151
4976
3651
6433
4090
3894
4869
6856
754
6079
1642
5088
1330
3623
317
2448
6576
2455
1336
5119
315
1335
4537
451
1320
3620
1322
5612
5603
6514
5561
5581
7059
1027
1361
1030
4095
6470
1645
5208
5378
1601
3302
5219
504
125
4080
5352
3384
4660
1597
5237
6853
1171
1179
2337
1187
121
2023
2028
5306
1621
1612
5283
355
1205
5329
1029
221
3279
3609
3607
1036
1306
2072
2071
5534
3193
5528
1050
3578
6502
2256
6384
216
1574
4732
3521
4105
5629
3234
1669
1272
1666
3512
2390
1659
1262
4716
339
5150
1337
4685
