6066
2571
718
4867
7169
5241
3235
5786
5888
6967
4789
2860
6077
1503
142
459
3719
3568
3242
2438
7075
725
716
2503
5193
2089
2434
3857
5612
5615
3197
719
6758
881
3536
2391
714
4221
71
3570
2431
2086
5750
5175
6744
6426
6981
6241
112
5841
4493
5386
3973
451
6886
1526
1542
3700
6603
5594
5703
3970
3658
635
2801
7096
1507
5497
2181
95
3129
432
5896
6958
5973
6694
3651
6062
3664
5457
154
1295
2507
711
3317
712
4225
6249
321
6726
2189
3080
5498
454
2821
485
4232
3068
614
2986
598
4816
2135
5455
2339
2012
6064
1408
7121
721
2863
6640
5544
693
828
2544
3537
958
685
3331
3714
6671
2510
5752
3722
5942
2619
2618
5384
5235
3253
6203
2880
6607
6125
2981
3551
3564
4552
2067
5458
6714
6641
3085
3089
1539
6302
1619
2428
827
1643
7114
5479
1649
6455
3654
371
3710
482
2980
4606
5452
7092
5754
5414
5096
5057
6907
694
5454
2563
2560
726
147
567
696
2539
4635
3269
2501
4571
3116
5630
5412
6950
3300
3952
5879
405
7059
832
6592
6987
2502
6692
2451
6364
2861
1949
1926
2543
3515
3466
3453
2479
3553
6560
2395
2557
5366
3613
3706
2382
370
3193
728
6705
3657
3659
1914
690
6656
5600
6941
2864
4970
4046
722
2960
4721
2890
4087
2889
4335
4814
2080
623
4385
2809
2127
2883
2327
1455
5121
2014
3087
4510
114
2133
4551
4557
902
6068
3644
3640
4746
5963
5598
3456
3414
327
5459
1789
5709
4412
3341
715
6121
3599
1461
695
5356
5155
6313
1549
1091
5511
629
431
6296
5641
1532
3760
5118
1530
1112
5246
621
463
4070
4068
729
6456
1490
3701
888
3703
4961
3709
5248
1646
1644
465
6265
5236
6430
2430
2784
2436
1873
2802
2662
2420
6663
3195
70
1937
1939
2678
6650
7101
2508
2511
2013
2426
6955
2868
7086
6605
3083
6643
2416
1976
6658
6654
3065
6858
7107
3121
6609
3114
1946
2855
537
4558
2888
4326
5420
2848
4279
40
1312
4515
6170
2017
2065
452
1989
1992
1529
1524
1996
3996
3061
5461
1498
7106
2435
6262
6258
6765
3053
2016
488
1480
6252
4110
2988
6191
2983
1409
1405
4593
4126
6873
64
5125
2675
5131
1082
5965
2660
5168
5208
5219
1037
1036
6963
2701
2553
5881
2595
670
672
706
5349
5862
987
691
692
6989
2570
703
707
1275
2702
2707
5784
2468
4733
3980
6070
140
6065
2130
2805
6889
4819
4832
4839
2185
596
2496
5394
5392
2798
2298
720
1155
7056
5030
6003
5033
5390
1119
2800
4744
2564
3192
1664
7138
3574
2397
3144
3254
1924
855
3554
3729
6630
3158
1872
789
6628
3440
2381
6550
5580
2373
1876
1941
6668
6693
6651
1802
5604
1911
1568
2404
6597
5609
3081
440
221
369
6322
377
3308
3653
1565
3652
437
620
2768
3528
2717
5591
6888
6627
5031
5089
727
2512
1895
611
4849
3590
6041
2403
4834
1703
4861
592
351
6638
2399
604
3217
1166
824
6631
366
6639
2472
6055
7110
3233
1014
299
3255
674
2250
5250
677
678
5255
5870
5380
1855
996
5857
5354
981
2577
3296
6599
6990
3282
2567
7167
5847
6606
1015
2592
5244
3458
5972
5132
6540
5597
4749
5142
5144
3451
7026
2548
5195
5943
5817
6620
1788
5897
2617
6611
3392
6965
1791
5238
3368
2598
2396
5140
2128
4748
6691
6253
6396
4083
4099
3031
1472
5530
2999
2446
6402
2987
3148
6189
4220
1948
2051
6061
2061
3716
5654
4075
5517
2357
6369
1987
1540
457
6276
3992
5685
1998
5493
3066
3110
1947
3119
6269
1562
6266
1496
3901
3890
3862
1488
5504
6255
3060
3711
4227
2865
2098
5770
6448
6653
2321
1304
5545
6604
6105
2833
4603
560
5407
6869
6079
5553
379
2457
951
5792
7082
1908
2807
6126
5417
1849
539
1940
400
6157
1374
4362
2885
532
4473
4364
5758
6134
6433
935
5534
885
5471
831
2429
2542
5464
5491
813
2448
5429
859
5367
5579
924
2340
2282
2410
2433
919
2329
2322
2558
809
5595
5422
1298
2566
3715
3730
3750
3828
3829
1588
3142
3904
1548
3086
1982
3975
1984
3979
3079
1993
3994
3997
4047
4053
3056
3708
1922
1917
1660
3259
3287
3411
3450
1765
3234
3462
3491
3495
3510
4061
3229
1888
3555
1710
1894
3583
3586
3190
1672
1912
3681
3532
2011
2019
4111
4863
4865
4917
1165
4922
2785
2782
5054
2160
1098
4856
2676
1088
2643
2620
5210
5237
2616
5247
5306
2579
980
2204
970
1211
2813
4121
4123
4210
4217
1422
4249
4276
4283
4303
2094
4775
4474
2097
4518
4562
1294
2822
4639
2124
4661
4686
4689
2878
804
2385
6875
6717
6883
6587
7064
6037
6867
6728
250
6742
6644
612
5783
613
617
6177
6817
7120
5661
676
6753
6163
372
137
6678
571
318
6452
5755
6453
6071
566
385
585
7098
7014
6489
6912
557
556
6106
6629
6400
374
593
6636
5660
6960
6447
673
7158
461
6273
471
476
5968
6649
6260
6314
484
6352
182
6802
781
6608
6254
6518
6768
5979
2737
1221
1071
3669
5149
5148
352
6968
6047
236
4825
4828
3183
5967
2575
6994
2214
4798
6954
2781
1056
6072
4735
4738
5953
3702
573
79
1059
5190
6058
6537
6655
2612
3467
4838
1930
6506
5052
2236
1160
113
2202
363
3587
1934
2235
6952
3547
359
6516
5037
5107
2253
1168
4869
5060
1714
2182
368
1110
1132
2703
3180
3530
1193
2387
4859
349
3638
1927
4905
3580
1642
1258
6230
1554
1464
1559
3943
4168
1566
4180
6757
2075
4222
513
4228
2079
6181
3865
4246
4248
169
2881
4256
6233
4263
3962
6796
1523
455
6279
462
1531
3998
450
3032
6289
467
6309
3014
3008
188
