6079
6075
6430
6055
6508
1018
6507
2050
6484
6502
6486
3153
5216
366
6245
1155
5428
6970
6071
2813
2058
6506
6497
6503
71
2422
3069
5088
6078
6435
2838
5215
5202
5030
5764
5210
5205
470
4958
376
1149
7043
3857
2397
369
2516
919
3904
3061
2216
4068
6047
3060
6516
1551
2399
5084
4628
6541
6433
6686
675
5645
4336
6056
3151
5082
3155
6501
390
4238
4061
2837
6518
3116
5420
3144
5849
4699
1132
2783
6504
2396
2333
48
4779
79
3066
2784
920
1531
5761
1332
3114
5423
6480
4690
2473
5208
915
1157
4695
516
6052
2839
6359
6470
3068
1780
49
6384
7042
1334
2117
4118
1990
4097
2072
5978
1131
6490
5211
5604
4625
2071
257
861
6061
6016
3148
5896
6580
6509
6511
6515
3065
4772
3551
6570
5034
5038
4702
450
1325
1510
6109
1855
512
2334
67
1133
2420
63
2138
2426
4688
2090
2471
1154
6249
1072
5374
6248
1019
4519
996
4452
2571
6756
1799
6757
1126
471
6100
3439
3112
64
6489
354
7061
2135
47
4407
6491
4866
14
6021
1996
4279
6083
4331
6514
6739
5264
5121
5095
1607
1610
6073
6069
4694
3905
429
6705
2765
5083
6367
2899
5087
3694
2922
2423
339
5212
451
2630
6748
1211
5214
4366
3861
310
4445
6089
394
4838
397
6076
3189
4063
4094
4707
6025
3434
6072
3671
4114
4119
4633
4196
6386
368
1075
4234
6068
3951
7169
2512
3121
6731
44
986
4869
5356
6510
2115
2662
5322
6866
5081
1478
2833
2137
7054
43
5078
1613
6481
2051
2634
5745
118
1983
2067
1578
513
517
2327
2337
6950
3964
2479
523
6838
3991
1152
1704
528
112
2427
4034
4843
5219
5618
5609
998
1922
1924
1926
5578
6145
31
4321
2065
2300
40
2107
6182
360
5786
4110
3952
2152
4681
2234
74
1717
365
2149
1411
2557
2894
855
3227
3629
3623
3161
4953
454
2985
4752
882
4951
5977
4835
6428
859
6436
6446
1398
5071
2843
6389
6356
6065
2570
1570
3190
250
3852
6735
1550
2660
6382
3199
1226
6498
292
2676
6690
2830
3693
768
627
5602
5426
4859
5747
477
4626
5476
4573
5497
6013
4620
620
5710
407
4757
850
472
5201
6058
533
5213
5221
712
5261
5060
548
5309
4966
5343
4635
520
5967
842
679
416
845
5767
567
741
1236
2957
2548
2598
6738
2635
2712
2835
2921
1465
6574
2947
2950
6558
2994
6537
6533
3115
6505
6500
6482
6456
3318
3341
3392
2539
3435
6783
1616
7166
2
1861
7112
7107
7083
27
29
2077
2079
2132
2139
2140
2158
2241
2244
2284
2349
2391
2394
6887
2466
1618
1614
1291
5668
1146
3753
1134
3869
6360
4108
6373
6380
3920
6211
1033
6225
321
1015
3799
3568
1137
3970
1156
1120
1125
1127
1013
3531
5349
4199
2439
1645
4182
5313
2343
2425
4640
5237
2274
5352
5217
4647
2338
2147
1716
5371
2108
4493
4537
5605
4461
1851
5603
1848
1914
1970
628
1989
5429
1991
959
2027
2028
2052
1037
2064
5413
1795
2076
5372
673
4375
4349
2101
1050
1130
4775
2503
4920
3700
3091
913
3126
4863
3672
858
3150
1392
3152
3653
825
4856
3187
3194
3611
3229
1350
4839
4703
3593
3416
3447
892
3525
3185
2468
4924
2986
1615
748
5128
3488
5125
1153
2573
2587
2595
765
1574
2632
4946
3961
1543
2774
1513
3910
2883
923
2943
3827
5002
3796
4527
809
3933
989
928
458
6495
6447
6753
6066
6070
515
484
428
6964
6467
6829
7081
5927
5928
5713
6460
6523
24
6567
5804
254
406
6723
6417
6350
6177
5965
5962
6572
128
6273
399
133
6010
6019
7124
6388
6051
6054
6492
6581
6212
6050
6709
5673
392
6737
6703
7121
6063
385
5881
5998
4578
4571
6837
526
5171
974
4603
5021
5006
5051
1638
2488
3437
6830
3430
1740
1186
6328
3497
7006
2161
2167
1665
767
1515
2504
525
402
4473
66
2508
6439
5898
4607
278
165
6959
853
3752
1122
6401
478
860
1473
4697
2868
851
6955
6888
878
6383
92
2869
6909
3687
2398
2407
457
6059
2817
2923
6856
4621
6685
6573
4627
5966
2834
4933
1464
4436
6847
431
4927
4643
2931
5974
826
1700
2330
6673
3790
4870
1654
2304
5871
1619
1177
6469
6178
2575
3211
5462
6266
4215
1410
1354
5760
2574
1139
5870
5379
4239
3096
4250
34
5766
674
3285
2555
375
5359
2572
2670
5513
3183
2642
1852
2641
6488
1389
1556
3154
4083
3156
5672
611
3184
1562
1952
6203
4115
4062
3165
6246
337
6752
3168
7092
1138
6209
4328
371
5250
3067
261
6545
2531
42
3932
2095
1044
155
3356
1768
2112
5257
3075
1534
5299
7047
4417
2677
3368
2075
539
6132
4067
6660
1568
6864
2510
1176
925
6262
2502
398
1526
1664
2648
4040
6217
6064
6232
4443
4087
6736
301
448
4701
1123
6801
4439
391
119
1555
4698
2421
395
357
4410
4696
3975
6718
152
987
2542
2438
3815
6349
6148
984
6688
4629
329
982
2666
2805
4335
2554
4326
6336
4600
2809
4266
6081
418
370
4193
4514
4686
4035
4518
4675
1082
4668
2433
3793
2434
325
3795
4645
6352
1079
4371
4367
1209
6689
6141
4692
4515
856
61
720
5229
5235
2111
5832
5816
5239
5240
2106
46
259
193
41
7050
5340
256
5796
3053
5789
3359
3367
5066
2995
270
1434
5888
524
7012
3006
1312
2144
5143
4777
1754
1320
2133
2131
2120
3364
5353
556
5369
1828
3164
6483
585
3159
614
3158
612
9
5627
1920
7130
5649
7135
596
5662
1857
5600
3141
1984
1375
5783
676
564
5375
255
565
7056
7059
2208
3234
7077
5737
3117
3118
5503
6472
1817
5731
2054
779
4064
3581
1467
3553
4926
3635
3507
