4193
6492
6490
6467
4198
6500
4199
4194
6460
6056
6504
4191
2102
4190
1123
6485
1154
4192
6976
4879
4196
6497
4872
1122
842
6469
6373
1120
934
5761
1127
1153
1121
6974
4875
4877
6971
6473
4958
3964
1362
6576
6509
1188
6979
6384
2530
5747
1129
1146
1151
6975
2394
6484
6486
6055
1332
5088
6977
2570
5762
6358
6078
6378
5372
1155
6735
3941
3902
3096
4073
5749
6059
6959
4876
4102
6357
1369
2437
6268
1158
847
1366
1361
4100
1126
3904
3387
515
2072
544
2439
2427
2423
2587
6052
4878
6111
5087
2815
843
1040
1756
3608
6028
4602
6508
6481
5213
449
7128
6072
4636
1364
446
2064
1368
3379
3112
1068
2343
2918
2822
2778
2697
2655
2417
2459
1152
1159
0
6419
6912
6551
5211
6688
6356
6489
6774
111
2024
2025
6687
702
6973
2574
2489
6091
6289
992
3019
1041
71
3780
6036
5616
2420
6930
397
7127
5102
5209
6475
1510
4776
1365
1619
1955
5297
2571
6488
6
4366
4280
567
116
5870
5403
1665
1069
350
2554
6619
6070
6498
4951
1175
2344
2302
1289
2082
2074
6350
2027
1933
1920
1902
6483
6507
2584
1367
5603
4449
3509
1066
3837
4287
354
5642
1131
5509
5405
5413
859
5425
4163
5570
4105
4465
4
5039
2657
6723
6760
2698
2811
3290
5842
5210
4787
6785
1105
6423
7095
479
620
1132
6972
6947
1301
6942
6506
6940
1074
1173
6533
6911
6866
6685
6686
1137
627
1125
4943
1605
5682
3471
3561
5608
3834
3845
3900
5602
5497
4090
5462
5426
4103
4107
4108
4150
5316
4419
4586
4606
5216
5034
4886
5742
3044
3001
5767
6386
1824
1987
2070
2079
2088
6158
2348
2426
6079
6075
1386
6047
2512
2515
2531
6035
5966
2644
5943
2695
5940
5768
2826
2471
6087
3584
201
45
215
212
6652
5998
152
6115
985
6501
5420
651
2425
6647
395
5637
6495
3092
2559
4218
5308
6981
2843
5855
4623
6767
5773
6397
4858
1678
2450
6395
6060
6465
4432
511
2421
5030
2120
6069
1470
5466
4078
2581
5789
3108
2896
6709
46
2071
4059
5061
6657
3602
2738
1610
2063
6857
5647
2473
6689
6353
6032
3947
3041
5978
6556
1919
4804
2502
2346
2941
3043
3048
5740
1900
3782
873
5367
4265
1305
2534
2536
3832
6937
1848
1828
5962
365
2290
6037
2779
903
6762
3107
6669
4416
1065
1064
4082
1515
3906
4417
5801
6935
1879
578
2081
3065
1811
4455
6682
5257
4755
4462
1093
6068
4467
1128
5622
2105
1807
4104
542
827
545
5623
1562
2139
6482
3709
1791
1758
4601
888
3370
6994
6511
902
4854
3018
675
5404
6888
6887
3074
8
5309
4635
1983
1711
1658
744
6532
3278
6909
2069
2860
869
3926
5445
1618
5654
7030
4727
5437
1004
5657
880
6653
626
2457
4031
2022
2823
5974
3752
6306
4183
1287
1308
5047
3486
6430
5063
3556
6424
2333
6782
6738
6038
4181
3500
2309
2312
6339
6425
6757
1167
3568
5163
4398
1149
4231
2910
311
4228
5948
5537
6154
2627
5896
6433
2699
1431
7092
6411
2963
1
1198
2637
1201
2355
5769
369
1396
2837
704
3777
2770
3525
6110
2922
706
5
692
6502
3016
6298
5784
5306
1668
659
1245
1677
392
389
1404
5307
1701
4330
3562
6352
4219
2774
2274
9
5119
6113
6513
2838
6970
5312
690
4852
6320
5604
1384
3910
6550
6941
5743
779
4777
3852
6739
3907
4732
2342
2809
3905
5712
5977
4285
1322
2523
3863
2522
3313
3053
2521
5168
1829
6578
32
6572
3882
4783
924
865
1783
84
65
6526
913
3961
4200
61
1941
4819
7140
1278
1936
3830
4685
2300
2306
1283
6531
7152
3938
255
3833
1906
1363
6949
4716
1360
1780
5748
4260
1657
1663
1194
1174
7062
1176
6675
5217
541
1180
4164
77
5215
3694
1095
404
5629
1195
448
825
6487
168
1203
2076
442
1042
5062
1570
588
1096
4463
1491
3235
1516
5229
2149
1517
2610
6021
219
2145
2883
2111
1529
509
510
4157
1543
4109
4392
5258
1479
3679
2433
1474
5219
1209
6927
3433
5428
2054
2397
4363
6415
1636
6222
3589
5293
41
125
5786
1226
6175
2453
5292
1420
6422
614
6428
7020
6420
1425
6260
133
2021
4367
6221
4459
6590
6638
4460
1673
5362
4571
5545
6639
6799
5586
4577
3138
1653
6752
268
988
5354
1661
4351
1821
1820
1523
6218
1112
4119
3901
6287
4272
1421
2694
3903
6034
1177
6756
1242
2653
1815
4253
4159
2719
6783
2658
4234
2537
4075
5653
6833
6850
4072
5690
6708
6837
6661
944
2772
1045
113
6882
5454
1428
1207
4517
1613
6269
1707
6613
5438
5435
5694
4469
1472
257
4305
954
5668
4707
1083
5476
1639
6730
6904
4468
3944
2642
5588
5373
6701
2634
6727
5470
6702
76
3949
5626
1750
6673
2673
7169
5272
2173
3
1988
5031
2162
5218
694
3764
4857
5228
655
489
5013
5012
2000
6968
2472
6456
2242
3580
3587
3040
3588
6131
3412
2832
5065
5944
6438
3625
712
6522
6455
4870
4873
5005
5236
3691
546
2858
548
3007
2090
7044
3005
2073
2869
7048
3381
3701
575
574
5291
2955
3690
4957
7013
7019
135
629
2026
5959
2142
5792
2428
3678
4969
7065
2055
3716
2996
44
6958
2975
352
5129
34
5190
770
3816
4785
3844
5179
6554
2812
3506
1875
3049
3502
4758
4757
6307
5164
2353
818
819
1909
2952
3380
5847
5110
5753
4810
1932
6153
334
2116
6477
3586
4464
1298
5264
2933
534
3488
3582
6677
6705
301
4110
1423
6472
5491
508
506
3504
2144
6063
3210
3668
2147
4302
5162
4210
4262
4509
47
5912
565
2940
4349
3213
1320
4269
49
4945
258
4946
4284
4947
317
3695
2097
1334
2245
3693
4267
6071
5271
5894
1555
