6070
6063
111
116
1334
575
6068
6505
4419
6723
6287
578
6511
1333
4362
1992
7047
110
2396
1997
1332
1605
3065
278
6062
5485
137
4475
1411
6167
6679
6306
1156
2784
567
558
1338
4409
4324
354
114
1589
1694
2133
3068
1362
1335
4260
998
2813
5219
71
1665
6289
3556
577
6158
4366
6869
376
6506
2665
2112
6533
5969
2058
1996
3516
6298
2360
5420
650
1746
2982
2632
2785
2503
1586
6705
31
1990
6867
5764
5968
2848
5216
2115
5608
5248
117
5424
5588
5938
6072
5667
3380
2399
2783
6300
574
675
744
4253
33
6662
4114
6575
4635
4659
4731
1515
6459
1580
6438
299
6313
6317
6345
1924
5119
3803
5177
5786
1213
5724
5720
6760
365
6762
30
6764
1118
6825
5595
6308
5548
5349
270
4403
762
3800
5425
5422
5421
3566
6675
3061
3053
4839
6470
1588
6507
6060
3116
4991
3857
6051
1995
1487
6067
3117
1576
119
254
4736
1415
1776
6222
1922
6299
4892
3490
4999
4261
230
4272
196
4571
3066
202
5063
2841
4780
2980
362
3939
4202
4490
311
5114
5081
4231
4462
2000
1510
1071
2218
1473
5893
6749
2050
6047
2310
1450
6700
6075
6686
1365
1432
1846
6156
1973
1402
2358
1039
5414
2552
7044
2489
5523
6947
1585
6515
5741
827
5621
6888
169
2420
2398
6866
971
1412
1483
1434
3931
2679
4182
4200
3828
1136
995
825
769
4174
4206
1668
1584
388
2809
2455
2438
372
2434
369
2423
2385
2363
3054
2178
2175
2124
3809
1980
1925
3141
1920
3258
1749
1678
2775
3553
1666
1664
1663
1657
1607
3804
1935
4277
556
103
6941
4647
145
6447
6457
5881
6912
4320
5832
6839
5679
6518
140
6523
5429
5061
6748
5071
5125
5428
5207
5211
6666
6667
5217
5280
5002
6945
152
5278
6950
263
6078
4415
6304
4474
4367
4
6152
7124
4322
6261
6048
1841
6529
5597
113
6559
1416
5497
6643
6291
6285
1827
2787
1410
1845
5426
5403
5389
5385
2428
6386
6517
6312
143
431
2079
1994
132
5896
147
6421
6059
1647
5668
6307
201
1976
93
1562
5805
118
5744
2387
2391
2393
5676
2212
5670
3584
3608
3551
997
6868
993
4738
3807
4734
3810
532
6917
3934
776
3958
741
712
4073
6968
4102
620
4125
4128
4587
6
4492
4473
4220
4227
4327
7114
4861
3513
2828
6757
5034
1033
6763
2994
517
212
4996
3153
1139
3052
215
3371
2835
6684
206
3366
6728
571
7039
1414
7060
7056
1336
1660
6678
6305
1677
6660
6664
6707
6295
589
1489
6342
6836
1050
1501
6512
6477
1544
6803
6790
1722
1610
913
6476
6765
1454
6426
6530
6937
6403
768
6758
859
1363
4290
6195
4784
3602
4803
4836
4843
4862
3387
4866
3361
3289
4995
3193
5015
3094
3091
5016
5062
3029
2866
3802
5212
4764
4675
4287
557
4268
4267
4265
4414
4584
4161
4121
4593
4087
4061
4058
4034
4631
3957
4644
3938
4671
3827
6260
5215
2821
2152
2135
5890
2074
2014
5977
5978
6040
1982
6064
6066
6071
1933
1926
1921
6137
1919
1848
1780
2154
2844
5841
2352
5350
2803
5361
5375
5381
2674
5494
5592
2439
2435
5607
5658
2410
5674
2397
2390
2381
2378
5701
2343
2274
0
435
385
277
149
274
36
273
209
272
166
64
115
436
200
112
162
2132
5749
5785
4617
6200
4643
5802
5770
5286
4538
2384
6962
203
4531
999
2380
5745
2781
2377
2151
1619
2369
266
1661
6225
6508
5255
4800
146
4801
4810
2636
3471
3500
3441
6347
6525
5940
92
6301
5205
1842
2113
2075
5232
6503
4460
6509
6061
4735
3561
1799
2670
826
4753
7051
7054
5870
2663
5849
1052
1061
1056
5477
6745
368
3019
1488
6847
4222
3935
5493
2858
2304
6828
3951
79
1499
2987
1999
6154
6430
2981
2284
4107
2907
1418
5547
1417
5549
1406
6793
4036
1457
3913
5469
4256
6933
2364
91
3806
1067
1602
479
2353
1581
6916
5416
1112
320
6486
2345
1138
4325
5467
3903
3901
73
4263
2823
6079
1518
70
6401
6482
6176
6089
6485
2820
6038
4569
2249
5984
2567
1937
570
5118
6318
232
7128
1939
629
626
3216
3217
5970
5955
218
3405
142
5110
5047
3056
4344
3050
2786
4456
4464
5009
1130
4465
3801
1038
1036
1936
5007
5691
5024
4363
5979
5408
139
2354
1582
2521
4407
1594
4408
3072
5399
4360
3805
357
2176
6490
3794
4494
3782
958
5781
5293
3092
2131
6204
5800
1704
1929
3657
5804
2573
4974
3645
6217
5812
5816
897
4655
4479
5305
259
1022
5727
4493
4499
3213
4521
2510
6555
4574
5345
6690
985
3731
5755
6188
2392
1669
4029
2778
6579
5451
2522
1323
2237
2234
3981
6768
2899
1436
4118
2893
4126
1443
2883
2225
3959
572
3262
5522
4164
217
4088
6155
3254
437
6138
6785
4035
6451
1368
1366
506
1396
6788
1397
2949
6794
2954
5589
5593
5594
6778
4077
511
514
377
5624
364
1513
1188
6735
3026
4269
5995
4276
4279
2553
6007
6478
3892
4286
6400
4298
4299
516
2117
2523
6737
2549
596
2010
5508
6316
296
5498
5122
292
1484
4233
5074
2847
3933
1981
4238
5642
3022
515
5647
6560
5471
593
4685
4466
6551
2433
2071
7045
2468
88
4802
779
6526
4917
5935
5243
2502
6264
7063
761
2052
5845
3393
3550
5946
5899
7121
3552
5960
1869
204
131
3514
3474
5251
6593
7042
2479
1914
7057
207
1730
5821
4970
9
4951
6053
7098
238
751
5210
4761
2083
6049
7079
6056
4788
4739
3149
1743
2675
6502
1741
148
6290
5237
667
3406
6501
242
6484
3232
2477
1964
7058
1554
1428
276
5672
2815
2807
5117
1
3849
2577
5023
275
4765
6911
4364
6913
6456
1578
5417
5411
161
2171
