6084
3879
6087
3179
939
6435
3174
6082
5051
6996
3951
5379
5472
3172
1781
5340
5713
2055
775
5346
6895
4752
2704
4937
932
2003
4755
6080
3878
2703
362
5711
4870
6383
5475
4151
4373
4750
6357
3441
3933
6086
5072
3359
514
3964
516
5399
1384
5014
6145
2827
1750
5341
6837
1775
1200
3877
2705
4154
3836
4723
570
4899
7127
5747
4532
6995
2989
5717
5378
5153
5715
6836
6083
2882
515
931
5903
4951
933
199
5015
1805
4754
938
1814
3177
5079
3170
1013
4873
3692
6887
6730
2105
930
60
5808
1324
1623
6481
4846
6999
6997
6089
1627
3831
1770
2816
4465
518
5769
2052
6703
3871
3210
2101
2107
6382
541
5418
6026
1322
6416
4840
5152
4903
6138
1077
5151
4848
4878
1755
6148
76
807
1626
6016
4935
5034
4628
2112
2110
2109
2508
2881
5716
1778
3875
3872
6411
5667
2923
6142
4990
1658
4993
3560
3352
3506
2040
3744
2369
1955
1581
3209
4876
1763
5047
5078
3446
6504
3486
4877
2358
4753
512
5317
5088
3817
6180
5862
1101
2363
3870
3838
3585
3291
1780
6144
6555
5076
5774
5035
5239
5787
5788
7135
3030
6419
5789
6149
3635
26
5154
6172
5784
448
3922
2352
2300
2359
5988
4654
4931
5494
2811
6141
6023
6791
2261
903
6029
7005
901
2184
2709
5413
2610
364
6081
1174
5352
357
5375
6817
2116
6088
5998
1326
6139
3379
6137
2842
4991
936
1320
3833
779
556
1337
772
600
6140
3204
3298
3449
3806
1815
517
1928
5921
1803
6085
470
1903
6136
449
3522
548
6328
5961
5938
3812
1725
6038
546
1789
6030
1667
2079
3175
6909
5343
6904
2659
113
5347
4847
2700
6840
5338
4779
4757
153
2167
4742
5460
5465
6777
4633
2836
4758
4624
4872
4875
1
5108
2384
2406
5020
2422
1074
5171
2464
2241
4950
4938
63
7023
2487
68
4933
917
916
6966
2472
4607
6831
5588
2056
1388
5682
4404
4401
6534
5791
1994
1456
5802
1486
4150
5836
3168
267
2058
2069
6211
2090
726
1329
2884
4462
750
763
1369
5641
3931
1073
982
3925
1078
5008
4630
5252
5264
1070
1717
3955
5592
4120
1519
5046
4017
5146
1042
1543
3596
1029
1746
425
5082
3966
5159
990
805
5933
1607
4842
4843
1382
5393
864
5371
4871
4751
5345
3873
5751
1172
4371
4367
892
896
579
6000
899
910
4930
912
6024
1327
6021
5812
1276
4363
511
2698
3369
6414
1776
2415
6501
2589
2587
2419
2830
3525
7105
2533
2439
6397
2108
315
3476
2302
195
6718
2465
6436
2076
1773
1772
7122
6375
7157
7163
409
6835
2354
3011
2702
2707
1843
3171
2154
2153
6660
1759
6502
2152
2699
6830
192
4544
6716
3834
2724
3383
1618
6370
2172
5476
2170
1253
1624
6004
3353
754
2179
3222
2939
2959
5863
2972
4376
2976
5749
5710
5830
2007
4336
4128
3137
5776
3075
4159
1505
2887
2051
5884
4492
3206
1575
6710
3920
1189
3924
4402
3201
5659
1756
6695
6686
1947
4412
6500
3934
6469
3105
5377
2389
4999
5309
4932
7132
2489
447
1779
1142
1712
6284
7013
2380
62
6324
5019
934
2483
4939
5266
7037
5158
2471
7080
1808
4996
5155
3763
491
1097
2613
1760
2212
5332
5075
2
5342
5134
1170
1747
6343
2696
6
2249
1655
3605
5778
4316
5174
2433
1995
2922
6530
721
2920
5002
2360
4422
5071
4323
4372
5718
2383
2970
1050
7152
5775
5714
5712
2401
5074
4349
14
5077
7143
1011
2074
6707
4681
6775
2535
4703
2776
2216
6797
6897
2680
873
4680
5370
4204
835
2183
5422
1208
6893
868
865
5405
6891
2720
5650
2534
2526
5642
5229
4995
4992
7042
4493
4530
128
5617
7025
4651
5609
4936
2839
4546
4579
4592
6735
4623
6751
2117
6998
2854
1757
5664
3649
5954
3803
5956
3146
360
3809
3645
4054
3448
1951
4011
1817
3874
3208
3661
6104
3980
1650
6099
5962
3494
5083
354
3959
6322
5900
1704
6033
1513
3203
1754
544
1751
501
6188
551
3108
3830
356
6232
3619
341
6371
3802
6356
1504
530
3832
3885
3130
3205
1586
344
5813
2246
2219
2658
2606
2652
6942
1173
2597
2242
1651
5334
1653
5344
5424
4849
1236
5456
1233
1850
1849
3418
4765
1846
5427
1206
842
1631
2685
6833
5404
6847
1638
3807
4844
3436
861
2693
863
6348
1183
513
1842
499
2267
3780
5010
2437
6131
1711
2430
2426
1787
6286
29
1774
1771
1718
6248
3637
7153
6153
6154
1049
1768
1762
2351
5132
410
6228
7159
6225
5100
2355
1752
2454
5005
3646
465
5318
6976
3756
3753
6990
2500
3752
5310
333
5299
5297
2275
5288
5284
6973
6327
67
6323
1811
1138
7032
2287
3743
1129
3742
1122
1121
4972
1108
1807
5282
3380
5084
1248
5848
4068
6731
6643
197
4545
711
6412
4378
771
3297
5967
4549
2024
3032
4101
3143
1605
4370
4602
3223
3211
5672
1395
3176
2925
6496
4425
6704
4459
4041
2070
228
5869
4467
1352
4517
4529
5623
4535
5909
187
2100
554
1287
322
2119
3356
5502
6538
4620
172
803
2826
5996
3084
5803
5474
3357
5523
6545
4417
4139
5817
246
5982
4271
1983
1606
2834
2293
1107
2421
1055
3696
4178
4259
2459
3567
4405
4411
3724
4324
4968
4960
4954
4413
1476
2467
3739
4194
4193
3092
2307
4399
4998
3527
1802
4100
2423
3623
1452
2427
4157
2988
4375
1765
5016
1708
3995
4155
5009
4037
4013
1782
1090
4158
1715
1455
3997
5000
4392
3996
1996
1721
4463
2486
1636
3344
1882
3422
2697
4600
3438
2199
3863
2687
3439
4574
2104
3805
1175
3800
3299
1321
1633
3811
1250
3406
4695
3415
4690
2767
1226
1289
2765
4687
4768
4668
4663
1284
1286
4835
2822
2843
2630
3289
2497
2272
3202
