6086
3655
357
6080
576
3177
4364
6707
425
6081
939
6704
410
3951
6895
3075
5346
3879
4870
1786
1814
312
2989
572
5186
5353
2175
3871
5957
2887
5768
475
1021
1206
6084
3067
1750
2884
4876
1183
1601
5200
2882
6703
5239
640
5014
1817
1322
7115
5340
6732
2704
933
4878
7114
5341
6131
4753
6996
282
777
5051
746
6140
6995
2055
3831
930
5357
2040
1200
1764
362
1868
5290
4752
1276
5748
2714
6435
6082
5763
6735
354
3627
779
2720
3870
2023
932
6718
734
3519
1332
775
6706
260
4758
1025
1575
6173
3060
4750
5710
5694
5079
6710
3071
774
6700
1189
6892
1602
1600
4416
267
5502
5921
5343
2110
3222
1264
4607
4872
4976
3353
5641
3836
43
7065
5299
4406
1273
5465
5667
2156
3810
5421
5151
3226
6835
4730
5429
1204
1633
411
415
419
5125
2528
4491
4349
2199
1029
270
3957
3172
3157
3174
4710
4754
4411
3118
5614
6775
5713
503
5189
5405
1742
5534
5187
2145
7121
3126
4155
4937
1780
7160
49
7135
5787
4054
4029
5072
36
6897
47
982
52
6881
6138
864
4871
2464
58
4877
4837
2058
311
2974
5019
3825
4673
3375
5410
2478
251
4875
1994
5671
2598
1369
6730
3170
2705
51
4731
110
4723
3812
5379
5938
1849
1725
4028
3134
1787
5194
1816
4942
5588
6994
7110
157
7131
4159
5973
1811
6840
4805
3352
6511
7127
5765
6059
5802
6833
3255
7142
1039
6521
6733
5192
7095
3764
3121
5430
4712
1789
4417
6506
6825
75
6206
938
6896
59
515
4685
4991
5345
4420
55
4226
2479
369
3210
912
412
2702
4926
4924
4904
26
2628
6690
5472
3635
4920
6736
430
4908
1679
3876
393
6065
50
1828
4631
5399
2052
396
4223
3227
3228
868
2701
4598
6893
1659
4998
3359
4855
1082
5087
5673
3472
7061
5280
1781
1027
258
3116
6461
3544
2707
1548
3061
4017
243
77
5699
5237
1526
3150
5229
3077
134
4025
248
5296
3076
4008
5900
2282
1749
6139
2591
5652
4784
6790
1757
5306
7002
1101
2397
6857
4809
1371
199
6780
5132
5129
3531
2393
3677
3549
1753
4801
1763
4933
7043
1756
2629
992
2413
1812
5142
4571
3508
4939
4938
4901
5171
1760
546
861
981
6999
1998
3744
5017
6208
1833
6475
6109
5021
6202
4990
3752
4706
1007
6207
4873
5323
2650
1835
4874
513
512
1049
2056
1974
6157
4965
6154
6966
1778
2050
4628
6096
616
599
776
1139
4854
2406
1133
5362
4757
4180
2703
4476
6337
6044
5875
2858
4362
1606
7144
299
6005
5723
5901
3173
5906
76
290
361
289
1546
118
5587
6062
4336
4022
4423
337
320
4412
3069
3065
5566
2369
5747
197
3179
6008
4125
327
4196
6887
2336
414
6534
280
4198
2179
4529
5493
3244
5945
3154
249
6383
4212
5976
5981
4150
45
4532
286
3962
265
4404
5925
5774
5769
1751
7118
5120
3112
4403
6671
1321
2176
6457
6188
6774
3444
5197
3981
5718
5720
6046
7126
5188
3440
4385
1724
254
4360
3468
1547
1745
1022
3494
3521
2467
3562
5781
5903
4863
4268
5008
5000
4995
4992
835
931
1836
6693
2889
5934
1822
865
32
4158
5950
4936
4928
4925
6428
6316
2735
4922
2435
2363
5015
2433
4324
3542
4020
737
4303
137
5083
1888
3661
4405
6145
3657
125
6436
6009
3575
6148
6149
2455
773
3056
1362
6152
5039
1856
5885
2538
6042
1130
4716
287
6579
5647
385
384
1250
2154
2059
4458
2153
4618
6088
2475
1107
5370
318
2533
2144
3187
3339
4686
5561
514
5352
5664
4456
1272
2476
6113
409
1205
1997
1704
6382
2654
584
3838
6950
404
436
5854
113
4899
2724
1236
417
359
6685
2046
5047
4653
5045
6338
956
6068
4278
5031
2880
5538
3835
1605
767
4658
5088
1128
3074
1768
744
517
3556
6722
4831
3559
502
5075
1810
6910
6438
4838
5558
431
5475
5488
3814
5456
3062
5450
6331
2407
465
2304
5929
53
48
4972
1623
44
2700
6425
4966
4886
1456
2313
918
860
2530
5432
866
917
3834
1821
2489
3877
467
4583
838
5944
1667
4271
1646
5530
5902
6811
379
1815
5006
4254
1609
6552
5003
5951
4935
2284
2728
4993
3878
6741
833
2494
4988
1842
5586
3167
3418
2659
3436
6041
2624
1023
5625
4378
2150
1026
5741
2215
2827
1540
2672
5195
1014
1013
5236
3692
2719
2670
6588
6368
6370
3983
1566
6193
3965
3963
3919
558
215
5803
2508
2663
554
1269
5298
7041
574
3250
2148
6272
5196
5297
3338
5347
4745
2514
4742
2029
1918
1988
2426
1758
5792
1072
1074
1075
281
5282
988
7013
4747
6143
2840
191
5698
5693
3528
4722
6459
2625
731
2613
5690
1752
7015
1042
4732
1708
928
4176
6829
6422
3972
4143
2463
6192
1208
4740
1709
4174
2753
4392
1452
1209
4217
4579
4199
2414
6872
3959
1702
1528
2461
1650
1319
4038
1694
1320
4448
3749
4415
1136
1135
1754
1327
4803
1243
1244
4027
3758
1335
6964
1769
2480
989
6179
2427
1257
3911
1761
4024
4850
1699
1748
1316
3833
2774
4140
3832
6299
3994
1037
3650
4493
6297
1741
6261
1384
1697
4483
3653
4477
1376
6397
4095
4004
1103
1368
3673
4457
1543
3813
1317
1182
4580
3609
3299
5378
5408
5413
5420
5422
5428
6501
3258
6083
5371
437
5494
413
5498
392
388
6074
3225
5533
364
2116
5478
3221
7077
2036
6128
666
659
5202
6587
5208
3422
3416
3415
7053
516
1992
595
588
581
7062
7063
2005
557
6106
6758
2020
5281
6723
5578
338
6032
2611
3079
138
126
119
6527
2610
7143
6006
7117
84
5911
69
6003
5988
5932
38
5939
2967
6555
2890
5904
2614
193
2216
2534
334
3197
5605
5609
