6087
6084
1578
807
6083
5713
6435
1805
5047
3028
1189
1200
62
1077
3364
4951
803
2105
2303
5465
2234
4120
515
514
2108
2003
6088
6082
939
5082
1781
5788
4377
3879
6706
479
6996
2925
4633
2705
3446
6716
5785
4875
6080
3875
6704
775
5747
3436
3874
3964
5787
2107
2989
4878
3011
931
2060
3938
6707
5016
1721
873
5153
840
5002
4903
6263
5502
92
6383
5379
6899
6370
5171
3951
6909
6211
375
4872
2437
3817
814
1789
517
6840
5158
2109
1815
362
4532
3878
5051
5475
2061
5079
5085
804
2708
1577
6139
3921
4367
4752
5340
5952
3363
1519
3072
5774
3367
5076
6775
4323
6836
5014
3871
4422
6023
5903
1076
846
518
2104
6021
5715
6137
4339
3966
1079
448
2467
4564
6026
3912
6294
1606
1654
5808
1386
3826
916
2241
1928
2921
1684
3929
2659
3920
4757
6245
6701
2040
500
4870
4101
4373
5848
6269
513
4196
5088
4899
1955
1340
2055
4513
1515
6971
2244
2295
3449
1261
2816
6373
600
7095
3330
6484
4280
5261
2233
2703
6481
6999
6500
6997
4628
4336
3390
3168
1689
5944
808
3175
6024
6502
932
5399
6498
6492
315
5988
6709
6735
6507
3649
5978
6145
6490
6715
2798
6056
3017
4937
6718
6760
1513
6555
3359
870
3635
1583
3448
849
2116
3172
2152
841
5151
2183
5680
5714
1328
516
2541
519
2534
796
7137
2988
4530
802
3171
5712
2290
579
2587
5283
3362
1180
6416
743
2300
3876
5733
6388
390
6375
5329
3933
6436
1607
2709
2129
2309
6202
322
4402
6433
320
4334
3018
2249
801
4327
5711
6519
6185
3877
934
4873
3014
2100
2887
4404
6339
1903
1808
2939
6504
2115
4398
333
842
4621
2304
5473
3565
2923
4877
512
6411
6089
3170
5930
3924
2471
4108
76
1587
2150
2769
1154
7031
5964
2384
1983
5980
7037
1149
4074
3105
5108
5377
5100
5173
3441
7004
5907
2695
5922
1627
5938
3366
1622
3478
5791
1618
6995
4151
2652
1069
5776
5310
4119
2613
6975
5802
2464
4750
6730
7034
1167
1692
2056
6714
7132
3543
6700
2815
5081
1943
1121
5749
5424
4765
1713
1775
1690
3908
1332
2832
2834
246
2058
4726
2368
1070
550
3415
6342
5077
2101
2439
1694
4405
3379
3585
7158
1633
3696
1260
1057
1704
128
6146
1848
6099
3210
4437
2486
5679
2982
501
4037
3439
4030
4478
1681
4475
2538
5154
2961
1683
1722
1915
2117
3620
2536
77
2277
4560
1840
3870
1360
7012
2535
7130
3597
6326
5899
6046
3369
4251
6483
6736
3911
1570
4363
6473
4991
5743
3803
3914
2697
3809
3567
3802
990
4371
1755
2383
5381
5468
3910
2065
2343
6050
2062
938
2838
1544
2359
3030
4623
6514
967
3805
5756
5449
5393
4960
2052
3328
5509
998
6078
892
3299
900
899
4787
2704
5312
2415
4392
2308
3068
1182
3365
2306
2711
5954
5956
3290
1018
5015
4375
3063
429
384
1042
4379
4754
4190
4321
1628
3807
6091
2173
4723
6028
4707
5858
4626
5780
5745
2170
3019
3015
3836
1365
1128
754
6130
3683
5716
750
5884
2235
6136
6085
3075
3808
5817
4549
3781
5801
749
3179
5967
3780
5830
4632
4635
2246
4876
4535
2734
5316
5317
2760
197
6786
202
203
3360
2788
1206
6741
4250
2814
798
3335
6710
266
267
968
2827
3903
6687
6686
6685
963
2836
2713
1611
2712
6844
1129
5078
7159
1714
2530
2531
7139
7127
1682
3437
1142
1100
2007
962
60
1658
7013
2598
4112
1074
4128
1061
6940
146
6895
153
1620
6880
68
3899
3906
5470
1269
843
844
4459
4370
4376
4390
1499
3211
2079
1268
5531
427
874
303
1711
6328
1263
6421
5682
845
366
806
6198
2068
1787
6225
6511
6509
2069
2885
4435
6486
6485
1437
6469
3422
5050
5642
5062
1073
1289
3593
3438
5649
1105
815
1078
1327
1267
4843
1155
5083
1334
1098
5634
2125
3174
1123
3542
5789
5375
3327
5771
3540
3566
3541
5769
5764
2072
933
936
3668
5447
2064
960
3339
5177
5352
910
5210
5046
3476
5237
2145
2103
2102
5593
1181
5276
1322
5528
3325
783
3208
913
5781
2240
2301
3922
6350
6148
1802
551
6141
2570
7010
438
565
2294
4347
6104
6787
6371
6081
3925
4193
2274
6384
3025
6033
2302
6791
6022
2882
314
6762
6460
6578
4465
2461
6271
4449
6666
2837
2346
6553
2647
2610
4493
1717
2821
1436
3907
2811
2983
309
6739
6308
1572
6311
2945
6751
4434
263
3931
2842
3112
127
2184
149
370
1367
3956
133
365
4100
1359
2922
6467
3782
1693
2894
5928
5927
3073
5917
389
3076
6896
2307
1361
2706
7149
3942
141
3996
6000
2888
1381
3804
354
7036
5975
1715
168
4156
3800
6457
1347
6897
4703
3061
378
2707
1615
3051
5900
6496
1647
6976
2351
914
5426
1653
4366
7023
4356
2474
6505
930
1518
5474
4708
328
6994
3556
2881
3893
5444
4938
5430
96
4949
1127
3352
4318
6780
2658
5332
1198
3497
192
4192
4187
2724
4181
1638
5163
6842
5341
5284
1613
5274
123
5257
1632
5238
2700
3368
5213
3471
2430
1629
136
5034
956
6777
5346
3902
6662
4289
1072
1222
2649
257
4271
251
6731
5063
2380
1571
206
3531
4239
2389
1581
991
3522
993
212
5005
997
6966
1975
2656
5347
3965
2323
6357
4900
6068
4778
4620
6072
3810
3008
4602
3644
3834
4561
2242
1413
3626
3435
2219
2552
4534
2248
6157
6180
2489
533
4529
3849
6199
4846
811
2128
5089
67
800
1430
4627
6016
2172
4731
1329
1122
1696
5891
5893
3084
1695
5793
2198
3069
5948
5951
5753
744
3066
3064
3062
3692
1369
1688
3687
2137
5982
5770
4766
5761
5760
5759
655
4031
2488
4452
472
6301
1266
2575
5644
817
