1824
1820
4788
6774
6424
2963
4032
1821
1822
3695
6422
4781
1826
3914
2961
1828
4031
2295
6425
1827
4783
2290
4786
4399
6420
4038
1829
3680
4785
6421
742
4787
121
4391
1268
3919
3012
2461
4660
6423
1494
4392
3675
2966
4949
1263
3688
6099
1697
2036
4397
2031
5486
5050
6429
3676
857
4943
5738
3677
1495
1492
4030
5957
2293
1638
2962
2026
5326
2022
6339
120
3671
2513
2294
6021
2027
1780
126
4037
2239
2297
2514
4398
3686
6096
3670
6091
2713
2515
4390
5616
1573
1825
6770
129
3673
1823
2897
1637
4797
1630
4394
2467
2020
3693
3911
3682
3960
2299
6771
747
968
3691
2656
5684
332
2091
4893
1493
3607
4948
5030
5120
4799
5271
3681
2647
3852
2145
3674
133
4185
1260
4396
1693
4051
1203
1209
7160
6891
5041
4944
1129
533
838
5945
6888
6772
3912
1606
7095
7065
1497
2292
6090
5641
954
6112
3963
2024
3999
123
2030
4417
404
6333
5975
3194
4176
4050
7140
5280
3234
2259
1526
4985
1267
1205
6787
2417
4346
5731
4946
4426
3679
5329
3589
152
6428
4740
2912
4648
2652
1632
2309
2718
1264
4052
2291
6779
5437
1293
2649
2252
753
2470
5216
7168
978
4742
2029
5529
4181
2681
5123
2640
1554
7144
333
5166
5951
3195
6506
6497
4988
839
6485
2463
4040
6097
2657
1042
5433
6093
2714
989
5743
2611
2476
5704
2744
4803
998
967
4793
2626
1555
5306
4804
4564
3116
510
4528
5054
5048
2038
4945
2032
2144
5035
7155
4947
1182
3546
6568
4428
4983
1916
1902
5033
1782
6739
6217
2813
2338
2335
900
2872
2873
3910
5708
1262
7053
6776
2213
5031
5003
3519
4808
6951
5194
5432
3110
2827
4356
475
4805
7165
4796
755
2903
3471
5044
337
1503
3178
5438
819
6956
833
1551
5286
5190
5586
2688
5246
4421
4388
6488
2090
2115
223
6469
3913
2095
4476
1787
1200
6094
4041
1201
2210
1760
6218
4503
1206
4642
6738
4517
6223
6047
6861
6335
4427
2646
1147
971
6541
974
2629
1247
4566
5921
6777
3812
2517
5981
6500
6892
118
6185
2565
6234
3190
2094
4858
3213
6295
5191
5217
190
7109
4890
3916
5073
2059
4987
4415
3583
1366
3567
4998
3968
2028
3512
6490
1136
3609
6473
6467
1801
1792
816
4405
4210
3343
3299
5122
4217
5186
1491
748
3038
995
2339
5950
5582
4806
5958
2775
2774
739
4855
2412
6111
1279
1243
932
4355
2485
5463
5464
4730
1563
984
4637
870
1560
393
2964
6612
26
952
4981
5307
1244
6215
4055
1561
5617
5340
1517
4080
4383
4431
4433
4389
4423
4412
4649
3697
3861
4150
559
4254
3678
4404
3773
758
3771
4451
3685
3927
4807
3762
4212
731
775
4393
4183
4662
3766
4635
4071
4982
6799
1690
6807
6116
1646
6840
2500
1240
1575
2377
6909
2613
51
986
6534
2627
2644
5735
2650
2653
2605
4201
2334
6793
1138
6509
6481
6433
2050
6574
1162
2067
136
6796
6379
1875
6292
2173
113
2179
3587
2258
6221
6198
6357
2665
981
5588
2916
2928
877
6928
7100
1457
5199
5195
5129
7142
818
3405
5045
3475
5038
3580
7154
4986
4984
888
1291
7043
1510
2685
6953
5585
6955
5513
2719
930
1534
1531
5343
2769
2789
6562
2835
5373
2832
5396
1795
3990
1935
1691
1633
1367
4088
4138
1545
4009
1436
1911
1455
1869
1246
1734
1520
4017
1254
1194
1754
1204
1848
3819
3964
2557
2591
745
2684
751
933
923
2761
919
2766
2542
2889
3016
3061
3097
3112
3210
832
3355
813
3517
3582
2914
740
2516
2479
2052
1124
2071
3917
2102
2116
1106
2147
3904
3874
3863
2228
2240
3829
2247
2298
2301
2397
3757
3726
1046
737
2435
2023
958
1321
4639
5320
6784
85
5352
6172
6792
6800
6152
4636
6775
6812
6110
5419
6864
262
6086
5501
5514
338
4556
6118
5308
6220
6735
6513
5000
181
4995
6579
6382
5202
5208
6659
4894
5212
496
4852
5214
6281
5231
6280
5240
6277
4782
6724
6934
5607
5039
5663
5977
5697
5700
5707
7042
312
7081
14
5995
5755
7148
5956
5954
4226
4223
5923
4204
5842
7119
6029
4377
4439
6051
6957
4449
2772
6338
5205
2670
6330
852
2172
5831
3119
843
2582
2512
6285
5976
2198
5758
2223
5944
6373
2686
6383
6524
6519
983
814
5847
3404
6504
5088
5097
5100
3312
5587
941
5106
3269
2057
991
3255
3250
346
5665
5249
2238
962
5462
2547
5354
2418
5358
2850
5362
2333
319
2025
5376
5382
2826
6124
1041
2375
2379
251
5338
2773
5729
260
1013
872
2242
2973
875
306
2969
2244
2250
944
6272
2276
5742
308
2552
5309
2662
5316
2464
2303
5834
5055
3929
4738
4743
1790
3687
6695
4800
4801
567
756
6730
6903
6687
1557
6938
4838
6680
1631
4854
43
1552
108
4875
4571
6877
6833
4621
6842
3823
4633
562
3779
3772
4615
56
1687
3875
6798
144
6869
1729
4646
86
1764
1779
1225
4941
71
4354
1453
4402
4993
608
7093
5006
4270
1158
3667
4997
1450
3543
4325
4082
4311
7007
1154
7031
4180
1274
3486
1365
4430
1277
6600
481
4999
4429
1537
6992
4209
2451
2453
7157
5935
7149
6098
2576
1351
1245
6050
1599
1550
1548
1276
2526
2529
6961
46
47
1521
1512
2505
6057
6060
1298
6081
1470
2473
1030
6528
2318
2414
1853
2103
1174
2101
6367
131
1899
1910
6388
1912
2064
6392
1917
2054
6398
1933
6427
149
2021
151
6523
1991
2614
6629
1970
1936
6483
6460
6457
2039
6576
6487
2111
6332
6646
1783
2302
6773
6790
1224
1685
6175
1228
6128
1664
6123
1047
6820
6115
1666
72
6179
219
204
1181
6671
2175
6677
1187
6748
1813
1806
2232
6278
6705
1202
2256
2226
2615
0
2620
