6096
4781
1821
2036
3916
2290
6099
6773
7053
6775
3919
4731
4797
3917
2038
2292
2299
260
2961
6097
3852
2293
1822
2294
6425
1497
6094
1268
1264
6771
6090
5481
1828
4397
3914
2296
6777
6846
2304
1266
3240
4665
3911
1780
5212
2298
6553
5945
7052
5003
1827
2962
2489
6292
4798
6199
7160
1262
6192
4080
3915
2513
1823
6465
6043
7054
3971
1787
268
1824
6225
2375
4356
5158
104
6779
3912
3913
6421
5838
5285
4031
4446
3247
3918
4140
5234
5743
1826
4788
4995
7061
7059
4710
3653
5280
1494
5215
1560
3061
960
2115
1825
2832
4778
6374
1775
3386
4792
4712
1151
4997
3825
4994
1261
632
6956
6848
6379
2291
4999
6482
4990
2884
6721
5729
1146
2653
6424
5898
5286
264
258
3650
5708
259
287
742
6790
7057
5486
5480
6843
1536
4399
1260
3841
618
5704
4866
4199
6492
924
2031
3517
1267
923
1829
5087
15
25
1781
1561
5000
2259
3245
2813
1839
5164
3667
4628
1332
5178
1552
6793
1549
4048
1227
5079
622
6682
2583
4996
4132
123
6339
6869
3249
2398
105
5495
3153
2613
5006
3075
2050
3167
2903
5849
231
2399
1154
3559
7055
1153
5009
241
238
4017
5289
254
1834
3243
4771
3234
2117
4004
2505
6735
5399
3695
4142
5926
7130
3228
4937
510
7145
5186
6693
6100
6086
4190
1123
6614
3659
2216
1126
783
1130
5492
3112
6467
5617
2526
4998
5582
3159
4405
1447
4598
987
4610
5240
133
3496
4547
4662
6842
2815
2477
5257
6741
6552
5333
921
6534
4741
5806
2916
2278
4626
5282
4627
857
2037
5075
2488
414
1263
6865
6756
6861
4115
4688
5857
5738
4099
5671
2500
5205
6704
2319
3069
6244
6486
6248
6694
1431
5759
843
2297
502
2271
4772
1569
6971
2685
5588
968
4746
5502
4993
2391
3671
1579
4791
142
236
118
63
3651
2663
3962
3851
4785
6315
5465
4949
280
4436
19
3823
6338
1072
2670
1556
172
18
1770
3550
1844
3552
6115
5202
1391
6476
4146
5050
994
4136
6743
1843
4129
6758
2152
3483
6774
6776
6457
3811
5242
5243
4141
6113
840
1724
3657
5505
1697
6567
5125
2707
589
3614
5795
5946
6093
4661
1140
791
3643
4344
6507
50
2873
4832
7155
5988
3573
2308
3577
3063
2390
1364
3583
72
5185
5771
5510
2176
4663
2877
1124
1334
55
5247
2744
6792
2463
4407
285
6820
5008
2666
5957
1836
1526
3910
6179
1831
928
1519
4044
6392
2837
7001
5301
3876
925
5664
272
1538
2838
919
6413
1558
6191
2810
4878
967
933
6021
5601
4783
1520
1555
261
1237
6685
6687
1986
2367
4939
1714
3013
774
5462
3021
3664
2797
62
1121
4192
7150
5760
4177
1149
251
5176
4181
246
6681
2683
1833
4180
332
1125
6535
5084
6529
17
16
1661
13
2207
2370
11
6505
6091
6508
4642
1847
4641
5892
5490
10
58
1493
638
5668
6894
567
2996
51
1478
4749
2991
283
5080
2252
4227
6055
4247
44
4833
3608
281
845
2874
4417
7144
3407
1406
2349
3641
5220
1402
4796
1779
4779
1771
1820
240
5590
5216
4693
379
6127
4571
3783
1602
7082
1796
5338
1432
981
3850
5488
1430
6798
7041
2156
3196
5236
6014
7051
7058
753
3418
5265
1553
1567
6992
4130
4838
1618
3557
6469
808
2733
929
2396
6706
3895
1747
6845
2170
2173
4877
512
235
4837
2309
239
1541
4149
5262
5532
1390
5858
108
1109
6119
1394
111
6116
2834
4505
792
6422
4611
2107
2831
4991
1152
686
4509
4612
4968
4992
652
5890
6490
2888
2676
651
5956
6441
4592
2761
2208
6501
5915
5903
6415
4391
4625
4170
5977
984
3829
7033
982
3416
1545
3396
234
237
247
248
5605
1832
269
2461
4853
2335
3239
3248
4040
6029
5292
3261
1563
4035
5313
5649
2475
4740
6188
4744
5304
6841
1564
4786
5489
5
3645
12
3649
22
1659
1677
4836
3609
46
3593
3662
3665
75
5429
6078
2346
3796
3482
1801
149
4790
7050
3499
5393
3708
3693
7119
2397
5421
3782
1460
4947
5217
3131
3118
5160
6740
5214
2990
1392
6726
6724
6577
5751
6753
3076
3072
5189
2573
515
2995
3004
1366
5756
6688
5174
2009
385
1400
5167
3150
2277
2913
1299
2940
2035
2306
6787
5237
3161
5094
4321
4092
4096
4717
393
4324
6817
3210
6555
3213
4709
1103
5099
2571
2394
2364
6109
4834
5980
6087
2577
869
4941
1044
1127
2313
2244
2351
920
2508
6210
6039
4873
2276
4870
2330
4711
4742
4743
2303
4578
4747
898
2452
6173
6312
4682
1161
4672
2671
986
1162
993
2622
4667
5981
1156
5487
2201
4094
410
5250
1928
3788
1445
2202
6811
416
5684
6831
5558
1897
6840
368
3236
1462
1798
1786
4043
3168
5705
5411
3855
1374
3704
1974
4148
5396
486
130
5213
3115
6745
5227
3718
5233
3154
439
5536
4139
517
1571
6892
6974
3356
244
242
1533
1534
5343
230
6973
1537
223
6990
171
1815
1551
7008
7043
7037
224
6888
6966
284
3265
5656
5310
5316
5324
319
5641
4006
282
1850
1845
5623
6955
5616
293
3798
1515
286
1846
1040
1373
3049
2789
1652
5004
3605
3655
1695
3658
53
6429
5907
6434
4404
5476
4401
5474
6459
5038
6475
5507
1988
698
2085
2780
3615
2198
4958
7166
5484
21
2179
4536
5930
1200
7159
4532
4513
3618
1206
2161
29
2148
2769
6373
5910
2172
66
2091
6497
3569
5808
5088
5527
2946
2959
2966
1324
6574
5779
92
6584
2999
3002
3677
5529
5163
4198
3556
4368
2912
3571
619
2887
6500
639
5081
6504
1291
3576
5515
2068
4336
627
7031
1293
1721
5472
1621
6067
5353
1057
5561
1794
5533
5406
6069
6064
1060
5383
1913
6060
5143
5804
4890
