6108
2011
493
2866
5615
4833
2014
484
3702
2033
492
90
2829
2825
2826
474
483
6917
5676
6058
6824
7062
5364
5369
2012
497
5872
5143
3537
5112
6194
2235
6516
5670
6925
6943
6938
5180
490
5363
3188
4410
3363
6742
812
5365
6934
2034
2822
5116
488
1119
7138
3634
4046
1169
6321
7017
5400
498
5196
869
5884
5220
5224
3368
470
5989
21
423
7011
802
2468
485
3325
3558
24
316
3314
3717
4230
1446
22
5971
5734
6902
5360
1396
3068
3365
3378
1962
707
3433
5612
5924
2759
5610
3301
4798
6915
2741
3310
1689
1665
6939
5546
439
1684
5706
5541
2201
5889
527
5063
1695
4831
845
3052
4224
4712
801
5640
1236
2481
795
2956
1953
591
5270
5880
478
6747
2996
2426
7132
5987
4117
844
4523
6923
2019
1951
6137
5703
6715
4744
6447
461
4954
5777
1483
4197
2127
2122
3668
2143
4665
3714
4680
6560
521
4097
6813
4322
4064
4323
4463
3918
2035
882
396
5401
815
2425
6944
6065
5119
5381
3150
2888
6252
7137
3079
2510
6213
2709
840
3337
7148
2344
20
5207
3323
2681
6234
5485
688
4684
3296
4062
1451
875
5779
6462
1927
3241
472
6731
1168
611
1959
169
467
1160
3184
5404
6761
6713
5338
3220
2823
1481
1909
1532
227
5613
4222
5118
6947
1774
4221
6900
2812
1613
1390
5829
414
1388
5920
5075
407
5052
6933
5553
526
6184
4727
5810
4228
4229
4235
2163
27
799
4226
7130
6717
6471
412
411
4223
1737
403
6719
4650
1683
5879
1681
1570
7146
6115
4001
329
4238
4610
6492
1898
4710
5778
1772
6698
6489
1529
805
4645
5420
5589
4113
1634
4004
1514
2891
3364
3627
2124
5894
865
4790
2135
2136
6377
1449
5202
6426
2383
1286
3630
2360
1993
955
3492
6941
219
3327
3598
3593
6963
6945
6883
2194
6092
973
6419
585
3487
2208
3185
3385
2016
681
3139
3186
5394
670
5071
262
99
7084
2346
3235
7088
6362
5239
3159
7056
546
6508
5549
4989
1641
1614
5040
5529
4533
1033
680
1644
4897
1642
4552
5525
5685
4729
6351
1166
619
469
5750
4765
5407
4715
1189
486
4714
491
5273
5263
5439
5259
6456
5233
1478
5470
499
1265
4791
4800
674
1437
5182
1430
520
6346
926
1394
1044
3572
750
3738
2037
2436
3267
2013
3249
3223
1960
1958
6918
3189
1932
3183
3180
880
7072
3137
3106
3075
4060
3719
5573
6823
6827
6913
3410
6905
2236
6903
6921
6930
214
3360
861
2348
5959
863
231
3641
834
2374
3321
3312
130
2128
2123
3057
1957
367
794
770
7136
4333
2804
4421
2852
5825
4429
4453
2802
2739
6521
6025
376
2937
848
4234
353
6625
890
156
7147
2803
1315
6948
5115
2949
1165
2366
1164
5121
813
3313
5526
3324
2342
5533
2745
1046
612
2747
2970
2748
2341
3063
3379
2311
990
4979
2738
2732
2296
2475
5368
790
1163
2664
5478
2960
5983
3247
3240
3229
3226
2878
2882
7097
7059
1226
2469
2432
2382
2423
7005
2691
1022
6981
2392
6336
5366
761
2821
2397
6325
5210
3306
792
5219
6322
57
615
1669
3439
437
4211
4668
889
4110
4069
887
452
1900
4049
5787
4044
5775
1524
4033
1950
5774
305
4923
1956
3982
3938
4042
725
435
5797
391
4530
908
1691
6502
5820
6499
4472
4437
4556
1583
419
4320
1610
5816
5837
6556
4304
897
6567
4634
4640
4331
3917
1506
3915
237
5883
4733
4802
3656
3650
3622
862
6413
222
4797
221
2165
2166
686
1419
1666
528
3532
1408
6908
3447
4836
3659
387
3811
3660
6764
3748
5881
6445
2036
3727
3735
6446
6810
495
496
2010
867
6444
480
5639
5732
5577
5819
5824
5892
5644
5871
5749
5597
5980
918
872
5972
881
5776
1016
5970
5619
917
807
3584
1081
3441
3460
3489
2210
2202
3568
2181
3591
3616
2161
2138
2132
3701
3721
3736
3791
3860
3920
3965
1969
4043
4045
4048
4063
1891
3435
3398
2316
2347
2818
2686
2824
2828
2673
2834
2870
2880
2934
2936
2946
2976
4115
2571
3163
3222
2447
2430
3288
3294
3297
2396
2393
2371
2367
2353
3066
5535
1873
1861
1416
4859
4896
4909
1374
1370
4958
4966
4975
5183
5198
5232
1231
5297
5333
1161
1147
1128
1110
5490
5496
5497
5513
5516
1089
4847
4846
4841
1441
4209
4237
1778
4388
1731
4492
1661
4536
1649
1648
4555
4563
4131
4597
4614
4642
4643
4653
4682
4693
4708
1525
4719
1509
1505
4779
4609
6016
2746
7091
477
548
6209
549
6370
7030
718
6708
371
29
6496
310
6552
473
482
167
701
604
481
6558
6766
6834
456
6669
6865
375
7114
6686
583
42
462
702
540
154
587
594
58
6027
6440
6312
6858
713
368
236
627
380
6301
6965
6230
6448
79
560
213
6178
6379
529
500
6922
303
671
6924
6211
6920
424
6368
6962
6412
6986
682
6888
3308
2049
7020
6392
3302
5632
4856
5367
5188
5200
3577
7045
3190
3793
7036
2459
4303
4823
5406
1442
1157
3794
354
3248
4832
5680
5408
2438
5409
2434
3573
4839
523
524
1809
5189
994
6417
987
5595
2390
6758
5544
4039
4014
4011
5029
1076
6926
1078
2298
6215
1933
2018
1087
6753
6220
5463
1118
1990
6740
3466
6914
6743
544
2234
5466
302
3987
5064
5514
3898
3444
4862
318
541
6390
4206
6170
6177
3563
4141
5601
3322
5599
4135
660
5593
1398
5592
2363
3326
1284
2216
3355
5562
4061
5570
1140
5443
4111
4118
3332
1391
1392
3829
1870
6665
1773
3158
5888
2767
1685
1577
6083
2892
2924
2765
1686
229
5350
1526
2940
2941
2648
4816
2764
386
6095
791
1698
6097
6098
6026
6100
5361
381
871
6495
5887
6101
