6103
3976
613
6312
1323
2847
241
1892
6105
829
1499
5267
581
2146
2846
3630
3300
2845
1377
2096
826
552
553
2138
909
2332
3059
6106
1691
6742
3553
822
5366
1375
5269
2848
3323
1136
5093
6307
2517
3309
242
4905
3631
2710
4891
3015
5359
5096
1895
1011
4486
3537
2147
3385
5264
4557
3053
6341
4584
3978
6843
40
3726
5701
1896
3634
1371
615
551
6299
3708
3322
3332
610
2015
7034
2140
2336
2257
616
5943
6309
1523
5729
6184
245
2137
1644
1891
824
757
1579
872
2869
6901
851
2319
499
1490
2466
478
3276
473
827
3702
3320
86
3725
6209
1976
5919
886
6989
3499
259
385
1520
471
2143
891
496
399
6981
5936
3327
6314
3326
3714
2894
3355
2468
3421
6007
1392
1854
5098
6100
3384
5860
876
809
1027
586
2516
3144
1584
1586
3684
550
534
124
2711
1498
6060
2148
1482
4861
6877
2726
4247
6310
472
474
2113
5380
6521
5354
6745
335
4389
6302
1635
6759
1201
303
1412
6351
271
5688
4745
3207
3381
306
4860
3590
4431
42
2603
5163
1855
6156
857
6983
6151
5052
179
3675
7076
3636
73
89
895
4104
3548
1858
3954
5364
1699
2864
2134
3952
2660
1535
4163
1898
2460
6146
537
1050
3387
3594
1036
556
1372
5646
2131
2014
6092
2341
3076
7036
2899
821
1415
3706
2591
3871
5542
1671
614
243
4434
5185
3715
3492
6170
3722
6946
965
1899
476
2995
5054
2843
2144
1970
5942
1686
6889
1749
6303
5169
4211
238
2721
3532
3324
405
3996
234
1130
3495
1677
2861
964
7144
1370
1270
554
3685
345
1587
342
6744
850
5953
4949
3591
6462
4807
6661
3906
1016
4820
1273
3869
5057
33
4825
2635
2867
2868
3860
3335
879
477
5037
4172
2634
4387
968
2646
4188
1013
363
2477
5355
4805
6485
3599
1274
5183
1890
3670
2090
1744
3719
5272
4728
5684
6952
122
646
3712
268
2944
5709
1128
5266
2998
6157
2991
6132
2993
785
1527
6980
1139
253
5261
249
2024
6317
3570
5730
3428
4010
3723
6909
2098
6766
3704
5597
6194
2258
5184
5747
4220
3814
3427
87
6227
7047
2673
2728
749
6230
2013
95
6153
3014
4354
2725
4344
1288
6188
5461
6290
5720
899
5800
897
3672
5724
440
2626
1202
497
1163
6104
1857
2282
3598
596
6415
1024
557
736
1209
3595
1208
3592
1205
4560
5589
4553
2118
4551
6382
1260
663
4155
5932
2463
6073
3859
789
1144
4595
3682
5899
6526
2473
6367
4340
2519
4793
3454
3325
5187
1727
2862
5058
1576
2017
4109
2106
2099
7118
1459
103
7094
2010
5067
3029
3025
2011
391
1489
2012
4444
312
1524
5235
2893
4232
4233
4437
7097
7130
5276
4174
3263
2035
4945
4489
1376
5328
6841
264
3194
2018
7010
1446
2990
3054
6668
64
5361
2080
277
1746
3956
6923
173
4407
2878
1550
3039
1474
2494
5325
6761
5616
5867
4559
4772
5322
4453
7052
5327
4895
3970
2057
4485
4578
1641
5118
5273
3716
3085
4207
5685
3977
3551
5274
4748
2999
2157
1897
2349
1532
3534
2992
260
1148
6858
240
3426
3971
3718
2155
1178
2531
5656
5244
2330
6315
6749
7035
6783
2514
2026
6313
2667
2201
7026
4446
1379
5351
1458
3677
1271
5487
486
3329
489
4712
4168
3490
2713
2284
4436
5081
4826
4898
1258
3489
3037
4119
3060
4525
4524
6880
5741
1291
2840
427
4727
954
3321
1495
1496
6005
4369
205
417
1841
4236
6695
3932
4506
529
5547
884
6508
5092
6055
539
2086
2539
7082
2323
6187
170
1373
1580
343
4942
559
6189
5898
532
5220
2151
5920
4800
1988
881
4795
4107
5086
2552
658
2807
3120
6036
5233
3122
3142
2986
737
2196
1090
2715
3104
4061
4717
5777
3123
4053
1494
760
2982
4647
3717
5781
441
2691
47
871
3068
5904
7099
5911
5916
5926
889
892
5934
5939
7135
3632
912
4907
4321
3056
4304
923
3673
3048
952
7161
4917
3649
3653
3657
2615
4414
1529
1722
7079
137
2089
787
3003
4892
2049
3707
4100
112
5116
6101
3585
6095
2580
7045
2328
828
2327
84
5099
1572
6071
6069
7053
1723
2059
69
4105
2322
856
6074
690
722
4360
3361
3273
3841
3959
2490
5002
1211
1378
565
6753
4483
3389
4170
3416
5629
2510
3778
3433
1157
2518
3234
5278
3274
6390
617
294
3973
5283
4579
2204
1414
3955
2808
365
415
1320
5968
1275
6563
419
412
6579
6665
4527
3308
5455
2844
3904
3313
3219
411
2863
2108
6717
6523
3350
5524
4799
1636
6543
6689
3921
398
4803
488
3892
4512
3439
3583
2200
3990
6859
2442
3169
6297
3982
6342
4176
6319
6304
226
3979
247
2729
6820
6822
3190
6883
254
4350
1124
2720
4610
2229
3218
2149
4598
2133
3146
6336
2097
2428
5063
5722
1151
5006
5400
1333
4824
2192
4916
4833
4801
4734
4264
3678
3861
2303
1503
4808
4702
5955
1307
950
5462
1308
5739
4012
4305
5438
5020
4722
2236
962
5426
4909
1281
3894
5028
1478
4221
3909
5726
3988
2431
5410
5059
5527
3983
3853
4837
5622
4070
3812
5287
2396
1728
1852
1438
5668
4072
1410
1413
1097
2331
5270
4102
1556
5138
3705
4084
2575
5687
5849
1552
1551
3711
1150
1729
2500
2499
4778
2598
1125
5706
1456
5902
1638
1632
1133
5806
5357
5088
4150
3851
5556
3850
5557
2482
5262
1216
3818
1581
3965
1374
4062
5265
3701
1207
3713
4209
5529
3816
4911
2047
3330
3148
2671
6482
3459
6830
3269
6318
7058
3113
3547
558
2058
3333
2048
6772
3071
7051
6107
662
307
1689
6475
6713
6565
469
475
664
2661
3021
6844
7072
483
2665
820
4440
2095
3334
6823
6738
3078
6214
727
2717
3129
