6100
619
2097
6312
3978
2840
5266
2155
496
488
89
6107
1753
5359
3591
499
3599
5352
1260
1720
891
1634
6188
2134
6297
2033
3631
1264
2137
2371
3010
5358
2090
470
494
3592
3706
4665
2516
3355
915
1011
1699
2096
484
6983
1728
616
1499
4891
611
492
5215
4014
537
2716
3634
5592
4303
6717
899
6104
3384
3499
4344
1691
385
586
40
6195
2274
539
230
491
5726
1261
2299
7048
6184
857
2140
5739
2336
2422
552
6508
6318
5729
2420
3357
2113
5351
42
1332
6194
2143
2136
5946
6078
534
6073
493
6197
3495
4907
5428
580
5264
676
3635
4908
1721
1208
4407
4926
47
896
4171
4668
5881
6775
1749
892
1320
2425
4866
2512
6880
6185
322
6777
6317
2635
3685
6186
4635
1266
5299
2139
2138
902
3497
2981
6189
3493
4524
3013
472
410
4898
5357
4015
4328
726
2095
6171
6798
536
1325
4369
3590
7043
4368
6686
1033
4900
2015
2050
389
1080
5481
1018
4920
6736
1502
1757
4185
5593
6103
2174
3593
1050
4363
3938
2715
2298
3959
2469
436
5219
556
4925
6773
3594
1748
783
49
3061
2053
2427
3264
145
1130
5353
1922
6436
5366
2423
7045
6074
736
2843
6314
112
5890
6299
910
6192
2386
913
450
5355
1271
3201
7066
3901
1128
4820
3902
6055
4309
5943
3115
890
4569
1233
3037
7051
895
1270
3702
5487
2833
6047
5938
4172
2024
1752
3977
319
6302
6301
2058
1137
6779
3971
1133
5298
1132
2737
5088
5093
1201
6105
6391
4529
746
5676
3636
5705
6079
6511
4798
2319
4795
532
1895
5668
5670
1094
111
2151
5721
3058
1108
2436
986
4905
6075
2514
6089
1438
512
6430
3382
6173
5140
6553
4301
4788
613
5720
369
2114
6502
6507
581
2862
3496
1279
2035
5689
4863
3072
4323
2118
1751
2131
2968
3016
6128
4924
4923
531
3583
3714
516
5594
2094
2643
2519
497
3905
2967
737
4178
987
4892
1334
4703
5168
1990
923
2838
1321
2526
787
3053
1323
6450
699
5210
3047
2960
3068
897
4560
1535
6101
1741
6099
2465
4610
1723
4238
119
5421
3324
2660
5375
5267
2434
4044
1742
4030
2460
2438
3359
2473
2290
5361
4080
5364
7062
5269
2296
5381
5349
6098
1205
339
238
237
3069
4036
1247
2662
5432
490
489
4519
1786
5438
4909
4571
1890
6306
5945
6887
5354
7111
3687
4132
6096
477
2784
474
6811
5913
6529
4753
2055
5411
4901
3671
6848
6181
2577
2057
4561
4177
2142
583
7082
2292
6558
610
2437
1644
826
6386
43
5684
968
513
6837
2500
3353
4772
45
2869
2974
4834
3352
2710
96
1074
6486
6771
6061
869
7112
144
2962
2391
6300
3143
1049
4401
2966
6713
6710
382
383
6681
6682
2098
2426
2092
7052
6448
3049
1482
1821
6209
898
2734
6799
361
5380
3060
3490
6704
1750
6198
881
3153
4436
4731
5749
5374
5760
3816
5297
5722
5920
674
13
3272
1836
2135
3076
1724
952
982
1135
1992
3852
6428
4034
3839
1896
3597
4405
1401
128
5143
5367
7079
5350
1104
1326
5399
1607
3911
7053
5899
1822
2421
3030
2813
6415
6413
1828
4037
2117
4522
2433
1372
2510
6491
7059
3261
3273
2120
5702
2012
4053
4287
6443
7050
3354
2711
1603
6447
1245
3707
4158
3904
3656
6057
4781
6054
5133
5728
3262
1408
541
1991
6791
4721
3858
6281
4448
6665
26
1782
6303
6097
451
3537
5595
3202
2036
847
5599
5860
2038
1136
6092
6051
3876
2721
2786
3517
2848
2767
5931
2397
354
893
4347
4940
5290
1899
1524
2475
5498
1745
3439
2468
3159
1213
4862
3155
6776
3973
4598
6690
2615
3507
4928
1276
14
2720
2893
3350
3219
4853
3954
6182
3955
5420
2152
5632
248
2842
530
4968
2283
233
1262
6838
2149
1576
254
2052
4140
3108
5187
6883
4141
6881
3837
3937
4981
1311
4304
2146
6579
4143
3782
6347
7144
2056
1908
1274
5897
2673
4495
3346
3701
56
2400
1652
7083
7166
4838
1861
7086
1268
1139
2026
44
6307
845
774
914
6246
1703
1849
836
916
4861
4068
1847
2834
33
48
757
1293
5759
785
7089
1150
2515
3825
3704
863
4228
3677
2583
71
3277
3903
2025
4175
4431
4941
6433
1432
1726
6623
6833
6830
2644
3103
6090
3114
2726
479
3206
5914
1075
4565
1014
2161
2159
2150
2797
991
6846
996
1236
6842
1421
5363
242
244
1581
1983
2156
540
2179
463
4743
2739
1495
310
1496
5063
5052
6132
6127
1064
4261
368
367
353
1207
6706
4712
6684
3196
290
455
3129
4949
1740
5568
1025
299
4727
4724
6793
6669
3522
5220
6135
1413
6580
4902
6866
2552
6521
3383
6193
1608
2317
6865
3605
2815
1892
3913
2112
157
2128
2511
677
6459
6456
5738
701
5377
6440
6199
6439
6200
713
6203
7044
154
1747
3380
1393
5410
6535
4986
5163
3392
4897
978
1587
187
582
2713
4982
6869
622
5671
1390
6106
6069
4286
2888
1090
3802
4991
1250
4199
994
5939
4290
1066
2018
5936
2866
1163
4213
3776
1267
1182
4232
5962
1232
6046
3727
1246
1131
1244
6170
2557
5950
3819
5904
911
1022
5957
5071
5956
3813
1024
5919
3708
6043
6052
961
969
6010
1272
7042
4744
3956
4050
5208
453
6660
7036
141
6668
3961
3263
894
5561
425
3509
149
2432
4514
6647
6688
127
5601
69
6593
2286
2154
6596
1801
4475
2360
3361
4403
1636
4493
7046
5614
3116
2175
2785
476
2666
2178
6689
4515
1765
6797
2735
5243
4135
6936
6813
3387
1722
277
5433
3213
5418
2280
2293
243
2289
241
2282
234
4528
6794
1743
190
5384
4523
6707
386
6712
3979
4687
3994
357
64
1529
4680
1746
6737
4526
6740
184
6743
4004
