6104
5358
534
1277
3357
3352
5355
1320
1720
3497
3493
2114
5264
5352
896
2092
6186
2095
4448
891
3359
2134
1278
3635
3636
2142
6189
489
899
1323
1208
1634
2144
809
3354
3499
5357
1895
6833
2090
2137
1207
582
3382
5266
6101
6188
584
3264
895
3353
890
1756
1752
2646
4447
1201
5353
3351
1011
3594
3839
1321
580
1272
1325
3831
4529
4899
2141
898
2651
3837
518
2643
6982
789
5015
2111
552
5682
5351
6837
5380
2025
3631
1750
1329
699
1326
1322
537
1524
933
2097
1746
1751
2117
2149
1276
5267
3384
3350
5378
6106
2516
2716
3834
2113
2112
2110
1499
6730
3723
5093
3591
6880
532
6984
2132
4898
319
6185
5359
5269
892
893
2152
6737
2147
5283
3959
3492
1327
2131
2143
5371
5375
1271
7092
3599
6109
1726
2514
4380
6180
1523
5379
850
1581
2154
5135
6736
6197
6100
6836
496
1636
6182
5340
5594
3830
5681
870
1699
1502
4528
1722
6187
2840
5964
587
4750
5354
1137
4525
4728
5742
6819
881
3498
7066
6193
696
583
1200
3490
3356
1762
331
1587
6181
3934
300
2119
1725
2024
2155
1496
2098
4720
7099
3496
4863
2153
3324
4527
2476
510
7062
1136
550
6414
2465
2146
514
1182
2473
6056
1328
5014
4752
690
1742
4751
3833
4637
3726
7134
787
3495
3954
1633
2064
698
4874
3321
5373
6830
619
5688
2140
4369
342
1508
2712
3875
4753
4441
4780
7095
7096
2981
879
3951
2158
4864
1758
3058
1490
5092
5261
6107
361
5088
7154
557
4754
339
556
5361
5350
2116
2453
2054
5268
4343
1521
5965
5962
2810
5904
1203
3724
5320
586
5128
3053
5774
5756
3595
3300
873
868
3592
822
781
3327
614
613
2286
1202
1748
4892
7152
5
4907
5123
3935
944
466
7037
5096
6459
13
6183
3204
2644
888
6013
5685
5684
4722
6047
4103
89
2115
7159
4755
5377
2057
3037
5382
3836
6089
2500
6158
7091
694
695
5274
700
1094
4440
513
2649
1635
3685
2138
2151
3014
3475
6246
2128
1233
5966
6339
853
5173
330
5326
2055
5081
3905
2729
3643
2779
693
2851
998
2510
864
2720
4813
3112
6526
4908
429
2469
780
1038
511
2460
6436
3597
3838
1745
294
1528
5276
2534
4557
2842
1735
1755
910
4951
581
1757
915
3649
816
1992
932
598
5931
2752
1754
4178
5170
4866
1535
1529
3938
2756
5988
3859
3642
3866
515
49
2118
5702
5133
4204
6674
5364
4964
4481
6232
5329
336
384
2120
5306
6195
3349
6668
2967
6192
1584
3990
3302
2136
4034
5894
355
5136
3729
4301
7012
3879
611
4389
353
2275
1206
3644
512
851
852
1744
345
5982
5683
5985
4492
6209
6132
2726
304
1
1928
306
2791
616
782
6430
2159
6253
1237
45
5063
829
5139
6669
4072
7043
5938
627
4068
1639
6684
2276
340
1943
529
5867
5943
5753
494
499
1495
3902
91
87
2069
3590
6166
449
4776
2512
1575
7078
4770
4423
6105
6157
6383
4108
1031
1033
1063
1039
2048
2437
2056
95
4569
3936
6519
884
2656
4667
6700
2642
7104
3908
6816
6985
6075
2093
6713
4228
6036
5739
3913
5302
1133
5521
1138
2315
648
649
7102
5936
1882
2838
5468
5899
2889
5916
752
691
2968
5934
5919
2859
1900
6082
6585
6775
6103
1051
4432
2063
5367
2066
4522
4014
2282
1171
2280
4093
1288
4842
1205
1286
2121
1275
2130
2145
995
6578
990
3953
788
2777
4610
6841
4141
3871
865
3904
911
912
1392
1391
3911
3914
2591
6297
4116
4556
2027
2529
6788
2518
3017
5428
1520
392
4213
605
3030
3722
3474
5771
5728
4345
5581
1659
3472
1724
1727
3707
3632
3439
7045
4347
3355
3634
5748
3706
3262
3326
5569
451
1582
3273
296
4269
5686
3274
3140
3679
7011
6485
6856
5213
5754
2316
3113
10
6433
1763
6966
5291
5693
1177
4887
860
4099
4723
866
5086
6328
215
5770
6973
539
3134
818
5687
3869
6547
4604
6844
2769
1753
554
1537
6312
5078
5981
6827
2773
56
2713
4387
6330
2710
4861
1977
5726
3903
4567
1324
6171
6084
6087
2026
5721
3320
63
2029
6786
447
4104
4550
992
3271
999
5566
3276
2494
2488
2043
2045
4756
6131
293
5564
7165
2387
4119
1395
1394
1128
491
4018
5090
4016
5091
4621
19
2635
3211
2384
483
916
1986
4012
2081
6059
5297
930
6184
3330
93
4779
1819
1729
3906
4828
6504
658
2936
4626
6249
6500
5504
2868
5332
5948
744
5047
5914
5913
5902
1631
4886
1638
212
343
5906
5019
3485
2156
3725
1655
3812
675
1623
2129
5141
2249
7101
1627
1270
352
351
1488
5944
5310
5272
4159
4624
7111
2139
5645
639
1510
5921
889
4442
6051
4424
1130
4
6948
5217
4346
1066
3047
4113
438
1279
7046
1226
3210
897
3507
4651
3720
5860
4444
5864
894
1734
149
676
2941
5724
2020
1090
6393
389
1372
6483
994
4521
5481
5127
5210
645
6259
5223
1491
3955
2536
6057
2386
404
6098
4422
5565
5868
7036
5494
4655
6382
443
2589
1565
2065
666
5098
3328
6416
3933
6179
1239
2059
4551
5087
3673
4095
5789
3126
5336
2753
2288
5713
6838
3419
77
252
5567
6572
5524
3145
4140
4698
4718
5968
4037
2770
109
5949
2052
2273
1922
1181
2794
3104
5279
3291
6755
3550
1176
4344
1447
2467
792
551
3852
1036
3819
46
5811
5172
1155
4137
6624
1576
1405
15
6423
2879
128
4484
4110
1018
37
3956
1060
409
5455
1399
5295
84
2861
585
5054
2094
4856
6889
2847
6332
4030
5933
2715
4363
3809
3964
2042
3172
209
6489
846
4340
80
4272
1064
4798
4881
4982
4758
3
2061
7013
122
3301
2271
4015
5309
335
