6118
733
4254
1255
4987
4985
4981
5432
1245
1243
4185
3763
1248
1240
4982
4988
1246
1247
5249
4451
730
3773
3765
4050
2615
3768
737
1244
2689
736
2684
983
3963
3485
6796
4450
5438
3771
2611
739
4983
2186
3775
732
952
4183
3178
4181
2187
5433
6117
5192
4187
4052
5999
1820
6124
735
6957
6128
2680
5923
4055
5431
3929
3967
4984
954
731
3762
3760
6112
6129
4212
5437
3770
6123
3778
5159
3757
3767
3968
3038
738
2939
3766
1934
3769
941
2250
4189
3848
1236
6993
4059
4056
4392
4396
4391
4929
7088
1249
1232
4411
3518
4986
5346
4682
4307
949
4184
6898
1058
3847
2624
382
2295
5572
1252
3899
2030
3779
2251
2966
6892
5076
5073
3510
5924
6021
4681
4054
5111
1931
2078
4214
1757
3132
7081
7022
3776
2933
6851
6774
3101
3940
5143
3680
3984
5435
4785
6992
2565
1812
2934
3697
4578
2320
7082
2737
3844
4390
2963
6562
3519
6405
6028
1233
4989
3580
7142
2629
6035
1473
5342
981
326
2449
5876
5337
2638
4654
3454
4314
5630
4304
5712
3421
2626
5724
4339
927
5271
5151
982
4680
1589
3966
1470
1326
3674
4660
3682
4922
6812
1283
2767
4030
3846
2778
3695
3840
1260
386
1251
1080
1239
7122
9
7149
796
4689
1047
1902
2735
3546
4057
2004
6422
4051
5042
3512
6420
989
425
5500
5982
6954
4532
5529
201
2685
6877
1067
4429
7048
120
3772
4400
7083
1178
5430
4652
7
4455
2483
6
4476
3761
5343
2561
4263
5338
2758
2239
3045
3647
383
3901
3675
6408
2969
3927
5020
560
5631
4280
4605
5075
1675
3511
5874
3003
5145
2744
5331
4960
2690
2753
4952
2849
2811
4926
4651
2620
4782
5191
3130
2945
5992
5393
6568
1734
1742
1745
4037
4053
987
121
984
555
1834
4176
4484
2006
6113
942
977
937
1678
1511
7085
1241
3774
6908
6891
1254
1256
3581
6873
6857
6855
3866
3914
1376
1471
6672
6864
3406
4182
5957
3292
4394
5605
5607
2076
5663
5715
4428
2259
5736
2256
2255
3198
5799
5763
3344
2505
2213
5413
4303
4308
3273
3191
5822
5855
3825
3687
4452
771
2910
3173
750
3251
4577
2815
3817
4389
3676
3428
4830
3403
3481
3040
4606
3042
562
3293
3564
4031
3986
3960
3588
3670
3894
4838
2635
2812
2380
1753
5549
6599
2447
5445
108
1475
6519
203
2506
2520
96
1352
5300
6770
1041
1045
5410
5225
1810
5648
5986
206
2079
943
945
6140
1904
6228
2323
6283
1824
5914
2112
5863
5851
1816
2267
6310
5922
5194
2482
6842
2688
1234
366
5045
2686
4859
6850
1061
5023
5069
5106
4857
7089
5108
2627
6894
333
4902
1048
86
6966
1242
2713
4158
6896
3896
4109
1818
4100
4089
6890
633
4164
7060
1250
1829
7000
4080
6169
184
6024
4218
7120
5998
1187
7140
2031
3777
6311
6483
6885
6795
3898
3891
6806
6768
6765
1288
3589
6724
1474
3586
3955
3957
1491
3969
1011
581
6359
656
6382
6392
57
990
1813
6501
572
3841
1748
3842
3578
1660
6872
2032
0
4439
2327
2796
740
3043
830
4424
2441
4698
4426
3012
2442
364
5508
2444
4434
3022
4265
5157
3041
4574
3102
3108
3124
900
3039
3150
4488
5050
5394
5419
2480
2541
5634
4399
908
4855
4788
4297
4787
4852
4298
2929
4299
906
4292
2104
4301
4302
389
4783
2810
5827
5689
4377
2277
5737
2254
4296
4331
387
5895
3306
3340
4835
1139
3683
1147
1128
2673
2816
1269
1056
1270
3688
2733
3032
1263
2740
834
2788
2799
1281
1049
3409
3055
1774
2336
2210
1890
2110
3489
950
2358
2026
3346
3478
3463
2046
3407
2814
3426
947
2640
1764
3277
2600
3671
2572
3604
875
3587
1416
2361
756
3181
753
1500
1638
1670
3224
1703
1477
3408
1100
6291
6538
4430
475
5439
4398
6425
5546
4334
6673
4318
4311
5564
6421
5586
60
6878
4295
6357
4270
6354
4264
5706
4261
6840
6541
4433
123
6706
380
6708
4750
4724
6627
348
5043
5049
4659
4633
5738
6623
328
5149
445
4565
6804
5196
4502
6807
4498
5259
5288
6620
6952
4319
6959
5951
7068
597
7086
5768
600
6091
3988
3897
6119
610
2
3861
6207
3843
7164
6116
6294
4805
4209
546
4188
4177
4215
4082
5869
1476
1027
5692
6659
341
6167
1840
2301
150
5769
6111
5150
115
5162
6592
2623
1572
1512
5035
356
384
1487
2779
378
2761
6222
958
1502
4945
1906
2755
4953
4967
6280
4977
4858
5872
2308
6019
2498
129
2490
1826
2461
209
5463
5503
2325
5603
6423
5562
2189
2094
5947
6303
5575
208
5371
2062
5604
1679
5777
1697
2601
2027
6571
6018
903
6081
5859
6293
204
2521
6563
5328
2035
5975
1828
1708
2585
2883
4589
7069
6883
4496
3172
3925
1051
765
3585
47
4300
1235
4579
6803
3607
3048
3046
4514
4584
4456
3186
4335
3526
4395
4397
4804
65
3291
4438
6875
4422
476
3263
4306
3985
751
6835
7042
3517
4173
6801
1387
3887
1423
4786
7130
3425
4794
1157
4262
2892
3815
3698
1894
3758
2872
2847
624
1105
666
4267
3633
519
4625
6961
4269
4217
4686
3921
3026
4687
3648
4690
1306
2986
7118
3673
6306
6317
6679
1827
6996
1138
1879
7128
7127
1838
1837
6292
1833
7080
7071
1815
1237
7049
7047
6301
6977
6940
6475
6318
1300
1581
1573
6786
1301
1571
1308
6771
6738
6607
1505
6722
1413
6633
1495
1424
6637
6650
1444
6658
6729
6600
1674
6590
6928
6348
6925
6910
6876
1264
1266
6424
6870
1268
6500
6510
6521
6858
6844
1729
6827
6815
1285
1695
1290
1814
3798
5322
6156
4370
4376
4378
4421
4427
3196
4431
4435
4495
3177
3143
3138
3134
4533
3296
4534
4602
4615
3037
3027
4691
2974
2973
