4185
4450
5438
4987
6118
1245
6129
1240
6112
4988
3763
6128
1243
4985
952
3768
3963
4212
4187
1247
6124
1255
4983
3771
733
4183
5192
730
1248
4451
3967
735
3178
3757
2684
6123
5433
5999
4982
4052
5437
3773
1934
4254
5431
6117
3968
1244
739
4986
3848
5432
3765
5249
941
4181
6724
4176
5923
2626
2615
2611
7149
737
736
3519
3843
3772
4984
731
983
1067
6952
4189
2250
4056
3518
2186
4051
1246
4981
3776
5924
5876
3101
3546
1251
4989
3766
2187
2239
2251
2624
5435
1252
5076
3778
4182
6113
3961
1254
2778
2449
2259
3100
1931
1249
6957
3767
732
3526
3318
2637
7142
6796
3580
2812
4184
3769
3960
3901
6910
954
3847
4280
3770
5106
6954
206
4857
6035
6519
6911
3760
2213
2638
5419
4855
2680
3516
3038
6568
6672
4030
4055
4054
3512
3840
1242
4859
4851
3181
4452
5065
5529
3485
4841
4455
3045
6992
6892
2629
5439
6804
4082
3844
3313
3219
927
4852
3695
4059
4304
3210
389
4394
1423
2004
3109
4208
3868
2302
2444
4050
2541
2689
3775
3758
0
6806
5151
6222
5067
5050
6803
5666
6581
2815
6953
2686
6929
5346
2621
753
1259
2565
738
4263
4327
5546
5572
949
1236
5653
5654
2963
3042
3173
3825
3779
6562
6116
6120
6127
3312
6310
5576
4389
1061
1820
2000
664
1824
4658
1707
1692
5063
4876
6925
5069
4555
3914
3041
3004
4396
3043
2940
661
2893
6961
4057
3969
6923
3846
2774
5035
6392
3510
3504
4929
3454
6513
3306
982
5042
4858
6060
6021
5975
3198
384
5872
5663
937
4038
6801
2540
4303
7088
2502
4321
5145
6926
2620
2325
6864
6908
2164
262
9
2255
4109
2078
1470
1420
6298
572
5159
4164
6809
3404
6307
1675
2514
3216
2506
1162
6541
1100
6394
6877
2257
2320
3513
1551
3402
3407
445
1173
2772
1998
2653
6807
2910
6933
1503
6924
2622
2947
1833
2966
2180
3023
6928
6920
3088
1456
6770
3107
1450
1177
1812
2713
6637
1428
2215
2561
597
1578
3845
4800
934
7034
4766
5657
6119
981
212
963
4073
5922
6
5616
7049
3894
3929
3962
6161
333
326
4416
4830
5434
3588
4854
3688
4845
175
5225
5338
6210
3761
3762
6294
796
5278
4392
4391
6902
1367
4395
4297
1260
2443
6896
4200
2498
751
7122
5162
4301
4214
4275
4346
4308
6295
6914
1657
4856
1697
1751
5064
4850
1832
1889
1906
1933
1936
4650
1491
2008
2062
2063
666
2094
4564
217
7161
5413
4505
4481
4458
5120
2226
7140
6931
873
3581
3966
6398
606
990
5658
6774
3873
1104
1187
3693
6835
1105
5007
5856
3842
6582
387
985
3263
1172
5820
3212
998
3514
6934
6936
3575
4179
508
4174
3582
4158
3521
1050
5522
4080
2777
2779
6791
3680
5575
4053
3589
3213
653
7018
1147
608
823
962
806
6940
879
7089
7086
6947
6956
7082
968
1352
943
946
7068
1200
7144
1457
1473
956
6965
1178
5031
1638
4106
4103
4084
5525
5648
4032
5651
5655
3860
3817
3816
5948
5976
6091
6125
6131
3764
4162
4175
5445
5430
4902
4849
4707
4652
4606
4506
5075
4417
6228
4374
5218
4264
4261
5228
4209
5259
4188
5363
4307
3691
3587
3572
2625
6840
6842
2612
6844
2440
6898
2295
2627
2252
6915
2210
6916
2182
2123
2081
6922
1961
6903
1635
6823
2635
6317
3479
3403
3360
6536
3217
3214
3182
2631
6695
3089
6783
2946
2939
2823
2789
6799
2733
6697
3138
3584
562
142
517
337
380
375
8
383
201
3191
1436
386
2485
5526
3218
870
6304
6305
5954
6314
1991
5115
4922
6805
4456
6802
6800
6321
2986
2417
6795
5957
5992
4265
2897
4267
1279
6220
4689
1968
2097
581
6927
740
2096
5381
6043
1257
6293
1256
5408
4454
1422
1792
151
6891
6890
6889
6290
6883
4574
1474
1250
3011
6762
6944
4878
446
5660
5661
506
2744
987
6483
989
2441
398
3648
391
3108
5769
1570
3706
200
2031
3682
2032
4156
3694
204
2448
2770
2796
1124
4203
6675
3022
5570
6378
4523
2467
1691
3583
6395
3158
6397
1501
1678
5607
5912
5899
1671
4788
4518
1668
4210
5895
4087
6677
4206
6420
4204
4089
3774
6945
381
7069
2616
5223
5231
2614
3361
1902
3365
5
2943
4980
6993
2941
3982
7148
3421
5320
625
241
7012
4339
7028
1376
2632
3362
2339
3898
7130
3406
3319
7081
2933
6215
7157
4300
3273
3385
1377
5154
4302
2118
5210
211
1283
7160
1313
5271
5260
2563
1475
1670
662
3564
486
1907
4513
1472
7
1184
6786
1665
4305
3175
1711
1495
3604
3310
6387
2617
5102
328
118
5925
5272
5914
1705
2827
5023
5913
3014
6727
3031
6380
4400
6405
2912
4207
4433
945
1004
1005
1006
6620
4502
6616
1085
609
2040
1017
2207
3716
3333
1069
3676
2222
205
1571
5209
4319
2447
3683
203
1587
5735
6564
5204
4108
4165
4168
991
214
477
950
215
629
4607
120
4615
4201
6424
106
3137
5196
5257
5874
4642
1338
2556
7139
4805
6468
3755
4393
2024
4390
7141
6121
6623
3977
7132
3685
2170
3529
6301
1437
7031
5462
2409
2661
1988
2678
1976
6983
2552
4446
382
2530
2639
3293
2636
2093
155
6918
807
2633
4578
6207
6878
6291
1430
4270
2336
6919
794
4036
576
2086
244
2299
6236
803
750
3522
426
3900
7004
2685
2128
6932
6221
6906
857
3823
6959
3458
1285
1890
3189
4747
3269
5407
6183
4708
6943
4706
3184
1268
6090
3196
6905
2482
3295
479
2959
5362
1388
3835
2688
6968
6223
771
1838
1736
1884
5982
6798
3885
6122
2856
5822
1548
3046
6501
2872
5061
2208
3048
6217
2035
2945
2894
5743
3952
3696
3996
3973
1288
1289
1068
6048
1070
6160
1935
174
5755
1077
