6129
4212
6117
3518
2449
5437
5192
4185
6123
5435
4984
4052
6124
730
6112
5431
2615
4055
3768
3779
1934
735
3101
4980
2684
2626
4985
1243
4987
3776
1931
4051
6128
3775
5438
2250
3772
733
4989
1249
4983
739
2620
4056
5433
3526
3761
6953
3765
983
4986
4450
4988
3770
3318
731
6724
6568
1246
3319
3757
2441
5576
3310
3760
6035
4857
2629
1247
5999
4189
2801
1707
6120
2611
6118
6672
6582
3313
2444
3038
3314
6122
5923
952
5249
3178
5439
3519
6807
1998
6954
3763
6952
4982
5432
6914
5223
3546
2259
6931
3840
4176
4059
3100
6961
5663
2638
737
3961
1245
1255
6928
3844
6804
4851
6796
3771
6125
2621
3529
2637
4183
2639
2686
6933
5434
3967
3312
3848
3045
3769
6562
6947
2000
3766
3963
7148
5876
2616
4057
6945
7120
5872
3102
4303
4214
4981
3778
2442
2443
3968
6957
736
951
3847
3311
3773
5654
4830
3317
950
2624
2636
2447
2440
5430
771
6121
6892
1248
3107
4263
3088
4254
6939
6924
1240
6929
3089
4374
6925
6916
5607
3109
3767
3758
5436
927
4852
3774
6948
6944
7115
6926
2803
3582
5579
3524
3512
1548
3842
3510
1936
3639
5658
7075
6808
4002
1470
2520
5970
6920
4451
4455
2631
1918
6943
2251
5989
3845
1705
2187
4184
6720
3667
3182
3023
3511
1606
5874
954
2320
206
5222
5546
3572
2681
2622
6915
5553
3251
1507
6905
5985
6910
2625
1503
941
6911
604
5653
1533
2063
4210
3516
3633
4300
3575
1782
4275
2632
1244
2448
3257
3577
5574
6800
7149
4050
4850
4053
3193
3991
211
6809
2859
217
2918
1935
1480
2540
3888
3322
4321
3022
3263
3454
5314
2305
1067
1252
1706
5300
5483
2258
774
4216
7142
333
4006
3085
4845
1472
5450
157
6127
738
6968
7166
2252
1274
5749
4607
1355
3513
2713
5824
82
6955
5851
6951
6907
5236
836
2969
4859
6922
2806
3173
5195
2556
6721
3755
1173
3557
4181
2804
7086
5829
3042
2239
6965
485
2264
4098
1359
4153
7081
3994
3362
2521
4182
1630
3650
657
389
6295
654
2680
6290
3140
6113
3652
5567
602
3095
6864
7025
2872
6908
948
6912
3573
4926
4858
4929
6750
2554
6923
4422
6678
6671
2445
3462
2429
6801
5895
3846
5894
5879
4636
1080
4856
3194
1022
3873
6805
6896
6902
4855
2116
1254
1701
3464
2467
778
2573
5294
3385
2035
3751
2579
1250
1251
3514
5371
5412
5419
6464
6934
5208
309
2325
4585
5162
3474
3219
3469
3081
832
5207
6572
5111
503
5048
2565
7168
5770
5914
5688
5106
5655
3825
3843
4615
1061
3196
4577
2939
1110
4498
2952
3183
1812
4270
3960
3084
4187
4175
4106
4003
3816
5010
3214
5045
5613
5577
637
5572
2633
3260
5556
2635
3677
5657
1551
3688
2030
766
2029
5244
5218
833
854
2784
5397
2807
4005
118
6210
6985
358
6938
3403
1638
2446
1632
2508
2222
3315
2262
6783
6906
6302
6956
1674
1700
6959
6799
7070
6183
6992
3473
7141
1654
3347
1718
5967
326
308
6898
2483
323
175
7
3439
4528
6806
985
1916
1433
975
4853
5652
6885
3521
2143
3839
5575
2628
4690
4740
2397
4773
4784
2226
2897
6293
3859
2542
2893
2883
2668
3443
2434
1991
1542
2186
5381
3472
5121
2004
6423
2006
2485
6563
5159
1511
1743
5191
751
3695
3682
3515
6585
5042
3210
958
955
2438
5486
3212
937
6758
666
6751
4974
2805
4977
2164
1765
2194
6665
1660
4967
2964
1050
5661
6927
5763
1260
1348
1256
5714
505
2268
4135
4080
1704
2269
3345
3982
6936
4233
7122
3041
4308
7119
103
6949
4266
3047
4109
4030
3130
4138
5899
1297
4428
3086
1832
3158
2614
3555
4023
4145
5666
7099
3186
5946
131
2570
5995
3969
3003
4143
1894
4414
3632
4130
3456
4149
6727
4131
2802
3467
3458
6673
4148
6588
4099
5090
3252
2024
2740
5260
6503
5238
7165
6519
5225
2180
5204
1833
5201
4019
307
5194
6536
5101
1847
7114
2002
3137
3119
6584
5140
5144
2295
6559
7144
823
5180
6573
6741
51
3977
4693
1178
4337
4682
2238
3181
3333
1932
6842
1890
6844
4638
4389
4417
4573
3195
1147
1134
1430
6919
6918
142
2966
1939
2973
3189
2974
3883
1441
4532
2368
6903
6826
1020
3823
7006
1477
2852
953
1675
4215
962
943
7089
4941
2815
4180
2812
4963
1814
2266
2309
1703
3935
4747
4770
1189
1005
3821
1475
2215
4841
4844
4280
4278
3083
4854
1473
3485
6770
5825
1766
3631
3671
2046
3522
522
6234
5573
5892
5557
726
6399
635
6430
5990
5896
3528
2115
3530
3587
6396
507
2710
653
5477
2568
5488
2548
2665
3676
5462
2507
5456
6283
6355
3675
382
1578
1557
664
6394
5415
5537
5411
2506
328
3636
5944
5616
2612
3536
2552
5299
335
3545
2482
5608
3576
5716
5298
3533
977
4218
6803
6988
998
1425
1239
384
5784
984
2578
2945
387
2213
4396
990
656
391
6812
1910
4244
6875
969
5695
3185
3656
5841
52
5828
2136
3542
1257
1902
7038
5514
1906
4217
3187
959
1124
4488
3674
7001
3673
6993
6960
3188
6802
2256
4509
3012
4523
3198
4360
6835
1933
4543
4546
4344
631
4301
1408
4548
4687
3421
6182
625
4304
1871
1926
4610
174
2585
2933
572
4574
3197
4689
404
6229
5717
6054
6155
1104
4767
6098
5699
4268
3199
1941
2149
3306
3340
3191
1914
121
1691
1024
1868
3400
4372
4277
3213
4279
1209
2518
5855
5947
6314
3984
511
3593
5151
3504
2490
2114
6571
732
4922
5367
5122
1313
6398
1716
5120
4134
6577
5113
1311
2455
3104
4137
5890
1993
3627
5073
2785
5054
873
5115
2786
5174
5337
2175
1367
5278
324
4009
5965
2031
4020
3133
5935
6513
3717
2720
2754
3124
