6122
6120
1936
3319
3100
5436
6907
6125
2639
6968
2686
6947
6912
5658
6931
3109
3526
6919
6129
3107
3088
6929
6939
3317
3084
6916
3083
5456
1932
3086
2616
2631
3312
5439
6910
1701
3314
6949
1706
5665
3318
5655
3089
3529
6911
5222
6905
6918
6724
6926
2449
6914
2638
1935
6924
6933
3316
6127
2621
3310
3755
2634
5434
5770
6920
6121
3082
3758
3759
4153
5652
3525
6944
778
4607
6847
5195
3528
5576
6928
5653
5654
5825
6807
1700
1705
6922
3333
3967
4135
6843
2632
6902
3672
6945
6927
3524
751
226
5223
6934
3101
3780
5260
6126
6965
1934
3423
5483
5824
3456
6932
1707
6915
2801
3754
2636
4844
6925
6720
4989
2000
6975
1979
6921
2024
6923
3750
6936
6948
6961
217
2439
3041
5663
5650
1480
5431
3518
6123
1933
131
3313
4528
2445
6582
6587
2573
2620
2918
4321
6589
227
431
6759
950
6035
5450
5488
242
5511
6943
4012
5829
6906
6938
1718
836
2681
1937
1944
218
6302
1998
4864
3085
4845
6727
2633
4450
4446
4387
5238
4875
5765
3458
1730
210
2684
2679
1433
314
6946
3521
3385
5433
2518
6546
5398
948
602
5361
3081
3751
5313
6113
2711
4879
5899
1249
6820
2023
6937
5099
7075
5193
2063
2259
4233
3784
3024
391
5872
5882
6913
3023
4128
3878
3677
3315
2252
4942
4746
6904
2029
4431
3311
4130
2820
4148
335
2915
2807
3667
2919
2804
4261
2718
2713
319
4315
2665
2637
2635
308
4417
2530
6309
2330
1948
2871
5990
5479
7141
1441
771
5437
164
5944
5943
1379
3753
5300
1712
3522
246
3772
5659
1115
3045
3113
6917
5080
5657
3787
853
194
6186
1279
1436
6739
5660
6809
4275
6808
1391
6750
2714
1371
5894
2628
404
2800
1106
3443
7161
5534
5574
1926
6678
7115
5258
5237
3322
2116
5207
2175
4948
4973
4991
5191
5087
1913
1997
6406
2626
6128
892
511
2579
2570
4422
5995
6037
4835
3582
2455
2448
2442
1576
1702
1704
4481
4998
2147
2917
324
163
3684
3029
3054
216
3785
3681
174
241
4066
2948
6908
3022
6941
3910
162
6112
7095
1930
5385
1918
2958
5065
3414
1632
1884
6196
1638
6185
5261
5323
1714
5322
7093
2667
2696
2677
6109
2710
3615
179
1974
2470
2446
2517
4587
604
2331
4638
6620
4841
664
4846
4857
122
4876
4941
6641
3599
4975
2593
2598
4374
2602
4993
2613
2002
1999
5005
5006
307
7091
3756
106
6038
5521
5523
2802
6783
6786
4010
5559
6789
3781
6952
2806
5573
5587
2812
5517
2815
5651
5838
3786
1274
362
6826
7164
358
1216
1200
1192
3110
5749
1177
5870
5516
6584
5515
2772
1499
4212
4183
4840
5666
5
5371
5370
2164
6963
2145
1628
5281
1119
6003
3025
4955
1633
1517
3102
270
3472
6452
3789
2301
3454
6960
6571
6052
2444
2443
2438
2434
3757
4543
593
1607
5422
606
2339
613
3011
5696
2325
4631
4636
3462
4730
3087
4980
6382
1931
3828
3389
1398
1710
3047
5085
1467
6579
899
889
3053
835
3520
5965
3859
855
5514
868
5280
3871
6388
5978
6295
5642
5845
3325
1327
6352
1491
264
6083
2004
1366
3778
128
745
1992
1574
7148
5295
6106
5008
1970
5579
1991
2886
2721
3961
4344
3263
4002
6735
4182
2949
534
6867
103
6598
3602
3627
4414
6787
4145
6608
4360
312
508
2964
4444
4174
6802
2872
2654
3612
2940
3976
3290
2941
4170
2803
4138
6988
4216
4220
5018
1557
5388
741
962
3557
1554
974
4221
4441
4999
2086
7051
4943
4003
5976
6410
3028
4389
1472
5493
4976
4180
5490
5989
4191
3214
5457
2603
2026
1507
5445
3424
2015
4996
4364
5426
4207
774
6756
3049
3179
6721
34
3519
5142
823
1711
5192
4337
5284
51
5282
104
6725
6183
5199
1739
3685
848
5209
5218
3689
2658
5256
2947
7086
235
5088
1605
6296
5037
6962
1939
1622
1627
6990
7100
3370
3269
2959
2946
929
6974
1653
4280
6234
921
1661
6210
5314
2695
909
3745
6102
5519
4956
2115
5656
4139
6539
611
2336
5641
2816
4927
4425
1339
192
5586
3628
202
6519
3962
169
3018
638
2248
3021
2222
2539
6503
4566
2368
5761
6985
6842
5747
1196
1199
6840
2471
1201
5792
3119
1206
6566
2511
4090
5688
2440
5675
5668
1129
4099
6599
5741
2207
3783
7111
5896
212
4849
2563
2148
6953
281
1435
4851
517
6903
215
1061
3825
2182
1430
4830
4881
6901
3678
6980
118
1449
7124
5820
5821
5947
1709
1036
3516
4098
442
211
5491
5518
5942
5827
3452
6736
2859
3700
5276
6149
399
5522
1454
1203
871
6728
1460
4176
5784
5781
1723
5800
6155
5701
3696
1157
3698
1751
5251
5713
5421
3504
4017
7138
5581
6751
392
5378
5879
1082
6054
3158
5367
1548
1360
1361
1376
6043
2805
6989
3503
6800
1558
1368
6788
3429
1399
1621
7143
1691
4034
5526
438
114
4190
3464
5841
2897
3474
5328
4029
3996
1630
1420
374
4194
5611
2911
939
1403
6064
3450
3833
3345
6162
6358
721
505
4974
6981
4947
4992
2578
3323
2135
4865
3964
6460
6461
2094
127
4995
5000
3367
3546
476
1941
6290
2630
5030
6299
3653
3213
6316
1993
6672
6664
2614
6464
780
2564
4843
4540
2516
5763
4434
3575
3577
595
2468
2473
6577
3593
2982
4448
6583
6572
4582
4432
601
4842
657
654
2193
4784
2247
3016
2264
2542
630
4637
301
2335
615
605
2562
1929
503
5070
256
5189
1906
822
789
5064
5217
7105
837
825
3621
788
5098
6191
5122
6264
3623
1792
1912
5180
5588
4635
4616
4615
1928
5608
1713
5619
2537
1307
1302
4427
4603
4597
4594
4430
2824
3014
1310
3845
2670
5546
2180
1395
3836
5553
2551
5144
2957
1374
3821
2197
2198
