6130
6141
6145
3543
3870
6147
197
6139
6897
191
6143
6136
3339
195
6144
192
3531
6146
3544
5348
3535
3329
3547
5345
3542
6149
6148
6142
6133
1370
3545
5347
3548
193
6138
3549
3538
194
6140
5707
3874
5917
3139
3541
5700
199
3534
5341
3335
3330
3530
4990
4992
586
5136
1313
3336
3332
6137
5911
4154
4151
3334
6134
4239
6704
2713
5007
3759
5154
3540
6416
2993
1097
6198
3998
1753
3293
5284
4993
3498
1253
362
1028
4997
1001
1100
5342
1316
2876
4204
336
1311
7079
3359
2623
3299
2467
3876
5784
2342
3326
1745
3328
5146
2237
564
3337
7123
2177
3872
6080
4704
2093
4482
4248
6132
1608
5596
6573
4966
582
2717
196
491
6706
554
5302
5286
332
5006
5003
499
4999
5134
3296
4395
198
1319
4512
994
3539
1372
4514
4413
3291
4407
190
364
3532
2821
6231
5000
4991
1078
1782
580
1805
6229
5340
2849
5937
454
4918
4998
1851
2273
3997
773
550
585
5066
4155
6263
528
7050
435
6555
1742
3871
212
1752
7131
6013
5343
6121
3315
4513
3320
6516
6648
4451
5467
2112
1976
7
3970
4511
4406
333
4599
5591
5144
4245
6180
4994
4911
4996
4901
4707
6884
2757
4722
3143
4305
1492
6018
6664
3081
2003
1858
369
2101
2272
5975
5455
3082
272
6614
4850
398
2080
891
4913
5082
2715
1634
4595
1746
4564
5279
6715
1749
1751
3323
3292
5321
5008
5001
1018
338
4651
2415
4995
350
4968
521
2842
4709
1320
200
4408
1101
3447
3839
1077
4030
1235
151
6251
1284
1218
3803
3732
1326
182
5513
3747
2827
2437
3647
6072
5648
1071
5831
3148
5285
1234
1189
6087
5476
345
1445
992
1928
352
916
4868
113
5659
1448
2577
4041
7168
1503
6532
4912
3875
1509
1310
5819
4899
6830
2406
4864
675
382
4801
6016
1590
5590
1777
1883
6702
2287
1852
4726
6538
3860
153
6324
4756
6310
2295
1386
1796
1026
2726
6354
3493
4386
3449
3817
6131
4452
3418
5141
3297
4159
3432
6199
4409
5078
2141
2514
2517
2056
4417
607
1033
1732
5906
6899
5585
1141
616
5282
96
4334
3753
5588
785
1093
5023
527
7113
2007
5148
5954
6316
3802
2576
5837
4923
2879
5860
4915
2914
3800
4086
5143
5160
3801
584
4259
2614
3804
133
3748
2848
460
2461
530
3819
115
496
112
908
5280
5281
5289
4510
5014
1250
1090
3749
7119
1105
1073
6152
899
2872
1757
2861
5936
5099
7064
5873
2847
3645
5275
4160
4960
6788
5331
2720
4158
519
6010
2383
998
6579
181
6583
2174
3461
1182
2152
4037
4332
3142
2240
3956
4515
6336
4324
4518
4418
5789
2130
1371
4560
2106
1328
2111
1011
2117
3973
3959
2082
5647
4592
3953
6365
6615
2126
4590
3976
3141
209
4457
1024
6594
238
3331
4803
4308
1502
4486
3438
3925
1474
2277
3439
1853
4302
5756
6042
3130
4509
3325
6241
1443
1124
3351
391
4703
6596
1889
1099
2055
583
2046
5277
755
6459
6595
3808
6730
6207
4139
2077
2512
6722
1725
2069
5262
2068
5259
1728
604
2079
2142
1983
1756
6236
2276
2278
5726
2422
3936
2303
6662
2313
646
2317
5377
3877
3879
5776
2361
5356
2377
2436
2266
2263
5332
13
1975
5527
3826
6618
3831
6627
1750
3834
1747
5496
5458
710
1907
7159
4112
1233
2253
6227
1890
3949
6203
3357
1496
1432
3134
6381
6880
1324
7032
1444
1325
4679
3167
172
4672
3175
993
991
4708
6034
4734
5955
2928
3599
434
4861
1537
7052
5986
6331
2999
3032
6846
4750
1488
6401
6887
4897
351
347
1019
3304
6363
3446
3441
1338
4404
6983
3341
3342
3346
3347
3352
3356
4485
3298
3486
1017
999
185
187
3223
203
3506
6895
4591
3256
1010
6903
4568
1012
1013
4390
348
5953
7169
3605
529
3756
5028
3754
520
5004
905
914
1620
492
4976
5907
4237
5909
4900
6159
2728
5060
5854
5149
6294
79
890
3788
539
2656
4148
5107
4149
2686
3779
2712
1670
481
1081
4956
3637
6433
4916
3644
4933
455
5944
4264
4919
2874
6434
5774
1660
6111
5617
1823
6259
1743
1327
1376
6420
5885
1650
6258
5746
901
5777
1029
1699
783
1801
6297
1202
2006
6319
6518
6232
5956
5864
6514
1678
1336
6235
6311
1208
5822
796
5755
1383
1286
6082
1601
1906
1893
867
1315
1317
1053
6048
6435
6019
6033
970
1055
6031
6024
990
1599
6553
870
1399
913
1956
995
1504
1748
5662
6341
6530
6446
1926
1267
1272
1921
1171
1723
1920
1276
1255
5846
6295
4754
503
2792
156
6778
6787
4323
7038
4962
7036
3546
2843
2845
180
3537
4381
207
2856
2873
4914
6768
6825
510
6765
2542
4178
5187
2591
4214
5135
6751
119
3635
3609
141
2690
537
2723
5050
4300
5015
148
4301
4304
5276
440
2930
273
274
6945
4705
385
381
3126
4694
3132
373
302
4668
4663
4660
4654
4645
315
4625
3262
392
4890
3100
395
4405
4414
425
4814
2986
4437
3385
250
3017
4794
2039
4489
3077
6963
3080
3369
3355
3344
270
3097
615
4244
3805
6667
5371
3948
3815
2354
2359
2366
666
3952
5524
3813
3809
5433
5352
4141
6624
2328
6666
2326
5447
4066
5451
4064
2283
7148
2175
2395
5406
3866
5401
4038
617
6630
5501
4116
3938
2401
2220
5337
6707
2059
5330
5582
5526
2425
5307
3995
3969
2094
99
2096
3741
2097
2410
4144
2411
2476
3954
3750
649
5306
3955
3242
1352
4573
1158
3934
6239
3912
3310
6266
3275
3278
3943
3282
3977
4028
3288
3294
4529
3321
4519
4517
3939
3733
4401
1200
3755
3752
3591
3608
4256
3743
4246
4596
4243
4241
4235
3685
3687
6196
3701
4202
6189
6190
1268
4150
3590
6202
1314
3383
4074
4473
