6145
4151
6139
3836
3879
6897
3870
6149
4752
3831
6130
6895
3877
4406
6136
3359
6137
5345
6241
816
6082
5346
4750
6713
5341
3834
4159
4751
1322
6086
3833
454
5340
3339
3541
193
3838
4150
4250
1750
1758
1763
3872
2437
6084
5134
1158
7169
6143
6141
5784
2145
6148
6144
6703
6718
4324
6240
2989
3351
5911
3871
5917
199
2056
3810
2055
6142
675
3353
711
362
1200
6080
192
6133
191
6131
3352
4259
5371
5268
932
6432
3544
2882
5014
3874
6138
1278
2702
1851
3542
4153
5774
2610
113
3549
3951
5347
197
6996
916
5051
513
5379
76
6147
1097
1253
1074
6157
7113
2724
6438
2717
195
2116
6081
1202
6436
5136
6320
899
4349
515
514
1633
5239
1078
933
938
684
5494
3635
5348
5353
336
5072
1759
864
2591
2461
2707
2821
6087
2110
5966
2659
1370
6995
6132
3531
5918
4899
3875
3538
6710
1189
1994
1329
2514
196
1762
1760
1756
1091
2316
4874
6431
1768
1019
775
6464
4025
6146
2342
5283
6435
6896
2054
1204
2283
1956
1679
429
409
6715
6717
452
3016
1751
3126
1755
1765
3011
518
541
5933
3832
1376
3171
5413
1328
1320
312
6835
5330
1042
3749
931
3964
896
6259
2704
6242
2701
3299
5146
5070
5015
2152
3291
3177
6984
6249
3506
5996
4846
6833
2158
2875
4028
5309
5938
2705
811
5906
861
6704
4864
869
462
6730
1575
465
5475
4154
1486
2287
1472
917
517
1453
5875
5156
1753
4756
646
6140
2043
4723
2713
7127
3545
1065
6211
43
1092
3543
6189
7128
1076
7033
5372
887
1735
2183
3837
2534
939
3172
4991
5937
6247
3017
2711
119
2628
2614
5995
4512
1483
901
3979
903
511
1754
1098
6258
516
1018
5885
5498
6991
5775
1742
3439
5916
3656
3609
960
5229
1029
460
1235
6243
4037
1951
642
5647
4754
2842
250
868
2359
1636
1066
666
1699
5307
2657
865
4408
6707
4020
3910
2153
3873
6836
6514
5352
5153
3540
6029
2366
2803
1615
1272
1919
1276
4395
1297
453
4367
1093
468
3934
1475
6412
1094
456
1072
6700
3330
2507
6301
1608
3075
3071
1067
6328
1128
554
6648
604
1277
6511
616
3285
1252
6041
6496
950
6134
6383
3912
4776
3296
4755
4757
7110
1139
1133
1304
1310
3906
5993
726
2511
512
3655
1099
930
5866
3356
6433
4722
5909
71
7
5921
4849
6250
3173
2612
5973
6534
546
6184
1638
5332
194
130
5163
2317
4256
1778
380
5342
6837
2079
3608
5221
6913
2051
3530
3747
5254
5266
345
132
353
6741
4246
2263
2416
5047
2159
3743
5496
5377
6716
4868
644
1208
69
649
3876
564
54
1381
5306
6101
2723
1182
6453
270
667
6860
6083
4850
6531
640
1327
2536
1900
6518
1311
5378
4095
4937
3174
334
6825
6026
2538
2738
2729
5420
1226
1378
4030
6530
2386
4951
4420
47
5001
3693
2117
3969
773
3289
6238
5157
6948
2154
5154
2873
7158
2175
5143
6251
6254
6257
3336
910
3916
5073
3918
3905
3972
4716
1062
263
6446
6110
6111
6443
1996
1126
704
2720
7119
7123
3235
716
2052
2071
734
3885
5210
1090
4721
1088
2097
6420
752
721
5472
1474
4856
440
5681
510
2467
1617
5888
6735
365
364
3448
2463
6764
1607
1547
3079
357
5864
1723
5713
392
1601
476
3811
5746
5778
1805
4155
7085
1761
6683
4301
369
4285
2826
6439
3121
467
5284
713
683
491
5711
2887
2885
2090
1071
1752
4877
4416
5749
6900
2718
5238
717
5236
710
3590
1808
4453
122
7112
228
4993
5742
2625
729
2091
4577
1729
944
6245
2871
172
2836
5132
5130
2211
3032
6255
5596
2499
2217
4503
3329
6711
6324
6323
4235
6318
3060
2276
866
7013
153
3297
6355
1632
2884
397
459
4152
4859
6180
6183
6185
1033
2119
1025
2880
5175
4254
2644
1001
785
1611
992
6722
3288
4624
4870
956
3346
6731
6159
4753
1670
3441
290
5417
540
4060
289
1365
5424
333
7023
6469
2728
6072
1955
280
5343
4965
1873
5902
533
5502
1448
4362
5358
2406
4364
4404
4365
5891
6830
611
322
1273
5970
5863
5354
5908
6588
4759
5836
337
267
2515
499
548
6091
2726
4139
3134
3493
5458
58
6846
4127
2727
4886
3432
3233
4778
1477
4409
368
4654
1630
2288
4118
4685
5988
4574
2272
5159
5024
961
969
5932
1887
6229
5022
5649
5152
1660
3146
2851
2221
900
4655
908
3047
4666
5630
5491
3063
5561
1368
4244
894
4848
5125
5076
891
1360
2847
1637
5581
1856
4560
2872
5575
5903
5151
2216
4855
5369
4027
5748
5855
4992
4403
4029
6078
2749
6065
3980
5719
2074
5717
4166
2064
4158
4157
1746
1152
1172
2589
4014
1504
6115
6088
1990
4008
1993
2469
5783
4515
4528
2021
1741
5370
5524
4789
6018
3139
6104
1305
5177
2879
1721
1781
1011
6197
5007
3077
1443
994
5170
4394
1933
1596
5860
2714
6042
5189
1250
1068
6033
5861
4066
1935
5862
1057
2106
6160
1594
6049
1286
2690
3447
52
707
3748
584
49
84
3724
3674
6461
719
3607
6998
724
725
7121
7084
6890
396
676
6838
6736
6555
3491
3349
3387
6437
3438
3350
6447
124
813
294
6688
360
6689
812
415
6557
318
7163
3623
458
3443
7062
6416
436
3331
6982
3813
743
6583
544
4398
1063
3902
1878
6442
1121
4573
3588
4933
3160
3818
5344
4565
3386
286
4990
5945
1441
2422
5404
3143
2369
3435
6819
4390
2379
4529
5357
1081
1100
282
2356
2812
3260
3383
5901
5897
714
6573
4944
5896
6832
747
116
2403
6154
4366
4519
2361
1777
1957
3686
3685
1233
6013
1290
3211
4079
4081
5144
3855
4041
4462
1308
2046
2045
5194
3676
2170
6044
