6136
6145
6142
6141
6897
3544
6147
3538
3535
5345
5348
3339
191
6130
5347
6140
3870
6144
195
197
192
3531
6143
3541
193
6148
3542
3547
6134
194
6146
6149
3874
6138
5341
3543
3545
6139
362
3549
3329
6137
4239
3540
5154
4259
3759
199
3548
3331
1100
3530
1253
3534
6133
7148
2623
3332
3334
3335
6121
4726
5343
3441
3877
1670
4750
3315
364
3871
5340
2614
454
3126
3336
5885
5647
6082
5346
4406
3432
3330
3752
7127
1189
3754
5819
1072
6648
6132
3803
6083
3748
3749
3447
3750
3443
3337
6435
3063
3438
519
198
1313
4066
6666
994
3751
908
5746
5016
3802
1915
3801
1359
3139
3800
1805
4654
333
3879
4151
678
4765
6730
2177
3753
2717
3756
6704
2713
5659
1441
687
1732
6701
3506
2056
5745
6706
1028
5974
1352
604
945
1345
7128
5019
905
3997
6229
2702
1349
903
3359
5371
901
3142
748
3539
1341
2003
1316
3162
2929
6416
7038
3082
5083
673
3448
312
1317
5015
4918
2821
5279
4651
5330
1702
5917
5014
3838
1101
6390
3369
3822
6081
2342
435
3975
6555
3804
6447
586
5891
3831
5342
1725
6203
1340
5018
4041
6899
1081
3449
5989
775
4409
607
2055
6180
2827
3498
4900
4901
6662
1750
110
5010
1777
5848
3560
1983
394
1183
5458
6084
3872
203
6643
3836
6438
4028
4723
79
3740
3565
4620
6741
5776
4650
3117
4850
3097
437
3809
5740
931
3887
652
4020
4025
2610
2707
6715
440
1449
3076
2619
676
2628
3291
3805
1832
99
2618
3328
6024
5816
5402
357
1157
1836
4116
6029
5887
3532
6263
5073
2463
2803
3400
4725
5275
3442
6231
5777
190
5136
1755
4754
3732
3730
1284
4395
209
5011
564
1250
1851
5954
4408
6615
5797
1235
5937
3995
3694
5072
3758
5808
3134
1958
1787
3733
1356
2231
711
196
999
3807
3808
2923
2400
4759
1478
3817
7
4246
4868
5377
6387
4700
5259
6087
2236
2958
1158
2957
4366
6511
5585
5376
2575
5417
3746
4336
5356
7131
2659
3320
4235
6120
861
1067
5948
6910
1883
3105
1358
5973
904
6833
637
4933
1808
1142
266
1756
545
1571
4416
5644
2110
4659
916
2487
549
517
820
914
2046
5982
1764
2316
1329
3168
3875
1343
3637
1012
1753
675
6900
1314
5284
3435
5097
6369
6354
5877
1088
4244
5873
601
6241
4769
544
6963
2224
5637
6530
2451
6216
541
6222
5455
2273
1311
2415
5680
1830
1143
5076
1831
1858
1685
580
4027
4815
503
3132
6432
6551
5823
1078
6518
5662
2325
2383
6502
514
4752
2283
1650
6111
6019
1694
2920
2101
5146
1344
101
6031
6033
200
1043
4323
3051
772
1920
4007
6896
6703
5153
4931
4111
4067
773
5157
3578
4960
2857
1286
119
252
256
4086
1347
3942
3925
5197
4951
4418
3431
3948
1027
1440
2795
1746
1742
2904
115
1376
5494
3981
72
3100
7123
7105
395
933
2174
3546
3319
6764
6385
5812
2988
721
1951
716
1698
433
436
6316
7033
3445
3980
6441
6583
354
356
4968
360
3326
3095
2704
3976
5160
2133
369
3743
1799
6380
3951
1021
1758
1994
4074
3755
4159
1007
2007
3998
1928
1803
6223
1786
5502
6383
3747
902
1955
1005
1862
2043
5476
758
5513
1711
5248
755
4139
6904
6439
1907
2150
940
1886
727
6763
3834
3806
1061
4021
4022
6301
4154
1833
771
6348
3929
2051
2058
4594
6239
1752
1658
4652
6324
1739
6331
2295
655
2100
1674
2109
5475
1728
4708
653
6903
7169
1139
5803
3042
3347
4870
3601
3533
4874
6125
5332
1200
2885
3529
6127
3060
228
116
1346
3523
3646
5730
326
3074
6573
3075
96
457
2751
5107
2586
1185
4334
1486
1370
5780
202
4254
4861
1186
157
2900
380
4252
5944
153
2621
4312
2696
1507
2612
1355
6716
1353
1481
2801
456
3436
2925
3437
6218
2804
4180
603
5044
5314
2380
6027
5373
548
6038
4763
5863
3307
299
2407
2806
582
1310
6211
3148
5889
2437
6733
1623
1134
2
4938
3446
4778
4899
70
6510
3690
6532
6034
1575
1236
3121
2802
3177
208
5143
2805
5975
1029
2006
4324
3955
6594
4915
4091
233
6676
2032
5229
2848
1773
837
2847
6349
4953
4623
2016
821
1784
2842
263
3946
4645
1024
605
886
1383
3081
7121
4371
6825
5911
5022
5025
979
74
65
4367
5813
5252
1888
4593
3124
3127
3145
3308
4029
3172
4574
4037
6806
1322
5862
4042
1315
5828
5840
4024
6375
3080
7119
2933
181
3969
5960
4346
5956
5360
5789
5239
3991
2989
6389
6664
6446
3079
4381
1925
1350
5002
6839
899
900
5924
133
3343
906
6838
1919
4008
6835
1926
804
786
4903
665
6258
669
1678
1679
1144
4054
5331
1547
684
4138
4817
4703
3663
1693
5699
6115
6341
4509
2221
1506
4251
3828
3566
3833
425
2195
2194
4701
6093
3665
661
3739
5846
3741
3735
3734
2344
1604
4160
2401
1598
2404
2410
631
4204
5632
6982
636
6739
5635
550
3693
537
6531
650
5447
5191
5650
6945
5453
421
1839
6037
4516
2153
318
6018
5736
2692
3885
5718
2723
780
2756
1187
2108
314
2185
2701
350
315
6705
2118
6054
6908
1218
3494
4257
2749
1179
2184
4129
5715
3496
3866
1182
2175
398
2080
6042
2082
6765
778
5734
392
4098
4878
1089
1121
4256
5374
1729
1234
1450
5396
6516
6642
1432
1445
5467
1609
1611
5310
5400
6601
6637
5325
6493
4227
992
5424
6632
4508
4453
4459
4325
1388
1700
4075
1003
1001
4390
4241
1044
1069
4125
6536
4373
1815
1814
4309
6538
4315
5404
1465
1147
6725
1684
1285
1071
1141
4452
6249
4801
2374
2379
2384
583
4755
2402
2406
2413
6201
4766
3434
546
2850
6190
536
3692
533
