6130
6141
3543
3339
6145
6143
6144
6136
6147
197
3531
192
3545
6897
6137
6149
3544
3329
6138
6146
3542
3870
195
6148
4992
6932
5877
3535
193
199
6139
5347
3538
5873
5099
5348
6583
3874
6780
191
1339
1189
4997
4990
3549
194
1100
6919
6133
960
5345
3541
3029
3336
3079
5007
3468
2003
5447
3022
2876
2009
6706
4993
5285
2874
4996
3330
4994
7
3463
4272
5854
4154
6142
6140
3949
6080
7113
3428
1028
196
4999
5917
3464
4395
4709
3461
3100
521
528
5281
2006
684
4998
3483
5252
4960
435
3548
6026
190
2080
2821
3759
3028
5470
4255
2007
6573
6911
4041
6901
3027
3018
3530
1928
4074
3168
3753
5097
362
4409
4659
6704
6899
4704
4261
1653
7127
5659
1983
4900
3998
5003
1667
2168
5195
6532
5341
968
5006
6434
961
6778
6263
3925
1204
4323
454
5637
3332
2004
364
5289
6251
357
1336
3072
3774
315
5001
2632
1851
6122
274
3122
4991
4995
6960
4663
5312
4145
3447
3469
773
2872
2325
3863
1640
3871
3139
6435
2308
3876
4705
2853
5047
1017
3414
3755
1942
3160
3418
3836
3246
1940
5476
1019
4726
6910
3441
1020
6121
3850
6198
2827
3534
5665
750
4132
6134
2179
3854
4028
6373
2994
4006
4404
6701
6702
4334
5262
5259
2452
3467
3334
1958
1930
3167
6538
2472
2788
6039
3872
1186
5284
2787
962
3005
525
2713
3788
4609
3023
3446
332
1944
5791
1142
1441
7131
5785
3615
5802
2635
5839
1481
2885
5805
2677
3572
3547
6929
1370
2639
96
5819
5163
4335
6543
3128
5083
2145
3076
6723
1024
441
4292
448
6715
6751
1029
3503
4903
5815
6963
4299
3077
2342
5664
4953
3838
37
4259
1759
6854
5000
4291
1313
4293
969
6375
4296
4331
3024
5911
7036
3020
3672
3325
5746
6341
3698
1805
5878
7050
908
5823
516
3822
5251
1721
1371
5008
3421
4040
4297
65
3482
5066
4405
6031
2983
3540
1105
6937
6936
1111
1101
2160
6914
1547
6912
2945
237
273
3109
5846
1449
2638
5799
3426
5282
2046
6916
1605
2636
1147
6716
2958
2303
2267
5286
2686
4021
1732
6720
6741
6580
5651
3799
638
5922
468
6725
5747
6245
4325
6907
6721
3533
6087
2789
7162
6904
3335
905
7052
7032
5407
6905
6903
3067
2991
6354
5196
916
5745
2436
91
2575
3242
3436
600
475
4139
6230
5631
2875
3293
2424
1185
947
3849
266
6102
3294
1183
527
323
1056
5850
1054
5005
3856
683
4616
5551
678
6940
5793
3137
1750
3860
1752
6180
753
4151
4148
3692
729
5760
21
1662
4966
6846
3834
2177
3084
6151
3125
5944
1946
4573
1026
814
1023
5300
5848
6884
4128
6127
5858
7112
2717
6565
6513
633
151
4736
6514
2856
4821
1267
6624
5957
5789
5774
3337
631
4589
1140
6923
5736
6023
4025
5954
7161
4509
4823
4371
4098
3369
2929
5807
3363
1404
2344
6446
740
4129
3448
3443
124
6555
786
673
661
4375
109
7010
2689
5719
5809
2782
3859
6596
666
4268
783
2395
4142
148
112
5740
5162
2415
5718
3359
2411
1809
5618
6020
4286
6608
3438
7027
6420
3026
5734
4514
1411
4020
4144
5800
2527
5662
5827
6872
5160
6042
3484
460
6931
967
6825
182
965
3126
369
1327
1832
6167
5443
1755
5197
1349
2194
5234
312
314
4120
3532
2715
4251
1923
4920
4915
4403
994
5855
5650
6241
1334
2195
4407
5167
1316
3800
5154
360
6776
1598
3162
903
4477
4394
162
3082
166
4392
3910
2522
1592
1078
524
5009
2842
6864
7145
1144
2521
3259
3323
3011
6336
6333
5394
4892
4595
5446
12
1604
336
1955
5388
3861
6199
5004
1033
6132
6072
3390
18
5953
5577
771
4957
3260
2621
1406
746
5967
3042
3691
1953
2055
1075
1654
3690
34
5206
6459
6429
117
5356
1158
5711
2
2241
5343
2604
2603
6091
3346
5272
6034
1421
2815
935
1590
5265
7068
5644
4868
1199
1200
3134
3120
6324
7159
1973
2266
874
3066
3318
4115
5376
1021
4902
5403
6207
5986
1012
3945
6227
3687
5732
4825
1575
5814
3282
6001
5710
2637
1609
2919
3098
3936
6248
6250
1430
5780
1635
2051
6386
966
963
2295
3869
3392
6924
1947
6605
376
6607
4620
5302
2487
582
4707
147
1141
2085
1331
5907
4390
394
4619
5332
6602
2560
2105
6842
5920
4373
1758
6588
1338
554
2928
6837
4376
6834
2975
6831
1692
3780
6590
3790
4632
6631
187
4398
6977
3165
4672
4406
3008
5772
4401
183
6679
3808
6711
5319
1728
5871
5516
1684
3014
2555
4544
2087
3456
2477
6637
407
3458
6731
3791
4239
4075
529
5439
522
6985
520
5749
1815
1729
7013
5458
2667
5316
3754
5089
5475
5460
4766
3746
4122
1943
4765
677
7018
4282
6510
2368
2972
6511
1884
4359
6575
4581
1488
687
4079
3154
4519
218
6930
4366
4778
5479
1263
3156
4746
6564
6849
5948
5738
6493
4149
333
6922
4558
6707
6742
2917
3539
6703
2458
2679
198
2990
3004
4314
3795
3132
5161
4582
1506
2614
4076
1126
6739
3801
6718
6926
5712
443
1315
3937
1794
3240
6063
3802
2461
4408
2989
5700
6240
4317
6728
428
990
6967
1869
5313
6065
2960
2847
3782
3123
2995
4080
4413
3161
1484
4611
4298
1376
3150
5769
1337
3758
38
2185
2178
1906
350
2505
3991
6852
3081
3776
4475
4121
31
3741
4478
3784
3656
3527
2190
6902
1434
3952
3979
4580
1018
301
5398
6204
1920
3789
6896
4564
5707
2830
2848
1792
2904
3974
2997
1106
6885
1038
3957
7130
6806
2084
2911
2174
3749
370
932
3732
4512
2307
3429
1415
3425
4725
4827
6582
6581
6579
1235
6415
5595
6417
133
5775
6593
6594
141
4007
3025
586
1476
588
6019
6018
4372
4116
