6151
1415
593
559
1586
1489
5540
1118
824
5547
6341
1588
1414
1411
6167
1671
2098
161
1589
6403
4584
166
827
3055
6153
5549
3958
1113
558
164
165
2431
1425
4335
1592
4320
2808
1484
5128
2848
2844
1585
5963
6156
1580
1488
829
4587
3869
664
169
2679
2381
555
556
163
162
296
3959
3056
476
6187
1418
93
2669
6405
1676
363
5112
1662
2051
1020
3745
3388
1410
300
4236
828
3384
6155
2196
1423
1598
6243
2847
4589
2674
1582
4694
6293
4892
2675
5544
2943
4306
3149
606
4672
826
4431
1490
291
2975
2841
1273
560
167
677
553
552
5273
610
5277
2590
1416
1412
6233
1890
909
6361
1026
3057
781
5025
84
1898
2660
891
160
1419
1420
5635
1854
5965
1584
6160
3053
5061
667
5292
1027
1597
5832
5548
1454
7134
6548
2918
3332
4580
1036
112
3020
2146
810
4967
1480
1896
454
2805
4086
4089
4203
6169
3346
5597
609
749
178
3965
2678
3283
73
7162
529
2627
1424
1744
6837
6159
1897
1930
2466
91
608
1486
4581
5423
4586
1575
1331
5068
6407
3949
4649
4387
3952
5421
2229
557
3331
6371
1991
2846
5522
663
595
2518
596
566
3323
4582
5478
5542
5599
6342
1596
6103
1727
6809
4208
4047
5026
6453
4512
1754
6106
1050
3863
131
3339
1572
3537
6162
809
2800
1422
4955
3707
3337
1677
6822
551
360
3553
3274
3857
537
976
2274
2106
1202
4292
1524
5968
3336
3488
2801
1380
2602
1379
3160
5424
1892
1891
5953
6907
2604
6880
3603
4568
323
562
6661
4676
4597
289
2625
6230
3181
3120
4849
5744
7017
5556
6402
4861
3294
1000
176
3295
6310
6408
6154
4976
7021
5233
7047
1557
4231
4965
117
136
6203
850
814
3530
2980
6157
3538
5376
6184
87
2430
3002
604
4433
5354
3052
2252
2132
1270
86
6351
4272
1112
1590
2870
679
688
3059
4060
1579
6340
3570
1230
3329
592
1017
6977
7113
6313
6642
6428
2143
2149
6808
5062
5229
1383
1130
887
897
2325
2711
4085
2131
6649
3594
5269
5275
2147
4821
6074
4793
672
561
544
6063
4764
1289
3324
6003
4705
586
568
1323
4023
6452
5267
2435
1377
822
3737
4945
6165
6728
6723
1899
1213
4095
2386
5960
509
6149
6146
4856
3548
2432
3741
2664
2193
4296
7073
1594
2876
3139
3123
6852
6897
1520
1599
3122
7036
5746
1426
3722
355
3054
354
4557
1746
1865
4439
6936
387
4291
4298
5833
274
173
3091
3144
1851
1487
5800
2845
4969
6132
5969
881
1142
4468
1219
5590
6545
5356
2646
1573
5355
626
7072
4745
3638
5426
7007
2885
326
5961
6282
539
4305
4453
2353
4942
6479
2869
2364
1943
2600
4440
3547
1325
4334
4905
3928
1803
3242
853
3531
554
5972
3678
5238
2548
1581
2048
5388
542
545
1333
4430
1330
3628
2428
5359
4944
1904
1940
179
1417
6236
978
242
4603
3281
3733
5184
7131
2148
3740
3636
4825
5319
6318
4563
6306
6962
1028
1025
1023
1021
5668
1413
5291
6291
5535
2482
1052
4165
3276
4124
2717
1867
6328
3865
6227
1591
4763
5836
3934
1595
42
1895
2663
489
4235
1117
5034
4643
3849
3556
4115
1234
1100
3867
4295
3615
6209
6745
2673
6027
6523
189
6122
3544
2954
6512
673
722
670
5271
3727
1522
2434
6981
4827
2469
1769
4121
6563
222
2438
5276
3302
4123
3566
2911
7001
2059
4585
2101
174
1087
3262
7124
5067
3050
2256
6319
6366
59
915
2268
4287
4290
1119
5191
1084
5733
7129
3987
3495
1011
5116
3985
5113
5111
5162
6311
5169
4260
6316
7135
7130
3682
85
5251
3842
1131
1550
3979
799
3535
4046
4918
6164
4917
1749
3539
4914
1538
3972
1535
4915
4317
4316
2080
1576
4300
3024
1136
101
1574
5595
2108
2318
4304
669
1157
830
4314
4946
3029
6967
3784
3205
2623
6889
2581
3732
3344
3715
3322
6912
3348
1792
6801
1362
3142
2676
1385
3630
6022
4155
3734
5425
5349
564
3326
5962
4129
4527
2601
1275
4164
2657
385
3946
6963
1802
1869
2749
6872
6825
5390
6742
534
4644
386
2516
4593
3731
471
4443
1452
5888
2573
2510
5881
1376
6608
1860
907
888
898
5028
6716
4648
3718
6877
895
6387
89
5027
6605
5220
2332
6438
1729
3398
6062
1728
3184
532
854
3743
2621
2319
1339
7066
6418
3932
1345
5230
6410
1138
4083
2629
3941
5967
6679
4659
4490
1356
7078
4207
2665
48
3738
5102
2218
4201
2712
2713
4240
5105
3988
3725
5414
3278
2718
4255
3085
7153
5114
4248
2192
4583
2
3606
3677
6253
5948
5118
3862
1045
6289
3860
4250
6294
6285
1386
2696
966
5920
2672
4642
6752
3111
2137
351
5411
1864
1374
2260
1370
1861
2266
53
482
2140
6345
4149
4529
7128
34
1421
2784
5084
5093
2231
2677
4068
2142
7125
2141
1089
4957
6434
820
754
4854
3358
1193
4131
2022
1527
2409
6001
3647
2515
1482
6517
5255
2514
3713
2402
1271
2400
2477
4102
5327
3746
4895
4221
3125
1942
2026
4338
6120
1963
627
4382
5545
727
2440
1948
3200
4128
1947
6107
5847
3559
6537
3711
6533
6983
741
1946
4728
3321
1485
6105
5262
1523
4364
1534
6609
6986
3820
6055
4447
2002
2907
4389
1457
2905
306
307
2081
3330
6901
5877
2994
1167
2991
549
313
7034
6059
547
308
6061
3534
2596
275
4012
5377
7024
2095
3951
4319
4796
154
569
823
1559
2999
2998
6158
1777
668
5496
1788
6024
5637
1880
5823
5947
5524
1498
5691
1047
1404
3892
2008
2004
6040
2017
5418
1989
5420
2183
6092
1403
5278
6242
1970
2188
5650
5701
1405
1981
1152
6023
1529
5366
6204
5208
3291
3976
1722
3349
5471
1545
1350
3433
