6158
1672
3052
1582
6183
4231
4892
2381
5128
5540
355
5549
6298
6155
3873
1506
6060
5548
1588
1413
3055
169
167
4587
3938
1489
1660
358
3470
6150
6186
1417
1410
3958
6159
532
3738
6345
6343
699
1376
3053
5962
3734
7056
1720
1678
1323
165
4102
1258
3057
1585
6187
6189
1418
675
4060
5112
1486
1580
1416
5359
4237
275
489
4899
3353
2159
3731
1663
1362
1487
2130
1084
3351
6069
1668
2154
6737
1484
1746
6070
1257
3737
1414
3957
168
7099
3492
5015
3954
6152
6523
3494
166
6167
2138
1756
4447
3934
1740
3382
6749
1675
2900
2155
6994
898
5355
3733
3740
5351
2157
3736
361
367
7047
323
1904
2092
741
5547
1355
4755
5081
1353
6180
1379
6153
4753
3490
2980
594
4538
4106
7096
1343
580
1906
4585
593
4105
1664
5177
4096
2417
5150
4242
4562
4230
793
6342
544
6765
6746
691
4420
5071
3749
4442
598
1136
3748
5528
1483
3592
896
72
6169
891
3384
1513
1036
3726
6101
5350
3739
5352
1118
7125
1955
5940
5013
7092
5032
1412
5110
4362
5114
1150
5156
5545
6515
610
161
4713
2539
2347
4256
4246
4780
2156
1252
5929
1325
545
1113
6734
560
5964
6156
5688
214
2047
3935
1750
834
3747
1665
201
6438
1676
879
824
1758
5344
5260
1778
3951
2870
164
2131
556
4244
1278
5422
1288
1669
5699
2573
3359
4233
5421
5724
1321
5181
6049
1131
365
6740
3235
2486
4472
3741
4322
4754
3730
4584
5983
6768
4589
454
458
6104
4751
4582
3139
799
1990
4974
654
5544
3635
6893
3946
1411
3495
4908
3595
595
64
897
115
4095
1502
3132
584
5542
5159
7075
5103
207
1085
5543
2355
5541
424
5980
6340
1365
4534
1138
5970
5953
5972
4440
1490
1819
423
5138
5118
1515
402
6318
4531
417
4533
713
1891
4722
1444
2025
5238
2045
1333
549
554
591
782
4828
2058
4829
5426
6107
2090
6131
5230
749
5380
6505
6684
4693
5358
4724
1270
6310
4750
6306
1271
1518
4758
4759
851
2168
4972
5379
1661
2098
2981
4167
2651
3
3358
335
4364
6752
4103
3033
3743
3746
267
3432
2921
2953
3636
3565
6341
1251
5773
4265
1776
163
357
2643
4656
1517
4111
6443
3735
5170
2770
933
1363
6436
4301
1208
1226
1087
893
7134
4675
2021
5186
471
1514
1320
36
781
2146
6056
2143
1741
537
5264
5269
2136
101
7118
2579
3885
4232
5237
2995
3354
1327
6812
787
6247
1366
4193
501
6891
1677
586
6358
4194
1755
3372
2071
515
6241
107
22
5748
252
2594
3732
5949
667
4474
1119
125
4475
5025
4484
4964
3092
5371
6472
6303
5113
5016
5375
7147
2412
385
4069
1576
3653
1404
1586
2909
4066
4432
4065
3499
4093
6755
4448
3264
672
2414
6305
401
1528
2886
250
4557
6188
3051
4494
3961
4539
2510
6764
6760
219
5928
6982
5927
1936
1628
657
1634
5014
413
5361
5647
4826
1903
6880
278
5546
3075
5584
4220
3560
5625
5220
3357
1892
5093
6380
3138
1864
4844
2095
3058
1752
1352
1450
2641
2051
4191
246
6537
1357
4107
1777
6181
3500
583
582
5682
944
1938
5012
6516
4202
6157
63
573
2093
2158
688
6225
2895
2380
7034
1230
5779
4487
4485
5776
6756
1074
6255
2399
4727
1117
4728
4729
2487
3305
1067
4327
4305
5920
5357
5910
4581
7136
5984
829
5893
2358
1167
827
2315
1530
420
6700
4624
4653
552
2416
1253
4735
902
376
1139
371
2148
1128
6745
4380
353
2142
2140
1277
1137
775
2802
2132
4400
513
4776
5467
4239
1065
1259
1674
499
2818
4245
5754
6
4552
3271
6246
6041
4765
5127
5468
5119
707
5480
6182
2716
1408
3054
1601
847
5098
6260
6261
6437
2750
200
796
6404
915
2997
2811
3598
690
784
2810
198
5268
1743
103
6382
1709
2988
5501
5136
6204
5188
1524
3016
5161
724
6970
5168
160
2771
1519
5330
1784
162
6432
6332
3634
6426
209
3566
6750
4118
5615
2553
1060
506
4238
511
4777
4784
2176
4806
6614
6810
2570
1272
689
541
2134
1043
2578
6817
4816
2124
1289
28
4839
2610
2097
4208
7124
3226
1066
4725
354
1130
350
4443
4444
387
391
403
6732
405
2376
415
4324
1027
422
6724
325
4306
4593
5890
4618
5882
4302
5995
4685
5778
4296
4720
1105
6550
534
4199
2008
4922
6507
1992
4962
1980
1368
3443
4970
4110
4977
4978
4109
645
1364
1951
5007
5009
650
1920
5026
2680
1385
676
5633
1896
4091
976
2691
5077
5001
4921
3652
2042
4918
3145
6290
2023
614
1318
1350
4917
3433
1361
1317
2937
5482
1533
1110
1035
1532
5698
1109
6154
3485
13
7104
5555
1112
7067
43
5639
1156
1102
5667
1132
5469
5966
6209
5693
1575
5427
2
3493
869
3383
3321
44
6036
6059
1505
6249
1061
104
3307
3605
5598
5741
1273
6244
3309
1488
1058
2999
1072
6025
5987
3352
890
1287
5989
2991
5880
3386
6184
1083
87
5810
1358
6151
926
5985
2950
1764
1581
590
587
4198
4891
569
4831
276
2110
2599
2113
558
2592
2577
538
6816
2571
4235
4236
298
2624
6833
599
2646
4072
6462
6463
1897
671
5028
6837
1937
653
4772
4975
1973
6500
6504
2001
7019
4117
619
616
2026
4965
696
4762
307
2345
6763
4312
427
2507
4535
6759
2374
2492
4490
397
2489
4459
383
380
6744
4393
2437
4416
4567
4568
326
4307
4248
494
4734
2222
483
4726
481
4723
4699
4757
4691
4667
2276
4664
4657
2285
4617
319
4588
4586
2257
1847
6510
5288
1670
2824
3867
3869
5310
5309
5277
5266
1711
5241
6904
1753
6412
5194
6418
183
5183
3834
2858
5387
2908
2898
6301
6307
1623
