6165
1425
1427
175
606
1426
1592
1880
667
4165
1429
4169
608
1420
669
5292
665
664
5061
6162
6403
1422
6402
609
6407
4203
5147
4161
1671
5062
1593
6161
6236
5291
5068
4208
3892
1597
3868
5067
1423
5629
4207
2409
176
1234
4959
1596
5295
4249
2943
1599
177
2947
1457
178
6410
569
4167
4205
1594
5145
7028
6169
5522
2200
1598
6160
562
8
668
6168
6166
4162
1000
5065
3295
4019
1590
4168
1884
5626
4164
661
561
2203
0
1421
5069
1040
1595
6365
1906
4200
2405
1087
4163
9
1887
174
2206
5627
4468
1881
171
5028
6233
5060
3002
6405
4090
3135
4156
2209
4166
4655
1055
1885
3004
605
1882
179
170
1907
6239
5102
155
3055
1424
6418
4083
666
356
3555
7020
4013
4244
4017
1082
601
1086
4087
6400
3518
5937
5064
6415
6163
6495
3133
172
5622
4460
3005
6237
3502
1591
5148
1083
626
2495
2500
23
3606
5141
4243
4012
604
1393
4248
1428
7023
4245
2944
3842
3507
4465
2581
816
1398
4466
4481
1053
5
7027
5025
4469
4430
3463
4241
4462
1867
1986
4082
3865
4010
6695
5554
2201
5621
2946
6865
2942
627
4240
603
4247
607
2497
4155
6270
2444
4121
3554
2808
2390
1088
6243
5113
7129
5660
6404
1568
1047
3313
173
6413
3289
5294
2226
3464
5066
4204
4179
3600
6854
1866
3466
4656
566
1312
6232
4334
6959
2222
507
3
3347
4431
1
6861
106
2
4016
5010
5525
6625
1451
289
3214
3816
1777
4184
1310
5107
3505
4003
4337
1292
5553
4312
6401
3561
7125
6035
2440
144
3519
563
1158
1587
6408
2548
4084
5190
3035
4081
3399
3398
4256
2403
6953
6327
2589
5833
6329
2540
6344
3552
7163
3349
3566
6222
6478
4464
2578
487
663
2383
4572
350
4461
2449
887
3679
6494
568
4650
2273
6212
4153
1900
4023
5146
1351
1359
3104
1572
1297
4011
151
222
4214
4918
3314
4126
1989
4206
7123
4414
1981
3132
1941
1984
5574
1239
1910
4955
4160
2205
2870
1308
400
1302
1219
5265
4189
6219
3216
3220
2678
5248
1641
4482
1005
6223
2067
2905
5144
1485
4315
7006
4944
2588
2973
7054
4253
7055
1904
3207
3551
2622
4246
5101
2555
5105
5106
5109
2906
2077
6479
6958
2499
4957
6807
351
5560
3370
1674
6754
4000
2276
2362
5496
27
2330
5532
3851
3853
6151
4956
5536
2287
280
953
2783
966
1193
4127
738
5572
5596
3413
2250
1469
3946
3948
959
5600
4355
2558
1516
5542
1392
1400
3553
6275
1914
5024
5550
1737
4786
5618
4954
4946
2264
3905
6364
5620
1913
3898
948
5696
5663
5431
1637
4504
4097
2065
4677
2429
2066
5412
2442
5278
5995
4137
5372
6110
4158
3620
4078
4059
1869
1131
2298
5131
4885
1348
4585
6240
3815
5170
5104
5172
2381
2382
628
5855
648
4039
1294
4047
5506
2229
5764
2913
3218
3097
7033
2949
2620
3139
59
158
3149
2909
2917
3374
2940
3344
3259
3343
3136
6419
204
7012
3039
3416
6471
6226
3465
1221
3883
3371
647
6224
3894
1886
2278
5678
3872
1890
2271
3949
4886
4151
2629
3934
5616
962
4884
3360
6804
333
2547
1707
5339
950
6034
2270
1342
416
4209
662
1676
2492
3691
3628
1675
3688
1648
6129
1309
1304
5994
3666
1290
4433
6569
6014
2447
3414
4791
7113
3217
7018
5179
888
2625
3256
880
5282
1864
2841
5232
1861
2951
2393
5254
2504
5874
817
2399
702
2874
597
622
3165
5535
93
7
4149
3182
2781
4006
4943
4525
552
3310
2972
5134
5551
1909
7024
4005
1534
3178
4018
4965
1509
5084
5477
6954
2963
5435
2605
2603
2602
5504
3522
2801
4566
2168
1530
1533
469
1908
7007
5576
1010
4984
2572
2223
4927
3341
6468
5391
6650
7070
2574
1357
3156
6463
992
592
2230
4657
5397
3342
84
6011
1893
4057
1916
2448
7014
4978
1856
6784
1857
1084
1476
2859
4964
1645
3693
4345
965
4275
2443
4790
4144
4053
2441
5979
1501
6863
4182
41
5878
4394
5468
2254
4889
3400
1898
6859
1550
4987
2329
1912
6806
6624
2327
2326
4882
5330
5570
5312
5289
906
55
5695
5691
1905
1050
3372
6683
3864
6808
3094
3263
2395
1931
1888
2843
4120
5007
5526
287
288
5868
1902
2060
5856
3990
1863
5800
5797
3793
5784
3827
6820
1612
3270
7046
99
4381
3950
4293
625
2502
6549
6215
6216
476
6491
6458
3462
704
3623
3503
2591
652
651
6501
2657
705
6961
2872
692
6273
3546
4654
3609
4645
5185
7160
6325
6293
7145
1411
2579
4463
3504
2675
25
404
2490
2498
2941
6098
504
1299
3526
624
7158
2461
4457
508
4439
6231
6235
4675
3653
509
4612
6238
3514
2534
2918
641
1800
633
3567
1573
6642
986
1566
4887
343
5140
1897
1002
6250
6269
1352
3031
7021
3559
3479
6466
2093
342
2091
6474
3501
963
964
3500
6634
6637
98
954
4502
5610
1581
5608
1418
5055
4154
3941
620
1706
4227
337
340
1662
1579
4658
1184
5558
3154
1386
3285
6391
1099
4615
2173
6752
1089
1739
6
2793
4108
2791
4619
2908
4041
283
4043
4045
4063
3513
2915
5456
5458
3028
4958
502
3277
5473
5474
5476
4052
1508
1507
1503
4015
2902
5530
5557
4216
6291
1551
2759
1553
2617
5396
1557
3993
3992
6286
4649
1559
3986
1549
3317
5137
3113
6351
2784
2586
2002
2971
6431
6328
6454
2900
6323
3163
558
559
1048
1045
468
4122
7076
3675
6921
2688
4255
4963
819
2394
5194
1860
3392
3770
2387
2507
4743
5853
5850
682
7019
5263
1464
6541
2361
5806
2875
854
1963
3788
4830
4307
5836
2377
1253
345
4389
701
2402
3395
4792
729
3658
4455
1301
7128
3678
7004
6112
6091
1296
4780
