6165
1426
4169
606
1422
5061
4161
1429
6407
6168
1592
667
1420
4959
4165
1423
175
664
4168
4207
665
4203
6403
2943
4164
1425
1427
5062
0
609
5068
4167
1457
1880
4249
669
5292
1671
6162
4162
4245
4247
1593
6402
608
1599
5145
1597
6163
9
6239
2947
6161
6236
562
3892
1596
5067
4208
1594
2203
4166
3295
5069
4243
3868
5522
4205
1428
177
4248
1590
178
668
5060
8
5629
5147
1598
176
5028
5065
4083
5141
1595
1234
4241
6169
4244
4160
2200
6400
6404
3002
172
4082
5291
4246
2409
1421
569
171
5937
5295
561
1312
2206
4200
1887
4087
5064
607
1424
6405
4019
170
1884
7028
6238
3133
356
1310
4012
4468
7070
6166
2222
4240
1907
4090
5596
1000
5330
601
3466
1941
1906
661
4242
174
2940
4163
4179
173
4355
6222
6160
6235
1087
2065
626
6233
3688
1158
1386
4460
155
5344
1675
4482
2230
1040
2123
4081
5626
1674
1490
204
2405
3948
189
2298
7020
2264
5468
4952
4465
3289
4481
1351
1359
6478
4206
624
3004
605
2808
6839
2201
6642
5525
1083
1855
3463
280
1881
3851
2270
6625
6410
888
6650
4430
3606
6771
819
4084
3551
3360
2946
2495
2555
6125
6134
6091
2963
7055
2944
2999
351
2548
2906
3894
604
6237
5102
3347
1485
1392
596
1910
6494
663
6471
1398
5764
1898
1899
6275
1088
1574
1053
5627
6365
6705
453
1882
1612
1885
6413
6243
6415
350
5689
6806
2121
4121
4153
4156
5025
3158
3268
5278
3566
3554
4439
99
3464
4987
2620
3555
3793
4650
2821
2909
2126
5
4786
4656
3842
2581
4655
4039
2209
4799
3898
2075
3035
1342
1093
6276
1142
6133
6151
1161
4615
1184
6227
3256
3217
3214
4657
7076
986
382
1
559
2
3
6
6695
3912
603
4052
3853
7133
4184
3691
3671
6605
6604
6569
817
7128
3587
6418
3571
6408
4315
963
4676
3413
6327
3403
98
2973
5265
5144
1591
2751
5602
1503
5982
6933
5967
1890
7023
6783
5238
4957
2297
2353
179
2772
239
5055
7007
5148
333
5678
2783
5504
1393
4791
1451
2394
802
887
3681
885
6624
3622
692
5169
4214
841
2382
4210
816
5170
2383
6110
666
508
5501
5506
2127
3973
5526
5394
1935
3946
1931
2185
5600
5307
4055
2226
3811
3776
6649
6446
656
5191
3693
3758
2444
3573
4474
3270
2749
1522
3263
6231
1494
4505
2756
4553
3135
4572
3097
2779
4654
4843
4823
4790
4767
3039
6117
1348
2949
4464
4454
6240
5924
5691
1737
1734
5784
4308
2954
3504
948
5104
967
5066
4275
5881
6344
4394
1615
2497
1055
1086
4414
2618
4977
6273
6270
4391
3191
1989
151
6967
52
7056
378
222
115
325
7119
7014
6860
2067
4255
383
2271
1099
7078
5893
5254
2287
1639
4963
4844
6351
1017
2501
2791
4487
4965
7113
6269
2499
1225
5536
2870
4307
1190
6228
363
3005
1798
1867
6917
307
6882
304
5546
3277
3561
5273
1986
2250
3055
1616
662
6634
1777
3835
2688
6865
6454
4151
1707
2387
3754
3755
7006
6609
2727
4911
2725
808
289
6599
2424
6562
1904
27
408
5738
2367
6430
5572
5535
2330
6632
21
5194
966
962
953
2773
999
7054
6401
1766
3845
5084
4189
2361
23
2681
4063
6424
6394
5621
2252
291
4016
188
2907
3414
2912
3993
3992
4337
2590
477
1292
2617
1302
7
3502
5397
1533
5953
2588
3358
4760
4352
6124
6754
2971
2991
2586
3402
3398
6120
5665
6112
5940
358
567
3424
4000
3368
5622
142
144
4469
1253
6012
5435
2550
6807
2951
558
5462
6772
6958
3505
2952
3342
5476
5477
1466
2077
1936
1492
50
1678
1411
129
5491
5162
3416
3419
3344
3229
405
5820
5822
5995
3411
6409
1399
4137
3400
1914
1913
1912
4915
2961
3778
4113
5122
6941
2429
790
7061
3367
3187
4097
6528
3218
5135
3362
6451
3726
5486
2381
1704
1945
2084
4126
2390
6495
2395
3757
3759
2732
1917
3363
1381
3003
960
2237
3552
2849
6242
4677
2245
6254
4466
7090
5271
5949
2254
1984
1610
3582
1294
2268
5372
2017
4293
2229
3518
1243
1568
1246
5919
2873
2872
2205
1096
6215
1191
7038
5542
6232
4302
4793
6890
2904
1194
2066
1084
3600
5508
4204
990
5431
55
2893
5581
5197
6111
4501
2777
5503
969
4379
965
2941
2984
59
2031
1511
4856
6308
3314
5879
7123
6122
387
1047
2021
1082
6961
1516
3454
4852
7129
3650
2311
5855
5979
2805
1949
959
2638
3132
2589
3092
2578
6646
4948
6629
480
3095
4069
642
4057
6644
651
3950
2554
2615
1893
6794
3952
4985
4983
6820
2657
6852
3857
739
617
644
168
6802
4053
652
4967
3815
4964
6808
454
5054
1871
2462
1800
7027
568
4027
1738
4623
628
6656
566
2594
4556
1857
3144
6597
4051
4059
6927
3829
3933
2513
5262
5263
3481
997
3930
2784
4820
991
5553
4566
5395
993
5396
1732
295
3156
3242
5190
2671
951
3850
954
2129
4859
3312
3467
5706
1219
5963
964
682
6265
1676
6266
4502
5961
1221
5909
3855
3138
7018
6637
426
2500
4334
620
2629
6916
6645
6324
1969
3519
1549
71
106
2900
359
2278
2998
3608
1552
2546
3269
5930
6296
5616
3297
6198
6965
3513
1089
1091
4830
380
5532
5248
1005
6328
1048
5222
2625
1534
4010
3865
4216
1016
3310
7093
2515
4485
3465
1649
1648
1860
1963
3304
1965
2801
2627
3501
1641
552
1274
2002
553
1044
1045
4619
1638
53
3458
5551
738
5538
3408
6661
368
2047
848
2605
5005
3791
2393
3883
854
3207
6224
3285
2644
120
4127
3934
4041
1450
5044
2746
4149
6468
6466
1390
3792
6463
5458
5138
5010
803
2592
5109
6234
4431
6959
2724
6536
