1871
6691
4570
3062
3212
3513
1874
3064
1872
6692
3217
3232
1456
4576
4579
3230
3216
6697
3214
6696
2777
1876
3210
6795
2772
1873
3231
6177
2770
6171
6284
4271
6792
3219
6392
5226
1659
6811
4745
1879
6391
2776
5915
2540
3581
3580
2662
5450
6699
4329
2669
6393
6281
3218
2779
4572
2735
7140
258
3586
7143
3589
4342
2771
6790
6791
6794
3588
6394
6288
2773
7086
988
3209
3207
4683
4747
3049
2331
5225
3113
5910
5001
5652
252
3238
3254
3208
3583
6057
2199
3555
338
2668
2541
4213
2690
2553
3203
3424
486
7082
3250
2739
2067
930
6558
981
4575
6173
4356
6525
1530
2309
4573
5559
346
5913
3201
5227
4905
5309
3200
2552
5566
6801
985
217
4348
3280
7122
5601
6445
2065
1650
6157
6540
3001
1939
1714
3716
3742
6127
3031
3206
1948
6176
4571
2330
548
6309
6871
6300
5005
6286
5564
6480
1812
2561
2568
6178
7018
6224
4376
2634
4508
5284
1012
5675
6559
7144
3575
211
2879
693
2702
2938
2778
3205
3521
6937
6805
3197
3159
5212
3104
6797
5202
5542
3086
6908
5506
3047
2329
5125
3038
2307
3422
2300
2071
645
3512
3030
5912
1870
2753
6280
1663
4341
4158
6581
6175
6179
4816
6215
6254
894
4685
7084
6449
4143
6398
989
987
1220
4456
4457
1793
6798
803
4742
2574
4748
4578
2605
4452
6214
2367
4270
3368
3074
1791
6524
3067
5117
1739
3065
6529
1616
3060
2817
1788
1877
3237
6399
459
6387
4159
6328
6327
1166
4169
3211
4648
6307
6269
7089
5220
4181
5224
4445
4996
1807
2550
4225
819
6679
5653
6282
3638
3449
4357
5047
6759
3790
5490
1706
3559
2953
5905
1967
6102
251
5359
3764
5484
986
5456
3497
244
6747
1881
2156
3587
7055
3044
2860
3035
1010
3037
6535
892
2774
5436
6571
984
5409
7158
6853
3187
6549
4375
5563
893
2754
4379
6809
2666
2562
4372
2660
4518
46
2845
4345
4347
5498
3082
5289
2775
6886
5550
2584
4497
4249
1053
2851
1082
1095
4340
7121
2704
4371
2549
5281
1902
6367
1941
752
3567
1577
2327
3864
6170
2302
1615
765
5715
2280
3445
5773
5029
3202
2154
6987
4923
760
660
6989
2062
1664
2060
1669
5900
259
7046
2337
788
5904
6732
1350
6320
3213
4998
6949
4058
6003
7085
3653
6043
4771
6802
6676
1767
6803
3672
6073
1916
6258
1709
6690
6083
3239
3258
7033
1961
711
1673
6014
2733
2743
6116
1875
696
1878
5914
1726
1705
5465
2155
2043
878
6626
6302
2471
6466
6475
5606
6276
2555
5655
6266
2565
2567
5659
653
2418
6793
2333
2622
2633
1052
2320
1013
6153
2667
2113
6536
2070
5499
5495
1515
6004
3584
4939
35
5079
3456
3812
3962
4506
4738
4880
3089
7004
7083
4658
7116
4899
5132
3572
3710
4175
3195
4168
3204
3215
5192
5205
3576
3522
4646
4641
4642
33
3960
179
7013
268
5287
4384
4373
2874
3930
4370
3479
5374
4778
3519
4868
253
4354
5417
3478
4644
4964
6665
6217
6110
1914
5903
6304
3907
3574
2390
4819
3350
5664
1344
2411
4647
2414
1887
6326
6188
5926
4777
1636
6222
2134
6220
2118
5074
3552
6698
1501
2200
4721
5781
2232
4033
4689
1455
1440
1666
3440
2286
3438
3429
4687
4686
1668
4049
4680
2322
1933
642
5135
2338
3226
324
7014
4500
7028
36
3046
3048
4505
6543
5283
4281
6523
1027
6520
2607
6587
1337
4516
5268
2707
2731
453
2847
965
2863
4458
948
4477
2941
2873
2877
5413
1794
6546
6851
6045
5370
6556
1060
4574
1070
5009
1062
4170
2535
1165
5580
1169
537
3578
4153
3577
6397
4634
864
1257
690
2498
5561
3524
6476
705
4244
1733
3116
7012
1730
72
4931
3144
1724
5007
6714
1736
1614
4869
4887
4938
4875
1719
4893
1768
3823
3744
3712
177
3781
3719
4950
3824
3702
4999
3867
4150
1170
1168
1162
4180
6609
4617
4609
4228
1099
1097
7096
4243
6497
1058
6503
4247
7132
6537
929
996
4498
4378
6575
898
1259
1300
1329
4838
3901
3909
6193
1531
3951
1505
6223
4005
1482
6265
1431
4045
4062
6283
4673
6287
6296
6663
4653
4649
6306
4103
6317
4112
6711
7026
6569
5678
5754
2242
3451
3176
6930
5228
2197
5236
3137
5246
2168
2162
6986
2560
5638
2061
5063
6919
5263
6761
2599
2603
260
3180
2305
5093
5096
5216
5213
3256
6796
5656
5657
6953
3283
6952
3298
3307
5901
337
3317
4989
5142
6804
5590
5130
5129
358
3196
3383
2319
6968
5530
5260
5906
2944
5410
5020
5389
3034
6837
3570
3571
3615
701
5004
2737
6848
215
218
5282
5930
2663
5356
6910
2865
2627
6831
1974
4993
4994
3528
6994
2869
710
2853
5607
4496
2940
982
2502
4494
2761
1244
2767
6400
5217
4407
5605
4144
2745
961
1174
4157
994
2538
2564
3112
1079
1077
6492
3109
3118
1068
4551
5280
3099
5269
5279
1037
3061
5562
3041
3039
1164
6542
1163
3190
6513
4182
2558
2964
2542
5340
3025
1131
4501
4197
6457
2450
1780
3234
3785
5937
4888
4883
1950
3811
1970
5916
1630
5036
3526
3525
1612
2012
3868
3520
5046
2028
4817
5962
1919
1915
3573
4991
1773
1772
1830
6066
6067
2810
1848
3619
3503
1856
5008
1717
1715
3579
1882
1893
1701
6093
1911
3699
4640
3492
3488
6273
6275
2306
5126
2328
4656
2335
6299
1382
5673
3308
4098
6308
3284
1349
2419
5207
1323
6352
3419
5743
4040
4039
5067
4775
5856
2126
3952
1524
2130
5827
3953
3931
2176
2193
4730
6242
3455
1479
2226
6256
2243
2261
2184
2813
5788
288
7118
912
204
6800
487
216
7124
7129
772
541
6808
241
39
673
928
663
250
565
6589
625
613
6739
158
804
7081
751
114
7087
7088
641
643
644
