6188
5355
5357
3493
5352
896
3497
5358
893
3353
898
4722
361
3357
1720
3499
3635
5266
2113
6186
890
537
1208
2154
2153
3264
1325
5351
4448
3351
3492
3354
6104
891
3359
1272
580
5353
4728
1277
3352
6189
895
2159
4899
1323
2134
2117
5269
7099
6833
532
319
4753
1329
2151
1752
582
6185
489
1634
6836
1011
892
6101
899
1636
3495
3494
3145
5015
2152
5093
1726
2155
3356
5682
3591
6181
6180
1488
4447
1750
1753
3382
518
6982
3496
1320
6100
6737
5379
4723
2112
6730
583
5359
3498
1207
2158
6837
6182
933
5375
1036
2716
534
2111
1321
1328
5098
2143
2116
1182
4892
584
2130
4752
5264
4720
2110
2119
2092
5380
1635
5683
5373
2137
1756
3631
3831
3935
1762
3490
3383
3636
1757
6736
2510
586
2144
1633
357
6106
6195
1327
3959
1992
897
3837
598
4721
5014
4665
699
3350
1278
2360
1524
2851
850
3143
6183
6984
548
6157
698
4724
6107
367
2142
2058
2840
4729
2132
539
1755
822
3953
2118
5229
557
5009
3954
6579
2136
5268
6825
1326
1576
585
5279
4610
1322
2114
1746
1371
5283
676
589
4866
385
1582
1754
430
3029
2055
1499
3934
3590
513
4758
7040
2098
1575
2025
327
2095
512
4861
298
3386
4828
3951
5019
2115
944
2635
639
6184
2651
872
91
1177
619
2156
3010
5964
616
1271
3042
6515
1324
3153
2981
1201
6940
6575
214
3384
7062
5378
613
5614
1722
6099
64
5371
1751
2135
5420
514
894
3937
2386
2879
1276
211
6937
318
4998
994
2516
780
3086
1405
3016
3262
4143
3061
2848
5350
3109
809
4492
6584
4440
6159
7111
2024
1842
1033
1895
6747
2370
6486
4119
1049
1067
6505
379
3936
1200
996
6508
3432
6834
353
4362
824
5017
5356
4750
5220
5284
1973
3075
3677
529
291
4727
295
1444
212
3834
2141
218
5081
5063
4755
4756
5006
105
4826
5361
6926
581
4144
5340
4862
263
6191
2643
1586
1669
7005
788
3972
3592
6414
6342
1848
4014
5095
556
789
3140
5128
1997
4095
3126
4110
4992
4991
6247
5001
4822
4797
435
4397
6572
1724
1487
4733
915
3914
4456
4475
618
2012
515
2995
119
1311
305
1678
5890
103
5421
3328
1727
1735
5480
5481
1749
4754
2752
2146
1660
5581
4751
2145
6060
1745
4345
1742
2813
2842
3051
4324
2011
675
3667
2372
2217
2384
1979
3366
2015
3106
3277
2090
587
3060
3059
3014
2998
3404
3572
741
494
2737
2646
6830
6920
744
2514
6985
6939
2780
1928
1729
2292
6105
6686
1632
1821
267
6089
4824
4798
1758
6731
4256
5938
106
1661
5434
4734
6786
5591
5584
818
306
5688
5515
6127
297
4357
5485
829
5475
111
5849
5739
4068
5588
4036
4949
6306
6312
6534
215
1031
775
6448
6485
1523
5088
1497
1495
230
852
7095
6300
5224
6131
6158
6763
6558
6559
410
6187
35
1481
4864
3047
5267
5533
5422
3144
1403
5399
1337
210
1447
5167
1334
217
1446
6587
5647
1136
6197
7097
7085
1038
6936
6305
6103
2174
2381
6470
4
2300
670
2274
995
2175
69
6092
2149
5658
5681
5692
5701
2990
5746
5812
612
7063
614
5946
2847
6571
6053
1250
6063
6086
5589
3157
3838
5082
6740
3440
3679
7134
4260
761
1748
762
2038
4297
354
4299
6776
4322
6707
4342
4296
4142
792
765
3957
3595
3594
1858
3634
3938
3558
1831
4091
1826
781
1996
4118
3931
4140
3672
3491
3946
2053
4348
6841
4432
3871
3833
3870
1603
1584
2096
3830
1922
3228
4908
550
551
3226
1506
6862
2097
1659
4803
530
4442
1929
4477
1699
4491
4600
3811
1668
521
3355
6790
296
528
523
6764
2291
680
2177
766
683
757
7096
997
2218
1485
7082
7043
1627
1413
1644
7058
875
1346
1647
2056
1333
1332
1665
1892
1714
2140
2045
1273
1264
7066
1236
1206
1763
782
1847
1849
1156
2138
1266
7169
4506
4617
300
290
4735
4738
4746
4820
4825
4837
257
4873
4891
6669
4993
4994
677
5003
320
4446
4060
4094
4099
4117
4128
4132
376
4228
4234
4272
4295
4364
4380
4409
4441
4490
5005
5047
5213
80
6084
6109
6570
6156
6173
6193
6200
6207
6253
6283
6317
6529
6517
6521
5944
5802
5779
5742
205
5263
5274
5277
5285
5354
5377
6759
5382
5450
5467
5488
5513
5586
5685
5741
5411
6793
7091
3405
3599
3222
2388
3531
2422
3223
478
6935
3201
483
3250
6904
6905
6919
3409
536
6932
522
546
2332
3380
2789
3196
611
2299
3113
3640
3065
2955
2982
5306
5787
1319
1317
5743
5321
5336
5740
5689
1316
7059
2988
2960
2691
2849
5595
2845
5594
2745
5413
5571
5818
5428
5509
5498
2809
2803
5494
5674
2750
3707
1286
2341
1130
2220
6555
6546
6241
6252
2259
6297
1037
2296
6543
2286
6436
1009
1008
998
6476
6507
2290
2294
7077
6585
1155
2411
5882
5894
1415
5924
2526
5977
6578
6577
6576
6042
6046
6056
2519
1226
6069
6070
1205
1203
6097
2427
6137
6192
3020
5008
5214
1823
4113
3535
1801
2020
4134
4137
1759
4141
6742
4158
6735
990
4238
4269
3468
4290
6835
4298
3597
4093
4092
1828
3673
6791
3839
3858
6775
6769
1921
1900
3904
4340
3933
3955
7000
3978
3979
4034
3611
4067
1836
4069
3952
4347
1741
4371
1607
3203
4879
4904
4917
4964
3159
3139
3123
1630
5002
3100
5007
6809
5016
5083
1483
3053
1479
3022
1520
5242
4836
4827
4375
6838
4420
2052
4443
1708
3327
3324
1672
4832
4509
4668
3322
1664
1663
3300
3273
4781
4806
3227
6690
2293
6523
7143
871
451
458
20
460
312
32
37
38
279
684
531
259
673
252
101
216
209
208
207
200
7161
615
339
