361
896
582
6189
5351
5355
5352
1720
3498
4753
3353
3635
1321
3493
5358
6180
5357
4892
3351
580
4724
532
3934
1750
2154
584
6982
891
1272
3354
537
6188
2651
6833
6183
890
6181
4899
2159
2155
3382
5269
3499
893
534
3492
5353
1756
898
2110
4722
1764
2092
3497
2646
6186
1325
3352
3935
4750
6332
3264
1746
6104
1487
5015
364
1323
3494
1488
6159
6837
3357
7096
7048
895
2112
4448
3495
5340
5350
6182
1011
586
1182
1634
3957
2153
2130
1757
5014
6197
1752
4728
489
5682
4487
319
6330
3591
331
5540
3938
699
1405
2111
6737
2114
5025
1208
2134
1326
3990
6305
1276
1742
5890
3350
3359
1502
28
3496
797
3631
3356
1904
5017
2157
3490
6306
6730
351
6185
5093
2151
5377
5373
610
2090
4447
4482
6343
6131
1329
2098
3636
4755
6158
7092
1575
2716
3953
355
1327
1588
2849
5111
2136
6101
899
5306
4442
2381
1506
4095
1320
933
2117
3595
5279
4054
1672
809
595
5936
2152
1582
892
556
995
4306
4489
781
350
4915
3707
2042
1745
824
5380
5379
2025
6318
2137
1200
2514
576
2840
5091
5513
4440
6156
3549
992
167
2177
4912
4911
5224
1753
5013
3831
4723
3958
6107
757
3037
2158
2757
1207
2095
1352
3052
5266
6838
1678
2282
4483
4480
4486
5128
5283
4420
5136
4411
1484
61
581
2049
894
2143
4913
7118
5375
5567
1751
2476
519
3931
166
518
509
787
789
3871
793
796
3139
3839
4914
3995
5548
2289
3594
357
2848
3169
425
4582
2097
1748
4894
1322
6298
4301
7099
1581
1358
492
3338
2142
1271
4919
367
6194
548
6202
2642
552
481
2119
2281
4756
2156
3428
2115
5964
6184
2113
5929
3277
5905
5909
1725
2751
298
3814
91
3951
1486
1444
1049
4248
2703
616
2656
5288
1508
5277
4231
1413
1758
5648
698
5869
4152
5742
997
3972
476
6342
6100
3328
3324
1749
1084
4044
6897
7097
780
3954
3838
4917
6146
6825
3634
3145
3126
5689
1584
3955
4720
2411
4754
514
515
6817
1038
101
530
3946
4948
4093
3837
2756
5370
4509
2750
2990
1528
6241
572
1660
5120
994
5917
897
5127
1524
3592
2273
2680
4457
1328
5172
4300
2027
6736
6836
5904
5946
4345
5264
4346
5267
5514
341
1372
2879
4837
3347
1033
3640
4831
1270
4824
838
3204
3200
3271
6391
3196
3765
3834
2361
540
4726
3223
3590
881
619
4417
4406
4378
7040
4529
1156
4352
1201
3307
2835
1128
7068
3992
2482
999
7066
3034
529
3057
3058
3085
499
3206
775
5688
4891
5047
1762
1895
1324
2132
6340
2218
106
6880
169
4898
5541
1729
4901
214
1726
164
6246
5588
5356
2231
5139
6109
1585
5362
1485
2040
1277
6977
5019
6166
6348
5589
2149
2288
3140
5098
3127
555
551
1755
1754
2491
1036
5757
7062
830
5614
1899
4008
184
5371
5378
5399
4303
6319
4296
5468
2018
1136
258
690
1383
7134
1376
5501
5305
4443
3980
2116
3997
5170
589
736
3959
4024
598
4091
1371
6303
2986
1408
1414
385
7038
5011
4937
4725
496
4733
4922
5934
3548
5937
4751
1521
480
6049
6393
3491
2261
2360
932
6086
26
3355
6144
1576
451
7073
3345
3596
870
5923
4371
3203
4981
4618
3205
1743
3273
115
1489
4370
3835
1115
5830
7080
1623
696
1112
6521
4873
710
3305
2950
6173
2013
3826
4364
7065
3201
1032
5415
3334
5829
3383
944
4256
3818
3467
3475
3531
2024
3534
161
5866
1908
5908
5906
5583
875
5586
1499
5625
798
3055
3936
1819
795
782
3599
1004
5596
6300
1503
1417
5683
4072
3545
1627
1635
3678
6529
3644
5951
3143
1490
3647
993
3742
3033
3993
5549
3538
4124
4567
2644
335
2583
2248
4430
4916
4624
611
6815
4446
5300
275
5123
4897
6816
5137
5274
407
2645
2402
1357
4727
2246
400
300
4459
4485
6819
408
1247
4758
5041
2495
348
4829
2728
4376
352
549
547
4380
2726
342
545
4550
2150
4586
6412
5359
4893
538
531
3673
4589
4372
2493
5864
1483
5740
828
3272
2480
1205
6614
5773
2203
4964
1311
369
3270
5009
119
3726
5036
3819
3822
5797
523
5718
5715
4610
1318
5746
3262
3263
3202
2473
392
2467
1317
641
5885
6053
38
6060
6074
6174
3482
1589
4814
4890
3322
4821
2302
3326
6048
3425
3421
4823
3384
4885
6106
3372
2301
2300
1586
2283
2286
1564
1278
6088
3306
915
982
1734
2213
5900
2404
868
3597
1782
4732
1722
3574
5931
488
990
4740
1668
1663
5947
2247
1645
4752
4908
3544
3542
3279
3540
3300
3532
912
2386
6406
4929
3336
2497
1387
2855
2856
2012
6311
6755
691
2891
4195
5320
2011
6873
5303
2954
5275
1096
4456
4092
722
4458
724
1087
6297
5481
5229
4232
624
644
640
5367
4363
5364
2776
2044
656
4322
5418
663
5419
4304
2720
5422
2803
631
5361
2830
4269
4413
2691
2842
4418
6341
4449
5103
2623
7056
3056
3039
1896
4530
338
1889
1887
6167
4497
6791
4512
5581
788
566
3947
1882
3054
3124
5594
3870
1447
3053
4518
3948
3937
3016
4528
1836
2841
2022
1622
2700
2379
2365
3010
3320
2316
1273
3335
2046
1571
2285
2284
1860
2292
2045
3330
1039
2722
3113
3329
1150
2801
2499
7037
2026
1891
1892
3167
978
2388
3175
1500
1938
2172
2641
996
2215
2403
1091
1089
1416
1728
1355
2210
1370
6696
2413
1083
1977
2093
3021
3008
1410
1626
3036
6814
1744
3304
6840
3298
1897
2898
1117
1523
2141
1907
1114
1110
6702
1102
2975
991
1099
2981
1788
2400
1507
1094
1777
3084
715
6292
4944
3998
6310
213
4400
191
5467
4393
5427
4028
4950
5410
5395
5465
4386
4935
183
4857
