896
3493
5357
5355
3497
6104
1720
5352
582
890
6188
5358
3357
580
891
3352
6189
2092
895
1323
3492
899
3499
2134
3353
5351
3359
534
1634
3635
584
5353
1325
5093
6186
5380
4722
4899
361
898
6982
537
3264
893
3354
2651
6833
6181
489
3382
6180
5350
3496
1011
4448
3351
1321
1208
1272
2155
2090
2095
3591
6183
4753
5015
3594
6101
5264
6737
933
2143
3495
331
6185
1329
2646
5359
2142
2137
3384
1746
6197
699
2716
4892
1320
2097
3350
2154
6182
532
552
2132
3636
1752
4728
5266
6837
6109
1207
1277
3631
1488
3356
2159
5375
892
3990
7099
556
3959
2153
822
2117
5682
1750
6157
1756
1895
616
5379
3498
2119
319
2113
6107
3490
3831
6736
1524
1326
1502
5340
3837
897
1276
2152
6332
2516
6106
518
787
5128
2146
2643
1751
2131
5283
586
2130
1182
3953
5269
619
6187
1271
2110
2098
5091
7092
1499
6184
850
2140
1201
3599
2141
4447
6730
698
4874
2840
4750
3934
3935
3936
5513
2136
2114
2476
5267
789
5279
6836
5371
1745
4733
3172
781
3494
1036
585
4345
6100
2111
3145
2158
1725
4724
610
5964
2151
91
583
2112
7096
829
1726
3301
4898
4440
1033
6330
4529
1200
3324
3300
614
809
598
2042
4110
1328
4034
5378
691
581
355
4118
1584
2149
1742
1722
1699
1636
4442
4528
5581
4908
1757
7062
5589
1528
3592
2144
1582
2981
3037
696
2656
4861
2642
3113
3058
4256
3271
881
300
3951
1049
529
5485
2025
6880
7066
1753
5373
5685
2115
1270
1413
1266
5274
1758
3590
7167
6984
6131
5614
3597
3839
40
4346
3140
339
3634
1748
1576
2691
1327
3126
870
551
3273
550
5594
4610
429
3938
2701
4411
5303
6191
4720
2411
5103
392
796
613
5135
5098
2147
3707
4907
2967
4014
514
2849
690
3954
894
6195
3956
3302
5306
3017
2282
1278
994
496
589
2460
3134
6312
7159
1324
851
3121
1156
3869
3059
4569
2710
6158
2791
1237
4441
3223
4723
878
695
4780
879
1729
5173
5742
2138
4846
1762
3277
5377
466
996
4905
2514
2482
4755
1523
2644
3875
89
4756
2641
337
5063
7082
3534
694
872
4897
4095
788
3355
4443
4113
780
4238
4420
3274
3871
3053
3515
3937
6753
3226
6668
557
3169
4141
4044
3649
2968
1506
1130
1521
1588
1633
4752
1723
318
1724
4863
4866
296
4666
1754
1992
5514
1038
2096
2510
6838
5364
2118
2124
5276
5127
2273
5540
6046
1645
6254
1322
2851
6297
1405
1372
6305
26
399
828
1487
6103
2756
6088
4484
3640
1264
6249
6253
1044
3834
5356
5310
611
214
5221
2156
2157
675
2275
5092
944
3475
1847
5688
1799
3603
1490
1508
6994
6669
87
1527
93
5938
7006
1635
106
797
548
6159
1094
7154
6171
1177
6193
6412
587
5739
539
538
1803
5081
5086
3321
4376
367
7107
3064
3320
291
3309
4624
293
3085
4236
298
3644
4760
4369
4062
2635
330
6547
342
757
351
852
352
4693
4893
4567
353
834
4072
407
4380
3330
494
824
4550
483
3033
4487
2737
909
775
7091
397
4119
2511
481
3607
2889
2960
1250
1136
3056
3620
618
3112
3611
2847
3621
3627
2842
2707
3595
2848
2360
6825
752
3327
2484
2473
2468
915
693
3328
3482
2386
676
7085
2277
7084
2283
2286
2288
2381
1520
2012
1996
1526
864
868
3197
6755
2595
3270
3326
6950
3532
3279
1727
3306
1889
1991
3322
2553
3159
7118
4915
385
4488
64
4479
4458
396
405
411
4432
4424
6585
4522
4379
430
4363
4348
4343
4340
4306
6174
4140
4116
480
4091
6146
28
6053
357
5567
5681
5481
5468
5740
5320
5247
5229
5214
5126
5890
6572
5036
5931
4964
4925
294
4813
4754
4751
329
6362
4740
4701
5014
3995
4556
530
3706
523
3946
3726
3957
3952
6230
6361
4735
80
6819
4758
4770
6830
4798
4870
2545
4702
5985
4875
4886
4912
95
1559
3723
1575
1581
2552
2645
627
860
410
3010
4446
400
1444
3867
2898
6985
2881
2841
818
1482
6105
6094
827
2751
135
838
4559
2712
2703
1137
358
3814
6811
6540
2649
2422
6684
5019
6997
2093
2079
5770
2047
2045
5467
1031
3647
1035
5469
1999
1233
6466
1039
5521
1728
1946
1740
5711
1878
5676
6939
1764
5583
5588
5591
1994
5017
999
5354
2371
2315
5884
2285
5088
7083
5096
5102
1647
7080
5139
5140
997
6486
5175
5180
5201
5213
5224
6292
5241
218
215
2128
5277
6306
230
3014
4727
499
6132
3304
6246
4128
3206
4319
7013
7101
4228
6202
536
3075
3531
1412
4368
3089
35
4152
42
1166
4386
3200
3276
6190
6328
3032
3404
6194
3992
4108
3055
4310
4370
4389
4312
4114
512
3334
3383
3643
4146
1678
5268
211
6393
4144
484
6303
4143
5239
7079
415
5150
7063
3642
6967
4301
2300
2289
3955
3290
5083
460
252
4232
6489
2272
2261
6179
1659
2174
6873
1668
6690
5133
1672
39
4178
4153
1267
4064
5278
2027
1087
4046
2011
4037
2010
1317
6891
505
1311
3997
6241
1995
3994
511
5718
6897
1735
1051
1922
5713
5548
6692
5582
1275
3472
3980
2035
2120
5746
2049
7134
990
2116
5329
7143
995
4410
998
521
5361
5366
5774
7147
3336
6465
5399
2094
5420
5421
5422
5428
3345
2063
2062
4058
1018
2053
4054
2382
6172
720
2776
1489
4527
4537
4551
2752
835
2750
1408
3613
6571
2706
3950
1501
6049
6592
438
6817
4347
2655
1135
858
1164
2648
4342
2829
644
1415
4371
3029
783
3539
3933
3548
3914
4394
790
3051
2990
6775
6247
1165
6587
61
398
1447
6791
6258
2879
3859
3838
4489
4497
6576
566
4457
3192
4665
341
724
2526
4839
