5116
795
5119
5114
594
6347
167
4726
5026
591
823
4320
5115
1489
1118
6318
4599
5112
3052
749
4363
799
6184
6221
6315
275
5541
3057
3489
1484
6341
3050
1483
6342
6824
4322
793
6743
4597
5110
6287
1778
1774
1580
4361
4642
1412
6228
5117
3387
6220
1419
3597
5642
4744
6299
3577
4640
1364
5319
5118
6108
2447
4727
4643
829
2504
3958
169
2157
3381
165
6074
7001
6723
6325
2878
3068
6390
6167
248
5098
5181
2691
4582
2475
4585
4592
825
316
6213
6755
139
4650
6155
1460
497
168
1478
1270
6156
6343
242
4591
4533
4646
1486
4596
2446
3605
922
794
801
474
4216
450
3058
5543
4236
914
490
5163
5576
87
4365
1744
1689
4652
2645
5540
6332
5632
5103
6217
4645
3363
4054
6472
4109
4589
6528
1980
2010
796
6740
2049
821
4644
4647
2648
4238
2448
1288
5111
317
1582
977
2425
65
4277
4360
1772
590
770
1113
738
4891
3769
249
1028
6887
820
6183
1156
5415
4846
4653
4581
2828
3436
4641
4648
1110
4965
5435
4124
492
6673
3375
4063
494
5671
2171
1740
4222
110
5363
5482
6346
1841
6561
3965
6479
7167
3301
560
4107
1417
3075
5273
4552
4104
1771
2180
1105
840
5029
1776
4211
985
4044
5728
6215
4210
3438
259
3972
2194
6170
1084
3372
484
4967
5151
5923
3595
3987
88
2679
3076
3938
5881
1839
3598
4784
1519
1514
1027
6470
3731
2443
3004
160
4105
1368
2532
736
7005
3735
7118
2018
5275
5846
6303
1773
4920
1830
137
1588
3123
1865
403
22
681
2014
5421
6358
7130
1601
5549
6459
6244
5547
1416
7051
712
5940
3069
2057
5779
4897
2033
2013
6521
6210
7052
808
6462
3066
3360
2182
5416
4209
827
2192
6214
1934
6522
6440
4702
117
5556
5260
4450
1605
236
7074
231
6348
6001
1571
6312
6345
2431
2440
5027
6756
6752
6119
2545
4587
3511
6327
1482
4531
4536
6150
1435
1430
3236
1410
6340
6814
6153
2371
3508
4028
5980
1838
2098
4325
2934
4704
2956
3170
1413
4369
2673
246
499
3773
2349
5892
1642
4440
1170
5668
1215
5040
253
4649
686
4923
493
589
3582
3563
4978
596
593
2968
476
4924
3748
732
4411
4432
4442
1570
4512
2493
4539
2527
6319
1367
1366
1360
4584
2543
1334
3981
4598
1741
4324
4088
6495
4194
4197
4199
4214
1931
4217
6560
4230
4232
6576
6443
1854
1832
2311
2554
2557
2558
3734
6247
955
3707
897
2829
5926
828
822
4853
792
791
787
762
761
2748
2732
1024
5574
1303
1298
1289
1279
3072
6784
5885
5946
4670
2664
1119
2680
1101
6872
5894
3751
1153
6305
2099
7137
3376
7059
269
6065
3077
3290
262
6115
37
7062
5364
166
3155
413
28
138
6063
254
190
4368
4366
610
611
6306
6076
2556
4364
1770
826
89
3843
845
1291
81
2734
850
3560
4841
1847
5993
869
583
1835
587
1833
5410
863
420
4845
4021
5411
3825
1488
1799
2586
4622
5875
1747
3294
4847
1786
1333
5493
7034
1437
5255
6181
1585
1438
4538
130
3388
132
2489
2430
5644
4895
3603
4524
6194
7127
2910
2898
4759
2900
1600
178
2396
1418
6211
4963
6747
3373
3814
5220
6954
1374
5499
1684
97
1675
6209
111
3588
4567
6745
116
5625
5385
2509
5424
1380
245
2477
5722
323
3770
2672
2068
6248
920
1020
5577
2123
4125
5020
929
1102
5023
2132
5761
4708
4723
5987
2150
7018
5989
5037
1930
1085
2722
4743
4189
5404
4715
2140
491
4221
3702
3307
2624
4237
6151
4834
6823
260
6486
3071
6289
2740
6900
553
5766
3738
4229
2733
3689
5910
5470
5627
2518
958
3749
5237
5571
2711
1415
6067
6889
296
5983
1411
1487
162
163
1470
4782
3389
1471
6908
3739
4527
3633
3634
980
3737
2496
3639
4523
1480
3151
4537
5971
765
743
1029
7061
5960
1446
3730
6103
3727
2675
344
2674
6002
1130
1283
5903
5968
4618
3135
4690
3775
1152
263
3133
6222
3192
1195
5883
3190
5601
241
882
258
1214
2822
5188
2549
1383
6852
928
3656
4725
5895
2526
6114
1378
3496
1376
5900
5186
942
1372
802
5223
3139
1361
4580
810
6927
3767
2542
3659
5548
2544
3661
5419
1335
4696
1246
6308
422
6461
5025
436
437
3355
2175
2288
5820
3989
3325
1985
84
6465
1962
6993
3985
1991
6991
2967
6520
2005
6665
5492
442
6022
2149
1702
2146
7020
6413
4323
5428
6568
5002
6567
3552
3516
5094
5365
5366
5727
3515
5361
2196
6451
40
4034
3514
2191
4029
3365
1836
1834
2190
4290
2188
1809
6417
4056
4193
4979
3093
6672
2314
1691
5077
3922
6349
5267
1583
391
1576
1572
5528
2433
2434
6491
384
2438
4111
2441
1547
4885
2444
6060
1535
6336
4499
2462
5247
3520
4449
5290
3509
6174
6053
1683
2143
2350
1628
2035
3957
5087
3592
1668
4437
6693
42
4719
4731
6895
2000
1128
6474
5299
4215
4052
4102
6484
5597
4062
2717
4679
1150
5767
6566
1151
2653
5768
1016
6539
2141
5573
2040
1075
6504
5744
1025
27
6529
303
4746
2051
3763
1021
4191
2156
4060
1108
1069
6036
1017
2119
4198
6508
5984
3320
5310
4202
1120
2678
4673
4083
4697
4519
1904
2520
1647
1649
1667
2348
1700
2332
6669
3398
4563
1355
2319
7086
6661
4380
3223
4588
2312
3220
6047
5670
6313
5259
1622
6062
4490
164
1477
3267
6729
6731
3899
4532
5228
1579
5254
1591
3926
1609
2398
2507
1613
4453
4451
5253
5182
3986
3988
6799
3880
1837
2236
5721
1864
4254
1212
1875
1819
3435
4659
1193
2625
4235
6456
1178
5184
4231
2642
5725
5676
1811
2598
5999
1302
1285
1281
2574
80
1271
1779
3195
6796
1269
5805
6411
1266
