1264
1266
3591
6197
2967
2968
1261
3013
5350
5728
5721
2656
743
6775
1267
619
2649
6190
6292
3607
6332
2962
4368
2645
4369
6193
6192
5727
1721
1268
5726
6339
319
6334
2292
2513
5481
2655
2960
3496
1494
4037
4442
2096
1262
5329
361
5484
5725
3599
494
6185
4591
6338
616
4898
4561
1699
2039
5306
1260
2314
2643
4411
618
584
5092
1728
5091
1263
758
4229
5945
6335
4662
746
3685
2640
4565
2644
5326
6183
5351
1269
968
1265
5357
1828
2032
2290
2715
3914
740
4030
745
589
1826
3355
1123
3376
1502
1691
1693
3594
3597
1413
6090
2719
4753
7051
2898
6181
4563
4220
2092
1201
6331
5722
759
6421
610
6096
582
322
4794
294
1723
7053
4044
5720
1363
3876
6099
1822
1521
2178
4924
2038
4788
77
617
2099
3017
5353
1074
5723
6094
895
4569
5951
1444
747
6300
2642
3913
4043
6184
2511
2037
2150
753
491
3490
2157
2155
6309
3010
7164
3019
5684
6107
1275
5258
752
3596
5582
4199
3593
1697
6191
4782
6614
742
2027
4405
6152
4193
3499
5740
2873
1368
5181
3707
2730
1720
613
6195
1376
3592
496
774
2651
4731
2695
3615
3590
5021
6330
5742
6312
3375
3825
6424
3875
2966
2965
2713
4893
267
4079
749
251
228
6198
4785
4599
1689
4250
857
4406
6189
1753
5515
5358
850
4389
96
1646
839
1824
1120
1609
1154
1271
6704
4196
1496
5587
2357
1121
6900
5564
35
2179
65
6576
506
6074
2750
3350
612
4403
5103
6461
6465
6467
2035
6735
6423
5276
6776
4432
2094
3093
6492
2097
3937
3012
2738
4110
392
4039
5540
418
6333
773
6188
4665
6113
411
5283
7160
5267
6100
787
1487
3918
894
6314
2259
4890
2294
899
896
4892
5093
6771
1160
5739
3475
489
5045
4588
4722
5097
5583
6777
3901
3282
5729
3286
1412
4604
1778
4603
1493
6055
1747
5056
4583
1554
7095
3616
834
2515
2172
4899
5182
5199
4198
4031
5688
4032
2653
5374
2239
5298
5905
909
898
2372
5213
4400
4072
6500
2095
4401
2639
232
4796
4446
2090
5993
4421
4402
611
2587
1171
2414
3600
3614
5271
748
830
5290
1447
1279
2648
448
7000
828
870
1364
2519
5581
2463
1372
588
897
6460
1992
2036
6773
6726
5111
5116
3112
1823
5958
2147
6427
5950
5620
5352
5480
1105
942
2176
933
3384
3396
927
495
5229
734
1520
1512
3492
2350
2213
5115
4194
336
3698
4428
6262
4042
4799
6278
264
4560
396
4920
4343
4879
256
4363
5844
6086
6295
4397
419
3959
247
3957
4962
4781
4593
4223
4190
4666
149
4226
4661
269
353
4902
2141
5355
3338
2641
5768
4798
533
5362
3935
6475
525
4447
4791
777
2646
5377
5766
240
3353
4404
5648
2159
2310
5656
4236
335
5299
2470
2309
2514
838
6272
6459
7041
4192
833
6199
2156
823
2299
6433
6706
6153
1016
4365
6971
5088
5976
5981
2217
3283
2223
2556
2295
4149
5110
4124
5415
4891
7052
5403
4897
5738
1505
3058
6315
2741
4594
4596
3049
1462
2818
1448
4607
6534
4726
6109
5163
1227
5588
5920
5511
3605
6347
2903
7054
6337
5897
293
4664
1591
829
3747
499
1790
2669
6131
757
756
1820
4519
1821
755
492
1786
1827
4529
1049
73
5031
7096
3764
5114
3493
6833
244
4536
4511
5242
2933
2964
2909
6256
4029
783
4147
792
2716
4092
2735
4144
4140
4143
5214
5275
4853
5188
707
6254
4095
2628
6093
3629
84
1698
5946
4582
1576
4585
5528
1528
1519
5846
4592
1153
4598
4600
1452
4608
1440
1408
1195
1407
1405
4618
1203
1204
6097
5589
5593
1276
1245
1722
2516
4528
6946
2485
2308
174
4342
2256
4348
2175
6707
2154
2146
2134
5360
5364
4424
4426
2049
4786
2031
2005
1011
1985
6737
6774
4488
5428
1865
4783
6095
4512
1724
2990
1254
484
3261
3595
3022
585
3858
6457
524
6299
5746
6056
5743
3284
5026
6490
596
3302
7063
6420
480
7046
3961
3726
6476
5029
3940
3171
4928
412
580
6277
5773
3910
534
3009
5087
5050
5699
3351
3016
3911
6261
5748
5151
355
537
504
5980
105
223
6622
6700
3285
6469
3929
888
819
4571
1652
1988
4575
4295
5513
6173
520
2624
4280
2622
3508
230
5260
3175
1127
3505
1605
4766
179
7068
2582
6466
2575
1102
1814
164
1744
90
4513
2426
1758
5953
5457
6654
3449
3787
5404
186
500
2319
2371
1065
1064
5297
827
6956
2482
5625
4191
4535
3919
594
80
5619
4532
6983
490
3798
1909
6194
6434
2312
1974
5986
3912
6681
3371
4036
6343
526
3687
6504
3002
1200
445
5203
5791
2070
447
4615
1438
5216
5221
120
1445
5891
5907
275
1192
5541
4021
3603
4728
2974
3618
5359
4900
7162
2098
4015
6711
6059
295
6521
5698
4425
3370
527
2142
3831
3018
4429
5164
42
5081
4876
3113
1500
6485
4872
1002
7093
1156
943
1518
4384
5027
6484
3963
2170
1515
1150
4130
771
242
2694
1508
1146
5123
950
5929
949
2710
4586
4390
947
4877
5741
7112
3528
4916
6486
3860
944
4325
6268
1899
5421
1038
4480
1980
5405
5912
1913
1922
4797
6753
124
4483
3372
6743
1018
523
6146
4477
6048
1042
1443
1182
1181
1180
1446
1480
46
399
1489
47
6316
1159
1155
3720
1152
3524
1492
1514
1194
4625
3635
1244
6104
5916
4995
1272
3613
7059
3610
1228
429
1226
1321
1322
6927
4660
3609
6303
4589
1547
1080
5466
3785
3438
5451
3415
6784
3784
5962
4505
505
6304
1844
5763
4494
1868
503
3514
5468
3782
6857
385
5514
3509
1130
1628
4580
4514
3495
6817
1679
1107
1104
4542
6054
3767
5489
2102
3620
5281
3916
3917
2756
837
2749
3053
5215
5098
