6192
1264
1261
2962
4368
619
1721
3013
1266
6773
5727
6775
2513
6099
1267
1268
6096
4662
4561
1728
5726
2715
2296
618
2096
4563
2292
4798
238
3911
1723
617
2294
4898
5721
3010
4569
3685
4369
6983
5728
2290
5481
4665
1822
3916
2960
1823
1691
612
1262
4797
7053
7041
3591
2291
3913
6292
6777
3599
968
494
6199
1520
3918
1494
1828
2298
3978
2036
6195
4788
5720
6776
4731
4565
4130
499
6094
5326
6090
5092
2649
322
616
231
5484
6198
4791
4560
3061
2038
264
3112
6314
745
743
1275
2873
4277
4037
3012
6191
2031
77
4141
3876
1699
2293
4781
4285
2137
5729
5725
2898
6421
6193
1827
6338
6339
3901
6185
6190
7159
1439
3590
5945
3249
7051
2710
1071
1016
6544
5070
1363
4661
2764
6097
292
3593
3384
1076
4030
3355
6064
3852
1260
4668
1722
1279
3592
740
4174
6427
4979
742
2716
3917
4997
1496
1497
5359
4792
4280
3875
6109
6107
6685
4519
230
2297
5738
6779
4115
353
2299
5722
6309
6459
749
4795
1263
1074
6312
1609
3111
4626
228
4796
4667
2965
6682
3175
899
4782
4666
4794
1080
1856
4799
12
1686
2094
6243
1171
296
2967
4853
4397
3247
5593
613
6197
5353
3937
2765
2035
339
2039
6100
6715
2519
496
2516
4775
3499
4344
3915
5087
3858
1899
1375
5329
5441
3841
2131
4968
783
443
707
2308
6842
2884
6225
5232
2768
6681
2653
3298
5739
1438
6704
7067
2656
6771
4604
295
1687
4220
6300
5921
1448
3725
5723
5377
3449
2319
4513
1444
6574
1855
1116
4571
4031
1703
4669
232
4708
5227
2807
1201
921
4060
5780
4529
1821
1150
1097
1432
774
239
51
5684
6184
43
6334
6335
96
5705
3971
3970
6687
4032
4525
6105
2139
5286
5709
4688
1269
5333
4147
2006
5926
4171
1286
5774
5271
4116
1368
6256
2032
3720
3891
6104
5449
7045
1992
6841
537
4790
828
5350
3905
2707
1377
2576
3973
510
2097
2968
6518
5677
2350
1697
3643
3245
277
3376
4998
6333
1476
1492
1504
3595
915
4403
47
4522
3594
237
4283
3017
5000
4907
3438
5085
4343
6299
5642
2099
109
3141
5384
5243
5103
4512
5524
3929
3338
7052
5898
6132
68
746
6706
4594
5003
5644
1108
1525
785
2310
2719
3358
3912
1332
4068
4149
445
1370
747
2575
462
4905
6734
5670
3890
4993
759
104
6846
1238
4566
5676
5298
6438
3490
6434
5086
5088
6433
93
2357
539
6089
4362
935
6534
5857
2511
1132
1064
4861
2303
1692
1495
3283
1445
33
2217
4036
5753
1160
5357
2257
4446
4427
6880
2090
5966
4229
827
6700
303
5981
10
4227
1500
35
2867
5059
3282
1265
4664
6272
2705
6830
857
5459
2599
3687
44
257
251
5055
2645
2644
48
3286
42
5221
3406
6790
3982
2643
3979
4608
2541
1607
5083
4011
5962
3914
3273
4589
2268
5008
3327
4385
1693
699
49
1104
4696
1951
40
2256
4510
6527
4660
1078
7163
4629
4405
5582
6543
94
3378
1077
4407
3976
3191
2752
5575
7079
3299
5242
4926
1232
2961
6152
4527
6707
2896
2463
2838
4157
4863
5276
1529
1535
4146
4548
4539
5280
4783
429
1888
6881
6937
1844
4541
6688
889
3607
7046
3597
779
5478
5447
6677
897
3011
2889
3802
3805
5451
5472
3053
919
3656
6295
4136
4920
959
3681
4744
6092
3904
149
5837
5740
4363
3707
5128
5661
975
2314
3443
5099
6303
4903
5743
7042
2144
6098
4564
2147
6740
6252
4890
5237
1449
6723
3080
925
924
3657
5458
5452
2241
4196
829
5941
5457
1075
826
7101
1072
4425
4544
2157
5754
2287
2577
4520
2512
4074
2514
2295
2284
5672
951
2556
5668
5874
2155
4581
2056
950
1137
2489
5907
4549
4535
5487
4282
5448
4175
6721
2179
5770
2266
5538
5442
2400
696
909
2271
2278
1271
695
7169
76
1622
6077
240
6956
2759
3215
1412
545
2758
3103
5204
552
1824
70
3085
4728
4874
368
6540
483
5004
5163
1063
527
7021
319
482
1909
6189
491
3798
5284
1435
4996
5093
5090
513
1374
3106
517
6522
4785
1369
525
3147
6133
6541
6059
2741
611
1846
1314
3288
2966
5993
7043
6317
6738
3285
447
2001
3646
1852
5272
2661
1413
1895
610
1688
21
1845
4707
1346
196
6547
5056
5178
575
577
6565
1964
1644
2713
1689
6250
6331
276
6379
6039
6034
7039
2134
4521
923
928
6392
1130
3532
4321
2008
1522
1854
316
1853
865
1851
873
4542
1829
882
3630
887
3609
256
3596
6667
6666
896
900
234
233
5215
7152
4526
4288
1521
910
931
7160
1782
5077
1011
69
4499
65
6546
5539
2178
2183
3239
6553
3240
5552
4507
5050
3264
4463
3287
7025
1070
4424
4426
6717
3274
3284
4442
2216
1062
3289
3345
84
3372
5185
938
5681
3496
4892
3484
4340
3476
4342
4518
4515
6743
4514
2329
2326
3450
5666
4928
5658
4962
3447
6465
5652
5649
5094
3431
6514
4995
5624
6416
6297
6304
3684
6086
1376
1228
6088
506
5428
5835
5832
1383
5301
484
4140
5296
1900
3682
5440
1401
1211
3829
2072
6835
1409
787
4580
448
6137
1898
5281
4145
4144
4143
1408
2485
528
4110
5957
3987
1997
2018
3972
3961
3956
4600
684
686
3954
7119
1320
5349
7120
6033
3940
2763
4100
6735
6074
2753
550
5306
2749
1245
1251
564
4595
4598
1334
1241
5775
2813
374
816
5755
396
4190
1195
822
1443
6676
2892
2893
2465
370
1446
3726
1447
4213
2453
3708
3706
6271
6709
1858
1179
3699
5239
855
6280
6204
6188
6078
4784
4176
3804
6160
809
5771
3800
1200
5261
5262
2095
7030
5551
5233
4471
4706
5182
1778
5342
1092
1125
7032
1094
1252
5332
5266
5230
1652
