6194
5364
423
577
492
2866
490
497
6107
2033
3634
6098
3994
2034
4343
5327
4891
3683
2371
477
1033
5363
484
2035
493
5366
2859
302
6049
7062
491
498
879
80
1271
2336
4419
1691
1260
1279
4442
3385
6197
5367
4238
294
5361
4358
889
1501
4897
2095
971
2138
6700
499
3338
1201
6105
4416
6108
303
7066
4449
3017
1506
2018
2010
274
496
1038
2378
5365
2134
4733
4061
4345
2165
5305
127
6100
2136
2854
1986
2137
306
5688
3604
2132
7068
2098
6196
335
5266
5705
481
6330
3685
3010
3591
5351
5619
2644
479
3631
478
4229
872
1265
4389
89
6131
2039
2052
5646
336
571
4346
3978
4634
4360
4341
2096
6332
4340
2385
1524
2011
4521
6737
88
3306
2166
2147
3272
4044
1502
2012
403
495
488
1130
5428
5369
973
3598
5640
265
253
5541
4043
1379
2365
6318
3430
6307
3428
1200
3034
3015
472
483
2123
486
2511
4228
4393
6564
4697
574
1049
5198
5032
611
1032
619
35
1508
5362
1160
7049
1500
6880
5063
6186
1505
6722
3899
1413
5739
586
2894
2053
2803
2135
391
5724
1645
4097
4732
1871
871
705
3443
435
3594
4665
3387
3016
7079
2149
409
480
1030
2857
1335
3592
1603
4736
3442
415
840
6426
1169
3122
6824
5328
897
1164
5350
3579
5320
2516
3959
3169
4046
180
2532
2352
3990
1214
2648
4033
3492
6788
2467
2404
2469
6095
2484
3717
6858
2155
407
7112
5426
4567
2163
5196
6925
6412
3432
575
1370
5749
3435
2169
4810
4188
2651
2356
3636
2645
3599
1878
6710
701
81
4735
2642
2056
1753
877
2369
79
2420
5886
2037
2358
2426
1744
1270
6702
3037
2734
5403
4115
2332
7091
6178
4909
6312
4896
5829
6181
5359
4895
1168
5091
2514
4524
6323
482
829
709
3053
4199
5677
1905
708
1991
1990
4415
740
4522
2647
3026
2490
5181
7060
6092
487
7063
4349
1885
4034
2491
418
1604
4655
5243
4892
2020
5971
2468
6195
4230
1165
1483
5160
433
1163
6755
2427
436
2425
4030
6883
399
5562
2421
2809
4526
1135
5024
6579
2122
4348
5360
2595
2967
5187
1244
2968
2594
1802
4821
2175
584
5615
6103
3433
3431
1375
1363
595
893
3340
6051
4716
3116
2296
2715
873
1267
5296
6048
613
4
891
5489
3445
252
856
855
4695
566
476
3595
4037
3558
5150
5461
544
1872
3649
1205
1866
6808
2366
3597
4344
156
6137
2359
2354
5267
2143
4443
915
3341
549
1609
82
3986
2927
2870
2939
1642
1883
616
4578
5183
5404
532
2646
1031
4231
695
4309
1039
5112
3508
6766
6529
3977
5021
3175
558
1810
6456
578
1909
5221
494
5391
1128
5610
4327
2495
6440
6517
3816
4691
489
583
2292
474
2161
2140
167
1216
337
2372
3275
5467
6209
4421
2402
7065
2092
367
2090
3901
6345
3490
6720
5358
1374
3434
2172
6697
232
5298
1264
2737
5302
2239
890
2315
2804
2316
1309
2212
895
1333
1338
6058
6061
5753
4617
857
2806
154
5407
2057
424
1499
1166
1161
6616
4653
2825
1490
2025
2835
741
1964
6727
6823
420
87
6200
6198
6094
3052
4380
4220
4525
4483
3720
5755
3011
830
4475
1275
5887
1368
660
5837
4472
2949
6692
734
1720
4710
5820
4321
3212
1336
4523
5789
1316
1521
1694
1323
4480
1311
745
6813
1666
5816
5420
1409
6717
3322
6635
4512
4530
1408
5859
6719
4537
3054
4637
3145
5071
5777
4414
4410
4690
4630
5054
6841
4486
4489
5116
6587
5120
3642
5491
977
3729
3673
5799
4347
3158
3273
5481
1202
1489
5778
6820
666
5593
6325
7075
2131
329
3421
6329
316
2771
6018
2766
2174
6321
6319
3438
2764
6040
4973
4819
5649
4145
3898
4233
2856
1935
6413
3384
471
461
4163
2843
6392
5686
2014
422
419
413
2049
4205
4856
2716
2711
2473
3507
74
4917
2523
2654
4925
4908
40
2643
3979
22
3975
6101
2610
3953
37
94
2462
2461
189
4049
184
2350
2360
2363
4042
2405
2408
2680
3938
2429
4894
5321
3499
5352
2460
3378
1902
6797
5211
6960
4299
1896
541
5029
1751
534
3859
579
851
2219
56
3624
853
7092
257
866
7093
972
5140
3114
2504
3115
6696
6282
1665
3590
3113
2757
5297
2650
5389
307
45
5929
300
824
3437
4927
3370
6983
4820
1841
1354
5484
5943
570
3913
1339
5272
4114
271
3260
978
4851
5299
2950
582
6744
2898
6521
2969
1215
3232
4015
6183
1207
1230
2374
5357
6185
6189
5354
943
2400
6830
1799
591
4328
6462
4487
4048
1238
5513
968
2284
4699
73
966
214
213
4476
6171
4063
5648
4062
2317
6236
4969
6228
662
4581
5920
3125
97
3241
4073
4727
3850
42
5976
1974
1635
5690
6386
6610
1509
7044
2823
2840
1507
434
3860
540
4776
414
1496
5224
6954
2026
6380
4209
2599
5056
4357
4237
5180
2858
702
1892
7024
1891
5227
2608
5184
5020
475
473
5884
6888
5970
469
467
4222
462
4187
5117
5955
1874
4712
6634
785
348
375
4795
1873
5670
5521
2641
4635
4798
3277
5220
1089
6915
6939
2113
7048
1647
2139
7051
5028
4569
4248
6917
2807
2061
1390
2640
5676
2799
1740
6518
5501
3714
4516
3961
1036
6188
1095
6461
1757
4298
3987
1119
2534
5528
4560
5797
3976
6097
5408
1080
2510
5498
5514
6128
2587
1722
4296
5111
4558
2479
4290
3190
4286
6512
2638
1082
1087
1776
6765
1900
4332
5463
3068
5466
6336
2120
1404
6651
1398
6629
1396
2127
2778
2144
1377
1853
1376
1372
1371
1392
1749
4413
4186
1610
4232
1583
1582
5872
3871
5226
1633
4407
6608
4194
6377
2021
1492
2023
6617
2027
3774
2830
6726
1364
1361
1669
2892
1239
