5117
5119
1774
167
5541
5543
6789
5115
4725
594
6729
6345
3958
6155
5116
977
3907
6217
169
5482
5110
4642
4726
5260
2669
4646
5112
5397
275
1147
326
591
560
6575
4230
1364
6167
2196
4530
1489
6675
6740
6375
602
97
110
6318
6347
4104
3052
6287
117
6538
6539
5839
1216
1819
5640
2953
1118
765
5026
793
6472
6824
6308
5548
593
6803
5733
476
6220
256
821
1407
6213
2938
3054
6571
2390
1419
3024
1586
2184
3050
4622
4648
4616
6387
4587
1667
4398
6348
823
1739
1553
1416
1486
763
749
5259
6749
592
5577
2357
5848
5940
5996
6001
6156
1412
4237
4388
4107
1431
4209
1417
3986
1258
4235
4201
1156
815
1800
5846
786
4089
1363
4100
6931
99
1773
2929
6280
3128
2016
5578
1954
2632
6299
5509
2359
5492
5643
5662
211
6678
1283
5781
2811
2247
6499
5947
3578
4456
2190
4499
1368
4584
4322
6723
6215
2193
3503
1057
139
137
2194
900
6406
5995
4650
103
1470
4647
1487
6026
1483
2180
6935
2355
1402
6184
5675
2173
5994
5744
498
2248
5990
473
6150
434
5838
6028
3823
5875
2211
1365
5948
2331
6932
4239
3899
5020
829
4969
6858
1178
929
4649
1580
1571
1451
4641
4597
1456
253
4334
1110
1112
1113
1117
4261
4224
2372
5023
814
2599
5499
2633
5410
5407
1285
7047
2663
5300
3637
7127
2772
5213
750
1864
2824
3988
2828
2912
7086
2677
6828
2148
6343
165
6224
7162
6346
6747
6679
6282
6536
2354
3552
5773
4085
5960
1604
6557
1818
799
1378
4047
94
4817
3056
1730
6002
2011
6748
6281
4251
5217
1621
5571
2381
6801
2035
497
2366
1663
5207
3337
1214
2892
1391
812
5856
5016
6367
4640
1411
4613
1669
2679
3122
4862
5528
5835
1657
1387
1415
6805
152
3514
3797
6787
3091
7129
2878
1589
4574
3146
565
1950
5029
948
2616
1383
37
5303
5200
1738
2979
6304
3610
5712
2232
2174
1772
2103
3985
5104
7140
3029
6040
4320
2221
6336
5679
6305
5677
2209
1084
1079
6169
2191
2195
4437
3314
2982
3987
1344
2243
168
1628
3589
6057
927
1027
6060
5632
5177
6298
6067
556
506
4381
255
5734
305
3989
1254
1360
3310
5400
4891
1740
5636
5495
3023
3281
4106
3965
5391
3042
4643
4762
1281
4112
5831
5608
4633
4659
502
3315
3791
1626
213
215
4115
4019
2955
5475
1629
1779
5753
3765
2926
2925
4759
6849
1269
1775
4382
2901
5776
4723
7052
5690
839
218
6804
914
6980
6351
6874
4041
224
5520
1478
1331
5075
741
6503
6068
738
6505
3880
3204
116
5547
3588
2323
5198
2330
2334
2336
6221
3580
6017
2037
6807
4125
4263
2398
4450
1477
6493
5108
6211
6763
2168
776
1333
597
6340
4361
172
6121
3615
5118
756
2192
6720
1473
4445
2212
2214
2217
3209
4446
5549
3901
7040
1662
6315
2602
3478
4741
1944
4187
5886
4596
4763
1170
2636
6907
4765
2645
6878
6566
417
3470
2672
3459
161
1557
6821
2694
2695
4615
6570
6223
5040
1963
3798
1142
1505
2001
5246
3733
4552
2481
108
6781
1515
3556
1960
2622
2539
6418
2563
2567
3529
3523
6783
1965
6845
4570
5542
1341
1348
5544
5540
1603
3272
3732
1501
5212
6512
1433
3582
3583
5070
3595
5223
3696
3600
5077
6835
6332
1474
760
6341
1460
769
3598
7124
1538
6478
1361
3784
4906
1367
6963
1376
840
3389
837
1382
661
1588
1385
3443
3445
1401
3739
6342
3454
1561
3476
3258
6293
1794
1335
2337
6024
2344
4260
2385
6007
6222
2008
365
4582
5926
6420
5924
4523
6791
4592
1165
4145
32
1910
5840
6371
2738
442
2776
1871
4109
4644
6579
1865
2325
2301
1062
2160
259
4391
6764
4392
4403
1047
2185
6177
2186
1077
241
4516
2229
2099
2240
4457
6083
6078
4314
4496
6063
316
317
7161
4277
2078
6122
6437
4156
928
1809
1244
6556
1784
7085
3011
5669
5663
3041
1288
1741
4698
6926
3102
3923
3922
5599
3921
85
6872
586
5550
3208
6290
3954
4061
166
5778
4065
4086
5777
6800
1840
2855
1211
5757
3883
4083
4838
3960
4278
4102
1189
4745
4490
6475
3790
1330
3926
4325
4374
1437
4453
6380
4128
1185
5092
4653
6876
4356
3691
3920
4094
1054
3683
1354
941
909
4729
4563
4225
4222
4578
4181
1160
1162
1374
6479
6850
935
1418
4591
5038
4601
4547
4700
4231
111
4609
5027
1339
80
1424
922
1253
118
4524
795
833
981
811
6391
798
3771
1248
4652
4384
2788
6291
2431
1812
6289
201
2447
604
3206
2000
1811
6780
2504
5573
2673
1680
5849
2051
1665
5770
1627
5477
2919
5483
5761
5759
6300
3252
1903
1654
5516
3250
1661
6038
1808
6994
3175
3120
1958
5910
3002
3001
1948
2987
1959
1770
1938
1778
2944
2634
2969
1787
1771
1964
3040
1744
1714
5610
5854
3059
2561
3057
1974
1732
1972
6534
1918
2652
6535
2937
5655
6782
7136
1622
1613
3576
5225
5244
3565
5270
2197
5824
3501
34
1541
3489
2815
3479
5430
6826
245
6176
2182
1453
2802
2140
6194
3628
6335
7030
5830
5142
6187
6832
246
5183
5201
2734
6313
6823
6701
2820
1609
321
320
5417
5416
1605
3373
472
658
6307
1585
3430
6517
6062
5836
2635
2733
2231
1556
2836
295
2239
2241
3451
3441
6090
2244
3446
5389
2246
3449
2765
6993
6989
1180
6991
2675
1933
2638
1452
1169
6400
2089
4279
6698
7097
2104
2084
4342
2122
2175
7028
6735
4377
2154
2199
4268
4267
4265
2623
4213
2581
4217
1970
1981
2532
2525
2469
7020
2392
2767
4262
2314
7039
1936
2034
1776
2796
57
6471
3741
3748
3438
1582
3429
6523
1381
3737
3363
3778
1366
3323
3279
3254
3794
1349
1347
1666
1377
1668
1563
