4060
3976
2372
5644
918
1644
1024
4414
124
679
785
5097
6744
4966
437
6822
6843
5632
3123
2893
1973
6058
2332
1609
4473
4729
6834
5407
4861
1021
3551
3278
295
299
5889
5730
405
5881
908
1604
6043
3144
4733
1851
1316
296
4721
1022
127
316
2016
435
434
431
6203
1855
439
5941
1370
1373
3590
5270
2236
1013
2310
5037
4734
1028
4738
7131
713
3721
1029
2017
6366
6742
1434
2133
3122
1087
6748
7115
3952
2674
6881
856
3975
886
381
279
406
1858
1857
6452
6293
3385
312
195
440
5942
4067
615
205
907
1796
3944
1974
6648
298
3267
5741
3853
1016
1374
290
297
4131
423
5325
3856
5557
646
3148
4901
4202
4909
4357
3638
4891
1023
2807
4975
6296
6517
5613
81
4409
1496
4674
6778
3727
802
6502
5882
5451
5615
4066
5348
2360
305
3259
4069
4671
318
4668
3287
1749
4687
2096
7147
378
3857
3681
5369
5885
3978
4970
4968
7079
7135
5143
5461
960
4971
840
2386
1378
6040
1036
1375
3158
5104
4403
2023
6063
2510
6243
4811
3141
1691
3145
5099
1727
485
6367
4407
2012
1602
6980
7110
7111
935
6438
6932
3971
4969
6462
79
2171
307
1437
5322
1850
3018
4256
5052
2015
6133
1026
609
1017
3435
6121
2148
3437
1236
1649
2474
4336
231
844
122
5640
801
1379
6779
426
1958
5880
1115
1083
1747
5327
1646
4833
86
4524
2284
5341
410
6199
6828
3147
414
1608
553
5596
1372
5887
6967
5321
5888
2687
6498
2538
5398
786
4064
4670
5894
324
6141
4408
5365
4259
6471
5946
436
3068
564
4014
2660
4562
1603
1319
4579
531
4350
586
3081
3332
3284
5368
2914
1681
3082
3972
3279
596
425
4097
2594
1433
403
5736
3363
6426
5731
3973
433
5328
6229
2175
7138
4906
6149
5647
94
5095
7069
2014
7119
5098
6839
2318
3579
1157
6204
982
4736
2350
1949
976
2376
2378
2174
1856
2385
4974
7161
302
4978
1854
292
2130
2927
5590
1687
6741
2710
6468
154
2718
4315
6456
5426
6731
6351
3143
2330
3549
4423
4062
5347
655
194
3275
6573
6201
5265
4798
1953
1961
2683
450
3028
3687
2336
1438
674
1600
4383
1641
3120
2235
597
78
2812
4235
1112
4965
4224
5636
577
4234
6983
4976
5374
4900
5385
33
123
1670
4412
1571
2151
5886
1102
6747
5591
4169
2780
966
6749
5648
3754
1647
5400
1439
311
2717
836
6134
230
826
5183
4735
904
4653
5722
2600
3877
6077
4676
235
7041
3368
6147
872
2593
1231
964
4727
6194
857
367
3851
291
6181
6848
2511
1852
321
5515
1525
323
417
6198
408
557
75
74
871
5383
5977
2229
6592
6800
4293
5187
6263
5646
4991
2135
4929
6936
2032
6316
3433
3684
6867
3453
5360
2126
7002
1313
4405
6344
925
5053
1111
325
3063
31
4998
3693
3657
5001
4677
2878
589
4341
6512
4680
4230
4940
4645
5635
4644
579
2873
1491
2080
6145
4694
6146
2103
4696
2106
676
6776
5002
965
2595
374
7075
3142
7077
6092
453
6359
4033
5700
6824
6447
3273
1702
3431
4793
4799
1769
3323
2711
1893
1913
783
4076
4815
3553
987
1172
828
182
5818
1686
5703
4153
4042
256
5707
2382
1211
967
4730
125
2610
2614
5131
1436
969
6356
128
7117
970
963
4248
4239
6761
4250
909
5513
3685
6708
678
3015
971
3501
1091
6849
671
677
3543
3021
3821
3534
3538
962
968
4026
4019
5750
3547
5488
981
1012
5735
3115
1432
1015
3936
5516
5483
3098
6745
1134
3753
3125
4168
3458
3460
1025
3869
1435
3065
3366
758
905
3066
991
1162
6725
1331
1273
5467
6783
996
1110
1325
1147
4220
5852
5376
759
5585
4115
5504
1081
2370
2379
2380
4778
2384
214
486
2388
2391
6200
5148
474
473
236
239
6062
5130
253
2374
1944
7104
4820
1979
6205
1976
7021
4808
4419
4421
6368
7091
4440
2355
499
1963
2596
535
462
4719
1753
2663
402
6132
400
4643
6108
1810
2658
4632
7049
1799
363
5195
5199
335
1726
6136
6142
456
6159
5272
2678
7067
1740
432
5262
6151
4679
303
424
5255
306
6143
2672
536
368
97
2215
2177
6354
2313
4354
5972
4351
2312
6536
6307
5963
2170
120
5096
6334
583
6226
7139
2875
559
7114
5976
7112
539
6317
6532
2799
1643
2802
7113
5004
4838
7133
2804
4327
7108
2901
2806
1534
4895
6137
2071
2503
6295
2532
2066
5077
3419
6336
1859
2227
3728
6138
6139
1809
3411
1311
2107
3337
3953
5911
5193
6646
6103
3937
876
4631
5000
6649
7050
4992
277
3699
3369
1817
5061
4979
3416
3630
3566
4908
3537
121
961
217
129
216
6352
3598
975
979
3535
7090
1990
4803
3809
156
7098
3583
3802
3574
3801
5561
6215
6717
5673
5542
83
2034
2468
3448
264
2462
3461
2435
7105
2028
99
3759
2433
6195
2298
248
4732
238
2019
5154
5094
3495
2405
4922
3950
2122
6435
5883
1698
4475
4477
1409
5846
3169
1601
1403
595
1400
476
2714
6945
6946
1377
2897
5345
1577
1722
2691
4510
6451
4515
1449
4516
6449
6066
3268
484
1694
1419
3076
537
6597
3124
3128
5860
530
1640
5384
2803
6926
1440
4164
1672
4161
5268
2809
3109
6049
6050
3139
4360
2843
2857
1685
6587
571
6585
5197
4145
1422
506
6896
4320
2676
5235
409
5932
1318
385
636
3308
663
4308
6579
2618
6081
4294
4302
831
1773
5364
2654
6548
413
4590
2997
613
804
4061
6098
1745
7038
5200
4047
421
6071
2943
4316
849
6095
4553
377
670
1635
6355
2317
3110
1532
3023
6595
2987
1089
6310
6312
2871
3670
3625
2231
2238
2926
2923
1117
6516
2058
2292
2947
2223
