6207
1031
5467
1039
4818
4413
2858
1635
1038
7068
971
5362
4735
4617
4814
7063
2851
1032
5032
4734
2045
2413
557
5035
6042
6048
5129
3564
3125
4228
1034
4550
6201
1049
1976
5305
2809
4815
5464
5321
4478
2412
3126
2411
2857
4562
4810
5694
782
4829
5944
6041
1035
312
659
5408
1321
2145
38
1748
1694
6881
3700
3118
4813
1205
4733
6091
2151
4738
997
2860
1973
877
576
2514
6205
6559
6834
577
7065
954
1644
1030
3361
5036
5461
4346
386
209
2410
3127
3680
6762
3516
2855
2133
430
5126
787
1853
2417
2046
379
2369
1338
4402
2850
5460
6200
1725
5041
5948
3848
6386
7104
3992
1067
6330
4559
2969
1003
7107
4352
4357
4353
4470
1690
2014
1757
5269
5692
5630
6321
3266
5679
2414
2220
338
5842
4038
4822
2854
2853
7060
5127
5121
274
2465
4802
864
7102
6101
389
4809
862
4811
1204
2856
1203
4736
4479
571
4474
4472
4821
4415
4732
5401
4819
6791
1528
5123
1646
6431
4812
3018
4988
6749
5685
308
2565
2041
5690
197
6798
5195
206
459
639
3690
3412
1231
1824
879
5403
1207
1994
76
1093
5013
5741
1752
5631
834
573
327
902
5437
2015
5645
330
4739
5949
4301
4302
2339
350
3833
1491
4458
6297
2890
4304
6774
2689
5433
36
4410
1902
737
2786
7105
4396
4394
3514
2154
6513
644
3124
4983
3340
5122
190
2684
1327
1326
5681
970
5368
3261
1755
892
6332
2419
2054
200
4050
1743
6422
780
5053
572
4484
1645
2986
1990
1708
1322
5251
437
5375
6117
129
3838
4054
5698
320
5052
6696
4873
1006
5012
735
747
5097
408
744
6529
5096
2661
352
2110
4826
191
5107
5356
6915
1081
6310
1760
1240
5616
1236
6301
5396
1820
4441
5986
655
2963
1837
4419
4417
874
5407
1200
3831
5477
7092
4351
2253
1904
4325
6208
2827
6984
3549
383
2187
6840
2368
215
6147
1641
6337
5810
6159
3943
5266
4615
3217
5134
3930
6519
6521
6339
4750
5648
532
6796
6424
3128
6251
1188
3805
6138
6247
2591
3815
5120
633
1046
5419
5350
3803
5353
5340
6551
2224
5331
2226
1037
6261
5936
5700
3268
6148
6414
6426
5707
3995
3729
3840
3975
789
6049
4448
2879
4058
2408
1751
2964
4865
1831
5894
2415
334
1668
1633
2342
1776
5755
272
5899
1992
6760
893
4786
119
4730
886
4411
4174
6864
3017
237
6957
2360
4214
1742
4558
4051
7038
1685
3100
4324
2829
4030
6086
1501
1916
7109
4116
4985
195
4752
4554
4118
377
3116
6767
4784
4948
7106
2968
2785
7064
870
7069
6764
364
208
868
6765
4737
4355
998
4613
1693
207
126
5902
674
157
6331
1263
1273
2013
1074
6173
2384
1065
1061
2726
1750
6925
6954
1756
4412
7040
4404
2789
4254
5955
646
7091
4359
1952
7103
6202
4305
3808
7164
5469
637
4225
3844
1139
6287
1758
1764
3305
6306
895
2902
5999
4476
574
3836
5906
3835
3771
3834
583
819
1215
4416
4621
731
4119
332
331
983
5057
5063
5735
3375
1033
313
2688
298
3196
6730
6733
6734
6744
4807
4805
6515
333
991
4900
4902
4989
5721
3119
2112
394
3502
4031
400
3998
278
362
1523
996
3497
4909
5031
3493
5705
5034
2667
3993
276
5790
4828
3927
3543
4729
1642
6429
212
6793
1649
3900
6763
4723
5866
5853
4715
6833
2040
6143
6421
477
4776
2210
5124
261
1001
4073
3007
6459
1325
5803
5954
3595
5647
2443
6040
6111
3546
5919
2502
5917
5942
2385
5720
2378
1009
865
5614
5956
6188
5795
6002
2363
1043
5677
3727
6141
3512
1136
3800
654
2441
6053
748
5911
6118
899
3802
650
995
832
742
6031
6019
1931
5463
4885
6664
4057
4858
4856
6690
636
318
4816
6707
4783
270
4754
6768
6692
6769
4908
2099
3145
6578
3990
3994
3131
5014
1521
2118
384
381
2114
4928
1517
2655
387
6568
2989
2052
2761
1826
1978
4420
2859
4395
4477
4391
31
2842
7126
4303
1936
1933
4363
6825
4507
6927
211
199
2032
1698
4618
6879
4185
1724
1733
1735
4173
6914
156
6923
2967
2611
3558
6290
5208
3914
6263
1208
1328
506
5306
3832
5336
1218
6352
5345
531
5394
6295
6298
3308
5352
1256
6304
1241
1255
5371
6457
1191
1243
2153
5455
5136
5083
433
6256
6477
5073
3957
5098
460
2821
6528
5382
4380
3826
1908
1753
1766
1736
3779
2231
1108
5432
4159
5434
4307
4567
4511
1186
4328
1197
4229
1852
4364
3807
5410
878
5914
1713
881
2393
4440
4222
5907
1810
1216
4471
1797
4473
4386
4490
4327
2142
5851
1711
978
1329
5270
1557
5224
2092
2093
1525
5144
2170
5688
5742
999
4982
1002
1413
5101
2119
1481
5005
5081
1450
5038
5043
1508
974
4854
3894
3716
5871
1688
4635
5347
2055
2141
2056
2057
4727
930
4728
2374
2370
1643
1277
2219
2215
5792
4785
2068
5326
1058
5758
4825
4607
4052
5108
3065
271
266
3000
6772
6780
2994
3244
2713
3531
205
203
771
202
201
2728
175
6374
2561
6911
2958
2939
147
6334
6928
2919
683
6157
3014
297
3134
3143
6575
3490
6562
423
3110
367
2608
3506
6130
6662
546
6131
3409
6080
698
6509
6140
2593
6488
2681
3216
304
753
478
6133
6180
192
6940
6966
2769
6980
2524
7018
2898
5993
582
66
6269
3347
2791
6255
5951
632
5938
7048
2416
818
575
3297
2418
120
2758
2895
106
3307
3857
3813
5383
5453
6229
3359
3819
3822
5370
5125
1182
3947
2232
3830
6483
6257
1194
1181
2164
3959
5466
1144
3801
651
2615
1250
3804
649
438
6557
5042
5050
1434
3379
634
435
2144
645
1272
2553
5154
5405
2194
3328
5267
6420
3870
3245
1336
