4641
4642
4648
4647
6217
4649
4644
6215
4646
6221
4650
4643
4640
1431
6220
6213
6223
6214
5846
6226
2912
1360
3389
6222
6218
6315
1437
1430
2653
5930
1101
6927
4645
1172
1382
4931
139
2390
2668
6216
2679
4201
6327
6211
833
3744
3207
196
6280
1367
2904
6007
5900
1174
2674
4258
3337
6931
6852
2828
2663
6525
5969
3878
2772
6287
2956
5259
1388
110
2180
4653
2815
7131
3170
395
1433
1436
1366
5652
6527
5119
2930
3750
6395
5924
1454
6785
1677
6308
4654
3672
3585
2666
4842
1692
6976
2073
6920
6729
6922
4427
2452
1875
4659
2669
6913
1069
1026
3215
5529
3214
6119
3587
2827
6234
1004
5838
6900
5597
1450
2081
2207
4191
4189
5875
1432
5319
4628
5117
4028
3335
5228
3441
2331
6522
3315
4731
6826
6938
4603
3781
6005
5761
6038
6929
839
6532
4202
6943
5116
5968
3876
1701
2549
1195
4991
6290
3987
6937
6349
4020
3907
5026
6908
2445
6944
5807
6449
2584
446
1933
3784
5446
2774
1452
4843
2738
751
2721
5832
7140
3524
4320
3525
4249
2675
3583
3589
4923
4930
259
1935
1385
1364
6398
6397
1368
3208
2822
955
3218
1384
138
3606
738
6284
1020
5397
5945
5836
1021
3580
1015
5040
4455
6906
1170
3449
3547
5910
5948
1173
1874
4652
590
2323
3088
1028
6348
3002
6921
3790
4513
2424
4591
3286
4578
6917
6916
6933
6845
5450
1771
4875
1017
6521
4847
4841
6545
1787
4838
6554
6558
1903
5516
6910
6903
3584
4022
1456
5225
5729
2908
111
2915
4209
1609
1380
6219
116
118
4361
4196
6224
7052
4125
1233
5233
5230
5075
1438
2665
4271
7164
4104
1435
2673
4107
1355
2633
2678
4253
2075
2605
7081
6467
2589
6520
3332
3290
2776
2771
5074
4145
1730
7028
2844
3210
3852
1361
989
4937
4936
5200
2435
3238
140
4174
4133
2819
2795
3280
3789
6461
6824
1460
6530
6774
1830
2704
3503
3514
6760
1583
1512
3521
2329
6743
2632
686
2311
6677
660
3581
3582
3609
2664
2325
4200
3472
4199
4176
6531
4179
5231
5575
4088
7121
4193
4613
519
5492
6800
4194
2745
6795
6560
5872
6563
6787
3699
2082
1781
2882
6457
3602
6295
5436
2914
4456
6934
3063
3135
1704
4029
6949
4414
3132
6946
6320
217
2188
6212
1650
4998
1659
248
1708
5162
2498
5077
3004
5773
6914
262
6912
3608
5479
807
2481
251
5477
71
2489
4492
3615
6566
776
1120
3588
5236
4192
6832
4162
4673
4048
1100
4175
2661
1553
838
2597
4849
6534
3605
5577
5913
1110
4846
260
2179
7
5520
3044
2170
1879
6971
6039
2975
4240
6626
3530
245
246
5641
2677
2068
5045
2634
1540
767
575
2700
5985
1591
5020
6782
4198
6687
731
6990
5559
3965
653
4021
6062
3478
4742
5557
2330
3756
5765
5148
2826
5656
5655
1393
6394
3295
340
1357
3783
6402
4511
2919
5805
2903
5417
4938
4989
3787
2431
5069
2586
5653
1739
136
444
3297
1365
6091
5163
3216
2547
3230
5659
5963
7030
6904
6405
3764
6932
4576
4547
7032
4877
1939
1343
1700
2545
203
6387
4599
2001
3812
202
1287
4365
984
6003
3516
5301
6043
6404
3046
1511
1516
5226
6037
2862
2847
1550
5912
2845
2444
2829
6392
6393
3575
985
669
4689
3024
5957
6031
3548
1362
5087
1176
4968
3541
2448
3562
5995
5099
3082
6549
5145
1076
3099
6325
2475
5471
4671
825
1455
6472
3299
3313
2770
3101
3328
841
6088
3108
6513
1280
6528
6342
6526
3336
1286
3289
3050
6556
5312
2911
1832
1657
2913
2327
2491
2562
3248
1062
5022
5115
1381
1589
6311
5441
1471
752
2798
4781
760
2917
765
1683
5372
6450
5011
5873
1702
2873
4797
3662
131
5632
6762
5550
6941
588
133
4077
258
5691
134
1968
7053
6957
3896
6739
2216
2200
4170
6792
3829
7088
4437
6853
443
3782
3914
5733
5571
440
3981
3695
7123
3794
6926
269
561
4592
4514
4367
7129
4160
7087
5579
114
5821
4024
2254
4017
6902
152
4491
5789
4190
391
5578
2004
3614
4375
2288
7000
4025
4023
5699
6998
84
1985
3649
4085
6805
7020
5660
3868
6803
7002
3786
6090
1932
4999
5448
2551
1458
2850
7024
6850
3298
1023
4597
6482
3742
4181
3312
2241
6524
1451
5227
6827
2230
4870
6511
6459
4868
5005
6939
4601
1605
3105
6816
3090
7086
2406
5675
3316
6696
2869
2867
7019
6947
1618
117
4570
6878
988
1955
362
6919
6918
2567
359
3823
4941
4939
5907
1054
981
3820
4567
3843
6905
2561
3196
6911
1032
4117
5602
2447
2823
1041
6391
143
3848
3847
3209
6930
4517
4935
2430
4366
2790
929
5667
346
3256
342
3919
3282
445
4993
447
4996
6928
6347
1340
3249
4934
4933
5588
6346
6925
3810
6438
954
4369
2000
1705
7004
5204
2574
1389
4604
3877
4844
4003
1285
5273
4052
266
6609
6036
6286
206
4329
5558
1198
1197
1196
1282
6289
735
4762
1824
5044
4845
1821
749
6783
5831
4406
3040
4778
3988
5829
7144
5254
2043
4264
4672
4425
6699
4280
3626
3
1656
6679
4657
6730
3576
4278
4683
1653
3000
4016
244
4273
1873
3561
1541
2944
3556
4700
1652
6738
4704
1534
6648
3528
1658
4071
6292
5499
6153
3049
4490
6953
4074
3398
1129
512
6789
6966
5572
533
5869
3071
817
7127
5825
1162
5987
5657
6574
4615
4616
2492
5156
6804
6539
1788
823
5515
2182
6968
3062
7125
6955
3043
6945
1140
316
6235
4047
256
6231
2449
2541
6206
5370
4035
2886
2542
1124
5642
4027
2442
5915
2485
2204
4391
2961
4955
4426
1351
4494
5016
3095
241
1279
4418
1042
247
2183
5786
5050
1709
5133
6979
3030
1077
4056
6293
6299
1079
3109
4058
5001
1175
4087
3989
6341
5781
