5129
2858
5035
2418
5041
2850
4415
2414
659
7065
2413
6041
5031
7068
2855
38
5305
4818
1031
6330
5032
1039
4735
5127
4413
1528
5321
6048
1046
3118
4819
5126
5362
1049
4810
2969
7100
4470
5467
573
5120
4730
6049
2857
6487
832
4815
4733
36
6882
6638
6207
2860
1994
6600
5122
4562
4732
5039
5707
338
5464
5466
2859
5700
4811
4865
3116
5368
4813
5309
4225
3992
6696
1034
2895
2908
6653
4473
7104
4873
6622
5986
224
5469
1510
2964
2410
1645
6332
4346
6886
2853
4814
2851
1501
5036
4484
334
3340
32
2800
6040
2809
5013
4357
1632
7107
1035
2045
1032
6654
4942
577
6631
5123
6639
3647
3998
6973
3785
5514
3126
4739
1517
4477
4816
6042
1521
2417
1030
401
7109
5053
6629
180
5030
274
7102
2889
3990
6656
3994
5011
6509
4550
6658
330
3305
332
215
6370
4476
2238
5043
2309
7103
5078
2483
7044
5124
930
877
2651
3900
879
5057
6607
4228
2561
6542
3308
862
5509
4558
6640
2145
5842
6473
3995
4418
5217
2346
2412
4472
2411
5788
4479
6624
5042
4817
3070
6261
6644
6797
6788
6787
6321
2401
2892
2176
5022
3210
2890
6881
6879
5029
1042
4138
4736
6596
6652
5461
1038
1783
5463
6609
6633
1456
3993
6590
1450
4417
4416
331
6602
4229
5981
6611
3125
3119
3110
6832
6488
5318
3062
971
4934
6848
7125
1760
6884
6888
834
5460
2823
2817
838
5515
5047
878
3412
371
202
1554
214
6284
4567
6394
6697
4734
183
655
3232
5517
3176
1138
2362
772
6603
5308
4111
5207
1321
5211
4474
716
4173
4343
6549
4349
4809
5679
6414
5699
4478
6513
6053
4345
1335
1694
6776
2419
7042
7060
6630
1990
3629
1666
6692
1802
1933
2300
3947
7126
2021
2856
6619
2866
3997
6728
2891
6659
6651
2014
2455
6610
147
4776
4738
1343
1629
186
6272
1065
4638
4635
4622
6386
1093
6727
4559
1134
1642
187
6898
136
2095
5648
5616
5853
5870
5520
2025
5403
2315
35
5325
4899
2320
5209
6044
2454
482
1819
6915
1810
3513
6887
6201
6205
1973
6455
576
4328
6595
3618
308
3960
1231
6645
6632
1505
3867
6601
1507
6605
6559
3692
1237
4419
337
4188
6606
6655
1523
4402
6970
1872
865
1905
1902
6979
3589
6086
1848
2770
6560
3833
112
2904
3729
4922
965
6657
4894
1868
1829
5304
5208
4024
2134
5784
2165
2166
5615
2044
5528
2220
7140
2247
270
4155
2302
7106
5949
7105
5386
5350
1276
5320
39
6628
2408
6238
5303
5294
7063
5210
4258
3054
1813
1009
4530
1664
6398
3202
3700
4737
3203
3376
1504
3679
225
409
3611
3374
6765
4458
4663
4686
182
189
3258
3136
4411
3292
1545
4528
4862
3135
3091
6453
152
6820
4480
1205
430
4377
5749
599
4632
3580
5356
1074
2067
4659
5327
4447
5802
578
3347
1986
1293
2007
1300
4617
2212
3999
1546
5587
1355
3493
5523
3471
1508
1089
2170
4583
2169
5512
1158
1369
5484
3564
696
5706
2365
3090
3231
4441
5063
881
1004
5056
888
2790
1413
3588
1418
1221
2852
1006
3786
3736
5005
1215
2912
2919
4956
3007
4902
3096
4901
1725
4362
2661
3701
2641
775
3244
1624
5216
5213
3903
3064
4240
3640
2416
819
5190
4274
2426
2436
3217
1033
1643
3206
3204
2539
2583
2613
1879
2631
2407
3113
2087
574
6861
7092
6868
367
6870
478
5854
479
481
333
5838
185
7026
188
6591
300
5976
6913
6613
6616
6621
276
6925
6968
212
6650
239
45
7095
7032
400
7153
408
7096
6798
6234
7150
5944
6187
6186
6782
6850
6226
6218
6849
5830
3612
6791
3586
6792
723
156
787
226
1511
211
3558
5408
3595
1512
1529
5331
5307
3509
181
5349
5353
1630
6768
751
184
5364
3512
5367
3344
3361
5375
4929
5311
3461
3468
5306
3205
3619
3991
6019
4428
4442
1143
4556
4564
4580
901
903
6393
1082
5033
1203
6378
4675
405
406
1037
6329
6197
6297
6277
937
6260
6232
395
3642
329
1241
5214
3722
6649
3858
6636
503
3882
3904
5146
5145
5422
1224
6614
6612
1322
5121
4118
5111
5104
6598
4186
4219
864
6576
4046
1678
4936
3095
5681
2484
2534
5647
2619
6825
5617
650
6944
2453
2643
2774
2777
2778
6934
2792
2795
2810
5526
2811
1853
2451
2450
1949
572
2103
2144
2160
2164
5809
2054
5787
2178
2049
5773
7129
2023
7121
2301
2307
30
2339
5714
7064
2421
1806
2822
5630
1784
1769
3093
3017
2829
2897
2854
3016
2830
2930
5934
6891
5912
4471
7091
1974
3473
6772
6421
1128
4555
1976
2356
4575
1112
3001
6425
4429
6540
4425
7003
1277
4222
1271
1627
2902
1259
4329
7066
1939
1947
3216
2420
7048
3214
4581
1197
4409
4353
2321
2001
7101
4757
157
4805
1007
423
6288
6286
6282
2172
1670
4867
6834
3074
2
6833
447
962
4755
4750
3067
4745
4591
2470
6383
1646
135
2303
1067
7108
4588
1647
6846
2013
4706
2088
3201
3200
3175
1711
6345
4202
2900
2471
2737
2703
3677
3690
6939
2659
3703
3709
3710
6880
3723
2656
2652
6943
3742
3746
3780
3617
6938
3281
1500
2825
3475
100
201
3501
3502
3506
3451
3788
6716
2835
2804
2791
213
3312
3604
6749
223
206
3831
3844
3850
6974
2568
4070
4071
575
6977
4102
6604
4031
1904
2488
4119
1625
6980
6599
2827
4159
4167
1623
4191
1622
1886
3854
3252
2642
3250
2633
1388
6634
6965
2588
3924
3943
6874
3945
3963
1881
278
6620
6618
3930
6734
3584
5610
5767
5206
5516
5758
5906
770
489
5831
934
5142
5265
5218
4997
6178
6208
5948
711
5477
5694
6072
884
5687
5018
5641
5685
6102
6200
5834
5667
5266
5721
6015
767
560
491
6159
5324
5529
