6224
4653
1101
601
3295
110
6226
4652
660
177
1230
5147
4086
2401
6222
561
117
5028
4657
5027
4918
1887
3099
5026
663
4656
669
1451
5069
4081
5023
6223
1044
609
3868
4650
2200
2828
3478
4959
6233
3138
3867
1432
1676
917
4246
914
817
4482
1881
4486
3602
6220
3737
5119
4205
5029
3739
4085
4169
4365
6323
6327
1437
4112
603
4578
1608
4241
6221
5920
6340
1546
1100
3790
5142
3746
1431
4628
6214
4361
3869
6355
3736
564
4685
1882
6229
4647
606
5501
6231
4654
6852
6213
4705
5115
6067
9
1538
665
5924
338
288
1364
928
4516
1677
2062
3741
4645
2228
3732
3730
1426
3748
4913
4243
260
4366
249
5543
4167
4416
5538
1541
4162
4125
3743
6438
3733
4570
5114
3388
4646
5584
5930
2599
1369
2489
5875
3386
2793
5779
6754
2884
2993
6729
1331
6228
1430
4810
6237
929
4658
6239
1435
4673
5126
5125
5226
6177
4420
2376
2767
1337
5067
1383
6164
4488
5903
1885
211
5161
4483
5912
1543
39
4164
4850
37
1536
4655
2819
6476
3567
1420
1781
6893
1433
3735
666
6217
6325
6216
5077
6215
1335
6397
1880
6400
4324
6163
3749
2237
3796
2199
4952
1591
920
5953
6396
2304
2351
6710
5117
5141
4201
1647
930
6752
878
2349
4248
5948
4072
5929
3738
2999
3001
6328
1787
3637
6662
6227
3170
1102
1063
3260
3449
3282
6871
3740
5941
2895
1023
4165
2622
4115
2662
2663
2669
4084
6171
4063
6575
3878
3877
6701
3862
1770
2875
3167
3763
1428
63
4459
45
4376
175
7080
4445
4838
4911
1438
4508
4576
1553
97
98
4571
4916
4950
4702
178
4726
7
5020
1388
4596
1310
4708
4679
1330
1427
350
6778
4500
6022
4579
5712
3070
4089
969
5669
4592
5949
846
6557
6365
3579
5165
1174
7119
2995
3804
6332
4922
5832
2698
2697
115
1759
1776
1385
2126
5022
792
7094
4058
6167
5900
810
2882
174
3734
3987
3731
3989
4929
2415
6329
3672
69
2581
4541
1362
3539
4371
2300
6060
4375
2193
2221
1053
4885
4914
6886
3440
4644
285
4883
4379
2337
4316
1084
99
6854
6280
4244
4326
2209
5036
4160
544
3150
4166
6045
2390
6235
3157
6740
1871
4457
667
5601
925
5808
3806
3744
597
2768
6951
3747
608
2047
6955
6648
3286
6956
7089
2814
1065
3256
1020
60
4672
2070
607
6300
3215
100
6525
7116
7114
1429
5710
4609
7168
3154
6315
3565
4704
3807
3534
3530
5667
4573
3236
5417
2998
1026
6823
1028
5564
6287
4965
1994
5557
6696
5385
2947
6454
4643
4642
4641
5530
450
6588
1768
1236
215
6554
1670
212
966
2418
7019
861
2100
877
6005
2141
5980
5171
5973
1515
4083
6161
2561
981
383
4854
1692
1338
7074
6401
6399
2
3
4370
284
1606
2312
6394
4256
5034
4247
246
4236
2348
4231
1632
2192
7032
2177
2387
1653
4245
4019
1967
2590
4010
7083
6573
414
6481
6345
5265
3853
3949
6173
2672
4919
5259
5310
5227
3851
34
6704
2739
5848
2216
2261
2343
5885
2679
5632
54
50
4915
2078
114
3169
6170
3291
2184
3164
885
2342
6703
2822
2308
5605
1990
2203
1062
2690
3227
2810
7163
919
3221
6746
5846
2196
6078
3210
4670
1055
5629
2674
961
4968
2607
723
1037
5923
36
2930
1360
825
1407
2028
985
5714
5715
30
982
5718
75
1423
2945
1422
32
5995
6794
2166
1363
3161
4701
1382
2666
2008
4703
5887
2664
3152
2175
3139
4855
965
3133
3132
3116
3108
812
2892
6007
4803
689
4725
263
2232
3698
5174
6556
6927
501
4111
3662
5393
4572
4489
3629
4116
4120
6666
1830
6667
1832
4480
1107
5145
6523
6445
1545
204
5024
5007
7011
1761
5312
3303
3863
7085
6341
3874
4514
4512
3803
3801
3488
1717
3794
404
1476
3995
395
1250
6358
1679
4548
4494
7081
1715
4600
6321
4314
4640
5050
4242
134
4249
5104
1617
6548
6449
3350
6281
1555
4320
602
4367
1592
6404
605
270
5048
3431
1501
566
4208
5518
6451
2347
6997
988
2222
1658
1714
7156
814
6570
4373
278
2608
5260
1713
6
986
283
1605
2613
1293
2365
3998
6127
3855
3860
1571
2379
3865
4334
6534
6168
2670
5124
926
3883
4329
3889
1291
2656
6166
5925
7082
5224
6159
5110
1339
963
4490
2169
214
2156
4114
2167
4139
1549
2345
2471
3854
4400
6017
1525
2424
6708
351
1626
1675
5220
239
2588
1170
224
2568
7003
1667
4873
7004
1631
2211
7078
1530
7164
6706
5089
2355
2330
2331
7162
3294
2109
4615
5499
3470
3498
6301
6225
3506
3113
1837
5469
4734
3090
1117
155
3606
5424
512
5415
3647
5397
2992
502
4770
2976
2955
5744
4568
92
4700
1048
562
1072
116
3285
111
3277
4649
4676
4364
132
3321
5608
3335
4683
4567
3232
590
1083
5566
3217
5559
1904
6294
3207
5536
5636
6887
3435
6691
591
2936
776
1778
1777
2077
5338
5324
2827
1012
2931
2823
6700
2088
2815
4808
1774
6643
1771
1005
2751
6178
447
1766
53
444
51
5309
6187
2852
2825
4547
2043
2908
3745
2912
170
4807
6953
2870
6459
4545
7093
4544
1253
5754
2040
1487
1514
6261
1298
6578
1042
6247
1772
1767
2225
1950
2106
2227
1436
6398
1299
2229
1561
1384
1773
1735
6308
6356
1843
1840
6299
1637
6146
6668
2082
1636
6555
984
1440
967
1630
987
6432
1817
1889
1305
1997
1749
6165
6690
1060
6550
1671
2451
3663
3611
3620
3633
3679
5386
3797
3800
3802
3805
3809
3811
3610
5315
5305
436
425
3898
398
5202
5200
4035
4087
5169
4109
440
3609
5449
3550
3239
5603
5599
3289
3302
3308
3327
589
588
585
5552
5550
5539
3438
3466
5498
5492
5486
3503
