6228
6327
733
3132
4932
4652
4651
1255
732
3866
5344
4596
2
4254
4016
5998
6222
3133
1101
2589
4655
4163
6325
4653
1100
1388
5141
5069
4965
949
2123
945
3
4338
6221
3295
3307
4952
5116
5159
4656
1384
3369
1174
1360
4205
3291
4650
977
2823
4679
5343
3773
947
2825
4012
6346
6695
4959
5779
6323
1253
6161
7133
3580
5999
5024
4160
5074
2822
1980
4164
5949
5145
5146
2401
6451
4013
5632
633
6890
1366
1364
5983
1245
4654
2462
5992
2187
3584
4975
491
6488
6479
600
806
6225
4901
6211
971
5991
1233
1393
5310
5259
6210
4337
5023
4167
3763
60
2972
4165
3762
3588
2826
3441
4169
4162
2952
2956
4677
302
3782
4200
4674
5331
5026
1830
927
4978
1427
5635
942
1336
6979
1385
4920
4922
4929
5022
3968
4166
856
72
5
9
660
669
6365
6788
4481
2425
2412
2405
5147
3364
6326
6329
6321
6803
5157
4204
3633
4088
6215
1893
3579
2895
4060
2934
5590
5144
4018
1571
5291
2590
5997
6887
1
6648
6347
730
3485
333
770
795
807
6224
307
3168
1028
6016
3138
3825
3926
5920
1240
3963
1259
5761
1339
2936
1837
1424
382
4253
7031
4976
2793
2332
4567
5078
2169
2355
4241
4462
2358
4963
4416
2105
2109
4327
5756
2237
2209
6111
969
2121
4185
2124
3933
2165
2125
3898
6993
849
4645
846
4396
4
493
6576
561
3438
4442
6414
2490
6213
2480
3362
3504
4564
4592
133
6232
6231
1299
2680
736
262
1834
1570
1399
5251
65
5154
4971
5151
2933
4960
193
5042
2829
1381
195
6885
5494
5076
5143
199
5315
1904
5254
3360
5038
808
794
4307
5274
6310
3560
803
5179
801
5032
1688
6318
5156
4532
439
5101
4125
535
1881
4435
3435
2828
2504
627
6411
662
2489
6380
2483
6348
3410
1890
2608
738
1578
4181
423
2171
1395
1390
4719
4742
3816
2129
3015
1380
1158
3939
5836
3960
4957
4168
1248
2000
2976
2959
5693
5766
4825
4902
1025
3312
983
3170
3301
4873
6219
4247
845
5427
5460
3605
4988
4202
3637
1429
6142
918
4201
2249
4333
943
2231
3178
2931
2791
966
4187
1045
1711
98
6903
188
7127
6892
7080
6913
7093
6834
6898
178
7070
5885
1880
1232
4484
3097
1657
3092
5840
1047
796
2467
1870
2664
198
5769
37
3727
5592
6220
1990
1776
3751
3757
3130
5113
3768
3155
6896
4681
1361
6356
6518
3171
3881
2943
6507
2308
6051
6319
6118
3969
4908
338
3004
4203
2954
2350
2945
4478
2935
4921
7122
3997
3885
937
1383
5050
4105
5646
783
5842
1396
3038
4206
779
4878
2376
579
6413
1024
3931
6123
4465
5335
4472
4695
5401
6392
5526
6839
1906
3581
1143
7149
4323
3586
2186
4985
901
4698
6390
2166
3349
7157
1511
1513
2796
2415
4439
5501
5924
2410
1105
2094
5463
2794
3367
3363
75
1902
6152
961
3645
3614
1437
5817
4599
6915
5253
5034
1692
5260
110
5785
597
82
5148
5100
5272
2303
877
6124
348
6938
6150
5277
2885
4235
963
771
6214
4239
1438
774
5106
6827
1518
5124
6112
1331
6330
2509
3692
2939
5948
6196
6340
2912
6943
3671
6218
1309
5584
3769
2743
5802
4778
6168
1515
5474
4568
941
1608
1838
92
1613
6343
3998
3402
347
303
6131
978
4393
6604
4083
844
4676
492
5772
5622
2650
1432
1230
2658
6634
823
5112
3847
6541
6704
1883
1069
4847
1428
4682
34
6234
1430
3604
5623
5987
2624
3766
1934
2852
3608
1986
1787
4450
5347
1675
4726
3754
1626
4460
1744
4390
5523
6917
2464
5644
5980
194
7078
6226
4359
4859
5302
797
2788
3571
4318
1041
3878
4533
3565
7032
3557
7060
4968
6349
7061
6358
5095
965
6101
1872
743
6148
6824
2610
317
1239
840
841
1905
7081
2585
270
2615
865
867
6165
1251
189
2532
2529
4422
4434
4438
6177
1243
7075
739
115
5046
1306
1949
4970
301
336
5755
5077
5072
2708
5064
6128
2486
4242
6293
4249
1288
4257
792
2417
1279
1876
4308
4977
913
4244
970
6944
5733
6019
6018
5321
6608
1423
6902
7028
3139
3774
3164
4839
1433
1628
4689
6614
4690
5627
6555
3921
5293
7137
6043
138
3050
1053
1038
5642
6371
4668
4670
4671
6548
6040
6649
3210
3693
1483
3516
5433
3361
401
1104
5393
5923
3400
1514
6755
381
2126
2122
1519
5381
5365
1572
464
5895
5563
458
3648
5345
1589
6863
1080
3598
5542
3292
150
3306
3582
3922
2277
2505
6978
6449
4560
2949
2352
2354
1363
4918
4553
6427
4017
6419
2904
4030
2366
7130
4038
4924
2877
5702
4077
666
4926
4928
4086
5150
6934
5126
689
976
4129
994
3995
2930
5271
2021
3012
4915
1717
3925
5275
3942
168
4584
1392
1716
2318
1391
6134
6956
5884
5982
6084
2025
5910
6041
4826
5793
6091
2093
2271
2416
6965
6992
6997
1983
1033
5925
4810
185
2500
4755
962
2267
4828
6871
5986
902
2495
5891
946
2051
4982
5889
4597
1189
6140
117
5886
1007
7007
2233
6840
4576
2068
4895
7068
2380
1184
993
1955
4697
4451
1040
4657
4659
6119
2365
4473
2304
5996
1953
1085
2472
191
7074
2944
2947
3294
4000
1575
6194
1365
3587
7144
1369
450
2975
7131
609
3965
5249
7132
6434
3949
2932
2928
2816
7110
2827
4112
4104
1774
6922
4081
5403
2875
6412
5363
3297
5192
5688
6888
2908
6706
2814
3005
5648
3756
3867
3856
3175
6766
538
1647
239
5626
1642
5319
3835
3154
3817
5324
3788
35
5299
591
5636
6643
6772
6481
1451
3924
246
1394
574
573
5288
3909
1616
562
3893
1619
3883
5298
3880
6519
4124
2818
96
1270
2637
4305
1877
5504
1875
5760
2625
5759
2685
97
4246
4245
