6223
6220
6226
6215
5832
5833
1101
4644
603
5836
6213
4647
5835
5831
562
155
4653
4642
1381
4650
1384
1382
6216
1079
6217
4645
177
5834
4643
6224
3868
4654
6222
3980
2647
561
6400
6406
661
601
5154
5312
4649
2481
2246
608
2827
1787
4648
4334
6214
1620
4646
2242
5830
4201
5100
3478
2082
1077
606
5900
152
1516
4554
1053
6803
1070
1885
1088
2200
3343
2401
2240
669
2247
665
1172
660
4382
3637
2678
1626
3473
7031
2109
609
2000
2409
3772
6327
6348
2677
4081
3295
5839
6401
1388
5348
2439
5074
151
5076
4249
1657
2101
6422
4047
3349
5370
5712
2485
6805
1511
4185
4449
4156
190
5958
4391
6212
2103
2912
4628
817
1881
3176
5148
814
4633
6418
1100
3771
153
1629
1884
4104
4641
1437
3170
7
2241
5951
1431
3545
6208
5049
4370
4652
2963
4513
1771
1230
110
4517
1540
4125
2483
1736
6166
4338
3479
607
5969
6038
3315
5045
3998
6394
1170
3695
4208
5024
2307
378
2076
3933
1387
3863
5923
5115
5960
3840
2300
4105
4109
3995
1174
2679
751
395
6169
4955
3907
5048
5876
1882
3539
1283
5278
565
1781
3602
5575
1782
2390
4623
6022
3348
5788
841
4279
6045
6032
5856
4428
1589
6329
6801
6675
4394
5669
4381
4316
4244
6311
3503
7028
5954
7158
4313
1548
2717
7139
5010
5982
6147
2244
2100
4700
1389
4359
2452
6856
3175
2431
4041
3267
4032
351
1177
4423
3293
3298
1578
5930
1571
6951
479
4435
3992
3040
3346
4374
2703
2456
2814
2817
266
3588
6906
1820
6168
756
6016
5108
807
806
6804
5206
4578
175
2633
202
1903
4239
179
4209
1955
6218
1054
136
803
4508
2652
1779
2081
6402
4311
3486
3530
3549
7032
6729
2828
4317
4418
5957
4204
5956
4500
4422
2302
338
4346
369
4269
4176
4737
2532
6809
6019
442
2261
393
4640
564
6499
2451
566
4265
4262
4426
440
1203
2245
6800
1076
3474
5147
3759
5120
1733
5113
6280
1104
6388
2883
1433
6420
7105
1543
2979
3369
1422
3024
1420
7106
1950
5174
174
99
5440
1792
6231
6229
3521
1055
7137
6852
6513
1806
5837
139
5275
1073
1474
6397
4085
1738
3477
131
6293
5073
936
3989
2698
3063
4918
1583
1372
3291
1359
3290
651
4038
4842
1598
6325
6957
4952
2706
1783
5033
5030
4967
5026
5022
2798
2078
5036
2771
1570
5039
2106
3966
5042
3336
6387
3252
6323
6874
6237
877
4315
878
6315
4356
883
3138
4318
3294
4333
7003
3296
4376
1004
3475
3335
6357
1247
3410
4353
3498
1017
4082
2537
2824
2823
4180
3877
3878
6161
3960
2656
2669
4128
3862
6942
4122
1178
653
4108
4107
6134
6955
4102
6121
4072
6142
6899
3848
6845
844
838
2574
2969
833
6405
1069
6221
4264
4263
3843
6481
4246
2925
3692
2908
2906
3744
3754
3781
2887
3788
798
1613
4425
4417
196
194
192
1965
5171
2309
6536
1883
1875
5309
1807
1503
6535
98
2331
2333
5450
197
5474
5142
206
1354
1357
2231
2173
4900
6570
4901
5020
5047
5069
5075
5078
5089
6539
5107
6538
5117
4657
1747
2215
4459
1554
2403
1553
2402
6679
4429
2379
1732
5577
1590
5585
5653
1625
4421
1281
1285
1653
7021
2406
5557
6419
1436
217
3819
1592
3299
2027
5126
2819
1427
1042
3881
1621
4878
4030
4882
2203
7064
2680
5660
6344
3874
4915
2697
4929
3987
3981
6453
2776
5011
6931
1978
6576
1630
6305
3751
3567
3548
6855
1512
6854
3541
3540
1769
6393
7148
1047
1754
5773
1538
1749
885
1737
3476
1536
7140
6398
3758
5345
3589
1098
6395
937
195
6349
1086
6364
6365
1563
1805
1078
1887
5214
919
1479
5846
1880
3610
4836
1856
5200
140
5067
2237
4133
4266
6549
2540
4355
4740
6530
6081
6806
2479
6785
4787
425
4786
4655
356
4656
2329
1195
1289
1218
6088
4689
4636
4100
4098
4514
4078
6787
4396
6010
441
2614
2533
2243
1214
4516
2337
4086
406
633
4377
2654
2675
7033
4574
2674
2444
1297
97
2561
5415
1075
1768
3519
1048
6234
872
2547
5460
1804
1788
5233
1310
2612
5259
5263
4577
6408
3606
4261
6910
4570
4567
6227
2312
1811
1810
5317
3587
839
7168
426
1766
3580
5347
6228
3571
3565
6730
1789
2330
1045
1292
5469
1676
4482
1016
1248
1287
3316
1670
5597
4476
1656
4451
997
1654
6878
1700
4450
1253
6036
5654
993
7023
4384
1595
6335
5675
1627
981
1622
1606
1618
6696
3338
4337
6714
6239
1044
5473
444
6532
5479
5225
68
4310
67
447
1041
3449
4506
3434
6996
6997
3045
4502
1712
3347
4503
4329
5465
2470
533
5531
1731
1290
7142
7034
1718
5216
3207
6763
5974
2069
2658
2067
3867
2696
5065
2841
2672
2424
5044
6573
3844
6840
3999
6922
5981
2248
668
4106
754
1430
2233
3880
3884
5023
2705
4965
4950
2700
2119
2115
347
4986
6943
4103
3924
4988
3920
2772
2781
5964
1141
6588
5925
712
2801
3900
2816
2172
1173
2881
5106
1091
4083
6080
1451
2179
2916
400
6203
394
1345
191
2305
1907
5173
172
6136
6956
7116
1085
1450
6201
4658
4683
2295
2007
4162
4169
3766
1994
4957
4183
203
3756
2636
1250
2213
6326
1385
2226
6556
1383
6703
3203
6557
1179
1572
3095
2184
1599
2692
3097
1596
3142
1347
2232
2204
6571
990
3144
2684
1360
1176
1182
6458
2638
1800
2970
2318
1809
2914
1813
1840
1084
2003
1871
1217
2954
1901
1893
1312
1470
2938
2930
1471
1912
2882
2008
1772
3048
6774
3026
2104
6449
2475
2762
3004
6767
2311
2062
2060
2845
2855
6839
2856
1423
1425
1426
2879
2335
1288
6555
3630
446
5104
225
6927
3870
5061
5046
256
5029
6162
262
6160
269
4968
