7098
2860
1530
3361
6753
5129
4818
4246
2865
4241
1521
5104
2851
2414
6048
2412
3466
4245
1031
6041
3930
4167
878
7096
6183
2599
3570
3214
607
6980
4657
6749
5118
4211
1666
4223
4226
6042
1663
4739
5011
4242
4562
804
1538
4811
693
690
659
38
7094
5386
5364
2411
6404
4474
3574
2259
4816
6913
400
817
6265
848
489
2951
2825
1010
5270
2413
5041
7136
2041
5032
2043
4441
1258
4713
3089
4780
3113
4867
4247
4229
1109
4622
3308
4732
2855
4819
3279
6981
3261
6750
3219
1427
1037
1043
3961
2476
6163
5686
5633
3492
692
6238
5466
3700
5321
2709
4557
6560
1131
1550
2410
3118
3116
3133
25
1680
6968
4215
2605
3716
6917
2418
4567
4216
4115
3710
92
1647
5616
3115
3207
6529
6158
1618
5683
2365
5124
5467
1259
7030
1309
2045
658
2047
6237
884
4714
35
877
379
694
698
2539
4169
6218
3513
5397
4240
6472
2878
1563
5053
1872
5699
4166
3340
1568
1887
4238
4865
5681
5368
4477
4457
338
334
2809
6668
1349
6260
36
3516
5305
6755
2012
409
1990
2124
2134
1181
2149
1426
4346
6788
4244
288
32
4087
6040
6321
6326
6170
4733
4813
6332
1664
893
1612
4815
3268
3748
3737
7075
2429
691
1986
4559
4248
755
2471
1643
5205
3704
4351
1790
4575
4576
1797
5230
4599
4503
1207
6246
2046
1295
6684
4470
1293
3033
337
6994
4550
696
2075
6663
6661
3779
1355
6208
1253
3090
583
6226
2868
3571
4243
215
4225
1496
6848
1005
1002
5750
5138
6925
5101
6861
4188
2317
1534
1918
4734
2950
944
1012
6431
6818
930
105
5139
1032
3386
926
6440
5031
1039
37
5436
4160
3858
2089
1249
7097
6191
392
3739
2643
2594
4138
645
4058
927
6453
6398
5856
3730
4458
928
6216
5461
6587
3717
3629
3192
2723
601
2200
3582
3583
846
4232
1086
6523
6344
3598
841
2692
6101
2273
3135
2154
6329
6179
980
4413
5489
2114
2676
2121
1164
6007
5506
2417
6367
428
6579
752
5542
7090
5752
3514
4472
1528
1524
22
1501
5125
5126
2890
6820
6812
4634
1536
4631
1933
2863
5202
270
6792
2856
1962
3411
1400
4551
2864
4537
3322
1564
4862
1754
1709
4908
1772
7033
4918
2982
3266
1672
1871
1669
3270
4964
1610
107
4730
5036
1848
2941
4720
2929
1659
2011
6261
4501
3477
4478
1359
3445
4480
5320
1539
3470
2407
2409
371
2953
2416
6915
1837
3666
4476
851
573
850
2631
4735
3295
6360
4738
4747
4729
4201
1510
95
4180
4168
1875
1873
4482
5096
1553
929
6459
1569
4099
2942
1525
1591
4062
5044
1343
6075
2646
5985
1562
4010
3277
6696
1775
4812
2037
2561
1705
1706
3498
3497
3733
3250
4829
3736
3738
4880
4844
682
1726
7008
4864
3743
3719
6193
6187
6186
6102
3993
4749
1819
2622
1641
3935
6943
1648
3909
6348
3711
609
4961
4959
3901
1325
3713
3900
6965
1307
744
2973
4664
5742
3606
1973
2214
402
2858
1967
2087
1197
426
6752
2140
5309
6584
2128
2257
5684
481
6793
6799
5682
3536
3588
6521
2222
4357
4374
2850
2093
1003
408
2820
278
4222
2095
2823
5482
5141
1904
3457
320
4447
1475
2826
4352
2270
1323
2049
4355
2035
2034
5306
2165
1660
765
3904
7119
1970
6164
2042
3891
6252
1312
4415
5481
689
2103
4882
4394
4504
5294
3094
1993
28
5303
3091
4904
2044
3131
2534
2126
4556
4345
4923
2130
2131
1407
699
1951
5594
1634
5949
4110
4113
5924
2060
2062
5074
4118
1866
1351
1335
4456
4442
3146
4155
4158
4479
5865
5147
1030
1545
4656
4448
5127
2289
4444
5762
1348
30
5695
4332
5977
4080
2473
1136
1135
2184
5307
1124
5210
813
6095
6093
1447
6053
6049
4736
2014
847
5629
1088
1084
1082
4046
4279
2227
2229
2237
5029
5200
1257
5691
5170
5471
115
924
3512
6944
391
395
2829
634
6948
3272
398
2948
501
6478
405
3611
6961
381
2626
6934
6298
2949
3462
6726
6737
3303
3453
3715
314
2607
6308
3313
3314
2822
508
6443
2765
6776
3708
3734
6802
6988
580
2892
6987
654
6393
6797
3208
2861
2877
6528
3741
2630
6577
5870
6394
6391
5175
6756
5302
310
532
332
5854
6454
331
1370
1369
3664
2642
951
3451
5875
4162
1357
1373
1959
5987
6412
1429
5236
5220
3413
7043
5241
4084
6418
4081
5590
4114
300
1932
6789
2662
5206
2362
1939
879
2828
5201
1994
1999
2645
2644
5287
4596
2661
3641
6455
2231
2141
2235
3587
2139
2138
2132
3533
6506
45
7104
414
5477
491
2098
5536
7065
1166
2155
2197
4312
7058
2722
1099
6536
2215
4417
2169
2727
2159
6525
1083
468
5639
1160
7107
342
1034
5462
2048
1300
6691
981
6025
2305
3502
3206
4202
3647
520
351
1324
1331
5838
5758
6687
4471
4212
2092
53
2091
2086
502
2757
4221
1237
4452
507
5387
2067
5380
5373
4460
5754
5735
4653
888
3084
3278
6173
2634
4745
5006
170
6327
4755
4762
4765
2514
4772
4776
1642
4759
6938
763
176
5090
3960
5089
3309
5086
1862
1616
5081
3305
1850
2944
5040
3083
2952
5057
3275
3850
6947
1766
6266
6239
6992
1707
4826
4897
3000
3244
3746
662
1731
3740
3215
4884
2993
695
1774
4796
3823
6956
6224
717
1665
4807
710
4939
1674
4933
4810
6236
3265
3211
5091
3310
5591
1881
834
218
1541
819
3341
6044
3176
4019
1505
104
3688
6827
3321
1532
214
829
5106
2921
1557
1556
7125
2895
6346
5109
3992
5494
4410
5491
422
6970
665
1936
418
2125
3526
421
1228
3524
3086
5464
3126
3087
3520
1668
1511
6589
4418
4809
2862
1229
3527
4936
1224
1220
2127
4505
4921
2160
1498
4827
4348
1906
