6231
660
4918
5027
5023
2401
4086
3867
4338
1230
6400
4248
5259
1234
3869
4657
6405
4510
1887
4111
2200
4652
2100
3294
5028
1889
689
686
3097
5565
4160
173
3291
4718
3648
2229
4085
4089
3292
6017
2793
1883
1881
6237
6226
607
6236
2400
4514
2614
6854
2277
1885
5147
503
1312
3461
5330
2795
1882
3984
5733
4244
4645
3642
3164
5148
4000
1886
3295
1957
4162
6346
6239
1314
4241
3644
6233
1777
4700
3478
3647
1100
5153
6229
6235
2062
2585
6024
4952
115
4695
3989
2209
2228
5022
5873
2255
5563
1053
5878
5924
5632
3868
3866
1235
5832
6163
5508
663
3546
3948
1888
4656
1427
5584
1059
2908
6224
1054
2993
5496
2279
4333
1788
10
6858
5140
5069
304
6328
2271
4074
3547
1958
177
4247
1310
6230
1345
4201
3296
3346
4568
1908
2123
5848
5078
2561
1608
6016
170
4166
2945
4314
3132
6344
4208
2601
5275
5066
4331
4692
4698
561
5503
3535
6018
3643
5337
1313
796
1232
5686
1078
3732
1055
5067
5629
1880
4703
4654
2227
5154
3841
4480
2404
566
2386
5883
2458
2104
5478
2009
3348
3746
3865
3860
3733
4167
6202
6228
3924
5982
6130
6134
3293
3463
4081
3988
2402
1959
5636
1732
1389
132
6754
609
5853
2177
1424
4502
6573
2043
6588
5772
4619
4620
4653
7153
1670
680
1674
68
715
4708
5776
2233
4427
5342
4911
4246
2824
1296
2608
2588
1005
6354
814
7019
5590
2975
4319
6408
2355
5391
5059
6876
3832
5526
3517
3768
1511
5193
6855
1535
1076
1426
1082
1101
1119
3645
3767
1347
3003
1759
3099
2855
6311
2819
2796
2766
6365
2584
6395
3127
3130
550
2529
3133
2254
2240
6222
6216
6215
6206
5315
2125
2017
652
3025
1949
3425
1813
3464
1734
3839
3169
4358
4377
4913
4379
7149
4915
4516
4242
4077
5954
4330
4164
5923
4316
4293
5501
4954
5635
4249
6168
5389
1884
3986
1248
4704
306
4305
6147
794
4919
798
6142
4307
3460
6401
4659
1238
5141
7159
455
6701
1432
5376
5377
7156
1386
1354
4240
4122
6348
4243
3138
4084
6223
7125
191
6323
4071
5504
1819
6340
197
662
1233
3470
3766
4370
3601
6575
3760
13
597
5858
3849
3740
6850
326
2275
4374
6856
3862
5851
3843
5613
6013
883
6136
4318
4334
1056
2320
4435
3543
4440
2943
208
6709
6978
624
1761
2225
601
2911
139
1598
2221
2949
2205
6293
57
204
5348
5788
6308
5295
2329
4651
4515
673
669
174
209
2021
7014
2498
2008
4308
665
4317
6404
5115
4339
2044
5887
2623
1769
504
2540
2126
5879
5846
1830
2792
2106
4288
1865
4690
5449
7155
4689
7151
151
461
5446
5861
4903
6022
3303
3987
4001
5024
828
1316
4046
3887
3487
1319
977
6213
4076
3340
7117
784
5185
5076
3484
5509
5649
5394
3540
3548
3731
6145
791
1241
6160
3923
6165
3349
3622
6728
3864
5025
3748
6262
6890
3050
6879
5036
3846
5756
3749
7123
4205
1397
1383
4129
3739
5157
4121
1349
6220
6893
3734
3737
3135
4087
18
1058
909
19
941
6538
5040
2222
5836
5021
1081
5639
17
7
917
1007
7004
4511
626
5557
2088
5444
945
6874
935
5529
4482
117
983
6565
4633
5118
1766
1764
4900
4868
4726
60
1353
1358
5732
6680
4750
1768
1662
5735
1613
5097
4756
1437
1591
6699
1438
1451
5765
1505
1656
1977
1339
1331
1083
6832
4567
1102
1212
1231
4615
1918
5551
4916
4658
6648
1242
4676
682
4682
1304
4902
688
5339
1837
4901
6641
6643
5108
6729
5424
4459
6166
188
3373
6327
6161
5203
6355
3424
6360
5999
3347
3426
3457
3098
179
6387
2602
7078
3465
175
2583
2568
382
7023
5142
2791
4177
3035
3005
5591
2980
6227
4125
4231
469
7142
2790
2971
4112
3207
3276
4235
2885
4010
3321
6310
2814
4256
3120
4310
266
3689
3637
3908
2407
3899
3893
3877
6402
2356
3736
3738
2278
3743
3745
3844
3769
5874
2253
3788
600
3817
604
2452
347
4207
4312
2495
5137
2482
3531
3958
5669
3966
1080
3422
3122
5663
3139
4047
5398
3942
3778
3813
1326
1359
6764
1372
1381
4137
1086
4138
4171
3842
5952
6010
6768
6000
3578
6144
6146
1051
6148
3925
3981
1008
3539
4921
3905
1272
3537
5011
3649
3462
4904
1297
1299
3324
3323
6053
3730
5029
4024
1315
4033
3940
3466
1589
3094
6585
2490
2018
4518
2497
4326
2006
5833
6597
6583
2535
4557
2541
1956
4306
1905
4634
6389
4655
2607
4554
6444
2451
6446
4454
2237
5561
2204
2247
6544
2160
2273
5313
6557
4486
2283
5876
5845
6571
3840
6478
2103
5885
5135
6451
4301
2619
4681
6372
6683
2909
2914
2920
2948
6281
1604
1603
2970
1572
5927
2989
1512
5764
1501
5928
1447
6258
3051
5937
3087
1677
5737
2904
5345
6367
2687
2689
6359
6353
4283
1840
4281
1832
4276
2756
2762
6325
4705
4717
2831
1755
1746
1742
2849
5777
2894
6483
6329
292
356
846
199
7106
195
602
7010
7157
9
7090
5461
810
395
109
564
530
7081
7022
101
7148
26
821
631
788
772
5518
586
793
786
93
563
1539
4083
4927
5149
1028
4117
1629
4627
3216
6412
3617
2424
3090
6407
738
3725
4912
5479
6246
2315
1485
6823
214
6250
539
1026
6844
7168
4596
1045
4175
4169
1044
3167
729
1061
351
1618
1274
5112
2380
3204
3646
5955
3153
6493
6725
427
3640
3641
2403
6468
1571
4622
5948
5961
3211
3628
98
1142
1137
1357
1221
2900
2901
6014
6761
48
1356
5395
2915
4742
1379
2923
3792
45
2693
2912
2683
3906
5452
3872
1270
5385
2797
6027
1292
1295
5770
1301
3845
2751
1330
3900
3901
6343
5091
507
3037
5585
3943
7026
5397
2596
4688
4005
