1671
664
1425
606
6162
6403
5062
6165
2943
1422
5292
4165
1420
1592
4203
6407
5067
5061
1423
4207
608
1598
4208
665
669
4161
1457
1429
4169
175
1426
1597
667
2947
5068
6161
609
668
5522
562
1593
8
6402
1676
5291
6236
176
4164
174
3868
0
1599
6160
1596
1594
6169
4083
4168
5069
5065
177
4082
1884
1424
1428
5295
1880
1427
5145
2409
1595
1000
569
4012
3295
5060
6168
170
1590
155
6239
3892
5147
2206
4162
4019
3002
6233
179
178
561
2808
661
7028
4249
2405
2203
5064
6405
5028
5238
172
6151
4959
4167
5629
2390
5066
4205
4163
601
3566
5
4200
9
2200
6479
4315
2946
3055
1421
171
4468
6400
3004
6155
1359
173
6235
4156
4166
5113
4087
887
3312
3606
1234
2201
5626
6166
1907
6695
5525
4184
4431
2905
1398
4335
5162
4481
3149
4464
1411
2229
5627
356
6344
4206
3289
4461
1418
3463
2915
4247
6234
7076
4243
5621
1386
5596
7125
6410
3398
4090
5546
2906
7021
4460
6783
4010
5141
627
2
2801
7023
2806
963
2870
1675
1
1867
4248
6408
3
5960
1589
2381
7027
4434
5833
1459
6365
4244
4954
663
5025
2911
4204
1887
5965
3133
3600
1055
568
6501
151
6494
1050
1087
6243
1882
1885
6478
1312
99
3135
6415
6237
607
4081
6974
1083
6971
559
7
2678
4462
7141
6976
1591
3894
3869
888
6361
1044
6
3851
1587
2252
3853
626
1040
2875
1662
5470
4240
4944
6921
6124
5102
2908
603
5084
6807
5665
1890
604
5396
2900
5622
3502
5963
1193
5547
1986
4672
4615
5983
1898
1906
605
6232
2264
4585
1857
6293
4439
4556
4650
6212
6163
6045
6863
2066
6098
6117
1984
350
378
2226
1989
1209
2439
2940
2949
3726
5618
1392
666
4414
4179
4155
2918
5526
4017
5468
3313
3314
6495
6927
870
6724
3553
4121
163
2917
3981
1588
3950
3857
1522
5832
1469
628
2679
3842
2675
508
5231
4987
6852
2805
4320
5764
3552
6977
1017
880
909
962
1020
6401
1158
738
6505
1674
1393
6394
500
662
6865
6973
1551
1552
1579
1585
1142
6625
558
6230
3505
3392
5456
3347
3333
363
3285
7055
3551
3096
3057
5576
3005
2999
2907
5654
2874
2867
5554
7034
3556
5262
4628
4957
4469
4433
4430
4984
4353
5005
5265
4245
4189
4187
5109
106
4084
4048
3993
3941
4236
2791
3294
6153
2440
2431
2331
1798
2297
5967
6223
5836
2548
2555
1881
6226
1777
1860
6125
5744
6035
2625
6112
2686
6120
6805
4013
4023
1889
4160
4120
6806
6809
4089
5104
6808
739
4085
5696
6206
4275
4767
4656
4654
6238
593
4915
4584
4918
4557
4945
4955
4466
4465
6270
4983
6222
6859
6854
4355
651
2065
4293
5026
1854
3990
3864
948
3132
5540
1584
2460
6404
3092
2573
2579
5620
5646
3139
1399
2909
1415
2581
1419
5800
6364
2846
5691
2798
2792
2913
6414
3158
5501
6060
5169
965
967
5737
3789
3784
6022
5278
1053
3653
5312
1084
2205
1118
1123
3503
3439
2449
3319
1586
5878
6477
3972
5701
4793
7061
7014
506
7050
6931
7012
160
6961
7129
7146
337
5106
164
1450
5785
3138
754
1100
2919
239
1891
2912
1451
1864
407
1855
2902
3835
6741
2330
4916
4356
5953
4334
1410
321
2975
3754
4310
4312
1390
5976
1146
4318
4676
4319
4337
1394
300
3561
4658
3787
6156
2944
2574
3342
6804
4127
161
5458
3260
2396
2590
4506
1016
1553
4436
1557
1004
4041
3414
6286
4956
4958
2825
1688
5519
6605
3458
5871
3992
3999
4000
4453
2802
7078
966
4016
3949
1718
2500
5395
3865
5203
5655
3519
6355
6219
3242
5930
4388
4389
2871
358
3370
1490
1503
6227
368
4941
5388
5438
7031
3395
5391
3402
6661
3214
3371
3745
5105
5034
5558
5985
6882
5324
2222
3028
6055
1302
2991
1342
6861
1184
3615
1352
3688
6012
2602
6906
1310
5327
5043
4216
5282
3626
6916
5982
1331
2075
4246
3675
3304
3628
567
2688
1088
1856
4580
3263
7137
6213
4500
5115
2904
1863
7073
5704
1078
1079
3973
4367
1086
6417
3852
783
5307
3142
5809
2897
1243
3144
799
2204
3056
7158
5995
1704
1866
3679
3518
5122
6941
131
4978
3672
3922
4527
4948
2844
1047
4522
314
2383
3946
4768
6341
5392
2502
3482
1548
4973
4572
4505
5054
2544
5294
1480
6705
4078
825
1489
3164
3623
168
5762
5708
1492
1783
3952
2106
5660
4553
3174
6492
5923
1865
5673
2435
2473
6513
1931
7038
4035
241
6123
4655
1351
3198
623
5421
3758
3343
1914
1912
1981
6476
4843
6530
3776
4314
5550
4694
1645
4316
2017
4317
2697
2800
6325
5048
4214
3101
1954
6450
5280
1396
3778
6122
1982
5058
2448
2004
656
2060
1679
2209
5978
6413
1899
7036
6167
1574
3208
602
3546
652
5581
5514
2914
5949
5271
6784
4308
6384
2445
4123
6794
5542
3464
660
6103
3124
6078
5518
162
1677
2558
472
974
4965
2637
4209
4429
7032
996
5709
1573
999
5426
6328
2629
991
1001
4241
4045
3413
5806
1580
3207
3297
6953
2495
4450
6438
6609
1292
3309
6324
2481
4305
2547
5044
1129
5023
1127
2603
86
7029
1343
2575
1120
5010
4122
1432
4108
3360
6368
2604
4338
2598
6532
6968
1379
4307
1161
2588
6959
2586
2696
1154
2596
1357
431
1355
6952
91
5020
6965
1134
1340
2622
1198
3281
529
6351
6943
5747
1048
2621
4063
4986
6433
4255
3388
5513
3399
1028
4052
4425
7070
4201
73
3283
6972
408
6554
4999
4997
1330
5474
5112
4996
1465
1466
5479
3256
6418
6562
2724
1167
3316
5880
4227
4566
4587
4588
3854
3850
3608
3845
2047
2223
622
6749
4604
3718
4607
306
3088
5230
2916
3529
143
3148
2207
4812
591
