4248
6233
6236
6239
6407
5067
1319
6405
5061
1312
1310
1907
3644
609
5068
4918
6403
1311
4087
5292
4166
2808
1386
170
3647
1234
1314
1317
6231
173
1422
2943
1426
6400
6165
4249
1593
4459
4081
1457
3294
4167
6402
607
606
2206
1671
660
174
1316
2200
1087
1596
4160
1678
1598
1421
1674
4169
205
4207
664
214
3869
175
172
1597
3868
4161
1885
2229
1594
2062
2855
4915
1427
5062
2227
5066
665
4089
4208
1599
4164
4129
3268
106
5060
1595
5069
2222
6227
5238
4911
1424
3002
4070
4082
4083
1777
171
3295
8
1044
6408
1429
7150
4075
7123
2226
6163
1055
1078
6160
5960
3135
3466
3648
624
115
5629
1425
1672
4244
204
1318
1887
4086
4085
5574
6169
6229
4330
1732
5474
5452
1884
5496
177
179
2980
4084
2991
5953
4168
7004
4245
6401
7019
562
3867
4315
3865
4658
4700
3746
6230
3316
5023
1000
2999
555
503
4110
3546
4111
5544
5508
4179
5501
4314
5478
4449
216
5330
4814
4914
5025
1889
5122
3558
1420
6322
6494
6415
6258
5924
1313
1171
1592
1408
1315
2409
4010
1117
3992
4247
4255
7003
5848
3993
1591
5028
5893
5027
1236
4241
6844
2947
6569
6159
5963
5130
1590
6588
6168
3943
608
4162
6237
4487
4916
2672
1503
3640
4319
5529
4559
5546
176
1026
2561
2908
1662
757
3465
3860
1450
4556
4203
636
4489
4458
2949
4304
350
6262
6162
661
356
663
4331
5022
2381
4316
669
2918
6066
2798
6235
0
2679
7012
3139
3948
460
3892
5526
7155
1660
6765
5522
7090
5518
5514
5701
3164
4046
3994
2203
4158
2692
4142
2986
5145
5147
1888
5664
5686
5278
1235
1749
5561
7
7156
3424
3457
2801
3458
2696
91
4453
626
2791
4165
3740
6772
4240
2993
2996
6882
4068
604
4243
3035
4338
4012
7071
2942
4310
3256
3260
7107
3304
90
359
6324
3167
4452
5457
306
5470
5459
5458
2067
2086
1579
2440
5920
715
5922
5031
5140
6161
267
6134
5118
6017
5065
1952
154
6120
1886
1490
1890
5685
5558
1676
4649
2583
1675
4615
6963
4078
1869
5295
2127
3455
6018
6854
4156
5663
5169
5160
3004
2228
3462
4144
6769
3464
1008
3680
440
3280
7121
1989
2017
789
5746
7056
1053
3741
3150
2060
1082
3149
6705
5455
790
5453
5845
3995
3097
3350
4039
1894
3025
3348
2675
5135
1403
6206
673
1447
1522
667
4326
6293
101
4335
4793
4751
2821
2578
4737
2579
4705
4685
631
2792
1859
4663
4457
4483
2664
4654
2697
4610
2940
4917
4317
2468
405
6587
4171
5064
2948
1589
601
4233
2273
4275
6512
689
2401
6365
5661
6352
1099
881
3347
2602
2678
3018
3451
2075
1488
2077
1005
2646
1729
1556
3460
2085
637
3463
2699
2499
2087
996
3519
2238
2797
2207
3096
668
1393
1115
2088
717
2575
1230
1052
1444
2905
874
1534
2915
1963
3242
1958
2812
2399
3283
3285
2278
2466
1277
1670
4019
3564
4366
144
5907
455
4430
3949
5973
3894
6151
4433
5525
6226
102
5055
6310
4000
3787
5224
4071
400
4184
4148
4246
383
5654
4256
4305
169
423
4099
4307
5678
4657
155
5732
6313
3853
5044
4704
4708
7076
7034
7029
7023
4807
3676
6958
4912
289
4575
6355
6834
6807
5557
3745
6573
3743
6510
5021
4941
6468
4803
4709
1896
5011
509
5120
209
2288
5480
2277
4744
207
2221
2044
2443
2451
5162
2205
2462
2225
4954
2491
2160
2408
5392
2395
5394
2066
2065
4865
5328
1685
5589
6404
6409
6478
1411
59
1401
1400
1398
841
1359
54
6768
6879
6886
6941
1107
1106
1088
1009
7158
7163
990
965
6251
5581
1517
1538
1882
1880
5627
1800
1793
1784
1745
1743
5669
163
160
5704
5708
784
5724
151
5797
1645
1615
5882
799
5911
5937
109
4681
897
4656
4230
3778
2945
4242
3767
387
4302
4306
3291
4206
3758
3340
2914
3728
370
3726
3724
2886
3351
2853
485
623
2954
2983
3130
3133
3086
3973
438
4076
4077
3858
3839
596
3169
2997
585
3229
4118
2990
2988
4121
3793
2984
3198
3417
4313
3124
642
4557
4553
3642
501
2774
2691
4590
4516
3602
3566
4486
3454
2795
325
3453
506
3698
4438
652
630
5967
6291
1451
966
7070
7054
3138
964
5908
935
1485
3618
3816
7104
1507
7125
7153
5969
1002
7037
3945
3565
978
6202
6008
6198
3160
6253
3265
3420
1445
1093
3125
6643
6658
6720
3688
6770
6832
3412
6849
6856
6939
1248
6858
6910
6642
6625
3329
3456
6900
6368
1428
3269
1061
3646
3282
3641
3766
6516
6974
6517
1083
3288
6973
3305
3760
1056
1688
1643
4502
2349
4447
5043
4440
4435
5138
4429
2223
2398
5141
5142
4388
5164
4333
2158
5233
5291
5327
5342
4389
4963
4961
4959
4706
2670
2671
4756
4796
4635
4805
4812
4609
4867
2555
2548
2495
2494
2694
4919
4927
4568
2431
2416
2727
5376
3120
5388
2068
1766
1764
5665
2992
2994
1700
2612
2998
4090
1791
5705
5709
920
3037
3055
1658
1656
4005
1646
3098
3014
1796
1825
5626
5407
5454
5467
2045
4312
5479
2921
1986
5488
1959
1957
1946
1943
1918
5504
1895
5530
5549
5551
5572
1881
2902
5089
7169
834
100
877
104
838
345
662
432
431
597
848
351
878
136
806
79
824
363
507
879
502
380
394
620
280
6451
5571
1489
4480
4439
1501
4456
3051
372
3122
1529
4308
5579
1498
3109
5601
4355
1583
3092
1572
3116
5604
4414
3081
3080
3487
6927
4420
809
1617
4437
3099
1558
3079
4560
210
2619
4799
4804
4809
5468
6426
2911
4843
7010
5463
7061
2897
4913
287
285
7077
4948
4953
1118
219
5489
5492
4733
2558
378
4572
670
99
1396
4584
4593
4608
