2855
2417
878
5124
3629
5126
1035
7107
2418
5122
3991
4813
2414
6332
5469
3119
3993
2413
5031
4739
4865
5464
6041
408
3110
4816
2411
3995
3126
865
2890
4415
338
7103
4559
3992
3125
3121
5091
5129
5616
5123
2471
5127
38
334
3127
4730
1046
868
7106
5030
400
4567
3999
4470
332
6044
7100
6509
4562
5686
395
2607
2412
6048
2702
864
5036
32
392
214
5309
6849
5460
5057
2641
1510
5052
3588
308
866
4638
7101
3305
397
3907
6042
5461
4737
3128
4815
2044
1521
4331
5035
5033
4413
5029
1769
5125
6040
1501
1990
4089
4554
4044
4556
5321
3116
329
507
4550
4615
4700
5685
2539
331
6208
1329
3114
3564
5356
4810
4818
573
874
930
7043
337
394
2045
3831
895
3623
2410
862
4086
4111
396
3308
7102
6304
5120
4306
4314
7109
2707
5039
1792
1276
4894
2193
3990
6886
3122
5466
2341
4793
6835
5353
4814
5320
2614
5307
3722
406
3730
3997
6483
4775
3766
1523
1642
3473
6187
4364
2817
1527
3111
215
2858
3113
4106
276
5982
3580
3703
3710
4229
1138
2651
5216
4502
4503
1797
2645
4508
5206
1034
4575
2041
2561
4596
2470
658
5467
6844
4812
5117
7104
5110
7065
4900
1764
877
1957
4868
2694
5327
6833
3737
393
4732
4733
4736
6436
3734
2339
438
3546
5368
4811
5375
1640
2190
398
1376
3748
2307
5303
3592
6881
5305
4862
4819
3619
1322
2160
6457
6344
1088
2692
3514
4219
2856
5842
4238
4418
2049
4403
5773
5764
2800
6576
5053
5119
4458
4211
36
6053
3947
5217
5128
2473
787
1210
1809
2451
7097
4138
503
2891
4528
5013
1412
1418
5041
5203
872
3479
5209
5090
5032
3624
5038
6237
4388
880
560
4353
4417
4328
591
594
5870
4222
1207
610
4555
4010
5517
4597
5218
5462
3909
4745
3747
1133
6183
946
3738
6201
3736
5362
4860
4867
4874
4909
6075
6207
5043
2231
6488
6752
2969
2171
1976
1643
135
6480
1641
2659
2110
3231
6691
2693
3120
1958
1732
2238
266
6330
2860
3058
89
106
7153
1736
3059
430
5510
4592
5514
6453
3739
1313
3838
1885
3840
1870
256
1372
3758
6472
3054
2851
6791
6321
4537
4558
4223
211
6549
5923
4346
1742
4118
1754
5952
6544
5681
4410
5977
2863
1029
2864
4046
1084
1082
5615
4479
4500
4501
6513
1668
4516
6746
6043
3097
2643
4085
3735
3749
1888
3717
6378
4863
3131
2194
1962
1966
3112
5210
6970
5208
5022
3302
7094
5121
7124
315
5083
336
1528
2165
5311
751
2199
274
409
933
1912
3732
3731
4817
6948
4226
2232
6388
2226
5323
2013
330
4404
2087
4412
2309
7096
6663
4750
587
35
4447
5023
1089
5034
2067
4402
5688
2850
823
6834
2043
4246
5829
4780
2818
132
2046
838
4352
4357
4627
4378
1134
5089
6882
819
4620
2677
5142
6759
2416
2627
2612
1959
4571
639
2642
5516
5513
7003
5324
76
1006
2531
2482
5302
1963
4942
4552
43
863
4476
4653
4734
169
1067
5205
763
2656
2169
1790
1977
6973
4713
879
7048
4691
2119
5678
5871
3867
3900
1310
1309
249
1646
3835
2974
481
2901
2895
2865
4102
5976
3998
3780
3746
3745
3475
6310
1554
1557
7168
3587
6355
3626
6394
1605
278
3733
275
6202
3743
6541
5948
2040
213
1230
4112
1175
4685
3757
209
428
46
429
2154
2164
1155
109
4964
107
3741
5433
2809
3586
1368
1737
2099
1645
3876
893
2103
3581
5202
659
2467
6801
2460
6812
2429
2859
987
6797
3589
1887
40
3124
6556
294
7064
2174
1419
5306
3279
2195
5304
3706
1954
748
3639
4301
288
6400
876
3118
6437
5207
1889
3610
1709
1894
3611
6349
4321
5211
5350
927
1919
6420
401
2247
2300
4589
1327
4478
2660
1678
5630
2054
2064
7143
7140
6298
6010
4477
2097
5103
1283
1672
2071
6692
2082
4449
4093
1520
5947
1131
1529
1761
1765
5954
4110
4407
5975
565
1241
585
5876
2701
2838
6018
894
5111
4582
37
1311
6101
4580
6546
6769
1027
1143
3303
151
2089
1042
6487
5115
6755
2964
2012
6051
6295
1664
5021
2177
3352
3529
2047
3502
3519
1450
3457
3242
2086
881
4241
3301
3244
2168
5017
2088
3615
3616
3505
3617
2095
3309
3481
3618
3347
4986
861
860
4274
5027
834
3294
4212
4386
3628
2956
2644
2957
3001
1649
1647
1300
1670
2640
4119
3930
1820
4354
3901
2568
4588
2633
1139
1065
2781
1756
1758
1760
1132
1112
1768
4103
1231
1137
1750
1083
4018
1081
1675
1281
2658
1074
1013
4594
1007
4609
1907
2835
4309
2284
2276
4846
3721
3719
3129
3713
3709
1580
1424
3701
3690
4902
4905
1904
2179
2372
4201
3869
1216
3836
4622
4183
3783
983
4658
4697
4727
2400
1881
4333
1886
1629
3090
4776
1129
935
3584
5940
242
489
6004
6868
576
6159
6479
5981
6475
5250
5246
6459
7040
6455
603
6848
7051
268
6221
583
6959
730
5974
6249
6205
6203
6538
6184
6534
218
5377
5641
56
5645
426
468
6952
6954
6884
80
6497
5318
6559
6233
6789
622
6383
546
7091
6291
6684
6386
7092
304
5519
5097
5092
7136
7142
6300
6317
154
6716
6749
6772
5767
798
5397
51
5921
6631
6380
6288
6001
6224
5723
1244
1780
1755
6231
1066
6557
1250
1757
3621
5603
2857
3634
6615
5508
6583
6703
645
217
193
2830
4100
631
4518
1743
6674
2698
4098
5978
6652
4109
4530
6229
6581
4509
3632
1030
4507
634
506
5518
1037
4572
5574
4585
2879
5704
1601
6406
5708
4363
5924
4355
5734
6290
3515
4343
5783
3192
3210
3574
1491
3292
5903
5856
4304
312
3496
314
1550
6297
3313
1538
6325
3439
6320
3258
2878
6443
4381
2889
2918
5632
6251
6523
