6242
452
468
6250
6432
6252
681
6437
6241
683
6249
456
684
6443
6442
6251
460
688
6257
453
458
6445
680
4065
6247
6434
677
4069
6446
4064
6256
673
6246
6431
5636
6253
4067
6240
5887
685
454
2373
674
457
6244
676
4694
451
5635
455
5889
450
6448
678
713
675
5866
671
7113
644
6829
6444
5919
2870
2875
535
7017
6320
4634
6447
5885
4964
4039
712
710
2727
6061
7112
6708
2168
1150
4063
5881
5888
2188
6449
74
4516
6093
670
1851
5937
2873
5928
5927
1898
1611
462
3834
5745
459
6328
6245
2182
6248
21
3435
3973
4211
4040
6095
5168
5862
5883
6254
6512
3838
6860
5828
6243
69
3483
6717
5639
4604
2001
5423
70
4845
2871
5918
3831
2507
6754
1265
920
4609
63
2599
5996
4849
1608
3103
130
4060
326
1808
4062
2723
2744
528
663
1220
4608
667
1152
84
1800
543
3401
672
3171
3431
250
707
740
3438
6436
5360
5916
6518
6453
5268
1055
271
5908
6554
3285
7066
1406
3704
78
3836
6076
2683
922
2192
6828
2926
520
3651
7110
687
679
5568
1855
4697
4702
1346
1758
2874
5602
668
3181
5547
1019
527
4714
4250
1539
4841
5610
1015
5070
742
1278
932
3339
816
3488
1452
3868
3169
3829
3162
724
3141
4340
4161
279
5618
174
5865
7084
461
5169
305
4501
689
3499
1899
7016
6514
2844
593
2337
1592
6441
2350
4751
3885
5917
1322
5673
641
1404
5301
521
5861
6258
3952
3623
2595
3620
4771
2386
6259
1354
4485
5880
6711
2158
342
4519
3042
6713
2725
366
6132
2159
6714
4575
5990
6438
6439
1065
6517
4045
1791
2287
1680
44
5458
626
6027
51
1091
647
2319
1016
4713
4010
2999
1282
1277
3862
444
445
7074
525
1658
3883
4453
1227
3434
4778
711
2907
6090
3432
53
3283
2671
2088
165
5156
1762
929
1416
1482
3710
1763
1458
946
819
5754
5417
866
135
7018
2043
1972
3286
2627
4252
2592
7049
1959
5407
2600
3712
6990
3403
1963
1957
7058
1163
1459
4218
1668
7014
2034
1916
524
2601
2851
428
1267
1474
2648
6006
3975
3226
2899
2736
6007
6179
3607
446
6002
1476
4121
168
4033
5677
5995
3455
5926
2749
5152
1984
2890
1989
2232
471
3887
219
928
3284
1568
3575
891
2008
6557
6280
6526
1483
6556
4799
222
441
6177
2183
886
1419
3542
645
2329
3811
4962
1409
958
2536
6719
3048
2185
5868
5864
1617
5353
4954
6810
1378
4486
1735
3735
1363
3714
1741
4113
1869
4670
1062
1423
6409
2195
3439
6009
1793
598
2066
3011
2196
4203
3833
2190
6170
385
48
4679
3233
536
1114
1063
4119
1113
6025
2602
5389
529
5476
5541
142
646
177
178
880
5621
2833
1149
1595
1102
5459
7043
2310
4691
861
890
5495
5454
6440
608
5184
5559
4626
4699
4043
7015
5484
3288
549
1166
2603
1064
1593
621
620
540
5163
4094
1566
3295
2334
547
161
5535
5546
4165
1059
3691
6702
5886
3002
402
4207
2197
4603
261
3986
3654
2740
2741
6094
1263
6429
3430
729
1259
280
3879
379
1418
3718
6793
4893
4887
1379
6380
2506
5810
3760
2520
6752
2719
1330
6116
4571
5779
2669
4874
2724
286
4830
1026
6282
4614
3913
3167
1976
5929
4780
4273
2230
1975
1530
6558
6255
2391
1662
1960
5953
1222
4798
715
2644
7071
5339
447
2640
1478
3480
3184
2544
6427
4137
856
2721
5419
4572
4217
725
705
2764
6165
2707
4136
25
2463
4259
6162
2503
5330
4420
5312
865
6403
2657
858
1068
6101
4593
4330
719
2660
805
924
4348
4324
6270
3359
4219
3445
1784
887
7117
6160
2666
752
6073
5441
2523
931
6057
4350
3447
5933
642
5245
5524
2191
3832
2193
6689
1288
3185
6890
1280
2989
5083
3187
3842
3188
2206
4848
3629
3476
7073
7059
1650
1251
5235
443
5674
3873
3193
6674
6676
5087
2960
6718
5061
94
6841
2121
4913
317
3715
4940
3145
3663
5786
1405
5755
1407
1415
285
4955
3892
1446
5840
3046
4882
3768
6864
3164
3749
2054
2044
252
5226
4888
3737
6769
3653
1349
3905
277
1659
7010
7011
1915
4789
5489
4674
1594
1596
1597
1604
1131
606
2327
7027
3541
119
612
2359
1887
5539
5202
3302
5542
4061
625
2342
2338
617
6465
4093
4092
5544
59
1880
5632
1968
1966
2256
3968
2847
204
1970
1633
3610
3987
4774
3577
6551
1831
5165
1224
1229
5131
3573
1228
4692
1956
1165
5136
1969
6209
2590
1891
944
2075
5227
5597
1726
1439
1441
2055
1531
5110
5750
2047
5549
1546
6239
2041
5040
5068
5138
6196
916
1339
4353
4676
6005
1158
1160
1161
6001
5999
1673
4704
5994
2281
4722
4729
4763
4624
1212
5277
4776
5490
4672
2367
2372
4648
2356
2349
1112
1115
5452
2331
1072
6059
5457
1132
1133
1139
1798
6017
1052
2250
5536
4502
4896
4468
6151
4897
1370
4398
2156
6157
1374
972
4916
2091
4958
1714
956
2501
4508
2361
1333
5913
5910
1852
4812
2217
5905
4846
2211
5504
5249
1025
1281
4601
4868
4880
2167
1331
1428
5220
7169
878
2937
6661
6663
463
6673
427
6685
380
2905
3810
3052
3055
6744
6756
345
3745
3740
6770
3034
327
526
533
6407
2728
741
717
682
664
4112
6455
2885
4106
622
6463
609
559
6524
2865
2867
2868
629
759
321
3711
7024
3536
7052
3497
3320
97
90
7067
7013
7072
73
7078
66
58
29
3382
7153
7156
79
3105
3276
3572
298
3703
291
289
283
3690
6833
3658
170
3173
3631
6924
6935
3625
3209
3217
3230
179
3180
4162
3825
6276
2605
850
4224
6310
851
2662
6324
6307
6340
6274
4189
6318
4229
2995
1305
