6252
468
6250
6242
685
6253
707
6445
681
6442
6247
6256
460
6437
6244
713
452
6251
688
6255
462
6449
4069
706
6432
4039
5636
680
719
5927
5928
716
6257
6254
6241
683
5889
2870
3651
453
4064
6443
6017
5639
1091
6431
6448
3654
2168
3235
684
7084
4572
728
5862
4694
4964
5880
6440
6249
671
674
6708
711
718
6447
6444
3401
458
6093
6258
689
2875
1314
1265
6324
1959
1150
535
647
714
3233
6694
2999
687
6714
717
7169
6222
5301
1565
3663
4486
2744
6446
2771
5635
2373
4049
3488
4634
3483
5360
5861
5868
598
5168
725
644
723
5547
450
456
5459
5866
6246
3740
2345
4487
3658
1092
1102
4459
205
5339
3286
5156
6181
3565
2871
4070
2310
4235
4060
1212
702
6434
677
459
5484
1791
3338
4575
5987
2016
5070
2538
5394
1542
7118
4330
5677
5165
5881
3145
5883
4067
4249
699
3952
2764
6550
3193
1318
7057
676
7059
7060
673
672
207
6556
451
6229
454
2883
4554
5503
4516
4819
530
3567
4488
6810
4483
1483
7085
2986
3653
2188
3659
4784
3490
710
1015
5407
447
2230
7080
3052
2743
3
2075
2070
920
457
7048
715
4075
455
4603
729
7113
6328
3428
326
7017
4912
6997
4189
3435
1285
2683
890
6218
536
1957
5848
4722
2001
3034
6156
3640
6439
7066
5839
2599
678
5953
3568
6159
1800
3440
3438
4771
6991
3442
3203
4654
6169
6240
6829
3749
4914
1098
4903
5160
2690
663
6243
1966
3466
923
6259
5887
6879
3169
5666
3866
1898
1894
5983
3665
5226
704
3607
3499
6095
6049
4677
987
4882
3477
4917
6110
1755
4040
4284
5840
4340
7033
3072
4489
4218
781
2723
4203
2851
1284
2747
4480
6769
7012
739
7090
1415
4841
6559
1585
6479
2211
3277
527
7082
2740
6734
5474
5490
1662
2155
1963
3201
7040
6814
2217
228
130
3644
3867
3285
1975
135
5454
63
2182
4884
5080
1608
1972
5779
1059
201
3848
922
5023
5910
3897
5220
1058
929
2372
3066
2361
2047
1753
4384
1444
6828
2312
5745
1413
2323
1416
1731
445
1259
5810
1739
2356
6340
5148
6090
7071
3810
1052
6310
1675
5559
6848
2091
548
3669
1674
4919
785
1451
5417
1680
2251
4536
6408
4043
3261
5413
6177
2960
6873
6717
3656
2451
2480
5859
4777
1489
2458
7073
4625
5674
5764
2933
555
7099
2256
3492
2873
3474
2366
6737
4953
3455
101
1447
5544
5524
2327
5528
4530
1055
4515
1066
624
5441
4789
1087
3620
3610
5449
2386
7088
2385
5580
1476
5061
5007
3555
5492
1068
5001
2183
1363
440
3020
6765
3149
5229
1880
3973
2735
5885
3957
4265
6551
1650
1214
3164
2745
1517
4285
4655
4287
2601
2749
3881
219
4291
3873
4283
3868
705
3146
1741
1737
3132
1783
5169
1280
1251
4111
900
6320
5131
708
4093
1802
3141
6359
6364
7027
4065
252
1229
1840
250
1422
4092
4292
2350
3731
6886
652
4296
2765
7069
181
4345
5077
5067
4339
422
769
441
2062
200
3737
5916
6498
4906
2536
6512
2761
6403
4650
209
69
448
208
4679
5549
2931
826
2932
6744
3383
5857
3265
5675
6711
2874
1012
2705
2727
3103
2520
3007
70
727
3105
4916
3027
2991
851
3283
2833
2741
3215
7153
3295
880
5908
3040
2602
5597
2600
675
2387
626
6763
4899
67
5994
4673
712
2992
3356
5996
4911
42
5955
3064
5568
3346
5572
5671
3353
4902
2884
6823
1593
5227
6405
1881
6276
1354
366
178
6561
4755
4881
5273
1178
169
1215
6570
3890
4887
6248
3883
5044
5291
1958
165
1158
1156
3825
6245
1500
6438
4886
1969
2347
1223
1673
1714
4248
7019
5142
1670
4172
1658
4169
4167
7044
1656
231
5164
4614
1263
6990
6318
1808
1611
4079
1810
4295
1234
327
1230
5182
6300
6402
4045
1252
5351
1960
4609
5499
3479
1448
5424
3481
3506
1099
5504
4626
1054
142
3647
1482
4485
4425
1478
1056
3646
4571
1093
2158
2159
5457
6190
5452
2077
1112
3773
1973
7156
1435
4893
3746
538
1438
3743
3459
5027
4785
4452
444
1488
2885
78
4601
1040
1072
4622
1485
463
6158
1621
1377
1408
1660
1440
1419
1672
1317
1311
1596
1405
1378
6712
2732
6441
2821
1511
1487
1364
6427
1617
6426
2844
1544
4709
1349
1471
6470
6453
6400
1452
2842
6365
6674
886
5919
5924
5937
2008
6583
2009
6217
6596
2535
2527
2074
2102
2130
1096
6640
6007
1095
6066
6069
2302
2286
1043
2240
1968
2381
1062
2186
2184
1084
6160
6018
2382
6520
4733
4888
6358
1288
1283
1730
891
5876
2691
1738
1749
1759
1784
1794
1245
1809
1813
1235
1851
1950
4883
1176
2619
1917
6557
927
2660
2664
1885
2668
1210
1869
1858
1899
2071
1425
5392
4080
4076
3262
5181
83
4952
5185
4037
645
5188
3280
631
3975
3972
3969
3302
3968
365
5202
5604
6860
5632
3171
57
686
5115
4656
5116
4651
670
5177
4208
7022
5126
4171
7014
4161
5146
5150
4120
667
5603
6812
6813
3735
437
544
543
2886
5498
446
4940
3495
461
3680
75
3573
74
5453
5451
3622
3630
464
3739
428
3494
5550
370
5279
5540
3417
593
3887
385
399
3842
3840
5328
3454
3777
413
571
418
6838
3748
3166
3162
6864
740
4954
4584
99
5009
4454
4456
3022
2995
4539
4375
6768
7046
3024
4298
765
4299
3068
3063
4322
2990
204
4475
198
5074
3026
5786
7063
3016
94
4260
2899
4267
720
724
3140
4397
4242
4913
4276
5679
4381
4420
5040
132
380
6481
4490
3760
3893
420
3765
7083
1160
21
7
27
6900
4741
3880
6575
3862
3856
6899
1302
3733
4818
6189
3664
475
6180
479
483
7112
2123
3655
1418
6871
6869
