6241
6249
6432
454
6242
456
453
6240
460
6431
452
458
468
6443
6257
675
6250
644
6251
676
673
451
6442
683
677
6437
6252
5937
5635
685
4064
674
5866
680
6244
455
450
457
5885
5917
4065
6446
6247
5887
1015
678
671
6246
2727
713
717
5636
5881
6447
5888
6444
3749
684
5862
5919
5861
2373
6258
712
6448
710
7113
6253
715
1019
688
3739
672
681
6717
6436
2283
250
4067
5883
6713
6434
5889
5639
716
6256
5864
724
5865
4694
2821
6320
6445
28
5911
119
6810
2722
3733
535
5908
3738
3651
647
6463
5745
2728
7112
462
463
4151
5175
70
6066
3748
3734
641
6829
2890
4069
4211
3735
670
3811
2721
3542
84
3731
719
6259
5245
6243
3541
1851
2340
4634
6179
69
3169
3730
5070
6453
6714
2159
711
718
21
729
5938
5863
6025
646
6255
5918
6814
465
4152
1150
513
922
2875
3736
2724
6245
2833
3740
4845
2287
5504
1091
342
6440
2507
1539
7017
4830
2499
3296
5235
3973
2188
3540
3331
2723
2744
5933
4964
5330
1278
5168
816
598
1311
1755
1741
2288
5786
5170
5784
2008
3737
5916
3235
6254
6514
1349
2280
2281
345
467
6702
1987
6439
459
3746
6061
512
3834
3743
6159
6248
3568
3549
6318
2182
7169
1575
1025
4250
1503
4713
1608
4714
4722
130
4749
1758
1714
5341
1680
1093
4849
1611
2158
2725
2999
7110
687
4485
5137
2870
2495
5080
71
4235
4515
4516
3359
6712
3351
1617
2855
4420
3657
3663
915
927
3635
74
5494
385
2121
5076
2657
5133
2595
2676
7099
2729
1564
5307
4751
461
3401
341
5420
2009
5471
6449
1555
4789
891
3339
1993
5860
6101
6095
813
3813
5868
799
793
6813
6812
3741
649
5927
5928
725
722
707
6719
6693
3952
3885
689
4040
4153
3495
2286
3714
115
6896
6144
1660
5661
890
1310
5996
1139
6015
917
1416
1158
1072
1113
714
1308
5166
682
898
6340
3530
3883
3710
6127
2001
5953
3704
1207
5139
1277
914
1252
5913
1453
4154
945
929
956
1750
1566
3747
5683
5682
1556
819
4252
5490
4624
3810
1065
5424
4691
2058
2055
3818
6158
5867
3836
1670
1488
1482
5645
4060
4750
3655
1010
1763
5112
214
6708
66
3103
3435
6999
142
3293
3052
6899
3353
261
3173
3432
6438
6754
6711
3036
3034
326
6516
6466
78
44
6990
2217
2437
6554
5936
3650
3652
3653
5932
4836
1018
501
312
5904
734
1317
5419
7033
781
168
5882
5172
2386
3656
531
7056
642
3284
640
4839
3838
3833
1088
2745
7077
586
2289
3768
4894
4892
1105
1483
6145
3141
3072
6726
204
5353
1140
1055
1898
6718
5995
4913
6170
3127
2782
2256
4774
4111
1956
3499
2496
2990
4301
5498
5783
441
3466
2873
5131
1720
2130
3555
3532
2493
1710
2960
1672
6322
2117
5136
5673
6897
3548
2183
6893
365
2153
471
6364
805
924
4324
464
5612
4349
6441
1303
4330
932
2482
5254
7066
1441
1619
944
6694
1099
4776
1063
1955
3121
3831
3760
106
1097
4861
3825
4834
3167
3856
6669
3820
48
2880
3814
6992
621
1094
1658
2885
5454
3934
5546
5417
3042
1807
5493
5905
6866
2992
4614
820
1549
818
1016
5476
5896
2998
2402
3023
79
1791
1764
4658
1534
5875
5497
4248
1726
63
4519
5541
5973
3890
5537
4234
5458
4575
1569
1472
4748
205
1478
2494
3069
726
6744
1485
1486
4172
1562
7048
1033
5929
4063
2860
5140
6132
1998
6136
3712
5236
3493
5163
348
3664
466
3357
1957
6143
2161
293
2726
6157
2612
6156
5233
4911
1265
343
4934
1259
414
3538
3295
2683
3534
2043
6328
1370
1959
5130
6102
3545
2597
3654
3233
1291
2285
4916
3383
6130
6189
297
3304
6180
2599
5138
366
2181
6515
5156
3480
2051
582
6412
4901
3658
5134
2510
488
3354
174
3586
3046
1318
4721
2461
514
1327
1830
2692
4033
3350
4705
4039
2052
4703
6993
3047
2808
6229
6769
4962
25
942
2691
6298
22
6860
6280
2186
1757
2185
4230
370
1272
5157
835
5015
1561
970
6262
1297
440
5014
1568
3544
5162
784
5165
3539
2395
6457
4087
4095
5443
1776
4110
1208
3537
2084
4242
5167
1305
1536
5544
3020
2503
3016
812
1576
3980
3017
5390
928
2146
248
1090
5306
3291
1087
5614
6019
6018
3842
1990
4832
3868
3870
4819
667
3164
5618
2044
6689
3126
3857
6703
3724
3732
263
4888
2152
6550
3192
6560
3815
3188
4848
1235
6512
6073
5599
3264
6069
3187
3829
6064
2851
3484
1378
1098
5268
6172
2771
6174
1452
5053
208
207
4299
3515
530
5580
528
200
3972
721
723
3659
6188
4740
2039
2463
5939
1328
193
5630
2359
4302
5219
4915
3873
543
1885
4303
7084
3968
4764
3887
1869
4930
699
5352
2017
1152
102
98
5068
941
4487
5547
940
4550
5585
920
1567
2644
947
5568
2605
921
946
2598
1115
2826
1156
5387
2717
1475
4939
1346
2787
29
5355
1458
2784
1133
1067
5339
1074
4912
1128
2474
2751
1092
1406
1102
1379
5277
4897
5270
4846
4895
4893
5407
2801
1026
4697
966
1301
5496
4609
7008
1302
5485
5475
2501
4626
2504
1183
1307
1531
964
19
1309
5173
4684
1013
73
5176
2583
2627
1314
1166
1162
2514
1020
1325
1003
4961
1937
668
3352
741
1833
6230
3055
3644
1841
3638
1847
3071
3075
6731
6725
3338
2361
2045
6741
6233
6756
4045
327
3390
3386
6462
5884
3356
782
170
3033
2391
177
3204
490
3037
5909
492
6239
1873
333
5970
3318
6661
249
3181
1976
3184
2316
626
3848
1930
6072
6075
6076
1233
2284
3217
594
620
1908
6044
1907
3669
3114
533
679
6183
3305
536
