683
681
6443
6257
468
6250
6242
6252
685
6251
684
6432
6256
452
460
6437
688
6241
6446
6253
6247
6246
6249
6444
6240
6442
5866
682
456
6431
4064
454
7113
6448
713
680
5919
6445
6244
6248
462
5636
5928
5635
5927
453
6259
6434
2727
5908
6713
6719
644
5885
6441
458
4069
66
675
513
7017
6328
1150
1755
5868
676
451
250
4065
6436
3483
6514
2373
84
6320
1235
457
5639
5889
6554
5918
674
6714
21
5339
2724
2188
689
2723
3448
6717
5862
4694
3401
6006
6009
5887
57
3438
3162
5933
1956
1851
6258
4604
4060
710
6496
6245
6017
646
1091
2168
2833
2683
3740
2870
1959
450
1482
6027
2875
3948
3727
6712
6449
5330
5916
1404
3979
1062
673
5917
1055
4551
3622
1951
6810
2196
69
6520
4093
5937
6447
2190
5864
2193
6474
3883
2728
3836
2287
5867
4252
2740
3103
1957
6025
671
820
647
677
6015
5993
4062
6001
4934
1063
6711
5504
4729
2110
2884
4713
2197
2043
130
782
2725
2487
3480
2055
6440
1608
6741
1611
263
3987
219
252
4067
719
699
4953
5881
5860
6718
4964
1152
707
784
6002
1866
1568
7099
2729
1476
6254
14
5630
1278
2736
5070
3541
5185
25
2195
6243
2851
514
3542
5492
5168
3737
3145
5136
3431
3842
2691
3838
1669
461
3047
4023
5165
3439
3445
598
2183
4830
459
2182
13
6255
5114
3879
3651
3862
3386
678
3432
3834
687
2001
2047
6013
1207
7112
6439
3710
29
2742
3704
6586
6661
3435
7040
2520
4887
4728
1472
1658
922
916
5857
1485
914
6895
4841
1752
1750
1680
102
1065
1684
98
4455
5745
1758
1092
4453
3283
5638
1567
6731
1539
1019
5454
1458
4702
6179
3833
4608
3046
6073
910
5632
1318
6435
2527
3656
2960
641
642
6991
1322
915
3043
6377
5245
5662
3735
4516
955
524
2044
6998
645
5539
1024
5544
3749
6101
1659
2990
2009
3793
1286
3284
1060
1337
3881
2711
3499
4774
3887
1419
6010
6583
4888
288
5883
5131
1452
3302
5152
724
3575
3245
1898
2341
6703
3280
787
2749
816
5268
6829
5170
6813
1483
4882
4330
6518
1084
5813
1784
4350
6557
1280
440
12
672
3572
5424
535
3631
6294
4704
5110
1003
5134
1102
1277
512
5496
5500
3603
4719
5495
3588
1059
525
1475
527
1094
1099
1488
4714
5966
5683
549
5810
1762
4273
5254
4849
3880
5875
1346
5277
823
1357
5886
3886
4209
4189
3893
5344
3928
712
1358
718
6318
1160
1841
5334
729
5319
4063
5996
5779
2088
1958
1726
3705
1575
3709
5228
972
4609
4845
956
3713
1329
6184
4550
4519
3736
1652
2045
583
5682
1655
5711
3743
594
3792
1661
3831
4469
898
1695
5759
5772
1330
6076
5139
6734
6744
6466
3446
6754
3181
6814
6818
19
3106
3042
6438
402
2992
2192
6379
2507
2759
3105
2907
3241
2251
2281
6522
6515
326
6558
3383
3375
3353
3249
342
297
293
3304
275
6669
3434
3286
3285
345
2905
327
467
2885
7018
2874
63
455
2187
7029
2599
97
2158
2871
781
5235
6715
2890
5934
1098
5939
5014
4047
1870
3247
255
1327
4777
1831
3240
4771
7022
3235
5911
4126
4136
4182
805
1328
2837
3243
4033
2830
4014
1401
1408
4842
5083
6543
6550
317
2286
2288
5419
1440
5441
3374
4913
3885
2821
5076
5223
1459
716
5447
6007
3974
3291
5449
5453
2340
3980
3289
7033
1078
5882
6764
6890
3039
5681
5673
4501
6896
4955
1349
2995
4572
4954
1617
4600
2985
970
5633
2505
4625
1582
4634
2873
4720
4940
1555
1550
4670
1547
4692
2920
166
4920
4751
5717
4703
1484
5876
6769
5865
208
4259
1489
4283
4284
1759
5811
5797
5786
7020
6322
1741
3109
1165
2863
6838
3873
5756
4375
4420
891
3102
4478
1663
168
5778
2745
2763
3715
3730
386
1978
605
501
1981
505
515
516
3708
364
3635
6417
2702
3495
2008
2256
428
6489
2191
1272
6378
5153
2194
2199
3484
3748
2118
3811
3555
6453
3477
3447
2716
2042
2153
649
6326
6526
4255
205
3033
2999
2041
2040
5656
5880
547
6462
3669
5175
954
2994
6463
2609
4603
5284
540
213
3035
880
5698
4334
6180
1714
3733
3111
1242
3156
3718
5750
16
4440
5163
5270
3057
178
4468
3055
1343
1665
3044
169
3711
2075
921
165
10
2499
5819
2937
3506
1477
7023
7024
5459
5458
2597
6340
1097
2162
2161
4778
494
7166
463
465
2159
78
70
1406
6310
2583
73
4834
5475
4812
3568
1444
2156
5148
1113
1158
1435
2974
3538
1166
4620
4624
2506
1569
4250
5568
2105
2603
6374
1534
1531
5547
1530
1016
6990
5541
1026
5493
3530
4919
5502
4750
5332
1064
6369
4722
517
6995
5537
1028
4927
4727
2719
5204
711
298
1230
2726
3318
1977
366
6552
750
702
609
1234
4152
5044
6663
3746
2250
340
6702
6730
3265
3810
231
3884
1282
3941
3356
2722
1979
5913
714
1864
5089
2627
717
6127
1808
6102
4886
3745
3246
6716
253
290
3288
6752
3742
1953
3897
3791
291
5892
4235
2284
2633
6132
5990
4094
5902
1212
2319
3296
5086
5901
5524
6364
20
4924
2117
4744
5494
709
1363
4219
1029
6498
2755
2106
2522
4685
5995
2255
429
1536
1535
350
6003
6494
285
521
2114
5312
4705
2899
5542
3300
4754
518
4709
7120
119
6069
3975
3532
4764
101
1460
2273
2289
648
6556
1455
1449
3858
1447
1118
2595
318
6551
1378
2792
5420
2146
2764
2591
2765
6019
1405
3870
2160
2152
2786
5189
3378
74
4816
6546
667
103
1105
686
5336
7016
2566
2311
1066
3892
1068
2838
94
6060
441
6376
1163
5472
3544
5471
3339
3372
3359
1303
643
7027
3351
