6279
1223
1229
6274
1222
6276
6275
1228
6265
6271
6273
1224
2983
1220
6277
6272
1227
4614
1181
6269
6267
5089
6266
6261
1221
5636
2984
1544
1612
6270
6262
4478
2988
6322
5551
6268
2951
935
3028
2747
1180
1191
4474
6260
4819
3461
5852
3465
3666
3826
5850
3459
3464
7057
3455
3227
3668
919
3259
6278
7146
5085
1545
1386
2992
5814
2981
5785
2980
1225
1946
4473
2061
3890
1186
1616
5164
3091
4625
2985
979
4405
2853
374
1802
2990
1583
5815
4294
3468
3254
2185
813
2183
5772
2996
5166
5792
1618
6899
1947
6631
2181
1944
3818
1943
6383
3414
3849
2315
1651
3451
3255
6818
7082
1549
5801
5817
34
2436
1185
4619
5848
1190
1156
5818
3228
6264
5714
5070
1783
2982
4811
7084
6603
1604
936
5809
1610
5418
4553
3118
6967
1145
2535
4403
5692
3401
6356
6040
4612
2453
3363
1945
4475
6352
4291
3024
6085
4893
4224
5246
1803
6253
3618
5941
2944
1578
5667
2781
6561
5858
62
5955
4357
3215
5959
2703
4409
3420
2602
3195
6607
416
1940
4838
3069
6488
2170
6729
5171
457
2994
2372
7162
2998
4398
3250
3912
5041
4966
2501
5198
4404
2895
1184
5241
6200
6565
2472
2927
2582
3970
5416
3998
814
5808
4122
1293
6821
2746
3460
1840
5392
6326
1848
725
4281
2732
1194
6514
6893
5390
3450
4558
6011
5611
4251
5094
3452
1607
4118
3453
689
1188
6026
5510
4817
501
2767
5152
2979
4771
6718
5700
435
2538
5707
4349
5812
6640
1949
4392
2997
2419
3025
3665
5731
6174
2016
1954
2019
1471
957
3681
5804
6066
3828
1408
5308
4736
3199
4477
7106
4277
3827
5794
5315
931
5126
1103
4472
5679
5840
2528
4402
5190
6694
5028
5474
3381
4401
5475
465
1719
3368
6466
5176
3565
1775
6574
6586
6771
4356
3098
635
6756
6754
5244
5225
1938
3889
4568
4112
6639
1789
1953
3902
2742
5991
1798
808
2780
3441
4470
3168
2223
2368
5802
3467
2217
1142
1014
266
844
6087
6363
5745
5760
1613
1314
1614
5854
1330
2672
2658
6248
4074
6245
3669
3687
232
4741
4738
1540
5810
1338
4748
2362
6201
3692
2590
6360
4271
6425
6421
764
4757
1056
6901
6396
2902
1052
3719
4972
1696
7083
6429
2173
2172
1646
2718
5012
1642
4678
6017
3457
811
43
1619
2477
3008
1302
5811
5197
960
5813
6630
3087
5800
4061
3811
980
1401
5787
5807
510
2986
6656
4197
6175
4397
1047
5782
1042
976
959
1334
5697
6557
624
5378
2935
5394
1806
1615
6023
812
5861
1794
4293
685
5472
3910
1683
6473
1182
721
4283
5609
1209
4339
1564
5696
4391
5691
5680
939
5252
2798
6608
6263
5643
1528
4110
4156
6065
6063
4279
6045
3197
5669
5660
5301
5795
2557
4774
2618
3469
2293
3411
6941
3621
2065
4952
129
2191
2190
4848
2594
285
4839
7069
3454
334
4788
4737
4962
148
2484
2410
4787
7039
5053
3662
3613
4783
7117
4786
2692
4420
2274
6991
3699
2423
4903
461
448
6524
2179
2546
3743
801
1649
6171
3428
658
5175
1791
3233
4561
2860
1785
4676
2652
639
2928
6999
6370
5338
6566
2266
827
4338
956
6782
2310
2592
1149
7017
6008
4566
2925
3298
3001
379
6783
5415
6493
907
714
1481
2606
1688
3253
2604
4810
6439
713
3664
5027
4616
6455
4435
5512
6202
6868
6448
6442
4961
3252
4154
2741
6842
5424
1453
5055
4127
687
5178
3628
4747
775
6484
2270
7107
2881
2734
6685
482
3999
2105
186
921
2192
4633
4115
5644
3625
3209
3753
874
2416
6606
836
1063
6654
3021
410
3824
6655
2219
6600
2965
6625
2677
4632
3568
4075
513
4622
6708
2958
3971
3689
6714
4545
2820
2244
5158
6638
6285
2241
6969
2769
536
4471
5805
6641
2609
4711
1606
6004
6590
845
5628
3867
3960
1886
2705
5790
3872
1608
4031
4659
3877
1609
3703
1546
886
1681
316
3205
4953
2945
1621
7002
4960
315
6376
1303
2195
1299
831
2961
3517
2196
2277
6441
828
4515
6437
3462
1350
237
3193
2265
4217
975
977
292
2709
3619
2657
3964
3466
4709
901
3954
6064
5635
5630
6042
1517
6384
4493
2174
2601
229
4484
6395
2178
6048
5578
1526
3612
958
1996
3698
4816
6053
973
1143
5713
5712
5595
786
7094
4461
2184
1336
1098
6452
4634
2761
6002
6596
3829
2392
3029
3331
7081
7079
3415
7102
6577
396
5781
6447
4348
1262
6774
6776
5775
5368
4661
5774
6550
6548
5372
32
4666
5305
5771
2052
1060
5187
6678
3128
2543
2775
1378
5217
5167
4066
5235
5165
6712
1950
6646
4407
437
530
531
6717
3657
6082
3396
6728
3527
2765
5798
7145
1925
4040
1901
2855
2736
5471
3661
1351
2989
5440
4299
4296
1717
2630
5503
3904
5036
5054
4521
5887
4292
6487
3907
6164
2890
3915
4123
6179
4739
4288
5039
150
1294
1716
6009
6453
4674
2748
6520
651
4326
2135
2373
3429
6867
2121
2104
1793
3660
2995
7061
728
1472
6997
113
4900
2430
5675
1466
3626
6205
7089
2422
5732
7006
6105
4901
1475
1374
3654
108
1075
102
6208
4830
2955
4026
3501
79
3658
3543
1041
1039
3005
1045
3986
1108
6076
3002
4776
5839
5767
2999
76
1033
7044
3018
2972
1339
2963
1065
4544
4760
1402
1342
4869
6061
5851
7110
1109
4785
4487
1054
2388
5711
7080
2991
3007
2001
213
5100
1820
2068
6780
4570
4412
6772
2504
6570
1861
600
5334
2828
3856
3855
5324
1193
4669
5080
6799
5473
6849
2737
688
1127
5056
4101
680
1770
6496
6508
3899
3426
6516
5079
3293
1804
400
2733
6591
5316
3390
5996
3806
6653
450
5233
2772
1948
5986
5213
2550
5203
1988
2552
3792
466
2788
4626
4627
434
4571
1199
1883
6602
