6264
790
2984
3826
6265
1184
2981
2982
1181
6267
6262
377
317
2123
802
3365
1180
3828
808
3366
1924
1925
1920
3369
825
801
439
795
853
806
1578
798
6269
6709
168
2415
2121
2983
1929
1577
1220
1229
3668
2124
6273
2122
1182
5421
849
791
1619
4471
6266
2951
1183
3458
803
4114
375
794
2129
6363
5955
797
328
437
7036
1576
6260
372
3597
6705
1945
799
6366
4962
3938
4625
1400
6352
2410
1716
3385
285
3363
1923
3362
139
240
1014
4975
92
4961
1948
844
3360
4003
4325
1932
2474
3688
1616
6279
1712
379
1223
2987
5893
692
3155
6270
3151
148
841
3827
796
3453
846
4135
5533
4147
250
3367
3662
3364
4474
1926
501
316
3081
438
3086
6046
374
4146
6941
3455
3159
1610
2234
3157
3226
6673
3437
5644
3436
671
1714
6347
4036
1614
6995
376
3939
2367
746
1718
2128
1005
5166
3823
1927
1186
4139
3465
2368
5628
1533
1807
2239
1719
845
5483
1109
5619
265
2396
1613
3456
2171
807
4729
4148
3405
2980
2223
3576
3912
1651
6276
5389
1713
6456
6721
635
6236
5940
6884
1338
5081
4327
6064
2849
2549
6758
3464
4479
1224
4475
6263
4537
2543
4242
2419
4767
7137
6908
1124
4061
672
2878
676
1717
650
2392
4140
5085
2821
4610
6003
3829
2988
2745
2314
6174
160
1949
5425
4971
1544
451
4326
4634
2228
5643
5883
1615
6277
1570
5887
3325
433
6278
5087
6507
805
1492
6275
1105
793
6271
24
3169
902
4386
823
2545
3755
940
2552
434
5675
2550
431
972
535
935
3168
1611
358
3206
4916
2512
4239
6268
6947
7132
3107
6747
6725
1571
3742
7133
1946
6566
6561
4702
5482
6486
3044
1007
5302
744
1177
6827
6706
3533
2334
1600
3824
3200
6840
1006
6708
712
6845
34
212
3018
6702
4614
3625
5851
5852
1402
1435
157
1386
3154
5325
2772
771
3825
2105
4619
4617
6202
2780
5896
2472
5028
6968
4099
1711
978
6225
2048
3808
6711
4117
5944
675
3403
1222
2380
289
4531
4130
3820
678
809
6967
5348
1971
5950
3578
3438
1073
7143
3759
1545
1401
5846
6406
828
4160
3450
1710
3082
2479
4145
458
4233
4294
2709
6751
5894
4001
59
521
1188
32
1914
6175
6937
722
6750
5957
3351
30
670
2120
531
6358
4217
4065
5409
3562
6582
4286
3415
3803
5489
840
1936
4144
6040
150
5612
4973
373
7118
1574
6045
3633
4420
129
2335
6728
1583
390
1447
5658
262
2986
6191
3123
6572
2063
3517
3229
4539
5649
2938
5647
979
975
3221
2011
370
2010
300
3115
304
1518
3667
5387
890
848
2362
4102
1185
753
536
1413
2407
194
6606
6917
2546
3489
6535
1010
1016
5690
4976
6826
6720
3057
4473
3970
7139
2958
5886
2548
2996
6147
7076
3028
997
2384
3426
5929
3460
6186
4062
3223
6869
257
2931
2998
6466
5248
5920
244
3201
3420
4083
4084
6780
3409
3459
4538
1189
1190
6239
1775
604
5801
4122
5277
286
283
5228
5659
5744
2391
1379
7054
4010
2235
7111
3153
3021
3165
2150
2902
359
6120
5460
400
1481
1162
1115
6044
1928
2258
4963
3683
2477
1937
4747
2895
4638
1156
6999
153
5651
5141
2947
466
4910
1149
3209
371
71
2248
4390
4861
159
3902
6933
5089
5602
5753
1025
6700
186
4382
3740
1374
6727
1609
332
79
1739
3743
2456
6391
4707
1026
6171
6821
3511
143
7031
3084
6143
252
4029
855
152
4940
2706
2977
1344
691
1806
138
2066
6115
6451
5840
5844
7069
2948
2216
684
4025
2130
6452
5731
4777
4879
2338
4787
4970
211
3152
3011
2125
3550
2339
3910
3961
4670
200
743
6101
5882
2985
6824
4613
1336
1800
3199
3198
1191
3193
4823
4821
4004
1730
3259
3870
2185
128
7075
1548
1187
5283
2782
3981
163
835
1584
6376
162
3433
3087
137
1053
2411
4454
1564
2404
7039
4211
115
6560
391
550
5429
970
5692
3758
4472
1513
1514
2554
5592
6742
1491
2557
6946
555
973
6139
6667
5748
5160
3205
1420
4266
65
5082
2144
2510
5169
6413
6724
6528
2990
5072
4432
1921
4281
6261
1685
4288
6923
5418
5975
504
4157
309
442
4510
1607
624
3800
980
5094
2648
3208
4925
6715
3804
5752
7042
264
3328
6070
651
3416
2462
1205
2467
3417
3811
2692
4044
6350
1830
618
6426
2243
579
6122
1612
4141
2397
7130
4477
3117
3400
2247
5798
2576
5436
5039
3797
5756
1217
942
976
2395
2595
1218
827
945
3691
5488
3685
3565
5761
5434
1108
3814
5458
5541
5551
5454
3821
5452
3467
5739
3000
1581
6625
1646
996
2936
3463
3664
5536
1696
5395
834
5457
2215
6637
2991
1618
3543
6704
6756
5474
843
1620
1015
2994
5741
2921
2963
5725
4245
1974
4361
6975
7112
5347
6272
142
4398
4400
6121
7003
3307
4409
5086
349
347
4435
7035
5063
6969
2416
4693
1964
6102
5991
1259
98
6127
4280
1940
1942
1943
1496
3163
457
2504
2501
4919
6296
1960
3083
432
3160
327
6109
320
242
4609
4534
7070
2374
4535
2372
7071
7078
5021
6076
2364
6087
2349
2347
3250
5640
2331
1444
4533
246
191
253
4635
7041
2400
307
2310
4632
291
2393
6237
6930
2050
5027
6506
6200
178
261
5613
2315
7091
2061
7055
3167
197
6928
6844
4000
4006
2233
5272
4022
5261
5260
677
3998
6161
3019
5257
23
27
1819
2665
6871
2656
1835
674
6929
3992
4860
2207
5850
3451
3184
3865
3449
1549
2781
6522
1791
3002
3903
3183
759
6524
1774
3935
1779
3432
3967
6613
1838
2653
4880
3412
6134
3390
1515
6309
5688
4207
4909
5973
6920
4216
3368
4224
1908
96
526
4234
5984
4912
2155
