1224
1222
6274
1229
1220
1228
1223
6271
6279
6276
6272
6275
6277
6269
1227
6265
6278
1181
6273
6270
3826
2951
1065
4614
6266
2242
1180
1225
3999
4348
1612
4930
4788
4405
5166
6268
6282
1184
4031
1696
3829
2453
3254
1564
5378
813
4783
932
6420
7146
4811
3345
4340
3455
2747
6320
4224
3818
1221
6429
5327
4402
5636
1190
5005
4404
3459
2243
2245
4771
4774
6352
3205
4040
3832
5301
5168
4347
2961
6453
5418
543
7084
4612
4341
3206
1185
5302
4409
1162
3945
5830
2248
4785
819
2820
2081
6116
3200
6090
5955
1824
5164
4555
3742
1109
2963
5941
658
1268
6424
1466
3465
1609
6421
4271
2592
3298
1338
3250
1066
4518
1826
6050
1828
4342
6040
3171
1604
4157
4156
1583
5070
5844
957
4138
510
1782
3942
5700
6264
6281
2990
1899
2777
5707
69
1070
1896
3811
1916
4630
5308
5807
4787
129
6774
1351
6175
3208
316
4403
6395
1182
3202
6260
3401
2853
1434
6261
6262
4407
3609
1140
6442
2172
6524
3399
4748
3403
1012
3002
1386
1820
7156
3451
818
7132
4893
680
4933
4112
34
6771
266
4032
944
5004
6176
5551
4683
3426
2246
6782
3252
3836
2372
1074
2388
434
1108
2402
6339
3293
4485
4398
1618
3209
4229
4401
5316
3625
3255
1064
2656
2223
4388
2362
4391
6422
4890
7069
870
743
4001
4161
4505
5281
742
2031
1124
1715
1805
3995
4291
3453
3454
4948
6267
5679
1349
2121
4819
4817
4709
1191
4737
3259
4296
1378
121
334
3681
4299
1408
1163
1822
6393
3429
2135
5307
4294
1267
6437
4100
5305
1610
5126
279
4936
5887
3144
5917
1919
3696
4639
1911
6820
4553
6560
4634
1077
1068
4397
3907
5050
3011
1276
958
7106
4546
3468
4992
4277
6792
3699
437
7079
939
6322
435
1471
3827
6048
1103
4345
4106
713
4357
455
2295
2772
465
2506
2241
2239
416
2634
4154
2652
4278
4354
6360
2266
4102
4544
2757
2457
2718
4356
4390
4520
2368
753
4707
6286
482
6284
6391
2291
1379
1758
1127
1719
3692
5246
3175
5225
3723
5221
2222
6935
3195
3743
3755
1071
3820
3824
1807
5156
3845
5905
1827
5910
5852
5124
1142
1161
3420
1370
1342
5490
7103
7100
3479
5417
1263
1606
3201
7058
1614
1616
3626
1626
1199
1639
3666
1648
1177
3215
1608
1878
2605
3998
2170
6781
6202
5041
2179
1897
4045
2874
240
814
1891
6159
4997
6075
6761
2192
1953
1944
5762
4392
5390
5751
5369
5773
1262
4793
2264
6174
4816
4399
1621
2103
5329
6427
4786
1544
4381
5635
6242
1350
790
523
5501
1322
1463
5491
5691
5696
1492
1494
1521
1275
5412
6445
2535
1545
5398
6164
5061
2054
1088
725
4660
1783
2373
1915
1910
979
1806
4560
1898
6298
5154
1893
5912
5975
5120
5927
5928
5074
5937
5008
1194
6020
1950
588
5958
6398
6263
1164
2044
740
5809
1155
4478
2011
5815
4946
6356
5283
5835
919
1966
5268
6045
6042
4540
2226
689
409
2744
487
3613
109
6785
441
2692
3228
3227
3127
2872
2876
3607
3131
256
2890
4039
4260
3203
2657
2666
438
4217
151
4008
3728
4046
3589
2849
6705
2979
2983
2775
7140
3450
4292
3017
3966
6709
2709
4116
6513
448
4145
3461
3574
6791
4219
3527
156
6674
7088
1975
3992
6780
956
2925
1957
2926
1938
6102
1943
4943
6091
6094
878
1972
265
3993
1946
6178
2912
4619
2310
4151
710
4150
2780
2287
4638
2781
4117
379
4107
4103
4676
2824
775
4074
2061
2906
2095
844
2895
6171
4912
6754
2871
2168
2870
2171
798
797
4776
2962
2606
5028
7078
3587
3278
5792
1613
3276
1631
3244
1646
5326
1186
1173
120
5309
3216
7082
3214
5749
7096
1389
5598
5596
5555
5553
1354
3449
3368
1346
1345
7133
1437
5675
1462
3458
1261
1158
6975
6974
1798
3114
3103
6882
3850
213
5929
6288
6845
5057
5056
5055
5959
1907
5031
1797
1785
3753
3747
1150
1149
1692
3687
3688
1707
153
2966
5831
1120
155
1114
5839
1760
1763
5198
154
3021
5282
6425
4382
2501
4252
4545
4273
2537
4561
533
638
573
6440
4517
562
6565
466
611
603
4552
2640
6331
4606
2447
2474
4473
4487
1188
6023
1971
3218
1968
3219
277
4500
4510
3680
2935
4995
1165
5321
5320
2647
264
1954
4998
624
4501
3973
119
1829
1985
1978
2419
7046
3610
6115
2914
7057
7039
2557
2059
1597
4894
1594
2410
4009
3596
3660
4474
886
4979
1984
4954
5804
3629
285
1214
5798
6093
5795
2019
6098
2021
889
3621
3212
6371
3210
3169
461
1104
1759
222
3029
1848
5099
1098
5104
458
1767
5911
3041
210
5169
1792
1800
4226
452
6914
1073
1062
3022
193
1076
3839
1793
5160
4477
6388
3778
1734
1871
5837
5035
5303
613
4394
2984
1152
4223
4486
1925
5368
565
4489
959
3953
6011
1159
980
1144
3693
464
1716
6376
5954
5957
5036
3193
6423
1135
2513
1693
5811
3914
1704
305
2028
6923
1289
5717
5719
4067
501
2174
6577
2359
2732
4293
2731
4752
4190
54
4769
4134
4543
4775
722
4542
1420
4781
812
5402
4767
4751
5714
5708
1459
752
4556
4097
3452
5680
2247
30
4091
5686
6677
7109
3464
6512
2227
374
4554
5472
6162
2843
7102
3476
534
5704
4111
2873
816
4146
398
2776
4037
2894
5649
3581
1403
436
1401
2126
4530
4033
5384
5592
2294
6492
2771
5755
3425
2338
309
4593
511
3411
406
6165
3299
1377
395
6321
6678
6755
4213
5392
3308
392
821
6179
4061
4047
2290
831
1779
3115
2677
5546
1775
3691
175
5672
1712
1713
5850
1373
5532
5513
1768
4250
1330
1791
2599
165
1081
5535
3176
2688
7150
525
1788
526
6493
4336
4417
456
5655
457
