2990
6276
6277
2984
2983
1181
1229
1220
2992
2998
1223
6265
501
6262
2951
6279
1386
1180
3811
6264
5991
1612
1228
4110
5692
1194
1224
6273
6275
4420
1227
6269
2994
3465
3826
6272
379
5308
5167
2988
2995
6174
1191
1545
2996
5164
6268
6274
4614
2223
1616
2121
1615
6270
624
973
4625
1610
1619
5028
818
2368
4617
1186
5166
1517
4040
2226
6453
1188
6260
6261
5731
2851
2985
6267
1182
2991
1184
5041
775
6772
4487
2999
1190
3845
2219
638
2902
2958
2980
2981
6561
4911
4912
5005
1222
6227
639
510
160
1848
1929
3668
4478
5861
5751
4432
5307
4483
6271
6278
813
6322
1009
5917
3464
4914
2692
2528
3351
3261
2467
2416
5089
2656
261
972
1093
1642
7107
1074
6771
2372
4910
1798
5326
4847
4084
1014
304
6466
5628
3818
2950
819
6102
1201
1497
4485
811
1207
2292
2061
400
2646
7006
864
5378
438
4242
2747
2227
5611
1544
5686
1637
5510
6941
4410
4751
1583
250
4832
2144
4474
893
374
5697
4819
1564
377
2453
1576
1327
5165
4962
634
6257
3726
5975
3169
7039
3679
3131
589
6998
3621
2314
5053
3466
6492
651
3199
2657
1521
1783
1806
722
6776
689
4915
5916
1278
685
3195
4849
240
5467
4893
298
884
2315
2218
332
6975
3163
898
4919
4846
1338
3211
1225
4916
4667
6360
4749
1221
6429
3414
5636
4151
3353
1762
5759
2217
172
5850
698
2661
164
3935
5886
5929
2105
3407
3743
2098
3740
3723
3670
3409
5990
6844
573
3654
2048
520
1714
4245
1785
102
1541
853
2963
4271
1549
4430
814
1618
5950
325
901
2557
2954
5489
812
5988
5707
601
5681
2339
870
6073
6101
6188
6139
2982
642
1152
6352
5700
2745
2854
1008
2373
2855
5696
5328
5418
745
6251
5301
7102
2859
2410
2948
5480
684
5169
644
54
932
2301
3194
2293
1607
4413
1592
6473
4486
3229
4528
1494
1492
2220
2221
4634
4666
6603
1420
4777
2224
2147
6705
4405
6726
3492
3623
3662
3698
1887
3858
3911
2111
4804
1829
2117
3995
173
3354
4113
4134
4142
4210
1823
4848
2176
4890
1204
285
1272
4948
2228
3455
1262
4866
6550
1202
6514
3380
3168
675
1177
5905
688
1824
5906
658
1006
1162
1807
1161
1158
4083
4961
5742
2351
5741
4949
4207
2718
5004
3096
2287
2515
6171
2603
1197
6159
3511
3625
3626
3638
6072
1988
6044
3658
2642
1185
3666
3685
3688
5953
1943
1927
632
3764
2651
3403
3028
1877
3855
3902
2356
4356
4247
2993
1490
5316
5318
4619
2222
5551
1302
4638
1307
935
5355
4748
5474
944
2384
4757
5356
5358
4796
2374
978
4864
1002
1003
4547
863
4545
1523
2828
1127
4393
1639
4402
4404
1125
1613
2906
2921
1109
2162
4243
2172
2955
4470
1571
2959
2582
817
1065
2182
5683
1546
5656
5302
4447
1485
7169
6756
6702
489
349
6700
6248
6186
6363
7096
331
7035
319
6266
6882
291
293
6995
6199
6245
6383
122
6997
6770
6711
6207
6442
106
6239
6947
784
3011
2918
5713
3832
4044
2997
781
3813
1294
805
667
4913
809
4917
4918
5911
815
5912
4945
4613
1487
3767
5352
6241
5746
2935
4663
5887
1434
2412
2411
3990
4730
4660
4733
1454
1826
258
4947
1414
2961
163
1405
725
2979
1853
1378
174
7057
5755
5283
3079
5126
1140
5136
5152
942
341
5464
2216
2065
2213
3228
1098
1096
1145
3401
372
5281
1060
3264
370
6437
5311
5315
3270
1042
3350
6422
6423
976
3070
5486
2044
847
2290
3094
2288
2450
3118
2280
6320
1226
3657
2274
6321
1217
5122
5035
5595
3619
1203
894
5050
6472
1187
3594
329
2021
5074
5085
1155
315
6841
2145
7105
6046
1630
4379
4118
4556
6164
6163
5958
2750
2497
618
4477
614
2730
4161
2543
2473
2535
1528
2697
4480
2643
571
4489
4505
229
1720
5933
7106
4093
2496
4397
1722
2752
4501
582
866
2275
73
2724
6871
5031
3691
3034
1575
5602
6884
6075
4459
3618
1200
5588
2759
1199
416
6516
4471
3664
4241
2741
3049
5682
3690
6999
4944
4941
4234
407
1952
6198
6509
4246
6041
2751
6091
5648
842
4999
845
1973
2291
1277
850
851
3678
2694
5532
1688
6913
1099
3404
6918
5246
512
5262
1083
6951
5282
2181
5287
1063
6168
6714
1058
6440
1641
6424
5324
1031
1032
6180
2095
7165
6935
1638
2640
1005
6183
2641
3281
2092
4368
5203
4431
5488
6339
123
1154
2239
1146
1156
5688
2248
4435
6673
2253
218
2242
6324
2238
930
6185
1114
6899
4364
2214
6685
3200
212
5473
1606
4412
3501
4417
2231
3497
7003
2309
2362
3944
5802
3943
680
455
2932
1453
161
2925
5785
4532
3945
1379
4798
2826
3993
5758
6606
4571
4520
5902
3889
4818
4099
671
6616
4776
4550
1429
5858
3992
29
6631
1424
2816
1820
710
4150
607
4669
4753
2820
798
5866
4760
1435
3998
2965
27
5871
4128
2969
6752
3865
5901
1515
4841
1488
468
4886
1540
3780
1775
4845
5996
6237
646
457
2874
3001
1895
1324
23
6780
465
4844
3746
6200
1729
3853
3018
1495
4828
1300
5993
5930
7101
6534
1308
3850
5909
4834
1124
101
4146
5321
4322
121
3468
5160
2064
1664
4395
4721
1433
4326
3469
119
1780
2135
1062
1645
4396
1633
5276
5269
109
6923
4095
2126
1087
1051
5258
1038
4560
3355
4061
4553
1470
4612
256
4391
4611
6753
3415
4610
5187
6937
1659
3411
1299
4291
3681
3674
3840
4995
1350
6577
301
3859
1561
4479
5009
1978
5015
3665
6494
4814
4811
1256
4203
4092
1950
3741
1923
4226
3728
3749
1321
4233
1717
4475
3819
4223
4940
4865
6557
6560
4218
3827
1889
1275
4296
3904
4799
334
4767
3954
