6296
4970
5596
2312
7075
4977
4978
432
7070
535
6298
3973
4069
2668
5559
1439
6302
4060
6306
4961
1893
4677
4308
4671
615
6451
6946
381
3857
3638
1963
6310
2015
5972
6317
1608
6291
6308
75
2130
4968
4888
6303
6206
148
1743
6293
1422
5550
3512
5963
439
3820
431
701
6309
6313
2310
5889
4881
4798
5941
382
6363
4963
5277
5553
4676
6028
3551
6307
2653
4679
7078
5545
6295
6290
4303
6314
4300
4694
4304
5949
4670
6344
4157
531
1757
5094
4967
1604
673
672
555
4883
644
561
1102
592
1015
1457
569
3605
2768
1435
854
6749
5973
2474
1058
319
3704
267
2818
2665
5055
4234
5851
4880
4090
4094
5232
1974
5910
6
4706
4965
3856
678
5590
1890
6300
4202
4635
679
4969
2577
725
670
942
856
5979
5942
3732
3639
4098
3598
2350
2566
2573
387
6398
6449
451
6452
1992
6528
1925
1906
1901
2648
1749
1672
530
6254
6243
7079
6191
3466
3596
970
2873
0
4674
5169
5840
4276
4302
4306
4326
4971
5033
5061
7118
5384
5301
4636
4208
7161
5632
4174
85
5361
8
327
4307
7071
3637
4305
3733
3170
2669
1486
1432
147
235
3342
3721
455
2148
3214
4536
3242
3408
2222
4352
5610
1370
1402
434
6722
5557
483
6286
2167
1016
700
6292
2812
4446
3383
7067
918
2446
6394
4825
2572
2086
5902
2409
459
4826
5144
1726
5439
1703
307
6456
4082
4084
1113
4207
6347
635
5638
677
1953
4861
6301
4409
674
5591
1428
567
6438
4353
321
3825
4256
1219
5847
6391
383
1838
855
2876
2935
5823
5615
2913
897
4914
1029
958
2513
6322
4827
6365
4161
6366
2390
2373
385
4790
2338
5168
4414
1050
4680
6829
2296
4889
2264
2687
4562
4515
4894
5189
1671
5279
7124
2960
975
2977
1795
1594
5845
5844
221
4286
676
204
3741
3730
1894
3681
689
1899
3582
6043
3735
9
3952
1745
5562
636
4093
5882
4080
4076
4213
508
4067
4057
4025
4023
7000
645
7117
5904
4064
485
145
4341
476
1929
6520
5611
3205
3202
5104
3385
2448
6936
1426
6182
2080
1425
302
458
6937
3401
2016
4955
1922
596
6064
3442
3406
6066
79
2068
70
2128
6455
4902
5118
2113
5069
5631
1379
6754
1505
1897
1238
6434
5081
2171
1807
6418
532
1837
1532
6536
4897
1927
5568
1593
2563
6176
6062
3403
3402
713
3265
3256
5317
3207
746
3196
3143
6159
852
2440
299
6190
3019
6201
2993
6061
629
3559
4315
4063
4026
5853
4010
201
5905
3941
5435
3865
4235
4236
4241
5423
5953
3821
5970
5974
3702
242
3587
310
1662
2931
2725
6282
563
6284
6287
4700
4693
311
4678
5765
2678
5722
4563
4591
2662
6980
4615
4791
6236
2560
322
2567
2772
5300
6225
5825
2561
7164
2824
7047
2806
2802
1099
953
5441
1187
5058
1090
1599
5548
5455
6724
1514
5552
1420
6885
882
952
1401
5095
1440
5350
709
1446
708
707
705
5067
1480
6957
6769
6801
4173
1669
3213
3198
3149
3109
6164
2986
4355
2914
5827
2893
4397
2844
2842
4408
6252
2808
2777
4480
2761
6281
5773
3273
2666
3279
4350
4153
4133
4095
4214
5903
5931
5946
3828
3782
3748
3739
3737
3728
3653
3602
3552
4331
3516
3514
3499
6069
3367
4625
4675
5717
2066
2031
5612
5594
1931
4962
1924
1921
1920
1916
1914
1910
4979
5589
1869
1851
1830
6548
1769
5570
1738
2071
2084
6461
4906
2623
4687
4721
2595
2569
2564
2510
6336
2425
2381
1668
2314
2298
2286
2269
2259
4890
2229
2228
2225
6426
6427
4882
625
5443
537
264
7115
256
612
7119
373
595
217
566
460
372
7059
7143
453
435
404
6918
2758
4638
2780
6200
1333
4597
2807
5739
2895
3002
2991
1258
1259
6221
313
2947
4648
4485
4450
3013
2987
6759
6747
2916
106
6283
5616
6340
4887
1429
6339
4884
81
7041
6318
6930
7131
4844
2596
86
4664
2667
7051
2681
2683
6699
7052
4729
6294
7054
6289
100
7055
104
6193
4673
361
3035
620
5810
3530
3557
1121
3591
1115
6035
6819
3628
6014
7110
3725
3736
3738
3742
6804
3743
3780
4022
6827
5945
6848
5940
1041
5893
5901
5913
1026
1025
6845
5908
3747
946
945
6059
1252
6346
3065
4362
4359
4354
6161
295
6974
898
144
3204
5839
6127
6869
6782
4274
4181
940
4187
6798
3437
3405
1253
4216
6112
6119
1192
6866
3282
3275
4237
583
105
2471
5490
1976
6505
1554
2058
5248
2093
536
5515
457
444
2159
2168
5166
1509
597
1507
6407
5142
1496
5107
5102
5556
671
1960
1948
6524
6995
5437
3
5434
1675
6575
6573
5424
1714
5448
507
6972
5411
5407
1774
499
6533
1609
1605
5474
1590
1930
1937
6525
1753
5560
5511
5909
4966
2330
2331
5572
2345
2361
2367
4972
5586
2380
2399
4975
1465
5068
6368
5060
2407
6670
5065
2309
5598
209
3526
6057
386
1896
3537
6050
3550
1433
6352
1887
3566
5915
5927
3577
3578
1603
1898
1596
2576
6350
1171
3400
7090
3946
2610
272
2395
2462
1576
2594
1936
3482
1935
1022
1917
3488
1403
3589
1856
1118
506
2542
2450
6822
2441
2503
1741
5968
5962
1053
6364
1727
216
2429
2433
1709
210
3734
3731
7099
2554
1848
6578
390
1111
5928
248
1107
1834
1697
3397
1831
1095
6019
1800
6577
243
1037
1793
3607
3361
7057
3324
6251
2843
2848
2862
324
2274
1494
2909
7073
430
6705
2318
6220
2943
6413
2948
6212
6652
2917
6262
2821
6264
425
6393
6280
2735
2745
2748
2294
3947
2762
6400
2770
2771
2776
2803
6403
2805
6392
1491
2811
2339
6415
436
437
3203
2660
6476
3218
1550
3219
2023
3254
3268
2654
370
1997
3274
6304
3280
6518
