6293
6344
1589
597
6310
3637
5596
3958
6348
5590
4235
6346
3149
3050
381
5548
4308
6305
4677
2844
6749
93
4237
2664
5632
5833
2616
4300
4306
2229
1859
1029
7075
6040
5949
6805
5591
1662
1028
1963
6343
4679
996
2612
7114
2841
6573
2215
2222
2801
3056
3142
1893
437
2849
3146
415
4953
4316
6587
3123
476
5542
791
6451
3274
6931
403
1020
1855
1023
1890
4319
172
4310
6405
1740
4305
2678
6151
4256
5597
417
592
5545
323
4202
6827
7136
4969
7131
6804
382
4676
6296
413
3952
419
555
2381
6169
530
4164
4967
3553
412
6800
4721
5315
796
6295
6740
810
3025
4304
6308
2893
1856
3051
6043
1745
4725
2680
1672
1586
1678
5942
4970
2675
6368
2182
6077
4019
5572
738
4315
3055
4596
6291
6313
1331
3276
320
6906
1958
6828
4201
2806
3275
2380
6345
5730
3965
2908
4693
3733
1173
3148
6159
1021
4963
1486
798
97
5020
1676
1764
1457
1886
538
3730
2174
4230
6298
3140
786
2594
3973
6311
3433
4978
6885
1383
7148
3737
75
3907
4098
378
5025
4584
2848
3145
2846
1757
6336
2184
2845
6803
4166
4160
6809
1754
1749
6808
4904
5007
3732
2390
2189
660
2619
3633
3972
425
2401
3144
7073
2798
4674
1415
3348
4317
3953
6216
2474
3427
4678
836
2887
1585
4060
803
4187
5546
558
1417
434
439
2802
4450
3530
4167
4162
3547
6156
6154
4169
321
2804
3501
3184
794
5963
3457
5839
3002
2210
6239
2148
4724
2431
3486
664
2409
6892
712
6363
3085
1270
6355
3143
1918
4961
1778
1017
5277
4311
3638
5142
5922
6394
5148
6418
5667
4659
6401
4307
4338
7116
1219
3316
4333
4652
6408
941
4334
6349
5187
2914
1172
4733
1084
4303
3748
3552
131
6022
3273
5188
4208
1851
5279
5145
5074
5113
1857
2382
5104
5960
7118
405
2803
5508
595
4313
4483
2796
4314
2209
5381
3741
3279
388
663
586
5946
2410
4089
2805
4954
2674
6273
1743
2016
7147
2566
115
2843
1598
3923
2878
6367
6303
6801
1584
5550
5888
1769
2062
2010
3842
1313
3270
1599
485
6824
1869
4918
4320
3578
5066
790
3933
3082
7115
2943
5197
6290
1024
4914
435
1747
3865
604
2791
1184
5075
553
2944
1488
2279
6965
1779
4824
5180
3856
4168
539
536
4318
1777
560
562
3817
5613
3960
1744
918
4490
1559
806
3294
4632
5270
6648
1566
4239
4248
4649
3783
6318
1892
854
3430
3428
1273
6351
3040
5274
5198
907
1285
909
3927
4374
6354
1026
1534
1253
5084
1712
6538
1117
1113
1112
3498
5183
6402
5184
6223
1100
3867
3366
3138
5105
5106
3772
4726
6898
1850
4225
4708
5830
1860
2086
1379
3760
2170
2793
6125
337
104
5884
326
5389
6150
5023
2658
3736
3551
7074
4975
2613
2604
2599
5585
4071
4901
4103
214
4849
6062
4084
5898
3624
410
3605
2430
2812
7139
4000
5967
359
81
7125
2916
5557
2188
385
3598
387
6341
6806
672
4716
252
656
2204
250
6802
4654
6215
5094
4908
1954
398
3784
7077
886
3946
3466
2089
3453
2143
6852
2911
5599
6231
3579
6229
5643
841
6314
4680
2012
4129
3735
3734
6822
4675
3482
4257
4156
1027
3054
4562
103
3132
4350
3306
3139
3141
4977
1660
1657
5200
7135
4391
4971
3268
5756
4408
1538
3185
6597
5954
4489
5731
6549
5947
1425
3857
2795
3839
2876
1746
2668
4645
3921
6362
6365
5303
3731
1885
3081
4917
5136
5143
1858
1055
4968
6742
1087
2614
3362
5669
1118
6728
168
3639
3109
148
1773
2654
1174
2607
5082
2877
2386
585
3537
442
2970
606
3550
615
3954
4179
551
433
2272
2277
561
4804
4827
579
2354
2301
418
411
5196
6129
5322
6328
6621
6201
4672
6202
6480
414
5985
6641
3045
4263
5194
3426
3788
3787
5439
3967
5648
2452
6645
1258
1670
1667
2885
6992
5065
1595
1259
7071
2068
1325
5273
3962
420
5889
1618
4688
3277
2482
4240
824
6845
4117
2252
6849
1608
1330
4387
2895
878
6826
5060
7067
5880
4045
3278
2823
1974
4682
6323
5324
3432
4386
4041
161
4106
5584
2840
3628
3333
7110
1753
1083
5513
5149
2669
6747
5577
1852
2596
4337
3655
6738
5182
4965
1825
2637
1803
5772
6722
167
169
170
6030
5155
2625
1774
1162
175
1110
1109
450
1041
2586
3084
4356
1940
3057
4648
4359
4909
1952
4976
4364
4844
1957
5118
251
4801
1674
3058
4643
4642
4912
4807
1035
1033
4847
1025
4805
5765
4658
3317
5407
1711
3315
2563
2561
3312
4083
4082
5117
6035
5109
2440
6244
407
5616
3571
5112
6947
3738
4409
6920
4825
6922
6609
7
5836
5543
6925
3849
1557
5068
5598
2912
4734
591
2173
5547
2428
7034
6595
6228
3183
2355
2180
363
5100
2807
4440
4441
4723
6236
5101
4826
6226
3223
4700
6939
3
400
2
5556
2976
1578
6933
6
1450
3559
1590
3459
2332
2223
1591
2684
1899
1898
99
1896
503
4439
3609
377
3319
6453
4842
2573
2185
1022
4595
6426
1894
5174
1423
3526
5733
4322
2687
4803
3739
6471
4786
3349
1135
6542
6548
3925
977
3313
6778
3950
6458
2237
5514
166
7155
5872
3957
4640
4592
6366
6936
5658
4644
6212
3968
4004
3620
3699
406
5461
3361
1761
6395
5036
4301
5666
3558
5876
1742
184
3767
6400
2945
3717
2228
4335
1479
1086
5095
2225
511
3095
4302
5159
3492
2679
4811
2866
5150
2581
1414
6449
6764
4806
5778
386
6406
2376
2618
3491
3693
1487
3086
5181
3087
2692
2949
7028
471
2847
5365
3653
5072
207
3575
4737
4709
6118
2445
6316
5518
1564
6204
6839
5835
3574
2023
6325
2325
2017
2498
3429
2014
3516
2011
5841
596
5022
2130
2360
6957
3751
