5018
4871
1601
5016
6734
5989
3878
4532
2829
1517
4598
1506
931
5085
3871
5200
6825
3325
2216
6181
3877
4726
4765
1819
4231
4870
6994
5403
5776
6301
1640
140
6707
4903
485
2800
38
6758
5401
252
246
362
2880
3315
6826
879
2631
3983
3410
5667
767
5829
3057
1034
2980
5793
2953
2858
1044
4239
4222
2827
2483
5969
6108
4653
5460
4567
1186
6913
570
3655
6943
6136
2368
4490
1340
650
7011
5239
1583
5777
4488
4029
5083
3995
6614
5022
5036
3981
1383
1371
139
3079
4223
602
1607
6390
4422
4385
2366
7062
6824
318
5381
2363
2229
1980
514
4806
4821
1809
2866
1694
2455
6560
4226
2378
1335
886
3544
3822
6945
36
5679
3627
2850
5404
4859
2816
2804
599
2214
577
574
5613
3879
775
91
1670
5319
1580
3432
3075
3071
3028
6566
4227
3436
2955
5465
2939
5467
6142
5854
1600
5987
2364
4315
3591
7032
6158
1183
2315
6995
6459
3560
6939
474
2369
5577
2375
2068
6547
6749
2481
6997
5515
5967
4425
6381
4759
6763
7092
6345
727
2705
5493
1575
1994
192
2212
3177
3316
5037
6109
6733
2
7136
6248
1388
3179
6874
1353
1507
5314
1509
6969
5013
1781
1218
162
4752
3314
1748
521
1337
760
4784
2708
761
3870
5077
6342
5988
2750
6963
6728
5296
1776
6316
5713
3126
1996
6931
5048
5161
437
435
6426
430
5421
5947
6817
3562
4530
5422
2325
5571
2352
7143
938
3322
4491
5042
4484
4475
2014
2803
3922
897
4323
229
198
6086
6723
3440
3025
5115
4098
5237
5348
3051
6764
1030
6053
6765
3068
1548
2988
6944
2854
2889
2355
5357
5938
5238
3747
4735
3312
3744
2921
1644
5880
1230
6515
1903
6830
5765
1585
2900
3067
4758
874
1947
3958
483
5142
2384
1271
6643
3943
2056
6287
2413
3168
2055
1206
4440
4473
2148
6996
6030
227
5300
5516
2362
4723
5588
231
5711
3536
2137
6084
3547
332
2884
5400
1690
463
5985
5808
1273
6906
5685
6085
3998
575
5991
5994
5230
5716
1192
1451
2801
2802
1740
7127
4587
655
1352
3740
4829
4362
4079
3951
1021
729
594
5976
2828
5875
323
764
1725
6205
167
7125
6965
5075
1810
1803
3446
902
590
4021
6834
5641
5379
5528
5408
6461
5152
2184
1514
1588
7039
6138
4595
2183
1708
1372
1257
5126
1854
1853
1528
5072
5026
6146
5429
5774
5024
3634
1484
32
5345
5873
1730
659
5340
6941
3663
4631
3748
1882
6101
4665
2049
2019
2018
6787
1213
1995
5039
7118
4725
6502
1954
4754
5116
5509
1645
4777
6762
1887
6148
5119
3950
2220
6885
339
6362
2595
1038
3433
3061
3077
3527
1119
4111
357
3535
4443
4448
64
6998
6852
2462
2448
6040
779
7061
6167
2822
2805
3882
893
5615
6321
4238
6325
2857
6960
1062
1101
2882
6341
2707
314
2701
4322
3516
6002
6961
6853
5954
195
2809
2360
3419
6715
3980
7050
2344
6216
6082
6755
5703
2381
163
5660
4008
5580
384
932
4027
4025
5579
3947
4474
3166
5946
6155
6922
4224
3301
4873
3347
4876
3441
5473
2820
6876
3310
4225
3320
2860
3321
5114
2823
3373
1355
776
5047
3473
267
3307
4899
7017
1647
4117
3430
164
795
275
5089
3052
4022
191
1525
6131
4028
971
6041
3692
4221
3434
3786
6187
3281
110
1054
5891
2936
2975
3669
5019
838
916
1623
6140
3437
1258
3743
6306
5232
6917
2393
6479
4673
3543
2040
5920
383
6916
6887
2430
5584
2464
3538
6383
4435
4847
3533
4756
1142
1999
4419
482
479
7141
4594
5155
749
6933
5754
1170
2181
423
4492
836
5573
3949
4617
4495
6947
475
3549
4622
4624
2358
4412
3810
6804
6323
2636
5838
1846
6925
6539
3869
578
4824
4831
1072
1786
4312
4846
5770
3490
5610
5974
330
1189
529
4762
6999
583
527
6807
5970
582
1927
1928
4770
1739
3523
5973
4800
4364
2571
5308
933
1203
6666
1079
937
5303
6914
864
6732
7138
5845
846
5321
837
1027
6746
5087
7121
5177
5128
1009
6742
5120
2354
1376
3989
4014
4024
6049
6247
3145
3117
3095
3076
3072
3050
3029
4190
6290
3987
6295
2930
6298
6299
6308
2853
4258
2810
4259
2798
4267
6322
2738
4313
4317
6003
6204
3972
6070
3739
3734
3730
7038
3668
3659
3657
3802
3633
3621
3592
6088
3520
3874
3476
3472
3887
3319
3323
3327
3332
3336
3337
4320
3340
3384
6188
3438
3445
3448
3452
3955
1336
2706
2675
1843
1773
1769
4842
4843
1743
1737
4850
4855
4856
1709
1702
4865
1698
1856
1685
4917
4918
1547
4951
4954
1524
1512
1501
1487
1480
5011
5014
5025
5029
1634
1868
4802
6991
4363
2610
2573
4415
4420
6385
2491
4472
2383
2359
6414
6416
6417
2261
6435
4558
2237
4768
1923
4733
2003
7075
2133
4332
4618
2154
2185
2193
2194
4593
4584
4613
835
3749
150
6891
5643
425
387
812
6881
5399
5733
697
6893
255
5593
652
263
769
166
7146
586
354
5361
325
6768
612
595
660
7163
5369
200
691
636
388
5699
199
107
5425
762
571
516
6970
654
5367
433
6801
30
5669
5405
585
137
6902
6841
5662
5464
6835
152
580
830
503
6872
581
274
6808
125
723
5402
538
3223
1129
5032
1056
153
3084
201
4780
4311
611
3098
1845
6474
4900
532
4400
6921
4901
4119
1909
7091
6828
5382
3060
3059
1875
4805
197
4406
4446
1061
4441
1100
2537
5834
4000
3175
3170
5233
5665
481
3160
5644
6234
5824
5023
3204
6700
7074
4874
4409
4792
359
3992
4429
6038
5930
777
770
5038
7072
1185
1146
2824
2825
2826
320
4329
2681
4910
1975
4325
4734
5625
5129
4750
1958
512
1624
4228
1215
1964
253
2818
1614
500
6334
