6313
241
6302
385
243
7118
258
6299
1480
268
7047
6309
2398
6317
246
3559
4344
3056
506
6289
7055
242
6345
4587
249
2050
5260
3556
264
3552
254
1027
6314
253
5744
267
260
33
6153
169
2319
2987
251
3059
431
272
3653
7061
5234
6303
6450
2808
256
1412
6505
6503
6312
2304
3721
6300
244
6306
3901
73
4731
1605
7058
1600
3551
1580
3433
2390
3876
5800
1489
5947
5421
103
5968
3054
531
3954
4136
4434
537
1582
2623
1992
6723
1401
2396
4905
5765
5974
5898
6055
1532
5359
4130
5849
3702
1332
594
2367
3317
4181
1402
6059
248
3550
4135
5942
3384
6311
3553
6308
6290
3857
5624
273
5548
46
6304
4598
1513
4906
615
3706
7134
5428
5425
259
572
263
3707
2616
4048
161
6962
4114
3655
4022
1527
6315
3825
5248
5625
2629
6068
5640
7111
6109
6552
5893
1058
5905
610
5907
5963
1413
914
1786
6506
3962
3170
2156
3377
5385
529
539
5913
2135
1213
799
5720
825
830
2397
6582
2395
6597
2199
6006
2306
2208
5894
2096
788
5915
247
912
2175
5691
6946
5673
1584
3554
5219
1538
3258
3575
1709
3577
3051
1741
1743
5429
593
6155
2982
1854
1057
2878
1050
672
5544
6095
1926
1574
2691
6732
6064
6063
3082
2136
4584
4302
4639
137
1411
3978
4671
1414
4694
6342
31
1408
4186
7059
4784
6426
4585
7053
1531
6062
3599
2621
3603
5084
6296
326
5081
2574
6738
4597
2539
1518
6720
5741
167
4124
1515
826
3631
5656
1026
3572
5351
5387
3217
5300
1714
6848
6887
3307
1417
576
3013
2993
432
619
3405
6125
5462
1266
1855
1160
5142
4726
679
5114
4364
744
5525
5325
2215
4570
6318
4450
2058
5984
2333
4861
4860
4028
5843
7054
7043
2148
3951
4538
4099
2938
1601
6137
4025
5904
3443
2099
4321
1603
4483
5781
3455
377
378
2848
5540
6546
1558
1856
5119
5125
5514
4174
5903
4035
1576
4631
4034
2986
6427
4190
5361
937
1419
1691
555
6843
6885
1730
5237
3050
1249
5934
5926
5422
3325
581
5962
6103
4002
1334
1660
602
4494
3385
4551
589
1664
4692
1214
1749
217
77
1572
5115
355
6071
3578
5658
6003
3592
6572
160
7124
3620
3842
6009
4408
317
5724
5727
4439
1447
5743
6707
292
4978
1997
736
891
6579
4839
149
72
2721
5550
372
148
5899
2474
5559
558
560
701
6840
4235
1739
4431
2399
2155
2157
678
677
860
6643
5722
6661
5943
552
1728
2140
833
1110
7166
522
2840
6700
527
4722
898
5790
6858
535
536
6706
4225
4231
5793
3084
6844
42
1975
5493
5496
6150
4187
2624
1860
749
2942
5576
5902
2257
2981
6014
2663
4635
5487
6076
5598
4369
653
730
5499
6361
89
2869
1410
5426
6184
4445
591
5430
5914
674
3019
1778
2575
2336
1895
5521
604
4446
1380
4305
2603
2310
1001
5573
4440
4400
1752
5488
3557
1438
6871
4005
4021
4148
5112
1177
3528
5021
7041
5238
1432
240
3320
4183
7051
7052
4780
6301
295
3449
4975
434
4094
1602
3424
1499
3333
164
2139
1644
3576
7018
499
5110
359
335
6203
5098
2893
6993
6295
1375
5506
1051
1163
5131
5128
6523
1463
2448
6070
6742
6069
1858
6457
6043
6963
36
6117
1848
1396
3593
6436
1376
6801
3583
411
837
6989
4725
4133
134
1981
163
787
6100
2573
4414
987
6724
2711
2798
6563
4589
2785
6336
5589
3657
4360
4363
6728
3650
1899
1434
324
1460
166
6578
387
386
6476
1865
6074
6549
1535
1547
2486
354
3566
859
312
1524
6705
6461
2628
5960
2193
2186
1668
3102
3322
1746
7050
3323
5979
6316
5890
1677
6358
6908
3372
5978
5235
6204
1671
1335
124
1337
1484
2232
476
4027
1663
4029
3093
6857
7036
3280
4233
5275
4522
6855
4182
216
1119
867
1659
3957
3974
221
3953
497
5946
4914
1118
3976
613
3123
6518
4925
3393
7056
2985
3378
6164
2314
1082
5313
3937
1780
1487
4537
1704
5671
4746
5063
3605
3965
5945
795
2201
3928
321
1373
4524
3628
1333
5690
777
3935
4533
2577
1216
2051
5027
5910
6702
874
1496
2321
4976
2330
3769
4916
2400
978
6456
866
34
6307
4436
853
2377
3820
2374
5801
4581
3736
4447
4453
4417
1189
5726
3895
6721
3685
5729
4941
2489
2488
4043
5901
6368
4891
1291
4586
6710
2478
4045
820
3869
212
2391
502
2974
6233
5256
2980
1673
1611
2627
1424
6120
2953
5470
3435
3437
1431
6156
5477
1585
111
1056
1310
2905
3489
6847
3490
3085
1102
2898
4243
1052
1587
4633
622
6193
3055
1258
3044
5423
1665
5203
3057
3371
6907
100
4673
590
3373
1791
559
1661
7076
439
6158
5192
5445
609
5250
5410
132
554
616
1651
1774
1166
3052
5397
1569
1713
1700
7067
4362
4192
5389
517
1940
1942
7116
3564
1014
361
4191
741
746
346
1112
4615
2645
2641
2639
1006
4188
6202
1113
2633
1705
5591
494
3115
486
3098
671
1566
6225
5118
3236
4727
3522
6105
6565
4356
5545
1886
376
1252
5117
5554
1897
2812
147
3105
526
2802
2801
1255
1699
1256
1131
1210
1130
5965
1420
1294
1724
1323
1679
6066
6366
1245
1405
1036
1912
1397
1914
1022
1917
6060
6086
6083
994
1440
1526
1443
6413
6067
6065
1392
1169
1863
6543
1989
5983
6002
1773
6007
1080
6494
2063
1079
1467
6501
1628
6305
2039
2012
1246
6040
6352
1857
1368
6057
1409
1925
4540
5279
4042
625
624
623
2983
4033
2984
617
612
4020
4009
5433
3987
596
595
3981
586
3038
3039
2978
3973
4091
4121
4155
2842
2844
2845
2847
145
5528
4140
670
4137
162
663
2890
657
3494
4126
5481
5478
168
2964
6829
