6307
4341
4340
263
2259
6298
6317
6946
3976
4304
6290
132
6300
6310
5941
6294
127
264
6043
4342
4308
4347
260
7047
6301
6700
6306
1216
7049
6
477
2336
701
2310
6980
5228
6103
4350
1371
6113
4348
1375
3213
4182
6295
1136
385
6579
2591
7161
5177
131
2843
2847
6333
6308
6303
6146
2873
5903
5690
4891
4860
6952
4305
2662
2257
1370
1374
2789
4676
5426
1238
4400
111
2665
1450
2148
6313
6793
6287
6296
5727
277
6707
2096
5975
4174
3385
892
3401
1377
2893
5542
389
3433
1691
387
386
3978
2872
1105
124
3581
2879
6461
2314
3873
4324
708
5099
4345
4302
5125
1066
6551
5007
3323
5559
5063
5052
4643
4969
2539
4648
3490
4820
2312
7142
6331
1969
5359
6340
826
6497
744
746
6438
271
268
533
2168
1102
7052
3062
5976
3335
1333
4021
6028
474
116
2514
6291
4187
1013
4309
423
4250
6194
3330
1373
4880
3013
4028
1379
6302
4060
3427
1933
705
5720
1029
1036
1068
381
425
241
6760
1205
1095
615
4908
613
6152
4883
581
2338
5942
985
709
969
1817
399
6299
5328
1362
1757
279
5679
1749
6007
1743
6314
1289
6060
6063
258
1663
6872
5777
0
209
3389
3336
3332
4259
2666
2668
3218
4287
4303
2738
3421
119
3011
2771
2977
4562
2878
2846
4644
4647
4677
4671
3020
4025
4299
7149
7119
4008
3914
3984
3907
3975
3672
3516
5801
1533
6575
5913
5910
2875
6536
679
123
3019
5907
1602
3435
5723
2870
3825
1690
1692
3771
4646
6702
5608
6704
1791
5568
2812
6706
1605
1635
4409
4022
3383
6312
3329
4181
4188
4192
6211
1069
6209
6200
1121
1125
905
1151
3561
3580
5490
6112
427
1219
6107
7144
6102
4354
1240
6058
4393
4406
6485
3059
5448
6710
2155
4673
6932
2772
2663
2669
253
1972
265
5196
251
5284
2331
5424
2530
205
5096
242
6974
2478
2015
4265
6177
3261
1123
4193
1027
1126
252
1050
5150
6139
274
5977
4407
4403
1288
5211
6070
3219
6071
2721
4301
4300
2704
5161
1214
3212
1254
1024
6889
6281
6457
751
6467
6937
743
4991
6498
6450
4970
3885
6523
6556
544
4
588
3774
2580
6254
6936
6350
4186
3053
3337
2660
3387
6762
2623
6352
3488
7124
3544
5016
3548
3553
3961
508
2610
2301
384
1666
5816
1693
5911
5281
2080
1694
1793
5904
1698
5283
1970
6912
1657
1501
1748
5762
5329
6843
1506
5799
4685
1800
4670
4505
1668
5449
2753
1669
5433
1919
6908
2848
4444
133
4674
1916
5226
5371
2004
1876
125
4642
6380
4824
5644
2399
2592
909
6315
1696
3559
6337
1976
916
3513
6386
4419
6407
2520
1939
4897
6697
2489
5473
3848
4900
6559
6558
664
4861
4942
5556
6519
702
3913
1959
3924
5403
5004
6469
2815
1973
3944
758
1974
1726
2586
5631
3608
2656
2333
1146
2251
5906
3216
5272
4555
4495
4776
1412
4881
2713
4490
2138
2207
5945
1252
2993
5948
1406
4362
3113
5955
2758
3111
2170
6012
2725
2740
5220
1139
1128
2667
5902
5675
2624
950
2653
4119
962
968
4603
2874
5729
5092
1609
1608
5097
5374
6282
4679
1021
4202
1061
5106
4224
2278
2275
5849
4270
1097
4273
4280
5901
5741
6127
1873
104
7040
7071
6783
249
6994
7051
311
261
6911
410
212
6942
6876
244
203
6734
397
6962
6924
7111
246
295
7112
546
383
206
1251
742
961
6724
761
6735
2145
476
5401
752
1699
4208
967
3016
745
422
1241
7140
3578
2752
5912
5239
5915
5001
704
4258
706
5649
243
3026
4882
6100
5009
1851
2770
5307
6492
2777
2184
5522
3982
3535
2016
5306
4640
3996
6820
6864
401
1794
6320
5062
4080
2339
6375
6050
6048
2032
6042
4580
6748
847
4173
897
894
4164
4497
4161
6341
7045
864
1677
1323
6040
3322
1367
923
391
955
5950
6518
952
4199
4020
7118
2845
4027
1697
4029
4190
4040
4862
1378
4061
804
2107
1376
6311
5570
2876
6392
398
7097
2023
957
4262
6769
6581
6128
6215
5837
6217
109
6692
5844
643
4408
645
6715
4297
5748
5642
4821
222
2584
4414
4286
2206
6923
3112
5632
3859
4296
5168
7069
435
3876
4904
254
9
596
3700
5815
189
3653
6578
5822
5823
1992
1153
6212
3731
1724
3597
3592
256
4992
565
4732
4730
1601
6114
441
114
2573
6776
1599
4276
6527
3589
2723
3609
2730
1131
4998
77
3931
1111
6243
4888
1208
4889
6866
6059
4150
4902
445
4369
1162
3320
2987
5385
7066
4307
4365
4327
6186
4172
1147
4364
3114
5445
2151
1979
6158
6157
5622
1154
4872
1099
4909
6339
6798
1285
4485
2470
4329
2471
1975
499
907
2361
2128
6309
3214
3217
7086
6940
3028
6119
3064
473
4996
6091
472
6910
6782
478
988
4446
4240
1025
4274
6284
6005
5006
3037
4884
215
2123
4997
1017
6935
337
4893
479
4295
2367
1261
6925
6868
4191
1258
2369
1067
2370
434
1065
4198
971
278
7048
954
1064
335
6131
1753
2377
4201
5616
3207
5047
966
4896
1215
5156
4353
299
2093
5093
1647
5909
6521
2742
2741
6525
5184
3590
5108
4734
4738
3928
2252
1505
658
1509
4729
5495
7136
6504
382
380
5527
7023
759
4649
5671
3522
6506
3967
3530
2180
3534
3538
5309
1448
6500
3556
747
5944
4844
6554
3691
6681
2637
6918
4837
2600
266
6691
5793
5134
5744
577
3764
1590
6701
3738
4825
4826
5747
1518
5488
1559
6976
5117
2683
201
3636
3638
2670
6919
6848
6570
5282
545
616
5810
610
5726
5199
4801
5722
6456
713
4641
1812
6815
6401
857
836
3436
4115
4104
4568
5996
6391
5993
5963
3434
7116
5990
2332
3432
2171
1365
3428
3426
4576
4571
2001
4573
