242
6309
73
3053
3723
898
3954
6153
5267
3056
241
5720
532
6312
1499
1271
1275
4344
6299
537
2146
2147
1412
2319
1523
1413
6302
6109
829
5081
249
3725
3059
4236
3052
4905
3599
5688
89
5428
2144
259
243
3592
1588
4369
552
1895
1201
4220
619
4861
4529
5128
7053
5728
3595
5350
4784
1027
3384
1992
6195
264
4363
2099
891
4343
2143
6106
1524
3726
4892
2098
489
2257
2137
3591
1580
4525
7043
749
2090
4368
6345
240
5380
6105
7051
1527
824
2140
5359
1520
3194
137
1582
7102
6104
2516
5540
336
1720
273
40
787
3300
5361
7118
4522
593
6103
1130
2460
3594
531
296
2138
5549
6880
5244
6459
6306
6158
5357
2604
361
2051
251
1266
5721
276
6186
4731
2898
553
4380
741
5123
7091
6187
881
3685
2645
611
5838
610
888
616
4232
77
5673
272
617
3499
2643
2131
3706
3707
828
3720
1480
4521
5103
613
3722
6192
4598
2097
534
3054
6982
1414
6523
6074
5727
3613
254
3193
5926
5058
5264
1584
2707
915
896
2473
3957
6723
4034
451
4891
5943
231
4569
3069
4898
2981
6184
677
3013
674
5902
6313
1740
352
5355
5059
5723
5241
3913
278
5205
5744
6059
253
7101
6055
895
87
5163
5326
3381
3590
853
43
594
245
4520
6193
4130
839
554
1496
7047
4325
851
5722
499
4527
6197
6989
5915
5421
6736
2938
618
614
612
2890
5071
5098
586
584
825
3112
4793
556
6614
897
496
1202
384
3350
5353
4595
1136
2149
2453
6457
5276
6518
4694
471
3952
6450
3234
676
4277
3728
6064
6174
5724
3911
5939
4238
6170
277
5962
3627
3852
4217
1487
5904
166
6155
1411
1576
1611
2050
2092
6008
4364
6317
376
2315
1227
2058
1605
1908
539
2508
1897
854
2734
7107
4114
850
275
5741
3890
2489
4664
5272
169
5260
1026
6505
6515
1490
5351
6347
4594
1976
4722
4727
2396
6547
2646
6561
4563
5726
5213
4587
5358
1891
161
2833
3019
268
3057
6253
1744
44
6783
2155
558
6171
2148
6209
757
2142
3058
330
1855
298
827
826
2284
5114
3497
823
2095
1661
4309
3129
6753
2967
672
3051
4907
2518
160
5243
4839
1990
4853
2985
1997
5247
4863
4213
4211
6755
6737
4424
5269
4675
4665
3597
1050
3239
4322
1699
3632
555
6006
5127
832
868
822
1856
3916
49
1664
889
4360
6060
1723
6652
598
2715
1854
3657
3978
5185
1844
6066
1691
3197
3876
5942
6698
899
6009
1980
339
4528
3378
1489
6179
234
1484
3990
3444
248
5642
385
3355
3433
2381
1323
5548
2042
3552
5366
2096
3858
6191
269
5615
6303
430
4110
256
5630
4560
1376
258
2134
365
6095
6289
353
1643
582
1892
3721
6156
4772
5493
587
7007
3856
1270
3114
575
3121
1649
3702
2248
833
5803
4792
1261
3508
6819
1291
5684
6248
5093
1728
1416
3489
4222
5898
295
6734
4231
260
6995
695
4886
3825
4881
6189
4874
267
4062
1417
744
5547
5086
3965
866
321
42
1333
4015
319
4099
1418
2141
627
2937
4927
3490
230
4485
6157
5178
3377
5416
6482
5685
2345
3559
2477
4447
5261
2371
494
6554
2387
2399
7078
6861
7076
4599
2592
6151
6534
3951
1531
4446
1139
4597
1488
2482
2725
3628
6315
1625
164
536
363
880
6150
529
4667
7058
526
4753
3382
6132
2539
890
4362
6047
6448
5754
6470
6743
6100
1529
1060
2968
2130
1401
4928
5888
6092
5919
4955
1408
1498
6436
5279
1415
2455
1521
5932
2012
5934
699
2557
693
2543
1090
1528
685
6707
6443
4924
870
5235
5609
1659
5988
2343
5812
6164
5811
2720
1586
1279
835
5181
6314
3959
2510
2314
5422
5131
6304
5167
1899
1621
3917
894
4964
6167
1574
6177
1709
5950
5868
5242
6527
6247
5968
5240
1677
2813
4136
973
781
2039
1851
5544
809
6567
3946
6358
5189
6668
6290
5168
69
4813
6889
3634
7075
4279
4821
4432
3496
3857
3509
4526
294
292
3629
3068
3061
6775
3621
413
411
419
585
581
317
84
3401
4562
3199
355
4456
4463
4174
4537
360
6841
4512
3653
4385
372
6829
550
551
3376
4044
3443
3619
4832
4557
238
3598
247
3492
7059
3593
4014
667
3815
4218
3612
657
1579
56
368
5914
3958
535
3719
7055
366
1585
7096
1861
3170
5266
1035
331
4159
6061
4747
538
48
5144
2509
696
3015
7041
2511
7086
2784
3301
6720
5980
5149
3432
4635
1852
6884
6068
5140
3556
3428
213
3388
5543
5729
5423
2710
2992
6300
6044
2651
5221
4728
2292
491
6521
6399
3236
2048
2641
343
2310
5230
2047
1622
2398
4712
482
2304
4702
1264
2603
6411
3999
4328
3250
5753
4470
5179
2999
2258
1644
3001
4467
1642
7167
3701
335
5203
6005
6135
1600
6506
5484
940
265
1410
671
6565
462
2192
1482
3437
5032
6759
167
5323
300
7052
304
5414
4016
2980
228
5953
3309
2349
5858
310
5084
6756
6202
3371
1374
6343
5356
6895
4221
3493
281
6994
5339
1999
6185
4897
3065
3066
4229
2420
4524
5709
2132
291
3869
6655
5110
1964
1332
2488
5564
5921
5905
6752
2157
5849
5558
431
1346
432
4440
5725
5297
5906
4887
5092
4798
2167
3125
2504
5966
2151
2507
5088
5672
2306
2601
4442
354
6417
1080
412
2594
5239
3630
6070
3247
6886
1607
3235
6867
5349
6297
6465
6350
1483
2018
388
6071
5336
5702
4582
4584
6912
1118
5311
1208
1030
2038
7097
3387
7045
3258
4069
4589
5306
1522
2554
2327
2553
6414
1046
2536
6342
4444
2580
5646
1601
6067
2010
4670
4437
3553
5743
6332
3554
3324
5251
2469
6385
5313
5425
6056
163
4618
396
4710
4141
6242
2964
