3035
345
5136
2499
5130
5860
5933
5864
5868
340
710
5134
3036
3032
715
2729
5135
5911
5561
648
7123
5568
1097
4172
6431
2494
1503
5867
2727
2726
5908
646
2728
1099
3030
3555
5931
6259
4687
1910
4151
2287
5866
5934
5936
1916
5932
2280
453
1090
2066
6819
2722
5863
5869
4887
2281
346
2725
5901
5909
649
4179
4158
6240
4153
643
724
5861
1911
5131
5455
5133
5560
5918
2797
6462
2724
4152
5137
3037
2597
342
2507
5902
4154
341
2720
1096
6365
1565
204
4170
5904
4157
6217
4173
1913
2273
1917
5937
5935
1863
5919
1924
641
344
26
2591
3813
4177
5566
6255
5638
6218
5906
711
343
717
348
2391
629
2162
3818
6722
635
86
1465
6815
5415
2799
2492
3297
5138
5139
2289
2714
5157
5784
7155
5979
5865
3680
3578
5939
3653
3819
4623
3542
5406
3006
2283
4888
912
2774
2872
2849
6415
6251
5172
4064
1596
2914
6367
816
4178
7054
852
1093
463
2593
1094
3233
2409
5254
7168
8
5250
4159
5564
5236
1593
4743
5896
466
6533
3031
6130
5476
4402
142
2069
1747
1595
5106
1253
2077
3606
6814
3608
2285
2592
6401
857
5132
2071
2490
5569
4789
2502
5145
4885
2288
372
5146
2200
6145
723
2785
440
6957
1599
6258
1172
3607
460
6784
4129
6820
6810
625
645
644
1351
640
3659
4038
1171
1697
628
716
3254
970
5917
7122
5862
4612
1919
3166
6033
3397
1822
4204
2771
3400
4466
3405
3568
3256
622
620
3178
3519
3528
3651
621
2916
3814
2608
4760
4684
2678
2577
4452
4451
4423
2685
347
4202
2780
2781
444
2789
2560
4132
2901
4734
2500
2925
2966
647
626
2396
3386
5648
1233
1464
5459
1878
5730
1590
1252
266
2093
144
6713
6694
1370
1393
5557
1395
1263
175
5938
1091
2394
7165
3
983
113
5898
6291
1108
6468
1092
120
1533
5596
5913
7019
5332
1608
1594
129
4197
1741
6212
4300
4308
4396
5916
703
704
4516
1925
4650
1950
6215
1869
1455
4166
3289
3287
3187
3517
3133
7087
7027
3039
1103
1176
1187
6864
2792
623
3650
1260
6774
3004
1397
6445
2611
84
2821
4155
6349
4160
1249
721
989
5846
2114
2497
5783
2282
5451
1989
2559
2286
790
4882
2573
742
5618
5160
3977
467
2547
6463
6536
5602
2972
3824
3823
2504
6396
3817
1429
4956
4031
1537
6399
4150
1293
6402
4041
2091
6405
6424
1534
5847
2081
4127
6440
2170
3005
3812
2330
5141
2399
2398
7113
2361
3207
3457
7
1028
2375
5149
3391
3402
3311
3536
5334
7004
6966
638
2171
914
3704
1268
945
2495
1287
1258
5060
6816
1248
3641
5458
3034
6953
6804
102
6421
4586
1986
4599
4460
4201
4808
713
1775
2653
2586
1779
1787
4250
6119
4641
2013
5806
5910
6030
4390
4785
4498
4404
5955
2683
2673
4748
4778
4749
5907
714
4462
5183
449
5671
4884
718
726
4719
2037
122
6296
456
1606
1674
4180
5608
194
105
382
2067
1968
985
2664
1179
2397
3291
1984
719
791
3038
3063
2328
3081
1929
3238
3235
2338
1078
3213
1926
1104
2080
2498
2433
1425
1716
1679
2576
2564
2911
660
661
2873
2786
666
669
2072
2076
2795
2796
1555
752
1422
1407
2529
2272
2493
2228
1257
1912
1550
1900
2594
2006
1280
2009
1284
2034
1795
2503
1745
1742
2578
633
2395
3976
4991
6232
5486
4039
4030
987
4783
6243
3973
3968
3952
3870
126
3829
3828
3827
5664
510
6280
6295
4787
3768
6216
3759
4080
4121
4367
419
5634
4303
5840
5881
5900
5604
5567
4200
5942
5995
5562
4579
6093
4654
5494
4142
4970
381
4686
6149
4806
6254
6422
5306
6750
3527
5292
6420
6800
5283
4922
6719
3453
7033
7050
7060
7081
5104
5067
3394
324
5245
6712
6795
3550
6432
6437
3661
3648
5413
6464
3645
3642
6494
3609
6568
4464
4817
3585
3554
2187
2079
5140
5616
5452
2474
2075
5069
5410
2070
5639
261
2270
2403
5482
5286
2085
2086
2202
5144
5184
5519
5192
5504
5248
5485
2179
5487
2198
5430
5545
785
5694
6354
6368
1448
6442
6699
1342
6725
941
6770
946
6818
1567
1240
6869
1173
6952
6959
7071
7110
7131
7144
7150
1025
1000
6866
123
6249
1670
2007
5825
5826
197
191
5905
5914
5970
5984
5997
5999
6068
6091
1862
1849
1824
6126
6143
6147
1763
1760
6157
1706
6236
1690
5690
1820
7169
469
4245
4252
4353
533
4366
2717
4450
3601
4468
4469
3549
2662
4570
4646
4648
3506
4683
4711
4714
3664
376
2757
432
3927
4071
4075
3820
3787
3002
4108
3779
4131
4990
3755
632
2793
4169
4175
4181
2783
3752
4188
3669
2605
2667
2963
3418
4933
2596
3409
3242
3271
3275
349
3420
3286
3408
3288
2572
574
3395
753
2555
3230
4805
4844
4938
3501
730
4880
4807
6416
6414
1098
3868
1024
3349
3693
1650
6398
7158
6257
6256
7090
1088
1597
6336
7028
1563
1564
6329
3406
2977
7157
1543
6392
6806
7014
3101
2968
3132
3438
6758
3135
6785
3520
6792
3507
1256
6824
3199
1255
6803
3086
3541
6886
6908
3663
7002
1443
1427
6993
1126
3610
1459
6513
1400
6530
1174
6671
6689
3553
3041
3419
3657
4985
2935
2569
2570
5348
5364
5394
4809
5453
2277
4786
4717
2221
2204
2188
4655
5526
2145
4645
5565
4539
5268
4929
3387
4930
5000
5008
5024
5053
5064
5066
2538
4936
2465
4515
2461
2540
2542
2405
2544
5143
5159
5181
5188
2558
2445
6241
4496
5627
6037
4171
2794
4163
4134
1805
6141
4123
2843
2862
4093
1749
4088
6160
1743
6169
2888
1699
4065
1906
5992
1914
4186
2674
5632
2675
5660
5662
2063
2062
2676
5674
4493
5798
5804
1982
1970
4249
4244
4217
2753
5912
2779
1993
