619
3685
3013
5728
4368
4529
1264
3599
1201
1266
3911
1691
6192
496
1279
3913
4898
499
4369
3053
2147
6197
3594
6312
1261
5726
242
1499
2516
1721
1275
6775
2096
2039
2715
294
5721
6109
3591
1412
2645
1271
6459
3355
7053
5727
3978
4344
5350
2094
4522
5684
616
491
1496
494
611
5945
2644
6880
3597
5428
3592
5720
6773
1520
1260
2146
2469
6100
5267
3017
5276
4560
2967
1699
3876
6518
618
1202
336
1413
5326
2712
2292
73
2511
4891
4220
6309
4731
6094
89
3723
4236
5725
1728
5688
249
4525
2656
6193
2099
6299
2968
4343
1267
5271
825
1494
1722
4528
1376
6074
613
4363
889
3916
4665
4521
5361
264
6983
490
829
2095
3590
823
322
2319
4563
2649
5723
3875
6706
1744
5729
7051
2090
6777
6096
5741
5744
5739
6302
3725
6132
749
2371
5943
746
492
5092
968
6105
3595
2460
3593
3376
2513
2518
2643
743
2314
617
254
745
5128
3378
2144
2036
2097
3706
1992
4794
1027
77
6457
137
1723
1130
3726
3011
1363
6195
2149
5642
149
1368
1262
744
5272
2033
2713
978
6704
43
1072
4524
5722
1523
4130
833
6895
2898
5921
6198
6184
2157
3721
2140
2098
2239
2155
5081
881
2962
5059
5264
5950
6707
1521
243
899
1502
6297
241
4527
256
5593
5702
4211
4277
3384
868
296
586
584
2960
6051
4928
238
4044
3720
2035
5366
2720
6314
4925
384
6104
2296
6191
6889
6098
3299
277
2473
4821
1720
5353
6332
6097
1018
293
4796
5951
4114
533
3010
5163
303
827
7041
4513
898
2137
4380
4389
4635
6721
6301
1687
6345
5123
6315
6317
4667
4446
5359
5358
5357
4662
6335
2037
6700
5299
839
4569
2710
2642
2512
230
4565
3919
4325
6199
4712
6153
4520
4361
6185
7091
6187
774
4141
4598
6614
4526
4140
6450
6743
1529
1899
5957
5748
5956
6092
2438
5939
4710
4926
6152
2294
6358
4360
871
6841
891
6290
2052
2038
1980
436
870
3012
2434
49
4030
5481
47
3852
4892
5320
5364
3914
274
3917
3918
4037
3443
339
234
65
5421
5306
5349
3684
3496
610
6995
888
1611
594
5749
2646
1605
5966
251
3019
1527
56
3687
3058
6521
3970
2142
1150
260
6830
6534
914
6107
265
1897
80
1786
4229
6347
295
1016
489
6734
6337
5920
6334
6994
539
278
1964
477
554
97
2965
6956
5261
2974
1682
5021
2050
5354
2030
1855
44
4561
850
747
3901
2357
2514
1216
6189
7093
857
6183
2257
5493
4861
6685
2295
5705
4036
5709
6090
2420
7043
853
7052
1270
5298
319
1269
1200
6209
4798
1268
1346
866
6884
4124
6047
4442
3495
4428
6106
2873
6095
3350
6883
5904
5926
6099
5894
4924
6103
2308
4661
6170
2293
4907
3657
1856
873
3634
897
3632
614
612
259
6046
2143
2175
6054
3707
596
4920
3607
2707
828
2476
2018
5058
2010
571
1990
3682
4034
537
5811
5724
4782
4537
1105
388
312
391
392
471
1205
4637
6989
5787
1480
1491
6723
4793
1576
4174
4512
1050
1524
385
3858
40
4797
317
1124
4618
1492
1136
5290
6715
3961
3959
1244
3327
5646
6740
493
1823
1822
1276
1372
1828
4853
1080
2336
1332
1495
2599
4015
1189
3475
759
231
1497
3671
363
51
6888
5091
5753
895
1160
7101
5266
3236
2640
1490
3114
1338
2291
4927
2482
4881
4726
4032
335
4364
4599
4309
1432
777
838
240
3605
6190
2313
5628
239
6194
5487
5738
2192
2539
6196
863
795
6135
4597
1438
4221
5323
5351
6779
5940
6331
96
6330
3373
553
6318
473
4874
2966
1689
1110
1580
4406
87
71
1827
1895
76
1064
81
5902
3825
1753
4231
4421
6343
6339
6338
532
1934
2734
253
5980
2056
6292
2051
953
3702
3747
3014
2092
4791
2141
5260
3018
2024
3015
5377
1139
6705
1522
3673
6676
4385
6736
5329
1751
2032
1335
736
6753
5412
3954
1574
3957
4863
896
2136
5054
6666
4424
751
2354
3509
783
2134
787
2290
6875
832
2053
7118
1452
1211
3990
4668
4411
2199
4407
1686
5367
1203
160
865
6465
3598
3579
7130
6776
799
1693
3910
190
3729
6280
5070
3728
1104
6319
6787
822
876
1588
3245
4290
5743
419
4767
4781
4885
3439
2526
2463
4890
2467
5215
5923
4238
534
5789
4232
6086
3322
4784
302
484
5151
292
495
497
5103
4217
581
269
564
593
3169
5975
3112
2711
6948
5649
6006
5988
6009
5116
4324
396
3191
3300
6896
5677
5237
5582
5886
5588
5221
4222
2651
512
5410
6411
2138
6381
5891
4429
5230
4386
1891
4423
5140
268
2833
582
267
587
2058
2719
111
110
5227
3381
7108
2741
4770
5363
5953
275
276
5045
2784
552
4664
6962
2400
3371
2835
4216
300
1065
48
6702
1509
1508
4519
1493
3103
3107
3110
4897
34
33
3121
3903
3075
330
3147
3912
1374
1370
3175
3177
5698
361
6643
4587
4591
5687
5274
5670
383
4215
423
3856
1790
6433
1074
1778
298
1740
6456
5838
3683
2937
4820
304
2981
6486
5754
4485
1629
1128
1622
310
4792
5770
5759
5758
3052
1573
4795
1551
4628
431
3321
2148
3490
281
2407
5549
4715
2471
232
2284
244
164
4028
869
6887
4728
6173
5086
5558
2575
6131
4747
6055
6133
2252
2236
820
3497
3560
2489
6062
4362
755
6844
4727
213
2299
2396
4328
2641
7078
2217
4905
3449
4708
228
2508
884
5416
2210
4697
2211
6225
169
7076
7095
1214
5242
1772
1782
1888
1077
1076
3805
821
6376
1844
5620
5296
1843
6128
2352
1209
2899
2893
6436
5293
6567
7137
6423
3802
1062
1865
4223
5186
6078
2216
676
3891
248
3532
5181
793
792
5087
451
5774
3438
