6313
7047
385
6450
1743
1741
258
6317
1749
6302
6310
6290
4302
1213
387
243
6304
6298
6311
4305
268
4301
384
6314
6306
7118
6299
389
5903
386
254
4304
2319
89
6294
383
6291
260
5963
2840
5913
5907
7052
1992
6308
3552
2843
3653
241
256
3857
6297
6303
4307
251
4364
73
431
5902
5838
249
1976
267
2068
6159
6789
3556
1752
1605
6202
6300
6301
6312
6295
2890
4308
1742
1050
4303
264
217
4306
4300
263
3973
5904
1746
4408
3876
6043
1589
912
6436
388
2878
1136
3706
5949
6055
7004
4902
6318
6315
4673
2981
2398
5142
1332
2446
6059
6307
1580
6296
5424
3733
242
6287
272
2135
1027
1757
3056
4456
3258
425
3952
259
2986
2949
273
531
5720
2054
1748
2012
6070
4744
6293
6786
2663
4452
1559
5081
5741
1412
677
4829
3932
4440
2868
380
6289
382
6738
7071
4861
4905
539
6749
1058
2548
6153
1531
536
5905
327
5909
3631
914
558
532
2862
6247
859
3514
31
4363
672
7124
114
3050
506
4232
3261
5574
3051
5548
5421
5425
2848
645
103
4178
2720
1657
5919
2089
2448
5540
3384
4457
6064
36
46
5934
6063
6457
788
2205
1480
1894
6802
5014
1214
1765
274
6167
4350
4904
4186
5208
3954
4671
4309
5559
5457
5525
2670
253
2413
6511
2055
4094
3765
6459
278
2015
5354
6684
3713
1026
2725
1714
6347
4587
517
2304
3059
826
246
744
5901
1957
116
4734
6151
1764
4224
2474
6980
4731
147
3551
4459
2561
4749
2807
4256
2539
6
2865
6047
4048
5945
44
4780
6068
2171
2148
4073
6075
7067
76
1525
7043
4450
6105
2248
1406
2428
1753
3042
2801
1644
5765
1396
5915
2084
1443
3144
4562
7075
1538
6071
6258
2707
7061
5064
7053
6095
209
1090
1082
372
2842
673
1254
5580
1851
6352
248
7059
6838
7097
6443
2893
6007
4
6578
6579
3308
451
837
488
5979
2160
1885
6040
2692
433
4182
2668
40
508
3029
515
6066
49
5074
4344
1601
5673
4584
5960
4260
2052
2721
4206
5890
7012
4265
4906
7000
1621
4483
3053
2208
1487
2444
3054
4923
5743
615
2473
4955
4458
3972
4675
3839
1751
6785
1761
1029
3842
2411
5632
4694
4324
5615
6723
350
269
1283
2723
6707
1057
1289
6705
344
3498
5597
763
3638
5596
1134
3256
5976
4490
854
3640
3276
5984
6515
2440
2037
4106
1740
5839
6014
1156
3216
2565
4365
829
5476
3207
712
4107
1072
2563
567
6233
1017
6156
6244
5556
2431
4552
757
529
5930
1739
5545
4417
5729
5898
678
662
5527
6418
2416
6044
2057
583
2086
6309
1128
6345
513
552
5521
2637
4409
1020
1855
2635
2081
5655
4810
3655
3971
4969
2217
2215
2333
2138
2987
2336
266
1622
1499
366
4900
2202
4225
111
1959
4187
7018
2348
6637
7019
4184
1219
4188
4726
2230
5270
6819
275
3900
3848
5084
6798
4676
6830
5078
6848
4659
1402
4649
205
6856
3111
1647
2728
2727
4202
1285
6702
4642
2799
3744
7041
5385
265
1527
1972
1602
1556
48
432
2869
43
2867
7136
1975
7114
3704
450
1554
445
33
1177
4860
7066
4353
1608
2162
1216
1215
6575
4603
4228
3181
4818
7138
1574
204
1925
2442
7155
2247
4087
1425
1371
5119
5764
4813
1583
3332
4092
2080
3602
5679
6568
2591
3592
6843
5066
4512
660
216
1745
5697
1399
4057
207
2794
2133
5036
780
6160
2175
2982
7077
7009
5926
4892
148
5894
892
4739
75
2846
2543
1769
1514
6103
4736
3976
2063
47
5954
5774
3455
915
3515
1440
2803
4839
3553
5846
1452
6946
6182
787
4208
5942
4977
2861
3974
2795
1489
5083
377
2702
5353
3139
3634
381
1660
6406
5571
3732
555
556
2053
5575
2623
1730
3274
3737
3739
6674
6675
4640
2118
5599
2343
1735
6617
4403
6572
4174
5451
476
5446
1155
454
2660
6593
3219
5429
5428
2390
6476
6461
429
3714
3715
421
5514
1211
516
2638
6615
581
2691
1671
5235
5217
2412
6742
6801
2306
2014
6794
6305
3072
6755
2301
5170
3782
1337
1840
1335
625
6808
1677
5125
1737
4414
5658
2357
5075
5941
4520
3908
1014
4704
5407
878
836
4068
1534
2075
2257
2396
5520
895
4075
1656
3701
5117
5910
2391
3825
4820
1166
1173
1557
5477
3641
5668
1178
3710
3711
1137
4837
1170
5667
5973
1212
3712
5948
3702
5944
5943
4800
4513
5130
4867
2132
909
1258
4648
5640
2249
1731
3628
1732
1646
1643
1682
4723
1067
5017
4646
3965
1445
954
1052
4641
1758
1438
3564
4130
3958
2321
5608
2447
2251
5908
5867
5339
1331
6005
4868
5248
4043
916
4036
2187
2142
4114
1515
1113
2112
3719
1395
1234
1510
5541
4534
1325
2399
5893
2201
1747
5558
4103
5063
1247
5123
4235
554
462
3382
6573
6158
629
6154
4231
6565
7007
2665
6661
6663
621
6132
2056
2858
1974
2860
4492
759
2604
368
674
764
4263
4264
244
7116
6089
132
7003
3407
2560
3317
679
3333
434
7023
4445
2781
664
7048
1890
4446
6221
6847
420
212
4359
110
4447
1892
6266
3368
1835
2673
2999
700
701
4451
3170
4248
4455
6840
2953
359
4181
3052
6782
587
782
321
6061
7153
4386
6814
562
2912
2050
795
34
6793
3058
170
2070
6962
6438
6041
1979
3001
311
6062
4388
3217
1977
6701
2812
6700
3428
1791
6704
6340
6430
3242
6505
2993
2722
2757
6936
3708
530
6428
442
2786
6859
5002
4105
537
2225
1724
1419
3633
4118
2009
2674
1179
2808
6941
4170
1709
5461
3648
1715
5508
4287
2796
2134
4721
1434
6518
6512
2386
4290
2232
2798
4595
4367
4385
1118
6585
189
6897
5522
6451
3198
3937
6931
4109
3700
5518
3193
