825
1368
6315
749
6347
139
4363
5642
1362
4731
823
6299
256
5773
565
2575
5744
5119
1366
5978
5727
6068
6221
1819
2653
5830
5940
6457
2438
2434
6762
1070
2082
1361
1195
1360
7053
3556
3449
5117
7051
3019
2244
1369
6062
2241
1605
6153
1412
1402
2248
4369
1289
6298
1385
2837
5835
446
5649
6760
6155
6723
6769
6773
6358
317
5743
2247
137
2243
168
2763
6406
1364
5900
5926
1955
2171
6888
246
153
1788
3901
1242
6187
6211
2396
5930
1626
4707
201
1016
242
4525
4104
240
6505
4597
4704
4606
4513
4642
6459
2420
431
2937
5204
6537
2099
821
1657
743
6937
2390
686
3393
602
264
262
5570
3961
4322
6803
4518
4360
4265
3876
1073
1062
1077
5116
6349
1401
4232
6192
5846
6220
5447
1367
5449
5349
4100
1376
4262
5726
4517
2257
4587
6287
6679
2364
1380
4280
4231
5081
5444
4446
5721
2574
1705
6087
5493
203
2471
567
73
1074
5938
1332
2677
2489
249
3040
71
1786
5921
1552
827
4368
6411
5201
4103
6317
6309
2242
926
3071
4563
1177
5910
4105
1076
6768
3582
3907
3592
2245
4193
3597
4514
4456
3911
1105
1382
3657
443
3782
2570
5211
6801
1377
61
6167
259
3476
2314
1919
162
4145
6530
3053
2435
799
1460
5446
6074
828
2679
3112
1529
4267
4266
4260
4367
5728
6556
6551
1279
6010
5085
5283
7118
1387
3438
6378
5440
5720
1383
2982
3562
1920
1419
1924
4286
1170
1340
2663
1281
1787
1815
5925
5272
1287
359
5228
2824
6096
4506
2398
3298
3286
6125
2428
1431
1413
2431
6075
826
3107
829
3170
5495
795
5969
1609
1620
1121
1744
1365
5163
2271
3608
3381
4601
1071
4622
5124
619
4702
3441
4602
798
4706
275
2051
132
164
253
111
206
5761
4220
167
196
5765
2085
3880
4242
4499
985
6709
6707
3077
6404
6472
5033
1882
3076
3443
1463
5026
2518
5016
3043
3073
5783
6677
6290
6467
4589
1889
1782
692
5539
822
4190
6304
6325
506
4199
3602
6319
1378
6785
3583
5421
6767
6765
6314
77
5208
2576
6342
6152
4288
5652
1677
1027
3526
3520
448
5087
5786
4233
2154
2072
5070
248
2149
1375
5275
1487
2089
5832
6070
2096
4415
4174
4931
6217
3989
3857
1288
5873
3248
160
2094
151
793
2707
1520
6526
1283
6264
6518
2146
5923
4269
3299
3108
5361
6560
4879
4158
894
1275
365
369
4872
575
4898
4641
3175
4221
1026
1085
5092
5426
2446
1379
533
6072
1061
1700
1069
76
1692
807
2925
1072
2563
3576
4074
5114
1389
5110
4626
4875
3176
1472
3965
6506
3129
7041
5749
1580
6047
1629
7043
744
3052
1622
1437
116
5547
1461
6036
7052
169
1465
2394
3106
3105
1475
123
3013
1435
1432
5088
6533
1017
5086
159
92
6574
2430
3241
4857
4236
5059
2474
1654
3249
3470
7034
4278
1496
4708
4263
110
759
2323
6120
4628
33
1132
3843
6874
6184
2123
4406
5203
5838
1173
4102
6223
5902
1120
2571
4107
4561
4450
4520
1740
4128
7142
6887
5260
251
4114
5209
265
5619
1338
2148
1148
6289
56
1271
3721
6300
1266
6183
4192
1261
5831
2673
4361
2705
6318
5907
2712
2596
6935
5722
5156
4191
5672
4327
5913
1601
7050
1334
3981
6037
3068
1607
1335
4767
1956
3750
1436
6419
4494
3017
7143
2821
5022
1446
3041
5223
7149
4279
3050
1179
3415
4035
1180
1621
3401
3397
6033
3980
3061
3389
2376
2404
3349
2721
6063
6222
3247
1501
3240
1241
859
4277
6065
1232
336
6531
2122
791
2036
3852
3191
1280
6073
1535
4008
2432
1982
2475
163
388
6989
3345
3343
1474
6040
5386
6563
1202
4817
1479
274
2774
1483
5267
2762
3904
15
6052
6099
873
4176
6492
4034
5409
790
84
5125
4297
6805
2084
6775
2838
3514
2216
593
6308
4109
6006
200
1701
1124
4194
7106
32
69
6305
1068
6784
254
6829
241
208
2240
6311
564
2562
1363
5575
5428
234
4527
40
4219
6350
3728
6824
85
6739
46
7137
5115
5807
1702
5441
5663
2274
3937
1420
5952
6705
2344
6400
4283
1709
5778
5632
5217
4709
4320
2580
2078
614
618
1411
6715
2541
4287
5903
1967
1515
6335
4271
67
2700
5424
2001
6209
2678
5309
5112
5341
5516
5326
1075
5836
2567
1108
4196
1523
1965
7125
5853
5359
2898
5839
833
4264
63
1102
4198
51
4881
6511
5770
4909
7141
5206
1333
118
1184
117
6135
1149
2974
5469
3057
2539
2981
4239
2537
2987
5462
1178
2833
2832
1156
6302
7091
1428
5458
4189
6433
1430
2592
3066
5473
4119
1957
1490
6203
1486
6345
17
3114
4222
6283
3110
5385
5096
1201
3103
874
6109
5430
6373
3085
5250
5236
5793
1196
909
6291
2835
1189
5475
1142
6482
2000
303
820
6005
594
4649
6734
4648
4646
4289
4635
2312
554
213
5588
6763
4295
6782
6789
2086
3599
1706
512
1707
2334
7004
1658
611
4749
1625
2374
6681
6025
3435
5558
6015
4727
4726
4723
2070
6700
6702
6706
1879
629
2349
4700
6714
1655
610
5638
4586
231
268
2161
3756
383
2155
3771
366
4419
2138
6916
5745
3902
4400
5723
330
6940
4359
4387
2098
311
5741
5948
6880
4485
3906
489
5896
6804
2246
4337
4569
474
3913
245
5644
4762
5653
6994
4511
5901
2212
6845
3723
3725
6866
6869
5685
5655
1611
2081
6230
808
712
6059
2050
3342
4861
4778
2403
6525
2055
2406
6044
6055
2400
6962
6076
4841
806
817
154
801
6038
1897
2402
714
1903
442
2460
441
156
5771
258
4512
1153
5658
436
3700
6083
5968
5669
5960
2194
1769
5505
3726
2190
4510
255
5210
252
5494
5186
6056
1721
1863
6097
4582
4768
4584
1570
6053
4324
