6319
1383
6305
1372
6325
5026
6323
586
5925
6887
6345
166
821
3954
760
2332
820
539
4495
605
5634
3291
4407
1535
292
4595
5103
4496
4491
2952
5291
4726
795
450
538
829
242
749
499
1380
6342
2954
1484
595
119
5275
531
5399
4494
3955
4205
1487
4499
1385
160
6415
530
6316
163
6299
5487
3551
97
823
824
1270
826
6894
4723
6702
3371
1343
167
2482
4018
1100
4074
295
3441
3059
4529
3013
3058
5854
3057
1747
2645
5259
6318
582
5027
3604
2814
1892
2170
3278
3591
1413
2177
4482
6315
1009
3025
5024
4945
1027
4694
6341
5501
5025
2147
1279
564
5022
4915
5243
1130
4514
162
7079
4651
5662
38
4940
496
3376
4411
296
799
2911
1906
828
6064
5174
3953
6329
5146
3978
3732
4725
537
891
566
4483
4481
4522
4457
3136
894
4705
2917
3670
5622
1744
794
6072
2384
569
2406
610
2409
4337
5667
4128
1777
5112
2599
5929
2919
4708
4760
1016
785
4016
890
328
6411
6187
4248
245
1740
5791
1626
4231
2365
165
4934
5344
4401
5557
3134
6983
4490
7048
4435
2140
5516
5272
1908
3138
3175
2172
93
3277
5395
2
4901
6973
1230
4383
937
948
661
2099
6726
666
2913
2300
6513
2096
652
3130
4892
61
6723
4158
4163
3789
1011
5947
3139
793
1882
3956
3952
6074
1381
3959
1880
3950
1371
4929
3324
769
1368
2160
6049
336
1335
669
1387
4458
3595
3583
4044
4709
1360
6167
7005
1708
1364
2715
7039
1427
796
561
2892
3239
556
2174
1589
1588
580
1101
5295
1118
1584
6797
4655
5689
5251
3056
5833
1140
2429
4335
6825
5279
6311
5366
190
259
1038
2846
6472
6889
4584
2143
3092
6964
1202
5313
5649
5072
1084
554
4544
3236
5302
6626
1884
6184
3689
491
2959
3678
1406
5084
494
7037
5274
6347
6340
1904
2169
696
5023
6459
3615
3297
1895
6516
2171
2827
3295
4498
616
5028
6479
7078
627
5380
3733
2915
3780
5403
4746
558
1728
6330
3792
7125
3849
4755
2218
6327
3298
3647
6228
3271
5020
23
4876
3692
361
1845
3449
4431
3028
3451
797
5836
1017
4433
4201
6969
993
991
1652
5175
1571
298
1075
1580
4253
246
178
2387
1237
2132
2402
6837
5577
1852
3137
2141
4652
164
4400
5744
4672
2142
5543
1271
3423
5938
6766
5940
6700
110
5144
5961
2658
3156
4909
4624
1370
7035
1386
5635
840
565
4654
1480
2445
5718
5727
3881
5345
4518
2229
6042
1088
4515
1218
589
6371
6149
2386
1144
4645
1203
6362
1757
810
5642
5252
5296
3957
2404
5669
2165
5294
4363
5695
551
1376
1460
3888
6332
2183
5364
6314
6155
5846
2810
2533
6243
3797
3796
984
976
2166
4439
1645
4136
3793
1336
4493
3784
4696
5912
2591
5116
663
4456
3794
4434
4014
1564
2261
4732
1749
3868
5789
4418
6174
1634
519
1363
6303
2063
5492
2240
4761
2632
5098
2518
4013
1561
5386
4744
1722
736
5601
3227
4907
4922
3349
3054
493
5029
3592
6413
4913
3344
3270
3661
32
6614
378
6709
1854
3292
1889
3053
7073
3169
20
270
3024
156
364
1980
3506
5688
2420
321
5114
6194
2024
921
2068
3342
4368
6183
4599
4369
2635
3860
5986
1186
694
6706
6230
1379
6895
3791
5010
410
3599
914
677
7031
4895
87
3338
6173
3590
5705
929
4932
4838
5427
1355
4015
3163
1331
1201
2398
3901
5495
6955
3970
6132
6695
6935
4938
3523
2981
2673
2672
2137
4404
4905
4872
3560
5547
1591
4402
359
3528
806
4902
817
767
2400
6044
4956
5254
2950
3869
6870
6161
3426
6156
861
2951
4731
2389
6153
6151
6641
3883
1819
2061
4440
5148
2148
1573
4900
757
4436
6977
4628
3168
266
236
3723
472
1456
3486
290
5233
2088
4676
4594
5178
3276
3498
462
594
4125
3293
4271
6306
2085
1432
4132
1753
3655
2840
3
1031
1500
1032
512
2098
1488
2514
536
2007
5069
2512
492
490
1478
6780
5852
5793
4519
5347
479
4826
3624
583
6898
3294
1113
2823
2590
619
2022
4910
4659
6474
6300
5739
4596
5410
240
1553
73
5031
82
68
3005
608
1620
609
4597
3378
3973
4703
5812
6040
234
4668
5809
995
5605
2382
4174
6060
5620
1830
4306
5724
3450
269
173
1239
5837
5832
822
3452
4204
3527
825
272
1843
4878
5595
6885
5827
3966
2103
4208
5800
4918
3094
2062
5882
6820
3987
6717
5883
3509
247
2405
2469
6703
2995
4346
5746
4011
6728
3406
5900
4953
4360
2463
6712
901
4034
4047
865
3093
2616
4233
1062
5240
1104
4024
5629
2496
6737
3433
2461
5712
5632
1598
312
1070
2106
5170
1073
5159
864
6736
4948
4424
4480
3815
3274
3144
690
693
4463
3273
5440
5361
2755
1563
2774
3841
4773
2149
3343
6419
3739
5349
555
4842
5267
3866
6991
2042
2283
1896
3634
6478
613
1888
1887
77
451
1746
3749
606
1433
2273
601
2245
656
1384
2018
3612
1377
6563
1375
2891
3597
4836
3279
3303
3133
5455
4733
1326
6406
2146
5074
765
6164
3937
3946
4408
2680
1275
5330
6137
4592
6106
5293
4560
4403
3698
6103
3369
5315
5305
809
2178
370
2844
443
4978
6152
497
6979
25
2302
2711
2314
4437
1476
2301
4438
550
5327
5341
4911
4264
2500
5747
3220
5346
29
27
1431
2517
4919
4568
1453
1034
5770
5362
4525
2495
3275
4236
2489
2212
2511
4511
2509
249
5377
5830
5831
2231
7083
2477
1897
4221
1438
5287
4389
1890
3346
1575
6880
4899
5628
192
2315
4451
1860
1200
1325
1184
5448
1605
1333
5493
2403
4430
1579
169
5583
172
2358
3370
177
2351
1264
1266
5541
1234
1867
153
1273
6884
1026
4933
3398
1339
