6329
5024
6323
4655
2403
5022
3349
666
3866
1882
6325
3291
1082
2402
6410
1885
1088
1883
1230
4016
4481
660
2404
6166
6418
2407
3341
5148
1906
1888
4204
4018
6327
563
4653
3862
158
566
3868
605
5146
1086
1902
4656
5140
5107
1908
1233
4337
1904
1905
1239
1880
661
5147
4510
4047
4244
5078
5144
5106
6017
627
2406
6412
4338
4256
3564
4013
3343
4516
1232
4725
192
4956
2
4019
175
5259
1108
5504
5347
603
2365
879
1253
2400
1100
157
3295
5137
5102
5101
6169
5036
1427
156
1101
1900
3344
3133
5295
1038
4651
2401
4918
3132
4205
1083
3788
5149
4755
2824
5302
1788
7068
5023
2409
5362
4657
1033
5338
5294
4518
4134
4500
5924
6232
6419
5074
3348
1950
4523
195
3720
1084
4675
3729
2405
1047
4955
3239
5371
1887
5154
1951
2465
5712
1884
5297
5584
6173
4228
875
304
2974
6140
883
3869
569
3867
6330
5059
4939
6955
1909
4525
1777
597
3865
5706
4567
5105
2315
4201
3216
6440
6142
877
6228
6515
6016
5685
3998
154
4596
3370
1881
4315
5543
2599
6360
1670
2163
4011
595
4631
1868
5345
6367
1501
262
6792
4645
1751
4908
3292
5794
2419
4681
4686
38
3227
765
6797
4208
3614
1383
5348
415
4922
4654
3839
1769
2589
6319
2103
6321
543
4819
3130
5788
5126
6336
1734
665
199
4929
6045
4265
5113
6690
885
3567
669
4294
6886
6019
4925
6791
2859
2224
197
4818
194
2617
191
2504
3137
4810
6679
878
5404
4957
337
4578
1959
6645
155
159
4132
6607
82
7101
4723
6223
6233
4074
178
2652
2827
5761
5291
2972
2362
4682
5028
3134
2561
6540
1237
3267
4927
4652
4476
4435
5057
45
1631
3296
1711
6369
4253
2454
4272
1031
1651
3005
3943
4932
4239
3960
817
2169
3782
3219
429
2638
4268
1805
1715
2415
4299
5815
5066
1104
6675
2221
4595
7122
4297
654
4292
5364
2891
4017
2632
107
4185
1107
3303
119
3629
3238
3555
6428
6614
5367
5789
5082
2654
5368
6145
5649
5702
6737
2796
4504
2856
5
3514
6698
1087
3442
3995
3445
1737
873
6398
1710
1244
1235
4928
5104
6280
2165
5464
6365
6414
4415
601
7060
6138
3024
3611
6416
2687
6495
1218
4260
1830
2228
6049
2166
5296
3507
5510
832
88
338
2018
5632
4521
6790
4346
2226
507
3294
1234
1309
1994
3486
4261
4431
4312
604
3298
5753
6861
6015
3754
3993
3342
6650
3624
1206
4234
2852
6699
3410
1236
3506
5363
3441
548
6147
3756
4241
6224
6135
1137
6696
4688
5710
1897
930
5513
5512
328
1965
7078
5511
3176
2969
2952
1785
266
7080
3723
4990
7083
1787
4734
3027
2700
6237
926
4873
6399
3692
3055
5263
6208
6545
5577
1891
153
2253
3154
3816
3655
7065
5852
5850
227
1764
4780
6541
6047
1975
400
3253
1619
2500
4048
1957
844
1032
1389
940
80
2079
5974
4041
5031
118
1045
6226
2428
414
4683
3
3962
6811
5021
1713
3271
5318
5173
5205
981
3087
5662
1889
6413
4920
1528
5998
6549
1524
2122
2533
6801
6278
1521
5215
4269
6364
7109
3693
115
5956
225
663
2945
1901
2929
4065
1866
2227
633
5734
4298
831
650
5143
4296
5703
4077
932
2010
1213
6820
697
1543
3026
5026
813
602
1181
3997
3642
5399
5321
4751
1384
5799
3378
5643
2594
334
4526
4522
3612
5514
1834
2429
2630
5818
403
2423
388
4158
5127
1385
5305
768
3197
5320
4730
5784
1997
5775
1103
4737
1313
3172
5312
4232
292
1336
20
2855
1480
4238
1257
1487
4458
3273
561
5578
5340
6213
1498
4813
6758
5812
3135
4811
5281
6216
530
5290
6215
5405
720
5349
755
5487
1667
1035
2426
4000
1879
4167
3637
2171
1109
5497
5124
6827
3615
1958
5123
5469
5520
5129
4246
2420
4248
3604
1089
3742
5516
5657
6725
1967
3719
2422
1964
6171
3601
2457
4225
4010
6702
3752
770
4263
767
2793
1049
763
1953
6328
3536
3110
278
2112
5261
5075
6265
4870
4874
1503
1505
1509
991
4895
4901
2478
1525
1530
4838
6068
7043
1763
2658
2670
5709
3196
5299
6595
333
6346
7031
3175
7032
1768
3163
5286
308
7037
5282
5854
6347
3034
3028
5020
2916
2751
6488
2912
1719
1718
3831
113
110
5041
106
6288
1626
3836
6511
23
5216
224
2919
4997
3023
5588
6194
4934
1739
7076
1736
186
2980
5232
3903
172
4975
2947
1587
4993
4996
5013
4724
1002
3222
4452
1648
3992
3449
2850
4467
5195
2046
1837
6176
5141
4503
1270
1273
3851
6969
6479
2387
5417
3753
3473
2797
6898
4295
4309
3513
2013
1200
4333
5772
6012
4370
4382
609
1653
5745
6940
6368
3479
2572
6354
1833
5389
2635
3277
5327
1369
423
79
4658
3260
3252
2650
4684
6620
5317
4706
4711
2472
5309
6648
2320
5346
479
3373
1944
5376
4550
6984
2608
1700
2631
1712
1034
5802
2622
2323
3781
463
4601
5630
3819
1008
3784
3830
3838
1924
973
1030
3789
995
1672
6175
3020
3022
1548
3029
6065
1529
3051
2709
6542
5887
2708
3099
3104
2707
1757
2702
1759
2701
3139
3009
1735
1733
5949
2766
2764
2829
6043
6010
2854
1640
2857
1630
1776
6512
2889
2890
6513
2913
2811
5957
6523
1589
6053
1716
5845
1782
3202
3509
6667
3512
3527
6678
1174
6148
5689
2541
3491
3610
3643
3648
1694
3663
2779
1080
3674
2534
3717
5686
3741
2576
3487
6098
1409
6624
3266
1366
1347
1337
1335
5797
6024
6646
1832
6651
3431
1255
3447
1840
1843
5752
1679
5773
846
2775
4783
2453
6392
4930
2451
5353
4926
2411
2412
255
2445
4291
4885
1978
659
4290
7075
2134
816
4948
2229
5372
4572
181
182
2776
5548
274
2327
4687
4321
