6323
5024
6325
6329
4655
6327
605
4653
1882
666
5022
3295
4481
1230
4652
566
3868
1880
3291
4656
3866
4205
1906
2402
3349
5147
1885
4516
4018
4256
2751
5148
6410
2
1383
4654
1082
1088
4651
6319
660
5924
661
3132
1904
4337
6166
4016
5023
603
2403
110
5584
119
1084
6232
5146
4204
5649
38
4918
5074
4567
1670
3441
1033
2406
569
5259
6017
6418
1883
1253
4939
3
2952
5543
3133
561
6321
1279
669
5026
302
1888
543
1887
4047
6690
601
6305
2404
1108
3137
6515
4683
1158
1959
4596
6173
6228
5078
4019
5291
2950
304
1777
4932
5028
6414
7084
1427
595
4725
1950
4208
2829
4686
5784
4244
2401
1951
5154
4675
4922
5494
2756
4510
1360
2764
4630
1239
4645
663
464
4955
3344
5812
3867
6440
4957
6318
1233
6224
6016
175
6347
178
5338
3958
5112
3341
5107
2599
5667
2827
563
192
2362
1651
6648
5144
3449
1626
494
861
116
4723
117
4382
4975
609
1100
7080
4755
1957
2957
2429
5773
3227
1480
20
4322
3020
4509
199
2589
5998
5036
4650
2010
665
5775
2019
4013
5361
1101
5364
3749
1737
4978
1734
5632
3514
2752
1385
1384
5635
3343
4929
1087
1086
6049
158
3819
5041
5688
5577
1273
4965
5343
3862
4435
5137
5772
1884
6811
3153
3154
3138
5302
2171
4895
3297
548
1908
5850
627
3055
82
2332
2315
3869
450
1676
5511
2169
4899
2407
3176
1236
5706
3223
347
2915
2561
879
878
5020
7083
2400
5741
4688
6454
7078
4272
4938
6517
4682
6511
3624
914
3788
1370
3746
4835
6472
4842
602
4637
5029
301
5789
5782
5103
7087
2445
4819
338
4973
4680
4685
3024
5818
6311
5025
5295
6217
4298
4296
156
5746
2811
229
2750
873
2228
3614
211
4134
3741
4299
6563
4595
6019
3748
976
5331
2638
5345
2654
7122
3782
6886
6220
152
1830
792
1645
2856
2469
1672
4484
5126
6215
3139
2775
5498
1487
1902
1347
270
6169
5113
5686
2497
5159
4582
3494
5562
5170
6206
6355
3754
3752
4756
470
6194
6196
2365
4901
3677
1736
1192
6140
1206
6699
6142
1234
3486
479
3743
4594
1432
1083
1451
1546
6330
1619
2852
611
4658
795
4431
6287
6340
4520
4525
4529
1609
1505
4657
4315
4295
4253
539
3786
6412
3998
6669
4734
5986
560
883
3220
4726
3216
877
2409
4228
4246
4248
2824
3296
4338
23
5362
400
5779
5140
153
2132
2046
5564
414
5685
4956
5101
172
5347
308
5363
266
5059
4950
5504
34
214
5487
5497
5785
2715
4521
2283
4631
4522
3629
4528
2460
115
6809
2747
3611
5399
6145
5115
3567
6800
415
5689
5662
3303
3348
5788
6614
5058
6790
3378
6791
5841
2425
339
4687
2166
4681
3442
3443
6698
2767
3461
7088
3466
5712
2175
1735
1118
697
5181
5321
1868
4324
5320
4017
4320
195
5305
6426
4086
3997
816
4292
5294
4290
4158
4269
885
5275
871
5949
865
864
4111
3663
5174
979
3730
3734
3739
1119
6213
4500
1900
1751
4494
5367
724
977
6390
4458
5353
5143
5348
1769
3839
1038
760
5340
769
784
6098
5510
5947
7062
2122
6764
433
5647
6512
7060
1630
405
4789
2891
5571
1498
5816
5548
5563
511
3210
5815
6231
2302
1535
1589
2859
1583
2911
5
496
6222
37
2954
1615
4836
3771
3781
462
1503
3790
1072
3733
4433
4959
1964
3831
4416
6898
491
675
5142
5710
680
467
3134
4503
478
6219
3725
1960
4511
4498
29
3666
1771
3747
4873
6521
1958
4841
3628
469
4476
6827
362
3903
1032
4074
4083
2895
1833
5991
6328
2951
4128
1837
2568
1975
1587
6438
4167
4261
2936
4201
5745
4941
5742
5272
4241
4236
2511
2959
953
2969
4389
7101
2495
6545
763
2645
3156
1785
1875
1788
1005
167
6399
4365
2617
3970
6645
5920
978
974
186
5585
963
2980
1799
3605
5858
6696
4711
1453
2422
1271
1631
6346
3370
4830
6702
6804
3358
7032
5532
3513
5854
4234
6223
1944
1331
2437
1700
5102
5091
5477
6573
4810
4684
597
5069
3222
1430
5075
604
3211
3604
6181
2759
4659
6168
4697
3410
1675
5770
351
5057
6343
3338
3163
6221
1212
6818
2823
289
5417
1237
4838
3536
60
3599
2464
499
5424
3267
3165
1200
2743
668
3271
4578
558
2541
6298
5509
6295
2078
6449
6332
6413
2913
6293
6216
3990
982
1582
72
903
1315
2226
1335
88
6432
901
3351
4160
5578
1832
4166
3239
932
2165
5643
6419
5307
5526
4054
891
889
1364
3270
1543
4011
1366
6820
985
1232
32
6813
30
5371
5369
2124
6106
5368
3520
5365
1103
3099
3516
6808
1610
36
3555
6824
3612
1182
1213
6148
3155
3729
5567
2854
2855
1218
3679
2692
2745
1723
2176
1757
6273
3491
1278
3026
1524
2766
6229
1521
6712
2632
3219
1528
3969
1303
989
1792
6740
1603
1275
6278
26
3509
1759
1761
5349
6803
1621
3794
6801
5701
3813
6280
1272
3832
5472
3731
5330
2467
4968
429
305
4496
640
4811
5912
541
4293
4291
4937
7064
1905
5885
403
4279
4518
5799
5072
4527
4297
4751
2462
1866
5187
5861
5015
4523
2490
6944
5197
765
4952
812
409
813
436
721
4526
4915
4275
793
5787
4414
2465
484
4346
580
2018
287
5119
5862
6451
6608
4420
2529
4948
4442
5813
5133
5104
334
6651
5042
4260
544
2518
4407
6523
667
4265
4268
4408
80
4506
5427
513
2489
4490
5819
3736
1897
5793
3738
2472
517
1437
6880
5139
81
6387
5358
5852
1456
5141
5106
5354
3175
2850
4452
4833
6161
2670
6747
6887
5851
4976
3812
3506
157
155
4826
7125
3753
4818
3196
507
4482
1891
6159
1625
1622
1756
5557
2492
3177
3779
6479
6239
