6324
5953
2999
2991
2997
2075
4663
5848
6227
5169
4917
2990
219
4508
3260
4911
4916
2992
1451
5165
2995
3858
5167
1894
6860
4912
4459
5920
3855
5780
7029
3850
4420
5046
1517
4465
3622
4915
4489
1078
6839
5278
5501
4572
6409
6322
501
1898
3072
63
402
2875
6230
4485
2921
6509
4919
5985
2299
4609
4255
6569
3168
2297
6846
4654
689
3162
4790
2076
5160
2894
4914
5927
5074
6507
5033
6836
4954
4952
783
5928
452
5301
2008
2294
4488
4040
4039
1386
4745
6909
4425
3854
239
4468
3851
2996
3015
3920
4873
1534
2998
4487
6481
5044
5265
1473
6408
1676
3256
4624
1585
1766
4370
1482
3877
1810
5040
775
1591
1963
6041
2079
1688
2240
6576
4219
5070
3925
7090
3477
3268
3898
3262
5510
5689
5704
5708
5268
5104
5737
624
7073
3488
4249
3063
2535
837
3933
967
5508
6235
1076
1594
1511
1055
2897
2619
4501
2697
4804
1589
4843
4913
69
4709
4953
965
1586
2414
6069
515
1415
365
6961
4372
2820
5732
228
2693
1282
5546
5555
7156
2870
1478
6354
2699
5987
6239
3932
1354
1346
6016
3935
562
13
275
1958
2939
462
3899
5880
6218
426
2073
1952
6234
4083
4041
4607
5474
1595
3457
904
4719
7017
164
1065
1510
1593
6831
4756
946
2168
143
7003
6868
3853
6850
1673
7019
5124
5344
1138
5457
5458
3285
4373
1150
5459
3269
5262
5469
2355
2482
1621
4486
4593
1407
1610
4049
4078
4771
2920
6403
1043
1422
4651
1066
370
4512
2844
390
1966
1588
3793
4650
6371
1596
4705
4623
4717
356
3794
1068
1954
2929
1220
1512
1921
5775
3401
3859
5764
5168
617
862
4314
3139
4377
5360
773
3280
1759
685
5446
4371
5152
5143
3419
3474
3956
6093
6082
3619
1901
4951
5506
4156
6149
4161
5983
3483
3482
2003
5061
4218
5076
3476
960
2206
1411
2451
2186
174
149
2265
2183
2698
2366
6453
2152
7056
2692
2383
141
6927
6437
2584
204
7027
2300
2350
2657
2302
2680
2238
3486
5068
1674
6102
6510
1904
930
6084
6130
934
3511
1158
2613
3616
4603
1762
2416
146
5654
4376
276
1154
962
3529
6505
468
4165
3281
3506
5013
964
1457
6777
5049
6766
5180
1310
5877
3893
6638
1541
4513
4532
3356
834
5343
5824
5288
6625
626
5768
800
5735
5166
5164
4536
5395
4216
3478
165
169
3475
5100
172
6538
5118
6772
5989
2583
5967
5964
2993
5156
2994
4248
2973
6870
1736
1590
2291
4672
4084
6361
6402
1074
738
6276
5622
1618
6913
5602
6480
5477
2356
97
213
1421
6917
7128
4780
1048
4075
5512
5513
4070
2801
2000
1125
3637
1265
4713
4626
7004
4755
4844
6871
2828
6486
4757
1777
90
564
1782
5713
2708
1419
3452
882
6443
99
5962
5153
3169
1224
4244
6555
1070
5161
2080
3289
7022
6941
3789
784
2401
5715
2533
4695
5292
1599
3068
5740
2004
6432
4483
1598
5307
1286
3097
5746
2771
4703
5304
3966
2160
1536
3695
4257
3842
1084
1471
5214
4397
3892
1476
5252
3997
3995
3124
1479
6765
2106
6742
4037
4277
900
3466
5025
6854
2943
4120
1672
1765
5526
2485
3266
3942
6145
6251
5330
2899
5634
4164
3748
448
5453
2918
7009
4967
6502
1678
4463
969
1761
3629
4840
4816
6160
4375
1584
2883
2846
1558
6020
6021
5701
2017
5392
4751
6776
3164
6320
5072
1896
2450
6806
5067
3873
1806
493
1971
6897
6512
2101
162
1813
6078
5048
6277
428
1978
4574
6513
5332
2481
750
1230
754
757
5572
4453
3297
3861
5356
214
6997
1248
3848
194
5342
1234
2007
2303
6894
4791
1120
93
6947
4864
4868
1040
3644
1139
6969
3601
988
1146
4602
3744
2351
4597
4785
4779
4708
3733
2358
3697
4728
3692
1075
1044
1071
1067
1064
1059
6899
98
4657
1613
4750
5319
1655
1151
5206
4519
5213
5218
5220
838
4511
1192
3792
5287
6744
819
817
1212
1731
1732
5284
3560
5176
179
968
963
5005
5018
1670
4587
6779
861
1684
920
5089
3473
5110
3760
3781
3410
4575
700
4429
5585
5884
6233
1955
4168
3143
2956
6653
2267
6236
6655
6237
6590
1827
3894
7127
2551
6245
6248
2694
653
6168
3927
5678
6250
6136
424
2685
1429
5830
3057
2222
2219
4154
607
6180
1353
5834
3936
591
2912
4334
6196
5836
2910
2931
3040
1939
5871
2903
2652
6030
3930
3945
1343
2242
5922
2976
4245
7
2717
371
4209
2827
6328
1458
1416
6442
1811
2826
6355
6094
1808
3897
6516
1814
1815
6380
1329
5665
6089
6559
5659
7026
5651
3160
5929
4072
2788
2214
2972
4227
376
6087
2804
2585
516
2970
6778
1561
1155
7084
7079
2189
4160
166
913
151
1668
4584
3484
4203
6829
2184
2445
6060
2439
2587
5050
6141
509
3504
1349
1919
5062
6045
511
1568
961
4921
460
2382
6470
1615
6256
392
378
6298
1057
2830
2381
4754
2016
6336
2822
6356
2216
6362
325
1414
2360
2011
2359
6400
1042
107
4721
3693
6372
2811
4677
1077
2803
1381
3680
398
4918
2412
1143
440
3586
3566
133
2911
2914
2917
2044
454
6838
2924
145
6165
2410
4904
6252
6471
6944
4819
4836
6242
6487
1126
4865
2872
6879
3955
3623
6964
6238
1794
2116
2261
1280
2103
5718
1828
5394
3146
1226
772
3149
1228
1754
652
5413
765
5420
3811
5669
2301
4480
3079
5312
1848
1733
3092
5756
805
4349
5755
1483
1284
5337
1738
6029
3306
3130
74
64
6724
1487
5611
5518
221
220
5528
2293
1781
2084
1784
5604
3876
1256
4399
1504
4391
2166
6672
1772
2480
5664
3158
1516
6705
5650
667
5472
673
5627
4379
5486
1767
6688
7014
7016
6629
1597
3070
3757
3048
4331
2989
5229
6550
1474
6551
4242
