1150
69
6069
5169
4485
5953
5168
2990
5167
2997
3169
2992
63
2921
4702
3068
5927
5928
5165
365
4519
4916
1346
376
4624
6248
5163
2994
2998
3740
5420
6322
3072
2995
64
219
501
4912
2999
6324
2991
6227
3942
3488
4705
3162
6507
4512
4695
689
4917
390
360
1068
2996
674
4459
2482
5929
4699
4487
3160
1064
1065
455
5920
1151
402
372
1159
3164
4703
5489
1848
564
2985
1066
3811
1404
6516
5925
5893
946
4911
5423
5160
3484
4420
369
6746
4915
1514
1152
3079
4489
4914
672
406
61
3401
5611
2537
3075
5474
4074
5459
2487
750
4704
3860
5922
2931
6486
5880
3168
2347
1227
727
6515
1354
4778
1591
6249
1074
165
6247
1411
4701
805
4717
4137
3483
4078
6550
6443
1220
652
1898
373
5882
1111
3158
4514
5189
1517
3070
1672
395
4692
6371
2062
524
3099
378
7004
1026
5166
6268
4919
6505
4094
1113
2222
4063
7044
2241
6380
7029
4950
4070
1223
5848
2833
2852
688
4366
680
678
5541
90
1478
675
79
6868
671
424
6061
3167
1333
5513
4626
525
5966
7156
3066
2671
3480
6570
1310
6230
3067
5395
4697
4693
358
4473
6409
3077
2940
5033
2922
460
6376
4475
5070
6435
676
4092
6514
4775
6512
4135
4709
2680
4120
4913
4663
2808
707
3171
681
4816
673
976
670
4543
6447
428
4233
6432
523
6242
6241
3482
5421
5428
3991
2011
5501
5601
1408
3858
6078
3829
5121
5719
1153
3739
3656
6058
713
4597
4620
3071
6158
6013
5470
4638
5454
3920
1658
3052
6580
6199
2685
2161
5980
3002
4713
4714
1230
6558
323
4250
1358
700
4255
6711
457
590
4513
3850
3114
4336
60
632
1814
2885
3153
6849
68
6720
6025
3074
1406
2981
321
1386
7110
4545
1927
6669
394
6076
4776
1339
6439
1072
1016
1114
1120
2345
6517
1121
214
1075
5156
2422
943
5238
3278
4910
3403
2351
6510
920
656
2455
6860
3131
631
6705
1118
663
1363
5186
1925
4110
1921
1920
1896
5612
1123
4790
74
421
1828
4331
1446
4542
2450
1851
6441
2381
6829
2373
2986
3748
6372
6019
2988
5983
4076
5978
3732
528
5962
3063
4091
1677
3076
451
3440
615
6437
6067
6060
7147
255
3622
6717
5775
4483
6724
3091
4349
2838
4067
2691
2532
374
6502
3973
7059
4625
6277
148
5315
5453
5330
2697
699
6222
799
4866
4696
5279
790
3948
6513
4623
4069
370
6489
3279
318
2595
4611
7056
3994
5219
1176
4238
6555
162
5831
5779
6731
5089
2348
801
1692
5918
5745
5963
5323
2683
5858
5889
850
4796
1655
1044
2583
6246
1653
5884
6016
845
1673
1676
4708
4833
2980
5317
2349
2159
6225
6218
1955
594
1441
2466
2530
1343
5693
5672
4609
1416
5164
2875
1983
1158
5546
1959
2835
2244
5554
5551
6306
1957
1149
5482
6503
1314
2937
2313
2932
2058
2055
1810
6588
4691
6072
4669
5452
2719
1102
5277
746
5457
638
1811
4533
4534
4536
5038
6245
5955
3569
3437
353
281
3560
4130
164
3069
4139
3296
6899
3746
3293
3430
3138
3282
3647
359
3640
34
3436
474
7113
4252
3617
4060
3357
4081
4082
3945
6871
3861
3855
73
4075
3392
327
3936
265
3733
7067
3390
397
6904
267
6164
802
5466
3915
4694
3938
4690
354
5480
1318
357
3918
2698
1315
5446
2706
752
2005
684
1407
4546
403
5634
398
5633
6657
391
1901
3573
1919
2008
3563
101
2771
5540
1971
3882
5509
6576
6617
6137
3885
1990
4661
377
2064
1224
1280
2533
4023
4034
6492
1126
4040
210
4111
216
1096
6356
6362
4952
1140
2341
4093
6446
2346
233
4064
3365
6377
6378
5030
3345
3364
5083
5050
4962
3947
6320
4878
4164
6197
5381
5360
4161
329
2648
840
6243
7118
163
3466
168
6946
4777
5311
6256
5278
2584
5229
7045
3995
4840
6941
2554
5181
4136
4004
6252
1414
2392
438
5840
458
1621
1483
3112
4410
1440
3046
454
3151
650
6764
2983
3749
3639
6723
31
2894
624
5885
623
452
5971
1449
65
3602
3741
4515
5883
2948
636
598
1588
485
3623
1650
3629
1577
1720
4432
3852
1668
1583
914
4880
1146
7019
902
1541
7021
3747
27
3294
1154
4362
2586
574
2651
44
4719
834
2155
4729
3485
6239
5780
3965
6930
1497
3470
6942
468
169
5314
6253
5852
473
5273
6287
6532
5875
2571
578
3288
303
3465
3743
6869
1132
5970
6448
1569
538
535
512
4062
3001
3023
3018
8
6
526
1071
6381
5032
4436
3019
2420
2418
5080
3353
520
5068
1014
1015
2388
1019
5084
6456
6971
4958
1127
4131
19
1125
328
3409
1117
3065
6482
1115
2509
4383
3404
4125
6340
6474
213
5886
16
2310
548
2488
5142
6355
5114
5112
1625
2477
545
4132
6716
6554
826
6411
4603
1799
629
775
2923
4591
653
5555
450
621
655
434
87
2828
1477
1437
1435
1472
117
4667
6108
5547
104
741
105
2895
375
7103
100
6642
4616
3820
4234
3886
4662
4712
2000
4664
6154
4236
5619
1431
5458
66
6917
4511
2870
2934
1860
1287
1490
808
5388
6575
420
2077
1413
3854
4544
3944
426
427
456
5427
6224
6079
407
5342
5768
2677
1282
1417
1874
4707
609
5636
814
683
3737
3351
1949
1420
1101
5708
1956
4080
1859
2301
250
2318
1582
3566
5704
5615
4065
1889
1433
1401
5635
4061
3864
1359
1087
3577
6098
1070
1378
1857
1924
7109
2339
3873
2337
1037
5581
5950
3419
7106
6261
2195
6264
7050
6182
6046
2191
6049
2038
5873
3917
1519
3997
5215
5455
5308
6029
5832
5773
2124
2146
1761
6235
5757
1229
1228
5418
1419
6040
6033
1484
6251
3635
5202
3438
2245
2031
1663
5988
