6320
1065
4776
1064
1068
1066
5070
6556
4777
5966
3244
6554
5168
4774
5156
3883
69
6550
1062
3886
2001
685
6551
3171
3885
6240
1074
6559
3889
512
3880
1063
1060
3873
1919
3881
6557
6256
1207
4485
6442
468
213
1091
3103
511
6464
4773
6378
1916
4842
1911
5498
6944
2373
3245
6767
6242
6445
6448
130
2740
3884
6911
1069
2820
6937
6241
2763
2755
3212
4775
6441
1516
6717
815
6432
5336
5912
6948
6437
1220
452
6377
6453
4519
5005
202
513
2742
6466
135
6538
1611
820
6714
6713
51
239
1150
4841
1688
1632
6947
2832
456
2000
6431
6938
2833
6496
6250
5653
1322
365
1933
5207
673
1140
3041
6254
5268
3243
2340
2044
2738
7084
5917
6927
1098
6257
1630
4286
5927
5783
3401
543
5928
1382
6527
5714
6444
3581
5326
6178
1939
6234
465
6274
5490
1608
5636
5780
1967
2241
6558
5705
5921
683
4624
687
2875
3843
1222
823
963
1768
3580
3587
2826
3217
5227
3241
5236
6913
2937
54
6530
6526
5977
969
4277
6949
961
219
955
2851
5995
1876
6115
1278
6443
6395
6449
1228
1224
7120
1871
6252
2021
6251
3833
3838
6179
2008
460
2145
6520
1471
752
5811
5635
784
813
821
2736
5681
6760
1915
5447
1956
4752
810
5441
4709
1968
805
5900
2764
6677
2745
724
681
298
5493
3810
3831
5080
306
6249
3747
5225
1346
710
1274
5204
5444
3625
6335
3588
6394
6379
5417
5166
3513
3480
2644
929
3001
3845
1475
1472
2768
951
463
5910
5866
962
878
5836
964
2242
2743
4150
3836
5940
3941
2741
2238
4770
1097
4779
2168
2161
2158
819
818
2807
6184
2123
4748
688
5309
6922
7017
6469
63
1762
6924
132
7113
6940
16
6930
6916
6920
119
6914
6860
4904
2730
4979
2643
4721
4811
721
812
2562
409
436
2240
5937
464
2243
5911
2245
6671
505
5781
5661
2311
5491
2450
5420
690
5226
5258
2748
2747
3731
1181
3722
3714
3101
3679
3672
1378
3589
1368
3476
7140
3440
3438
3227
3043
1759
7085
3888
4666
2164
2749
2762
6931
1761
2822
2830
4285
2838
1042
7011
1910
52
3907
7063
2121
3248
6258
6247
6275
6471
317
288
2082
6271
6397
6398
4503
6933
1973
922
4571
6434
2246
4607
6928
1797
2746
4727
2772
5830
956
5810
1067
462
6575
1979
4189
5918
2870
6935
1019
1016
4278
206
5537
1763
5880
6951
4221
1627
6244
6919
5222
6807
5228
5246
2022
1937
5221
680
5672
675
2520
5287
2506
5535
1938
4735
711
2043
4812
4824
4849
6868
6866
811
5213
4934
2724
2719
1531
759
2661
726
6269
1071
6480
2219
3834
7132
3481
7112
17
6522
1873
7096
3044
19
5993
1160
1161
3638
3736
6004
6564
1696
3071
1196
1198
7108
7110
2151
3848
3685
1277
53
3230
2951
230
3434
2002
280
3232
1807
2666
6764
6835
6841
5001
2707
7119
5443
3656
3660
1604
2359
3127
1520
1698
5534
5449
1229
3210
684
1272
1360
693
1279
1363
5223
3541
3162
3431
6810
5307
5311
1701
3621
5312
3228
5174
1935
743
5378
642
1076
4771
4835
4298
985
6979
4284
2083
3859
2847
1765
3882
6446
6447
3840
316
4193
2873
1096
4176
2879
4113
4067
1434
6998
3987
4023
4195
4858
967
7090
1188
6912
3734
3735
3737
3047
871
4703
2750
4637
2754
3832
2770
2771
3749
1483
3811
4514
932
4505
3017
4501
4442
3011
3748
598
6277
6177
501
510
250
443
5988
433
6073
1978
5649
5876
6531
5652
6222
2286
5751
6217
393
514
5704
5872
541
6489
5958
5708
5883
6719
6718
6487
5771
461
2194
6814
1546
6694
6921
1128
5182
3738
3042
2592
2834
6811
4729
3853
5792
1539
6279
5096
3049
3740
3764
5163
2211
2214
2633
2835
5990
3790
5180
6284
5711
2250
5886
2113
1932
2836
2653
5134
4561
3913
2669
2906
4271
1012
4220
1766
5770
6574
4063
533
6230
6696
2734
6272
1049
4101
4854
2880
6697
4847
4159
467
4830
4074
800
4274
3986
4282
5047
5955
3902
4280
1099
5945
5031
5941
2105
6700
6915
1093
3928
1684
1639
56
4772
5758
3945
113
5759
6276
6339
4683
1707
713
2287
7133
5439
5437
3195
3471
6116
6328
5414
3493
646
2481
2759
1365
3561
5344
6772
3062
2055
2501
2159
3465
6761
2045
3215
4567
4569
5568
2331
1609
5553
2804
3260
4550
3246
18
6734
4577
2357
5502
3312
5499
3233
3318
6185
4603
5469
6324
5654
6900
966
4667
6524
5265
3670
3107
3712
3676
6943
5683
6253
3710
2041
6338
6307
1200
286
3160
6090
682
6976
6925
2512
4416
6939
3252
954
1223
6942
6777
5687
1227
3090
6025
678
1388
282
4560
4342
5885
2854
1024
4219
4349
2863
2837
927
5887
6941
958
4444
960
4288
6981
2811
94
5859
4276
5855
4297
4258
2829
4350
965
4432
6945
5919
3158
1371
3623
3152
3146
3145
7129
7126
3141
1699
6048
1381
6220
1659
2183
1204
6029
3611
1241
1366
392
3254
3257
1328
3266
3268
1831
3240
3300
3708
3306
1851
3226
1351
6174
1276
3483
3169
14
2017
2074
3728
3730
55
3942
57
1084
3985
453
454
6546
3914
1070
1693
6991
4064
4069
4111
4157
1036
1636
1767
5916
446
1901
6003
6002
1172
3739
1164
2196
7099
3774
3887
3016
38
2003
5835
5962
3858
1722
7073
1898
7088
7081
2120
4821
5301
4797
5658
5691
5308
1617
139
5699
5320
659
6908
707
6776
6813
5369
1962
5386
6280
2480
4720
822
4879
5762
2744
5784
1683
706
5663
6800
5235
1917
697
5773
5686
816
4848
565
1517
2536
1755
1936
6867
1966
6790
6785
5679
5778
676
6902
4823
4562
6809
5666
640
2591
4717
5472
4630
5162
6692
5033
5035
2701
5727
2020
5152
