5133
3819
5863
2494
5132
347
2529
3813
3032
340
2726
469
346
5130
2499
640
5931
2492
5867
5869
2285
649
2729
2493
2280
345
3814
348
2497
5172
5567
2282
2490
5860
5864
4687
5139
6468
5137
3031
5868
3039
5135
5935
6811
2722
710
6463
6462
1849
2495
342
2728
5861
5131
5900
2289
5933
2288
1094
6399
466
4760
5415
3036
2281
2507
5932
5936
5865
3030
341
26
2720
2283
2498
3818
3035
3812
646
3037
6819
343
3033
4742
5175
715
643
3585
4686
6712
2597
5171
4748
5134
6816
5148
5566
349
1847
3515
4740
5562
28
3517
344
648
7122
1453
4152
463
5564
3034
6713
3297
5866
4172
6810
1455
912
7081
5939
5862
2774
6240
2491
2255
6671
1841
7086
6431
3253
4741
2552
2287
4747
5414
6814
2608
3223
467
6259
1090
3199
6258
7123
5937
464
959
4681
5911
5170
641
2496
5245
4064
5908
2725
4570
3810
5138
4150
5560
2187
2275
465
6796
4492
2727
5568
3766
6966
1097
6173
7083
1503
2504
3211
2734
5254
5639
5918
647
5634
4981
5565
2272
724
6813
4157
722
4680
5235
6170
4922
3254
3193
84
5919
2553
7087
5783
5561
2775
4645
6795
3187
5638
5432
23
785
2162
6958
4935
1091
4423
4682
2737
3298
3816
1878
2258
5606
7080
1233
2565
6442
6561
2724
6995
5504
4779
5902
4684
2611
453
4178
2591
4197
3555
3839
3350
5240
5881
3219
2752
5903
1471
4515
1239
3291
1950
2273
6415
6392
3258
2286
2059
2557
2682
938
7088
5934
4217
6817
5563
5136
2569
2240
5419
229
5569
5885
5146
4655
3190
2558
5605
5782
510
4688
290
1099
3528
2406
4151
5826
5140
5914
4831
5487
7082
4988
122
3220
3817
4365
3489
4125
2253
5896
1247
5875
3762
2506
2500
5173
4887
3686
3296
6327
3195
5334
6171
470
4189
4982
2546
5080
6818
4270
6255
4121
3081
6950
5916
1246
4013
720
721
5154
809
3240
3038
6257
2052
3354
1104
2114
4929
5600
2559
2484
6241
3299
4689
6423
1096
5956
496
3586
4718
5247
3815
3351
3257
2767
7120
936
1617
2753
2277
6172
5784
2756
984
2786
4170
5412
958
6175
2541
6073
4411
2766
4210
4493
2542
4590
5904
4171
1550
4454
6104
6010
925
5821
6568
910
2544
2968
1565
4637
6095
2702
970
1060
6714
1395
4633
5500
450
4749
113
6072
5379
5411
4746
5244
5909
2022
5241
2568
5192
6440
4830
852
3177
3511
5851
1908
2574
4576
1957
2560
6815
4253
1608
4837
490
492
1274
620
6430
5497
5905
2880
1959
6285
4599
2371
512
4838
5901
6521
6466
5721
713
6496
2944
718
7144
5358
3357
726
3761
7108
914
731
5913
3765
2167
2673
6670
5342
6984
1206
2403
4683
1200
2969
6953
1015
5045
3255
6193
3769
5355
5722
1747
921
5648
6524
432
1236
4847
983
981
86
4495
1322
1782
181
4303
1749
5494
4835
6414
3491
3192
4484
6718
2701
1741
672
6791
7063
5607
3911
1722
5024
5185
2736
5510
6100
2327
5508
2735
3419
6088
5174
4528
2318
5890
3768
1262
1699
3775
985
2721
138
5728
2754
689
3841
1278
6364
2083
3218
5609
2099
3422
1051
1743
2274
4885
4420
6528
6432
3197
1257
6677
4842
2097
1840
3619
3980
4955
3583
2938
4579
2589
484
5660
436
5328
1607
1080
514
2935
4211
4017
429
6280
6232
4051
4218
4050
5822
2615
3349
4213
2967
5267
6993
4668
199
5811
3510
1564
5399
7014
543
5337
2117
4088
6174
6886
4928
856
534
6957
6290
5378
3554
5301
451
4675
277
5662
2402
5970
1019
382
1895
6793
29
682
1110
1248
2142
2548
2609
4369
3013
1725
3293
2278
4154
5729
4652
5351
3760
2670
3236
4487
6990
2171
3471
4868
3676
6992
5585
717
4068
5343
1237
1234
922
2077
2936
5999
986
2068
2158
71
4427
4719
2508
890
5608
1785
4641
4578
2512
5991
5558
954
3872
6126
2840
4934
4329
6288
1606
513
1291
3977
2561
3222
5221
3180
6323
2685
6955
1842
2799
188
4895
3608
6202
5144
4569
7165
2550
3890
2037
833
7037
5430
5705
5178
2090
3216
5246
1575
5326
5993
2055
1505
1875
2246
4635
2751
2600
2705
6951
5906
1393
2887
2881
499
5180
5557
2773
7089
5236
2024
3207
491
4844
3250
3836
1277
3264
6567
3355
1992
1098
2536
1805
2534
6443
6647
3495
816
3387
3649
6426
3499
957
1062
831
6446
5145
5143
3507
3614
3613
871
5076
2543
6464
3476
3477
989
5053
4979
4980
3661
6419
3659
4952
5917
977
3657
1079
812
3653
982
4968
6281
769
1516
4654
2186
5352
309
4158
6179
4651
4650
2188
4173
4185
4186
5977
1560
4634
5406
325
4630
1511
1880
493
5242
4752
4011
461
4744
6251
4030
5264
4033
2425
1447
4065
5828
4091
4093
6215
1494
497
2890
2830
83
1745
4494
1748
1755
4491
4408
2714
5505
41
4424
2707
2706
1776
25
15
5518
2731
4232
4496
4510
4572
1633
4275
4276
5786
6082
7084
2779
4343
4344
134
2764
2761
119
2748
1720
2744
1742
4774
6890
2465
3238
3749
1254
3916
737
4866
3235
6790
719
1384
2564
3905
3171
3234
2111
5604
4832
3767
1321
1244
3881
613
1924
3226
3188
5187
1213
6703
6297
6822
3210
5635
3969
3968
1260
3116
4889
3118
5630
4888
2461
3151
5215
6692
1204
628
2502
1208
6717
6719
3727
3728
1272
3141
1252
1039
2646
3224
1049
2781
3410
2769
6283
2653
5521
1013
6534
6013
6529
2555
6391
2712
2713
6379
5155
3237
6386
5176
2743
6383
1987
1986
2746
2658
1750
1837
5416
1054
6328
6207
6208
1883
1464
6221
5299
3252
3148
3352
3137
1093
6226
1108
6239
5266
3062
3069
6480
6249
2592
1897
5249
1389
5602
5339
2966
3173
1058
1059
5473
6116
5179
