6334
5725
5721
4369
5723
6193
5720
6331
5726
2099
1699
6335
2898
5350
743
5728
6337
1496
3591
5722
4565
4220
1698
5329
2967
6195
2977
2968
2371
3013
3599
1690
4079
2655
6332
5727
2032
4341
5844
1693
787
4591
6338
1696
2645
5484
4561
1682
4229
4368
1689
6775
5524
316
238
5094
3490
1261
353
1649
747
785
1646
5092
5325
2236
7091
3721
4599
617
6427
5267
496
5894
149
1683
6989
6333
4348
2643
1528
1697
180
2133
2096
6007
2322
4226
2350
748
752
6612
4223
4808
6632
231
3285
2157
3282
2056
2511
5741
6622
5729
4552
7041
2092
4829
4798
7108
6815
6634
6633
5326
7153
4406
1602
2223
432
96
6654
2357
758
1749
557
1724
4340
2094
584
585
4342
2366
3607
4631
4347
5755
4979
1286
1447
3596
3595
1322
3592
6881
5593
6197
4890
4343
5681
7097
5680
5125
4817
7109
2175
4802
5098
2649
6540
4352
1002
6199
4361
5644
5096
4603
6602
5097
4735
5363
4365
2436
616
1264
2015
6595
2316
276
2037
6190
753
1684
1647
1687
1643
1695
4563
89
6077
3106
1729
759
2217
1752
1753
2215
6157
1509
6639
2210
3058
2151
4887
183
6621
2656
7051
4071
5564
5688
5568
1116
6343
1225
6611
6339
703
3017
6101
237
6743
740
3975
2220
6644
1208
6748
5364
294
4862
6640
5401
2178
4733
4345
4232
7053
2154
1686
5466
2014
788
705
4863
2314
1276
7002
1694
5283
3287
334
374
5979
6192
2892
3805
6752
4423
5052
6183
6984
2310
6132
4224
5515
5519
4453
6605
4421
7095
4380
2640
3971
3646
6133
7093
311
7040
3019
3742
3944
185
3309
120
4801
5357
5270
3725
230
188
4800
3286
3831
1895
1271
6833
4609
639
4881
1874
5482
5458
6627
6330
5090
3283
933
5193
2723
6074
6624
6598
6646
6659
6445
521
1280
6647
1157
6031
6649
3978
707
4444
6630
448
1440
5353
5239
708
3802
6635
975
643
1095
3953
1504
4608
938
3954
3959
5365
3876
3729
6596
1171
484
6795
4363
6262
3947
899
5276
3496
4593
6099
6656
1723
2039
2298
7119
2294
2053
3118
277
5734
1741
1721
3051
3452
182
2878
7046
5702
5686
1769
252
4806
5481
1745
3284
4803
222
3355
5451
1681
3141
1691
2386
1992
4141
3126
3429
339
3289
2328
2893
583
6266
154
5457
5685
5359
146
5059
6821
5130
6391
526
610
4525
2040
2641
1969
4072
6811
6302
554
3616
2048
5735
2470
6830
558
6798
1269
6288
1977
1972
4569
2155
5081
3875
3685
6613
5573
857
6616
6618
2860
4874
3835
3834
2719
6631
33
744
5553
2962
3147
6648
4891
6650
4149
6658
6653
4899
702
6610
2965
6713
4520
2447
4805
1039
632
1023
4807
1016
4812
5323
6524
619
4228
2214
2700
3206
4409
7104
6591
6601
5045
2426
4861
4867
5638
491
5385
187
3424
4325
4726
1413
1771
4357
3501
5404
295
3021
5941
3049
3530
5199
6181
2599
5945
1444
444
6185
1448
1758
5091
3018
1644
1732
481
2790
1373
4966
2701
4110
4804
3858
618
1078
5405
614
5575
3838
908
6170
1742
6603
129
3706
4426
4385
318
6071
438
3657
437
5115
4428
141
1801
2145
6773
2730
3394
612
5647
2989
3720
324
3870
4816
2716
6614
709
5615
2691
959
4211
6152
5632
706
411
3422
392
4474
2199
856
2618
6619
3191
4822
4403
3411
2443
4809
75
6592
4562
5569
3801
645
1522
5378
5480
6628
7059
2513
1634
226
1275
4147
7151
220
1267
4145
1262
537
882
4143
1419
6042
1854
2363
6303
6048
1899
3553
3455
6252
1368
4732
4592
495
4736
3323
1962
4730
3594
3558
1978
1685
6278
256
3081
6651
2049
4782
742
6054
1204
3389
5934
5724
1176
189
329
2325
5949
581
1809
6629
1452
2326
5135
1734
3979
1211
273
6050
1823
2054
6191
2362
4898
3807
4679
2312
2324
4653
2369
6609
5976
6096
6607
6058
6620
6626
6645
5566
2377
6623
5521
5538
1641
2568
2370
1554
1692
4664
4884
5520
3475
6055
834
4662
6643
6638
3564
5576
6318
6202
6198
5929
5742
1221
3381
3382
3618
2073
5467
5943
1438
2639
5709
6351
2090
6312
4567
3281
1263
4596
3010
1329
5454
3310
4604
6301
1287
3601
2622
3288
3605
6221
3549
5901
5907
2013
6207
1160
5706
5694
3745
2440
3413
1760
1527
5031
3204
3200
6590
6150
6600
905
5598
4648
5379
6135
6134
1525
1006
2197
5377
3644
1804
6184
1134
1129
3244
2142
4550
6606
5665
1790
5407
3687
1493
6459
2171
1779
2192
1094
5403
4900
4425
359
81
271
80
4351
447
6834
6848
582
532
6819
5051
577
4021
3836
4441
4440
2915
6847
4390
227
4362
35
235
7092
2901
500
6711
698
2875
4364
701
711
6884
746
4060
345
7067
4222
6900
6969
2858
2807
757
143
7054
267
7164
4241
319
6966
4447
5093
371
2840
6789
56
3202
3550
7094
4637
440
2221
94
3700
4025
1008
2776
5150
264
476
6993
2254
3082
1502
6768
233
4522
4629
6247
4111
4285
241
3080
5453
4283
1926
5321
5860
2873
3946
3874
2988
5846
4030
4037
4625
1449
4821
6527
6204
6755
4027
648
7000
6476
1405
1403
471
3197
3707
3332
6175
1737
4595
5131
5103
6308
2848
184
3050
7069
3609
2462
3238
3266
1272
3645
2448
124
4092
534
2623
7039
138
7063
3099
5677
5692
5083
6321
2097
6350
2134
2135
140
2460
2144
571
1181
2628
3009
1284
6304
2890
2190
2023
7014
5581
2016
216
5642
3891
4044
4813
613
1090
3574
6260
6259
6426
225
1328
4553
3593
121
1136
6297
596
6295
3598
5058
6290
6778
1123
5646
3597
7075
1316
209
1319
1321
488
3750
7105
2342
891
892
6051
4144
4709
897
3833
4883
4415
1772
825
4008
