1697
1698
6335
1693
6333
6337
5680
6338
1682
5329
1684
744
747
1696
1685
1683
7095
1689
6331
748
742
5723
1157
2977
1972
533
5092
758
1690
581
3011
2032
3126
3682
5720
5894
316
3490
6185
1493
4820
477
3875
5721
1216
905
5725
2656
2713
6334
126
2145
5727
1691
1699
6551
1203
514
5844
6113
7108
6519
473
6700
753
5052
759
2236
7049
968
2148
1695
4325
6307
2640
2512
1129
4223
4226
4340
3976
127
1202
312
121
7109
294
1470
3041
751
1694
4038
3118
3302
209
1721
1211
5958
3607
4802
3553
2899
3874
3871
6056
868
954
4552
1271
1635
6339
311
5990
4222
1269
4180
1979
2334
4601
5951
5741
4565
123
4119
2719
1365
6984
3538
5641
711
1139
5870
6424
6506
2531
4648
3944
7067
1602
5943
3335
4808
2430
3913
3042
4030
3355
399
6071
908
3332
4631
4342
5383
1822
3336
6146
743
1095
387
6050
3904
6945
6748
3597
3914
5681
4530
2647
5575
1800
3876
6054
6843
4182
1809
2655
752
5340
6989
889
5728
955
274
519
2118
5952
1633
6526
2847
2786
5050
2133
4821
3017
2116
1452
6021
1681
7097
5671
472
7104
823
956
3330
5678
2636
756
2898
4622
2470
1207
120
1263
7052
1264
1200
5038
2925
6932
4609
4881
4220
2251
2642
1268
5726
1808
4824
1707
299
4715
4800
5824
857
4563
6001
2431
2789
4452
3531
2667
1632
658
5586
1206
2157
4032
1687
2520
6058
6055
6910
6911
6962
5228
899
1217
318
5283
301
2518
2521
131
873
7138
133
4285
4348
3544
3548
3539
391
7119
3593
3535
1992
6052
437
3627
446
6567
1136
2591
6776
6422
2325
5658
6556
5524
4787
4784
2933
2144
329
1205
2738
4381
401
4287
5320
3102
3975
5087
4629
6518
3323
5743
2175
3308
4176
1730
3339
2199
745
2427
2679
5995
2432
2433
5099
2434
2435
1708
2438
1376
6006
5431
5413
5968
6099
5186
2516
5740
3947
149
1630
2749
3907
4272
2428
7153
2539
4028
3929
2963
5987
746
5573
4022
3861
6562
6909
4280
2966
1791
417
6952
1790
6315
2718
1787
3556
1091
7166
3906
4406
2336
3932
2481
6132
3772
2478
3721
775
512
513
5325
5326
2466
4252
5969
964
2316
4005
7142
6847
1496
2333
2331
4389
6935
755
5483
1495
2760
5482
5493
4886
4386
2312
5382
4555
1729
5184
5089
118
3315
6575
5045
5690
3329
1281
5898
5088
5044
1273
4094
1147
6685
1402
2238
6429
1739
5729
6433
1412
5906
6716
6686
5770
5183
3530
2067
2030
1097
202
6193
306
2669
5201
2710
303
330
5173
1472
295
4279
1657
816
2897
2894
3082
6385
2861
6083
3911
4781
2893
3016
3389
1547
5016
6009
5957
6314
2654
1686
2878
557
6948
3542
2744
2982
264
740
4020
4025
2194
5781
4037
5783
1724
4979
7151
2706
5370
2443
7161
1361
5098
4716
3158
6889
4710
1919
4589
5002
5977
2485
3959
6103
3100
892
1403
5428
4219
4623
1322
4882
2461
3996
6678
5975
6914
1936
2108
6912
5119
3331
1267
296
315
2004
5652
1491
6774
4477
3673
4394
3680
5574
3472
4823
3469
5048
357
5663
3695
77
5673
5223
4385
6762
2704
6735
1096
6739
409
3578
3541
392
388
3496
6290
4426
1046
6051
3594
6755
5593
5919
3609
421
2732
4397
3152
2570
124
6192
4345
6074
4346
1454
2536
2254
1826
1204
1520
2099
6427
334
125
496
1209
128
5945
6004
3533
5776
2740
4071
5608
2717
6632
1728
6500
5576
1219
6559
3787
5744
3836
6848
874
6497
6380
4021
6035
3843
5994
6734
6733
1354
1064
879
1623
702
2670
6030
1069
6858
1215
6047
1726
6028
3269
3534
6763
1189
5976
6102
950
5665
5438
2661
5439
3903
5738
5531
6038
2958
2514
1692
819
1177
1178
6091
3045
6087
3040
1646
2575
5685
5675
2926
1732
1821
1824
3310
866
1797
3320
6510
1798
5742
4006
1128
6105
1287
5520
5653
2633
3334
991
5426
6789
3013
3771
2712
6721
3878
2653
5907
1771
2769
4451
2138
1969
5049
4263
6294
444
122
2239
2040
619
6317
4561
479
6112
310
215
4874
5108
5106
4354
4362
447
5117
281
6930
6929
478
5040
2210
4229
2056
4224
4605
6924
261
179
5322
111
2230
2095
6920
2377
271
6126
4368
206
4425
2250
205
4453
2119
6959
2181
4455
397
4713
7092
2015
337
2357
6184
5097
5363
5075
1973
4273
2155
203
653
146
4876
4875
7101
6032
4323
5837
1375
1817
6033
2335
1371
3141
1735
488
2573
1289
5846
204
4377
3325
887
3838
3729
6031
900
3532
4347
5268
4341
1367
1368
5125
932
2059
5762
1321
6787
2702
4647
3322
3837
6675
6308
4350
2193
3313
263
1283
5666
6426
6742
2020
5674
1176
5211
1180
5679
3581
418
419
3582
1792
6048
1068
411
3448
1104
393
6420
5643
4456
3491
404
5239
3550
6723
3554
1078
3462
3574
4499
3589
4637
3416
2259
995
277
4580
5731
6057
982
3657
3681
3684
2213
471
967
1279
2578
4392
998
448
7046
2256
1794
5202
429
2311
6195
6705
440
441
4574
6767
5177
6768
7045
6769
1043
5856
4343
6498
641
5443
4788
812
6467
813
1459
4786
5030
2837
4890
4262
6093
6502
707
1915
822
6936
6937
5965
6106
1524
2714
5306
6923
5934
2479
1668
2723
2848
4029
2720
36
5042
2096
84
1489
5401
6527
4803
7120
6007
1474
804
6864
5449
5936
1419
2785
2397
2102
5876
1637
3896
3112
4100
4277
7140
2135
5085
4294
5349
46
4732
6350
2164
2879
3109
2748
4863
6908
5860
129
2872
1526
2154
4777
4267
4145
2736
4008
4009
5988
6897
4774
4297
5371
864
1212
5684
6469
2257
1653
43
44
2252
319
2644
2875
7034
1201
2641
4728
2834
1571
6485
1134
5645
