6348
3050
6346
796
6343
791
793
794
3605
6344
795
168
1603
439
2123
3369
3438
2849
1774
4235
5545
434
4237
317
5590
1486
6347
5940
2130
2877
799
2914
1583
1601
6342
6293
7099
786
3637
2380
5640
4596
4726
4969
6336
1366
1563
1483
1182
551
5778
6359
3363
1561
7077
790
6349
6308
4445
6747
801
807
2406
3498
1567
806
4338
1571
2474
4723
6228
1775
536
1778
1740
798
250
1367
5632
4160
2125
1364
4408
6341
134
840
5649
530
5151
1360
3362
6824
5992
3051
435
1560
3762
592
5898
591
4239
1833
3360
2903
5260
7142
1651
3432
1569
3958
1779
3486
97
1578
2225
5247
6693
580
7033
1839
2594
3140
1830
6263
1954
5542
5082
6231
4316
6043
1577
458
7059
802
2174
3364
4332
1773
1572
2359
5348
5113
1604
5946
6220
115
6446
6024
5883
5116
7130
2629
797
1156
1771
246
5730
808
6754
1085
1534
297
820
803
6745
1838
1618
6244
2600
7116
5591
1184
1674
7127
4043
6250
2051
323
6821
1028
2177
6310
3446
5596
5078
4019
4406
1770
1161
5541
4435
3383
4643
3386
1168
2276
4729
6412
7110
2150
1340
4313
3443
1582
4230
2124
3306
531
453
6896
2153
6138
579
1383
6829
1893
3453
3933
1165
316
5494
3132
5275
5279
5066
292
1169
3146
3954
3494
5503
4035
684
3937
1105
5095
3461
5635
3445
437
6264
3953
979
6365
4953
4651
1984
3635
1617
5303
994
5429
193
6215
821
6375
4971
2601
3699
2949
5798
7118
4625
1772
6367
2229
2878
2527
2839
805
3609
2354
792
849
138
5924
2016
942
2277
407
4062
3449
2047
4359
5112
6181
5101
843
845
2757
4657
2599
2487
1183
1675
3489
6130
688
5444
2836
2653
6340
4048
4909
3436
2407
2271
4778
4248
1747
583
5880
5772
6211
2422
6318
947
539
6017
1777
6147
4826
3
502
4901
1365
6202
4722
2037
2916
2171
3441
6706
63
4305
1253
6702
468
6140
4741
1270
6142
3402
2159
498
3143
3366
1608
1100
1162
4961
326
2233
1575
167
1602
6573
320
826
5273
197
6756
4932
2612
2489
1600
4440
4646
3052
5819
3002
5814
4642
3138
823
3547
4965
6137
1371
5143
5025
454
990
3365
765
6358
6081
3400
5769
6835
2122
4301
2121
615
2018
3694
989
5026
2462
3291
4288
1384
5736
3957
6213
6326
3145
6262
5022
3931
6152
1757
572
5159
3354
4194
15
5813
1328
6585
6206
4199
3367
1832
256
4592
1570
1103
6257
3938
1742
5402
6390
1745
2154
1368
4515
1836
586
5548
3578
977
1349
585
1746
1235
6443
94
3870
3491
3656
660
6740
3448
5115
4449
6303
4033
2390
6444
4054
6441
377
4692
324
2982
2525
4439
2063
4363
681
6216
6437
6614
385
4904
6451
6514
6507
4650
3139
3496
4725
4317
3813
6993
3969
6982
5864
4644
433
5762
656
3907
3130
3633
3542
4010
6586
3647
3895
3899
6184
1189
5395
3601
3754
3856
5389
4192
2685
943
6731
1160
945
4006
1958
949
1234
2129
6482
1020
3971
6183
759
1017
5892
2105
3960
1265
1007
3435
3545
6704
4074
3689
1001
753
909
904
1025
5891
1918
4181
5385
6156
777
2100
2030
4169
5482
4167
3522
4060
3773
1040
3912
6818
2622
5270
5347
2033
3457
1121
3294
7008
7071
1803
1886
5597
4682
2355
4912
7131
4315
4312
4310
6076
6125
7132
6405
4583
450
3021
6028
7054
4693
2987
7133
1605
5573
5732
6351
1837
3220
5808
3168
191
172
3170
6363
1644
6296
4641
6291
2728
3177
1390
2396
6434
4649
4652
3153
1616
6354
6439
3196
2398
5636
1661
6134
4648
5761
6292
3084
5017
307
2158
2157
1332
1786
6121
1739
2278
5683
2303
4762
5023
2887
538
4870
3353
4877
1539
5543
5060
5874
2219
1556
1835
1711
7031
4289
6469
1579
5779
4724
2915
6328
6327
2923
549
3295
2374
548
3356
79
2361
2237
3552
3955
6182
1823
6148
4964
2522
2216
4962
247
4582
4978
4585
3925
3063
5007
3597
1564
804
7061
1107
3923
7073
3073
3562
3921
1610
4580
3076
2986
4720
2042
1715
6311
2035
6078
7145
3795
2307
4740
7147
7149
4718
3784
3777
6095
40
37
2273
4786
28
5773
1755
3734
5927
4827
987
7075
1024
4694
6366
4631
4647
5313
841
6356
6597
4656
1660
5449
2342
1678
4701
4671
4913
3642
3648
3650
2589
6217
5756
6305
103
5942
6715
2587
6222
139
5928
3240
5111
1434
6141
3455
5240
4046
2475
6435
6465
3466
5145
5862
1372
497
3169
5094
5647
6978
6128
1487
1489
4024
6803
6802
1945
4403
4283
3751
3290
4302
1387
1392
6836
1260
1243
2664
4095
3439
4293
6450
4088
3442
4087
3261
1232
6499
3444
5235
4284
3447
2175
6169
4308
2709
6267
1255
5979
1536
1851
6572
1299
515
6890
2493
6998
6123
5154
739
2152
3517
7000
6467
1348
537
5492
3389
6241
1164
2691
3385
6273
3325
5076
3361
4017
5074
6416
5053
6483
1538
6046
5058
6788
7005
6145
5157
3972
3123
5540
1753
1021
1764
2586
1006
2885
5415
3688
5411
983
5867
6484
5884
5404
5767
981
1357
1354
1373
996
3390
1744
5400
2908
1726
3403
1379
6253
3293
1005
6313
3549
1700
1619
2605
1862
1613
3501
1609
5655
1166
6402
6401
5671
5839
3035
2793
1986
3057
1147
3576
1531
1533
6239
3071
2621
3571
3565
1557
5694
1128
3075
1553
1102
3667
3490
2645
3666
5759
3434
3275
5584
3437
3655
6504
2593
1413
1230
6221
3241
1680
1478
6508
3223
6225
5470
6440
3606
5644
6355
3178
3176
6360
1462
5507
2980
1465
2833
3368
3533
4966
6917
6729
2091
321
3877
5244
6903
712
6189
490
2316
844
713
492
2349
7139
494
462
327
4028
4567
4311
62
4963
5343
5997
2048
4731
698
