1858
3147
3638
3274
296
1855
2379
1852
2382
6243
6987
3144
93
785
363
4351
3278
3273
1854
3142
3146
295
3551
3971
5273
1850
1857
3630
2523
3149
5677
3973
2381
1856
6064
3972
3708
221
5188
3950
3974
553
297
1028
4861
826
1687
2332
1644
5591
298
2211
5898
5730
6828
918
3979
6748
6742
3553
2522
94
3976
1851
615
7039
2846
3653
5755
2844
3279
4584
3141
1586
5109
1020
5590
2389
5183
3704
3148
1895
5184
5344
291
1973
5382
3944
4060
2524
5596
2370
4808
3277
5182
2217
5758
5886
3275
550
2104
571
141
3952
2360
2318
2366
3921
2106
3140
5593
2527
1746
7073
413
4677
1415
1727
1853
1535
419
3143
6059
3894
2047
4207
352
5759
2710
7035
5180
6522
4807
558
1016
2387
1963
1026
6749
6351
1841
5487
3590
232
5965
5968
1024
415
3161
6103
378
3270
2525
3300
6163
5674
2383
6252
1011
2220
2893
3923
1899
1898
3955
1588
681
555
551
2016
83
786
788
2017
1809
145
4806
4507
417
3358
7074
1942
1682
4719
3276
5670
2384
7067
5671
3309
6151
1891
3165
4068
97
2214
2671
5732
3977
4801
2746
2741
3970
4833
4715
27
1961
143
3703
1291
2976
1116
6475
3712
3718
3719
1302
5194
2869
909
323
3021
5843
6986
1493
290
4235
2361
4563
5380
2357
4366
7114
1585
2732
657
3145
1594
5942
3229
1584
2664
4803
292
7090
4797
783
2682
7059
7050
2862
2888
1794
3956
3620
6841
6446
6344
1954
5594
957
6688
4964
6362
596
598
6322
2352
4906
238
3552
411
906
2363
5177
614
6981
816
809
6366
4664
3570
4462
3856
5857
3559
4468
4469
5291
698
904
5270
907
3725
5100
559
4169
4334
410
1048
4886
4805
5676
829
414
4795
3304
4791
4354
420
4965
4972
850
5012
3936
5597
3930
3926
3895
4318
1059
3427
4524
6407
1269
7021
6250
6062
289
6984
1167
6462
1290
6077
7029
6823
1969
2391
6713
6482
2219
2041
6661
2048
6632
6156
6744
7034
2665
1641
6368
7070
2867
1532
29
6381
7113
1137
2860
2377
5969
230
1496
5384
3715
6341
5185
5181
5540
2385
5231
5235
3425
5237
460
6364
3793
5401
2359
5405
3421
3595
2298
5451
5278
3440
1294
3707
2350
2876
3896
5136
4799
1677
4784
4721
4720
4203
24
1691
667
4670
4668
736
4465
4557
7135
4486
7094
2096
4164
624
2042
5098
5094
5061
557
3922
1922
4133
1859
3982
1414
1823
4050
1425
617
4866
6860
220
1520
2660
2581
5769
5595
2519
2521
6204
412
2748
5881
1217
3266
3264
6092
1036
5756
1210
405
3226
6106
707
2845
5689
5751
6192
6293
2674
381
3056
6303
5108
5118
3893
782
1373
905
2077
6738
6153
2742
3271
4248
1988
5086
3267
552
2002
382
4222
5709
1593
5093
5068
1977
6685
3924
1608
1798
4898
824
6971
1439
4869
7030
827
6980
6983
2787
7026
6028
5750
4168
5739
4189
1815
2759
4043
5004
5003
6159
4997
646
4993
1146
1890
1649
95
5722
4796
3156
4966
6907
6918
4010
4729
1897
2093
6455
5880
468
1274
2356
2996
472
3603
4460
5994
683
2345
2330
3792
3651
3655
1490
5286
6253
3669
688
2517
5585
1025
5893
5547
426
3
5519
1013
2436
5961
5470
2477
2374
1539
3457
5410
231
236
3701
2841
5196
5230
1041
23
3283
3713
6485
5274
3055
1304
21
161
2598
3711
5626
4667
3705
2653
3285
6565
4679
6168
1099
1590
5220
792
2970
737
4504
4251
4306
1681
1522
4316
4505
3124
1087
2848
1489
3123
784
1589
1599
1640
3046
2986
3063
781
1596
1671
1483
2851
4466
789
1498
787
1723
2390
1730
2294
2268
3706
1297
1298
3714
3657
3720
3722
2256
2232
2619
3777
2102
2896
3302
3621
1029
3323
3324
2475
3361
2376
3450
3455
3488
976
2513
3550
3554
2536
1211
2354
3811
3837
3841
3846
2747
1403
1411
2749
4059
2786
828
1761
4069
1443
4095
2794
4110
810
2809
1863
1152
1397
3191
3892
2729
2014
1993
887
1992
3918
1962
1022
1372
1382
1383
1900
3954
1896
1893
1303
4308
4804
471
6719
6403
65
4970
5781
4974
6982
59
585
6342
6110
7020
4694
6066
7022
5950
7025
452
5731
4716
5734
4952
6839
354
4863
4862
6063
6843
5271
6471
5279
5000
6867
5229
509
6872
5187
77
4904
6753
476
6498
4840
7027
5646
25
537
418
568
7079
5103
4541
370
6069
4556
7119
5518
6683
5054
4548
6095
699
7134
6071
6093
399
5492
174
377
4666
6305
5002
5001
5703
5008
4665
5888
451
6689
6602
5233
6481
5096
2100
500
3233
6479
3716
1296
6601
2740
1308
2266
3269
1307
164
1310
538
5705
2903
3791
2139
3265
898
3799
2182
5179
2157
1301
3821
6508
3810
1122
5257
2428
2431
6310
1040
5458
992
6296
1234
3426
2509
3418
402
6184
3382
2393
2650
1221
3297
3356
5517
2603
5598
408
1017
3320
6218
6209
1021
2577
1023
5499
1293
3459
6315
5262
5690
3689
2284
2317
5287
6135
2678
6638
2336
478
5354
3625
6434
5644
6433
3616
473
191
1270
6402
2369
2673
5388
6354
6345
3536
2380
6334
1045
474
5060
5721
5586
5997
6005
4227
1097
2881
6973
1747
5768
1779
4722
1429
4571
6938
2073
4792
4482
5892
6922
6909
6027
1147
4825
2923
4165
3065
4243
4245
5963
1595
2874
2870
4441
7058
4384
735
7054
328
4368
677
4353
1676
1485
5874
4672
7104
4319
48
1458
4311
1457
2865
664
4247
7076
86
713
321
5725
1530
2797
2789
852
1972
3958
6701
1974
6694
5020
6687
6869
569
869
2769
5043
283
3919
1527
562
146
880
3912
3899
3897
135
4976
1370
4969
4860
293
1860
1154
4867
4090
616
2916
1390
4070
6763
4881
1904
6761
