1616
1618
1180
1612
907
6028
6492
6021
1610
813
2979
2657
4958
3693
1194
6353
6465
1181
6384
6469
944
4614
1619
2582
1147
2951
4761
1188
6275
2528
5769
1615
6473
1123
1120
1122
1154
3691
5997
6685
2958
6268
6373
6269
3926
410
2973
775
6276
6357
416
3690
1613
3561
1152
6273
5736
3668
4190
5087
1228
1169
5372
906
1220
2984
2102
1227
1149
1161
3358
5959
1493
7006
5079
6272
2223
6265
3501
2998
3666
502
5735
3927
1197
1186
3696
6867
1954
4040
1224
2519
1350
5731
2970
6507
3261
6460
2104
942
6467
979
6471
4251
6356
1159
3225
6261
3228
4962
6277
6490
5235
4910
7054
2926
6500
5747
4877
2517
6354
4094
6351
6485
5750
5012
2279
4766
5732
4957
2278
2276
1485
1198
4864
7127
6196
6680
949
1151
1146
929
1040
5693
6274
2139
6209
1121
1127
1168
2184
699
2990
1229
1564
6098
2747
4612
4625
1008
4878
5692
847
3811
4716
2922
5633
816
812
1800
900
7147
325
5174
5177
5755
4866
734
6270
2584
1126
3699
2311
121
4787
1191
3694
2510
5643
6026
5734
4799
6326
5737
1164
2463
2983
4710
4443
1494
4804
4035
1258
1614
6754
417
2571
5730
817
818
6892
6865
1291
845
2928
1222
6771
5628
5382
5891
1137
1269
6482
698
3943
5198
1530
5991
4393
2902
5753
6682
1166
5183
974
5068
972
1125
6681
6466
5109
4026
5759
1185
4000
1190
6508
842
6279
3604
3606
3601
3465
2955
6361
29
2091
5532
2270
4759
2976
1798
7136
2944
92
3687
79
4712
3683
3698
2995
4358
6735
5952
1545
2213
778
6472
5486
927
3923
924
1823
3921
1165
792
1153
6365
1568
5188
2220
2429
4137
5237
1254
3174
3662
4195
4199
2581
4862
1929
1294
3660
1951
1298
4771
6683
6056
692
501
5200
5167
5593
5594
6069
4001
5489
1299
5271
6893
2940
2120
5405
6371
846
5157
1663
2125
301
6375
2122
840
1225
2613
2992
1223
4196
2718
5387
4972
6504
2222
2946
290
6497
3078
658
6493
6125
6429
5230
1001
2880
5482
2356
3075
407
5182
402
5232
1390
171
5005
2355
1918
2061
3147
6058
483
6055
4083
44
2357
1301
5850
5849
5376
7112
465
4583
3962
2030
5742
4779
814
1453
2820
2515
2603
6761
5585
1292
3861
4312
2887
695
3536
6757
2374
6433
6986
6661
3195
943
3692
1562
27
639
638
93
2377
2105
1988
4445
2650
351
6999
102
2370
1167
7132
2959
3688
5391
909
2996
4872
1804
6971
756
4152
1808
6974
4886
2925
811
1129
6484
3115
4191
4667
2950
3912
5213
3919
1533
884
1158
2497
1347
1767
690
691
4769
693
6263
504
4394
2126
6052
3363
5015
4396
5215
2676
126
4806
4474
3503
5649
6271
6382
1131
4123
1251
5054
855
5392
1970
2221
4194
1262
4906
4505
6023
2578
1780
6859
1297
2227
1145
4449
3171
2225
6029
7039
1724
133
5408
5957
1009
6498
6499
5751
6502
4974
4848
3684
6712
3609
6514
5992
41
3464
6753
2877
1826
887
2948
5762
5699
7145
2924
976
5480
3964
5104
374
2714
6162
415
174
6810
6813
3622
1901
5181
458
3917
2476
2469
3910
160
2107
1367
1366
901
1047
6751
4038
480
3227
2961
5292
461
4066
4223
805
1364
3918
4226
4033
1362
2124
4379
2644
4356
4192
5964
3277
904
2652
78
5108
6781
921
5166
926
4352
2093
941
3570
4431
5801
3002
2100
945
694
2751
755
717
4398
6777
5694
1085
5586
1083
5588
5164
6828
1048
4383
6211
5190
3222
45
819
758
2033
2746
3278
5106
3028
2634
2201
2671
6770
1045
2123
2181
5990
4250
4198
5100
5678
2606
5792
2719
2942
2212
4758
3414
4757
6486
4619
6980
3083
379
1532
1850
1539
1541
6481
2965
1852
2971
1497
5488
1369
1373
1379
5591
1429
6510
439
3405
5316
4975
3409
424
6091
843
420
6475
1365
3930
4875
3901
2368
297
295
293
4714
3902
5373
2947
3856
2332
3825
3460
2316
3865
3096
1654
6442
2903
6360
2906
3929
2962
1587
4943
6363
6463
3920
5760
2299
2952
2388
4724
6994
5495
3571
1963
4792
1975
3360
1308
3697
123
1307
1304
1216
4772
1927
1296
1221
1295
5898
4869
4099
4119
4778
6547
6586
1274
5499
2495
2487
1259
1340
104
105
2214
1342
5497
6861
1594
6206
2108
6376
3663
910
1945
6364
1603
6748
849
3574
5151
6362
2290
3682
1144
923
4193
1143
3837
6204
1723
1978
2354
2359
2360
6423
1666
1135
6020
1966
864
2655
5159
3905
1210
3911
3354
2011
5552
2335
5217
3858
4230
6359
6587
6264
5202
3364
1315
2427
3526
2234
5308
1898
4002
6083
4004
1163
6688
2453
6071
1403
2462
1396
6165
6693
3657
6262
5674
1351
6550
4009
2522
6054
3966
2573
1103
1561
5337
2031
4095
3361
6736
6322
6051
1087
1524
3322
2513
2259
3961
6489
977
6097
3279
5481
6491
6191
3620
5186
5187
1859
3969
0
317
4946
2997
4350
4349
4439
4623
6993
4802
6860
3092
784
7135
6829
3070
4397
5861
65
4399
3146
791
793
5862
55
3094
4952
4790
5865
2909
4971
568
618
5713
5714
4879
613
2954
7059
2978
168
5887
2709
3229
2943
4767
4871
5697
4781
2893
5950
2872
125
124
3247
6825
262
2897
3073
5778
665
39
4827
4661
5916
6841
6776
4823
22
2765
4509
6839
4666
2766
4921
518
804
630
4660
495
7011
14
50
25
1785
4664
2384
1779
1457
647
1462
6997
1466
4237
1648
240
6087
1797
3098
6456
2963
1142
2287
1160
3786
1824
569
7072
2292
6818
2957
3342
349
2297
3089
5332
1537
7058
3404
1775
1132
570
1041
4895
3211
4669
3321
2333
4201
6424
2741
2334
4939
6868
3878
6150
414
6116
3851
1527
1499
4682
7035
1495
1094
