4883
5108
3925
2104
4251
6026
2979
1095
701
3927
1147
4060
707
6449
900
5736
4882
704
6375
904
907
3926
5959
6058
1269
3435
257
2929
906
3431
725
2970
4069
2101
5733
705
3920
4633
6028
5889
2973
3691
5730
4884
2312
6445
706
2960
6803
5643
6069
4888
6498
5734
2532
4970
4962
5840
6442
1148
6354
6440
3929
6218
4957
1258
3924
2976
4972
2582
4201
3565
5109
4063
6510
5638
4250
1505
1493
5745
4563
4824
6708
1953
1911
1893
2933
3923
2103
4698
5104
4889
977
6050
740
5737
1800
2016
2108
643
568
3693
1954
5887
3922
6359
5983
1697
709
1254
487
708
2318
4952
2584
2718
2719
402
750
3697
2758
2091
2100
1626
4880
5586
6456
756
1808
1613
834
7074
5732
4234
4820
4252
4609
658
4311
1616
5568
4555
2926
3899
2901
321
3861
4719
1146
2109
4561
120
2674
1068
961
3681
2876
2011
7045
6778
4392
1047
124
219
5842
4397
3563
6024
2184
1098
3921
3966
4885
3680
4078
1096
2924
2107
74
4478
5301
480
2978
1628
2770
1387
6020
5928
3442
812
6366
5927
4787
6021
5952
4396
4906
6453
5002
723
2897
2920
1727
687
1532
3501
4229
3449
3481
3470
4976
1435
6519
4959
1154
4393
1041
3856
1091
4041
295
713
535
1370
3687
5100
6481
6380
414
1167
5738
3637
4359
1354
5735
4062
702
6196
1219
2934
2478
2875
2925
6763
5636
123
3267
1960
1238
4881
7112
2972
4765
6849
949
2105
905
5322
5997
2192
3434
86
79
5598
5117
1198
918
4825
96
2197
6017
6027
5500
4064
6864
6356
5762
2311
2106
6322
6054
3811
2102
6365
32
2977
1738
6427
942
1349
4037
65
401
4040
5757
908
2668
2595
2935
5635
6023
1256
83
1610
3946
6326
4061
732
5392
5252
5159
5731
255
4978
4971
4771
3268
4623
5486
656
6742
7084
969
4323
979
5680
970
5544
4350
1921
2373
6098
305
438
6067
3208
5503
302
6556
4677
4862
4097
5157
3694
1477
1112
483
5839
6357
5012
2806
4785
6351
4390
2409
4026
2317
60
5996
1581
4094
2572
4102
2347
6284
5560
5819
4187
2640
6282
5376
5407
4966
5814
6228
2515
2641
2287
4997
4334
4778
1614
1618
4239
5417
6363
6575
5750
2971
972
4828
2975
3825
1770
3604
310
78
1380
945
3115
1963
562
298
3175
4679
966
1158
1807
1309
6493
964
3275
962
3231
3683
2030
3690
5263
4533
3233
941
1972
1719
3928
1687
4398
4614
6711
366
5225
6935
371
1069
5156
4565
6370
3986
1263
5106
2168
2931
2167
6176
4714
6538
2923
1151
1045
1713
6421
1175
4316
1228
485
555
633
1229
543
6251
6217
530
4680
5855
598
6212
1419
1415
6006
4827
4823
4670
4381
681
6040
5881
4474
4477
6000
1382
1375
4821
1351
4822
1491
129
133
816
5637
813
3092
2049
948
6797
2034
6792
2032
2017
126
957
3262
965
3280
973
1951
5181
1950
784
689
1919
1916
1910
3438
6776
5632
5630
2872
2383
2382
2463
5542
2491
2513
2581
30
5398
2314
2657
7022
5594
5365
5360
2767
2805
75
2809
2811
2199
5599
85
2195
2194
5604
5328
2190
2846
3445
3447
5177
5076
4197
1717
1604
1716
5001
1698
1685
1681
1898
1066
6384
6372
1657
6371
1073
6367
1078
5026
719
6352
406
4047
1615
6336
6426
1104
1043
6254
5712
6551
3503
263
1826
6502
6499
5099
4230
301
1511
1612
5074
1519
316
1220
460
3699
3695
5547
4965
1212
5430
5830
5454
5590
5374
5585
4975
1016
5055
775
5739
758
5184
753
5092
747
746
714
5910
946
5639
738
814
1048
5761
819
5316
1040
1059
1587
5520
326
1731
6434
6425
1712
3912
6408
6401
6391
6844
6850
6874
3963
6373
2966
375
3988
2820
6296
6307
1959
6324
6328
3883
6339
105
2162
6882
1627
4031
2139
1619
322
3853
3754
6770
1897
6670
6694
6754
228
6537
6697
3281
201
202
213
1955
206
1975
4101
3551
3580
1775
2075
5970
303
6455
2061
6793
290
1804
3147
3168
1812
1815
3601
1798
4112
102
1356
35
2606
6091
2613
4576
4549
563
542
1539
7072
7070
4538
533
2650
6150
34
7083
1292
2466
5987
5990
7
4759
2481
4745
7133
4697
2517
4693
4683
4682
2355
1291
2661
4460
203
2267
2818
6276
80
468
2802
1495
6255
2788
477
6190
6250
4353
2246
4357
478
4382
6225
7017
4388
2717
6211
2964
2497
2490
2486
2873
2191
3011
3016
2708
2687
925
976
2415
2723
967
3254
3266
5418
5305
3235
2008
5372
2125
2038
2039
2752
5364
2243
3094
3144
3273
5329
1224
3344
1152
1407
4442
1420
4953
4954
4394
4355
4335
1470
1476
4308
4258
1501
4219
4472
4516
4539
1159
4788
4783
4761
1244
1251
1255
1257
4156
4716
1194
1187
1294
1298
4650
4636
1315
4694
3323
4123
5509
1805
1818
3607
3578
3574
3567
3539
3516
3488
1896
5111
5154
3421
5167
3406
1029
3682
1794
5082
1589
1594
4049
4039
4038
5007
4007
1586
4001
3968
5050
3952
1668
3940
1693
1784
3976
1037
2405
6022
324
5975
128
6398
493
6872
6507
6388
6765
6769
6177
6419
6009
6801
5947
314
6767
453
6393
6993
6243
831
663
6215
5714
692
7135
207
7105
6222
6045
6829
7085
94
5888
209
5861
6114
657
6277
786
6896
39
6791
6052
6256
669
325
5666
685
6400
5552
742
6963
6800
370
121
6385
7020
7090
5992
2656
6157
6279
2662
4224
2667
1149
4225
2669
6274
1518
4950
679
2649
5848
1097
4607
1590
5801
1595
2033
3170
5005
3179
2310
407
5038
1620
6340
427
6294
1102
4090
3120
4181
1125
447
4154
1121
4132
4131
4127
4115
444
1110
6286
2048
2634
680
1515
3034
5891
2962
2128
122
6171
