6365
4312
1047
5109
5732
6216
906
3606
5100
2973
1041
4334
4316
2572
4319
3865
4318
1958
5735
5106
2100
568
5067
4249
6344
3923
3487
816
1086
5734
5104
6024
3927
3294
3096
6354
6218
6226
4310
4311
6017
175
4201
4719
3135
4313
2101
2970
5292
2106
4314
6368
4333
3501
1045
904
1421
5638
3872
723
1235
1671
704
3004
5737
2674
4317
6495
4155
4953
633
4355
2200
6419
2229
3130
716
2405
2581
5372
6022
3863
7123
3921
903
6020
2678
1881
907
4338
1953
2944
3601
817
2908
609
1158
4019
1485
5376
717
3949
5332
3926
562
5102
1040
1234
4679
3924
5730
6233
2
1593
2673
6473
2383
75
3132
4885
660
3868
2103
4612
3925
4208
4645
1543
2104
4804
2102
6023
6229
6336
3969
2311
1087
2589
1422
1090
6215
1427
6978
2664
5113
1425
5934
4957
3346
102
2409
4202
1083
6016
6228
5148
6346
5626
5902
6027
6351
6369
1676
4167
2650
941
5012
6573
1091
2312
902
814
3506
6028
1909
3861
5342
6214
4460
4253
4966
2972
5560
2724
2717
6569
1097
5108
1880
3948
3507
1901
6364
5924
5736
4244
1906
3379
4636
3344
3466
6415
4623
1951
3622
6449
4650
561
453
6213
4156
2930
2274
6212
1565
2318
1572
72
1043
5398
1599
1596
6169
1594
2432
2108
4806
504
2062
5632
715
1493
5867
1099
5531
4240
3851
4216
4972
4209
3856
6431
1393
5545
563
627
7125
1094
2495
1093
2504
1655
340
1233
6980
3295
86
2068
1000
6196
3687
4256
5901
5339
2440
5504
5973
3035
6294
6440
6355
3383
4583
2925
5265
4026
7
10
2109
3920
6586
5596
4060
4169
6255
4778
1167
4536
6819
4805
1534
966
646
5262
4886
1674
6481
5932
3290
7020
725
7027
6243
7028
509
2576
6026
5933
5931
4047
344
5146
5111
4677
912
2448
6011
969
708
3864
2401
2425
887
2390
6326
728
6021
6329
5979
900
5337
6258
6257
965
389
5629
7012
133
2877
4954
4466
5565
4952
4023
643
5569
5570
4889
645
649
3782
4516
4585
4883
4882
669
4878
1954
485
2978
4163
2107
174
5733
6165
2920
1385
4968
4971
5082
4078
3097
324
6979
2657
1805
5903
5062
5855
4011
3149
5061
2676
6231
1107
1103
1426
2796
606
5066
5518
3611
5868
2714
491
1579
462
4152
6150
1590
1537
949
2437
5959
4902
5557
4965
4969
1100
5479
5068
1048
5438
1044
5415
5078
5079
5105
5377
5139
914
918
962
5259
5254
4887
4880
4873
5608
4307
1457
1451
1437
1429
597
608
5866
626
4469
507
647
4596
4599
4633
4641
702
4672
710
713
5622
4807
4586
1293
945
383
6433
2574
6438
6296
2548
1886
3697
2875
136
3486
1907
1670
1662
3473
2499
3862
3418
6861
2583
6357
2303
78
345
2606
2597
6402
6405
3608
2722
290
2588
2586
1867
7023
3853
2403
2276
6224
2996
1987
2091
8
3015
2975
2424
6221
1952
2942
3133
1280
6367
2227
1420
2273
2792
4654
3693
4323
5514
1592
5486
5022
5627
5873
3038
2689
3039
1084
204
2675
705
5881
1079
5637
3095
4331
1078
2016
309
3567
813
4367
2882
1315
2893
1316
648
1319
2897
666
1351
6491
783
5762
6499
6822
5574
2909
1893
2911
3369
5575
2209
5614
1981
4424
6750
1298
2225
4827
5840
4962
6451
6776
1885
4463
4465
5552
4663
3682
4179
493
1008
4171
4013
3699
1672
6251
6254
2408
6259
2532
7079
5115
6293
4203
7050
1024
2578
387
5384
2462
5147
6160
4097
1607
460
1617
6145
440
967
4164
2423
6217
6220
1555
4157
5157
6098
4160
5312
5172
1727
719
3789
4304
6349
6353
4293
3741
4251
3813
5956
1055
544
2585
5949
2584
356
3846
5468
1237
974
6986
3
6974
6754
5171
2971
1193
5459
5590
6770
5164
6959
203
4808
4724
4801
5023
1219
3040
5476
5639
1230
2430
6
3032
5060
6972
5263
1236
2928
845
5065
963
11
750
770
2812
2313
2713
2173
5134
4956
2727
5130
7019
2870
5101
4958
4959
2356
2355
5529
2187
2348
6848
2824
1028
5324
5496
5568
7004
2905
2446
6958
2814
6814
2598
2162
1085
909
2685
144
5137
7132
7131
1154
1151
6999
4943
2466
2517
5473
1591
1567
3847
4241
1505
6418
3854
4352
5993
5997
4374
3561
5848
1711
5847
4245
4389
4181
3522
4431
4433
1386
3519
4459
5792
4468
333
382
1675
4177
4189
407
3603
5963
343
3766
346
6360
1774
569
3701
5920
5918
322
4315
1796
4305
3647
348
1439
3692
3683
1435
349
3677
351
5884
542
3816
4682
1486
6401
5908
6488
1354
3786
711
701
4165
682
4132
6223
3286
483
4127
227
1553
4070
1557
6219
4642
1986
4657
6130
1302
1959
1963
3414
5767
1928
4172
6035
414
3436
1253
4041
6161
416
6119
5745
1595
6532
5742
1314
3267
714
5235
1568
2591
2444
2443
961
4138
2433
4303
4302
4129
5185
4173
5181
5135
3922
2533
2538
4170
4038
4040
2544
4200
2558
970
1516
2459
2451
4204
1550
1511
2476
3841
4064
977
4069
5145
2421
4687
2283
1984
4640
3343
2985
2977
4809
4823
1284
3348
3364
3367
1311
1312
1313
4888
3397
4835
4799
4790
4666
4698
3136
3248
3099
2009
3092
2066
4721
2008
2072
3289
4675
3291
3292
4789
4670
1993
2904
2300
4592
3461
1098
2762
2729
3583
3600
2711
3648
2228
3663
4978
4332
4330
5024
3695
5025
5053
3674
4350
1101
4358
4584
4528
1910
4946
1905
2888
3503
4496
1126
4395
2862
2861
4970
2843
4377
1104
2221
4908
3662
0
596
6957
5845
5505
5860
5861
5862
5864
6548
84
5916
5919
5936
551
5946
258
5952
541
5394
882
5992
6447
6445
6416
5508
5833
641
5526
134
5618
5580
6852
5649
5666
722
706
181
5704
5708
6082
5712
