1396
4475
4412
5525
4206
205
2791
872
6919
2812
1944
1450
6939
3028
5788
5064
6843
1392
6352
6587
2949
1316
5522
2946
1390
4865
4685
4477
4730
5800
1311
4087
127
508
1399
391
6920
5523
5976
6772
6917
5850
4168
6370
5529
4417
6932
6856
6786
5654
218
5526
1678
2940
5977
2941
5872
5187
4414
6934
4815
6941
6579
5030
2301
1312
1375
4
1313
2796
1398
6222
5066
1319
6511
5802
2631
4473
400
4187
1796
5462
5063
5448
6700
5460
877
2336
5141
1
5196
6922
6925
6573
6
6905
6911
2895
6940
3817
6933
1653
6938
6588
6944
3964
1334
5679
1317
6963
128
6498
406
216
6316
6902
5816
5328
6122
3904
4161
7064
1526
5321
4163
5975
4166
4098
6229
5787
334
5099
6809
4200
6043
109
1401
5197
3999
4416
2472
5907
176
6575
5527
1986
337
6915
3307
3115
5941
4248
658
3853
1825
6686
597
6307
935
251
2201
5657
2539
261
5785
962
966
4400
2303
6887
874
6906
1332
3295
6741
1331
171
5465
2596
2927
5060
2686
116
1061
5057
5496
5065
1643
4860
5327
2797
1310
5521
2947
2828
1025
5208
2872
6776
6137
3852
1391
4153
243
4737
6764
4732
5873
1793
3100
2117
2897
3144
5433
4556
5815
3994
6040
5807
3990
3976
2479
4186
5799
6801
6069
4155
5104
338
4178
4179
1866
4170
4478
405
969
3558
1030
2208
3461
2995
6578
2307
2204
396
31
6967
2794
5009
6912
3417
960
398
1645
6926
3433
5658
6295
6923
1371
124
961
408
3414
1947
3641
4012
2825
763
4989
1339
3114
1918
2739
3318
4082
2310
5037
2000
3424
639
6194
2799
3790
6312
6317
655
5069
662
6154
5090
1395
3894
3901
2815
2238
2793
701
367
1424
6059
1437
170
7089
963
5396
260
6903
5772
5490
6943
2874
6901
110
246
5445
1670
4261
2530
991
5559
5263
2994
916
5467
123
4393
4356
6968
4364
6865
2996
265
2942
4555
268
5310
6910
6928
1654
7065
2634
2633
4165
4658
803
5829
5805
6779
4167
2637
6916
836
7055
6907
5792
4632
4449
551
5001
6556
3469
3462
1022
4392
6553
1337
3504
3439
1677
3443
5050
5514
1668
1666
4940
3415
5039
1657
4947
5036
3385
4413
6392
967
4733
2206
3898
4182
2023
1572
3907
1397
3921
4904
5764
6063
5818
4816
4811
5211
1191
4138
4721
5924
1124
4553
4530
1817
6322
6314
579
4349
5062
3645
3657
911
1377
2120
4294
630
4293
4281
3758
651
3794
1378
1604
5491
2136
0
258
2460
3082
3025
263
3061
329
2438
2538
2427
2692
6589
3068
200
3133
415
211
7056
7119
3132
2795
2985
2434
374
2798
264
3109
2843
7102
6949
6769
3016
3155
6768
2822
395
2821
3157
3218
6820
3159
409
209
3268
207
2411
2207
6844
2202
5779
2639
3993
3044
3992
5257
1969
2422
6888
3522
4820
2826
6330
1675
1674
4831
4162
2991
4357
1974
1647
5450
6695
117
5515
120
3900
2604
111
6701
3816
5479
3156
5488
664
6710
3851
1641
6722
7034
362
3083
6289
6904
3936
5285
600
2823
4659
5324
714
5546
7047
1128
2999
332
3671
3677
6848
3906
4571
5266
2635
7103
479
2783
3370
2696
6506
4073
6858
3390
6497
1373
3403
6763
3404
1374
214
34
964
35
7128
212
2531
6508
2330
3278
6580
434
2998
881
3312
2741
5852
1714
2759
5761
424
3356
6771
1707
5023
5032
3005
6516
4271
5953
1713
6456
3855
5078
6407
1236
502
522
5584
6386
2270
3998
3459
1430
1939
4188
7111
1238
1394
1791
4016
540
2478
4184
3423
3232
4000
513
6742
6098
6718
937
783
6103
3102
6100
3978
3892
5813
6946
6114
5812
5652
3101
1949
751
4375
2473
6767
3859
1036
5879
2587
2997
2990
965
6762
3116
4350
3933
6073
208
2535
5542
1660
4160
709
2468
6931
2945
1024
6724
4077
1701
2019
2461
1743
4080
2016
6050
4391
6052
3975
4407
4321
6937
3996
7045
1636
54
401
6808
3447
4287
1408
5708
6400
5778
6382
847
6428
1436
3228
4839
3521
5207
385
2205
4819
5498
381
2200
2829
3492
5212
254
2298
6583
5
3024
1318
7161
1315
2752
2753
2766
4991
3359
2809
2339
5740
7145
3364
4204
6513
2691
6502
5054
6483
6597
36
3363
4797
5707
5219
6788
913
919
5701
4787
3681
1582
1106
6794
4564
2859
4558
1098
5431
2107
1095
2614
5461
3161
5700
131
357
354
1053
4304
6960
1848
5234
841
840
6304
3627
1050
4296
5704
3796
2435
4299
606
4647
6247
2630
1130
3662
615
5703
1157
3020
4263
5656
2370
5732
918
3015
227
4272
4310
4315
5665
6842
3014
905
904
4264
3316
2600
1719
5142
4900
1237
4880
1231
1431
1432
5183
5195
7100
1189
5220
5238
5248
4738
4905
5260
7114
5100
1333
4997
2
4994
1338
5006
4975
4956
5034
7144
5038
5052
2804
2807
5092
7116
4735
5262
5265
6921
1013
201
202
993
5573
1695
5591
5616
971
5626
968
215
6868
1711
1028
5516
2590
6947
1497
5282
2636
5338
4607
5356
4588
5653
2625
5439
4485
1067
6965
4462
6962
1632
4566
4256
5741
320
3854
4075
3458
306
2156
3451
5880
3154
5871
5870
4115
1886
6609
295
3098
3850
3428
3088
2148
6161
3084
3664
3427
3460
3667
3260
764
3927
3631
1988
3949
3615
1976
2430
2170
6310
3965
2426
6313
2464
6287
3533
3903
3753
1948
3222
3119
754
1942
6108
6757
6780
6733
6488
6203
2317
3045
6534
3352
477
4169
474
6558
3764
473
3183
3691
3366
2331
2112
6532
4202
266
6783
2332
414
619
5817
3799
410
5810
6475
423
6834
6214
4247
6186
489
3772
6200
6694
6704
4710
5421
3648
3668
3695
7079
5278
2638
5268
6293
1589
103
2432
2174
7002
7069
5420
1529
3650
