6381
1786
3160
3983
4706
5925
1817
4703
6872
4709
3977
4708
5388
2364
6878
3632
85
2580
5947
219
58
1814
1815
1816
51
4383
4522
3630
7022
3003
1782
3982
3127
6235
6855
2056
7026
852
367
6850
2057
2575
4704
6227
5768
1811
771
1270
4707
6869
1075
4507
3989
5950
3272
4665
3639
1076
5703
4775
3633
4514
858
859
4509
3273
5167
1372
3504
2363
5349
564
6614
5234
7050
6873
4488
64
3988
6870
33
1591
526
6830
4368
5319
5670
3434
4215
3143
4597
1346
6877
236
5834
4702
3560
6547
4715
2671
4513
4910
2645
82
6077
4519
5672
4421
2394
824
1965
1687
2429
4705
3162
773
6081
5833
6074
3124
5755
2005
3072
4456
3979
2632
5408
5214
3940
5189
5290
6452
3896
6029
1832
6555
2146
1806
3985
2525
1978
5161
3984
3794
2522
617
2294
2523
2378
4809
1279
57
3270
4922
6376
3634
3274
3324
1387
2801
4791
782
363
4795
2787
68
6335
785
4511
1505
4517
4624
1732
1736
1432
1790
5721
81
1810
1833
854
6173
4529
5921
1963
5622
1892
1988
5706
4255
554
5676
560
5344
4227
577
4220
587
500
499
2313
492
5380
2284
4309
616
6876
4351
5395
2161
3405
2142
7043
5410
4440
53
6135
56
1974
1071
80
1001
3224
6230
143
3167
5829
5043
3725
1507
201
6779
6879
3573
1834
3981
4924
521
1844
1839
3345
6835
4098
571
4268
1818
47
425
208
3598
287
2099
693
4929
788
1858
2010
339
496
736
6841
2017
2018
4279
1901
4461
2853
1899
4527
1504
4925
3980
2879
55
585
1640
3239
350
4701
2335
6665
6372
1560
3728
3303
1769
369
1080
3707
3279
3793
4907
6572
3139
6409
238
2715
2318
234
233
1381
6765
5121
217
141
2518
225
2527
150
4871
6883
3974
5835
436
6860
1813
6867
2381
1801
5926
885
1548
3150
2136
5042
74
780
586
40
1795
166
4306
3482
6987
6795
4238
506
382
5049
1048
1133
4699
1540
1977
2741
48
5831
5892
1013
4336
3409
4328
6909
4384
5302
7076
2511
5897
5298
5403
5404
4274
6654
6291
2291
2292
5286
4423
6706
698
2297
4837
3275
2046
3265
3277
5272
6552
4800
4876
6156
5110
275
1812
2962
280
282
283
284
4901
286
6832
2953
3893
3604
3895
5013
6187
1797
3860
3765
5354
6209
6763
3298
5967
3293
93
1744
1667
5532
3304
3023
3638
3147
6983
6080
2939
6248
5487
6721
4664
5596
4993
6874
5753
1530
3342
2827
3591
3970
4508
4525
6479
3958
3599
4506
1891
1852
5558
578
1881
89
87
2784
1861
1502
6875
4926
1213
5763
4257
6890
2338
584
4260
5841
2352
4303
2326
4276
580
1203
2293
1492
4928
4720
2298
2337
2360
1073
1962
631
1831
5008
6773
5954
5923
1836
5103
1407
4557
1868
1889
6775
6936
1896
1857
6989
5009
889
1672
1677
1668
1691
6762
6979
1745
1078
4593
1776
1784
897
896
5820
1794
5000
1922
1923
4995
2096
5289
6857
4967
6825
2143
1469
2149
5033
2174
1050
7053
2213
1275
6636
692
2225
4426
5281
4680
779
4794
4689
1951
1070
1588
1130
1971
6698
4466
4464
5271
1136
7027
4428
1749
1210
3966
7075
288
2967
2968
69
6197
6578
6417
6295
4141
6415
3355
6297
476
5708
5630
2505
4176
6298
5629
5534
88
5401
5405
4044
2680
4034
149
2748
6527
3406
6528
2803
3892
52
3955
3378
5501
3925
61
6553
3376
3911
5508
3978
2480
3022
503
5366
5561
5704
200
6385
2465
2469
5361
6371
6092
189
137
3484
3243
7134
3234
3720
182
5562
3155
4833
6844
1343
5056
1897
4812
321
5726
1846
1860
3576
5019
3936
3220
5725
60
3971
6738
2898
5059
1845
96
3237
7017
6237
5780
6858
394
1537
1438
3255
3297
3572
1975
5047
2757
6505
1961
4018
4015
6496
4502
4503
774
5705
775
1333
6720
3231
6722
1139
7018
6387
7015
4805
298
1835
5090
1509
1764
5093
1750
1747
5536
4999
1394
5920
5003
1728
203
905
6214
5628
4615
5626
3779
4727
3605
949
97
1670
3134
214
1665
6811
3628
850
1778
902
1439
3301
857
1580
3894
860
5943
863
66
4565
1819
290
2955
1779
188
191
3196
1116
6288
2974
2987
6193
4965
6198
3175
1625
3042
1626
281
2700
352
594
582
6653
482
3479
6061
4387
4222
4756
4867
517
3480
5588
570
2646
2483
5342
4429
2141
619
2635
3430
6545
6663
677
2487
3547
3271
6655
5843
6538
5334
2093
1271
3644
6318
5377
2317
6590
6130
1059
6570
5363
2524
5678
4380
6315
2358
2033
5362
2677
535
1201
2396
2371
6643
2393
6521
5270
2530
5590
5693
491
2520
7029
2045
7032
2252
527
1261
3543
1490
614
1699
3102
618
5330
5386
6051
1748
4998
6060
1037
1738
5965
5533
4190
1733
484
1721
237
6097
3595
3245
3093
4335
3097
1391
247
2232
2526
3795
6100
734
3112
1582
4906
3706
994
4267
1436
2350
181
5563
1561
528
5565
6960
6800
6390
5702
5058
3221
1079
5054
5927
1077
3684
5353
6305
1536
2354
1586
572
4687
3768
5593
5544
6617
495
4195
3144
6768
5335
3474
1660
6769
1520
207
3477
5550
5751
2460
6778
5928
4269
5367
5617
4217
6397
3722
4923
5115
3053
3592
4890
5464
364
7039
3987
783
1286
2808
1159
6487
4512
2813
6678
699
4442
1926
1925
4515
3973
3972
1920
697
6676
6671
5025
6728
4424
2845
5489
2643
50
372
5280
4465
5267
2011
2704
4066
1313
5781
1326
2682
1992
1990
7147
3257
2035
388
406
1970
6139
2750
5243
38
4500
5428
4862
3995
2053
2785
4504
2786
2866
4589
3950
54
294
4140
2147
4397
3891
2954
871
5399
285
5881
4797
277
4145
273
6647
4146
5433
269
25
4992
5162
