1154
1121
6460
6467
6492
4192
6490
1123
4190
4198
6500
1122
6486
4958
1153
4199
1152
6504
1120
6469
1146
5761
6373
6484
1126
4193
6485
6055
1149
6497
4196
4877
2584
2102
6507
6508
6971
1151
4872
4879
4878
6465
6056
1159
6350
65
4875
4870
2530
4191
7127
4194
6688
6078
2105
6685
842
5747
1127
3096
2531
1125
5087
3694
6489
1155
3112
3593
6775
3942
1786
5891
5768
6028
2582
2719
63
2634
6682
4876
44
6974
1137
6371
6502
5405
2922
3904
1180
2697
1188
1129
5959
6976
6357
1147
2571
843
1988
6706
5236
6532
4702
1811
3861
6433
6087
3920
427
3436
6994
1814
2738
5308
3964
2008
6353
6384
6435
6375
3488
6021
5762
859
2463
2308
390
6473
46
1794
6576
5167
3659
5213
4707
1002
3390
1003
4519
68
6687
6721
60
6681
2394
2223
1263
1075
6218
6975
6338
5163
934
2695
3902
1655
1493
3168
6701
1132
2903
3160
6052
2290
6979
6359
3905
3597
4787
6385
219
2335
255
2570
3562
6026
7050
4623
5769
133
3290
5151
3668
773
6081
3652
3852
847
791
47
564
796
1157
3651
2355
5088
6315
1654
3615
2962
1301
3075
5216
4139
4606
5228
3664
6079
3044
473
6680
502
658
1530
3485
3153
4240
1533
6268
1065
7112
118
794
2815
6509
123
5766
1779
702
1928
135
2921
746
947
4280
2437
4366
6424
1689
4336
850
845
5753
6381
5404
6475
3906
6113
5712
6689
3938
2302
779
395
3213
6461
49
5492
1822
6748
3665
4449
5736
1131
3918
1801
2888
5746
6314
1494
1470
588
5169
1145
2896
5737
6572
5329
6071
1800
2383
6069
6518
2630
5468
4514
6423
4377
1701
2536
1693
5950
5928
5927
4913
2107
3483
4251
2120
5649
1561
2655
5177
2533
6937
1364
2838
4037
168
4701
2150
3625
2309
1264
1268
6209
5158
2139
4785
6482
3901
5628
5482
2880
6558
2332
2333
1150
6782
3658
2603
6754
819
533
2079
1177
5710
6135
3638
1340
2869
3147
4779
1158
1927
402
2471
3568
6488
6227
2537
2323
3860
426
5490
4778
4916
6370
97
3018
4642
6930
3437
3435
3900
619
3330
1537
1983
6686
6439
2487
6025
5382
6335
2396
2923
6425
2656
2966
6973
5920
1007
5925
4022
1618
1004
6977
4273
1072
4390
3449
2030
6339
5780
286
2512
914
771
6570
3669
3823
5374
3069
5765
6574
120
1791
2649
4624
4626
1128
2334
747
6456
6909
6457
6530
6709
6739
1068
6520
2554
4195
6526
2125
1066
4268
6376
4962
6723
544
4323
5402
4294
5421
4395
6715
5413
4144
6774
6483
6447
2587
3228
618
6578
6736
6735
523
3229
805
4951
1224
3327
3431
6753
3438
825
6333
6264
4920
4924
1105
4213
2300
6705
792
4432
1076
3439
942
1362
1615
4695
3693
3695
1679
6046
6970
1773
2390
5879
2439
5763
1387
3046
7059
1806
6029
2698
4866
2882
1826
2704
1367
2770
1683
3660
1721
2005
1460
3966
4703
2072
3961
370
4709
1698
2427
6097
6099
5085
4863
2425
6110
6111
6115
1697
1366
3795
1828
2103
2106
6801
2108
1555
1610
1570
4771
5237
4797
3910
2036
5957
1920
6785
1298
3907
5962
5215
4781
2475
5733
6179
1971
64
5637
4135
2450
3916
5748
846
5633
5403
1074
4005
1041
5395
1705
251
4691
2974
4869
5201
6421
3278
4250
244
1684
1064
5199
1069
1005
1619
1616
694
1613
2574
5877
472
3780
4867
5785
717
3930
775
2881
6480
6481
905
3919
4731
5745
795
71
2884
798
4766
3912
814
45
29
27
2637
5672
21
3886
852
808
2926
4351
2644
1728
3434
4704
2910
4706
5316
5801
2198
3335
4708
5966
2887
2653
5779
2902
749
2901
1770
754
1775
3941
2258
3825
3418
5602
257
470
7169
6090
1431
3536
3654
6269
1358
1346
5273
6075
1148
2520
4898
4074
1475
4919
6059
1477
6058
2303
3066
1133
6091
6094
4094
6096
5495
4565
539
1373
3565
5462
525
1390
5502
545
600
397
549
3224
1402
6669
4506
2312
4508
2137
1227
2368
6831
6899
2699
2389
1269
1539
6211
6016
6324
6932
293
2123
4436
479
1296
4031
3165
1291
268
295
457
6770
5092
6771
1266
3049
4910
5218
2050
2228
858
6498
3161
1968
2216
1262
6278
1305
4505
2131
1954
1210
5713
3166
1368
1203
3172
1289
919
4783
1945
5652
3355
6192
5755
3150
4515
1851
1334
2220
5699
873
3171
2097
4774
2811
5689
5743
1901
1228
5680
2221
4331
6514
5731
2813
4509
5752
903
1220
3364
5978
924
6362
2983
5425
1536
6364
6020
1529
1659
6023
1519
3047
5873
5856
5593
5855
2984
1542
2990
1548
6352
5975
4930
2666
6358
2031
1098
1009
2035
3261
5428
2997
3274
2027
1560
6326
1073
3063
1681
4392
3108
5386
3226
3339
1401
5777
1179
5787
5604
1392
3345
1781
2894
1181
6298
4717
2899
1378
1407
3099
4883
2940
4696
5401
5846
6420
3073
4367
984
2715
1724
2918
6083
4904
5509
3235
4865
6123
1951
2328
3794
3796
252
2359
2294
3956
2435
5076
4281
4285
149
5030
4029
4105
7036
4145
7042
7045
125
3940
2363
5214
262
3582
5186
3829
4140
2354
4020
651
732
6829
4279
6961
429
6657
740
221
2534
3602
742
5212
3620
3609
743
3607
6981
3782
438
3623
441
448
4025
6857
728
3448
61
7161
317
5307
4267
5095
692
6553
4080
365
2397
3914
5165
4265
3525
41
3876
7130
6912
4269
2314
3863
74
6885
99
501
3469
5290
505
369
799
840
3925
6550
3680
5157
4259
5271
4040
5050
2234
2061
6830
3074
6871
3083
2091
1435
4602
1438
1437
6833
4555
366
2700
4099
6108
6132
2705
4583
2092
2364
1365
6127
2694
1357
512
513
3189
2138
2316
517
1216
5272
6756
5465
526
4502
6282
6283
1199
1198
