3209
3208
3201
3218
3203
6391
6393
1452
2776
3206
2770
3200
4209
3204
6797
6282
3589
7143
6792
7140
244
4745
4357
6286
3742
3202
5418
2777
6281
3205
3094
6171
2772
3250
2773
1974
3588
2207
1356
1456
3093
7129
6946
2982
3187
2199
1408
3210
6170
247
3503
2134
2771
1377
3219
2953
4916
1374
6284
5225
5334
1373
4401
6008
3180
1352
6300
3867
3183
326
1345
1378
551
5691
5011
4480
6007
6398
2845
3737
1401
2259
7045
2668
6009
7160
1455
4348
6152
586
7146
6791
6006
7144
3207
3215
3214
2900
3182
3373
5765
3580
2170
4570
2622
2155
6219
4693
4573
6004
7065
4642
5729
3965
1864
6861
4921
6400
1971
1053
3185
3907
269
4923
1868
4033
3581
3566
3254
3741
3495
4489
6326
3401
3212
6216
3735
4634
3585
3600
3186
1375
2190
1391
5290
1349
1341
2929
1260
2254
2491
2738
2774
5026
398
4281
1980
681
4345
5245
2775
6521
4427
4766
833
1012
5929
3282
4084
1007
4891
3390
6524
1450
1013
4487
3375
829
6725
3505
3746
6307
4576
7142
2400
6340
3738
4329
535
2172
6354
4646
4657
2504
3962
4742
6250
836
2734
3565
4575
266
2159
1230
3181
1380
1227
157
6684
5021
1413
3044
4934
4115
1886
3184
5117
851
4905
5976
5063
2874
1918
1875
1348
3653
57
3024
3866
3586
2541
4554
772
3188
2584
6261
3976
3981
4730
7073
1865
4126
4407
5501
4410
3748
6724
5007
4991
2307
4618
2306
3122
3130
4341
1214
4926
4340
3881
3169
3731
3982
3696
5029
4644
3583
1232
3492
4918
3484
3442
6477
1372
2761
6043
6175
6581
4914
2143
5229
4913
6215
6499
3374
385
5601
3372
5733
2106
1871
4496
241
5872
3496
4764
3527
3517
2990
259
2174
1501
5150
652
1047
5955
1445
1258
1357
4003
1167
6194
1518
4229
2330
1259
414
4312
6176
4538
473
4187
475
6181
502
6210
1438
6226
4446
3897
3960
6482
6541
7052
4893
5555
7066
3377
1874
5760
1790
1023
3441
2907
777
35
5299
1883
4912
6584
2109
6906
2138
2987
2992
3002
2156
5259
5027
3062
3064
5690
4919
2651
3189
240
4763
5196
245
4599
4609
5851
5849
6330
3736
6
3733
4643
5547
6394
1648
6399
6401
2407
5417
3572
6408
4753
3587
5359
5357
3498
6405
3560
2482
1705
822
689
5589
765
641
5202
5330
5335
5392
5240
6003
5348
5489
707
5565
5293
5296
5360
1244
5305
1140
5187
4768
5787
4499
504
5915
1050
1164
5797
556
508
5807
4733
4572
4650
4647
5878
1131
4771
858
1027
4486
5185
5131
6000
5126
4449
893
894
5635
927
5036
4454
1136
4992
5954
4479
1009
4483
4892
4477
5508
1794
2846
1677
6863
2779
2778
2767
3609
3610
2146
6375
2753
6372
3578
2165
2194
6367
3699
3730
3732
3734
3050
6332
7025
2195
3739
6316
2704
2107
2873
2891
6737
3097
3133
3136
6692
1933
3213
6583
3030
1896
1872
3280
2995
1834
1831
3376
6494
1818
1276
6483
2038
3438
2940
3445
107
6470
3494
6304
40
3051
6222
1468
1344
4197
4088
4091
6213
381
2411
1426
7124
4138
428
4211
2308
1407
1405
1400
6164
422
4179
2341
4080
4257
409
32
338
5503
3980
1560
6252
3937
4258
3864
3887
4024
7097
6095
4377
6048
2336
5044
5028
3037
890
5502
3033
926
3021
3027
5091
5086
909
2332
5068
5490
2333
3031
770
2305
5465
2545
2586
2588
2621
2665
2669
2257
2489
757
5339
2168
2270
5351
5108
2477
2418
2132
839
5373
5397
2091
2906
2509
2932
5166
2956
2976
713
2278
794
4404
941
4021
1505
3899
3869
1138
3816
3764
4043
3763
4616
4620
4622
3740
4626
4633
1110
3743
4045
4074
4534
4370
1266
4255
1358
4202
4201
1237
4180
1410
1216
4132
4127
1430
1451
1193
4495
4498
3664
4648
4649
3655
1798
1010
3353
1004
1003
4900
4901
3255
3231
1907
3170
4933
3115
3114
3113
4994
3090
3428
2007
1017
1775
4683
1069
1061
3606
3605
3604
1670
3591
7168
1052
1692
4762
3576
3493
1739
3479
4772
4860
3584
2320
5554
6536
5893
7040
6761
6154
102
472
337
5525
6710
253
6187
7029
6448
6508
5529
5858
6272
407
592
6865
361
5853
205
5877
6221
397
186
6434
6952
123
5766
6346
5655
6119
5767
6696
6116
6193
6565
6570
7141
6475
5791
6479
5671
610
6699
6697
7131
6412
683
6899
6691
680
6799
6153
7017
7047
6871
6127
5675
1459
4681
5924
6220
4085
6217
4087
2735
6585
374
1082
4089
5650
1460
3076
189
3961
1254
1876
3968
5823
3984
2664
1885
3989
3990
2878
1513
5634
6579
357
4415
1893
2193
4008
1267
6577
4023
4027
1898
4039
4405
6040
3228
4002
6212
5033
1446
4182
1385
6718
6174
588
415
1371
1935
1367
6676
4894
580
5748
5763
4213
4219
1359
5798
5771
6908
3172
1351
3118
3162
4774
5777
1336
561
4767
6736
6177
987
985
1990
4689
2104
6594
1436
1434
3086
4121
4123
3087
4134
4135
4136
4953
1447
4946
4940
4143
4346
6179
4342
1981
4925
403
2154
5696
980
4156
4917
2745
4347
2890
1870
1211
258
3573
3575
5539
6445
6444
3577
4579
2273
7115
6437
6417
5321
2028
219
6403
7105
796
7087
6523
3662
1830
5873
3563
5295
660
6551
3634
5303
6397
1659
6395
255
2414
4491
3415
109
3468
2986
3421
1180
3482
1165
2053
2314
2335
1169
5514
7161
2339
5281
6458
3499
4494
3553
2062
2408
1806
497
723
252
2405
3512
1805
5393
2392
5399
734
2920
6873
5971
5200
5620
4640
2011
1563
2580
828
2585
830
3284
3784
3811
1229
7056
1866
1568
5268
5618
3829
1582
3863
3891
4442
2607
6280
5217
4438
2005
530
3873
2526
1251
5252
2628
6358
3922
6002
7081
2913
5859
1105
6341
1101
1220
1628
