6393
6391
3200
6286
3203
2776
6282
3204
3206
3205
3208
3202
3201
6281
3742
2770
3209
3218
5418
6284
6175
6171
2773
2777
6792
7143
3207
3214
6524
1875
2668
3210
3250
3219
6288
2772
3746
3744
6791
6398
1456
3743
3589
2775
7140
2669
2953
4329
3215
7073
3741
6797
2779
4213
3740
2665
1052
4167
4742
4448
6794
6174
204
1321
145
4178
2771
3255
2597
7153
3513
6116
6394
4780
3749
3864
3030
3566
5372
5903
6477
1746
6179
2845
1078
6298
556
534
6170
6007
1174
3212
6278
6750
6271
724
6258
3213
1180
6290
7086
3217
3902
3216
668
4154
6906
6697
6176
4534
3498
6173
4950
1259
5225
3565
6826
4402
3062
6798
6300
68
589
3811
1677
1871
6372
1452
1220
1734
2774
1741
3512
6106
1519
1806
4061
511
2145
381
3254
2286
2584
3839
6000
4170
3274
2486
893
6817
4788
5915
2848
4690
141
5072
1885
2920
244
4070
3588
1614
3733
1638
3000
1356
6529
5597
6861
5286
4240
6276
3580
3493
6811
1274
3232
5838
5851
3031
465
1581
2545
2550
319
4748
4535
2881
6804
2588
4972
7154
6699
3831
6999
1546
1352
3403
3404
5063
5791
6287
5004
890
1819
157
5373
6180
3636
5555
3640
4255
1974
4247
5379
4617
2934
5382
5524
3406
6709
1933
5008
3279
4341
7014
1426
4644
4407
5563
1970
5375
4497
1251
4093
6879
3739
985
4539
665
3131
3837
6308
4080
2338
4179
2778
1327
2254
6216
3737
1781
3135
1050
4340
5281
255
6254
4226
3938
6526
5015
2846
5567
1826
2049
4058
1899
6280
5393
6163
1181
5245
4244
2761
1187
5565
1136
5029
5733
3187
1323
2134
3730
3922
932
1103
3748
1634
1887
769
1893
4223
1213
501
2541
6164
6528
4930
535
4576
5129
2797
5893
2537
2799
2556
4864
852
3180
3271
603
4899
3909
590
680
2975
2932
5596
2678
2820
4933
711
4900
3007
5667
3900
5233
553
3021
380
2900
3113
6696
6793
842
6684
5559
532
3559
5282
3506
4459
6429
1198
6421
1183
1167
6525
1138
3816
4225
6268
5416
4851
2100
6269
7136
4762
2138
3678
7047
1986
3523
1227
3601
4430
3606
1864
143
6223
4999
111
6201
1277
4490
7096
4447
1258
7074
6181
170
175
177
5910
4452
1827
6186
261
5417
4492
5028
7144
6027
1616
3382
4531
300
3844
6340
1627
4175
5996
7150
2348
4169
5948
5944
7156
4745
4829
4538
1632
1879
2180
3420
3826
1518
3747
1054
6291
1505
266
2929
550
6825
2917
4656
5652
3947
4915
6326
4348
660
5000
6322
2843
6275
6397
1322
1511
5009
1743
6267
5666
3942
5660
1391
6238
551
1501
6445
5200
1612
6404
4647
6297
5197
5011
1459
6235
891
669
2664
4496
6056
5845
2184
2185
2188
5861
1053
2204
2228
4936
809
4937
772
2610
4968
4527
6002
2346
4579
4096
4166
5988
4129
2540
2536
6671
4954
2491
4977
4489
4211
6082
2842
672
1894
1896
4918
1898
6471
5067
5162
4623
1276
1272
1971
6162
2738
728
4457
1104
2114
6099
6101
1131
6104
1882
4991
1171
1182
4931
4242
1203
4923
2062
4208
4345
6946
3649
425
3653
6891
3174
5550
7129
5340
5561
3146
3633
3136
3907
5330
5578
476
5589
3099
3097
36
3732
26
3905
3258
3264
3266
3499
3453
7045
5392
258
3552
3553
5425
3573
3578
149
305
5252
3583
3789
3596
3349
3602
5480
5353
341
3866
3280
5594
7146
3482
7163
7155
508
6838
5477
4117
1821
4112
5351
2514
2976
3862
6233
4570
3298
6328
1808
1890
1804
3587
5631
6327
2552
3934
6632
4747
4547
1325
944
3321
2400
2431
1862
2452
6218
5057
2489
117
351
3278
2565
3237
4404
1756
1752
4401
3637
2651
4591
2656
3230
5527
5529
3879
3641
2681
1739
2662
1891
4081
4305
5003
6237
6687
2582
833
2599
3631
1771
1393
2605
2606
2608
1395
5515
512
1775
4869
7168
3305
1895
6536
3798
2113
1221
6084
2123
3818
4996
3820
4997
1237
1238
3557
4207
2155
3412
1233
2170
5397
1206
2025
2040
2043
2024
2022
2057
4241
1127
2068
227
6119
7035
1137
1134
533
2001
6837
2688
4498
171
6995
146
2287
5452
144
4753
4844
5259
4441
1908
304
5108
4436
4750
4536
136
4440
2172
6016
4446
4785
1058
5424
7070
3407
7071
4757
7078
3035
2207
4508
2210
2223
5641
1939
6193
6833
3196
4071
6306
450
5309
1639
658
5590
5164
3718
4916
6871
3179
1457
5675
2926
4031
5300
2850
6296
1503
3738
3658
3908
1510
4642
4919
1515
6856
5224
6759
2793
5332
6285
5668
6815
449
3903
466
6307
3647
662
5568
2955
6255
4646
2840
3096
3677
4522
6483
5290
7151
2360
673
5280
1011
4908
3981
2392
4444
148
1278
1872
6585
6304
6452
2882
4186
2264
6578
2259
4157
3051
4320
5289
4542
309
4173
4855
4630
2844
3127
464
3025
2847
2302
666
152
670
1312
6213
6413
2342
4377
2300
6003
3374
9
2344
5633
3133
3581
5601
7079
642
1047
1935
4850
5399
6862
2945
1208
6100
1123
5412
7046
3517
4768
4347
1524
488
1107
1224
5026
3731
5689
5409
3484
2964
7148
3734
1179
5087
5405
2053
6520
2023
581
1153
5691
2021
2011
7042
3094
1981
1659
2930
1228
5295
5581
2190
46
5635
6048
6451
1514
2199
1043
1502
4449
3575
2221
3577
2888
3829
6492
5083
4204
2131
1229
3540
537
1090
5217
40
3421
2154
1079
6067
174
173
3116
6295
5599
6790
252
931
1722
6449
3172
5514
2591
3630
6692
6270
3261
3873
716
4085
4871
3632
813
812
5283
1784
835
3171
2581
1800
2553
5552
4300
5890
2028
1795
7123
436
847
5887
3273
6400
4866
3270
707
4301
2754
5777
6705
5350
6260
2675
4397
765
4883
6908
398
762
6732
409
3642
3643
2697
2698
1733
2679
