6399
4741
5415
5240
2496
5132
5609
4740
2285
6396
5133
3253
6004
3033
3032
5175
3813
3197
5863
4748
5244
4570
3666
3819
649
2490
5245
1849
6816
3814
346
1455
3254
2282
2493
3585
2774
4197
5861
2494
2508
6811
3180
6008
5148
6953
6956
2597
465
3812
4831
3818
4745
4747
347
4760
1847
5935
6712
5868
5172
3257
3187
3185
5865
5605
341
2529
985
6173
348
5192
5246
4365
2492
5869
467
7080
466
469
2495
4742
2198
5772
6818
3031
5171
3429
3081
948
4516
6172
6170
3193
2497
4686
6718
6671
6792
2498
640
2280
643
2289
5862
5131
641
6462
710
5566
3251
5137
3182
3195
647
4154
6714
3760
3317
6561
2406
926
345
343
1097
921
342
340
1606
5414
7168
6534
5543
981
6171
5608
983
5241
2734
3250
3252
5784
716
4457
7151
7122
6026
3038
2729
6024
5165
3188
5774
7160
1694
3349
6795
5146
5860
3024
28
2611
2491
5818
5864
5029
1565
3583
1543
5247
613
5242
5252
5567
5561
4687
1950
3128
2775
5939
2169
6105
6468
1247
2403
3646
726
6713
2737
462
5041
2163
3223
3766
5416
1883
2210
4746
3089
6255
513
2402
1453
5639
1938
5450
2499
3686
5465
2281
5130
2726
3184
7083
2507
3962
3207
4988
5236
1908
6952
3664
3729
666
721
3567
6175
3051
5076
1257
396
5931
2240
3210
5412
831
5932
5933
722
1244
5235
4537
5787
6813
4689
3219
5660
3649
2720
3961
5215
3235
925
464
3969
4504
3291
3186
1077
3425
6416
5900
5419
1090
2767
6371
2938
6810
335
2167
6607
4673
4684
5852
1233
1578
3255
1252
3667
646
3738
4938
2500
5254
4935
4934
2504
2506
3427
2517
5139
3183
3428
3177
5149
2332
400
6463
603
6433
6418
2568
5310
5155
5282
3297
3296
3763
6126
4830
6370
4726
2944
929
2703
6951
2705
6955
113
3890
3869
7125
7089
5430
6781
3036
4370
3035
278
6995
3034
2608
5564
2658
3489
6814
7
86
4172
5577
4452
660
3350
3659
3661
1528
2288
3259
3517
3142
3468
3469
5601
2199
3355
1776
4789
3258
4420
127
511
3968
3749
6259
4922
5280
6883
4489
6326
5461
2195
1951
440
6329
2702
3521
5662
6791
4980
4985
2706
4424
6364
3172
4510
4407
5661
5135
83
7088
5565
3563
6678
6000
1560
4178
1880
4681
1251
1889
26
724
723
5562
720
277
5170
3039
4579
919
1888
924
7123
1250
3116
5934
344
1548
6698
5702
3515
2283
7149
1538
3555
3652
270
4210
2591
1249
3292
5537
4425
4990
763
4212
5190
4891
6861
7141
2100
729
1253
4431
23
4470
3528
3418
4939
2600
3209
6224
4221
4476
1713
2365
4423
5504
7037
3640
4270
1785
3670
5867
177
996
2728
7065
5584
76
4152
4309
5144
5140
1304
7086
5134
4336
718
2722
110
1884
4421
1841
6166
1808
5004
3215
3298
122
3519
1369
3383
3381
4180
6996
5031
5996
3641
6999
5225
2713
5710
6226
4609
3179
337
3872
5785
5906
3176
1620
3761
3037
2635
5721
3867
5309
5750
463
2565
414
3173
228
3113
5742
4711
3920
930
2197
5424
6694
4513
3170
2236
6323
861
2604
1503
3465
4772
866
1092
2602
6288
1094
877
4487
2670
4550
3467
3137
1456
3181
4808
1643
2599
3817
6819
3564
4730
3674
938
1911
84
6449
6736
3663
6703
6023
5136
5578
5700
4321
2638
1303
1805
1802
7081
3657
1637
2314
1809
4480
1563
6006
2614
1254
2018
737
5524
3056
4675
4674
4645
911
912
4213
4655
1239
5187
5911
4211
4654
2401
2165
6009
338
5707
2855
3579
5366
3348
5367
5728
3461
2765
3087
3642
2766
3643
3299
706
7120
927
5202
2618
5193
1882
4752
6740
2272
6896
5492
5782
3491
3957
6950
5813
1409
4494
6790
2536
5781
4839
6179
2707
5821
4422
2541
4515
5783
5472
543
156
2964
6280
1699
1452
2255
2193
1459
2194
5440
5243
4483
5436
6240
832
4488
6817
6889
6890
1471
5634
2190
5000
1235
6398
3227
3734
6392
229
2062
3629
3030
6989
865
987
1772
5498
2886
4819
1501
873
5008
2731
5321
6991
5417
3405
2398
879
5850
1013
916
878
3529
833
2275
3478
875
3449
5557
5802
2192
2303
941
5858
3424
5560
5520
2336
2187
5854
2284
1200
785
5497
5875
1052
5343
5523
1206
3456
3414
5338
2246
5286
5432
5685
5213
2375
5334
5836
2251
5671
1010
3644
5500
1081
968
5377
5754
5814
2287
5249
823
3473
5723
2362
512
4723
154
4779
6440
6442
6895
4450
6466
2919
6884
2560
4738
4734
6515
6521
6524
1540
3120
2552
1705
3773
2700
6328
479
3178
475
6340
4525
6348
4838
3764
4416
4834
6383
2067
4427
4430
2061
4810
3154
3753
1959
4482
4492
290
1682
6796
1629
1631
3015
2629
2634
1998
1647
6731
6766
2639
6741
6747
3028
3862
3114
3860
3843
4688
2030
6609
349
4683
6621
328
326
3960
2592
2593
3069
4657
4652
306
3836
2609
4599
6990
6343
67
5100
35
3675
5079
4181
3683
4253
5107
5057
490
5027
3222
6129
7082
1799
2109
5045
1881
4228
2773
1237
5183
7167
3647
731
5178
1259
715
7165
713
7156
1273
7154
695
7144
5999
4222
5010
5006
6761
4911
3747
6180
2880
4101
7023
4956
4912
4994
2489
3201
4074
4070
6176
1389
118
4895
6283
1458
3211
7074
1775
1770
4984
1709
4089
4011
3953
4500
4367
3514
1663
4518
1970
1773
4091
4219
4477
4340
4326
4343
1784
1697
4486
1076
4279
4217
4276
1956
4244
3980
1042
1079
4437
4232
4092
3959
4171
4047
1232
3873
5036
3731
5015
5014
2108
2107
4998
5048
2106
4992
2101
1405
4953
3739
4936
4931
1385
1427
1344
5071
1243
5200
1260
5161
5154
5153
5152
5058
5151
3653
5127
3665
1322
1204
3679
2133
5147
4530
4929
1442
