5065
2947
6161
0
5064
1398
2946
664
5522
4161
4164
4206
5525
4012
4082
1
4187
5060
5062
1390
1394
2940
2941
2943
4200
4163
4087
1396
2949
1312
6
6407
5141
1424
2201
4165
4162
176
1599
5
5061
508
3894
662
5069
1429
8
4168
1457
4207
2791
606
1392
5067
1399
1428
171
170
2812
6236
1593
6405
4081
5523
4169
1597
4166
9
1053
1422
1420
4179
5292
4
1796
6402
2249
4184
1423
5104
1391
3892
1671
2206
1596
4160
6165
6162
1426
6865
1886
5068
6974
6973
2793
3295
609
597
1331
2207
4090
6401
2222
1450
1590
5924
2587
2126
1050
3898
2945
6501
4461
5526
5546
1393
607
3853
600
6695
1000
5521
1510
1134
562
6976
1238
5078
4870
6779
6856
6882
6479
502
1339
7034
4315
2530
5529
3312
2203
3004
4208
4915
5145
4971
1594
4399
5295
2229
4077
2209
4120
1701
3648
2302
1570
2794
3859
2796
841
4155
4878
2590
6965
6233
3028
426
4188
5922
423
3850
2686
2129
4417
382
5282
962
963
2828
4676
3851
3845
2942
3854
2823
5265
3671
5262
3
1825
155
4167
106
5626
1395
2
4205
669
3546
1319
1598
2208
6859
6060
965
2237
3364
395
4556
5030
5713
7061
3367
630
3602
6222
2401
2008
216
6724
189
5147
4392
6579
2918
4316
2534
6458
5629
4855
6350
4199
5627
5478
4204
4449
4313
4566
4568
6168
6408
2633
6868
4127
1324
5622
934
2303
5063
1674
2330
4549
3304
5596
3368
1437
6783
6227
2797
472
6777
1451
4450
754
3967
6888
1718
367
2297
3571
2959
1986
6971
5460
3360
1595
232
5273
175
4956
6968
2944
1040
2026
1662
5884
3780
218
172
6509
4959
5291
4248
604
3855
1117
6975
6112
6541
3260
6588
4083
6917
1711
6977
4224
3641
966
4013
4203
4317
6587
5303
1610
5468
6820
350
4046
404
7137
2795
601
6672
1592
4078
2792
3981
4156
2808
7130
4293
5514
5433
6473
6619
6460
1645
4314
6492
4182
2417
6397
1666
2127
1055
4790
2200
2204
2205
3837
1425
3132
6078
2234
4677
2259
969
3112
967
2101
961
3778
5960
5122
5208
5663
5066
1397
1869
5033
151
5788
1990
1153
3693
3698
1131
1126
4863
1101
4852
960
4840
3566
840
846
2449
6857
6863
5550
3896
6293
4434
802
6365
1433
3858
6160
4465
6232
1907
5768
4990
2788
5747
4460
4942
4462
2631
5438
1417
6310
2050
4958
5257
6516
1884
5196
6394
2814
5206
6637
1330
1814
5653
1587
6631
5209
4334
5665
1551
2613
4319
1127
741
738
6307
5920
1125
4846
1044
1421
2202
6484
6228
2671
5613
4240
4679
4247
4678
2409
2672
4547
6504
5527
5976
1639
6301
4851
4877
4876
4183
4875
4658
5474
1418
1675
5470
4859
1100
4310
6573
4191
4307
4468
4201
4202
569
5616
6355
239
2874
7100
68
7076
2825
3015
3138
3949
3816
95
214
3005
212
337
2900
2905
2908
6980
7031
3207
179
6786
3636
407
3692
3677
6771
3986
3002
6701
92
3647
3388
6887
6904
3098
4115
6913
6920
6840
3114
2468
3208
4304
5764
1118
5763
6213
665
667
3757
4308
2405
1106
4858
5949
5762
4481
1933
173
1143
6788
3868
5800
381
4970
5833
2679
1172
1995
4275
2439
1152
3863
783
3172
6490
5876
856
4991
2997
6839
6452
2216
2225
2277
4696
6403
2228
4379
6382
6122
3025
3841
6395
6392
4690
3852
2585
6927
3116
6400
3133
6941
6417
6212
6450
4850
6889
4564
2630
6896
5978
4418
3164
6018
3149
2533
6128
5756
4414
2178
3948
2293
211
3961
6495
3363
1669
6548
4085
6624
131
5666
1829
3609
1754
3417
1311
2894
3433
4194
3289
5153
4190
5278
5280
3629
2922
6578
4089
564
4186
1469
3507
1906
2948
1574
7079
1898
534
3996
1896
2893
7073
6703
5570
2819
1848
392
3645
5708
4086
5552
5039
595
5421
5704
4170
3533
5551
2235
6915
7103
3570
6916
3561
6079
964
3843
7125
7128
3370
5272
6922
6919
6918
6932
1248
2278
3460
874
6226
7164
1581
2437
848
843
3084
2440
6239
4490
2464
1557
6285
3458
6294
5317
5285
1613
6211
3519
4646
6911
34
2299
6910
6905
1430
920
6903
6898
3423
1495
2370
4555
3427
6210
5456
5479
3817
3352
808
5871
165
3278
5676
2024
1146
3285
1138
2043
3214
1129
1310
1122
183
2000
5850
7021
3691
1240
1234
5761
1890
5028
5006
5005
5654
4997
5738
1934
4996
5038
4965
5836
1277
1932
7091
185
186
2141
97
4795
7055
4791
1388
7066
2170
2173
5576
5238
1688
235
6059
1416
215
4847
1760
1083
4872
1113
1811
3189
1810
3183
7032
1325
3763
5953
1333
5114
3294
5142
7047
104
7035
6296
2826
6595
397
6634
700
6425
4019
6613
2537
2658
2912
6481
6639
6772
2500
2956
6716
6488
4398
4235
6847
363
668
3960
2625
6438
3962
4430
6622
4010
4433
319
2637
4311
2799
3963
2870
4192
3899
470
2991
3999
3895
694
2696
4261
2972
2815
4336
801
4356
552
2772
2973
608
383
2694
3066
627
6606
6317
4384
626
4839
5983
697
6594
6593
1320
5620
5618
4193
4835
2131
5095
7028
1318
551
5992
2227
1381
4695
3782
2176
4804
1792
2614
4751
1793
3623
2183
2904
4730
4321
7039
2111
3303
5121
3290
6581
425
6052
5150
6428
6735
4803
5151
3150
555
3784
2897
4017
4331
6585
1751
2628
4946
387
2004
6494
605
6778
6776
1157
4917
1255
1894
1893
3695
2023
4940
389
2675
3681
1209
1949
4995
1213
2689
2697
2961
5000
4973
5809
5007
6987
1912
5752
5769
3956
5879
2954
4219
6467
4865
2589
7022
585
3964
6806
6746
6961
5660
5658
2106
691
2094
6483
4871
3968
174
1885
7012
2031
3218
3643
2648
1880
396
6478
3210
4238
4302
1278
1130
2638
1945
