5062
1590
1596
1597
1599
1593
6407
5061
1594
1595
664
5292
5068
3892
0
1457
4161
2206
8
1425
606
6403
1598
4468
6402
5060
5065
4165
4203
5067
6165
562
4082
1422
1592
1423
1055
5522
1421
1000
1429
4162
6160
4200
2943
4207
6401
2201
3894
1420
3004
6162
4164
5064
1671
7028
7023
6161
3002
7021
626
4460
1398
4163
4156
7027
5627
4465
4461
1234
176
5069
4168
1867
6695
6236
6408
3898
4206
1426
4464
4466
5629
6285
5622
4469
1386
5626
4169
608
5145
3289
4179
669
4208
6854
4249
667
4012
170
179
2440
5525
175
1
668
4184
6
4187
6405
171
609
4672
738
665
5066
4308
9
6415
2590
5621
2946
5871
1393
6239
2249
6569
3285
1424
2947
3897
508
5832
3379
6400
4120
4121
173
2405
1392
4078
7158
7010
7020
7012
6495
2209
6859
5478
5618
4954
382
6865
4959
5834
4462
4433
4841
1238
2963
3895
620
3691
6151
3360
6291
1040
1884
1428
7029
2671
1394
3398
887
1427
2205
6235
3896
4166
856
4463
5833
6417
387
6212
7130
4889
1399
2200
3891
1459
174
4087
5620
5295
7009
1516
6233
1410
6168
5291
2068
1390
2409
6227
6234
3745
5836
6424
2870
2547
2874
662
2548
4547
6005
5596
569
567
2297
2600
2944
520
5558
4676
6059
1146
6091
1573
4305
5523
2230
2198
2394
1907
155
5100
7150
5179
3256
3551
177
7026
1078
2060
2544
2203
5965
2844
3507
5392
2792
5983
1863
5293
7022
3504
6238
4670
3149
5506
841
1869
131
4434
204
151
524
2106
4049
2918
2949
2101
4804
6477
4057
4786
3313
6428
5660
1572
3981
6420
4113
2188
1469
1053
2846
6860
5122
6863
528
4304
6169
5526
2264
900
4090
4958
2661
6554
7018
5194
880
6783
3606
1016
1418
5572
2546
5994
1591
3283
6035
4459
5459
1450
2550
1821
3893
2602
2604
4846
4944
3899
2972
2681
3111
6310
5474
5055
1673
2069
6237
3561
1860
4307
4334
6856
622
3007
2694
4568
4247
3005
2252
525
5602
5546
2875
3402
4318
2996
2509
3505
1648
2077
4083
5547
552
2182
5028
1861
2065
5446
4302
460
4155
2066
6619
2072
4540
5169
4133
2338
4391
1079
4059
6998
4097
5574
2513
7155
4572
1981
1574
4300
5570
1982
628
5708
624
1989
3552
1123
2185
2805
6243
6491
5971
3191
2004
2126
5704
1880
802
6232
5837
4553
6494
5147
1209
7163
1096
3158
1312
2587
1396
6941
3477
4840
2104
4946
1176
3367
5518
1857
6254
5762
4013
3397
2794
4392
568
3842
2558
222
6344
6478
2808
2502
4174
3609
5764
2961
561
4317
389
386
3623
1825
4084
1263
5556
529
6976
6505
2347
4063
5554
6479
4070
6481
5141
4081
178
1268
559
4566
1342
3399
4785
3407
1017
7017
2686
7019
3608
106
1827
1310
4356
2235
5576
6230
5496
874
6004
4209
826
1395
2724
1379
2696
4240
6176
3368
3617
6294
2788
754
3392
5654
1059
2173
4108
4743
1052
4999
1330
3312
7004
2267
4310
144
4127
2665
3388
701
2551
5521
6324
4167
2797
6307
5005
2789
1464
1465
954
3999
6757
526
483
4849
1987
380
2085
3872
6906
3678
2999
6903
1193
1662
4517
5044
2081
6625
1963
5164
2002
3675
6882
1943
2464
1579
2067
300
1134
3182
5257
4549
6959
4041
6921
6807
2050
5738
5744
6971
5893
3502
2100
5282
3853
5848
2481
7036
3680
2543
5278
3365
5280
109
7137
840
1391
5603
6365
3607
6784
4882
5160
5646
661
3287
663
2540
2294
1131
3144
2573
5600
5104
1411
3910
3174
4126
3280
1419
3092
4650
1175
2444
2443
6322
6293
1171
2245
4705
378
2554
7014
4205
4204
4355
3600
1828
5271
2449
2448
4677
4210
4952
3868
6657
704
705
6007
1152
708
709
5007
1610
3314
3648
3882
3406
6002
2809
4219
2204
381
825
4556
2697
6797
906
5664
4313
6070
2876
1522
4995
3757
2873
6050
2601
3198
615
1743
4053
4394
5713
2127
6553
1550
1984
6093
4967
4848
4799
2390
4069
4843
967
1851
6103
5360
6045
5872
2268
957
5663
1570
1856
1931
4945
6024
2940
4608
6163
1476
3187
5581
3186
1677
1586
5
870
3566
4046
3976
162
4316
6927
4781
3973
882
2346
7079
6419
521
4319
2627
4943
4615
1804
6080
4201
5806
1878
3233
803
2633
1412
1798
6062
5553
4311
3688
5273
4189
3816
1675
5560
6008
2678
1684
5250
3559
2291
3366
4502
306
1219
3178
854
4467
4897
2693
3181
7113
5608
5040
6917
1820
2669
1855
5051
1824
2026
1810
6219
1986
4633
5238
3712
6847
5262
3214
907
6209
4224
6933
6034
3404
971
2222
6250
3297
1069
2871
6618
1120
165
4996
621
2333
4389
4388
3986
2170
445
6962
1578
1125
3035
2180
1581
1641
2075
1127
1585
4997
3301
5109
1129
3288
205
5953
196
2399
3001
6974
5678
5391
4045
4986
2488
4812
4807
5908
3671
4805
5676
2500
1248
500
2349
4844
6613
4398
2994
2991
4429
4010
6958
4792
1551
2905
5670
4015
2966
1113
1552
7003
4112
2370
2812
5735
383
6284
1154
6339
4603
3641
4602
363
2207
6296
1613
123
2555
2446
2791
2377
4679
375
3861
7156
2447
5476
1451
6357
2823
6793
4956
5963
6716
5458
5102
1638
5285
7024
7007
2375
1466
5972
3817
5286
3522
3845
3912
4604
143
4154
5561
4522
5743
2497
5769
7160
1106
2486
4554
6000
2441
2383
4335
1029
2342
1050
6018
4580
3455
4379
2460
1126
4439
3516
4543
2473
4340
4505
5856
4399
2584
3546
2526
5823
5822
1172
1213
7123
1195
1859
1241
1118
4512
4426
5919
1826
6931
720
1351
1916
4803
2911
555
6492
2920
4842
1749
189
4040
2103
6544
6548
4039
4038
2102
6556
4017
1941
1914
2909
1511
2894
4118
6414
2862
4767
4768
2866
4783
625
