5107
5144
158
156
563
3344
1906
6418
3342
159
153
2409
3343
5146
1088
2403
5102
6410
3341
2576
4047
4481
566
569
6015
5149
1081
1086
5797
903
1239
1902
3349
1089
5504
4518
2578
1900
4337
6012
4090
4955
155
2402
6166
1884
5630
4204
6325
2404
6019
4011
1882
5370
6416
6419
4655
4706
106
940
1158
1083
5148
562
5
5295
6329
2687
1788
3865
6412
1909
3175
3176
5346
627
194
5347
6016
1253
5101
3370
3134
150
151
1905
5022
6851
5191
4346
605
3348
1082
4158
561
4153
175
4256
5972
5342
6323
1234
394
7128
5986
7100
1453
1883
604
2824
5645
5362
1904
5179
3506
4394
6018
5294
1880
3629
5024
661
901
3966
4195
7064
3135
2859
3759
101
5827
2103
1427
2713
3107
6510
2572
157
3584
3347
4956
1908
4934
5291
5339
4016
5831
3756
3754
3752
4041
6861
6072
6013
1237
192
1202
5073
3378
336
5154
3447
4835
6232
5975
4651
5349
906
4623
5371
4510
3263
595
4424
989
4208
1073
3345
6169
5784
3946
1385
3758
6406
3507
2203
152
2224
7087
1936
1885
1941
2408
2245
5803
2242
5341
1622
2244
5297
5344
507
5665
2969
682
3753
6782
5610
1626
5195
6121
6125
2181
333
4315
6140
548
1807
4452
603
610
5376
3564
905
7023
3137
1032
2835
136
6642
6641
3992
755
5830
5742
5105
5190
750
4957
2751
2631
7125
6536
2052
6149
6160
57
1783
1038
543
6891
1043
1047
6049
1951
1950
4096
3487
312
3139
4244
6122
5074
2438
565
2439
4407
2434
6111
2065
3292
3319
3379
356
3299
6934
2273
1030
195
6141
5821
2227
4463
3097
5837
1087
5734
876
2405
4205
2395
2756
2339
6420
1923
4836
5712
2889
4892
2579
4929
487
1084
5337
6010
7123
4654
1070
1901
6808
5340
7122
5345
6319
5614
1013
1231
3939
5749
491
6884
1700
3755
6876
5793
4253
4018
4151
5836
5967
1099
6017
2266
2246
2428
1034
3486
5730
546
2239
362
5982
4019
2365
5659
3816
1714
4131
5078
6142
1944
1624
1623
6599
2515
2686
6369
5010
2712
1810
5298
3018
3119
6120
4755
2973
5284
6519
4833
2952
1932
2925
2783
1503
176
819
7068
6272
2850
4476
5106
6888
5439
1370
154
191
6134
6133
3310
609
3297
3298
2495
1983
5057
3267
1959
5041
4421
3178
6168
5157
4922
5794
5795
5736
7161
1889
5740
751
6902
3982
5147
5143
5113
5042
4098
4014
5773
1910
4017
2101
4134
984
982
4428
4292
5508
4477
4528
4291
1970
908
5562
4249
2240
1949
5611
38
5331
1077
4680
641
5320
5305
5296
2254
4786
1098
4145
832
4894
816
4736
2269
2516
6788
199
6531
6501
5947
3509
3526
6873
3314
2682
1235
6144
6646
1480
6145
2930
3750
3583
3369
2744
2589
6820
2419
3130
364
1702
1709
3376
6388
2654
193
2750
3082
2453
3857
2857
3100
6364
1194
334
2429
3829
272
2067
6147
1930
2852
4353
2129
6127
5407
5410
2827
4389
4470
6511
2091
1352
817
1927
3296
2588
978
695
5456
5254
1507
6648
1625
3110
6650
6330
3089
4760
1441
4738
5316
883
1620
4707
653
4724
1938
3034
6296
4482
853
4826
1719
5222
1867
6161
5228
2024
607
836
5261
5377
3278
1393
1629
6722
1958
1957
2514
4818
2437
3960
2400
1706
1230
5043
5129
4150
6870
5963
3764
4154
1093
5134
5974
1731
2683
2248
6918
2362
6604
6607
1707
3930
2650
3908
3875
6609
2617
2670
3823
3862
470
5838
197
4032
3836
6905
1200
3861
2685
5155
2703
6537
1048
775
3502
1031
363
3475
5560
1325
3446
7101
554
6102
3031
5479
5476
1907
4254
3508
1670
6047
4246
2739
4207
3626
5622
5006
2420
3692
4959
2863
2904
772
5054
2518
1491
1494
748
2647
2754
2534
3012
1935
4991
864
4930
4783
1888
5071
4923
2745
4815
2800
4948
4504
4730
2247
2417
3696
4197
2243
3693
1257
1737
3610
3582
3527
2423
1326
4296
4314
2433
1279
2414
1249
1730
3948
2302
1155
3904
2618
4013
3874
2268
4023
4066
3827
3815
1224
4135
4136
4138
2264
2226
2435
4349
1348
2491
1792
3270
900
3174
1802
3172
1426
3109
3102
894
1443
4686
4687
885
4689
1455
4618
3017
2469
4579
4395
995
2463
2468
4426
4458
4472
3291
2060
948
1376
1377
932
2032
1782
1381
3279
1384
2628
1866
5717
373
6945
5308
6875
6162
5170
6163
5707
5719
476
6037
5451
6855
5743
6705
6495
5367
6981
5703
5700
6885
6400
5472
350
568
5197
6414
5245
503
6926
5669
519
6936
693
6083
6138
5330
6165
6629
464
6838
6608
6518
5127
7098
601
659
5813
5394
5120
6592
7126
5103
6582
6739
5845
211
5812
606
6803
5307
716
6024
6020
392
719
6735
5788
6321
5931
256
6265
1429
3037
3088
6309
540
5475
4312
6302
3032
4333
3045
3138
558
5088
4384
2737
4495
2743
212
950
6516
4473
1540
2757
4467
4460
2801
2807
5450
4359
971
4427
1509
6468
981
2858
6466
6440
6223
4417
240
992
2947
4406
2963
6474
1041
308
3179
6014
4012
5772
1142
6025
3647
3709
5741
3615
1273
375
4130
486
3529
6034
3710
410
1233
5839
5847
3824
3900
3903
3820
1206
3927
3807
3779
3935
5814
3945
5925
5948
1295
6219
1112
366
1380
4231
4239
4243
5583
4245
4498
6196
3271
533
295
3189
3184
3181
1389
313
6143
5619
3449
499
1097
3441
4167
3413
352
1343
337
331
4169
330
3315
6131
6132
1308
2717
1189
6977
6968
5141
4990
2474
655
2492
6969
4714
4711
4996
1787
6974
6770
4700
6983
5309
2511
1627
5317
6994
6702
1955
6663
2517
1952
6996
6922
6955
4950
2095
6925
5194
2260
6932
6894
2270
2281
67
2295
4868
694
1712
4860
2309
102
1705
2330
4831
2171
