6415
1421
8
5292
4163
4013
3816
1393
5622
5179
2405
3004
5629
5626
144
4200
4249
6495
6413
5627
6695
5623
4460
5388
7027
5135
4465
4462
1867
6479
2673
6236
2509
2678
4467
1000
2972
2500
2512
4012
5291
1596
7123
6232
3379
1599
1425
4179
4330
6726
4007
606
7028
4014
1427
5295
6417
1237
5130
6161
5853
1593
3035
620
2499
4468
1884
4927
3502
5140
2494
4015
2274
4687
4466
2502
5062
4017
6419
5562
5561
1422
4481
3892
496
5251
1594
4121
4928
7020
2779
1080
6797
3135
4941
3031
6607
1234
5705
6407
622
6634
5867
627
4469
1386
4018
2492
5411
4795
5479
7029
5297
3297
2409
5065
7050
2200
2395
5618
5620
3841
3509
3030
4158
1982
7122
5931
6403
4464
6319
1941
1239
6160
1880
5296
3507
2529
2978
5563
2715
5066
6640
179
6468
3949
1590
6410
3005
2394
4150
2511
4743
3037
188
5334
6411
569
7023
2773
1861
664
5497
4172
4207
1429
6643
4236
5021
5476
3398
2724
5102
3608
5068
1986
626
7024
2574
5272
4337
1395
2575
6654
2726
6175
5868
294
4463
4827
2296
4709
6092
6365
5860
3376
4665
2273
2206
6624
5061
4205
1866
6656
4461
660
661
2675
5067
6792
1597
2729
2774
4156
5335
2930
5293
5131
5133
1398
4011
5
1885
5567
4680
2589
2039
6630
3517
2060
2066
5664
141
4323
965
3566
2579
2587
182
3504
495
2099
2942
3220
6062
5134
5298
5299
340
2787
4704
2784
5105
345
491
5023
5557
4825
2667
3137
359
5847
3196
5474
2996
3207
3002
469
2431
2430
322
5621
5149
2201
2172
6887
1591
6402
6405
6625
1595
2170
6462
6819
6811
2068
1505
185
175
1837
4401
4389
6650
6590
1881
4359
6602
6605
1987
646
4253
4168
235
6865
6622
4016
6237
3941
3370
1040
3371
3
6983
1465
2287
7052
3381
3392
239
1
6971
4566
5147
5518
6629
1397
4204
1914
2911
1392
1906
5145
6647
5146
3661
6690
1900
7087
2862
1504
4170
3819
5330
5361
1516
4157
1469
5392
4160
5294
6841
6820
1455
2943
1598
6795
6784
2720
1426
5492
5064
1671
3290
3981
1078
2519
5784
6492
4438
4668
2127
4924
6414
3136
6392
2204
2913
2540
6258
3417
5881
4493
5915
2433
4718
5937
2421
6165
4650
4705
2390
4655
5873
2541
2102
4275
149
5704
5708
6553
4991
4335
6614
4791
4255
3894
774
4570
4760
5148
4635
4731
3294
771
4715
4090
494
4333
5137
5139
3983
2974
3237
4569
4956
4122
3812
4957
4429
4169
2944
3508
4990
5101
472
3810
4177
4189
3817
4869
4402
3685
5055
5043
4369
4366
3154
4127
4431
785
3561
3977
6351
2007
5791
2517
5760
171
1688
1675
5739
6190
5732
6199
963
6618
346
5665
6842
176
6599
2067
6391
5826
2399
2400
5963
146
5938
1975
284
2424
6631
6632
6611
2428
1908
2495
1988
5877
2504
6601
244
6823
2603
2783
1451
2915
1054
7013
1424
5286
2797
178
5282
5265
5262
5259
23
6283
6285
6286
2207
909
5458
2728
940
6969
1490
6973
2671
5519
6233
5495
2644
5470
5558
6529
1503
6528
2065
4407
605
2083
783
3596
6593
628
1989
613
2006
6567
2147
6446
3514
6597
1090
6472
779
1980
5172
640
6863
1592
1565
1522
4155
6964
1502
3868
77
6978
3910
3917
7010
3952
7079
1391
1385
1213
4088
140
3815
6790
648
1888
6644
6646
6649
4203
3681
6712
3813
4193
666
3726
6743
669
1784
3793
1722
6776
665
1832
0
5864
3092
2967
3257
6065
2721
961
5823
4686
3132
3240
3239
2408
5936
5660
2968
3219
5933
5833
2666
2434
2438
5042
2448
5911
4821
948
4823
5565
5595
2205
3287
6103
2909
234
237
4978
2570
2821
1053
3387
2283
6229
6215
6100
2917
1047
5364
2346
4925
6149
6162
404
5406
2792
493
2786
566
5121
3039
4595
3018
2599
3013
962
3872
3854
3860
2710
966
2717
2725
1464
1457
2788
1402
1200
2815
2867
1310
3851
2561
2171
3032
2391
3265
3556
2024
1041
3551
3312
2030
2396
3342
2321
2297
3391
3413
3505
2085
2087
3500
2037
1097
3253
3599
1728
1739
2548
974
3781
2507
3106
3701
1833
1864
1127
1879
770
3215
3618
1909
1943
1973
1028
2560
3501
1233
4019
4700
186
187
201
6401
6381
4672
4820
6315
4826
4828
6312
6288
6239
6327
6569
6604
6606
4490
4492
6639
4495
6638
4563
130
4576
4591
6621
143
6613
562
6610
6609
6230
6641
6176
4932
431
5749
5742
5721
5385
5403
5761
5410
5608
5556
5473
5521
5493
5512
5628
5765
5250
5803
266
6072
6068
5994
5943
499
289
290
5918
5907
5902
5897
5866
313
5806
6173
6642
5511
4433
6722
86
6869
4334
7086
4139
7055
7054
4312
6858
76
4151
7018
4152
7026
4159
7021
4132
6894
6783
7162
6658
111
4184
616
6974
6898
6972
6653
6655
2
7150
7004
6645
6966
2497
5935
5903
2432
2484
2461
5932
7005
5919
2429
2435
1460
7009
292
5786
5900
7163
1241
378
2655
1262
2591
7160
957
1319
7130
7126
2498
960
5740
2569
3978
7060
2527
2526
2523
2415
5797
5800
7053
5728
2404
1171
6033
2063
6546
2676
1723
6769
6594
6598
6767
1800
151
1834
6659
173
145
6657
6628
1919
6652
1913
6651
1912
1910
6636
1882
114
1901
6619
1082
181
1686
6043
2397
6095
1887
1038
1529
2338
2298
6883
2280
2277
6280
6864
6859
1617
1633
2176
1645
204
6416
1677
6477
2096
6478
6491
6494
1679
1491
6551
5743
5494
4496
4560
3378
3344
4598
3314
4645
4661
4663
3284
825
3254
4703
3238
4797
4817
3155
3152
4822
3133
4879
3093
3087
3079
4954
503
3009
5000
497
3416
5024
4484
618
4069
3911
4080
4126
4142
3852
4161
4166
4173
3795
4178
3789
3782
4194
3682
4199
4208
