1827
2036
1821
1828
4781
6096
2290
4788
6099
6421
4785
4031
1824
1822
6424
2294
1820
4783
3914
742
3919
1268
1263
2293
4797
7053
6774
1826
6422
6097
2961
6425
4949
3852
1697
4660
4391
3680
6339
1264
4032
2291
2963
1497
6094
4399
1823
3916
1494
1780
121
1829
1554
3670
3675
5587
6429
1787
3677
3407
6090
4796
2962
6787
3234
3695
4397
6773
6775
4786
5617
6420
7155
113
6793
4517
2916
5945
4999
5558
2295
2966
3676
51
3239
5957
3917
4392
2485
5486
5582
4948
4787
4995
2375
2091
120
2653
6091
1825
4041
3912
4944
1552
5588
281
2297
58
251
3688
4993
2022
4731
1782
2461
4930
4947
2038
1781
6423
3614
2813
2513
1262
5926
2020
3243
5050
3918
2363
7157
1187
5981
4511
6379
2903
6285
6292
1365
4996
4513
2832
5838
747
3486
4943
3671
5003
6956
6225
2029
3686
944
1573
3233
1074
2252
2547
5921
4464
2243
2359
5240
5186
510
2031
4037
3012
1637
5280
3061
5405
6563
6217
1267
2557
4204
1070
6467
2247
3674
3910
3406
4998
2526
5304
2795
2378
3194
1492
2064
6428
1693
5743
2914
6172
3679
5607
5123
3405
1638
3402
260
223
4672
6221
368
7144
3605
475
3691
2115
2605
5738
240
2173
4662
1771
4743
1625
5286
839
3667
2026
4227
3678
2797
1622
567
5326
4071
1606
4586
3231
857
3237
123
4043
5831
1266
1394
4628
5684
2299
4390
1261
4356
3408
4388
651
1174
3567
6192
3693
1042
1436
6465
5603
2796
4983
4665
1176
4716
4266
54
1560
52
5534
6280
4985
6295
1844
1382
4769
2072
1106
4639
2071
4945
1366
4129
6739
6805
6029
5033
4051
5271
6021
2352
3063
3248
588
989
5393
4936
4937
6790
5009
7158
3117
152
2872
2873
3238
618
3645
4593
4832
3245
26
5000
3199
1172
6093
1367
2076
5048
3915
3673
1624
3244
53
7165
6338
1690
5910
2790
5672
1627
533
1332
1173
2156
4433
4956
6185
3404
4177
6199
5729
2912
2242
6218
5758
2179
7150
7156
4052
7159
6234
2161
4048
1673
2835
632
875
4939
3071
3255
3110
6309
1629
1342
2370
2577
1579
4421
6529
6533
6534
6777
833
2355
2304
5285
6771
5529
7168
4994
6699
280
2025
2575
276
2024
2565
2556
4997
6695
4425
6959
2500
4642
2508
4621
6505
4988
172
6869
2073
6888
2292
2377
2081
4429
5596
2079
332
4578
4747
4419
4146
6862
5308
4008
3299
484
3642
2027
133
6078
7152
6693
737
233
129
7140
5755
3876
2023
1522
204
6743
3171
3166
5289
521
6800
5835
1504
5360
5832
6785
4403
4598
5988
5008
5844
2354
4858
4405
5281
2220
6758
1512
1677
2467
3648
5329
5412
4080
3911
94
1182
4320
2335
5505
6220
3582
4991
6232
628
2660
6238
4038
1899
5306
5751
6333
7012
5066
50
5677
6528
1916
4428
6523
6490
4740
5211
1911
2298
2296
6349
5160
5242
2245
4176
2004
5212
4286
5074
4217
256
5073
1992
3596
7042
2876
262
1985
6647
4426
3240
5593
5481
623
4799
3589
1621
391
4982
5641
3475
4893
5156
3471
1493
3773
1623
4984
3250
577
5250
731
1534
5004
3608
735
5005
3641
622
3913
3999
5585
1551
5205
3971
5532
5535
1510
5830
1509
5538
1631
4986
3664
5246
1537
2198
1846
118
2663
4181
4808
2358
2353
1875
196
2351
6951
466
2926
6953
4402
6500
2112
6976
1265
4778
4192
6178
4779
2393
2815
6335
2827
6811
4404
1845
999
4791
6856
1287
6704
143
6866
4615
2850
427
4792
379
6497
6562
4561
526
6469
3241
7108
1072
2552
1154
2649
4398
5976
4073
4072
3195
7
2217
7167
265
6779
6756
283
1955
4427
231
2334
7007
3013
2489
2769
2685
286
993
6681
4119
991
7052
2688
56
7037
2470
5402
5406
5409
1517
226
5413
3607
1996
1076
3609
3612
6675
3613
2505
2475
6688
5425
4355
225
743
4030
745
6735
4631
2021
3650
4866
195
5243
2342
2338
3728
3947
1385
1136
2145
5214
55
7059
2152
2154
1179
1175
2240
15
3830
7160
1171
859
6979
5399
6957
1124
6784
3657
2459
1362
6795
2453
2435
5353
2066
6817
6820
3672
1543
2078
4592
5307
2366
4580
5292
1195
3681
5042
255
2569
1548
3116
6260
1991
630
4057
4853
4199
6278
634
393
4855
4210
1863
3468
1869
4979
5804
3472
6427
515
4185
448
6148
3006
4946
998
958
6052
3306
6070
6010
3345
5979
6086
4050
990
4173
952
6111
2913
1801
3396
2896
4055
4981
3190
1691
1921
6457
6553
5528
5841
1260
1935
6560
6567
2647
1561
2626
5956
3213
2611
1243
3228
269
4277
5478
1982
3193
571
995
1351
1596
6476
1599
1919
939
2707
6487
1589
6470
572
5581
1912
4987
1913
665
1915
1917
4851
1151
4462
3929
1147
4933
4941
4446
1146
4854
4070
986
1138
5081
1134
4117
4581
997
5031
4220
4757
4749
4748
4641
4215
4723
4990
4354
4270
4659
4667
1242
5006
5055
946
4406
1129
4566
4423
5044
4571
1192
4780
1120
4188
4191
1199
4588
4409
4966
4576
5163
5836
5166
6373
2799
1867
2789
2719
6482
2694
322
6536
6540
6541
311
2677
1927
1928
2629
6580
2596
2583
282
6616
268
266
1850
6317
6315
6291
5944
3230
5969
5974
3178
3176
525
520
5984
3065
3019
1987
6030
1770
6055
3002
6087
6116
2874
1815
3897
445
6176
2834
1762
6670
2514
2506
111
6939
6955
6974
86
2323
7019
2139
71
7043
7054
2361
2157
2246
7095
7107
2170
2244
2172
2241
18
7154
2202
1
2248
5898
6909
6903
6682
6687
6694
224
6722
6727
6730
6738
6745
6757
2040
6906
2454
2050
2394
2075
153
2077
6845
144
2379
6861
2374
2364
6798
1696
1816
1162
1473
5257
1593
5253
5241
1465
1464
5221
3761
1602
3473
3765
