6422
1820
6774
2963
6420
4391
4783
6424
129
120
4786
6425
6429
4392
121
4396
2295
1263
3695
4038
4787
1824
4785
1826
3680
742
2027
4390
3691
4398
6339
4788
4394
3693
4032
2966
747
4031
1697
3914
5957
126
6421
6091
3607
1828
6423
1268
3676
5738
4399
4948
5731
2714
2031
2145
2872
4037
1822
5050
4660
2640
3688
1821
2719
123
3675
3686
4030
6333
4397
1829
3012
4781
2461
2020
6021
5586
7095
3910
6957
740
2647
748
5958
1693
1492
1182
5486
2961
1205
5329
753
1638
2973
2718
475
2030
2515
4943
2091
4949
1827
533
4946
3454
6277
1869
813
3778
7109
1209
2023
3698
2290
1612
5073
3682
4957
5195
1696
758
2067
1147
2029
1760
5106
1729
2572
4632
4412
1619
3697
1573
1493
3677
2656
5326
3670
2650
1495
3919
3927
4428
4426
4185
2213
2897
932
3674
989
6217
190
4971
2032
133
2021
5844
3589
3016
7140
6352
1780
5191
2026
5316
559
4389
4944
2713
2334
3861
6335
6770
5396
2022
974
6223
6771
5847
6292
2046
5951
6694
5742
857
755
1618
814
4201
2470
4212
5199
2409
2514
1575
2688
2377
1225
127
128
4439
334
1204
301
6118
1224
3681
3679
4835
6864
2059
3546
5054
2657
3659
2684
4040
5680
4987
2611
6111
3259
2385
6050
1303
1366
4346
4985
6110
6382
2744
4395
6367
4051
2226
6388
6748
1526
1342
4738
3310
135
1199
6274
3233
6338
756
746
1045
6276
4984
6354
1944
6796
603
608
113
7154
5535
2649
4838
5038
5376
2646
6337
3459
993
562
6519
2850
4433
4430
954
2447
2210
4421
4181
2223
2239
5097
731
3899
4356
6207
4311
877
175
971
4435
3671
2520
3929
1307
5249
2506
6842
4082
4648
5166
4566
978
5104
1716
5271
5186
404
5120
5674
1306
1637
1321
5679
1228
5082
1181
1322
1698
1494
6739
5394
1754
1203
1685
1262
1853
816
3947
3964
2654
752
2610
6961
745
6169
6128
812
2513
2505
2485
1792
4055
7022
6220
3673
3228
3336
3191
630
3116
651
665
3542
3567
3017
3609
2979
2977
3652
6271
6099
900
1364
4716
4799
1047
2102
4612
5861
4564
4553
5859
1902
6885
952
6891
4858
1106
5697
5737
4947
316
698
6265
1162
1309
5735
6331
1129
5792
717
1085
1041
6028
1206
872
6493
852
5999
6112
6481
818
1222
1236
5532
6506
946
956
759
1269
983
1273
5616
1301
1223
1039
6218
5694
1632
1365
2644
4010
2598
142
2565
2481
2478
4254
2393
2379
2361
4393
4404
4423
4429
2187
2173
4503
2057
6840
4743
122
2653
3967
2703
3315
3405
7156
3463
3475
3481
3501
3549
3021
3669
280
2912
2887
3766
3772
2789
2781
86
7048
3897
3912
7031
3687
4893
4402
6373
5069
5190
1571
1556
1825
5343
311
4969
400
306
1646
4988
4986
5100
1707
6772
4942
1690
5045
5194
6756
2798
1267
3833
1220
1633
1683
3996
3840
1610
5145
1630
2638
3863
3896
1229
3838
2882
2873
3314
1367
3343
1351
624
3415
3416
1368
633
5398
3100
3468
1470
5372
3510
661
3539
3540
6278
3038
5283
6273
1548
6263
1572
5197
4050
1880
791
5975
970
1157
4558
979
2101
4623
2054
2036
5736
4732
4769
4945
1933
1917
5856
1916
5846
1913
5842
4855
4856
5804
1885
4865
5977
1823
4438
5712
4089
2521
2479
5030
2476
2444
4223
4226
1745
1187
2366
4294
6148
2338
6054
4317
6029
2293
4345
906
1783
2256
1360
939
4405
1802
2335
4095
0
312
6395
6787
6784
288
6979
14
46
6936
6934
94
6806
568
6703
195
54
4119
4101
6562
943
2517
4278
2312
6953
4071
4052
6955
1058
2499
6510
2482
4325
5922
5945
4189
999
4183
6930
2316
6932
6538
981
4041
968
2474
192
2333
6933
3267
2608
843
2737
2780
2790
3812
6121
3787
6090
2826
3779
797
2881
3692
3690
6166
3689
2827
850
7006
2694
196
6966
136
6500
6035
2627
3999
2652
2659
3971
874
6059
2681
3945
108
2685
6992
2605
5850
5806
4384
5092
1290
1689
1695
347
1714
5049
1302
5031
5645
333
1764
6782
4976
1787
1791
5641
6648
379
5192
5460
5437
5500
1462
1464
5358
5338
5529
5531
394
5538
5263
5260
1540
5250
5572
1606
5665
1804
1810
445
4642
2081
6870
2105
4615
4605
4561
1108
2181
6903
6906
473
4406
2238
2901
6910
6915
4649
6573
6858
4691
6807
5684
6621
1198
4859
290
1190
1186
1943
281
1946
1953
6828
1158
4757
6580
6856
2037
3683
997
2926
735
3485
6202
7144
3587
6348
6456
2969
718
744
3564
6360
3565
3568
6405
7133
622
3096
668
51
3664
53
635
3667
3404
6272
7
7093
3519
6190
6185
4078
3462
666
5635
3581
908
2475
4166
2066
6308
1914
510
1912
3225
1596
6528
1327
6389
2028
7121
3453
4814
4057
4804
5840
919
1941
393
1550
4789
4822
4129
1599
1936
3455
1935
942
3109
1570
6945
7155
5301
5066
719
150
4629
5743
4528
2164
4477
2186
4291
2352
4448
2337
5605
2220
4313
6267
6751
3521
6280
1086
4331
571
1297
6275
4355
204
6914
4266
973
4530
181
4173
4176
3464
4636
287
984
4625
4179
3193
2103
5463
998
5593
5950
1319
1678
3550
6735
3190
5160
5917
2401
5603
6881
5303
3507
1471
3891
7158
448
1859
3243
3904
3907
3665
338
6490
6086
1491
3661
6693
2849
6491
858
1243
5340
6371
3757
3767
6677
634
6097
815
5425
1801
5503
1800
1813
3832
1260
7057
6785
6349
6113
1795
2922
534
446
3839
728
3846
1742
3868
5677
5431
3827
1734
4852
125
6467
5312
864
7157
1249
4983
1191
6812
3696
7088
6675
1245
3174
6215
737
743
3727
2945
5306
4842
5433
2615
6071
870
5328
5048
2619
5824
7150
2258
2139
1292
1803
