5140
1908
4510
1788
1883
2974
2400
2402
1888
4925
2404
1232
2407
2403
157
4927
5021
940
154
3292
1082
1889
3291
4926
3349
503
4333
5137
3862
5299
6329
4655
660
1080
4515
1885
159
3564
3341
6233
3865
1905
4928
4034
2395
4518
1239
156
3828
3296
5149
5148
507
1233
4338
715
5504
4706
1402
3294
3760
677
1480
4918
3729
1887
451
1501
6415
1924
2460
2052
4514
5296
4016
6237
3860
3869
1230
774
3253
6721
6410
5298
771
563
5931
3348
2006
4924
6160
5661
3344
158
1868
4141
566
2516
5024
531
5612
3813
1925
2576
2579
5247
720
5897
4236
450
2406
4770
2399
3342
1845
6173
3508
1102
6017
1881
1884
2512
5297
5423
926
4905
6105
3298
2142
3346
6288
2726
1503
5101
5107
3820
4147
3815
7069
2721
2465
4146
3768
3819
3517
372
3135
3051
5561
6231
4415
2009
1088
835
6518
292
5290
2716
3642
6297
5294
4144
373
1882
2227
4705
4528
2392
2386
530
4342
5890
3555
4920
5936
148
4232
666
672
88
3866
1901
119
2583
78
1015
4018
5144
4708
5765
6062
4895
785
6061
5613
4309
6880
6955
4808
5914
610
4256
6412
678
4440
3037
6811
2181
2494
2499
4172
48
5566
2095
4132
289
4834
5221
2599
4704
5027
1100
1314
1248
1786
3867
1271
113
7101
4525
5744
3085
2980
3376
2855
3554
2529
4244
4171
3087
5786
4096
779
3990
3056
613
1107
5135
2146
2147
676
2063
2066
339
3378
2099
2149
5361
6172
5133
3959
4740
5544
3981
2226
6314
112
2518
5860
5022
384
47
4962
5185
5440
2578
6100
4007
4341
5881
2415
5876
442
3239
2405
1213
5235
5242
1906
6349
74
3839
5868
5888
1235
1679
4065
4610
1313
4701
6512
1202
4330
4014
4326
4703
6280
5105
5175
5973
2884
3766
4389
1421
5354
2784
5342
5496
1777
3719
1247
6418
3222
5902
2321
3032
2313
604
5896
431
5857
2673
5407
5458
6844
635
3903
1444
1549
1785
2371
3761
1546
6347
6814
535
5130
43
6561
6236
7041
87
5241
3173
2712
308
5588
5424
6702
3058
1998
73
978
2728
2057
875
1389
941
4006
5631
879
881
6047
6291
3121
5059
1643
4707
5688
1035
1909
7023
4149
6323
921
175
5415
3089
3655
6285
5078
3120
2098
1054
80
3110
4657
1846
6074
6883
5122
924
6229
5904
928
1782
4047
1326
4011
2859
5864
488
3720
4908
504
6671
6674
6889
5611
1902
4303
5240
3238
4174
580
856
855
2228
4134
6195
6423
2890
832
2967
1427
2221
2096
3299
5366
2968
3954
1400
1843
1408
1275
790
5306
6416
3550
6543
584
5128
2322
1710
1720
915
5923
3994
2144
6523
3841
4260
889
6582
3507
5937
2283
640
650
1447
1751
673
6712
4092
3706
2435
3130
3053
49
3188
4637
7151
3017
4516
4343
5471
2729
2675
2676
3081
40
5774
5455
84
5783
7123
7149
2429
2438
4784
5720
115
114
2432
2434
3155
5797
254
5464
388
5660
7077
4424
4483
4493
3116
7060
5563
5480
248
5414
6641
6131
5955
1234
4084
922
4019
6704
3106
383
1764
5938
6992
7068
4010
6230
2593
6540
6706
2304
3880
5970
1753
2315
744
5761
1033
1744
6645
611
1108
2646
3317
4368
5452
1999
2824
4369
647
4688
6166
6830
3983
2651
1116
1109
2482
3960
1089
1837
1075
5362
6109
3311
5023
3909
2670
3018
6699
4071
6187
5201
4364
6607
5709
1201
5272
5327
6239
4130
6328
1591
4114
5476
304
4337
1413
1412
455
1609
6044
2737
3646
2602
347
6722
532
6014
4099
345
2500
3035
5867
7167
2398
5557
1507
1505
335
2132
6368
2511
10
3723
3180
1481
2137
492
5123
494
6399
3685
4139
23
58
536
2600
2898
1670
1338
3599
76
6008
554
4635
890
89
6720
2428
5512
6013
2431
3821
4748
5142
3816
5155
3814
3059
2336
4731
3154
6517
6255
71
3835
912
2960
4143
279
5243
4145
897
1941
4093
4086
2594
5292
6667
5419
4095
2018
5421
6066
2062
3132
4064
3164
4890
1992
925
6043
973
294
274
287
3462
4140
891
277
6051
4892
2401
4709
1633
1375
6457
7152
5702
6290
6495
5066
6451
6281
6273
6270
1320
5154
6258
2720
1305
7135
4645
3643
6450
3649
1502
1524
1528
1529
2785
3727
2779
3749
1574
1442
26
28
5131
3663
3767
6428
1409
6436
50
6241
3123
1722
1734
3968
3973
6170
6167
3509
4694
3499
190
6175
1090
199
4930
3495
6636
3099
1038
1926
4017
1087
2655
1844
5208
1745
1749
1257
1251
3881
1244
2687
6544
1769
3888
4523
4522
3904
3911
799
3546
2664
4981
3937
2715
1802
6117
2224
557
6795
2496
4288
4291
4292
4238
4173
436
4344
5935
6791
5885
2256
6885
2200
6886
5883
5882
4340
4299
5862
644
2893
2298
612
4821
6978
5378
4249
6993
2282
2329
4178
4363
4276
4348
4242
3185
6010
6797
4347
5942
4345
586
6790
617
3197
336
338
2476
385
5845
496
2408
5364
2397
3287
484
4160
4773
3219
3350
5367
370
670
453
341
471
4803
3193
4015
6135
3013
1803
4838
4963
2981
6995
6194
2663
191
1031
2279
4682
2672
4380
3556
1026
3901
2678
5028
5178
4524
376
5176
3889
1184
5941
3519
5228
5847
6171
674
6999
1081
2641
3282
1886
2253
2650
1115
3505
4228
3201
4697
333
7089
1849
6650
6140
1833
3485
3998
1842
4005
5729
7004
7100
5493
3962
3493
1847
3111
2258
794
5171
3669
5088
457
2409
5667
3220
4575
5668
1445
4805
3769
6431
1600
3055
6317
3651
5685
3644
5572
2852
5866
3033
4325
5106
1508
1500
5102
3701
462
6369
2391
1490
489
490
13
5484
491
4800
2773
4801
499
2420
6459
5138
539
1726
1728
587
1021
591
592
1270
1740
7168
1747
118
