6433
3905
2097
3961
3906
3593
1679
1098
1018
3904
3911
2539
1296
2512
1304
2437
2591
2861
6970
2516
47
3416
48
7054
3114
5086
6055
4635
3608
2717
2713
2067
3875
1490
5276
1699
2094
2570
6243
5965
5748
6021
3664
1132
5896
5236
3115
1291
1852
2471
1292
1252
1293
1654
6079
5096
2712
3902
1537
6682
3685
4869
2317
71
2517
3418
6193
4898
6430
5088
6132
6047
3017
1202
2438
2434
1298
5210
6683
149
5975
6064
2101
41
4155
2711
3964
5468
6530
6314
5190
2095
2571
6687
3908
6203
290
44
2710
2303
4861
6075
4368
5377
4250
5354
4336
5966
1097
533
2515
6739
4407
1721
6113
4527
6748
2066
1926
6139
1697
2144
6688
6078
4153
2096
1880
1919
4493
6709
6435
5087
2032
2864
510
2655
6531
5428
2984
1155
5384
5962
49
5633
2463
1294
1251
2576
7119
6046
336
1494
5728
4863
919
1297
2274
5725
512
3900
470
3970
1013
992
1001
3903
5721
909
5741
6799
4626
1074
4586
1646
6680
6681
330
5092
5108
1274
6574
5272
1146
4327
842
1094
1091
6506
6777
1048
827
7169
6685
3148
2394
6984
3018
2092
2572
3519
2090
3590
2598
2251
2659
186
3651
2624
3687
3599
2061
3705
3594
369
5121
1701
5076
4991
2326
2318
1491
4866
6705
4629
133
5235
3554
3583
141
6689
339
390
1245
1280
6054
6052
2630
737
743
5979
6384
816
5878
873
5784
5783
5771
3852
899
2578
2888
6498
1076
2518
7050
7042
5329
1244
406
1724
1249
1257
2579
6732
3827
3112
4377
4285
3969
2006
3976
3978
3684
6896
2065
1912
3726
6775
1910
4367
1911
3672
2942
2511
6537
6533
1133
2093
2981
5473
1149
6508
5616
1019
3962
1201
3013
5137
5201
2396
1290
1927
1269
1154
1264
5326
5641
1196
6830
5374
7043
1928
6844
2575
986
6880
553
554
730
6072
6338
2656
2024
6087
6112
6124
6126
2665
6135
616
611
608
744
6846
746
2817
978
6456
5722
6455
5723
5726
43
2880
2869
5747
2868
888
513
6399
6866
5945
2832
3901
5106
6541
2148
4566
4620
4965
146
1687
6686
3485
1496
122
6953
5031
2215
1796
4366
6209
6909
4561
1551
4779
2313
4406
4068
353
123
3952
5727
3553
40
2882
496
301
5085
46
2529
2534
6507
5609
4668
1022
2922
3959
315
2893
4636
3724
5652
2573
982
6961
4623
4564
5673
2071
207
3706
14
1722
7135
3653
2744
1693
4395
6172
6192
2676
614
613
7149
6726
6057
4314
6051
859
2863
5879
2838
5932
294
5952
2614
5968
3819
5978
7115
4283
6365
2626
6423
2528
2259
6736
2311
4971
2983
5264
1520
6988
4970
4883
1194
84
3144
5307
2433
174
2479
1915
2120
5237
3997
4754
1889
6578
1275
7033
2106
6624
4862
6646
3331
5186
7053
3968
1901
1361
3343
5125
1558
4066
5054
5466
5153
4387
747
3121
2357
4280
4966
3286
2812
4383
4389
5963
4958
2436
7168
6199
4513
5090
4997
6157
3283
701
5203
6109
711
5132
2769
1310
2015
6190
1692
2403
6133
2223
5079
2667
3825
3823
2422
1300
2784
1099
2472
5432
1141
1003
5645
5644
5081
1139
1017
4152
2903
1138
1137
1134
1553
2923
1061
1606
2958
1587
1075
4749
1081
5507
5502
1125
2531
5470
4627
983
3543
974
3069
3787
857
3909
3912
3919
2478
1655
2865
4150
2867
3924
902
5925
2239
4189
3944
1493
5342
4151
5380
3014
2139
2137
2312
950
5693
963
5742
1247
5142
6484
426
500
7142
239
6779
7125
86
6283
6289
6245
517
6892
6966
143
6956
62
6337
7101
7100
7104
177
345
172
89
333
6373
187
7108
159
6339
371
351
6716
33
6497
6532
113
6980
6994
465
6983
6981
5911
2175
2475
1362
3623
3682
5935
5931
5561
374
5942
822
825
2536
828
1070
5882
3104
1299
145
1077
3592
3620
3693
3707
6501
984
6473
2435
995
5649
4974
4983
2107
2108
6644
5002
5008
1376
3728
5030
2423
2131
5642
6371
5977
783
2146
3141
792
965
5240
773
1279
6582
3070
892
1188
3355
5755
126
3464
1176
3081
1171
5383
125
124
1195
6427
2314
3419
1157
3397
6546
5453
504
2469
3411
3415
2328
440
5720
2964
3349
6572
5855
1254
1250
5271
72
3541
6404
5280
5835
1235
5306
5796
5349
3526
75
5786
5320
2280
6518
448
7046
2985
5774
1205
3011
2460
5308
77
2147
6891
4515
3966
296
1970
6333
748
208
6110
4696
200
6104
6100
2628
4730
2008
692
4740
6883
565
1555
704
706
707
6149
4035
1920
6160
4232
4275
1801
4199
1783
1782
2715
2716
2687
2720
6262
4852
6750
617
618
1854
4343
1856
6735
6182
1723
2666
6773
4432
4171
6071
3916
2837
2076
6647
6350
6066
2052
4908
6358
6651
3804
2064
2062
739
2060
4452
4374
4369
4492
3412
6700
2334
4148
3763
6916
1121
5458
1855
6694
6738
1158
2333
340
1895
6976
1495
6714
5034
4070
2332
3414
3721
1109
432
5388
3413
4114
1690
6653
3347
1850
1025
4972
1015
472
3147
1790
1005
1002
4289
4282
996
4278
4935
5653
4949
4216
991
6645
2098
4993
2391
4976
3465
6519
1432
5496
6895
4986
5497
4984
1779
4172
6504
5554
4180
1071
1777
1439
1065
5566
6509
230
2138
4860
1302
4864
2030
1301
2026
4772
1295
3862
5230
144
3709
3878
1273
6959
1266
3556
6650
1261
3701
6868
322
1373
2050
6654
3677
1539
3666
5134
5149
3638
3606
5109
363
1369
5199
3843
2210
4798
6952
5228
1365
4702
3551
359
3960
5341
4569
6669
2287
4565
414
3963
3951
3490
4872
1199
2058
3967
4529
4525
5359
3467
4563
4604
3930
332
6580
2150
4867
203
4868
5084
3538
410
1602
206
3528
2271
6861
352
6663
212
5309
3713
2276
3977
2292
4246
