6437
681
468
684
6242
688
683
6250
6443
6257
6251
6252
5636
456
452
680
6446
6249
6256
6247
460
685
6432
6448
4064
454
6442
713
6717
5928
6241
6240
5927
3401
6253
6431
462
6441
4069
5635
453
6444
6246
7113
6434
1608
6244
5883
673
6445
4065
458
2373
5866
2168
457
710
5862
3483
4964
3455
2190
676
6713
4250
6708
2870
7110
455
2683
675
63
6248
671
450
5457
2875
6719
805
6447
6860
6002
5887
6320
6810
2195
3438
461
4609
5880
2182
4060
6245
6328
674
66
5889
6006
6718
6009
2188
689
6514
2191
2193
707
2194
5868
6449
4608
6259
5165
3162
4093
1851
2920
3749
5459
5602
535
2192
6586
3432
4045
4604
5454
21
3021
3745
1150
7017
646
4235
2372
4112
5541
3740
2088
3285
6025
5168
2723
317
1617
2692
1966
6262
5360
793
3499
5503
644
1452
3622
6998
5828
4040
3948
2990
6322
2121
5136
1476
1229
4067
1483
4954
4694
5330
1055
4572
2196
5861
6712
5919
1062
4634
1604
1603
5885
3284
3818
7112
2507
929
3651
3893
2310
13
3457
130
678
1222
5156
2871
5547
6340
6255
5908
3283
5339
2474
622
6027
3002
6001
445
4603
3451
4062
165
4729
1611
4722
4614
6184
1282
6561
2287
1065
6439
494
6254
451
5492
3737
585
6007
5933
3734
3735
5937
3235
3452
6000
3240
5733
1220
6069
3629
6093
1459
2256
5813
1916
3287
2199
3730
1228
7059
285
3623
6095
3663
6101
6026
437
3431
1378
14
4113
6271
6436
4039
5077
5070
4962
4953
790
4771
168
4692
2736
6556
2744
719
2764
4501
1568
2034
1898
4283
6829
2851
4091
1981
4096
1029
4118
1989
4516
3838
4906
1669
5268
1800
1956
250
69
5447
1171
3811
1165
3426
1406
5484
4485
5996
3288
5334
3743
3233
5333
946
4353
3286
5867
4127
647
5452
3736
4498
2487
2187
620
2874
4106
3249
1019
1026
376
379
4237
922
712
3435
2602
1227
5639
1091
486
1092
682
2981
5112
513
3862
3103
1658
527
1110
5619
4845
3738
4508
3654
3733
4575
3669
2197
444
2926
1595
4626
2727
5551
3747
679
3459
2504
4841
7169
1762
6580
6694
6324
345
2105
135
6714
6754
6017
6274
102
2158
29
1963
1864
1791
286
78
2001
6374
7071
6013
6554
799
4033
4842
6494
5544
2359
1513
1078
6867
94
1968
4066
1066
1793
4799
1650
2985
6946
6557
5618
1784
495
5778
5775
3048
1175
2114
1479
524
528
1489
1140
5662
4888
3873
740
3885
4076
5603
6813
6812
649
4625
2016
942
6550
2503
932
2792
6674
4496
6551
2766
6364
4590
6376
6377
4494
2066
706
6427
5472
6769
5152
6270
4121
4751
4126
716
4718
5798
4218
4219
5394
4330
961
4350
2107
724
5441
6453
440
3453
5864
5840
1235
5865
7117
1318
3450
1447
3289
3169
3440
3302
1404
5916
3454
6170
15
1363
3245
3656
1755
7099
3374
6033
3247
446
3488
3620
4453
5327
3428
1559
1330
3420
4356
5896
2833
5825
6710
1064
326
1063
5496
6094
3165
6818
19
594
4094
2907
6076
5458
5448
2885
6711
7111
1567
1461
5918
3276
6438
4776
4798
7156
6496
5990
1878
5117
794
741
5114
6004
4912
2633
6474
2605
2592
2600
2070
823
1379
4741
6565
1354
677
6265
4587
2085
2741
2048
1593
1342
874
2728
4679
4697
4702
4704
4713
714
2069
717
869
898
4154
5504
5849
520
1482
7004
465
525
2198
5678
3792
463
1969
3836
3856
536
5656
3603
3879
3568
3834
70
1168
1714
1223
2230
2241
1221
7052
1462
3658
3704
1212
1466
1234
7029
5780
7019
1719
3742
5759
1957
5848
2332
2996
6904
3941
5546
6158
4043
2357
2599
90
1083
1265
1959
449
6924
3481
271
1405
3748
174
1440
7146
1272
1181
835
12
865
4670
1176
4674
2729
4120
4703
3987
7011
1925
1036
3650
4259
3741
3659
1224
6471
7057
1068
6477
3484
2074
3665
1519
3229
1434
796
3159
3081
2072
3072
812
4042
1280
25
4774
3268
1596
1984
1471
3793
3978
4123
3621
3193
2855
4442
1869
3864
3192
4410
3171
7124
3881
4381
3425
1322
3566
4348
3429
3887
2821
970
6964
4324
4251
4286
2995
1550
2839
4463
1594
3397
2035
987
882
2983
1484
6003
1407
3448
1024
1408
1152
3829
3361
2890
3973
6991
2745
4553
4539
3379
6560
4171
2873
2011
1351
1419
3199
7084
4474
2765
886
1401
448
443
6326
5312
5303
435
6073
670
672
6049
6375
6045
6281
6389
686
219
5235
1663
6029
5911
2186
5161
6417
2519
5917
6435
5881
642
2486
2463
521
287
518
5632
511
5600
5756
1715
5539
5771
5524
6258
263
2376
2122
5795
5796
1723
5461
305
6273
5453
5451
5449
612
2130
6277
2174
5153
6243
5983
2544
2559
2564
5995
1759
5083
2584
5131
2217
2219
306
6747
3664
1016
1531
2248
1025
1028
4778
2901
1015
5987
4916
4919
5090
261
4115
1987
1040
1216
5089
2905
6469
6752
1533
1943
1534
2820
1277
1444
3528
6279
1448
3209
3576
3106
459
4779
253
4909
5407
1012
4252
626
3625
1778
5424
3644
4911
1000
6276
1539
2456
4172
6180
1739
6196
132
5483
3057
6821
3760
283
6230
3945
2992
7164
5610
284
7013
3036
3920
1496
2999
3787
1166
3895
1161
5621
7166
3883
3877
5640
3861
289
5672
1485
6980
2331
5675
5568
5745
2349
5993
7153
6008
7051
1059
1976
1975
53
583
1199
5507
5519
7023
1515
3241
2075
498
4048
5772
2590
5536
2603
62
5545
6900
3746
275
1960
2077
1183
1097
3052
5110
3616
6044
6379
6558
228
1585
230
3434
4830
231
170
2161
2759
845
4812
4531
6058
914
4519
10
3390
161
6569
921
6061
4846
5134
5910
6493
1331
2061
1758
4620
4619
