6444
6448
685
6717
6241
2340
6443
6441
6246
6249
6439
1956
5636
683
468
2763
5210
6240
452
6257
2833
4627
6250
5507
6719
4283
6810
6252
6256
6713
5204
2832
462
513
6253
6445
6447
681
4774
2838
684
5783
2837
3247
5440
6437
6446
454
5442
675
16
66
682
1091
688
5201
18
19
5866
6244
6442
6440
7113
450
465
6712
5447
460
3396
15
6432
6259
12
5786
6247
6242
6251
3568
130
5339
820
5537
6245
6818
5639
6374
6496
680
463
6025
6431
647
6320
4288
453
1303
1328
5390
3240
5635
5862
5865
5505
6978
5449
6073
5443
3665
2830
6574
2659
1472
6714
6015
6694
7169
3391
2161
674
13
5444
5497
5502
17
4621
3249
1642
1207
3241
717
62
993
729
1160
823
6814
1291
4934
4789
3727
2782
2765
1993
2373
6179
6436
5153
2503
1564
4773
719
41
5070
6378
676
5336
6489
6813
461
2311
458
915
4284
1305
2286
1298
5860
644
5861
3245
6718
5881
5883
6715
4064
3387
5441
813
3827
4772
951
1019
3902
4779
467
5158
3103
459
457
456
1301
5504
5918
2834
2781
6075
1453
6184
1464
711
712
713
718
6255
1308
466
2013
1611
2202
2244
2253
71
11
1608
3448
4744
649
6010
3248
6693
1294
787
5933
2839
250
3904
2785
6066
1145
4123
2208
3659
4629
3393
6170
1912
1235
6567
2762
3657
6557
344
3708
6377
6683
1297
3668
5864
6498
2890
3749
5919
3192
5868
2083
1165
2289
2899
4839
2283
451
1984
1299
707
5212
2864
4287
5885
28
5813
5887
1536
5086
6731
2422
4830
5448
5806
2760
5759
3383
1461
1063
5805
3666
536
5493
5908
2865
845
1302
4125
4776
3711
1304
3669
6014
3244
6027
1309
4741
5531
3709
5863
2768
1045
3713
6480
4289
7017
2085
714
2727
2724
6506
3651
2158
6580
1531
6338
620
6373
5173
3588
1680
5333
1549
5175
2728
4152
2504
299
6379
5205
3225
5673
3197
721
5879
2538
673
723
5211
2282
4286
2562
1163
5215
5170
2016
3663
5661
716
5937
1542
4349
464
3815
1363
3006
6785
822
5782
2433
2434
7057
5798
2475
3050
6453
6449
5764
5807
5811
2114
6491
5818
2117
2438
1617
5697
5804
7151
815
2786
6254
4218
6174
1460
2723
4211
1140
6053
6677
3964
4171
2764
3715
6556
7120
5472
2755
5494
4047
4694
5071
3444
2496
6101
3243
3643
1051
3660
2821
6689
4279
5235
3235
5977
3642
4612
910
2736
710
5760
2181
3398
5770
3664
1137
3395
5424
587
3381
3587
759
3386
3818
1290
3252
3069
1293
1156
5236
1199
2263
95
2271
2281
3710
3246
5250
5254
744
635
1307
678
1619
5683
2119
2241
687
6482
795
3296
4861
2162
1342
3658
5092
455
1168
1025
6072
2769
6686
2797
1569
2825
6702
2489
3890
1762
5940
5921
142
2868
6493
1539
342
2880
6434
6132
6533
2673
4445
2722
2726
6430
2507
290
6248
1559
999
6663
6208
4620
4626
6673
1010
6076
1959
956
2520
6474
6466
2901
2884
5857
5858
6781
132
135
2981
1074
5867
6364
810
3397
5133
1911
5131
5383
57
6583
821
995
3611
1560
2990
2676
3020
5420
4126
5168
1563
2729
598
2732
2188
2983
3811
1463
1351
1561
5116
3401
2152
5217
4277
3649
3484
5152
6326
3483
641
742
3650
3496
4276
248
955
3540
6280
5245
5306
5307
3439
5313
2566
119
2536
724
317
6526
6560
1601
5185
6483
488
2984
4121
7097
5942
1334
5859
543
6709
5614
5934
3734
686
5632
2861
1583
1098
5917
5916
14
2510
690
3739
4777
2288
138
5679
3228
2084
793
3227
1060
3735
1335
5599
4764
4069
1018
1528
3354
3349
3777
3331
443
5492
4344
6520
4363
828
2534
84
3979
2009
229
2813
6032
4740
4033
4339
7060
565
5223
7062
5503
6948
715
946
2043
914
7080
1166
926
1883
3824
4282
843
3736
21
1957
4886
7110
3886
3883
4901
1059
1094
1092
829
1065
3810
3843
811
29
3738
3641
3903
5017
4278
4273
5148
4252
4221
4571
749
5138
3908
4189
4172
4577
890
7114
4060
4714
3704
3705
5137
4101
2217
702
6716
5884
5886
5889
2867
5938
6708
2835
1571
6004
2826
6013
6017
2799
2793
2790
1431
2869
6058
414
5870
3215
5711
5745
5750
3121
5767
489
3052
3008
2371
474
469
6782
6756
6754
2932
2925
416
512
6682
345
1485
6318
2683
1553
1496
6340
6347
2645
2598
2597
6386
6399
6412
6511
1540
213
6463
1482
348
281
1475
343
6680
340
1567
2751
2746
2743
2742
1462
6185
1466
6661
1562
1473
293
2499
1556
6561
5645
4353
5638
3432
67
1227
1233
70
5414
5415
5417
2171
1242
73
6990
3356
583
5484
5270
3321
1300
646
1695
695
7037
53
1684
7030
5209
671
5216
5221
5222
5228
5232
5233
63
5253
5495
5256
2258
3236
1295
3253
2211
3233
2218
6899
1296
5597
6895
3541
3730
3141
2716
2153
2679
1164
2979
4210
3537
3748
4186
3621
3532
3076
1989
4170
1558
1483
3612
3731
1474
2522
4343
1698
4322
2527
3586
4293
948
1544
4281
2535
3581
4285
2589
1910
3555
2595
3542
3188
2618
3582
3517
1917
3635
1229
1368
2166
2985
1278
1604
1241
2423
3888
2851
2863
1169
2191
3369
1981
3829
3842
2432
2883
1062
2012
1228
1090
1364
3438
1467
1378
1565
1084
1950
3491
3714
2014
2744
4067
4065
2749
2160
3469
1568
3043
3466
1022
3813
2256
4034
3656
2425
1783
706
4645
5580
5202
6243
5615
4623
6217
531
6195
6518
6829
6723
5680
720
516
7085
514
893
894
6115
6111
6258
725
6262
6671
6514
4783
5252
6998
6527
642
5247
5394
6550
7011
816
6389
6375
5083
54
6912
4720
4718
6603
5498
6893
5534
7098
6991
4551
433
7152
