674
119
5168
3749
678
3748
673
3739
451
6443
3733
6448
675
681
6437
685
6436
6256
6241
6242
5927
69
6320
6432
5928
468
3747
6340
3736
4485
6445
3737
684
644
672
6247
3731
6439
1064
683
2833
688
5953
671
5114
1605
3740
6554
3738
6249
455
2723
4694
3735
3734
676
3730
6444
6447
454
6300
462
73
6434
1435
3743
1065
3746
6253
680
1611
5424
3386
6025
6250
6702
6252
3072
6446
642
6717
250
4324
3401
3438
5169
460
4609
6245
6153
456
1019
7113
677
63
6318
5636
6257
6251
1376
6441
6259
6254
1851
452
4777
501
5070
3811
3741
3732
6240
5903
5635
1068
5916
6449
5919
1066
6556
450
6431
1150
457
6575
6706
512
679
687
6711
1102
1413
5966
242
6102
3019
6224
6075
6244
3883
1692
117
5745
1580
132
1482
4406
1608
2981
2960
805
2851
6719
5885
3070
2995
894
3885
4888
458
4069
264
263
2990
5912
1419
1604
6243
1440
1363
1062
6551
6550
6358
6137
2199
4916
5910
3742
513
535
249
6246
4125
5156
4139
4776
4336
4362
1346
7008
278
260
4519
6306
5163
5444
3432
6704
5908
6708
5889
6714
1063
5941
823
2319
744
711
2192
2725
1074
6127
5547
2992
2996
2999
1955
5913
3435
820
4587
116
7051
130
3443
1377
4322
6378
6709
7099
6009
5887
270
598
6006
3957
6715
5764
273
6705
6829
453
4774
2985
6991
2986
5125
709
6298
4516
6050
5632
5962
743
969
4064
3169
6179
1018
5915
1772
4670
6048
2373
5420
6450
5165
6897
162
219
6000
1415
5883
1036
2764
531
6506
2171
6814
1432
3913
3790
4624
3704
5749
1412
2724
6559
4881
5901
4702
5905
1609
701
4400
5341
2974
2001
3710
212
6248
2937
2662
5918
2870
4361
165
6132
4950
1016
1015
135
1012
7110
2197
5907
2161
2159
4060
2156
2875
111
4063
2310
6230
6911
2727
5741
6710
16
4571
267
6324
6438
6076
2994
914
3383
6328
1585
4841
6347
5417
4114
6157
7017
4604
4861
3886
6716
230
2196
3355
3280
168
1378
4350
5210
2193
2343
6546
2084
217
4035
5988
2503
6707
1452
2340
3077
3483
3484
4344
1027
784
781
1990
2763
6042
4705
5727
3656
4674
1096
3203
1095
543
1090
4703
4914
4582
2463
6174
5350
4408
6002
256
5882
4363
1694
248
3017
3544
565
821
822
5336
6175
4671
3541
5995
2190
1459
1603
1830
6489
6222
4761
4067
961
1617
4883
4882
1584
3068
5447
365
1195
2146
1483
3440
2830
3171
1836
3439
2988
1489
707
1334
2721
336
5071
4771
3431
670
4233
3532
2750
663
2745
4784
392
2311
1362
913
5077
6054
2749
2474
4704
3071
4778
6713
2051
2987
169
4911
2980
853
827
6700
1714
5559
2471
547
712
713
1067
4062
1602
4250
2998
2123
3057
533
196
5866
1600
2991
5537
4880
6669
6307
70
749
1026
3605
6309
6848
6287
178
164
5568
527
6315
2167
1591
5920
759
619
922
861
1010
3018
3058
898
611
3049
3001
758
5921
5166
4905
2158
6173
3434
7004
1227
2871
2349
213
5063
6027
110
5493
1207
3381
376
5339
6184
271
246
1379
1380
4459
5938
6004
431
4586
3951
19
4453
2257
2719
6533
5086
3480
6005
1833
6517
3318
5032
1416
253
2312
6185
6143
6480
3530
2743
2741
6440
5656
4561
218
5456
1410
5639
7018
1406
4575
1973
494
4563
3825
3449
6073
1202
6981
5428
699
5074
4494
6764
2838
5542
3050
6083
2837
3011
7118
3442
3859
3448
6512
6518
689
2417
1831
3597
6049
5383
5975
742
5977
6491
745
5673
3162
915
1576
751
7012
779
912
2747
4551
910
2997
6007
4211
277
3873
2080
5119
5418
6197
705
1337
344
708
2286
166
6146
5449
252
4613
716
6998
5900
4773
891
1220
4775
5540
7005
1229
317
6435
2847
4634
5276
2188
4907
7079
828
2873
5099
4136
3496
5917
464
825
5098
5762
2655
1029
1677
5937
2194
5498
4135
211
5599
3488
3542
5933
1084
4920
6557
3202
4924
1919
3086
4917
5614
5226
516
2776
6063
1414
3308
160
5229
5868
4403
5361
5506
1401
2195
2191
6003
409
864
1454
134
6342
174
4343
1375
3205
4047
2566
5777
5881
645
3672
4892
4054
3870
1368
5773
5627
6927
4341
4340
6299
2968
437
1449
3245
4744
61
3715
1668
5846
4483
4039
4721
433
6723
3217
7074
4830
6456
3862
6459
5990
1271
3215
5993
5142
6442
1531
5454
1525
7071
6731
6345
5158
1515
3052
6474
6044
4846
3206
1369
2396
5909
1151
3106
5940
3103
5490
1020
4961
1386
5092
2168
6379
1121
2169
1418
6558
5930
1072
1091
33
2162
2177
3745
21
6552
5112
1438
6570
161
902
5484
7112
3820
5457
18
5458
3160
5459
4849
17
5467
1230
5469
1496
929
3810
1338
2217
946
2157
5423
2155
2309
51
3114
6411
5955
2151
3069
6515
4884
2416
1196
968
4152
4231
5047
1658
5260
1653
2563
3590
2669
5549
6301
5543
6302
5711
1976
4628
6947
4452
7049
3608
6221
62
3260
4256
2832
363
1835
702
3436
727
4235
56
741
3456
746
626
4722
536
549
4697
554
5742
4679
5228
4368
5597
6107
2015
6895
2599
3549
1662
1688
2884
489
2645
6286
4714
4333
5256
609
2048
1770
2583
205
3490
620
2043
753
5744
4825
251
6159
829
53
239
3377
3244
4824
2105
2088
6171
5640
2751
3380
4603
3353
3241
811
6001
2512
5645
6763
6752
261
3013
5653
215
6158
5717
1894
258
5720
3389
6398
6177
1776
7073
4432
4650
4955
5647
208
1267
6403
254
1989
3858
3857
6155
4663
4915
1916
6101
5743
6453
1920
528
7119
524
1730
1910
6461
1735
515
514
200
5313
4420
3978
6115
1107
1105
6258
7033
