6445
6442
6256
468
6252
6250
6449
6242
681
6259
460
6253
5568
4064
4069
452
453
5887
644
685
683
4887
707
6444
6432
6251
4888
6254
6443
5889
680
5866
688
5636
5639
5916
7084
705
461
713
3435
6440
4884
456
5908
4060
708
704
458
6810
2286
6829
3431
6437
6446
6257
5484
6708
535
3034
2727
674
1091
4880
1102
5919
4882
645
1096
6247
5934
684
4039
3438
5868
709
6320
1962
4883
1104
4067
5933
5635
6434
6431
6814
701
4063
5559
710
6249
687
702
715
462
647
450
6714
1608
1068
2723
642
643
5927
5928
5441
2373
4516
706
5136
4694
2289
451
5168
6556
6241
6240
5905
1975
7112
711
2725
3035
4062
5901
6244
5560
5745
6017
2123
678
5918
5638
2281
6711
2310
6398
725
5131
5077
676
5862
4671
531
219
5885
5449
543
641
4774
1737
6448
890
4229
1064
2168
2167
1525
463
3449
466
467
5909
5910
3883
4561
1012
6815
536
1065
2041
2162
457
6340
1731
2597
7074
2724
7017
1695
1160
700
1099
4881
1227
677
343
2599
1726
671
7113
5602
1265
3607
1440
7085
1735
5632
2386
5569
6177
4284
6427
4634
5937
530
663
6719
5865
672
4885
6222
4223
1062
740
2536
1090
2016
1565
784
6258
4226
787
2744
6093
4065
724
7088
673
2287
2312
4604
4614
2319
4812
5225
2875
327
759
340
342
4934
345
6713
447
1435
3037
6816
2719
4567
2600
4683
4841
6328
1967
1094
2088
5867
5389
1093
7080
5913
1960
1959
6276
130
2001
5754
5750
946
1212
6255
5448
1739
5270
5902
1063
2197
3381
743
1280
2690
7000
6095
2538
341
3039
74
598
1095
3043
3030
3141
3203
1784
1214
1220
693
1229
699
3630
4381
703
4777
1730
649
6712
648
3555
1699
3047
781
7016
1103
1950
1800
6550
2350
5904
989
316
5912
4171
2114
4551
4666
20
5883
5360
2863
2968
1476
2873
5939
5983
6358
4572
252
4650
3714
1805
2764
2770
2771
5860
2762
5864
2035
5861
7099
6813
2042
209
2044
7071
1230
5880
4609
675
1770
3818
2743
2742
2931
6090
1438
2728
2865
5886
1539
4776
2705
3742
3889
4498
6034
7082
3710
1287
3036
1642
2645
1696
6554
5254
1808
1972
3215
4886
177
1058
4152
5444
3103
6246
3451
2033
2043
1010
3432
7004
817
6823
2075
6274
834
6292
5138
3321
5139
2155
2156
5156
4189
2230
6338
2047
1097
6663
1961
6334
4386
4353
2592
7024
1969
5074
669
2343
2342
2851
4674
5680
1163
4670
1755
4656
2847
4654
987
723
1169
1885
1840
5601
912
2933
689
931
2188
5915
5165
690
5147
1228
5936
1479
5924
2311
1474
2074
1733
2776
2729
1698
1060
2540
5783
1697
5762
752
1650
4889
1066
2559
6229
1978
2674
780
1888
2595
1723
1894
4979
1145
805
1916
6441
4952
4940
2763
2034
6217
2745
2486
1966
1255
6551
1604
3811
2967
3868
3873
4136
4285
4218
3102
4288
7151
454
6717
3567
4486
3881
3521
302
7118
4501
3735
3261
3885
464
3266
4504
3235
305
7090
3450
344
3171
4283
3188
3442
3453
3455
57
3212
2960
4033
493
3586
5753
646
1611
3042
6818
1616
4874
2345
6108
3490
7083
5442
1680
5742
6702
3044
3506
4280
1658
626
3049
2348
3244
3265
6747
4382
4896
6754
5531
4893
5553
4400
1166
6193
3588
5564
3206
3200
6189
5566
5273
6224
696
6171
2640
4818
6221
6126
3252
3040
322
135
2495
2499
7008
679
1215
2507
7049
4074
1771
5130
1895
5344
2925
257
1413
5941
914
455
2772
538
2119
459
1472
6331
35
4177
1475
7156
4224
2091
4575
527
10
2100
972
2868
3704
4172
4536
6669
3386
4563
2192
3825
2211
5137
4252
3705
1015
5984
6558
1448
3403
3712
3711
1496
2932
3713
4653
3880
444
6648
6286
5417
213
3383
2934
445
4047
6908
7011
1107
207
4213
1898
3205
5565
3208
3575
4205
6216
5268
1925
250
3387
2166
4340
5503
6195
936
3520
7009
6271
2012
5152
2072
270
3477
4244
5070
6385
4281
2017
6243
4249
6393
4262
208
6262
5135
204
6987
5157
3425
4964
959
5491
2497
4339
5364
6447
2490
317
788
1101
886
790
5172
985
4953
3280
3417
6365
2288
4962
5378
2118
3187
2199
3717
5881
5727
1267
3727
4500
4499
3973
6073
1516
6512
1603
1738
660
1759
1513
5917
6676
7073
6674
3952
3715
437
5828
1610
5840
2716
614
1617
1322
2761
6557
2701
6703
2747
4771
1564
2749
69
3046
2702
670
1734
6175
2601
2890
1181
4030
1174
2893
3838
5942
1164
1851
6665
6767
716
719
5580
721
6769
3202
3581
501
1452
692
2735
7046
9
4472
480
1830
2864
6009
6006
5932
1831
5987
3398
1006
2113
6301
3391
3754
21
1016
930
3834
6027
1314
1019
3709
1505
5863
5906
5996
981
4169
3886
3890
5907
988
2169
1518
3862
3420
6300
6061
7133
6272
3716
6076
1370
2070
2056
3424
2128
1150
1309
1216
3528
3522
1219
102
1222
4022
1223
3625
6999
5678
95
1233
1242
6132
1775
5640
3603
7030
6185
1154
1161
1881
5557
3570
1168
5597
5537
5520
5507
6173
1957
7040
5476
3651
1253
5459
1692
1052
70
6985
3580
3459
3690
4154
5445
6245
5779
3702
3703
5810
205
2013
6094
1054
3480
7078
6228
5706
1074
1259
5457
5454
5452
1069
1067
79
178
4112
3481
1059
78
3930
4576
4234
4369
6819
2504
4723
3209
6439
4365
4470
4959
4273
4679
4361
469
4673
4966
5173
5175
4950
883
6828
2768
6744
4745
3267
2722
3256
848
4508
3045
2737
6524
6391
3105
2609
4246
2740
3019
5134
2608
6569
4453
2656
4905
2826
3184
2871
4570
4641
6496
494
2926
2219
4824
6327
3295
4602
5027
4352
747
3217
3288
483
