6443
683
681
6257
6448
6444
6242
680
6250
468
6253
6432
6252
6437
6717
5866
6244
688
460
6241
6256
456
6246
6442
685
676
689
6446
6251
6445
3480
5636
5639
6431
57
6247
5635
684
5185
453
454
462
713
66
535
6328
6249
5339
5927
5919
6258
6719
4350
458
452
5928
5883
6240
1959
450
2683
6027
13
527
3622
6447
5539
987
6441
2188
4964
3484
3483
3401
6434
7017
674
5332
710
457
4252
6474
4062
5889
4172
5484
5996
455
461
4694
5937
2256
524
6093
2873
2723
6259
6377
673
1741
5885
915
3240
1784
4065
5632
4064
3169
14
4069
3162
2566
1870
1956
5330
3948
7099
5168
1550
7071
5908
6379
1212
5504
549
2091
6025
536
1412
2168
6061
6094
2319
6248
6713
4060
3651
2727
2230
6017
4713
4905
2033
5810
2182
1957
671
6462
682
1958
1960
1150
4714
281
1160
16
1482
2754
2924
528
4067
4954
2083
6436
6095
4129
2899
6556
2286
3749
2373
6449
4033
2009
2564
1735
4634
2764
6514
2035
5868
5503
598
4331
12
2017
4717
3735
6320
5860
6810
3737
69
672
644
5887
6496
2833
1058
6184
5333
4386
402
3738
307
6310
5270
19
21
3386
10
3712
6340
3276
6439
3705
6374
3249
6440
6463
3711
4778
1559
5496
2645
583
6818
820
6823
4177
525
78
2015
677
4812
3111
4729
2583
1166
4719
1259
492
2870
4045
459
2867
3246
2487
3438
5601
2864
3715
5544
2862
5070
5828
2118
2863
3384
5630
649
858
2011
5128
5131
451
4790
3575
1737
1889
1831
724
686
3714
5865
2034
1055
2920
3284
6043
4953
521
924
928
3487
3245
1235
6389
5942
5933
5441
5328
2160
2831
1214
1792
428
1210
5508
3243
5939
3247
4744
5157
4171
4093
2559
3829
3731
4080
2283
74
4066
2676
2660
3937
4286
25
3748
2340
5918
2612
4571
2725
2999
4691
467
5884
2043
626
5880
6870
3860
3035
130
594
6230
2640
6699
1265
6108
486
490
498
1258
6694
2085
1608
6754
4575
526
2926
540
1219
587
2592
715
678
4887
3481
1092
3241
4897
5442
42
5407
70
4916
1064
5334
7113
2413
3432
5118
5130
5163
1065
2507
1774
1953
4734
2287
4485
3572
1744
1567
741
1979
5640
2563
750
1976
3103
3106
5568
89
1963
5547
1961
675
2728
1726
342
3704
3736
3690
4440
2161
2751
3713
2743
1476
127
6297
5561
6998
4126
3563
6376
4121
523
2666
1217
7151
4091
805
925
1950
3734
6409
6103
2765
493
3517
2729
5161
497
2762
6101
6100
790
787
3942
6829
784
3973
2296
4771
6009
6006
1163
1165
1851
2960
723
3632
4358
3053
5775
5950
2066
959
1169
6813
6550
5797
4774
3431
344
4454
745
742
3324
1603
3072
3639
2786
740
1419
3708
6020
5235
1993
586
3739
2643
4174
645
1078
6860
6464
3663
1898
433
1024
6191
4562
437
4040
5447
3839
3145
4572
6615
4516
4703
5360
7117
3717
1060
5336
1377
2792
4039
4486
5864
641
891
4014
7124
3598
2039
4489
4501
2763
5170
5449
1349
4698
1925
64
4888
2682
4692
663
1489
5505
3648
204
3610
3164
5524
2016
15
7085
3730
1090
617
3741
1440
219
5136
4718
1917
2594
5862
1916
6523
3862
4728
2593
5040
132
6983
299
3037
135
2284
3052
3867
941
687
1448
5780
6554
5610
3403
3435
326
1102
2499
3230
1333
1091
3233
1089
1557
4383
53
851
2482
1525
4043
5424
869
5423
7110
4911
878
5389
1797
884
2180
1063
4864
1569
1354
2520
5745
1530
711
2001
102
726
7029
97
3569
3709
3710
3568
7049
4798
1445
7051
3733
1133
6380
335
782
81
794
5537
922
3434
4846
4849
946
5857
3834
494
4235
2087
1406
972
6044
1611
520
7154
380
1010
2663
3644
4229
6759
5204
2768
4620
1012
6770
6015
6013
964
5990
2971
3320
529
2100
5182
2875
4354
2832
3356
6209
420
7166
3669
427
6586
5140
439
1277
1379
6663
4576
5139
3743
1000
3746
5134
213
2787
463
2685
469
2869
3760
5227
2258
1059
1215
6318
4699
5929
3703
6814
2151
622
6313
3304
11
3831
2055
3383
5112
2047
2037
1441
4684
3628
4324
2498
3199
2689
7084
6427
464
4894
4926
2044
5077
2744
6853
4302
2690
900
3030
4136
4483
2412
5353
612
250
3499
7158
389
3968
2893
1660
3496
1668
2890
3885
6978
6145
2106
6243
1560
238
4582
6557
2716
1866
7130
3266
7118
3248
2830
413
5165
4381
5153
2839
876
1669
4914
4709
882
1066
1378
40
886
2273
4551
1723
7161
6551
5861
5337
4925
7094
5172
247
4590
856
1084
1062
399
4303
2042
3268
625
4907
3466
3727
640
699
1260
1951
3634
7011
3292
1241
1992
543
1323
3097
119
2648
6029
5661
6518
1978
3379
1251
3642
2196
2755
2254
7012
3815
6010
5936
109
6812
1375
580
3054
5962
1664
2289
6512
2761
1568
2012
4211
1164
6000
174
1036
1037
103
2569
593
3306
6280
2553
3643
5904
1759
2756
2240
2341
3542
384
2014
1480
2089
385
4962
3537
6715
670
4238
2185
2990
1483
2194
6054
1962
4799
6822
1751
1408
6494
3979
2084
1970
5916
970
305
6049
4809
6520
1256
5548
1634
1865
4010
4927
1013
1531
1808
3428
5052
3718
5114
5027
2371
4353
1665
4609
4469
1242
1234
1233
1230
3631
4662
4664
4667
3818
3824
1216
3702
4446
3605
4603
1438
4599
4309
1374
4487
1670
1373
1673
1680
4567
3740
3654
4282
3745
3747
1370
1266
3762
3646
4236
4597
3603
1314
4702
3547
4818
3883
3508
3505
4841
4845
3489
1353
1099
4896
3893
3897
4912
3725
1798
1345
4808
4807
1752
4792
4708
3836
3861
1580
3588
4441
1458
4119
1642
3869
1168
4749
4760
1161
1740
4776
