680
6448
3739
6432
3749
3748
5636
3733
6443
673
6717
6447
3740
455
3730
5635
3747
457
6246
3746
3734
6444
6439
3736
687
678
6025
3743
3741
3731
3737
5885
2723
3738
683
450
5745
1959
6340
458
6247
6441
6241
3732
3735
676
1608
456
4620
5424
681
689
6514
6446
6437
5632
119
6242
6027
6253
712
1957
70
674
1611
5639
462
679
63
5077
4067
5887
1950
5927
5928
672
6436
5070
2283
451
5883
436
6893
3162
2373
6249
463
929
6076
5889
66
4779
2834
266
535
675
2241
5339
6669
6142
5493
4703
6320
7117
724
4403
3396
1066
5775
4324
1968
4111
6281
5168
6010
1119
6023
461
69
3829
685
684
2937
5417
914
2833
299
6438
135
6440
688
6061
1019
6075
6434
2743
4772
671
110
6866
6244
4361
2683
281
5256
759
7011
6257
928
2924
454
4350
433
6217
248
1036
437
2340
3483
6897
6231
4408
6556
5733
4744
4211
1603
1604
2174
3240
543
4501
5637
6018
6445
2286
3202
670
586
6813
4629
4514
2981
19
5776
6496
2980
4900
6221
820
4748
3090
6731
2372
5875
5547
2388
1063
1072
5156
536
3432
6328
6702
6347
677
3709
1150
6517
3391
2835
5332
1670
6580
4683
3742
3386
117
1609
4734
116
4950
6459
6570
4627
468
6017
467
466
465
513
926
5341
2161
1230
6250
2813
1436
5420
2503
3942
2017
1468
4718
5418
4968
3072
1434
5505
1419
588
1956
3203
6175
6810
3663
3401
5777
1865
894
3205
3332
4694
1831
3907
3665
5016
1830
3657
256
721
199
6389
6280
2337
1583
6489
6719
5926
6260
2666
3537
2864
4645
6029
4047
784
5252
3714
6252
6053
2763
5881
1076
6449
1235
2837
6512
805
2674
2838
6240
5200
6377
5202
6709
2839
6216
6818
512
4252
3255
4742
590
729
7008
4336
6013
917
758
5929
4838
713
4905
2043
5444
431
3069
4714
2001
2422
861
4704
3204
2171
6754
5941
5442
1958
4700
3206
4697
3293
1955
5502
5504
517
883
1015
1680
111
2868
1065
6173
1438
1277
1102
5233
3644
1432
53
3744
130
1605
4409
4614
6511
3473
3441
5770
2662
2971
1462
3435
2669
4404
18
2865
1439
21
3820
4354
6662
2487
5248
5175
311
4571
2645
6323
6379
5027
3713
6493
1314
6134
2926
4519
1525
5334
5259
1567
7017
4444
3535
6471
4774
208
931
3484
195
464
1163
2343
6042
4775
6715
566
2341
1925
5679
3540
5153
2863
4516
1521
5952
3169
4764
6760
2775
1322
2288
3699
64
4752
2776
6026
1601
5471
7084
3541
7090
1621
1617
3266
5390
6304
2679
46
7097
1378
2692
2721
5580
6829
6712
3061
6550
5783
5348
3337
1966
6179
2240
395
2830
1981
1836
4709
3864
2643
14
5862
6551
5786
5861
5330
5615
6144
6145
6148
5345
2254
3192
317
3393
4320
614
3394
6170
6557
4695
5503
5441
1347
6213
4647
1737
686
1118
7059
5746
1103
1140
435
3443
4407
1411
4405
452
4283
453
15
3431
2012
2831
2016
812
3091
821
264
4906
4171
4812
1482
3704
3702
3654
3215
1505
2244
4094
1496
3200
3209
5163
6312
1515
2236
4125
6374
4112
2100
3710
2041
3434
1064
6205
6203
5059
6184
3861
6699
6694
6533
3334
6708
1979
1975
3869
1960
6554
1953
1864
6575
3377
6105
6136
922
6663
6686
6515
3298
3480
3711
6383
5205
3712
2179
6286
3725
3241
4074
2158
2156
1602
726
6442
1616
5387
3265
5117
1196
5114
2091
5097
1166
1692
6482
6230
6224
3705
2246
3651
5475
4641
16
249
4723
78
494
5507
5884
4633
253
4684
5584
34
62
4776
4485
7051
3153
533
4749
2501
4234
5484
4550
2310
2348
7080
5469
4445
2836
5729
2832
4643
7044
5953
5640
4727
5490
2606
4446
7110
4383
414
2489
587
5645
2416
2867
2869
60
4713
284
4365
2413
4508
6823
4172
4597
3058
7112
2262
1693
305
2920
3339
4322
1989
6024
1990
3400
3870
209
4033
38
2083
6045
3987
4954
484
5161
2766
4736
4953
5865
4251
1730
1550
365
6723
1542
2922
6523
4705
6043
4554
1911
1735
5846
793
6215
6063
5074
57
6065
4286
3308
1079
1832
5083
270
2585
1068
1792
36
6073
4671
390
2019
255
6049
1084
3621
3989
6375
5873
3696
1022
3827
6693
5494
810
3331
1351
2247
847
6325
6078
1839
1784
1060
5544
4276
1894
6668
138
649
4349
4832
5509
4835
5398
660
2899
6769
3937
7098
2764
564
7094
4771
5217
2676
7005
5033
5447
3164
2188
1382
3208
4116
4363
3715
6393
2750
5210
6406
2861
6817
6146
2862
4819
101
2475
5406
5649
5977
114
6792
1452
2873
1919
4123
6790
7143
2282
5962
924
3248
5680
3887
1460
915
4644
722
4331
728
5835
74
6477
1677
5235
1363
1174
200
4065
1334
1335
5681
516
865
5119
985
6762
3141
5832
2289
3544
3243
316
3542
3247
2765
5125
3548
1012
4382
6552
1849
6539
6171
304
1014
3605
1026
1875
1380
6535
2537
5023
2504
298
1833
3395
5325
6559
1531
6558
1365
5537
6300
4649
5148
1627
1227
5204
3549
4642
2670
1212
1625
6248
6245
2663
5112
3531
3530
7168
6480
7074
2677
79
4628
6391
3718
3569
3568
6265
5597
2875
7114
132
136
2884
1566
2696
4594
2895
5675
4621
2659
6181
1168
1162
4659
3831
3703
1085
1541
2599
1075
5089
3701
1539
2583
4401
5759
2958
7052
6524
260
67
68
2931
1160
2907
1156
5687
213
214
6287
2923
5255
1137
1731
4427
1549
3810
1747
3818
6218
205
3920
4152
4552
6015
5347
798
5342
6016
5921
824
3296
4837
4235
902
5910
2355
3945
6121
5989
647
3250
4778
3233
845
1431
3305
6761
527
4708
2151
4707
1461
6355
682
3658
2406
6759
5966
13
5863
1963
