4963
6451
854
4977
3598
3639
4967
307
2142
82
7075
6452
85
856
88
4978
5949
87
7078
81
1744
2147
3684
583
5110
2313
2416
2057
7070
978
4383
1445
2093
4389
771
6455
1109
6889
5361
617
3911
4925
975
2296
4965
5991
4440
432
4380
3725
6770
1333
2141
1331
949
552
824
2239
4924
6458
2052
2462
5950
4454
2094
4458
1492
2144
388
977
4739
6518
384
2648
1202
584
2554
6773
534
1259
971
974
1330
5140
5920
1402
3119
2898
610
5302
3909
5055
7051
5272
5359
4467
4596
4597
851
2132
423
2095
4387
6187
1897
853
2938
4973
3053
5128
2010
580
6372
1203
37
1080
2414
2149
2859
976
2469
3633
4637
2339
3997
1748
6873
1896
855
4651
6799
5925
3688
304
4368
5512
943
4393
850
4791
1444
242
3134
4676
4673
235
1014
587
3309
801
3301
4706
5803
1258
3988
774
6844
1201
4605
4447
89
2418
4792
2651
80
2400
1819
6411
104
2292
1877
4927
5013
6210
5980
4961
5021
6360
1490
3594
274
4238
272
4677
6366
2453
5054
3629
6261
973
5094
3496
5630
109
3682
1664
4232
882
1769
5375
4066
338
4527
4962
3968
4928
7079
1870
4522
4521
4592
6204
6191
2412
4136
5669
889
5331
6152
3351
3595
2594
3112
3097
5150
2698
1251
3054
3198
6614
6674
4415
3003
2134
1491
6635
2063
5122
1895
1799
4529
2090
4015
2693
4018
857
303
1416
3780
43
7091
879
4536
4798
5144
895
2098
3058
7086
1448
4599
755
4525
5124
6209
733
1497
2962
2969
741
3913
4130
2279
1904
6616
2315
6199
308
6193
6044
1138
3723
6771
3381
3388
5744
1740
2464
5388
2602
7100
5688
4364
6105
4236
6727
2488
4245
4365
5722
2621
3173
1752
4470
1134
2658
4459
5551
6459
6227
1274
972
947
2656
6291
4274
100
2646
582
1943
1035
503
4088
2059
501
496
4343
2136
7001
2146
4385
438
6946
5330
4141
5321
2031
5315
2121
4093
2039
1905
618
2259
557
6290
2175
6273
442
4038
6592
2273
3517
2542
5646
3484
3482
1660
6111
5700
5702
5707
2580
5740
5771
6104
2476
1634
5821
1275
1276
1278
2692
2711
2715
6051
6619
3012
1494
1433
1487
5992
4442
4030
6755
1734
4013
1889
6863
732
736
3978
3954
5419
2294
3866
3839
2301
3784
858
5611
868
897
5508
5510
2419
1757
6139
3632
5565
2458
2460
2465
2467
2468
3546
871
1205
2513
4553
7124
30
4782
4595
5127
7106
336
83
49
4816
302
47
4701
301
4964
4675
4863
75
6877
6878
1675
5897
6625
4446
3059
6237
5853
335
5843
6381
3106
3963
3114
754
330
3055
5857
7066
6894
559
2590
6288
4216
573
5318
5051
4975
5342
4149
1977
5929
1421
6519
639
4106
1661
4099
6610
2980
1379
4568
6898
6892
5423
3912
2252
5091
1156
3342
6681
5556
940
3636
1133
6196
3618
6695
1756
5164
6190
6772
4678
5667
5081
6186
1786
6756
5155
245
5631
5693
2509
5179
4622
5435
1273
1270
554
1908
1261
1714
1252
4594
3826
3825
5511
1892
2477
1233
1215
5791
2471
2470
293
2466
5766
2291
214
5474
382
5851
7007
1495
4329
4810
1493
2757
2652
2710
394
5253
1591
5288
494
5277
6061
4338
2593
4451
1508
6059
5031
5299
2030
942
2096
2691
6413
5518
6615
6851
6896
2778
6993
2682
6784
1321
3080
5845
4053
3982
2099
959
3056
6416
3995
2553
4698
2318
7155
4034
269
5251
3344
927
1936
5540
2097
2298
4560
2017
6115
1336
4037
6512
4692
6630
5842
891
1175
5789
6543
5795
5998
6576
3887
3782
207
1256
1255
5797
3174
1229
1899
2484
3169
4960
3842
3841
1239
1720
822
6646
5267
3828
2620
285
4730
6568
2529
32
4920
4968
3961
2293
761
3118
5095
5421
2518
5425
5748
6548
2290
3940
3130
1279
4580
115
6099
4736
4926
5076
859
40
5563
5822
3623
6765
593
6106
4277
6067
5337
2911
5293
4971
5681
137
605
6297
3592
150
6277
613
148
4448
4135
4301
4781
4528
5601
6523
1813
3512
6737
1043
5042
5634
556
7053
1471
5627
6726
1469
4794
6174
1633
2131
2589
4205
6332
2410
2587
2585
1455
425
1826
2350
6788
3401
3376
3387
5126
5103
2967
4892
6603
6101
1501
1659
4314
1834
4526
979
4306
2064
6267
2968
1404
1130
264
4449
4424
1971
436
2186
2048
3773
5622
2407
6456
5613
1207
1534
7104
5616
2712
7154
3628
6089
5810
3508
6738
6173
1575
240
1891
1132
5623
2629
2394
6752
7041
6454
3786
4441
6569
5626
1039
265
6183
3762
4834
5576
1750
4620
3683
2699
2696
5516
5684
2297
921
6798
3412
3685
3333
4699
3409
988
1758
6706
1824
275
1117
3271
2324
5772
6721
941
1814
5606
5558
3255
4614
1177
6687
2068
6704
5584
884
6684
1184
1580
5709
6468
5086
6711
5996
827
5385
6248
2555
4036
2556
5377
4532
2788
1665
2187
4073
2991
6036
6265
2974
2971
122
4309
3018
5395
3993
4000
6870
499
10
6880
5892
3019
6236
4327
34
4325
4016
6618
6363
829
4012
185
5358
2965
1631
13
5043
2007
6591
5310
157
4202
5298
5986
5990
4796
4246
4247
5993
4255
6586
1499
5106
165
2956
4115
6272
5922
6972
1412
1413
164
1418
1652
5123
604
2910
2148
4976
6296
2939
6992
4535
3960
3967
2627
5101
4742
3111
5410
5424
2482
3849
3977
6643
7004
2746
6995
333
4587
6383
5469
2504
3875
3493
1277
730
1248
1266
2758
2539
1446
2623
2716
1449
3444
1545
1784
2654
126
3433
3139
2933
3133
4809
1419
3132
6113
3411
200
163
101
4790
3492
2392
1480
1244
4799
3164
3155
6163
234
6585
2730
6074
2591
6596
2855
3466
1232
4793
1716
1586
3191
5662
128
5820
6649
2408
5952
1218
