6454
4503
2046
1978
784
4500
3265
1965
1732
885
4509
4504
6985
1736
2231
2043
974
1639
1197
6355
3303
3266
1008
1734
7098
2044
978
1977
1967
291
5287
304
609
3295
782
5746
6054
1792
4501
3698
126
5731
301
5701
3094
6834
559
5706
1766
5017
298
2158
297
4383
3304
1731
7006
1729
2059
605
557
6478
5494
312
5692
2519
4507
3868
5689
7090
1737
1738
1103
2714
4973
1951
1735
788
5025
2691
1799
6770
5411
5012
2047
1674
1979
1274
6818
972
1575
2041
4653
1797
4812
4351
4248
5576
3090
4895
4508
1117
6327
1760
800
3269
91
6208
6671
5691
1733
1191
669
4205
3832
3350
1615
1603
6206
3682
1968
4918
5696
4054
3514
1962
6822
1315
3639
2232
1759
2221
350
6839
2225
1761
994
5698
1904
5456
3305
6239
883
3571
214
6323
1482
5735
5999
576
4433
5385
2718
5732
3676
2040
4441
2119
5230
2696
2694
6168
3689
5678
3260
3697
351
607
2670
4506
2022
5693
5687
735
1424
4965
4652
1777
4957
290
5684
5683
7071
3606
356
780
6321
1484
5278
781
5632
4782
436
1582
2118
4089
3099
2175
4557
5629
4971
314
2213
2017
2943
4085
1966
4095
305
2569
6982
2581
4505
4320
5681
1636
665
3768
3727
6128
5113
979
107
976
3758
2445
4449
5486
4977
4751
4721
1194
6800
6117
5924
4381
3925
1894
4980
3974
1633
2657
2381
1485
308
307
4382
1676
1190
2048
6517
4380
4366
1768
6214
5110
1665
2464
6533
3055
1762
313
1020
2998
51
4941
5246
5410
1493
6190
758
730
1014
755
1085
3686
7142
4567
1005
5670
1002
1147
6831
5273
2956
1959
1310
282
6244
4083
6120
4052
3519
4081
6837
4658
5590
1960
4241
5256
467
4212
904
1619
1273
5487
2903
5742
4588
6662
698
6588
1333
4246
4615
3754
6237
5991
2222
1638
2952
3930
1849
1207
1767
5697
595
5995
428
6512
601
1663
1669
1887
4038
4637
5992
1831
4915
6514
3263
5147
3127
3092
1751
1637
666
509
1865
6471
1866
1730
6472
5269
5635
1536
5420
6885
1672
4582
5661
633
3192
3699
6397
3518
7134
5181
2948
3491
121
1312
2954
2200
6213
5471
296
1397
6212
2476
1203
2449
3757
4230
4217
3563
2877
4983
2897
1243
4799
2909
2283
1217
2429
6344
3759
5290
990
88
3535
3684
3693
5544
28
7147
4645
778
6755
2145
5614
2674
1427
2522
4367
4940
1087
4945
3765
920
5573
6779
5028
4256
5645
3766
3690
2793
6121
668
6669
4122
4759
1631
4864
6519
4756
2672
5676
6159
5532
4502
178
175
169
5790
3977
86
2695
639
2719
2506
983
6201
1003
3220
100
95
2515
1763
5249
3666
87
3267
27
547
3638
3601
5427
6224
130
6913
2466
3677
964
122
6953
1798
5543
3624
4667
5270
2781
3538
731
814
3835
408
1537
3098
293
4959
3358
2958
3318
1365
1972
5606
1571
3502
3821
850
5091
2218
4949
3380
776
6017
3404
3033
1488
2057
2050
4834
4131
2045
4829
4435
2030
2029
1429
2026
4430
402
2947
1700
878
4657
6438
1309
5376
5741
6832
4976
5192
1937
3330
7008
3320
2238
4583
5709
7007
3674
761
699
5024
1024
1106
5695
5734
3794
3579
1489
1316
3262
5673
1612
5436
6665
3257
6672
789
1630
3694
3859
5026
3839
787
3708
3541
5104
4580
1118
4921
3632
6857
642
868
1640
4920
3600
5736
3494
1668
1664
1204
3611
3510
977
3337
3833
5686
5885
3268
1576
812
5320
4985
6897
4948
5328
5702
1592
928
1214
4955
6723
6836
6740
1278
3515
4166
2525
5624
2523
4111
7038
4123
3038
2527
2441
6053
3012
5258
5174
2989
2153
2160
4394
6359
2528
6423
3139
4720
1923
3126
2711
2585
6443
404
4086
421
4324
1981
418
6432
3100
2558
433
4396
6356
2191
5189
2785
4223
4420
4666
4226
6261
2872
5508
138
174
6123
4744
5574
7129
6229
6114
2462
5372
4203
6216
6217
115
7073
2949
2782
2226
2469
2228
5600
2237
129
2940
7097
7099
4803
4660
3140
6451
4439
7126
5345
5119
3227
4055
518
5662
572
6494
3161
3979
6165
3226
4355
2679
4612
1754
6987
3198
3142
2614
2654
2615
4023
1769
1773
6950
5419
1826
6348
4026
7078
5564
6951
4596
1329
6796
6648
2215
5739
2230
3810
5779
3505
818
5109
4818
6958
824
4688
4162
295
1156
2957
6166
5027
4891
283
6493
971
4169
5499
116
1162
117
2950
637
1346
5469
4807
3529
1192
1236
4245
3752
917
1230
7114
6124
4988
6510
3755
1219
926
6125
6236
603
4254
5511
6233
944
2797
2650
4243
3570
1725
6119
2270
2276
553
2278
2971
5586
1193
3745
3224
3531
2927
6661
4222
1750
3604
2787
4669
135
4758
2645
949
4682
2867
6361
1600
7070
733
3670
6986
70
4581
2555
3163
5488
400
5997
3371
1881
2551
6573
1004
3388
6205
3391
6772
6910
2167
502
1862
759
6140
3712
420
1618
5538
4619
687
1025
2699
6759
3678
1932
4723
457
3153
5546
2565
1616
4325
5097
1580
5990
7015
1963
2625
4094
1969
426
3884
6156
1860
105
4393
3178
2110
5437
3435
2751
1646
6369
6868
1837
5759
4714
6731
98
2980
2159
1428
319
4738
5558
2507
5482
785
1462
4436
6410
7034
4440
7139
5964
3035
4447
6468
6394
1478
3853
363
1842
5013
5556
3409
766
2562
2493
3660
4686
2497
2463
2611
6169
2443
2698
5390
5029
1084
4516
6778
2689
1187
2623
2465
2684
6732
2750
6703
5769
6167
4725
2682
5923
4685
3133
1925
1926
1929
3332
1936
3124
3122
6555
1588
6444
3328
6436
1995
6568
1547
1544
3095
6571
5998
2020
5876
2028
3396
1561
4856
1912
1601
6520
1709
1723
3264
1765
3274
6528
6501
1793
1794
1666
5952
3197
3291
1839
6464
1868
