6457
6459
5123
3876
4363
1027
6707
246
4731
260
1412
5743
268
4417
5773
259
1136
3053
2417
6304
254
5081
6706
2827
2471
2821
2412
2410
36
3213
6152
4265
6315
6091
6704
1714
4364
6317
5516
240
1527
1711
5462
5974
2171
242
362
6299
796
32
6048
6042
2009
2411
865
7106
4324
4739
6513
269
264
6693
5119
1072
5938
3110
249
5675
6347
2399
5124
251
1605
5907
2489
5128
2301
1289
6290
4190
5151
2890
4260
5926
388
4174
5283
5915
5912
3112
5904
256
6812
247
1971
1795
2465
3054
4267
1105
2414
4892
6523
2707
2419
2656
6955
196
6696
5284
5424
5641
266
7052
1266
771
6221
2156
2677
3170
3655
797
245
2824
2663
2252
265
4400
2170
6840
1983
100
1791
1402
6041
1987
3075
3913
5092
6094
3441
6059
3556
1332
6044
6153
1338
6702
272
1844
4923
6045
384
4924
5076
4894
743
6297
6060
338
6040
5036
3029
6043
3026
2337
862
2339
4730
3308
3657
588
1757
5127
5125
4269
5664
6420
114
1362
1716
3731
5087
1376
4931
5727
2232
2473
4613
3234
6280
5957
6795
6792
38
4893
1533
6005
3960
261
827
5341
4559
5902
5839
3307
3069
4517
2508
3134
5984
1554
5913
2413
3231
3513
2860
3901
3605
2257
1413
1189
3173
7047
4102
380
1216
5493
619
361
2179
147
4870
874
2150
116
5685
6202
4875
2685
3747
1718
397
947
5309
4996
5021
4734
7008
6062
6068
6300
6313
3559
2333
1108
895
3999
1456
5205
2304
3734
4817
864
3732
858
4928
2704
5234
4193
4194
6723
6614
6923
2723
2720
5033
748
751
3022
2692
6775
4879
802
4479
3051
6791
2655
4449
6803
1710
868
7001
1244
3954
6019
4732
1080
2338
46
4299
5466
2308
1538
4297
7118
3514
4415
1520
2234
4405
4262
152
1232
870
4290
6070
3438
3443
2082
3597
1992
4100
1843
1806
1996
1724
1657
7155
248
6416
217
5353
5962
243
2439
4518
262
1640
5954
4784
4813
1715
3583
5306
1050
3739
442
6350
5744
5791
1976
5047
567
5945
4295
1955
4999
1719
6793
1523
1515
4180
3059
1562
3065
1846
6798
4356
3042
1675
1778
5838
4325
3071
4939
6782
4485
3023
1518
1771
4938
3738
1388
2713
6537
2705
2368
6340
774
6343
6529
795
2398
798
6312
1035
2416
6515
2653
2645
2474
839
5346
2488
4446
2547
866
2406
5460
744
6309
2051
1369
5091
4361
6157
4272
6697
6187
1261
2180
4393
5588
4404
6679
5495
5490
6287
6291
1156
1139
5171
1138
5176
5465
6307
2007
3105
3584
4159
3305
431
4112
3217
4780
3591
111
76
331
4713
332
244
4818
4642
4550
6996
3301
4723
203
110
4845
434
6880
4726
4810
7043
317
1831
6546
742
3653
5548
1570
4819
1840
4592
3996
3907
2632
5189
4413
3650
1990
859
3914
150
580
391
4116
5903
387
5074
5702
5975
1267
2146
1628
6220
1780
4675
6692
1781
2154
3542
5122
3659
2176
2813
37
3874
1385
5720
6949
1870
4816
4781
6414
2314
241
7097
998
7012
4080
4432
3629
2415
1107
4418
6358
2397
1101
2390
6341
6314
6086
5421
4737
3668
5429
5774
258
5350
72
273
3735
3737
1526
3512
2294
5022
4217
892
2573
6295
6298
5293
873
4296
2302
2541
5821
933
5307
2306
2307
6056
1902
5321
6450
4292
6467
1368
2343
5923
4098
6755
3061
119
3610
1677
4367
3077
1363
1336
1335
4266
4937
2078
395
5956
4505
3665
4554
392
441
1366
4920
4513
5914
2309
3744
43
44
2673
6930
1556
3568
6534
6301
5351
4132
5178
777
4261
6008
3060
1499
4222
1578
5195
6434
4401
1833
6438
3998
73
4402
2090
6183
4905
1835
746
4535
4900
749
1908
267
753
5216
4861
3062
3848
278
6302
2514
3214
5302
898
2574
2642
2640
4587
6904
6294
2105
4704
56
3381
3233
1994
6292
5951
4130
6289
3733
6962
6173
860
3736
869
877
2058
5272
1988
3743
6888
4104
6525
922
3013
4575
5469
2251
3216
5955
4534
1184
3993
2665
6485
806
6469
4707
5298
4846
819
3992
6482
3019
2652
499
6940
6887
807
5803
1566
368
2981
1786
4876
1788
1097
3298
610
6691
2394
2157
4128
2081
2418
215
5631
5403
4877
1013
4362
6992
6845
4191
2407
6147
4506
108
375
3825
4868
4673
6348
2331
5761
2069
1779
6699
2400
1815
2974
4263
6694
1268
1100
6994
4568
4114
677
6330
4693
5416
4177
4198
3669
6905
5140
3001
2316
4552
1346
6207
4597
6080
5765
576
2319
2375
4015
5389
5668
5910
6087
2818
5041
5382
7167
2919
1092
201
4814
1721
912
6167
3504
4926
2071
6476
6083
3509
3093
3852
5789
5419
6896
6332
5950
4925
2335
1513
6889
6853
5781
1460
3365
6897
503
3117
6470
274
3072
5340
5368
6065
3968
5795
6436
270
5464
5345
6428
1487
6303
2460
6797
263
4179
6417
2475
1920
4639
984
1334
425
1434
250
3073
1876
5813
3126
6787
1042
6352
6843
3609
6311
4085
4930
928
1502
5305
5679
5409
1029
193
4793
937
1470
5939
6465
3748
3350
6460
1337
1130
5399
6790
77
4291
4118
2607
4044
4268
149
4014
3174
6762
4685
7137
6675
355
673
357
2036
6758
1746
666
4158
1793
5617
6241
736
4863
2721
4865
5208
1828
3911
2199
5200
6768
5728
3369
2761
6010
6576
5589
2744
1361
2837
1381
3815
602
2134
5053
2961
3552
589
5077
1283
6735
5035
6743
2124
5658
6737
6739
4878
6746
137
5978
1254
1255
5099
2856
6698
369
2862
3164
1660
5016
2873
2878
2879
5085
1633
3155
5637
6926
6179
3401
3990
5226
1195
2243
5237
2245
2247
840
4582
6281
835
396
2004
1411
2648
791
793
799
6937
4211
2256
3607
4089
7053
1997
7061
6518
3219
7130
773
779
