6467
4198
6460
4199
4192
4190
4193
4194
4191
6469
4196
6492
6056
4877
1121
6500
6490
4879
1120
6504
1153
2102
6465
1123
6373
1122
1154
6971
5761
6976
842
6497
1127
6486
6485
1159
5087
7127
843
5747
6974
4875
1151
2584
1368
6484
4958
4872
2530
1188
1126
5762
6461
1129
2634
3941
4876
6028
6055
6059
1364
4781
4025
2427
6052
4100
6688
5405
2738
1367
1366
4878
1262
1332
2139
1264
2637
3834
2815
6687
5163
4727
6508
6977
1369
6097
5509
3910
1362
572
3904
6303
7059
6723
2896
2587
5743
6078
1152
2570
5211
847
5215
3852
6735
5694
5753
1128
702
2966
2025
5940
1821
1137
1756
268
5213
6475
6682
1365
2258
4028
2644
4583
2653
4588
985
1155
1823
3918
1371
3907
618
6342
6689
2054
1180
1822
6576
3830
6647
2036
4580
46
3964
65
4589
4797
4787
2290
3938
2655
1320
5491
4862
6973
4022
56
6268
2375
1146
1301
7030
576
1158
44
76
3096
2156
4662
6357
45
2024
4581
51
525
5403
526
111
3902
6096
6686
2649
286
3222
934
3919
6756
5088
1132
4870
6684
116
1390
1268
3916
3914
2120
1828
4585
316
6526
865
4992
3917
6350
2510
6349
6498
6937
317
5
4931
6358
5642
3562
1392
1636
515
5009
6563
396
5119
55
6657
4363
1701
3838
6473
5186
6113
4582
3833
3832
4020
3112
4029
4774
2536
1131
2872
4509
6693
4213
3261
6423
5264
1945
523
6835
2534
5258
1373
5738
5682
5749
3060
120
7048
4519
1
4254
4250
6131
6184
2531
4400
427
6347
1147
1824
1632
5921
3370
6292
4419
6307
322
5945
280
1758
6425
1707
3861
6930
6522
4731
6534
5019
1778
2355
2962
6685
6681
6424
5236
2910
953
616
619
5216
4759
5209
5190
749
6633
6639
6509
2603
6932
6730
6727
118
2030
3044
5588
1041
251
4886
3965
3615
507
2489
58
4706
3655
246
6481
6111
4788
3213
5095
933
3905
4324
924
6057
2145
4789
6081
4298
2116
5015
2117
2302
3226
6099
3947
2282
5237
5151
3520
3509
3469
518
2031
3589
4163
5570
796
4598
5492
5778
2039
651
2021
5815
3389
1011
3659
2063
1483
5306
4195
3707
3379
1941
615
4403
3656
2035
2513
2435
2778
2843
1334
2922
2554
2879
6979
1829
7053
6299
6384
6507
6912
1780
6774
2610
6775
6457
262
3011
3016
3041
6914
1305
52
6314
3150
3050
2838
2730
6182
1361
2715
1902
2421
6336
6427
6428
1322
1245
6123
4
7140
255
1204
2961
2521
2459
2522
287
49
6949
6904
5537
4779
6911
6888
6600
6606
3556
2582
5625
2331
4073
2474
4778
6613
4724
513
4750
4031
2105
1786
5005
5535
1269
1706
5404
123
4881
574
575
2677
2055
2975
5373
6590
5351
5326
6720
142
2357
5297
1198
567
3658
929
6833
1340
540
5499
6482
5495
6599
5490
2088
5228
947
5465
5448
1263
5437
2420
5434
5532
4102
3485
5655
7052
5976
4406
4263
5963
1527
4416
1092
2374
6282
4417
6284
5943
6289
1149
2110
2161
2252
5948
3297
4212
1622
4273
6185
655
3241
6090
1605
6087
362
4228
1750
6079
2520
658
6062
3860
6211
5123
6218
7112
3836
6302
3906
4939
6700
3459
4586
475
7041
6959
6386
2574
627
4130
196
3075
6952
5742
2316
6421
4119
4606
6972
4103
282
6622
6994
5850
4517
5838
6339
2090
283
2426
3436
2310
4642
6975
1074
2437
1072
4552
4951
5008
2837
2748
4991
659
2770
5001
5014
152
4995
4998
1754
6677
2152
2124
54
792
50
47
41
805
37
36
1303
7042
4449
4432
4407
4399
4204
2293
4223
2523
2308
4321
4226
859
4279
2578
4592
779
4059
6739
4930
6751
4924
1724
2343
2704
709
1721
124
6773
4937
4008
1715
923
6787
4017
6825
2342
2632
1679
4037
4716
2153
4863
6659
3210
524
1470
3525
495
3521
6422
5673
506
285
294
5752
6378
6364
5769
1164
6420
3438
3579
514
6489
3609
544
2417
5528
2034
3582
3597
528
3592
1755
6464
3583
1179
3593
2020
3415
5813
3264
3171
6217
1135
1105
1494
1363
6069
3199
1360
6082
1900
391
3228
6206
3290
3306
6021
5816
1080
3396
5859
3387
442
441
6295
336
1826
5962
3159
1095
5977
1933
243
3635
4266
5280
5372
189
6560
5352
6619
2425
5212
2071
3668
6612
2904
2072
2423
3693
3694
1378
2346
3777
989
5271
2082
3774
2933
1519
6527
2899
5413
5425
184
6652
3876
5436
180
2097
5408
5401
3837
2967
6520
5099
3912
3252
3383
1300
1216
3390
1108
3244
2871
1125
2926
3110
2517
3825
3380
2309
3835
951
2537
3413
956
3341
2511
3831
2903
3903
950
2860
3901
2571
2345
1339
1025
2371
2605
3045
1395
3587
3023
2334
4005
2633
3605
4021
2471
3606
2663
2661
3608
4006
4016
4015
921
3010
1266
3013
2645
944
905
3049
4183
3107
1069
3449
3083
2742
3752
3071
3471
3685
1040
2719
3678
2965
1004
3536
3568
4075
2500
1173
2364
3664
4104
2869
1566
1486
5768
465
1974
5854
449
1955
5870
5891
5944
5959
1939
1932
473
417
1930
6047
397
6094
1497
6112
6116
1909
6158
6183
6202
6221
6036
6255
481
5690
5232
5284
5285
5291
5298
5309
5333
5396
5435
5438
5445
5470
5723
546
5545
5558
2033
5587
527
5602
5640
5654
498
5657
2026
5672
542
6269
342
335
6721
6759
1539
1711
6782
6786
1705
6887
6905
6907
6910
6920
6708
6924
71
1635
60
35
7044
29
1631
23
7092
7136
7159
7164
6935
6706
6702
6701
6291
6306
6309
6312
6315
6317
6338
6346
6429
1811
6456
261
1779
240
6511
215
6574
1771
1763
6621
6631
183
6650
6653
6654
1533
6695
611
5199
662
5102
4997
4506
1431
4999
2295
2155
4511
5079
5063
4838
4362
2515
4898
