4468
1596
7027
3398
1595
1593
5062
5627
1599
1594
5621
3002
4466
5618
3004
1590
4469
1421
1597
7028
620
6401
6402
1000
4464
8
5626
626
6417
6491
2206
5292
4127
5068
6403
5506
4156
5293
6212
6495
6863
5629
7020
5620
5061
1425
1040
1457
1861
5622
1867
1193
628
1981
1469
6160
6784
4121
4123
1055
2972
6407
4460
5806
3561
3391
7023
2944
6865
4643
1465
3892
6477
1984
4200
4647
4203
5372
1598
1989
4249
2459
3374
4646
4082
622
7021
5255
4462
6695
4743
2509
1464
3603
3608
3500
3392
3399
4640
4644
2209
5392
0
6213
3394
3600
3379
4126
1869
3507
4465
2188
2405
7158
1468
1863
6499
1342
4253
1386
3395
1864
664
6408
6405
6625
5623
5250
4649
2956
3872
3505
1195
5798
4088
3006
3397
5067
6216
1422
6415
6854
4463
4162
3005
1613
1234
5065
3371
1662
1461
6219
4467
1393
1196
1614
4672
4015
6285
1466
4648
920
144
5767
5804
3566
3393
1912
1913
606
1982
2503
5131
2502
6494
2844
1426
4164
4954
5833
151
6165
2909
6215
6419
5832
3009
3289
1592
6217
4161
1591
3616
5547
6214
5545
7029
4641
7013
4642
562
5256
770
2996
1429
6479
5060
2500
5496
2669
5760
3606
2678
4165
5884
2682
3509
2676
5478
6365
2326
2589
4011
5660
5441
4013
5312
6872
6273
4120
3504
1516
4764
6978
2066
2664
3455
7014
7010
3864
1671
1985
6860
1423
5335
1172
1118
4843
738
6533
6570
6569
4841
5248
4679
2870
5334
4169
5114
7150
146
949
2663
6151
6211
3377
7018
2671
7019
6027
5519
7024
6227
2081
5339
5476
4575
4603
4083
5941
6236
4633
5473
305
2666
4017
4645
4461
2913
4848
2675
3699
448
2674
887
4276
623
2618
3149
3287
4612
4163
2183
2200
681
6007
1550
1610
5992
6326
6344
6476
1617
6549
5800
667
2328
1865
2104
6677
1280
6991
1079
957
5624
2741
5596
4356
608
5597
4334
1884
4255
5897
179
599
6035
2875
143
4958
6237
7162
3457
3420
941
1052
1054
7006
3617
3285
3283
3810
3181
6554
6481
444
3877
3895
6307
1963
1566
4045
2900
5572
1673
5332
688
2182
2547
5411
5557
5259
5253
621
5179
2504
5148
2399
2440
2501
4849
2499
4763
5495
3451
1987
4283
1420
2065
4330
4677
3136
3092
3842
6553
2527
3863
6498
669
4650
5764
5251
1914
1427
6446
6437
3782
1398
4341
1351
220
2458
7155
925
5552
3396
3503
2445
7012
2979
7011
5135
5542
4827
6946
4822
3619
6890
3623
2060
1076
2274
6478
2886
5666
5446
344
5937
2083
5883
5881
141
2862
2808
4208
4219
5796
4285
2732
1866
5823
1583
1980
5398
6232
561
6293
5632
5505
3450
6242
3019
2602
1559
2788
1059
609
2168
2069
1017
953
2085
1448
1552
1881
922
2452
1045
2926
2494
1811
2572
2506
3249
1567
2173
2394
2592
1416
2905
1860
3294
3360
2201
3370
2596
1333
2910
1219
2170
3065
3297
2672
4079
4041
6783
6745
6670
6661
6586
3849
5257
6566
3894
6532
3949
3986
5297
3988
3820
5388
5458
6250
6233
6230
130
6119
4289
6080
4128
5996
4209
175
5826
5765
6411
6869
450
6972
7074
7054
3628
4844
346
7051
3691
7113
3718
7026
4957
7015
7017
4576
6976
3816
322
4596
459
6996
4547
7072
4705
643
5550
4771
5570
5575
229
5518
2027
4634
5522
5449
2082
2327
2390
5169
5152
5235
1911
5145
3452
673
2444
2204
5390
5443
5211
2084
2074
1901
3453
5713
6867
6964
1171
1169
1123
6998
1078
7009
1419
7036
7079
955
7087
7123
7129
924
7130
7146
1029
6567
6472
779
5769
5821
1793
1738
5837
5916
6110
6162
6220
2564
6252
761
114
1467
6395
6400
6449
1443
6470
5664
2566
882
2573
4347
4342
3174
4316
2888
3039
3030
378
4308
3868
4286
4284
3898
4355
387
3987
4007
2943
4039
2819
2822
4179
2920
4171
2917
2911
4047
4155
2978
2660
3829
3696
4595
2601
3575
493
3488
3484
4592
3387
3621
3620
625
2657
3613
3596
2947
1451
6387
1439
6434
6431
4012
4018
3288
6310
2906
907
6205
2907
3434
6226
4043
1579
6239
2915
3501
3502
6296
2925
1428
6324
1015
1016
6485
1199
3817
6971
3756
3787
3215
3744
3233
3246
1167
1127
3792
3286
3788
3237
3346
3818
1238
6539
1020
6552
1026
3007
3021
3626
1410
1041
3847
6691
3637
6766
3098
6866
3941
6161
5867
4103
2627
5206
2653
2661
2662
5273
4433
2267
2230
4401
5318
4359
5414
5417
5424
2180
4329
2171
5456
4490
5459
2391
2396
2555
2548
2574
4676
4602
4597
2507
2600
4820
4846
4897
4932
4956
4959
4965
5079
5084
5130
4591
4495
4072
5470
2087
5667
5668
2789
4201
2815
5790
1855
5834
2869
5836
4168
5857
4628
1619
5871
1616
5908
2874
6034
4202
2100
2783
5616
5479
4310
5497
2673
5499
5512
4305
2061
2007
5546
5553
5556
1983
5564
2746
2768
5590
5602
5608
2781
2324
3584
6
345
382
449
814
486
801
592
710
712
176
483
111
456
635
3376
3372
3238
2080
5968
2102
4335
279
516
5960
4332
4540
3048
6043
4823
6797
4543
4320
452
6805
6031
2004
6021
3367
6822
705
544
4023
162
5931
1051
3793
1047
4049
2306
4769
1036
2322
2329
2346
5762
2876
4496
4379
5330
1053
816
2914
568
4608
4348
509
686
5878
685
684
2106
3811
4040
1090
5840
2256
2264
2918
2272
5868
5172
1921
5162
1403
6404
5033
1612
1615
6392
3166
5066
6349
1382
1381
4572
3254
1666
3146
1404
4953
1411
6413
1463
1454
1476
1479
83
4257
6471
4259
6447
6443
1565
1568
3248
3923
1415
1589
6322
3602
3135
1893
4600
5157
3553
3622
4840
1910
6760
1915
1241
1916
1917
1919
3448
1924
725
1856
6149
145
4590
4293
6271
1733
4593
1336
