6474
4257
1980
2971
7126
2585
3093
4124
2900
3136
3162
3376
5696
4023
3560
2586
4255
2501
682
5339
1343
1355
4195
3372
4258
5251
3928
1353
2588
5698
2487
5695
3094
5330
6413
4618
3095
1865
3375
4021
3371
5012
5018
6411
6496
1864
5334
3373
2830
3130
5290
5294
4463
3374
5508
1981
772
2759
5299
683
4760
2907
3377
3480
3500
3090
5622
1357
4759
1358
66
5253
19
1591
3379
6464
3484
3487
1351
3509
1784
1547
779
3097
4790
5794
3922
57
4928
4014
2581
5258
1348
1359
6257
4791
3134
4934
5230
774
3508
5631
5625
3502
5791
3883
5314
3398
1909
5337
4921
2763
4011
2764
5797
5472
4926
3396
5335
5634
3394
784
3864
229
3600
649
5505
3245
1484
3378
3885
7129
3092
1866
2254
6417
6444
6326
2193
6443
6734
7141
776
777
3880
4763
5333
5803
2833
4792
1903
2884
11
5319
2908
6818
5332
4167
3241
6466
5397
2583
6248
5626
5331
5252
6478
5630
5620
2083
3948
1956
3699
7146
6499
4692
6991
3240
5293
4774
7145
681
107
6441
6495
6477
3135
5503
6419
4651
1468
2924
2340
2682
163
901
6867
6362
5719
3444
1601
5717
4027
2296
5296
652
3482
5691
2920
5113
2897
4126
1352
4060
594
6027
298
3391
1466
3370
4624
3689
321
6586
16
5880
13
2509
130
2364
1541
5610
4627
4715
921
6219
1167
3000
2906
5475
3057
4334
2270
4015
90
2836
2834
5493
4779
6374
3489
5105
3098
4026
6210
2956
4596
1198
3106
2742
5500
4755
5204
7017
1110
3889
2197
4357
4464
7087
685
6978
4147
4135
1341
4123
4088
4024
4251
1385
4017
1901
4013
344
4350
2003
5809
5131
3858
5624
6719
3622
1460
1868
5933
2689
2732
2755
4718
5011
5070
773
1550
4764
778
2195
4773
5383
1062
2792
2839
799
198
6092
3009
6155
3243
3247
6023
1349
3483
6577
3419
6256
15
2589
1476
7123
1504
5170
6009
6000
3289
6011
689
2276
4016
5767
1410
4139
1393
2507
5766
1778
6250
1193
6584
6234
2743
6246
2905
6379
2263
2975
1356
3506
3481
3399
2109
604
6448
1453
1485
3606
5866
3285
5814
3856
3249
2047
3138
5810
6412
770
627
1567
1585
1867
3945
3949
468
2972
6346
671
5179
7125
4972
5101
7113
5507
5112
4312
4714
4467
4253
231
5256
5344
4622
4729
5255
5158
493
4924
2194
3050
805
5243
656
2782
1568
4001
3401
1905
6235
3987
3942
5650
1545
684
1060
4611
6243
5336
5185
2990
2191
5157
1910
1893
1954
955
3621
3829
6476
5813
6557
2754
6114
5172
1080
5633
6589
3881
99
5471
6446
3888
631
1617
1239
3462
1483
2190
5795
1118
1043
6979
6717
7025
2904
25
2594
6750
5733
1401
5247
6341
7060
150
6852
4953
1363
3164
4717
3133
4144
138
4768
957
5714
1383
6247
2405
6006
4259
4663
5995
3280
4029
1447
2273
569
5891
2500
6044
6921
6468
5990
5996
600
782
966
228
6870
5134
592
6199
4460
2266
239
6482
1142
4956
1986
1958
904
5149
688
1166
1930
6253
2609
3168
6463
1083
4599
729
6013
2192
6004
797
6846
1063
5395
1071
713
6947
6915
3395
6943
1089
1091
6008
4621
5921
4620
3182
6462
161
2262
3078
5504
157
2278
2299
1000
2169
2683
674
3584
2746
4216
4886
3886
5232
6995
5262
1416
5639
5628
1380
63
5623
6903
4127
5265
2944
5760
1421
6695
6716
5790
7008
167
4000
4006
1451
4018
4252
1569
3926
3924
4240
1580
1846
4131
1680
6150
5826
5163
1190
3756
1861
549
1197
10
2852
5853
535
5297
3849
4169
5298
4197
4025
6740
4230
5295
3268
4143
2837
6065
6377
3284
2298
1455
1449
961
6259
7163
2909
5988
936
960
2269
4767
3344
5708
1047
3981
6002
6051
3091
5699
1398
6934
6026
4120
14
6743
5704
2458
6319
237
378
6316
134
6859
2484
4140
4141
3225
6342
4066
6371
247
4069
6049
721
6944
1419
4142
4973
1408
4093
1407
967
6344
1400
2381
2264
4610
5526
6546
6825
6472
5882
602
3566
3563
3873
4410
6582
2106
5103
1686
3504
296
4920
6437
3039
1702
6204
1854
6788
903
3750
1911
5611
3696
568
2748
1165
5162
5868
2750
5146
1985
5833
1995
7147
309
2005
2967
6416
1650
160
4954
1588
3438
1582
5946
6174
2196
2243
6240
667
5328
2199
882
5207
1260
4595
4590
3925
5200
4592
5540
3892
5077
835
2183
1516
504
2185
4608
5071
5804
2831
269
7009
5800
2765
5025
1084
2835
2741
4932
953
6153
2820
6865
2592
866
6208
169
2688
6184
950
4887
4944
175
2724
176
6834
135
6772
1611
1670
58
1775
6779
1600
6574
68
1196
6539
1904
1183
5156
1819
1918
53
1573
1340
5291
17
5316
1417
1424
6766
6722
5254
5248
1497
6673
1559
1566
6720
4959
1927
5144
5391
2271
7133
1028
6383
5410
2260
6369
1007
6348
6343
2409
2418
2477
2380
2001
2244
2231
5342
2029
6821
6469
5109
97
2242
1113
6442
5086
2161
5055
1075
2198
102
2875
178
5959
3893
3603
307
726
5537
4798
507
4074
4693
4081
7029
4362
5659
7110
3055
3628
3641
282
5729
4581
3180
6972
3884
6102
5871
727
3010
3601
6016
3177
359
4337
6925
3505
4711
299
4470
3511
5793
5940
767
4719
3446
5502
224
5918
5908
4469
3569
5672
5884
242
3441
599
4462
3246
3919
3744
5808
2965
4667
3740
6119
3872
2953
402
7041
2902
3855
2926
3816
5476
323
3850
4831
1345
6990
4619
4669
3709
3315
5993
3670
4447
5817
3692
4844
4154
4436
3877
545
2974
4130
7040
824
540
5510
7001
633
5548
4542
3447
4548
5072
2165
6409
6683
7005
2229
3411
659
5947
3940
4314
3433
4332
4585
1542
3950
2245
648
2208
3957
1055
6398
6841
4654
5085
4466
