5213
6500
6485
6490
5214
6470
5218
6486
5217
6504
2918
6487
5216
6475
6497
6509
6460
6576
2813
6480
6484
5205
6508
6975
6507
6473
2102
2811
6970
6492
3226
5033
6032
408
5761
2817
1154
1510
1125
4958
6570
934
1123
2300
3623
2450
6465
393
5413
1517
5202
2883
4770
3471
4678
1192
1122
6481
56
6482
118
1988
2896
915
6489
6739
3061
3665
5617
6056
1783
5211
6467
4377
2459
6735
3964
3478
1146
6976
5981
3224
6918
1530
1129
2105
4772
4872
51
6116
2816
6655
7044
3096
1821
1120
850
3252
6977
4876
3889
6541
6737
6526
3621
2256
1780
6550
208
2302
5212
6657
1042
4199
5167
5311
6652
3668
4775
4946
923
2106
4773
2383
4777
4279
5767
5201
1264
3626
4532
1625
5291
1707
6559
2115
5194
5834
6882
5766
3780
1473
5499
6972
5228
4854
5921
4893
819
546
2530
1300
3214
3519
5088
4638
291
5031
5317
6781
4536
2741
6488
2932
6532
2910
58
2642
2740
5870
5469
3617
5684
2454
1074
6283
2259
2261
5215
6029
3940
6883
1474
4784
6875
4774
5769
4771
288
229
3589
5353
2770
544
6172
4298
1991
3228
4488
6829
7046
3159
3512
365
6812
6483
5304
65
1781
3488
52
5308
7140
5177
5207
5312
3483
2838
6364
1511
6767
4193
1848
5229
5603
3345
6857
2335
1155
6557
4397
2777
6549
4878
419
3227
1536
2938
6530
3619
2294
3112
5587
5583
5309
4198
6782
2974
5608
2119
5536
3275
2571
6185
3845
6799
5532
4196
5871
5318
6685
4875
3250
4192
5473
2746
2574
895
6289
5123
6600
4624
694
6959
2677
4384
1121
6574
4378
5047
6285
6554
3147
6324
6894
2634
4571
2297
2471
3963
135
6534
5747
2323
2815
117
558
201
5209
5081
240
5768
1622
6930
3678
3909
2211
6373
5180
2959
3941
2389
542
2250
7101
4745
4949
5497
2258
5203
6385
4858
1901
5842
5208
5191
3777
399
6188
1806
6371
5835
3961
3258
6409
6423
4945
809
2008
5278
4925
3234
859
3673
6675
1188
2027
4951
4291
1470
4940
1479
865
4920
6520
1487
4285
412
415
1935
2779
3171
2752
6553
5039
5223
1152
1494
2076
4418
1996
2074
5269
3194
6762
6785
5392
2480
5763
2265
3020
2738
2247
2891
5463
1037
4781
927
924
287
296
4190
5350
2308
3526
5652
2417
2414
2845
5692
7152
2427
3474
6099
54
55
7085
5428
2363
5436
3904
5666
6110
6867
3627
1818
2164
1701
1046
2533
1241
4836
2482
6971
6973
3967
956
5758
2477
4270
5316
5838
5220
2669
6547
1939
7003
7015
1932
2309
6535
5382
6965
5940
1151
4431
2772
5356
2246
1067
547
548
549
2252
2257
2937
3884
2000
842
6135
3886
5246
4728
4274
4273
4010
1148
3007
2524
3060
4616
1515
3481
27
3772
1811
23
1623
6094
6421
6096
1814
1620
3786
4240
2962
4588
1827
3113
5710
6079
7166
5182
2334
1629
6469
5653
5079
3160
2452
352
93
1127
4870
1785
2112
7089
1307
7083
5588
2368
1309
2370
5672
1891
63
4626
6761
7082
1064
6969
951
2077
4191
1207
4511
1201
1614
4780
4502
6653
1198
6845
424
863
2091
1185
6833
4795
920
2058
6850
286
283
5849
1566
4927
6679
2742
3604
2520
3233
4513
6209
5770
6035
861
6861
4886
2218
1728
4213
4267
2518
3499
4894
3720
1520
3279
6787
4120
1232
1801
5087
5534
4866
2352
2562
5509
1813
5714
2453
1576
285
5071
2144
4660
1859
1011
3959
1853
5582
5210
6688
6836
6078
1362
5409
3041
5677
5957
5174
5788
5127
985
50
2382
24
4113
6698
2434
41
5405
4574
411
2439
2513
1050
2438
2118
6320
5799
2072
4219
6174
5947
2837
3492
1637
6350
2922
2888
3091
418
4523
6912
5926
2521
200
5927
5928
510
4195
255
1586
6809
406
6736
5468
3629
259
6388
511
4752
3221
2240
3218
3327
5276
4432
2580
5832
5307
3881
2748
2584
221
219
2749
768
5915
3663
6378
1817
3946
2311
4720
5612
5781
2290
152
4269
6551
4788
4937
4694
1153
6873
5605
2510
3846
1621
2889
2536
5643
6678
2473
6982
2655
6979
3863
2747
4783
4281
3612
2800
4710
2525
1829
3785
6891
3262
3613
3573
5464
1145
2847
1706
3044
1048
898
3045
3040
5198
6039
6361
5224
1562
1654
6038
6055
930
1551
1554
4278
3825
1573
3880
1557
1581
5273
3042
3066
852
1661
6005
6288
6306
3920
992
6210
6338
1789
5323
3908
4234
4220
1786
4261
1040
4263
3902
6214
921
6061
5397
6107
5437
4102
3919
5668
5558
2098
5839
397
5836
6763
3651
5831
3511
6786
363
97
361
6793
2537
4563
5654
2155
4881
4018
3251
6714
3222
5628
68
5530
2926
4942
3231
483
482
1308
4633
3983
6682
3670
5535
6697
5538
4569
87
2079
5802
3628
113
4766
4517
6935
223
2244
4753
1416
6947
203
2489
6951
2299
6953
6955
2291
3338
5616
4708
3568
4776
6911
4779
257
3625
2517
4807
6866
300
4662
295
1292
3615
2931
4508
284
280
6874
6877
6878
4785
5779
6899
1291
289
2026
1177
1481
1879
700
2950
6466
3143
2641
29
3153
5959
3154
4352
2393
6525
1132
5951
4370
3970
2758
1904
4577
5142
2428
1533
4583
1531
3781
6425
5974
2955
4103
7159
1346
1523
2651
6442
7144
4605
3764
712
5512
1875
3965
4373
3165
1938
3690
5517
5515
560
6613
2001
2002
545
1493
540
6616
4072
4986
2582
2773
2022
1482
2024
520
5017
1972
53
3189
5055
6590
44
6558
7096
4382
4376
3182
5056
3183
3184
6575
2939
1499
4110
5674
3931
2810
1334
5737
5420
5642
5421
1588
5715
1350
5658
5718
5633
5988
5764
4218
1545
4210
1543
1079
5950
1131
1126
1124
1512
2753
1516
1519
6007
1524
4217
3956
5977
5498
2750
5912
6021
5879
1411
5611
4023
