6488
6576
5039
5761
5469
5214
4873
5760
6485
5213
5464
2102
6473
6487
7044
5766
3584
6484
6799
6570
6470
2813
5035
4473
7103
5613
6509
1987
2895
918
770
620
3119
597
622
6797
1901
6490
5842
2607
7106
211
2300
6695
4854
4901
4743
3096
6386
3410
4659
6285
6508
6481
6500
4467
6041
6425
6480
6757
5216
5124
5031
4463
2256
4816
913
6502
2417
6491
5033
4787
2410
3004
3907
5217
5764
6043
3846
4592
3116
6350
133
6970
1126
1145
6356
2405
1035
2418
3692
2582
874
2788
1421
4026
1108
118
3617
1100
6047
2471
98
6486
5460
4632
6898
2509
3110
1069
6228
5218
1510
1820
6631
5616
7065
6622
803
2637
3998
3062
1122
4377
6979
3898
6498
6040
4392
2455
5126
3507
5207
5208
4407
4878
2505
3782
7081
4813
6881
5212
5611
6507
190
4088
4732
4730
5095
2412
1589
3904
1153
5215
7152
4397
2581
3665
187
4401
308
5078
738
3418
6268
6899
3816
2972
3772
4108
836
2963
6868
5959
6055
872
2179
2172
215
4181
1151
6504
5785
5767
4958
1125
3903
5520
6541
5529
4018
2504
1578
2583
1824
5129
5705
4016
2817
6653
3064
6607
6639
3608
5318
4638
2105
6849
3867
6955
4470
5203
3390
3293
4596
5922
4900
1040
1041
6973
6497
3114
1747
1861
4138
1570
6674
3815
6767
406
6774
6644
3866
6794
1526
3863
5122
6492
5202
6863
2411
2479
2419
5127
7160
2401
2397
6420
2459
338
3210
5466
3092
732
4405
5977
2103
5304
2094
1046
4651
1980
3024
2796
1152
5030
5712
1174
1914
4737
1209
5627
4783
4788
1391
7069
4819
4853
5433
1334
65
5050
6042
2779
3099
32
2945
3694
5463
2307
2302
5251
4339
5622
6210
5623
6370
5179
2275
5190
1240
4253
6602
3375
1688
6373
3267
1393
479
6038
4127
397
5467
5462
2520
3960
6330
5512
4202
5106
5584
2489
6645
5608
774
6638
3001
6655
2482
819
6574
5041
2413
4468
4338
5205
5299
2109
5257
947
375
2187
6479
6475
4398
6008
2170
4419
5920
4597
2398
1154
6089
1149
1146
1940
1943
1127
4678
5759
6421
5768
4333
843
5246
5802
1656
3301
6575
934
5164
2552
3909
2815
7114
135
6976
3618
3500
3902
183
3936
245
7159
7131
2912
6888
3788
3471
3481
2840
4219
6353
1123
2453
128
2800
6267
6581
1103
2584
2585
5769
6572
6571
2587
3600
3586
4685
269
7027
6636
6788
3567
5630
6791
7061
4739
5794
6624
6384
1912
5679
4709
6364
6603
4011
4736
1990
6297
6553
4415
779
4413
4399
6495
6032
894
3649
4363
6483
6065
4349
4314
2978
4249
3776
862
4210
4199
182
2775
274
4176
2074
3619
4479
2301
942
4477
985
2425
6513
2423
2421
3112
4464
4786
6550
1143
1848
5335
5337
2889
5392
2888
3964
3048
2557
1666
5399
4968
6776
3379
4951
4928
442
4924
5440
3504
1757
5036
3959
6751
5211
7157
3488
5120
5219
3364
3219
39
3227
401
1479
1469
2526
5053
5293
3933
3025
3362
4920
4080
5605
6656
1299
1780
6652
1276
4858
2855
5510
2846
4334
844
5105
5253
4329
7144
5097
6116
2852
1879
7168
4364
212
2944
6938
202
2173
3671
1481
4390
5644
3360
188
186
3568
5259
3458
3028
6915
3125
5166
266
5171
6887
5142
6347
6346
5176
2969
1233
2
1541
2928
3485
5621
3252
6226
2850
6219
5626
3008
5114
798
2973
801
185
3769
2823
941
1293
2773
3392
5356
5685
3065
6977
2000
3066
1988
4986
1983
6992
1092
1045
1158
1332
5414
5416
120
7006
4676
4688
4895
1338
5735
5476
5738
1944
4700
2142
4603
6966
4738
4682
5298
5523
5653
2112
5955
3637
6952
1652
4469
7048
6956
1033
1653
1438
5322
2090
991
2758
993
4810
997
5667
3058
1004
1023
6965
5654
5914
963
6595
6861
6562
6848
2565
3844
2633
6844
332
6682
6731
578
3906
6606
2428
6865
3999
2426
2537
6559
299
4012
575
2472
3919
6532
2500
6782
626
6694
400
473
6754
6837
3900
600
3967
2613
3992
3993
3949
6866
6625
2452
2389
3290
1754
2883
965
4923
980
4489
4475
3629
3130
4478
6523
2434
998
5461
2072
2986
2062
2060
4562
4564
3292
6760
6419
961
6029
1415
3680
204
46
2178
6854
4391
2513
3695
867
6692
6081
3699
3159
2897
3344
1372
4395
2414
5954
4946
2111
5956
3648
4953
4804
3461
7109
4438
937
4418
4971
2415
4403
430
6667
551
5846
2036
1175
3579
3061
5680
4705
1159
4839
2811
6651
7028
4843
4850
4013
1305
3583
6596
4852
7038
4014
2819
6784
2838
2842
1239
5618
1254
1255
2480
1868
1840
5632
6630
3995
3996
2822
6619
5592
1905
1829
1131
3546
129
1991
6978
6657
152
1996
4645
2496
6555
2009
5312
4636
1047
3512
1042
6546
4600
2438
1328
2777
5798
2778
4855
4856
6585
6579
4675
6578
4862
270
1029
7001
2451
4865
4866
4017
3602
5786
1982
1326
4663
4331
6640
6477
6365
237
6215
4129
6748
3101
5094
728
3953
4185
4200
6275
6382
4121
2385
5294
3839
5062
5165
6359
4265
7135
4238
4163
3483
2541
5070
6204
6326
2308
3118
3809
4058
3038
2647
2540
6352
1586
3778
6329
2664
7145
3840
5305
6270
832
6229
393
5308
2553
4086
2630
2961
5169
651
6414
5146
6417
4323
3238
2274
4321
2294
6222
2383
3228
3217
1065
330
71
7100
2910
5497
5852
1986
6654
3615
3588
2396
5123
6317
4909
5516
2996
2309
627
1331
3927
2905
535
6975
4183
5792
4635
2588
4633
2303
4652
6573
1593
4641
3493
5225
4628
5499
3941
6662
2631
2908
5850
2661
6288
1947
8
482
2488
1890
4742
4818
7167
3912
4772
6621
5178
5590
3121
1827
1186
4731
3170
4115
4125
1881
5631
2841
6411
4082
1236
93
2483
1845
6401
4785
3986
1867
2827
