5148
5504
5146
4655
1883
1234
2402
4510
4645
3291
3349
5144
4253
1239
3344
2403
4047
2404
4654
6329
1235
5149
3296
3297
5342
6410
1908
1788
5024
1088
1082
4011
6325
660
2589
566
4337
5137
6327
4338
3298
4018
563
153
6323
1233
1959
5133
3819
3348
1906
1885
1888
6419
5154
1880
4515
1427
7087
3292
2406
6015
1389
3032
3031
3341
6016
4016
3346
6418
5132
1957
7023
347
156
3866
7122
4651
3813
5797
5508
4955
464
1950
3585
4956
6017
3137
5863
6399
1045
3812
3872
2400
682
5140
3343
5337
4249
158
6449
4518
3130
1882
5022
2529
6232
2490
5562
4681
1086
4656
4686
4687
1902
4689
6010
5074
5131
1083
3792
2409
5339
1253
3294
3293
23
5101
3862
5023
4256
2944
6816
6440
1867
5107
3034
4682
5130
4684
10
5348
199
2405
2432
5868
5775
5147
5833
1889
1905
2764
605
4929
6495
6231
4013
3868
6160
925
5937
561
1384
6400
4017
4680
4204
669
4922
4718
6229
3507
7123
6412
3816
93
4688
68
5772
346
2499
2495
2494
2599
569
5338
6468
4333
4189
2726
5479
5500
926
5557
2407
1237
3817
1884
154
159
4838
1453
7080
1785
4950
4742
175
462
3156
6166
5414
2766
3240
2103
4244
2240
6280
4952
543
4205
1455
5295
3030
7064
6215
4703
2729
1900
2687
5472
685
4835
1385
4463
5172
6416
6392
6213
5784
6365
6364
5813
4740
2576
5345
5135
1084
4158
4276
666
5881
1080
3135
4954
4481
1236
6823
6223
6013
2500
646
5869
5417
2492
1909
6645
6402
469
1849
1953
5819
1958
1081
1015
6818
562
981
5639
340
1230
2281
2285
5867
6604
5497
6142
1881
940
2504
3791
192
3342
4741
3037
3036
5078
4370
4427
5102
5134
3391
4090
5175
3486
5179
3446
3867
2678
191
7037
5344
4652
5347
4927
5415
3223
3220
3719
5389
7028
1459
3299
4572
5935
4014
5789
5756
6138
5718
2083
4088
5864
6446
5170
5931
1468
5812
3141
4918
4968
195
984
4650
5816
6018
1047
5630
1901
151
5076
6886
5832
1073
7033
1589
3442
3445
3289
5550
2614
728
5331
4314
2288
6293
2390
3567
5294
4156
511
5471
5494
6764
1232
6403
6677
2682
341
2209
7088
2538
292
2498
2497
3447
5240
6163
2829
6344
119
4283
1593
3810
4683
3666
1033
6328
6348
3686
4596
4707
1388
7083
465
1380
1393
3441
3449
4833
450
1093
1094
3370
6226
3506
3818
4760
113
3564
1071
6027
155
4700
1238
3584
4934
6609
6611
785
750
2833
157
2244
349
348
5233
345
6642
2253
5254
2181
6648
5259
2287
710
5512
2751
2737
4167
6955
2673
6996
4239
2608
2593
609
718
5190
2242
2091
3253
1019
1017
5858
5857
5836
4000
5814
3176
5075
6607
5806
1904
4460
4074
4469
4431
5745
6586
875
4435
2972
2952
6415
4595
6712
4516
4592
3796
649
4257
4292
831
3841
3842
1087
4208
4153
3923
903
3815
686
689
4493
4466
3857
3948
5412
4668
2273
2272
2255
5235
5563
5565
2277
2200
5649
5669
2018
1981
5773
5143
2189
2280
2774
2282
2496
5440
2438
2435
2434
2618
5330
2664
2395
2732
5492
2756
2763
5510
2327
1951
3793
5794
3039
3443
1381
6165
3461
6169
6216
6148
3487
3509
6240
3583
3586
4685
3642
1297
6145
1443
4836
5807
5073
5066
3133
3152
5818
5861
3227
3254
5900
5924
3369
6024
6045
6065
5798
1583
5635
193
20
451
356
6813
6991
26
6978
7145
182
378
101
6890
229
208
5626
3211
4959
3215
78
3165
6641
5585
3148
7142
2271
188
3134
4525
3175
2109
5622
2100
6405
4633
4901
7125
4462
3814
1986
368
67
3246
3295
4468
1100
1097
4476
6573
1091
5710
4939
333
712
1089
322
6462
5376
2561
7021
6511
542
930
5346
5341
3880
2956
2683
6535
2827
2705
4245
2824
2728
844
2768
6570
5291
7024
7031
2512
6463
4868
5496
6625
3970
2380
197
3960
203
3849
3035
2424
4248
2428
6480
2474
5442
3855
5424
5105
290
5021
3790
3267
470
86
4706
4831
1711
6014
467
1432
102
6228
3762
479
4154
6239
603
4334
1688
6140
21
1680
1670
6130
1651
3641
1421
6147
6168
1608
4430
5850
6369
6068
1231
4151
4152
4653
3398
6062
3788
6085
6255
3399
3760
3410
1860
1304
4201
19
6025
2415
1250
955
5451
1425
5413
6111
4358
2491
977
4178
5441
5393
1471
1868
938
5370
6212
2755
2753
2752
2750
2744
6557
871
4166
7163
4590
1313
6222
5384
1303
894
2674
5296
5315
1299
2619
1382
461
5349
6514
936
6258
6149
4296
6259
4528
989
1098
5885
4197
5911
5715
5712
4200
6321
5703
1078
1077
1076
5933
5936
6319
2101
5883
1784
4437
4438
4069
5786
4064
4454
5882
1941
1805
5860
4203
5774
4465
369
510
15
5661
5660
4346
2283
1018
2311
1564
3980
4126
3978
14
6019
6020
1494
6944
6088
5505
1218
1596
2254
6428
5632
5627
1686
1055
1681
4514
4407
4121
530
2204
1607
1604
1598
5567
2408
2762
6217
2886
4675
4953
6698
4634
6597
3734
4694
3622
3136
2859
3417
6693
3699
3132
3374
661
3229
606
6719
3645
2970
57
3661
4991
5153
816
7084
4677
2930
5185
5187
3555
3422
3144
3142
3829
5
3795
3797
4774
3097
3438
83
4926
3749
3614
2775
7060
665
640
5071
3794
7081
4923
4928
3094
3379
4764
207
719
720
7050
7014
3280
61
721
3613
722
724
1464
3153
6637
2320
4748
4990
194
4997
3752
3998
2275
3451
5543
680
2263
342
5020
1252
343
4830
6368
2241
5531
627
3138
3163
5476
3377
4019
2079
1566
2061
3761
3278
6012
1221
1099
1591
7128
6387
4467
1108
687
6004
3316
1964
1961
4779
71
7074
4772
4628
6650
1075
3756
2171
2167
2161
4511
3207
3222
