6490
6500
6504
1154
6460
4958
1122
6492
6486
6485
6484
6467
5761
6473
6056
2102
1123
4872
5213
6497
934
6373
4192
4196
4199
4878
6508
6509
6971
4198
4193
4190
1155
1153
4879
6576
1120
4875
1121
2530
6055
4877
6975
5218
6507
5216
5747
6481
1127
6469
3096
6976
4876
1152
3964
6078
842
1510
1125
1129
2489
118
7127
3471
4191
1146
6974
1332
4339
6378
5211
4951
5215
1126
1780
2918
2813
2811
2584
6032
5217
6977
6475
4870
2437
6488
3941
5316
5981
3782
6423
2896
2587
4194
6465
2450
6350
2072
515
5413
6970
5214
5088
4532
2105
1515
70
5768
1149
2571
1151
2304
6708
3780
4234
4075
6735
2888
6979
2838
6489
2074
6487
1922
5212
3863
2533
2521
3112
924
2300
5087
4636
2302
6532
6283
6268
3651
5499
1789
3825
3902
6079
6973
2934
457
5317
5201
5749
6685
2815
2818
2582
4536
71
2637
135
2537
6570
2309
4893
3694
1519
5033
6356
5998
5405
2935
221
1334
3938
6829
2459
6470
2439
2427
3226
1364
6384
5510
923
6688
2525
65
5157
2883
2697
1188
4285
5312
4377
41
5769
4432
6857
2343
1829
5762
1783
1701
6657
3834
5716
5158
3380
6075
5288
3556
6087
5047
3626
4943
5602
5209
5766
4779
5974
5870
6210
3781
3963
3845
5017
6116
6028
7169
843
1402
1821
2932
2394
7044
6480
6482
2426
3008
6687
1040
2520
2531
2836
2814
6574
2025
1622
2903
6425
1428
992
2079
1158
1365
7159
869
2115
1137
6959
6782
6972
3069
1983
2570
5842
4449
6021
5210
2071
5202
5162
6652
7059
2307
5219
4773
2423
2421
6774
1781
2655
1848
544
4945
2308
4920
1901
6353
5788
4367
3904
651
5463
3061
3150
3151
1362
1517
3665
3623
3227
3228
3488
6359
3290
3364
3171
5714
7152
6071
152
4078
2837
1544
6550
985
6502
6501
6483
5731
6052
133
5304
5291
5653
2022
2024
1533
5537
5515
5511
1656
1879
1661
431
1811
1301
5586
1264
4772
2055
4117
2931
5654
2947
2959
746
2962
3042
3044
3066
3678
3153
3617
3615
3608
819
3511
4183
947
2817
2816
2058
5084
2077
5079
5078
542
545
1092
2026
2348
1074
2420
4678
4602
2471
4519
2663
2695
2355
5655
4280
6357
291
7112
6421
5896
5745
6682
6754
6059
6686
6061
6680
5847
6339
223
6842
6424
56
6430
5710
6244
5892
5693
63
6866
257
4866
6739
3905
2344
6785
2290
2256
5895
2373
3940
3635
4947
1175
3837
1159
1157
6885
5840
2111
2120
4946
6836
5030
5015
6787
4962
6364
6113
5885
2234
5039
4783
3961
4777
4321
4287
979
2738
2778
6557
6555
4218
4213
211
6498
2922
6464
6447
6081
2940
3099
2945
6419
4077
6064
6037
3166
4392
4775
3643
6723
5786
6110
2451
2453
4694
1042
3973
2510
4660
2522
5978
3991
3213
4592
3210
2559
4509
4438
867
3483
5887
3777
7057
3652
3611
3607
1384
354
1678
5604
1697
5308
1722
3668
815
3659
5311
1840
7130
5592
5712
1262
1755
1298
6222
248
6950
5429
1366
5783
5509
429
3830
3552
5764
3518
7157
1226
4
1320
2634
3676
6655
4455
1004
4571
2583
1291
4436
4433
6653
1587
116
4659
4641
2524
4638
1581
1573
117
4633
4549
7095
5684
1015
4026
5682
2572
4534
5980
5984
6370
5205
3170
4073
2936
687
6438
4181
921
6434
5668
4128
2966
7166
4108
3007
3019
5657
201
3049
6089
4082
1369
2644
5608
6534
6035
4370
5588
6038
2694
3165
2696
1431
981
2772
5672
2787
2788
1390
2812
1386
6541
397
6539
3110
1614
1619
3967
2167
322
5031
1891
6833
6799
1890
3330
76
2218
5309
232
540
4949
7015
5318
2246
3889
2222
1128
44
2158
6935
1177
2029
2050
3435
2070
5164
3390
6940
502
60
3519
5843
5759
3788
3383
1987
6837
1132
27
5347
3075
2258
3697
4785
6731
3222
3690
6727
2396
4932
1665
5444
1639
3223
3962
5973
4755
3568
3686
3939
4707
1786
1108
2488
3252
111
6786
4854
5485
5404
3908
1618
449
2312
567
5785
863
1758
3587
3510
3629
3602
847
3525
3537
6271
3362
3172
6388
3567
865
859
3609
805
3589
3262
3387
3562
5658
2997
1822
1828
1209
1920
46
1996
2003
2005
2008
2009
1182
49
2027
2054
6912
2076
6867
1734
6838
1727
1637
1360
5
1315
1367
1368
1396
1305
7140
1479
7124
7088
1570
1576
7081
1621
7061
1636
1245
2116
2117
2152
2503
2505
2526
6675
2536
6660
2573
2581
989
2690
6572
2698
2886
942
6449
6436
915
6703
2433
6709
2425
1131
6788
2225
2228
2247
1105
2274
6762
6422
6760
2342
6746
2346
2352
2363
2383
1068
2401
6748
1066
1328
5436
4135
255
4623
5773
6070
4788
670
4087
5594
5208
4787
523
5061
5070
5481
6123
5784
3910
707
4937
5737
458
5962
4686
5977
5237
4025
4061
4065
5258
6099
3947
4195
4852
3942
4661
365
5492
518
4539
4100
5603
5372
390
5624
5642
3693
4754
779
4324
4330
5652
448
5151
4331
5835
588
5804
509
5174
5746
5552
446
396
5082
5689
762
393
4514
5612
3785
581
3784
6182
4279
5420
4758
6714
4724
6985
7003
4688
600
2452
2457
5310
470
6694
2699
2472
2652
4398
6606
2613
5387
1787
455
7032
4531
6016
4535
6669
1221
6673
113
4561
1814
620
1820
4632
4635
7019
1025
4658
6681
1825
2512
4662
4669
4683
4597
2422
4838
1064
517
1173
2137
2150
5199
5801
5848
78
5019
5871
5779
4969
6942
5889
526
549
5081
2112
5163
6909
6904
6899
1156
5123
513
6898
6930
6882
2088
1147
5190
512
6918
4770
1112
5760
5261
2353
6738
2357
4834
2368
993
1198
2393
1932
1069
5964
5966
2398
2388
4944
2345
4859
5897
5753
6947
5920
5940
2297
1988
1100
4874
4873
2310
5963
1192
2323
