1122
6497
1123
6490
6056
6500
6485
4958
1154
6492
1780
1129
2102
6509
5213
6504
6460
2459
6484
1120
842
819
1146
1127
6576
6473
2813
3964
6549
6373
2571
6486
2918
2811
6489
6470
6467
1152
6970
5217
5762
6550
6482
6469
3233
4571
5205
5497
5761
3096
6055
6508
1121
6976
6782
2421
511
5552
5214
4193
1153
6447
4190
4199
6542
2300
6075
6481
5218
5216
2321
6975
1530
6285
6971
1510
3658
6488
3669
1785
3568
4198
5962
2390
911
5617
1901
1131
2888
221
3665
1155
1126
5202
2256
5372
5087
441
6502
6698
6797
4462
2396
3471
5462
6532
5473
2389
6685
6694
6475
2471
3626
1149
6866
2817
4192
6268
712
3664
4642
5236
4646
257
944
5088
6480
3654
4772
2886
6465
6487
2822
3166
4866
4946
6280
4865
3621
3653
6423
3659
3660
4647
3663
3785
3904
3238
6491
5977
2610
728
847
924
6867
2675
6735
1610
6688
5405
6507
2584
2453
2525
5219
6213
2450
4196
465
3962
7136
512
3744
3690
449
7055
2574
861
1125
6974
223
1132
1138
2547
3638
1332
2470
2457
3616
3557
6681
934
3651
3584
5499
6289
113
5621
5084
5203
5745
118
5616
5031
4678
5233
4643
5316
4638
4770
5469
5583
6059
6209
6061
5493
5211
6281
2848
5620
2208
3048
1781
5595
5039
1145
114
3159
5033
3208
1800
3218
2302
2777
1159
2417
1543
133
6212
1612
5311
5306
2479
1524
5235
2570
1664
4463
6217
2360
6278
5212
2676
2770
3234
6495
4784
4848
4836
3629
229
3650
254
3652
6393
220
923
7028
6382
4640
859
4636
3852
6364
7059
5895
4194
6350
3619
3613
3228
3379
3235
3239
5673
4951
3553
6981
3509
3331
6052
3507
1549
5623
850
5871
1040
1861
1665
658
1673
6972
5963
5966
5973
1661
6935
863
1533
5735
6176
7015
6799
6861
930
1192
6994
926
5747
1515
5608
1137
1531
907
6977
6793
6079
5668
4234
1953
6456
3237
3435
3536
4877
3559
6430
4872
3617
4808
4780
4743
4649
3231
4648
6368
3713
3718
4633
6317
4015
6361
4191
4469
6351
4468
4467
4201
4641
3230
3207
3119
6682
2105
6211
6554
6545
2369
2377
2394
5403
5382
2426
2454
5297
2489
2500
2530
6219
2606
2665
2678
2815
5201
2880
5182
6282
3049
3110
3113
3114
1909
3501
7169
78
260
71
135
2438
6551
5599
3279
6110
6175
6215
3830
1866
5786
5464
4639
867
6523
6788
1783
6817
2581
393
1180
4592
1157
6785
1586
4644
3004
4771
2463
1970
4839
3112
2383
5862
4862
5915
3550
2405
1396
5856
1391
2427
6007
725
6021
2433
2434
813
4804
5842
4789
2451
3261
4783
1754
4775
4163
5471
1479
2660
2074
6428
4418
6863
6353
3483
222
3657
4377
5308
2657
6893
1057
942
5296
7152
1050
1046
2800
1037
5200
4011
4461
3815
4320
2674
5712
2668
4265
446
1669
6739
2072
112
2184
3668
6472
4013
915
6856
2050
111
5870
6714
2370
3601
6868
7006
3603
3390
6992
110
5597
4876
3788
2073
5857
4869
3184
6865
3005
1619
3434
5749
5081
2201
6687
6686
6827
5767
1566
6695
1562
6959
5309
770
1554
1986
4943
1618
1616
3561
6892
3391
3783
5318
2312
2304
4072
3786
4933
2138
3999
5317
4045
7026
3147
7127
3370
929
5476
1092
5517
1791
3691
2663
2662
457
2652
2650
2641
1147
5323
2634
6506
2903
70
5477
6455
397
5512
2850
5490
402
4273
1821
1151
2818
408
1015
3637
1025
44
2887
1045
4351
3625
1789
3941
4596
1770
3267
5529
6041
6038
3252
2420
4117
5981
7043
3909
5959
5896
268
542
1961
7044
717
2472
2524
1873
295
1198
4628
1850
6218
2520
902
2517
1177
714
6540
6116
2582
1206
121
3837
3829
5652
5666
119
5633
5627
1795
706
5611
1773
5612
5425
1659
855
3739
865
1305
6078
6546
1224
6531
6216
1191
3374
3694
1187
1174
3693
6512
1135
1124
6352
226
6498
1042
1008
3620
65
1411
1663
5950
256
1637
3192
3194
762
768
769
5713
5714
5731
5737
6690
1570
3600
5769
6675
1542
1526
3219
810
5841
3221
3782
1474
1468
259
255
5510
6477
3146
2949
4931
2935
4936
4937
2655
2664
4061
2261
4047
2224
4505
2922
4777
4017
3053
5104
3056
2164
442
5125
4464
3567
2106
2913
6979
4908
4598
2327
2473
4788
4802
2475
2432
7050
4752
7061
2414
3537
4816
4730
152
4716
544
4832
2373
488
4694
2343
2337
4631
4629
4879
2335
4612
2397
5207
2205
5208
1996
2775
1993
1990
5312
2779
2798
4297
411
3116
5304
3117
4285
1922
1905
404
3611
5428
2851
1848
6784
5481
1924
2896
2882
508
5237
4363
5293
5215
5294
5210
2869
6150
4127
6210
4384
3709
86
6214
93
2826
2512
6425
1221
6424
4181
4727
6429
6360
6108
4697
1002
2972
2973
6433
2841
4460
4755
4431
2910
1307
6076
2860
2816
4352
1141
6269
6276
4577
4362
2946
6391
6307
2932
3676
6300
2773
1052
6286
2677
283
4370
224
4139
1207
2539
6226
6244
2959
4659
215
4635
4490
1112
293
2719
4492
6396
1035
6338
2537
1458
6047
5656
1667
5259
5253
5246
3090
1653
142
147
2091
3816
5199
1614
5176
1613
5123
3058
1605
5118
3200
1593
2202
5178
4018
5645
5626
5479
5475
5521
1852
5523
5525
1771
5417
3902
3862
2001
3861
5555
1972
1975
3927
120
3170
1987
1988
116
5622
5545
2452
5765
5766
2372
5875
4834
3780
5496
4083
2393
2398
251
2399
2371
4090
5974
1395
1390
4103
3746
1373
2428
6028
6030
6036
4094
3044
2368
3001
3042
5034
1553
4949
5790
4932
1527
3214
5801
3217
4847
2309
2316
2334
1499
5843
1493
5849
4875
4870
3222
2355
1505
5693
2865
3430
6547
880
7103
420
6786
3576
245
6966
941
6524
459
502
702
620
6534
744
