6500
6490
6504
6485
6460
6467
4193
5761
6484
6486
2102
6492
4872
4198
1154
5213
4192
6056
4199
4875
1122
6497
4879
6576
4190
934
5747
4191
5088
4196
6508
6373
6473
1123
6469
6475
4876
6481
6976
4877
3471
1121
4958
6509
4878
65
3112
2587
3964
4194
4532
118
7127
6975
6480
2530
1129
5218
5768
4870
6028
2655
1126
2811
6507
6735
5217
842
6971
1120
6357
6488
6685
2815
1127
6055
3902
6350
3904
2883
6078
2439
6081
3387
5413
6857
6113
6032
6423
3226
1153
779
6470
5214
4377
6465
2427
6979
6487
746
3780
2471
843
1146
5981
2489
1332
3941
6977
1264
5766
5216
2533
2308
5769
1152
2918
4920
5087
2300
515
2074
2383
1155
7152
1334
5211
3940
2813
5405
3364
2519
1780
2896
6970
3290
2521
3228
3227
6021
6688
4509
201
2719
6425
6089
6087
1821
7159
6059
2939
1365
5201
56
6682
4969
1128
2105
1811
257
6898
1041
1510
6894
2520
2355
6974
2582
397
3096
5404
6482
947
6185
5710
3834
7044
1364
1755
446
5842
5712
6483
6071
3846
412
6378
429
5731
1305
3863
1678
3061
3921
6097
4787
5740
4951
4636
4432
2888
1209
847
2459
6767
2072
5258
6774
1781
6775
5977
2290
2738
2256
1157
4484
5237
2302
2584
544
2778
5207
2779
5801
2024
5158
1151
1198
1137
3224
3222
6959
545
5586
5584
2030
6035
3485
1493
2531
6116
111
4073
5182
3449
2426
540
4022
992
6456
1192
6966
1147
6969
6972
5623
1988
76
2437
5770
4536
5437
6687
2962
5749
5959
3889
5079
1814
6738
6833
2112
2959
2079
3909
4727
1167
6339
6730
1300
6338
6837
2637
5499
1301
4723
2003
2076
3589
5212
3567
1182
1519
4752
1362
4
5652
3914
4592
1080
3910
3907
3918
7045
3830
6419
3931
5215
1494
2343
3938
4392
1479
3668
3623
1470
364
1368
1384
6382
3782
6384
581
4781
41
5957
5312
1188
5763
7140
3777
2450
419
5372
6114
3132
5856
1866
5371
255
6836
4924
5816
6099
518
1828
1826
514
1245
1734
2933
732
511
2922
6762
6760
2770
1805
6689
208
6736
924
2838
923
5046
2536
1262
5151
2421
2423
316
6489
6495
6498
541
2525
6502
4804
5181
4029
5642
4324
3379
1900
5998
2522
4189
3919
4103
542
449
1268
1269
5940
6030
4370
3963
4373
4376
5870
6079
1085
4492
4571
3929
5785
1132
1369
4588
3926
6047
513
6084
5791
6268
4272
1125
4455
3965
4234
2090
4662
2537
1879
135
2571
869
2634
747
2644
5081
6799
6786
895
5047
2746
6756
5020
2814
2816
2818
1786
2840
2898
1756
6686
2910
6681
2931
2932
2934
6904
6909
120
6918
1
7166
2073
2110
5297
5232
2137
5309
2040
5317
2026
2025
2022
7048
2955
2295
2309
2312
774
60
2357
771
2389
6994
5194
6973
5180
2472
6935
5403
777
2966
223
3772
3781
3338
1173
3381
6347
293
6361
3625
4755
4854
4779
5668
6421
1515
311
3511
1533
5608
3252
3556
3045
4678
3845
251
408
1661
3044
3110
4927
6570
3134
712
3165
5291
5658
4449
5773
4665
5188
4783
4716
5737
4696
1042
812
5714
5715
5186
5718
5666
4962
5428
5401
4946
933
4928
5552
4660
5815
4904
5492
5015
5603
5039
903
5799
4858
873
5789
5788
5111
5624
4855
5119
865
5781
995
942
5778
1011
859
4788
4784
4863
399
1180
3159
3150
6578
3048
248
1693
1697
1701
6652
6675
2872
2843
6723
6739
6748
3161
1817
1636
3313
1487
3627
365
6388
357
354
6422
3581
6447
6464
3474
3443
1570
1175
6526
6550
1818
1822
2711
2352
7005
2350
2307
49
47
2004
2005
32
2031
7062
2036
2052
2120
2116
2417
2425
2451
1936
2704
2698
2697
6835
6838
6875
2570
3643
133
2523
6912
2513
2505
1922
2463
2453
125
3665
5264
4287
411
1226
6110
3905
415
1366
6104
4323
4339
4321
441
4285
1392
4265
6052
6082
3933
1288
4025
4363
4013
4163
4411
392
3795
4054
5962
4397
1203
1204
4213
4375
4371
3852
4028
5110
2653
905
1891
4183
1820
4094
1291
1824
4102
1307
1308
2574
5084
2695
4724
4261
2115
5253
2119
4467
2058
2056
2055
2142
4402
4378
1149
2000
5205
4490
2323
5199
2361
2394
4327
2420
5183
2452
1263
1909
2512
4254
1815
4018
921
3383
3908
3435
3473
4851
3478
3481
3506
3901
3861
4785
1531
3561
1069
3370
1064
4780
3844
4770
4758
4756
1431
3615
3831
4707
3825
1049
3651
3676
3686
3603
4859
1402
3330
4989
2812
3791
4581
930
4583
1758
1108
2952
4016
2974
1707
4949
3962
3019
4943
3042
1605
4659
1390
3924
3928
3153
4026
4602
1655
4886
4899
1665
3951
1689
1653
3390
1040
5921
5511
6708
6158
5780
7067
5493
6947
44
6150
5473
6541
5843
6287
5469
5871
5462
97
7112
275
6727
78
6335
5891
6337
5892
6112
299
6942
6930
5515
5920
5516
6706
420
417
6684
6288
6289
6283
424
6291
431
5684
6911
6831
291
27
6211
35
5716
6697
6210
6306
5588
6700
6307
6842
6312
5573
5753
5759
5760
203
6096
5653
6
5299
6036
5951
6574
6038
6062
5379
517
558
5948
6411
546
6424
5316
547
548
6061
6782
6094
268
5989
322
549
7128
5944
6438
260
5298
6075
7053
3101
4782
6204
443
1727
1367
4372
262
4690
4685
4301
5746
6192
3362
2261
3915
237
4298
2967
5764
1722
3917
3959
1232
3099
7059
2945
4771
4773
1047
1669
2935
4279
149
2535
3961
5713
37
4777
2021
3947
4290
4710
4291
3955
6057
4367
6657
2027
572
4017
2968
4403
1135
5872
4105
3016
1698
6619
3171
2554
77
1630
1637
1179
4488
6118
5894
3041
5903
471
6115
4475
6070
1289
6111
7020
6083
3210
1991
1298
6592
5895
6557
1322
4218
1715
6961
6647
6182
