3904
6507
43
2437
6888
360
2077
2889
3061
47
6486
6508
48
3908
1133
5033
2071
3112
6490
6685
1293
1132
7043
6433
6541
1092
2838
2883
2072
4775
6110
6883
3903
6047
6079
6580
6682
6909
3651
3069
6687
44
3418
1821
3060
6500
6842
6425
6497
3519
6370
2921
3905
3166
6046
6078
3155
2465
5008
1822
4781
5186
2417
5030
2813
3150
1922
6100
6069
6724
873
6737
3852
6774
4866
5210
49
4523
5280
64
3226
5388
819
4662
6504
470
3963
6484
4869
2394
5356
6424
6421
7168
4328
6268
2571
1820
5006
3066
3900
3485
4471
3902
3153
1268
3906
1264
4623
7152
2516
4285
1828
396
4995
7064
369
5208
3248
2439
4238
6350
6970
4477
4660
2290
5050
2094
3607
5276
6099
2036
2395
4788
6886
2427
338
6353
5121
4367
6688
3077
5618
5463
3961
4879
5674
7042
1245
7160
6460
4395
4783
5428
739
915
1210
3991
6409
4863
6574
6488
257
2050
527
6754
2079
1551
1291
6283
6072
6533
4699
4327
5041
6759
1509
6562
4280
986
4999
992
6655
1048
1108
6772
6135
4993
4626
549
545
4994
6509
5282
7144
2396
5616
2531
5670
5672
3543
5088
3967
56
3392
3977
7166
2520
5205
45
5309
13
2323
3909
3096
5285
5286
3189
2299
4072
5849
2168
5788
2708
5429
6775
5413
7057
1679
1555
3151
5202
5787
4784
989
5229
5783
429
5692
4377
1334
5189
6530
3068
5214
6553
5609
6555
1526
6501
859
46
3969
6483
5128
40
5464
5453
923
1155
393
4321
3665
1951
2433
2423
1971
2421
541
1991
2397
72
69
6111
1037
521
510
6950
4213
2308
5289
2294
2097
5978
2274
1926
4475
406
399
390
5406
623
357
4059
1145
3234
3159
1801
1805
5009
5211
5349
2533
1823
237
2521
3650
6192
404
1126
5879
3250
4506
950
935
4571
5530
3763
526
6918
540
3664
3531
3493
6869
6866
6833
3825
3471
6799
4875
746
5438
3412
3358
3341
4535
5218
5216
875
6681
6680
6669
4893
6055
5558
4289
1786
6227
6245
6246
5870
1728
5843
4990
5123
4032
4031
6285
2713
6292
4073
1824
4282
5003
2295
2297
2073
2303
6096
2058
2309
6317
4669
6112
6116
1987
5019
4108
2471
5896
2368
1072
6339
2787
1332
3074
6547
1296
3110
1263
3111
3114
4452
3919
3154
1137
3160
6604
1093
3071
6532
5608
6506
5163
1533
2834
2875
2881
4958
6430
4966
3970
6456
5690
5676
6485
5671
2994
6503
1477
3067
7169
187
7003
7101
368
62
281
244
7044
303
337
108
397
51
7089
7159
332
4787
151
3964
2573
5539
1241
3573
6378
6385
5855
982
4960
995
2541
3776
3546
4080
5533
2513
2505
7124
2985
1211
4985
52
5215
899
3668
2467
1157
5673
285
2922
1244
1249
5168
7121
6863
4917
2864
2837
4625
5755
3997
3567
6523
339
2753
5603
5367
5784
6473
88
3918
628
4331
7045
3623
4397
3152
1494
1502
998
2503
2983
885
5000
5054
4710
181
2006
1826
5035
1829
2144
234
41
3359
4858
2438
6820
6071
374
2256
3431
4176
4661
3517
4233
6776
448
6052
5433
2341
5039
1794
742
2434
4324
4323
5329
3680
2425
7088
6683
7061
1720
386
3512
5304
6957
6773
6097
1783
1780
3695
5486
855
2031
389
732
1138
383
5183
1139
717
6777
6602
3010
380
3027
4566
3467
6699
6607
5502
5531
874
5535
869
4534
5497
58
857
3862
3224
3861
6653
1128
7004
3901
71
6645
3165
78
1033
3414
1071
1074
5437
1097
3075
7142
997
6984
7112
5657
232
2345
4130
4706
6248
4307
2399
4997
2291
4996
7100
2420
2422
2426
2436
4702
6291
7055
5921
186
5980
5004
5045
4791
2090
2095
6085
5051
2115
4795
4189
1983
6129
4183
1972
2161
6061
4172
5078
1879
5005
4337
2488
5906
2530
711
5779
2773
7037
308
2784
3999
3998
5761
1354
5760
6536
2817
1301
1295
1274
5684
118
327
4018
2962
4785
2703
7107
2539
4070
2575
1578
1552
5847
4370
6410
1527
1510
5124
1503
1497
1495
1493
2656
286
290
2705
3823
1247
6940
408
4621
5250
3779
622
600
542
4854
5343
6861
6959
394
5244
6975
522
6953
4758
6951
6798
5261
3671
3667
1817
4287
2989
2306
2302
1176
651
4526
4527
3629
913
4687
3643
1492
4537
5085
149
3542
6689
3012
2326
1889
933
354
6382
2611
1188
2298
395
3863
5083
2935
6576
544
1863
5125
4275
5979
3672
6182
4782
182
6423
4458
4804
2259
2328
1848
4050
6581
2293
893
233
896
4283
6422
50
6660
528
2534
5605
2526
3194
4998
2525
6652
1098
4853
5604
1095
6333
515
5570
4855
3554
6644
4983
84
625
2429
2479
4819
2463
2451
3915
1697
4326
3917
6628
631
5534
4303
4120
3263
6377
6864
2337
6376
5381
2579
59
7050
2576
1782
3030
3235
523
2536
4067
6657
6359
618
5617
2557
3221
6608
3213
4121
99
3210
5552
3653
3072
5878
3968
3682
219
2744
7081
6487
5420
4665
4410
6073
4593
1411
1422
4878
4797
7157
315
3461
1299
4923
3439
1294
3979
4922
4920
4185
2876
7119
6065
2702
126
4399
6050
1298
3415
6113
4432
5271
2076
2785
5402
2779
3593
421
3782
7085
3484
3483
2102
2771
2038
3510
4199
5352
133
723
3469
6891
401
2764
2761
1327
4666
2018
2752
736
387
3726
454
2286
2225
5481
4716
2668
5998
5169
2660
4171
1243
1246
121
6010
1921
6021
1260
5702
4737
39
5815
1919
6736
1896
4038
1920
1899
3859
4392
2228
5015
4391
4158
287
6877
2517
2662
3790
283
1252
4683
5738
6537
2768
6558
1216
2524
2537
517
2651
2769
4451
6515
1490
2780
4384
2464
4632
6288
546
4691
3773
5766
5602
5898
1654
4898
5892
6570
3658
1481
7054
5749
4901
2508
5596
2512
