6518
5744
6061
71
6071
1279
856
2712
5423
6511
6132
366
336
2052
78
3430
3875
5645
2715
6705
1202
1018
254
265
6196
2057
4389
6075
5745
1432
6430
2512
477
6723
74
2518
4521
1157
2463
4034
3017
6051
889
6512
6209
4697
6047
5426
457
257
1493
675
1363
3439
2147
4343
2576
256
2094
250
4527
436
3053
5428
6896
3684
1721
4065
4061
5786
4635
87
1908
4699
3437
278
1883
5990
2051
5407
5144
3114
1271
3018
3861
6994
43
6079
2783
6770
2334
744
4387
1075
1471
292
908
4277
6514
3911
3011
4690
3876
5361
471
4510
745
2648
6054
4926
1491
1992
1822
2632
88
2469
5812
2397
2516
3448
2039
5789
47
4066
3299
855
295
5857
2402
2644
5896
6248
3725
5819
774
6700
4309
3434
70
6055
2420
567
5272
3435
5038
1139
3330
251
3010
5140
5354
6783
261
76
81
6506
2649
5741
6517
1201
394
4927
947
1333
2713
1744
6702
6706
82
4238
2434
252
6290
6078
264
2438
6074
6242
4260
6098
4069
6111
4037
2425
458
2195
5724
49
128
127
4677
3623
5748
1470
4692
5076
384
4698
3544
1260
825
5673
3447
3443
3442
4928
6502
2647
4637
3682
2899
452
5950
451
1275
446
4514
3012
942
1480
339
5888
5153
5349
1267
1851
979
6912
65
479
5309
5021
5088
2050
6062
2030
5980
2148
1177
5993
5996
610
5999
4495
1786
4520
1714
2398
1799
4368
1072
5801
6013
2403
2239
2371
2187
2142
4236
2056
850
746
712
974
2719
2511
3970
6225
3342
857
6510
3913
6249
44
853
3685
110
79
80
971
2656
6534
3449
3551
6317
6380
6360
3599
3296
48
6459
6072
1332
914
242
2474
1338
6456
246
6091
916
2784
2471
6133
1477
34
159
6068
3651
6484
7112
1080
4233
4696
126
4694
1235
3607
3657
1474
1232
4670
5727
4703
1645
2188
2922
454
2053
448
2785
6889
2096
873
871
5128
40
5095
388
870
5050
2032
1375
3431
3433
4924
4920
3438
1433
2149
1970
3539
6829
4629
4067
6139
168
2595
6280
751
742
5949
4279
4290
1698
4030
277
2404
1213
2373
3905
6192
6009
294
6006
4385
1211
2554
3904
4522
3961
5885
684
2421
5887
6432
5816
2460
3852
6070
1494
779
6436
1795
274
6113
263
156
1015
4016
2058
3298
677
499
2406
5107
2098
4263
4273
2963
949
3173
1019
2095
3168
3111
4254
4606
619
2717
755
4524
4525
4691
2598
554
2313
3564
3825
587
4529
2640
4571
4597
3687
978
3790
4519
3878
4704
3909
2138
2396
3432
3908
3436
2295
733
4849
611
4841
3903
2182
829
3901
533
4707
2137
3683
3584
6539
73
6830
423
321
1402
6228
1684
6895
118
293
1531
6059
383
1495
6888
271
1692
1206
1266
5761
5871
5559
6044
5749
6849
6782
6016
6301
1268
1473
362
1787
1438
6515
6335
154
6315
6681
5814
450
1412
363
1129
5299
5891
6439
6995
6438
5359
1263
7047
1448
6210
7049
122
1154
6526
5978
617
1179
1727
2468
6531
593
6420
329
3857
4515
2594
4038
6423
4499
3550
4494
4042
2707
3581
2335
2338
3829
5995
3639
6114
6447
4219
2429
6443
977
4193
670
2462
672
6451
673
6067
4121
248
2461
4190
3729
6427
4174
158
150
6123
2427
6063
301
3610
2610
296
6110
2620
3629
6018
129
6065
6019
137
6052
4276
3659
3782
4265
6056
6081
2423
1694
4526
83
6146
887
6247
3112
5030
2008
2144
4960
2146
2736
4952
3916
5630
4925
2534
5642
5646
3476
6384
4951
6946
5070
3080
2873
919
2591
1334
2821
6314
7064
5165
2792
5154
7061
5329
7042
3885
429
2748
5366
5082
3072
41
3291
6864
1209
2208
5662
209
4655
1204
1910
1255
4640
1604
84
6167
4625
2473
6152
5813
4560
1203
5840
5846
369
1376
3870
378
2183
6822
5702
858
4739
3975
390
6774
6785
1027
5712
3349
3344
1924
3874
6784
747
1503
2599
1499
6424
6373
1508
3824
749
1216
6363
1439
777
1370
2718
863
953
1264
6842
2725
6884
946
945
6892
3110
1339
940
6990
6997
7043
905
7066
2962
2820
2923
7162
1261
3392
3403
6772
1490
142
6455
6469
3625
123
972
801
3608
968
3587
6433
3556
820
3528
823
3511
827
1435
6695
1252
86
6756
844
6561
1215
2055
2593
5473
583
2037
5069
5848
5875
333
594
330
5889
5921
1113
604
2333
4462
5925
5943
492
5966
491
5092
4398
5363
307
4390
3889
4388
5808
2292
4861
525
1964
5688
4870
1983
5709
539
4731
1953
4702
4886
382
4898
2198
4673
5619
368
5765
5504
4643
5034
5493
1138
5803
5051
431
5668
6008
2090
1122
6076
1711
6094
5228
6112
6124
4060
701
5248
6136
4032
1553
6198
2517
455
2520
456
6289
6302
6307
6309
462
6328
470
4189
5260
5156
6015
4338
678
5342
1703
5149
5327
4272
1133
1132
4361
4231
2400
253
2399
4198
4192
4191
674
1665
2407
1980
1298
2731
2763
1990
1299
2744
2735
2861
1364
2066
2010
2108
1130
932
2732
2099
1251
2175
970
2395
1722
1479
2417
2419
1693
1691
2433
2435
1030
984
1633
2623
1583
1492
1555
2479
1542
1218
2536
1214
2570
2654
1368
1062
2687
1101
1098
955
2186
2190
1152
1155
1920
2191
959
1088
1082
2256
1407
1409
1888
1876
1076
1828
1244
2314
1776
1239
2350
2883
4291
2894
6197
4396
6148
4407
613
243
4512
4528
255
6066
6064
584
4574
4611
272
273
4647
6033
6010
4375
6002
4344
1294
4064
6435
4100
152
6419
6417
6416
4176
4182
6389
676
666
6385
5660
4217
6333
4262
4268
4286
4324
6457
302
4675
5223
5251
5811
5804
5271
5797
443
5320
5784
433
5777
5440
5775
5492
373
5743
5728
