1411
1416
1418
6060
741
5547
1676
1414
1588
1671
2808
6503
5549
5546
6505
354
365
6403
164
1585
367
2381
357
162
169
5238
1410
560
3065
3055
2058
1582
6501
593
1425
1598
1672
3003
1668
7017
4083
1665
3057
5114
4082
1597
360
2341
1589
2439
6155
5420
1586
131
7022
3053
5061
5128
1423
166
1580
1907
1417
4757
1661
679
4587
161
214
6554
165
1139
5068
7023
1457
6807
4754
5548
5978
3054
103
5113
369
2264
3314
5965
6063
6162
1592
163
69
1420
1415
1678
5231
6167
1664
2800
1531
6537
6
6510
668
6506
6151
2921
3473
4765
1333
1138
1428
7029
155
6158
1903
1343
3951
1150
2937
5110
608
6407
1667
5829
3068
5016
3100
5015
3124
3061
3149
5162
7027
2844
350
3476
2570
1594
6137
1660
364
4654
4035
4066
1784
667
1362
1359
4203
6378
1118
1084
1419
7056
6078
6018
5624
5540
5828
1848
5088
1072
2686
992
2870
6405
738
2572
6734
6738
827
1352
999
2900
1450
6921
1557
1575
2955
2994
6911
1595
517
6156
5982
6870
569
3066
2466
5475
824
3561
4328
106
3500
91
2268
661
3566
6970
6235
6835
406
5962
1781
3980
3164
4087
1669
1584
4636
4233
4017
6851
64
862
151
4095
160
4951
4156
5699
6070
5054
4954
4775
5658
4584
356
4589
5025
2886
6732
3672
1130
998
6850
6380
5985
609
2159
5989
3074
3988
6187
1638
2696
6575
2991
3556
2957
3958
6153
2047
4944
2801
7013
1292
776
366
3052
2950
1983
116
2812
6868
6928
664
6324
3312
4425
5005
1332
826
6916
2481
4453
6866
6741
5745
4184
687
6455
4119
533
1117
407
4485
7128
869
6942
1113
1593
562
1963
5824
2625
1365
7034
4090
1567
2907
1552
2252
6519
5230
1590
2805
516
5995
2679
137
2344
5746
5764
1209
2269
454
458
2573
404
4842
355
401
2206
4335
5522
2183
1088
107
506
511
1297
515
109
1055
0
2954
5237
6160
6169
3319
4685
1484
1596
1599
1361
1522
7016
6242
6764
1666
6241
605
606
3494
4543
5125
3987
7038
5007
4705
4585
6083
5048
6746
1817
5062
1036
6530
1710
4002
315
4182
5071
4161
6050
5073
5349
3374
5082
2995
1050
6854
4758
6230
6763
6233
1478
6408
2267
456
1380
1488
4604
4597
4762
4559
2263
4036
1937
1587
2029
6178
6874
6154
90
1740
6120
1346
4750
1987
1189
6085
1811
529
1864
6876
6909
1290
2040
1236
4756
4187
5834
1626
6211
1308
6203
6904
5843
6402
7125
6888
6361
1673
1675
5836
6438
130
352
2804
3114
3676
358
3138
3677
3675
172
854
3181
3709
176
3486
5504
820
7032
6947
5260
7
2947
2939
2959
4433
2980
4942
2999
2820
5291
2871
275
3075
922
3647
7021
2835
3067
1089
311
2670
2555
3353
3309
2575
5080
5556
3315
215
5013
2539
218
3716
2627
5597
5047
5654
5529
2437
5044
754
6924
2454
3097
1347
1663
72
1360
5083
4967
3092
75
2997
681
822
4694
5289
3056
6839
7121
7124
3063
4367
3896
1422
937
5067
3982
3072
3046
4176
6213
873
5207
1561
1558
4600
5177
6232
219
3162
3262
5111
6769
665
3474
837
3302
663
1382
6822
815
7028
623
209
3112
3991
3343
3132
7129
4977
1487
3139
3996
6806
4973
5234
1489
6852
3313
1813
4164
6531
6703
5471
4443
5453
2044
4442
5433
4349
5968
9
3698
4350
5977
3892
2004
6690
1995
3822
519
1991
1068
5924
6872
2111
5508
6926
6435
4320
4449
6432
6409
5786
4790
2532
4761
4802
762
125
5544
6476
5533
2203
5842
2697
5872
6902
6400
101
3679
6737
1317
6513
6067
3674
2883
784
3868
3882
544
2897
6069
6981
1906
6735
6855
6860
3634
4892
5371
4208
6022
6019
2864
5691
3842
6523
1133
6515
1198
1356
6481
1354
4202
1412
996
4459
4455
1000
4362
1048
4476
880
4366
4256
1067
1300
884
6511
902
4235
1071
917
861
1291
860
1277
6625
6328
4234
6355
6559
838
6369
4255
1379
1085
993
1357
1158
5040
4577
5373
3644
5379
2875
2874
2869
5388
2824
2817
2806
2802
5400
4849
3697
2787
4846
5439
5469
5499
2718
2699
3710
2663
2642
2641
2621
4834
4791
5586
2905
5357
5356
2946
5020
3471
3307
3295
5180
5205
5218
5220
3502
5233
3529
3530
3111
3105
2530
4963
5277
3078
3071
3069
4959
4958
3565
3059
3042
5322
2998
5342
2975
4899
5261
4150
2489
5626
4722
6035
3867
1861
4713
6079
3890
1819
1812
6089
6102
4708
4704
4691
6180
3986
1658
1625
4658
4041
1562
1551
6234
4094
6245
1507
6253
1424
4581
1904
4728
6012
6005
4780
5653
5657
5668
4763
2349
2305
2297
2278
2276
5780
2266
2262
2260
5625
2218
5830
5877
2140
2115
5920
5925
5953
2051
5966
5967
5969
3430
4753
2001
5825
2022
4393
203
502
7015
559
100
326
6933
755
6661
170
688
594
6869
6984
766
6920
63
621
775
7037
42
6669
6922
363
545
362
500
7007
212
6731
2
6733
6730
3
455
313
818
727
136
6720
6716
485
1278
1298
6260
4656
1078
4651
1076
3440
405
1469
3447
5014
6723
7134
5630
5009
3989
1452
5501
3984
3979
6487
3483
1971
5550
3997
3724
779
6507
3351
6683
1536
4623
452
2432
3331
4077
3695
6941
4848
1009
5662
2417
6382
659
1070
1936
2455
2707
4840
5026
1066
1951
673
6867
3693
2147
669
5033
6514
3401
3389
1506
2616
2702
6949
3503
2008
3583
4946
4945
6450
6447
2580
1350
2581
3757
3598
751
4917
6341
1226
1337
6342
1299
6417
2042
6419
2594
1305
6934
1306
4777
4764
2589
3611
6944
2657
1294
174
1363
1366
1981
2518
5599
3922
4698
4832
168
6927
1136
1404
1992
385
6549
514
1143
1997
3898
1367
