6150
3861
2482
538
5112
1084
234
977
2680
3164
5159
5967
4693
1892
1255
1143
2018
4335
6746
6898
6633
6827
7139
2267
6892
3485
2934
1890
4697
3963
5022
64
4953
3051
4089
1251
6885
6371
4725
4331
6155
3942
6123
1676
1675
2
4254
4532
5982
3647
1904
60
2816
3168
6658
6248
594
2814
1258
2186
5689
976
4903
3563
5111
796
2325
3054
732
5315
6657
5615
476
5381
485
4978
5630
471
6359
403
2638
1480
6325
6891
3968
6118
1259
3945
560
4699
358
1358
1934
5709
4714
2818
5959
1270
558
5155
2621
6590
1058
4074
4436
6600
3763
1897
321
4236
2923
5922
733
6537
6228
6318
806
749
6623
3869
4380
5084
2180
5322
3267
4638
1230
4895
5986
3033
3725
1799
6135
5996
5317
5277
167
6620
5980
3920
382
3055
2477
6282
3130
1256
3882
4363
2924
2108
3598
1679
5271
5717
5157
3996
1896
263
1519
3263
2229
530
6388
6659
5150
3579
3162
3622
4690
6644
3482
4717
1723
360
657
6742
2935
4424
4098
2052
384
876
568
2711
666
4695
4432
4488
672
6755
2401
3022
3484
3029
6652
4692
6169
2213
6310
4597
5238
1148
2098
410
875
275
7100
6158
5543
2051
5572
394
6610
5500
6759
1189
6515
3129
4239
2635
627
330
4830
3565
5920
5427
3173
323
6849
4235
6844
353
1044
457
3251
5288
5314
366
1940
4549
996
6112
795
5645
5222
794
6952
7
5055
80
2932
6638
228
2487
7078
6901
2936
2483
730
3309
7144
6639
3965
3865
553
4130
231
6016
7034
6340
4450
3428
6655
5052
3430
81
5685
2646
600
2260
5706
2612
87
172
2685
2252
4553
556
6305
3483
3291
5054
5611
4694
6740
7102
593
5366
5170
6164
3887
3633
163
927
832
1544
3694
3072
401
7075
74
2049
3210
970
6341
6281
1672
103
4892
6724
4917
2381
4522
4794
3639
4306
1906
2010
5998
6092
835
1671
3053
166
6293
1898
5548
5701
5468
5115
5113
6883
602
1492
4439
1245
1244
1640
791
936
3629
3969
5422
413
5095
4651
2738
6629
605
1232
237
3925
3133
5328
6806
5058
1159
1517
5702
1484
3866
329
948
6117
736
1757
5724
2922
5463
6665
3488
5029
1769
799
1773
3262
4232
1257
2620
873
2195
531
5947
1889
4438
5264
309
5151
6810
3123
6209
4519
6463
5274
1578
3939
7070
4387
2192
3305
5395
2182
3640
5460
4435
535
5541
3626
750
4333
757
6731
4327
499
2734
3943
845
2332
3958
5469
308
1247
6244
165
6654
7133
3110
1273
6538
3114
5716
5711
5038
214
3436
1248
5043
3119
5688
3120
4652
236
3760
1225
4187
4624
2454
6151
268
6156
6157
1740
4599
3773
6821
3
1587
6323
4845
5817
3825
1499
5814
1490
6124
1478
6631
4070
6894
3481
4891
3480
82
2582
4724
89
4911
6621
3057
4712
6918
1728
6380
6650
6653
1151
3318
1150
326
5613
5175
3587
951
4250
4533
3646
402
4534
6985
4544
1964
1983
2380
2852
3909
303
7103
4587
6230
2357
1113
6999
1128
5267
3966
871
2008
2995
6106
6342
2945
5394
3863
973
6829
979
2779
1383
6344
3726
4894
1538
2005
5245
6167
4395
4516
2770
6841
885
6890
2042
3016
942
652
1376
6020
1511
6021
897
661
663
1514
7056
6023
855
4710
5162
3169
4521
3957
7036
3954
5311
1893
2878
4443
4558
4582
5330
5128
6311
5076
4585
3885
3947
4589
5116
2811
6179
1254
3674
4557
4952
2933
4967
3782
1727
792
4973
4428
4977
4698
6026
723
5223
1951
1024
6743
1027
6817
5026
737
6356
6813
5185
6502
5252
787
5503
5949
247
557
4111
5978
458
2573
4096
4208
2462
6628
6624
150
5927
6608
6651
6367
5778
6614
4314
2265
198
7152
6619
302
7138
2293
505
5634
3520
4332
314
6390
5899
6617
6668
6416
2535
2469
4321
5642
4120
7143
3582
438
6640
5928
6206
3384
3385
5719
6593
22
2689
2709
2373
595
6384
4691
6973
2313
2681
417
380
6346
4704
6061
6171
4473
2364
6025
6738
136
2319
4256
4555
3788
4019
1253
4859
4860
3850
6418
5577
5233
2976
4531
950
383
5045
949
4755
947
1903
178
803
4529
3761
3926
4778
420
6606
6373
371
1021
3929
1532
1020
4984
5791
6301
1953
7154
879
5261
3856
4841
1527
432
5198
6510
6368
5555
3605
1963
1930
6880
4713
2950
185
7136
359
5793
375
6012
6747
2068
6884
1034
6749
4307
4972
4175
2931
2015
4975
3780
3779
4849
1744
3702
3418
5020
6343
6613
3580
7047
104
2431
3294
4012
1580
4431
6360
6328
3798
5356
2187
2266
6826
1477
4227
2233
242
6634
4393
4905
591
5990
6842
2246
7076
6834
3125
6599
6129
3304
2241
6294
1158
1212
3862
2773
5404
2885
1424
6434
6965
1149
5848
5974
2466
6203
78
1121
5474
5475
5423
2688
4626
3160
1482
1233
2758
4231
1674
68
5144
766
1481
2218
4941
4338
5342
1166
3138
4902
735
3628
539
6479
1579
3523
181
272
184
1818
5234
6329
3499
6040
5666
6936
4065
2460
5083
5579
5229
6024
1513
1210
4001
6931
2897
389
5024
3729
2615
6630
4542
6022
1829
6152
6029
3421
4539
5214
6889
7118
1487
2918
7120
5599
3487
3494
6812
1118
6053
4230
3741
5612
1060
5174
4660
4560
3401
5042
3172
5923
4004
2484
5895
1901
1246
1899
3724
5915
7106
6787
1107
4233
5048
1498
5143
312
5635
2476
241
2486
1047
1011
1954
5103
5104
1157
2856
5926
1018
1155
3491
5191
1628
3589
1802
4598
189
5188
1046
5122
1659
4592
2610
3581
2449
1931
5714
7130
6979
1029
1145
4066
4595
1152
6961
3980
6103
3953
516
9
3955
3956
6319
3056
3952
3344
7140
2269
4434
2268
3959
4918
2147
4055
4437
2296
3950
6098
805
