2147
1490
4389
853
3053
2146
1201
2239
2646
2476
1202
2027
858
2644
2712
4393
164
534
336
3594
1207
6880
2095
6187
827
6209
2649
6770
4387
829
1299
2469
5950
3017
294
5748
2094
6726
4394
4034
4233
4560
3018
851
610
87
2751
884
3685
5744
2642
2142
2098
4898
2515
2514
978
755
2092
6889
1555
2339
2576
2518
4038
6453
2461
859
3726
1381
1387
821
5054
1366
2026
3683
888
5326
2057
2093
2603
6772
6552
974
850
5951
1744
4383
5925
4529
1292
2252
3688
73
2333
749
2640
1988
5092
6518
2516
1279
4527
1294
2463
2335
163
810
5128
1494
3302
822
1492
3911
5771
160
496
593
1205
3054
1203
1414
6054
613
6104
6111
2715
5271
1720
1130
6420
2647
3097
1936
2245
2039
126
2511
4910
165
2091
2963
5088
2105
6072
5830
3671
5272
6907
1379
2512
1410
6680
2140
5688
5684
533
5260
3906
2141
826
6519
2656
2627
820
909
1151
4337
6230
2713
857
6510
852
6870
6196
330
2482
10
2144
6375
5746
6423
1563
1561
6273
2711
2149
2756
6873
6319
2730
3343
3344
1018
4448
2020
973
4528
2044
4637
1105
4095
894
14
4035
4787
3961
2059
1209
3910
5501
3351
584
3496
606
5276
6912
5267
1321
1298
1278
4948
4914
816
3682
624
4424
173
137
2412
162
2256
2243
168
2458
814
1304
6894
1302
1296
854
6706
2061
7076
1495
3687
4036
554
6091
3309
1158
1824
1819
1714
319
6537
1892
1132
307
345
5739
2991
744
1575
1270
477
5891
1277
4911
2090
5920
3085
3723
80
6878
753
1557
2651
3900
3901
3040
5780
161
5990
1291
1551
123
3014
5742
3912
2999
4841
5741
5953
3636
4032
1266
3489
6433
988
4380
1380
4485
179
3485
242
4487
4440
5359
240
1413
1416
2499
4587
6844
4231
2024
1807
4398
6060
61
510
2995
745
2536
2311
2467
4794
4799
3235
4344
3914
6103
6875
2273
1297
864
3959
984
2990
41
3003
3859
4915
5349
454
2136
166
5927
5928
3815
2240
5371
2028
6750
2131
5956
5957
3698
5320
5978
1376
250
870
1991
5307
1375
6051
1372
3632
5073
4066
1710
2861
5468
471
1491
6384
1970
4037
190
6395
690
4718
2643
3484
2042
5165
1152
5283
3684
3488
568
557
1361
3984
1813
3263
4660
1660
5169
301
4193
2657
3968
5649
2616
4786
3639
3674
1896
5172
4110
1303
3501
1556
664
5163
1453
2132
775
489
771
3590
1569
4963
5500
695
1573
5091
1290
5622
5380
1534
611
1499
5139
1308
6704
6983
2139
587
1300
1301
5086
1523
5102
1373
1955
5738
1493
1987
5426
2109
1472
1477
5549
1293
2330
2332
559
3107
1412
2334
3608
604
5144
71
4406
5354
2621
941
6157
6153
2952
6151
6373
6135
1652
2276
1064
6125
2973
1638
6874
2279
4520
2609
4325
7100
2951
2942
2937
2921
2495
4667
905
6771
1120
6227
2271
1895
2728
1877
333
898
93
895
340
2645
2048
4586
3059
352
6189
3926
4119
427
3875
4912
244
4386
1930
2030
5982
2022
811
6506
6877
3886
6738
3895
2517
4916
818
1804
843
1045
1581
6469
2998
407
2037
1258
1031
6466
1790
824
823
159
3908
4869
1590
4512
5337
5226
4434
4651
4396
4443
1377
4625
1362
6737
667
1971
4251
1368
4556
4292
2277
2031
6689
4489
6688
1360
3846
4017
4692
5050
4821
1876
3918
4850
2065
828
2066
3904
5352
752
856
7022
3778
7012
799
4892
3885
1275
3841
2259
4917
784
3842
4863
2052
7102
1194
4044
1326
1889
1155
3680
900
4040
1159
2107
2290
2008
4030
1181
3693
5135
1306
3696
876
5099
4782
5095
1880
3966
3954
2097
5170
6492
133
5663
312
3299
1844
2417
1570
3327
5833
6110
5809
5544
1574
6106
2982
3092
2984
101
6098
6841
384
6855
2960
2714
2143
2754
5731
3169
77
5728
6165
5708
5707
5704
5700
1699
1829
1521
6155
2453
5965
5661
3270
5486
1633
3100
264
5917
5919
3016
6498
6683
1420
2591
6879
1419
2338
3401
2337
1599
2578
6422
1795
3550
1597
438
6452
3466
3454
84
5975
6376
6514
6465
6443
1588
6458
5958
6015
348
5996
2958
363
2067
2769
3988
842
366
2987
7066
1626
7091
3919
4828
2994
7095
6876
2981
2313
6047
1619
6109
4805
6112
1873
2969
375
4796
2962
6131
3909
3967
6102
5357
6607
4236
106
4250
4559
947
949
951
6360
2629
2624
962
6405
4333
2598
6411
1041
972
265
1040
7
1034
6837
986
1934
1932
4390
6455
1928
6463
293
4031
4207
6328
6183
2297
2471
342
2295
1952
335
331
2718
2148
1150
2494
4728
6253
1141
1133
2686
4702
2047
1729
4691
6265
4114
4124
2671
304
2242
2182
297
1943
3903
6013
5964
552
6994
2364
7006
2466
5806
3486
5261
5396
176
6618
607
4957
1274
1271
5547
3083
6916
2251
6968
1553
1508
5109
3426
1307
3236
3294
3430
714
5107
5114
1295
741
3119
3114
1861
3902
5753
5222
5065
5834
608
2138
5374
3666
1595
3528
3599
5922
3676
4887
627
5358
3591
3675
82
4857
2394
3667
5955
1269
5504
5645
1374
5178
1585
3057
5376
3865
782
3058
5866
3497
3342
6687
1587
1579
5302
3379
3355
3652
1088
1348
2213
1751
1086
4291
4269
1350
2594
3623
4399
1806
3546
2513
2227
3539
4391
2125
3504
1792
2528
2505
4358
4346
1038
2580
1371
3487
1917
4335
2601
3482
4331
1364
1363
2620
4313
1062
1900
1070
2206
1722
1098
3837
2979
3942
1912
1576
3080
1260
2063
1584
2986
1255
1630
1586
3925
1251
2997
3916
3039
1906
3020
3896
3056
3887
3087
2145
3012
1617
2326
2064
3881
1594
1596
2468
1564
3819
3695
3694
3300
1484
1474
2680
1721
1469
4190
2497
3348
3679
4199
3350
