6529
3196
1837
7008
4058
6794
1839
6793
1830
1832
1833
6173
1836
2540
6790
6528
7001
1835
4747
6696
6791
6792
1838
3513
5419
3219
2569
2565
731
7000
3216
2548
6798
6690
3195
2568
3217
7007
5853
1834
7005
6676
4054
5567
6811
6171
5416
2552
4215
3065
3257
5607
4211
3517
4051
6797
2558
2557
6795
1831
4217
2342
3515
6048
6200
532
6202
6958
547
6176
6178
2773
3232
2555
3214
5536
6391
3234
4210
2543
3192
3198
7009
4213
5032
3007
2349
4419
6284
6525
6524
5411
3207
2550
3250
4748
4829
4810
2546
6042
6050
3210
3514
1136
5915
3218
5269
2549
2344
2343
6614
3512
5580
5305
6568
6175
2544
5904
1871
2775
2441
2542
5212
625
4059
1482
6814
2560
4471
3069
6521
6306
5385
2150
5682
574
575
111
6796
877
2545
7018
2258
5435
5944
5246
7003
284
3770
6286
2289
287
2562
4185
5425
2720
2411
4116
2779
2777
270
4057
2346
2967
2541
3140
3474
4537
38
789
6174
6170
4479
3116
7134
5939
1103
4981
3499
3190
6179
2118
3061
4413
3202
893
958
2968
4562
4639
709
5123
4052
4734
4738
1635
4731
1605
5913
2722
260
2567
898
6288
6697
6287
6186
3381
5564
1035
3913
6207
6616
3255
2561
7015
4062
3200
2167
4352
2156
3060
2151
2319
6954
6459
2115
4216
3062
5930
6679
3201
310
5606
4617
5851
3605
1879
110
4117
100
4063
466
278
3569
6852
3203
2978
6457
288
3221
6415
3707
3213
3193
2615
3254
277
3739
2786
3159
6853
3243
3350
4557
5912
6760
1208
6095
6100
4736
640
6988
148
37
649
4472
4475
2049
4478
7046
1334
4530
7010
5215
1916
6762
5873
2564
3931
915
2553
6671
6260
994
6692
832
1914
4732
708
6393
6070
7077
4671
809
4178
2493
7032
1412
1629
1625
3231
7051
1309
7065
1247
3236
6194
6201
6208
5590
824
1039
854
7144
1726
526
3206
5758
2757
5081
5829
2514
2507
2504
6575
2436
2840
5694
2371
5684
5672
5910
2159
2157
3204
1827
698
1847
5985
1875
715
2597
2022
2040
3125
2113
632
2155
5981
2345
3154
4270
5351
3480
3493
202
3508
4485
6691
6745
3557
4031
3742
116
5403
4441
4559
3631
35
5417
5424
6704
6722
4893
4891
4728
4837
4826
3733
283
5414
4982
5389
6699
6562
5043
157
5093
4228
3471
4177
4986
4988
3373
5872
6982
3776
1720
75
2184
4670
6768
1694
705
3777
6577
2721
2114
6057
3813
2877
480
484
2286
5890
4819
1576
2821
59
2813
3361
5720
2809
6341
5471
274
2776
1677
4634
2566
3822
5946
6751
5247
7002
129
660
6755
4448
4444
2378
643
4118
5936
4146
5352
6404
693
4174
4053
5217
2165
5219
2412
6758
5988
248
5418
3938
2154
3957
634
6743
7011
152
5919
5701
870
6188
430
1107
1104
3155
4980
7063
5600
3228
36
6235
1267
6238
3118
3117
3133
302
4920
3510
4947
28
3205
5506
5505
7075
1246
6195
3577
3596
3597
4937
4967
2891
3199
3208
344
3731
3735
3068
5066
460
6551
4823
3737
4821
6693
55
285
6280
3258
3462
1501
3340
360
3266
5563
6985
902
2046
2045
6292
4325
7167
6754
6289
5017
147
5003
4416
6300
5034
1054
2169
935
4359
6282
629
142
5044
5938
1115
5287
4961
1510
1167
6153
6347
1413
6330
70
4760
4824
6107
7043
1338
1606
1462
6096
744
1554
1533
6090
1525
1518
1503
1591
73
4828
1300
1999
1939
5224
6185
5984
5221
105
800
4570
6588
4576
1264
6734
91
6318
6727
4895
1821
1271
4712
4873
5248
1552
2218
2974
2547
3064
330
3761
6496
3667
2784
327
3478
3233
3473
3779
5358
5721
4112
3037
5362
2556
467
5729
5484
6634
431
2665
3182
5779
2645
2644
267
311
303
5608
2574
3075
3071
5437
6482
2835
3242
4099
5488
3380
2369
6956
3256
5532
2348
4225
3402
5838
5327
3001
5588
2987
5537
2347
2304
5688
576
2424
489
3033
289
2413
5530
6421
2860
2399
5556
4172
6569
6394
3650
6647
5116
3076
2982
6106
4827
3657
1367
6163
3730
6117
3729
1336
6817
1447
1323
1316
6167
3004
5133
1427
4888
3662
1317
3663
2283
3157
1043
3239
3240
1037
6251
3472
5594
6261
975
5592
6281
5533
6864
5581
5058
5542
6290
3372
892
891
7102
1050
5489
3477
3227
6825
4925
3614
4926
4928
3194
3567
3552
1175
3518
3516
5599
3212
4964
1135
1124
3495
4970
3491
1106
5528
1090
4945
1589
1502
4477
2485
2496
2036
2502
2513
5360
6628
5364
1992
2479
5949
5235
6750
4080
4055
4002
1931
1920
1917
5226
6788
5242
4143
4442
2080
2225
4266
4281
2294
5301
6674
4320
6767
4326
2340
4347
4348
4226
4355
4223
4214
2153
4179
2149
2363
5860
4157
5350
3940
3914
2559
1869
3768
4768
5162
4775
4809
4813
1621
3749
4815
1604
6067
2247
6640
1572
2837
3748
2847
2848
2849
2853
1522
1521
5691
1666
5677
6043
2763
3898
3892
6665
3819
4613
5211
5207
5820
3815
4656
1826
2668
5189
4721
7016
1784
1782
6615
5743
4739
4744
2748
2761
3775
3354
5082
32
501
780
581
6297
137
26
25
338
204
6332
453
436
6476
6413
22
704
145
787
149
504
305
355
50
690
6523
279
39
571
254
119
6553
6487
273
377
404
1184
1815
701
6561
280
5493
6613
5467
6815
3738
304
5205
300
6480
298
6313
4621
96
1771
3704
1166
6818
4635
1739
2472
6559
1094
5559
7004
4742
5955
4745
5173
4750
4753
5568
1979
6239
1986
3301
5948
6454
4776
362
76
1100
4735
3564
4672
3808
322
1134
3502
3497
6584
3571
3490
6840
1907
6845
5179
1109
4727
3386
3383
347
3549
7024
5220
4202
6673
188
7044
1456
6105
4162
5355
6094
201
203
1307
4114
6756
