6525
3514
3516
6793
2665
6551
6528
2668
3512
2758
2661
5855
4176
6760
202
1069
4986
3207
5246
6524
2669
5417
3214
4051
2848
5419
2562
3737
3219
3748
2666
1692
1837
6287
3215
6529
3195
206
6677
6676
4276
6526
6527
2441
6556
2846
4174
6762
6790
6007
4057
2540
4215
2910
2565
4747
731
4270
6796
6306
2447
2257
3265
6798
4982
6522
203
2815
4162
5437
198
958
6769
6767
3731
6791
1916
1915
952
5223
1730
1677
3218
6290
2847
3982
2164
2763
6404
2015
3733
2841
3736
5851
3770
2768
2547
3217
6954
2001
6559
6958
2514
3513
7052
5108
954
3216
3772
5520
5553
1054
6315
2568
7007
4672
3747
3103
2506
6286
5729
4052
6307
4674
3952
4823
4355
2615
2569
4983
4821
204
1911
4671
200
3739
4407
5607
6797
1436
6794
4059
4058
5431
4827
4505
3596
3741
1246
5720
3510
4286
2660
2732
3194
1931
3735
2074
4350
4774
3730
7046
1858
5954
3361
2544
3504
2856
7000
6175
1831
242
2713
6558
5721
6922
6866
2937
5969
1219
3590
4676
4278
2253
6745
5424
5608
5448
5473
6980
116
2320
5096
6171
2087
567
6302
817
1739
5034
6
2171
2574
6300
3196
5204
5435
3743
4409
6176
51
4353
3738
7008
2567
2548
270
2674
6048
6320
955
1830
441
1968
1685
4987
4210
6042
1279
2099
4217
6280
2822
2084
4214
2082
1066
6674
3191
4598
2444
7079
6298
667
6864
387
3202
7028
4677
1919
3734
6872
6174
2448
6989
2327
3208
4288
4136
6792
5441
6427
3047
565
208
7001
3985
6520
4056
6217
4381
3213
1520
6768
6477
4647
2862
743
1124
4213
6341
4670
1104
5372
6243
3885
6544
4053
6557
1423
3660
1377
5912
3749
2913
2541
4285
3746
2552
1652
1635
747
4679
1247
5065
6284
1608
6005
4829
6289
2597
2740
1707
6391
1499
4818
3556
2312
3742
6119
2865
6448
4824
4825
2869
4826
4189
2319
6694
6347
6340
6670
5726
6173
2440
1852
2546
2550
5556
1682
3388
6317
6318
2919
5559
6562
6331
5675
6554
6575
1064
6823
6955
5948
2667
5648
3894
2085
2086
3065
6877
4354
3929
4274
6968
266
110
3269
3848
3007
2000
953
3200
3638
5411
3233
1412
117
1067
5853
4382
4334
4280
5493
3250
7144
3883
2662
2517
6983
201
4642
4352
3206
4273
4485
284
5477
1065
205
2151
142
6919
4527
5642
2748
6064
1792
3732
5915
2485
1681
3193
6073
6546
5658
6543
6912
1800
1382
1501
4203
780
6530
6311
5418
4822
6948
1136
3205
1738
1737
6957
2390
1535
550
149
5446
5168
6148
6393
4340
2762
2549
1721
6385
2755
3776
1693
207
7020
3198
5119
190
6927
6319
2876
4185
7009
3203
5878
2872
6333
6937
828
1241
3043
4308
6923
4284
131
6299
2930
3892
3261
4265
1856
4985
2118
3266
3589
3144
5952
3914
5807
2776
3515
1433
1657
5926
3328
4054
6254
2329
2232
1910
5522
1880
5968
3336
5727
928
2106
4584
7140
4645
7161
9
3955
6050
6295
2080
6222
2083
5595
5251
451
957
5058
706
3582
669
2961
5633
3708
1836
3324
4981
1834
1832
6281
4104
113
7164
3204
8
1696
2367
6379
5530
6207
712
800
6147
4386
1627
3718
6221
6234
1687
5092
2091
6310
1581
7024
2088
5678
2068
2081
2823
6294
6296
5495
3704
5538
2073
4984
111
6313
3143
1141
3551
758
7113
2840
2331
4460
6335
4031
4402
4989
2512
4988
4351
1074
86
3930
738
3209
1406
278
6034
1841
1960
4748
5597
4577
1835
6876
6038
4604
1969
1972
5248
6566
1976
4209
3658
5230
4565
240
473
5228
3255
2230
5963
6695
5994
5993
4646
3315
6766
1178
6763
1890
1606
4659
6799
3605
6734
2717
2246
6815
4222
2248
2446
2560
2250
1464
2944
6826
6696
1238
6068
6878
3242
6929
1732
5871
2563
6930
4177
146
6091
1006
3042
3740
5206
559
1240
5875
1281
3843
6952
4902
4841
6090
1242
5414
3479
6962
5910
1728
2678
6924
4520
6959
6519
6521
4055
5846
1454
5570
5856
2542
5762
1440
1425
5844
1589
5145
1548
1426
5781
6003
3907
1592
1288
1452
5837
3800
894
1070
1068
6043
2611
5345
3657
5903
3891
5542
5217
1062
5827
1385
6070
4050
1577
789
2513
2373
5872
3931
760
5965
1011
3976
3804
6106
1420
3829
1415
3652
6103
6100
5425
5811
5433
2543
141
2564
4335
3774
3416
501
4478
6795
737
4324
4277
4208
3048
4297
2265
1793
4853
4856
119
6802
557
6931
556
2861
2194
4347
1746
2289
6447
4170
6449
6450
2059
114
6553
2264
3397
4497
2557
4654
1853
1854
3041
189
6675
6743
6690
3345
5599
2558
4302
4694
6934
4304
4640
6765
4320
4644
6563
1817
6785
4775
4501
6568
2014
6946
4211
4767
3210
6945
3389
6581
4744
4457
6723
6303
3190
716
6242
3171
6308
641
5575
6304
2089
1735
3257
4970
5579
1992
6852
1250
277
1218
673
1978
4283
6271
5629
7120
4279
3004
3518
1683
4266
1686
5592
6914
4456
3061
1921
2066
4145
77
4946
588
3192
7143
3777
1243
6398
6908
305
1694
5674
2843
1217
3542
1650
4444
4080
3100
2845
3541
4608
3013
5346
186
191
5389
5416
3773
6911
4552
6906
6916
1370
1216
6920
6901
3244
3664
212
5382
4563
245
197
991
1108
2192
5403
735
178
71
3705
1061
2075
7035
3181
53
3148
7067
5507
4427
4359
5805
4361
7086
3713
3725
7131
19
3125
2636
5537
17
4369
4374
7030
73
7021
7015
2671
1005
5432
2022
6943
1012
1016
1017
6947
6951
6953
5438
6935
4490
3049
4469
1196
120
5444
5839
3688
3201
5834
1045
5459
2653
1026
1975
3608
956
3107
6143
2603
1731
6424
6429
3998
6127
6430
3992
1736
6434
562
1533
4900
823
6112
4172
2867
4861
4175
6459
5209
1766
3424
4820
2746
