5244
4579
7083
3193
5605
6956
4570
6399
4348
3154
3251
6561
6535
4340
4342
4347
3157
765
6795
4145
5601
3796
7010
3424
4271
4628
4578
4741
7089
4747
7018
3818
6952
5530
1816
1456
6005
4211
3197
3229
2199
3793
4326
4980
24
4510
3159
1471
3797
4499
6280
2496
3152
3195
5710
6796
4452
1713
1812
5415
6953
5171
6173
4745
6102
3236
5490
284
2635
6521
4336
6170
7088
4456
4457
5240
3422
7085
5534
1027
5413
4610
5832
7069
4497
2329
1817
5856
2767
7002
3280
6957
287
277
4146
6923
3983
3165
154
7049
1478
1788
289
981
4270
5450
282
4273
3167
5346
5343
1696
6858
3170
1247
3222
4986
3664
2910
6001
2622
2634
3252
2406
3667
286
956
7080
5557
5566
3792
4495
6564
3799
2070
5536
763
3823
5609
4345
4740
5202
1548
3123
5578
52
3150
7016
5923
2493
5305
1070
6991
5781
643
706
1220
3185
3186
6963
3029
6081
760
3190
4925
2938
3221
4647
5715
1400
3981
3226
1683
2327
3554
55
4141
1708
3521
4491
6567
2314
59
3659
127
1704
7033
4644
4645
5446
5654
1775
4984
1700
3812
3224
328
4125
4609
4838
3962
3253
1774
2336
3183
4909
4881
3862
6475
4378
33
283
280
616
4278
767
6955
7156
58
1236
3180
1222
3182
2780
5424
3032
2198
6781
3366
6408
1566
4702
3381
3790
4450
6004
2506
5779
2552
5236
1849
4471
1578
110
2672
400
1012
2349
7082
6780
6266
1075
3456
2734
4476
3346
5140
564
5818
2479
1685
2540
6790
2415
4889
3151
6791
5680
1377
391
5440
4143
442
2819
1442
5026
5133
1408
4100
1914
5161
1772
6006
4218
2200
2630
2611
2216
3038
6712
5821
5242
4097
1378
1793
5235
4379
1077
3227
6220
134
1082
7084
4294
3417
4372
3254
928
156
4458
6568
987
50
985
4516
6264
4518
139
825
4537
217
6270
4371
3898
3978
4572
288
285
3819
7028
279
705
3462
1224
720
3813
3188
3429
4266
3794
4375
4640
3425
4219
3187
3155
6396
3897
671
3451
983
4646
1052
4643
4607
3529
3522
2365
794
3489
3511
4641
1706
1786
5854
5499
6401
6480
3824
920
67
3814
5721
5577
490
5725
63
1883
5572
3791
863
5555
5538
6811
3655
6402
4212
4513
5495
5496
6747
795
2197
2192
5805
1850
5520
5532
6566
6171
27
1473
4697
6226
2636
3023
6274
5192
808
6966
6079
6008
4748
6694
3220
3298
1170
6223
347
1402
3282
1178
1412
5079
2815
5023
5027
6276
3189
749
6224
3428
6721
1606
3120
6287
5955
3115
6309
3113
4003
5941
53
823
7019
3137
5228
2504
1114
4884
1281
5220
7003
3427
6470
6086
6113
1401
751
640
1885
1387
6217
6498
704
1228
925
6785
5900
1856
6587
1543
6299
1018
5862
5868
6581
6678
565
6329
1079
1686
1076
6676
1564
6577
6003
6392
952
1830
1818
1176
1459
723
1681
1479
6011
6009
1794
6528
716
541
656
6527
5662
5571
743
2736
5160
5187
7046
3517
5215
5226
5247
4600
3585
3510
6854
398
2491
4574
3652
124
4530
4496
4494
4477
7081
3596
2748
2752
2774
3238
3228
3218
6964
3299
3348
3365
4696
270
3385
4681
6950
5660
3099
3421
3076
4923
2968
4987
6908
5008
5029
5071
83
7115
3257
3815
5436
4341
4279
2265
4217
22
5492
2193
5399
5506
2164
4092
7149
5561
7151
6797
2076
2071
2062
7161
4158
5604
5652
441
54
2191
5412
5419
2335
7118
4377
7120
6516
4099
1091
1092
3658
3413
3412
3843
4412
3386
4103
4209
4132
4708
1148
4743
4492
3296
921
1173
4172
3294
3771
6536
968
3426
4606
1010
3528
986
1015
4599
3576
4084
4370
4373
4376
6331
6486
1177
4616
4648
4575
4216
3478
6529
4649
4573
806
3459
3449
4673
3423
4576
1998
3255
1785
2334
1770
5417
1739
5852
5416
5858
2388
5869
2389
2396
1707
2399
2402
2403
2447
5338
5325
2331
2330
1791
2305
5608
2050
5716
5723
2067
1938
1908
2079
2081
1689
5554
1855
2169
1838
5465
1815
5808
5454
5448
5430
2162
4808
5875
5299
3069
1369
4870
6126
1285
3143
3153
3160
1248
3173
1233
3177
3178
1223
3181
3184
6214
3201
3233
3060
4896
3013
1389
2500
1652
2520
1600
2546
2548
2567
5249
5248
2478
1546
2637
2639
2671
2737
2739
5137
5132
2898
5003
5221
6140
7169
7023
265
7111
86
6999
536
658
731
6673
177
447
7055
591
597
466
6900
358
603
7141
713
6990
414
6729
635
6969
486
6679
7058
6733
1447
4268
1911
1446
7045
4475
2562
1452
1916
1919
958
3345
334
2564
4091
128
1455
3355
5002
3515
6560
4985
4210
1229
5503
6045
4213
4109
4407
3526
4922
1857
1859
5787
1869
1871
2533
5151
4277
2986
6213
2175
1211
1617
708
5774
2967
5281
4276
1889
338
325
3524
2872
1463
3734
5125
2664
5669
661
6303
4670
5186
3876
1542
6007
503
2706
5649
5119
6674
2074
5643
1095
5627
4515
487
6675
4054
3891
672
3419
5603
2731
3415
3363
660
3400
6390
385
1460
7122
5728
1163
6057
2845
989
4360
4701
3476
5550
65
5718
3663
6367
4690
5712
2632
3717
4689
1560
369
7025
4686
5098
2638
4483
4608
2186
2194
1701
5828
1698
1368
3966
805
6563
1782
1694
5827
2382
6530
5455
5822
2390
2392
1375
3567
7063
5820
4147
1280
3104
3258
1382
5883
5472
6172
4424
4836
4144
292
2280
3212
739
3219
1344
137
4174
4299
6103
2338
3953
3199
1749
4291
3194
3225
4585
768
4290
4176
3961
40
3172
2289
3583
422
4156
3161
2282
1306
1364
7160
4367
3086
3063
2227
3284
6502
6073
6071
3555
5895
3287
3048
2441
3291
2196
316
1244
3024
867
6507
4197
3080
3828
3829
123
6025
5410
2075
6710
4333
1102
29
4045
5178
