6533
2503
5250
1465
628
2783
1989
2784
623
3006
1982
6866
5796
1912
1917
1984
1913
5411
621
1461
5786
3827
4612
6864
2502
1914
1195
1342
3395
5806
5804
3393
4123
1464
7054
629
3608
5896
2909
1911
5618
1863
4121
1919
2785
4764
4769
625
5998
1199
1196
1462
5248
1552
2781
620
3391
3400
1910
3394
1916
2813
3397
6491
626
6869
7006
4743
2780
5255
3824
5623
3396
1576
5798
4367
3503
1467
1985
1922
631
3009
5163
2653
3392
4128
622
770
2050
5257
1619
5805
6532
5790
3603
946
6476
1929
6863
1469
1463
1366
5390
5186
4290
2782
5840
322
1537
635
5997
3651
1069
6028
5849
5256
945
4763
1466
5621
3505
2396
2718
71
5184
4114
1190
1987
5237
1022
3566
3607
6499
3696
1098
3829
989
1351
7087
6070
1926
5581
6110
5392
1924
2459
2475
6867
2570
5697
3653
5177
2714
6784
5131
6333
5807
1915
5995
5979
1921
1468
944
5898
986
679
6072
744
4094
5201
4957
6430
4943
230
4152
4861
290
3606
5973
3002
1193
3383
2925
2981
2509
3519
3074
3019
7059
6063
6978
3076
1368
4636
5506
5181
4464
4888
5498
5428
4970
2979
1191
1194
3061
3248
5649
5962
324
1869
1544
4095
168
372
4088
5881
1826
3828
5992
6567
3609
3600
1103
5978
1979
86
2575
2662
257
5183
2713
5253
2572
1861
2478
1927
1875
5709
6068
2058
2717
2501
376
311
5608
5583
1531
5568
5547
5847
5156
1606
2789
759
6209
746
4469
4383
4691
3390
3398
3069
4941
3399
6456
3490
1162
1161
3810
2996
113
1000
3820
953
6505
111
2901
1981
5942
1737
1991
1730
1997
1968
825
1738
3367
1068
5968
4035
5783
3857
5958
1542
5935
1920
404
748
3166
5169
5113
3611
2674
2666
2888
5229
2960
5002
4979
4971
5329
5361
2463
2433
1350
1361
419
3158
4631
2120
2130
5637
5748
2274
1367
4671
1364
4761
3073
5494
742
985
4360
6217
6551
301
114
124
6477
6011
6115
126
72
6212
6526
6556
6447
6494
5507
5497
3405
2024
4869
2000
5511
4253
2598
5414
827
6535
3919
6815
3060
2719
7095
291
7093
6075
2659
1040
5596
1493
5586
909
33
687
6454
3153
6119
2157
6245
6865
857
2391
6184
2399
6189
4127
6190
6221
2499
2464
6580
5108
78
6433
1085
196
6157
1025
983
5334
533
2571
542
2230
2156
1402
2281
2520
2517
1177
2310
2330
2507
2270
4362
5093
2832
5767
1551
3556
3561
1600
8
943
747
1609
3
2906
117
1192
4563
3005
2835
346
1791
4389
4467
2972
297
4621
4643
3290
5845
1422
5210
3661
3996
5486
125
6417
5420
2023
1066
3389
4126
1792
2072
6822
6723
2125
6501
2573
5372
2311
3362
3684
4067
4974
1727
2519
316
3693
1671
5882
2505
3240
543
3620
2522
5293
650
2523
2526
2338
4034
4
7161
6342
6243
3699
312
354
3354
7027
6232
793
6507
5627
5632
3852
4153
5647
1925
4320
6204
942
5673
3063
4133
3504
436
6523
6367
5691
5125
221
6069
2730
2747
6760
2786
4505
5977
5168
344
4298
5612
2395
6349
3657
1795
2654
2655
2657
3731
1970
5614
6097
1555
4647
4287
4784
2676
734
1334
2425
4787
3068
1935
3241
4506
4571
2489
843
4586
4524
6421
4569
2504
2500
6249
4462
758
3018
4172
1274
2673
3071
4785
1263
3066
4382
1216
4772
4641
2710
2722
4366
811
3037
3036
1605
2787
4683
6759
206
6842
2650
6380
2512
2515
6337
4965
4959
4949
4445
122
4932
675
1197
1291
749
4667
4236
6699
4886
4250
2624
4881
2577
4891
6125
5096
3747
417
7142
3764
1862
3787
6475
3821
431
3823
7114
7112
7108
6466
5675
5671
5670
1928
3856
3275
463
3861
1495
3432
907
1972
1482
902
6536
7144
1827
299
1015
5970
5969
978
1602
340
6012
1611
3677
6485
3678
319
1673
1726
3689
7067
1579
1787
1567
1566
1789
1562
5826
5824
6506
6508
3568
6511
303
949
5792
7162
5519
6079
6537
5322
3386
3371
549
5260
2284
553
6126
4060
3366
559
2304
1379
5236
5232
2334
2364
1094
4122
4125
1365
2394
5182
5171
2437
6211
4150
5106
6868
5323
2162
2966
2150
2051
4018
1432
6976
5485
5493
4026
3967
2155
6558
6984
6105
4031
3951
2158
3672
979
3614
2978
4001
3443
4286
2968
131
970
849
3921
6530
6426
3715
3289
4134
4466
3077
6471
4392
6423
3819
3507
3020
3526
3811
802
3225
6449
3541
899
3385
3374
1018
840
3387
129
6464
816
4321
791
4007
3050
4171
4283
3553
982
2914
2027
1993
7045
484
480
5561
1434
1491
5589
1936
7081
5624
7085
5646
1966
5429
6111
1425
2423
5188
1360
1362
6950
5211
61
5235
566
5251
2289
2245
5313
5335
6970
7098
26
1516
435
6050
5809
5846
1783
1781
5860
369
365
5900
1722
318
1617
5960
1603
1607
390
6912
6054
302
7115
5720
7121
1900
15
7126
7129
1536
413
412
411
5764
7145
5781
5784
393
2434
2175
6885
6392
4783
745
4908
1205
2837
740
4885
4866
2620
4823
1213
669
4650
6774
2821
2660
720
4644
2682
6748
2877
705
2732
613
2899
6724
6220
83
4991
6810
6358
725
4775
2510
2521
648
2438
2751
3032
1849
1841
6519
6691
1019
11
2760
2733
1864
3601
105
3664
2903
6484
1618
7167
1670
6729
1696
6747
6493
3638
120
3624
1198
1739
6757
3055
3590
1557
6694
1553
1219
2726
2683
18
3115
1412
2167
2937
6570
2539
1072
2198
6574
3232
2252
2287
3360
2508
2333
3358
1370
2371
62
3309
1332
2474
2471
3107
2596
1435
2091
1252
3065
3501
2685
1930
3471
1499
3437
2678
3404
1490
2725
3402
2640
7074
7072
1472
7051
6539
2627
6541
7043
1998
3078
1486
5974
3685
7169
281
4895
4220
