6555
1920
3117
2304
1842
6869
1921
5510
148
221
1997
6553
3405
1845
4367
2455
4701
5840
1336
3614
650
913
3168
5317
1987
1023
5896
196
1901
1990
5312
4095
7077
1924
1843
372
373
4866
277
6435
4456
2505
4775
3406
5178
5973
4128
7156
100
2705
1656
4641
3402
3473
1815
1177
3170
1811
1789
1786
5716
2524
6227
2313
2398
3407
4114
5897
5176
2707
4951
2708
5518
4751
5719
430
2479
5617
428
5605
3619
2525
5345
4705
1925
1172
4630
1831
5243
7152
5978
3974
1536
1776
199
994
6088
1650
1926
1922
3637
3408
2884
629
1333
6381
1567
1432
6130
6142
5583
5558
1075
6515
2816
5475
2703
4370
6731
308
2537
4870
7015
6136
4702
1999
3951
4672
5843
2936
194
2211
1862
4704
4638
1846
2317
5710
1983
2361
2396
6080
376
6084
6087
5242
5278
195
292
2813
3150
5160
2889
3157
217
5304
2186
2701
825
938
1055
6514
1174
1313
6805
6145
6138
6854
564
6862
1769
6033
1840
1923
501
324
5533
5601
2533
2527
2523
2706
5612
2450
5717
429
2237
5835
5935
2503
193
4379
94
3979
4324
4042
3611
4878
4968
3397
7135
3973
3635
4871
3400
4371
5033
3291
3828
2389
6827
5980
6834
5474
4653
7131
4646
283
4246
1814
4068
4075
4965
4536
7013
2733
6076
6140
2814
6840
570
4513
2787
4117
1622
4245
192
7004
5930
5768
439
2488
97
5745
105
4708
3781
2437
5659
5693
2406
2351
394
2384
5831
7008
2115
93
6899
2850
3886
5588
5590
6999
5596
5893
2055
2058
2073
2077
5848
2105
2112
3626
275
1653
397
4452
4362
3386
7043
6401
916
3008
7167
7159
3160
949
7166
1116
3154
3153
4366
1510
3143
1100
6535
4365
1035
5218
5288
1253
6730
803
3441
197
3409
2912
895
4459
3404
5318
3224
6699
1263
6214
6361
5171
4471
2125
2294
2342
990
6542
6688
2360
987
835
3882
2318
3870
4703
2269
910
2261
3863
4372
5715
862
5756
911
2225
936
846
5828
5832
4339
6212
6775
1250
1757
1749
6050
6863
6860
6078
4457
1316
1694
1328
4465
6139
1397
4259
1442
623
1561
1560
1538
6167
1781
6372
4647
1187
4326
5895
1077
6507
2009
3888
1996
1101
3898
83
5885
1982
1929
3915
1143
4668
1152
72
69
516
7157
1179
6490
1993
2074
395
5240
315
145
2682
5486
5494
4917
2704
141
2595
2526
3155
2522
2521
5611
3161
3116
3162
5455
5247
5315
7027
5311
5348
2851
4995
2849
5453
279
5375
2819
2785
2989
7050
5399
5422
5014
370
318
5082
377
5167
3782
5121
2485
5161
3289
5662
4376
4596
7018
1149
4594
5259
7019
1173
806
6089
1673
2994
5672
817
5244
6068
1132
3260
6493
4919
6030
4628
5241
1787
147
4597
3543
1109
1777
6488
6486
4966
6485
1747
5458
545
2784
3471
1618
5347
6226
4253
620
621
2921
4999
6324
6228
1324
6704
2916
267
1406
1402
2369
744
1465
6211
3788
766
6434
1602
7044
6846
289
1591
4993
4994
4125
1248
1569
2974
5286
2347
1549
2937
2934
1530
2345
3084
4048
1010
6995
2056
6996
7165
2547
5597
3884
4901
2583
63
5922
1015
4700
4912
4707
3560
223
191
5925
2530
3617
5759
5619
5179
3878
756
3646
943
5081
2150
5826
5608
3298
4873
5078
3872
3618
92
2081
1026
1346
5512
3977
3111
6643
5981
5469
3971
1054
512
6895
4652
1071
2303
3110
3913
3909
4336
320
7006
2456
2671
6557
761
4458
3171
976
5215
6576
5095
915
1103
5154
933
1334
931
1076
5234
6502
5214
1107
5301
1337
5271
6530
1029
6447
3112
6615
1135
4317
792
831
5143
3359
1130
4313
5279
3340
3238
5073
6549
6487
6614
3367
998
3072
4592
1383
4839
5773
2153
2152
5609
5833
2133
2122
3620
2072
2062
3612
5882
5592
5900
2005
2587
1992
4696
5927
5928
2654
5501
2213
2216
5763
5757
2376
2366
3794
2359
2352
2343
2401
2410
5712
3840
4709
3964
5647
2308
2307
2300
5632
5718
4803
5627
2277
4809
2484
3693
4754
1362
4918
3550
4120
6099
1660
4584
1633
1607
2810
4512
1589
1586
4249
5371
5353
2844
6149
4475
6188
1443
2882
1440
2888
1415
1414
6086
2395
5421
6081
1893
5992
5998
1844
4640
1839
1836
1832
4037
1826
4044
5979
4065
1780
4962
1772
4098
1759
2720
1727
6063
6070
6071
5451
1782
6705
5788
628
6790
134
7005
152
6787
204
150
6950
59
6896
6746
7158
288
551
7010
625
285
435
272
234
263
6735
392
421
515
7057
238
149
6224
6225
993
3823
5411
5224
2788
626
4780
1028
278
4770
6532
4766
6533
3799
1020
4746
6239
3780
113
6223
2781
5403
2817
110
3855
5457
947
1534
944
6830
1537
6831
4679
6741
3939
1552
4678
4673
79
78
1553
81
3912
5566
7003
4712
5459
1478
5346
5465
108
1493
6552
2670
96
3879
2652
333
6570
2613
6166
3877
3712
7031
2885
3189
4969
7065
3167
3165
3486
4958
5173
1268
3493
3497
3134
6354
3121
4932
3120
4957
6348
653
1151
3357
5017
3352
5047
6421
3342
5051
7089
5006
3282
6454
6459
5003
655
3237
3223
3403
2881
3114
5213
2972
1063
5285
6516
5287
5302
1056
2980
2931
4833
359
7110
2903
3697
2901
2887
5310
5201
1339
1072
144
143
4916
6780
5220
4909
6505
5274
5250
6511
3616
1329
3624
3005
4876
4874
136
76
2659
3380
1837
1927
4108
6039
2198
2100
6648
547
1562
4378
2069
2403
4041
5970
2324
764
4036
5711
1620
4072
5802
774
2375
1816
4102
5857
1979
4101
4106
2349
4547
6956
2362
455
869
6062
2370
4544
777
5953
2374
1940
2379
4103
6047
2316
5623
2079
6951
1766
8
2508
6706
6679
6837
70
6147
5613
363
918
4373
2050
1890
457
