6567
6560
1924
2459
3701
3612
6753
1552
3451
5723
3616
5896
3069
1999
6978
5720
3621
4344
5662
5304
2503
3450
6814
2972
6781
3391
3381
3163
6547
130
5318
2396
3783
2050
1562
3457
4749
3192
3239
5868
5804
5798
4612
4332
6417
114
6426
5627
3613
2785
6719
2813
2726
5178
5709
1700
2504
2512
3311
4641
5560
5495
3241
5767
5608
1785
4746
2869
5705
7054
71
5241
6214
3618
1556
6008
4525
6533
4253
5943
620
3624
1040
5918
6472
6498
220
6491
6419
1982
2861
3619
5860
2199
22
5510
2786
825
2216
4284
5384
7020
3828
2493
5211
4190
4171
855
229
5660
3006
1610
1704
4631
3452
1730
3453
1922
5783
3240
1558
3238
3247
3554
1843
6986
5250
5255
311
1600
6686
6972
5244
1845
5843
622
6670
5334
6439
6586
1212
2258
5484
767
1569
6105
6482
242
6005
5760
1537
1530
6984
2013
2371
78
4114
4192
11
3787
3723
4362
3617
3456
3420
4569
70
3249
7074
4966
2728
6869
5205
5232
5176
2634
1555
4523
3419
1607
1617
3396
1694
2630
1698
3387
2676
4504
1735
83
5794
88
1772
7098
4784
1844
3039
1888
4590
5242
5933
5939
399
3981
484
5235
4217
6582
3785
889
28
4343
924
6446
979
2527
6950
3627
2516
1062
3611
1163
3593
6032
5942
3509
1926
5243
1992
2064
2837
5422
2072
2034
2074
2864
2282
2019
5617
5370
2782
2809
2120
2763
138
137
2397
2729
1989
2899
5505
5414
1295
2334
2787
3599
1127
3667
2321
1056
2783
1094
2784
2781
3628
6337
371
5485
1041
6430
4934
3719
883
376
5341
466
478
2398
6757
6756
3941
4234
3814
5228
6669
6663
6625
2551
2391
6574
744
3781
4270
770
4278
2547
3561
6515
3713
3709
3705
6062
1465
5088
2033
1707
5606
4649
1739
2865
5792
3244
1998
2867
4741
5753
5725
4743
3189
3179
2898
3060
1846
4881
2980
1965
5672
5671
5670
4927
2494
5602
1696
2836
1690
3528
3522
1453
1464
4935
4469
5512
5517
1525
5519
3489
5558
1553
1402
4520
4524
1566
5299
5221
5908
2509
1613
3398
5892
5870
5075
3395
2061
2088
5849
7169
7052
299
7024
340
7015
223
6975
343
81
245
135
345
230
278
3715
2441
936
938
3367
1460
496
1583
3379
5247
6677
3717
6006
6415
3378
2071
2890
3355
2083
2967
3714
1550
5578
2682
6495
5181
628
4321
5569
2450
7077
6988
2114
2445
6964
4324
5506
6052
2978
4385
6212
4174
5420
4466
1165
4493
3507
6723
2288
3514
1195
3520
5440
3525
2968
4522
4962
6195
5210
2913
4640
1362
1361
5361
4367
3827
6088
1401
5364
2234
7016
5492
5383
6349
6170
1103
7046
1051
4360
1568
849
1985
2723
5796
339
765
1995
1997
1984
5821
5620
5618
1708
650
2523
1702
2522
768
1686
3793
344
1920
5673
2559
1929
226
692
5649
5629
705
3813
4238
2542
3190
3194
1800
1793
5642
5845
5125
5428
4843
3974
2053
2701
210
3076
1615
4665
270
2035
2862
4668
2066
3280
5605
5899
5856
837
4287
702
6265
3712
2868
6496
823
4289
5059
875
1116
111
19
7030
3799
1168
3818
4467
5411
2834
2520
310
951
972
16
974
2517
2511
6540
2910
2524
6534
3725
921
4361
763
2916
6379
4369
2499
3626
6565
5003
3792
2457
113
3615
342
6338
3752
6569
5130
1216
3089
1689
1682
5847
1661
4672
5867
3285
4648
5897
1614
4643
1611
5898
1602
5901
5902
5906
5909
4635
2075
1567
2085
1703
4627
1706
5621
1927
5676
5655
236
3170
3115
5641
5638
5744
1808
1975
1789
3106
5759
1979
1775
7095
3220
6973
3230
5803
3236
5806
3253
5434
4621
5577
4897
4905
2233
6108
5493
5487
7004
1291
62
2253
7111
6184
1271
2981
5457
5454
2974
3490
5450
1237
1233
2281
5448
5497
4616
7108
6076
1534
5573
1527
5566
6962
4594
1499
5969
1482
4867
4586
3037
2148
2156
4874
3386
2162
6004
1421
5511
4575
6068
1365
6079
4229
3129
6865
397
4062
5254
144
7167
5257
5171
7051
2592
6721
2727
2673
4130
2700
6673
5179
416
5158
4150
359
2722
2641
7166
4006
470
4152
2725
6694
3913
3656
6810
6989
3657
6795
4647
5932
2421
2423
3068
2911
1547
3303
7053
453
3964
2089
2063
2405
5133
5172
5911
1037
5919
461
6790
4363
6280
5604
1699
4194
5119
2455
3706
6489
2458
886
1724
7027
1738
871
2595
868
7028
912
4025
1691
5116
6981
6443
5609
5367
6444
1664
5094
5864
324
3681
939
1681
2442
614
2889
1685
5614
1663
4186
1543
4499
5214
2280
5215
2188
1398
5447
1217
1214
2289
3394
3393
1202
3517
4879
6009
2296
6051
514
6215
6065
2655
7057
7002
7059
3444
1328
6743
5481
5202
1279
1275
4528
6074
4521
4145
1366
6758
5212
3462
5579
4925
5436
5406
3597
1095
1090
5936
6336
4381
4123
3614
6698
2099
5934
2616
1536
1993
4979
5574
4866
488
2674
5962
7050
4928
1164
2147
6270
2311
497
4463
6717
1153
1467
1480
7010
1126
4414
7011
2118
5412
2135
3722
6413
7039
2536
5703
5077
641
2496
15
5652
3197
2538
5752
720
3152
3199
4286
248
2549
1780
4219
3151
225
2569
3797
3795
2502
5643
6660
2525
5267
760
2526
5728
6553
2839
4017
5258
3789
5713
1968
643
793
6563
4277
4211
4213
4279
5663
234
3117
4034
2469
4740
2564
3829
2473
2557
1913
221
6867
2562
687
6309
5213
490
6744
2119
122
1495
6561
2531
577
4028
4956
6994
5710
7008
2323
6285
6287
6289
3559
492
5499
1481
6564
2575
5973
3423
4772
5559
3886
5138
3590
3120
3786
2236
1841
1842
4763
6119
2377
2235
3608
6699
6109
6335
4861
677
4005
757
5204
1332
45
4128
3791
1847
2942
3424
5404
683
4601
1092
1091
6552
1508
2319
