282
3221
3157
285
59
5534
5530
3799
283
280
287
55
3167
5779
5538
284
50
53
289
3154
5710
58
3150
52
288
3793
3796
3795
3226
5536
3790
5532
3222
3152
3422
3159
3151
286
3224
3153
54
5820
3161
4379
3797
3794
4326
5535
3791
1817
24
4371
3229
5808
51
3223
3792
4870
6858
2739
5539
5533
4341
4342
3155
5161
4372
5189
4573
4378
3220
2733
1786
4702
27
3165
3160
3156
4653
281
1816
56
3060
316
5186
5718
6963
6795
7117
4375
6692
467
3424
4471
548
4376
6811
5725
63
1812
6538
4833
2775
2736
2731
1876
3541
982
4491
1119
6376
1683
4579
26
923
6206
2282
6086
5153
5413
3870
64
6967
640
5652
6489
6266
3572
6335
1947
3576
6004
1696
5495
236
4373
5921
3478
154
5671
5027
5132
6521
6062
5224
3071
6756
2734
60
6178
4708
956
6475
1873
6626
1874
6564
7080
3232
6121
2743
6686
6907
3810
3812
3299
2748
734
6110
6567
3540
2564
5008
4347
2704
6530
2989
4843
6377
989
6893
5451
3227
6873
6853
6817
6813
5226
1526
6790
4510
6081
6712
6088
938
5643
3989
131
25
3734
3730
119
7085
4340
1794
6876
5590
5675
4649
2881
1527
5434
6076
1236
4747
3195
5194
6143
1530
576
4571
1456
3835
7083
2086
4632
6430
7089
470
110
3163
478
4603
482
1946
7071
6337
6328
930
3083
7110
4270
5566
5586
4271
920
3064
917
3814
6939
6759
4081
2880
5490
4831
3320
2056
3531
3244
6997
4545
2494
1948
2506
3307
5776
6534
1614
6248
2563
1608
2567
5003
2568
5019
21
5558
3879
6642
7082
3334
4837
4838
1939
4336
3330
33
3230
2406
1849
6919
2790
1072
2422
29
985
1704
3238
3158
6389
7081
1872
2199
2135
4530
3228
3739
3748
2189
5563
1871
4345
5280
5804
2819
5119
1730
2479
2752
22
6106
2490
2491
1384
1733
5783
2498
5781
4922
4937
2535
3985
1793
4836
5649
2335
4170
2232
3123
6824
5822
7115
3070
7121
4647
461
5703
3029
5197
5193
572
1157
4696
6071
4701
1392
2302
3819
2164
1204
3491
6271
3332
3542
3575
1698
1968
3573
7002
3535
3367
3532
2023
3524
1036
3581
4497
7011
1956
1685
2071
5937
3472
6144
1978
4868
4607
3412
6969
2258
4412
2336
2013
3414
675
5244
6323
1231
4628
2791
4620
1811
5869
4706
6001
465
6641
6832
4704
1835
1117
5678
6331
4707
6831
3137
5093
5641
2331
5824
4605
5180
4370
7144
540
4646
4658
5875
4427
547
1453
6699
2367
2362
6486
6711
3032
2884
67
4652
4648
1965
6696
6694
4846
513
6497
2393
7142
4125
3655
4643
4172
358
6080
6780
6691
6173
3625
5929
6079
5537
2077
4511
2671
3241
400
2500
4357
2700
4909
5770
6370
2161
2511
5006
3970
5309
5343
5426
1739
4565
5079
3549
3719
4552
7078
5672
3543
1736
5414
711
5941
1624
2085
5285
455
6938
3297
4476
3528
7086
5023
5753
6537
5389
5499
4010
4006
6536
7166
6005
3534
2198
397
1732
2520
4995
760
2614
7039
2620
2480
3476
4744
4348
3469
2337
6723
6560
1334
199
1163
6138
5162
4992
3975
2595
4088
7014
2883
615
4089
6009
5046
5713
721
5491
1452
809
5492
2777
5098
6170
1564
2706
1694
2448
2493
2771
5498
5787
2747
2767
2445
3539
1561
2513
7010
6693
5755
2538
3544
641
1936
5715
1640
858
3996
1737
849
6671
3585
3874
4923
804
4065
2623
886
5680
514
889
6333
476
1042
3411
5823
5580
4613
5821
4630
4153
6835
3087
3081
3080
5542
3079
3077
3076
1214
925
2195
3326
150
3419
3385
1037
6923
5827
3187
2196
6390
5436
5429
435
5428
4488
2200
2204
3749
4484
3339
6148
5567
4477
3197
3162
3212
6936
3751
7088
3337
6382
3668
3068
5828
4133
5844
6426
3254
5202
1459
6220
3731
4420
6066
3003
3257
4686
139
4518
4418
4690
4515
4324
6739
6366
57
1455
5406
4514
3462
4703
5674
3429
5212
6960
6435
4645
279
3050
3735
391
69
392
3061
7064
3323
2280
4286
4644
6279
2552
5323
5388
6379
6540
981
2571
785
1611
5636
6126
1703
5310
1752
1682
986
1944
1225
5334
1025
5424
6348
1878
5302
5034
1129
5183
5091
5564
5588
5531
5220
5527
5665
2370
2369
6439
6484
1052
1056
5222
1974
5158
5199
5521
1815
1979
2349
1156
5488
2334
2332
1689
2361
5587
6209
2389
6525
6401
6176
6200
5059
1789
6517
6287
6288
2212
5284
5282
5723
1838
5084
5260
5233
5721
5654
2426
5228
1942
5585
5138
6224
2192
5711
5487
3316
4742
3651
5870
3423
4711
590
3641
6727
5814
6877
7049
3430
4683
6747
4659
4745
4575
4746
6722
646
5863
3736
6697
1338
6700
3242
6706
4808
3413
616
3236
4222
4748
3667
599
558
3031
554
3538
4621
3536
4387
3530
6856
3529
3479
6008
6842
473
6837
3143
457
3513
3545
1333
3075
3074
3037
549
3180
6966
546
545
179
6084
4641
7019
1458
3065
3067
6796
434
3547
7026
2833
3725
459
1602
698
2740
4003
3818
749
4005
4114
7127
4891
3738
712
3899
5963
4519
3282
3285
3335
4976
363
6599
3296
5754
3860
3867
6580
6910
4068
2672
3869
2634
359
4994
4876
3250
5829
3743
5004
5994
3747
4849
1478
111
3312
3311
3256
2787
3764
81
4996
4872
4495
2768
7114
1374
1566
5793
4482
3877
3381
4168
7095
7156
5969
6308
5420
339
6991
6948
338
4458
5446
5440
296
3389
4475
5447
2011
3417
1024
3355
1213
1211
1467
3336
3440
6964
334
6320
1062
329
5472
2570
3517
1126
125
3741
7084
3750
1858
7090
5662
5660
5988
1399
4146
4126
3813
3737
1397
7130
1813
4087
4086
1809
4085
1795
4067
7147
4058
5979
1364
3979
1746
3828
4205
3720
1882
5494
1076
6006
229
