6583
4137
5502
6585
4620
6014
1918
3246
6573
4006
6579
6589
10
2271
4256
4357
104
109
2277
6572
5771
2948
4718
5873
4153
2340
6587
3967
5090
2659
2923
2683
5483
1958
6868
2942
4627
6588
4148
16
6586
3432
13
18
12
6229
786
3484
7161
1087
4009
6584
1329
5584
5442
19
2422
2278
750
6720
6374
6710
2320
2276
4703
2227
1391
4140
5330
216
5394
103
2614
2654
2326
1235
2831
3566
6571
5777
6367
631
3240
5878
6718
3518
5879
5942
6011
7145
1959
5772
4005
3533
600
6493
4139
513
502
1804
3446
6580
17
3356
3353
3352
4573
2807
1886
1725
6013
66
6127
836
5339
2621
218
5507
102
6355
682
106
5778
5503
5489
2328
4358
5775
5508
5371
6018
5337
210
6141
6544
6724
5185
605
4907
6389
6577
6375
1666
3462
4002
2941
3483
2940
2929
3164
3464
3969
7056
2830
4142
4143
3925
4004
4144
15
3443
14
4145
7040
6354
3572
4003
1259
215
5531
3545
5134
6025
3848
3903
687
3641
964
5760
5196
5877
2834
5819
6858
3543
2631
6807
2801
1441
1115
1472
2812
1667
2452
5511
2478
122
6711
4374
367
4132
4684
3138
4682
4658
4869
6575
7142
4099
6558
33
4149
2202
4154
6383
3098
6439
3318
2563
1957
3357
5764
5813
5746
6581
3322
5562
1249
3448
5565
5812
1163
1286
5637
3447
3445
3247
3094
2839
2838
6392
689
3555
3047
4182
6304
7119
2990
6146
3128
3622
6802
6458
873
585
6069
6026
6501
6543
6778
3162
960
2924
5924
2945
6336
404
2766
4698
5336
1563
4098
4092
5313
5295
4721
4091
4680
5210
5153
1901
4906
1724
2585
107
211
209
1794
3976
4126
1759
2174
6970
2463
4345
6855
4321
4395
252
4141
4454
1401
2765
1449
4864
5063
468
1884
1796
1799
3317
6370
4289
4860
6369
4282
4336
3106
639
4626
3460
4693
4127
4699
6506
727
2279
2303
1986
4779
597
3113
2333
1953
2168
635
1952
3501
5093
6249
5333
5338
2670
5342
3806
3810
3927
2806
5767
5407
2686
2832
5730
5470
5475
1258
5479
5651
5640
5488
2791
3856
3855
2760
5678
5075
5322
1059
1750
6230
2588
3850
6133
6120
6089
6072
1714
904
6044
5824
2603
6015
5155
1674
1670
1651
5976
5961
5222
5257
5265
2836
5142
5519
3333
7116
6830
11
6856
6701
171
62
227
326
6716
2535
6326
2762
5331
1558
1560
1806
2432
6806
6867
4186
1086
2753
1082
3081
3080
5268
4035
2117
5816
4775
3482
3416
1793
3259
1476
3401
3841
1169
6137
2208
1956
6546
369
3681
1784
5774
5375
5784
4507
5788
4478
5223
4610
6444
3503
3586
652
4135
656
2616
314
31
4629
4121
4695
1984
4120
5083
3948
7057
4717
4093
948
4066
2083
6893
2986
3079
699
3980
3440
6441
357
1968
6046
2711
3442
7149
4138
1970
3444
7147
630
7143
1672
4973
4611
2628
2861
1210
3359
6666
1912
390
2899
1256
264
2803
409
3801
2273
3800
2842
1400
6764
1349
4283
1251
5647
4904
2337
1888
3104
6715
822
1318
1316
6182
5449
2254
6582
3100
2338
1315
2837
1973
646
5529
1373
1977
1274
6102
2321
1654
2093
1028
966
3538
1354
6924
1909
3137
3909
2317
741
3601
6730
5158
1974
5938
5631
6727
6410
4868
1277
3831
6012
930
205
4724
7041
4972
118
3049
2651
6203
3962
2334
3480
909
3066
4741
6075
2007
6899
711
6901
1797
6919
1732
1331
407
6386
5553
1736
2501
3932
2613
212
6952
414
5554
1304
5566
945
4115
943
410
6770
3465
6027
680
2330
729
3309
2305
4354
1862
4487
6130
5458
6126
3823
6865
3821
6532
3249
6125
3414
4000
4798
1874
3089
5332
782
6124
3644
6932
6250
4234
1160
3121
6574
5445
2244
5444
3260
6570
6565
4830
2222
1940
6721
1944
1451
2799
6136
1485
1445
6928
1212
1161
462
5325
5500
3854
5849
1963
2161
3788
4861
197
6848
3615
6789
5250
5204
5201
6907
6725
7017
4619
604
6246
2992
2833
6846
753
3618
3288
785
2436
5262
5814
3519
4570
1567
1569
4184
3861
2287
1081
6503
6832
4952
4992
3076
6149
3979
6162
3086
1851
3535
1848
4903
4953
1866
837
101
1876
3082
3087
2607
3546
6851
5681
2909
5703
5447
5446
1463
2920
5443
5441
3684
1165
3842
5431
5420
5398
5383
2897
1409
5663
1404
1319
1313
1312
1311
1297
1348
5611
5618
5378
1359
1375
5514
6838
6836
3803
3804
279
1403
3802
5787
5789
2949
5979
2689
3025
3578
7059
312
5104
6021
5136
5076
3953
3961
3553
6049
908
906
6054
1795
1765
3544
5165
1664
5328
1098
3643
3858
2745
5279
5252
7115
6891
2977
3871
2723
1636
2716
5187
1029
1650
3904
5239
4890
1323
3468
2006
2003
3197
2164
4076
365
2528
3421
2272
4385
2160
4080
6597
3245
3422
3385
2382
4761
2445
2538
7146
4285
3499
4288
3279
2468
2383
705
3248
661
124
2204
2205
180
4663
4651
508
4501
4505
3454
3461
4725
537
6578
2023
4195
4407
2392
3474
2259
3419
3393
6717
6471
566
3314
6664
617
788
2566
428
2579
1913
127
422
406
2096
4835
2322
6231
4344
6683
586
784
3524
3340
3319
2116
6436
4033
584
2111
131
6261
2307
1954
3131
128
4349
435
6263
6252
39
6251
602
4147
5232
1507
5388
3241
4508
4506
5377
7159
5780
1133
290
5380
5209
4202
1137
2946
7111
5776
1048
5829
3853
2477
6876
3865
3426
5300
6480
582
1067
4180
583
5323
5850
6496
3107
3867
5808
4187
5806
1559
6925
4188
1061
5802
3628
3418
5343
1534
3851
5351
2947
2177
5395
6189
5400
4356
5636
2884
5641
2885
3296
4312
6833
6641
1252
3807
4384
6984
3808
5665
5496
1236
5675
4378
2817
3310
4328
3334
6691
1314
402
4334
3338
1310
5559
