6575
6571
6588
6570
6572
6579
6573
6868
6229
5873
5142
218
206
1670
2812
6583
1053
6578
2948
211
6764
7161
600
5760
7162
205
202
597
1250
208
200
3602
6585
3043
4696
6725
359
1437
212
6355
2000
1918
1067
1061
201
5584
4132
5433
1334
6587
5632
6709
6222
7057
6546
4120
6581
209
216
4674
3400
2945
6762
6767
6716
186
1472
6763
3967
215
5063
1952
4202
918
1236
6558
1069
5475
6386
6488
1983
1029
5449
2830
6356
6577
2839
4080
2941
4283
5085
6769
270
207
4286
6748
1315
1316
5251
3047
1433
1313
6582
5313
750
5767
6532
6038
1310
5012
6866
5766
1886
5651
5196
5659
1958
203
1054
4357
1402
5941
1675
1692
5300
5298
4256
4473
1156
808
5768
5253
578
6127
5444
6439
1339
1331
6354
6940
117
96
3318
3138
3028
2422
3005
2942
132
2895
7131
19
2452
2683
2631
2585
1311
6043
1335
1336
4721
3213
2277
1476
4677
2274
4671
3363
6760
4475
6261
6765
6768
3401
4407
1660
1666
3484
4288
3504
6326
2340
5771
3100
5197
5840
5764
6477
5724
6444
5658
6498
6507
5509
1022
7115
2893
5429
409
6441
404
2745
5879
5337
5330
2986
3516
6427
6019
707
378
3041
5095
3566
3804
3907
3925
3828
1818
3759
4134
1919
3978
3809
3800
4616
1075
2852
4700
4122
3267
6710
6711
2834
1481
4490
5657
4128
1430
194
5613
1957
5653
5636
4620
1023
1953
6584
1959
1240
7044
3098
66
4060
5023
5257
3045
4139
3763
3790
6701
2472
6648
3939
2317
4909
4902
4901
6662
4900
2504
1100
6686
4950
6559
5108
6012
7
118
3825
620
4359
6799
6089
770
502
6075
5955
4289
1653
1654
714
4327
6387
6
794
4261
108
3806
1973
470
3895
5793
473
6848
2109
5805
3441
135
479
4177
3458
5159
3046
3048
2392
140
692
1103
3953
3976
631
390
6070
2423
579
7149
1901
6065
6483
7143
5757
5763
2785
6499
3082
1980
5611
5508
3801
5878
30
32
791
2503
5441
786
5924
2838
779
1068
6551
406
5949
504
2573
5394
6018
5381
5440
7124
4138
4479
6664
1383
4827
2175
1401
4736
2308
1657
6864
4703
1468
6805
6803
4339
6801
6724
6800
292
4675
204
6778
4499
4135
4478
4137
6857
263
4474
3397
4904
115
1650
2174
3758
4970
3582
4991
4287
5001
2060
5002
1255
1254
3095
1241
3094
3092
3526
3802
4145
1772
1319
4281
4257
210
3393
5997
2633
801
3880
6014
3740
2171
803
806
679
6340
2760
6346
4419
2586
635
836
2677
5802
2105
3820
2093
4400
4148
798
1626
5967
5961
2739
1647
3603
4334
2717
2741
5938
767
3618
3823
774
2015
3446
4361
5884
4362
4366
4295
3824
4374
574
5114
3897
2900
5385
2310
1940
1083
3211
1438
1944
3909
2875
1450
4707
4125
3798
2537
1338
2275
3754
2953
5158
2388
1874
5256
3107
5299
4976
3040
3963
5314
3137
3755
3949
2320
3945
5374
2583
4127
2828
4565
5644
4498
5097
2781
904
3906
5732
2241
2780
3903
5761
2222
3899
5765
4627
5448
4632
945
4682
5470
2816
2815
1028
4679
1021
5502
1012
4676
3908
5531
2814
3753
4658
943
3115
3584
7111
102
6804
6645
7139
6363
432
197
6922
34
6928
18
6929
6539
6411
63
6904
308
410
6641
7116
394
100
6537
6942
3672
128
6491
5662
2125
2126
5689
3696
5595
6926
5565
3797
3827
2005
5506
5503
1997
1984
5480
6914
6556
1929
3782
436
3507
3521
6970
3136
3131
3102
3101
3099
773
2300
3091
5942
7050
2415
3022
728
3009
6397
2383
3578
5855
5846
5392
107
3503
5740
3488
6470
5778
2273
3396
94
3379
5807
3365
6449
2259
5842
5788
1925
3956
1914
1577
4940
1337
1607
1328
1318
1317
4496
6636
4971
4973
4974
4347
6802
4330
6806
6784
237
4888
1544
1436
4718
316
1449
309
4701
4698
1545
4777
4815
4822
4823
4651
1513
4611
1376
1470
4314
1679
4297
5223
369
370
5275
4004
5304
1872
4076
5331
5336
3969
3966
3961
1111
7069
5375
1876
5212
4143
5177
5072
5074
5076
4294
1251
4285
1701
1702
1708
1244
1717
5099
5104
4268
4242
1755
5143
3937
3004
1440
6316
2679
6063
2538
6389
2755
557
6069
6263
6325
7119
705
6033
6231
7145
6049
2767
7085
6298
6264
7079
6267
708
2842
6141
2458
2628
2982
2762
2654
2888
2764
2587
633
6359
2735
6145
6574
5460
6493
230
5248
2884
1979
3615
3608
6826
2123
6102
2758
426
116
5250
671
5263
902
6283
5770
1861
3456
4975
3902
3901
3900
3481
4989
2783
2177
4337
3543
6626
6625
106
3501
5735
2901
1652
1253
6072
4325
7110
1281
6533
5259
104
1252
6347
3651
1025
4103
4172
3856
3788
5583
5577
3791
3792
187
5495
1786
655
4729
1199
6924
7113
192
3807
3849
3808
6511
214
16
6919
3848
6918
1189
5507
3772
6834
6370
6933
6916
5648
1706
1713
6602
6159
5482
3410
1718
5483
7112
122
5485
949
950
4075
5631
5101
3878
6525
6845
5117
4239
4234
439
6228
6850
1167
2061
6224
4972
6634
257
3
4638
3064
2380
4622
5395
1515
1928
6210
5332
4573
1533
2693
4652
2947
2345
494
1541
4547
2636
4880
2788
4544
5780
3926
3153
6985
5322
4549
4659
4826
4824
2659
2806
1432
2437
2436
6017
629
6203
2670
4758
6566
3018
6401
2804
6887
538
1464
1465
3027
4683
299
1477
6869
3044
2981
6205
3970
67
3049
4538
6580
6147
638
570
7132
1608
834
2248
2931
687
1141
4957
2244
4961
6910
3375
6905
845
1862
2718
5801
575
1314
6947
472
1059
2923
682
5785
98
1309
4966
2932
1330
4441
2817
3912
3275
6761
2279
6898
266
1867
6966
5850
3293
2267
6383
4932
6301
375
6448
4000
1126
5312
374
