6647
6623
6620
6628
6636
5878
6593
185
6625
187
188
2596
6645
6650
6649
6651
6596
3287
182
4493
6634
3418
6642
186
4074
3705
6622
6656
2066
4293
6598
6624
6629
2006
6726
6659
1948
6616
6607
2593
6595
6654
6611
4700
6626
6602
6601
6621
6637
6641
3106
3942
6773
7002
3841
6597
6646
6612
6603
6594
3450
3996
6608
6613
143
183
235
3414
6134
5780
6901
6609
6632
3381
6627
6643
6599
6618
7051
2867
6590
2592
1940
6604
6725
1651
6799
5096
6605
1071
6584
2007
6610
3085
4453
5771
6619
3452
3453
324
4286
6644
4701
3527
6630
3080
234
5833
3087
5153
4147
6617
3828
6640
6936
6665
476
6635
5664
180
1710
6592
360
6199
5507
2364
3721
1023
4704
4369
3456
6133
6639
6591
7023
1233
5922
5458
6658
4961
3242
3451
6379
2622
4409
3021
4149
4676
6655
6230
3713
2971
2317
7113
3709
2575
2291
7
4573
5554
359
7029
2987
2567
2271
3463
5086
6631
5877
5853
6633
6638
6433
6606
1819
5388
1941
2864
3714
2296
1925
3728
4335
204
5524
4510
3238
2762
237
1910
233
5441
6728
3394
3978
3724
2286
64
5185
1529
26
4665
2618
3348
2328
5642
5451
6273
140
1504
831
3003
1945
2322
5879
6243
2255
2326
721
141
5846
5539
4294
168
2404
184
4817
2888
189
1681
3948
151
6565
6880
2550
6540
2416
5089
2555
1688
1591
3977
2583
1100
3625
1421
682
5852
2086
3230
1461
4282
7108
3398
5551
66
5817
5140
7021
6986
1021
4702
5415
6015
7168
5806
1019
4795
3712
3711
1943
1448
7139
1353
3459
3608
4599
3002
4255
2869
10
5333
3820
4901
3249
2577
3420
231
3701
1537
1946
1028
5967
2617
7054
2710
4245
2207
3349
2549
5720
3025
1469
4668
3029
4703
686
1949
1956
15
1422
1232
3300
6709
6031
5937
618
1919
3863
454
4283
2009
6743
1913
2569
461
6652
6582
602
2325
3873
2862
2863
2017
1171
5979
4705
1924
4233
2553
6531
3778
960
2808
4007
7027
4001
2702
3387
1863
6883
5632
4768
2538
3401
3108
274
6415
3455
1522
2298
2280
4143
5600
4367
5807
3124
799
5815
1024
6403
6981
222
790
4141
138
2062
238
1070
4008
2460
5650
4523
720
5330
3164
2254
2721
3484
3480
1711
6012
3083
5203
1017
2700
6661
4003
172
1942
4366
19
3716
986
3988
1947
6983
5395
3485
5676
3570
6347
1026
4261
3037
3283
4963
5190
5648
2981
4909
2266
3467
827
6173
2262
2197
4867
144
5785
1705
854
1445
4620
5706
3849
2609
17
5722
1356
499
4646
6653
2198
3457
154
4538
3560
4626
6648
950
3458
3912
3426
239
4427
1296
2472
6545
3971
5354
4227
3902
4289
1867
4172
1099
2424
1242
3204
2474
4175
368
5557
4295
6811
5545
2161
353
5884
1883
3358
5474
2586
2172
2599
881
3413
1184
4649
4575
6401
5148
1928
6699
5945
6958
6203
3237
1128
3395
2911
2419
4249
6267
779
885
1685
6464
4242
1802
832
6404
1723
1098
2442
3248
936
1889
1671
5252
3916
4661
2386
6023
5412
6092
3915
1784
783
6577
1076
4145
1088
1916
4674
4121
4173
4144
1683
4244
6165
3026
4634
3123
4677
6389
4088
3240
6546
1911
4644
752
1679
6170
667
828
3566
1782
6195
6235
5276
4129
2566
2542
4135
6231
959
6078
1769
6446
3081
3981
5366
6614
5789
4292
5634
4290
5782
2830
134
4979
2268
5125
2018
7053
1286
3482
6760
1400
4287
2340
2839
1211
5931
1401
5135
5936
84
1592
4515
3461
2821
4769
4332
2594
2311
6872
2080
5565
5561
1555
1275
4347
5022
5601
6964
3417
1584
6967
6820
3425
6978
4794
4297
4991
1351
2122
5627
3634
7064
6881
2178
7122
7155
1468
1426
2174
3289
6657
4564
4718
5161
3259
1449
5162
2359
6615
7135
7161
5661
3829
5503
3517
7149
4717
4259
940
6151
6971
2297
3725
4648
5814
794
6402
2487
16
4354
570
3391
6132
4469
5597
1293
2499
5272
3399
6135
3031
4602
3402
4604
6412
5389
4791
2436
1553
1552
771
795
2600
5705
1020
1718
3718
5670
5442
62
2251
3013
4006
875
3628
5334
6193
1490
5665
6334
2150
3646
4101
4596
4966
1803
5344
5342
5332
2171
1814
5327
1441
1439
1016
5709
6374
1779
4139
7131
2734
6227
3719
3605
5721
2726
2263
2260
2722
5644
1788
4401
5687
3704
4525
1355
2070
463
2403
5124
1658
6687
3285
4748
4221
2336
5897
6025
611
5130
6524
1097
6521
5248
456
6085
1937
2501
5512
5531
6669
1890
3346
1655
3970
2402
5137
4566
4679
3817
2394
3298
635
6716
423
3236
3814
432
3294
6721
1608
3860
4237
4568
5537
2561
2560
5920
2834
2391
6771
474
5541
472
5874
4177
3844
1075
3932
713
2061
1261
6870
5224
2865
6105
2545
718
2313
726
5059
6600
5553
545
340
5253
1680
4708
6013
4202
3906
303
5204
3160
486
6876
6496
6818
349
4312
4180
345
5504
2324
2885
5256
5700
6003
6215
1455
1447
3030
948
5707
5719
2861
4260
6238
2570
5508
5702
5498
5949
5703
961
6000
1425
2848
1195
2579
6240
2845
2591
6043
1341
2749
4298
5809
4363
5542
4360
2601
1313
5550
5876
1018
6149
4314
5873
2589
4341
1280
2782
2792
4171
6115
4157
5859
4348
2687
2619
4203
4116
6045
1489
2564
4518
1498
5911
6066
6192
5756
2711
2745
1598
5775
4903
5783
4560
5796
4592
1520
4140
6088
5798
1660
2831
5449
1460
443
6989
2415
1882
3918
6987
3911
3191
3419
2412
724
2293
690
6960
2096
2094
4671
3205
262
6528
3730
3904
3722
1870
6719
3132
1844
4654
4655
139
3135
5281
4983
3462
149
6413
3979
160
7025
7020
7014
181
3972
193
739
3715
669
277
3400
3397
544
3343
378
510
6795
3827
471
3774
4709
