6593
6628
6596
6590
6658
6610
6659
6617
6619
6595
6618
6654
6602
6603
6624
6635
6656
6657
6594
6640
6616
6613
6622
6655
6599
6631
6591
6623
183
6629
6652
184
6639
6638
185
6620
6627
6600
6601
6647
182
6630
6598
2178
6650
6605
187
6651
6644
6611
6621
6633
6606
6634
6653
6612
6592
6637
6645
6636
6649
6597
6609
2172
6607
180
6608
189
6646
188
4261
6632
4401
6642
6614
6604
4409
4795
186
181
2170
6643
6641
5689
2176
3024
3782
3705
3711
116
5470
6965
4591
3381
3387
1504
2071
237
233
6936
2567
5644
5897
5190
3380
3414
2639
1554
3701
3932
6660
556
4564
4705
6615
3087
6981
234
4298
4292
4287
3026
3996
1806
6937
3602
4817
395
3971
1886
5043
147
5097
276
4227
1983
3712
132
2179
3713
6203
3850
5967
6077
4538
5805
4404
3703
5676
6985
2867
5709
4531
754
1422
3029
2691
3715
238
4500
3022
3139
4405
4995
7057
3722
4403
3520
6195
3619
1941
3706
2863
5278
3873
3304
4519
3894
1879
1688
2695
4295
6584
5123
3591
5670
2699
2869
3083
5850
5511
1675
3783
4599
6663
1747
4597
1974
4365
4369
3855
2171
4569
4535
3719
3260
7051
4130
3625
2637
3710
2436
6799
3709
201
6919
5047
1221
2617
4704
6842
5059
3020
5451
3714
3132
5642
1971
1765
4663
3956
5895
4539
4523
2450
4709
6665
6664
6820
3072
5193
5539
2096
5815
1802
1636
1769
3957
965
2618
5099
6989
2864
64
4296
2535
7039
4164
789
2638
2862
4923
2160
5366
4291
4639
4290
4339
4701
5375
4592
6347
2871
6986
4749
4329
6626
1940
143
4900
5318
6227
6284
4012
2291
5222
4999
3780
4402
5218
6532
6147
2168
3854
1510
6025
2173
4549
368
3647
5961
3640
6918
6907
1605
2865
5272
5474
5945
2635
3129
266
7
757
6648
3
3718
239
5722
5665
2070
1071
5055
5597
2621
5089
1
4702
2085
2086
1275
241
6762
3700
4
1011
3858
2417
2997
7000
3300
2894
4674
1529
596
6743
1678
207
4269
1467
1935
4407
5145
6728
3527
6760
4560
6415
6232
3263
4332
787
3801
5650
3707
4593
7009
1080
1945
5276
780
226
2325
1686
5350
2174
1723
200
3292
3592
551
5701
4299
4744
5595
5315
2553
6542
160
3784
3108
5197
5954
2465
9
2083
3955
3729
3070
274
2564
4260
360
885
1544
5191
4991
3954
4194
4668
2118
5035
4819
5008
6912
5915
4437
1801
4456
2774
736
667
4542
800
1705
5655
5342
4351
3246
5758
1219
5078
2919
694
5523
3088
2457
682
5317
2446
6201
6221
3333
4596
1680
5512
2956
3341
5333
5785
6176
5648
726
827
2007
5416
8
5974
5976
7101
4068
5980
4074
4517
5439
7054
3849
4075
3716
6038
5458
7068
7108
1960
3125
2991
7164
3368
5598
4902
5953
558
7030
5588
6168
4506
3860
2987
3413
5721
5469
4867
6
4384
1390
206
3755
6929
6868
6846
426
6439
3605
5199
5265
6830
5266
6669
3485
4659
6679
2299
4635
1017
5006
6880
5005
4165
5206
5213
2394
6509
4969
1314
459
6504
3628
4272
4996
2577
2817
3944
3747
6913
1523
6565
223
5114
6288
3970
1753
6313
230
3570
4248
5285
232
5058
2322
3344
5601
4089
5878
2579
5007
5121
4179
5510
6776
5000
2014
4721
4266
631
6576
208
204
3041
3043
1210
5061
3724
2762
4730
4232
3648
217
5104
5466
220
4977
3952
865
2097
141
1399
720
841
5579
5143
4493
3809
5702
4465
5565
6806
3133
5724
2630
273
828
6709
6705
5727
5769
5774
2018
148
5846
151
5022
5522
2089
3610
5821
2619
2620
4505
6769
5809
5807
1519
6768
6765
2003
5784
3741
2082
2917
6403
1323
2830
2264
6987
6458
3937
5281
3504
6304
4590
2186
3942
4335
6483
1966
1906
5280
1672
4892
2549
4367
3778
3708
3468
6397
3907
476
1582
3461
6152
6031
4297
534
2165
1681
2853
5433
4135
6078
3720
2779
3767
614
6238
960
7056
6531
1657
6258
2778
3016
6063
6070
961
7059
3681
4557
6278
593
6100
6222
2911
6043
3025
4267
1313
5436
2899
508
6544
4912
3746
3743
3459
5163
3702
1049
5286
1061
5158
986
3293
5287
4700
4632
3269
5587
3294
3458
950
5282
4755
4676
3265
824
4603
3599
2015
1944
3428
5129
5462
3312
3618
5395
5228
4708
4938
4561
5424
3392
1019
1134
4997
3756
5485
3788
3685
4746
4994
4810
1212
5196
4993
4990
1972
4722
1293
4818
4648
4565
3617
5516
4566
5175
1728
5554
5362
5178
1890
1108
3723
3317
4534
5546
5537
3604
3479
2002
5244
854
1261
4573
4873
3608
5238
4735
1223
4568
2000
5388
4707
5262
963
3584
2560
5943
5941
5922
2563
2391
4450
1413
3064
482
6134
6210
4168
108
1706
6230
4202
6771
4451
89
236
5852
479
6974
2550
3090
6837
205
6312
111
573
2915
2603
3002
4400
6107
6274
2912
6869
6105
1692
4191
154
2898
2141
491
2364
6887
2910
2156
2207
117
6034
5984
2658
1421
1689
6884
1441
2358
567
2266
2734
2488
764
6823
3160
6687
517
4082
4362
2636
5659
2297
2815
2349
2737
1540
19
1462
6625
3242
2182
7167
202
2
353
358
5687
2430
2260
2257
3817
2693
6745
711
4459
2696
3901
5770
3902
2870
4473
1448
6983
146
4245
3930
1450
7029
2416
6158
3934
6695
4366
2231
5083
5074
1267
5064
1784
4689
3261
2346
1038
2745
1520
2293
5185
6672
2298
5170
5167
2721
1885
6692
2711
4665
6726
3566
2308
2340
2648
1084
1870
6778
4233
3593
2682
2684
4681
3739
3969
2689
3959
3585
3598
1844
4214
2526
7050
4853
1195
4863
7036
7028
2423
1239
2412
4056
7012
2536
4158
2542
7002
1188
4160
2516
7079
4788
1228
5
7158
7155
4096
1218
4126
1217
2442
7122
1213
3717
4813
