6591
6622
6628
6617
6598
6594
6593
183
6610
6651
6619
6659
6606
6639
185
6631
6654
6624
6630
6644
6635
6640
182
6616
6590
6613
6638
6611
6618
6602
6653
6656
6592
6596
6612
6603
6623
6633
6627
6605
187
6599
188
6655
6658
6600
6629
6647
6649
6652
6608
6657
6601
6609
6634
6642
6650
6595
180
184
6646
6621
6620
6645
189
6604
6607
2178
6636
181
6637
1879
6632
6597
186
5190
2778
6614
6799
5222
1930
4401
6913
2730
988
1877
2170
2172
2488
6918
1554
5587
2621
6615
3602
1935
1933
5193
6692
2176
1971
1945
4816
4535
6907
1939
6906
4409
2545
1132
1509
1134
6641
754
6697
4549
276
6937
1806
6660
1801
3073
1504
4542
1870
5509
2553
5197
2135
4817
980
6278
1519
3582
2549
4795
4261
4683
2695
6965
6210
1875
2699
6077
5644
5967
1221
3380
1874
1510
1960
6648
6643
4635
4591
6284
2231
2556
5043
2416
4531
2436
3062
3064
3067
4943
1983
3584
143
3932
116
3587
588
6260
3026
2569
5375
6912
5402
6728
1802
1188
6052
5035
1210
2961
523
4449
2412
9
4540
2378
233
4413
1872
3586
4358
2698
2290
2306
482
2921
2353
1689
2275
4538
4517
244
1969
108
147
6176
1948
2693
1940
3711
3074
7136
4196
6884
3719
5199
5196
6268
5416
5123
6288
5089
2696
1804
1974
6625
5826
5676
4561
7108
2550
3414
573
6686
6687
2734
4465
2628
3782
195
5796
3592
5895
6238
1467
1468
1792
5425
3996
1469
1204
2775
1463
2450
4666
6232
2738
4405
6177
2691
360
7000
4415
3087
2542
395
3070
556
4564
4863
5350
7039
2071
4298
1876
6122
6778
5809
4484
2620
6960
5689
3387
2935
5563
4088
2777
6397
4995
6709
6388
2363
2894
237
4546
4539
4903
859
6056
6936
274
1217
1514
6201
2665
4569
2874
3998
4503
5256
4961
4566
4963
6682
6221
6680
4818
888
1071
4534
2179
4900
459
5055
2364
3705
5056
45
2368
7007
375
5041
2249
3703
5129
3001
6565
3798
3850
986
7047
2171
3780
525
6334
2867
2950
4506
1014
2850
2291
4447
842
600
2173
5063
5013
5006
2617
4869
2090
4473
4999
2869
6699
6509
4597
371
1768
6929
5460
3381
3382
3900
5427
4664
6917
6915
1803
3230
3215
1490
1430
5688
1873
3588
1212
6971
6968
5991
4165
3854
7093
3304
1293
1688
4191
3341
4012
5470
5670
7086
6
3467
3223
2694
6871
3459
4380
2772
1127
3125
6134
4329
1878
1424
6154
2688
4402
3580
5850
5821
5844
5971
6987
4948
3905
6989
226
2558
2526
5807
4541
1399
2754
5611
4639
2896
4157
6667
4593
3450
7121
2779
2352
6483
3827
222
4548
4865
4879
4049
841
200
6664
847
2859
4788
534
3873
1513
3415
207
2486
4
4663
4923
2830
2410
7009
5697
2414
809
3453
5954
5815
524
1327
5950
2864
3809
2909
5539
3212
5214
3722
7106
4292
1155
3203
6115
334
3724
5367
5369
6261
6111
6267
3022
1275
5191
2131
4432
5335
26
6148
2690
1080
4686
3520
5293
4317
1941
1111
5267
3139
3077
6576
2028
2054
6841
2770
2554
2619
4500
1765
5466
5593
1828
7090
3833
5039
5533
3469
5022
2761
5008
64
1239
3504
5565
2776
6092
1823
150
6281
3619
3801
4232
7146
692
5127
3261
5122
6376
1203
3263
3640
3855
89
2603
770
4700
4662
2651
3618
4669
3625
6497
3617
4746
5198
2546
5588
3746
5551
1675
1680
1223
5469
1215
1199
1798
1190
5388
6121
5356
5347
1646
1629
5602
5986
1388
1395
5852
5810
1462
5891
3743
5342
1518
3744
5687
5682
5976
1296
5980
5984
1540
2552
1128
3713
2230
5005
4996
4990
6386
4950
4941
2418
4902
2430
843
836
6424
800
4810
5059
5097
5114
3671
1934
3712
1942
3710
1946
6147
1967
5318
1976
6186
5266
2025
2041
2095
2141
3783
5298
7104
1390
2969
3019
3027
570
4605
3083
6663
520
6842
132
4404
426
6974
3119
3129
4384
4382
353
4369
3944
3456
6986
7070
3505
4295
196
2818
205
4545
3493
6696
6727
4536
3420
4533
3402
2932
230
2934
2956
3399
4502
2965
3392
2828
3368
4068
2987
432
2953
117
6975
526
6933
6916
6626
3902
2760
3312
620
3231
3930
3543
3479
3316
3894
7100
4227
6938
3260
5463
5046
1213
4493
262
6297
429
5701
4194
2982
989
1769
965
959
1681
6926
2144
4111
6063
4135
3264
2997
5126
3266
2988
5433
1767
2272
6768
6750
7042
885
3300
2889
1737
6755
1735
508
1517
6053
3417
6705
4904
5508
1320
4967
208
2954
3024
6043
5724
2286
5016
4968
3750
1522
4007
2922
4523
4991
3411
5000
2124
3199
1195
1118
4381
6141
1636
3133
4395
3714
3308
1949
6152
3116
4267
1966
4403
364
3151
4287
5390
3205
4293
3210
5582
4296
3715
5365
3319
1267
148
20
5594
5331
5321
5567
6863
6263
3706
3726
3759
3068
241
5229
5226
2065
398
5607
4448
5421
5642
3202
2107
5167
238
5258
1046
3072
3248
1995
6073
6191
5281
6195
6197
5278
4418
5600
2014
2017
1191
5601
3079
1276
3030
3573
4794
4701
3461
2648
160
4736
7056
593
2589
2585
4046
581
773
3629
780
2800
787
789
4058
6465
6460
4862
4560
2465
4695
4558
3517
2668
3577
2735
85
7098
2731
3585
7097
4651
101
4661
7117
3595
2756
4637
1391
2697
614
3527
2774
3942
6571
2682
2680
162
2459
4193
2862
2863
2417
2439
2853
6689
6427
1492
5751
7143
4361
1932
5332
1421
135
5597
4959
3168
1129
2669
1373
1133
4676
4552
332
6888
848
3943
5362
5333
1886
1649
6969
6887
1137
19
6387
6569
6142
918
2773
1972
3111
3971
4742
4743
3107
146
3090
6347
3088
4417
6845
4749
5288
2000
6985
1114
1274
6538
1938
7065
5945
6752
1108
2858
5753
2640
2639
6868
