6600
6590
6657
6639
6659
6629
6654
6658
6610
6631
6638
6656
6653
6655
6618
6630
6652
6624
6635
6595
6644
6619
6598
6640
6599
6633
6622
6611
184
6651
6605
6621
6627
6613
6650
6596
6612
6593
6606
183
6616
6601
6607
6608
180
6617
182
6628
181
185
6632
6645
188
6620
6602
6592
6649
6603
6634
187
6591
6594
6609
2178
6636
6647
6597
189
6646
6623
2172
5190
186
1802
6604
5129
2170
6642
7108
6641
4261
1879
7100
1806
6678
1801
1974
4401
2176
6614
5197
5035
5039
3720
2619
3771
6884
6918
6637
6176
3894
888
6965
4558
3054
4811
4817
1829
5193
3263
2811
1935
5665
6284
7101
6288
3587
5852
4470
3414
5222
1221
4795
6643
6201
1042
6886
1630
5054
1046
5366
237
2536
2779
6615
3729
1275
1783
3996
3024
5463
1722
4500
4895
5055
3125
4328
4567
4032
3305
1215
872
5047
1554
2482
2688
5850
4503
5041
2969
1495
1944
1509
1510
5057
5943
7044
6330
6880
2436
6135
5688
6798
4240
2331
6282
5706
1293
3783
1803
3998
1798
1523
3022
1522
3722
5565
2777
2189
6388
2892
3681
233
4863
2778
4637
2450
4639
2254
6937
5145
3907
5191
4267
5509
2855
3724
5170
2859
3016
2738
6936
6912
4557
3726
2935
3757
5707
5368
6487
5702
5315
1143
5700
936
1239
4292
4484
6787
1633
7102
3779
3640
3644
135
3647
1804
5709
5175
1631
5722
3062
337
6868
5089
842
116
7068
2173
5721
2297
4810
6509
4409
4529
4632
330
4638
658
951
5986
6697
2454
5687
6799
4404
5976
7070
332
5967
306
1639
4549
3628
5078
3501
1960
7
5648
3428
2517
5031
6626
2640
879
4569
5309
5043
7095
2773
201
3701
3564
6823
2703
6648
2095
7103
5213
3723
1682
6077
1940
6200
2987
3260
5327
1201
5318
6807
7086
108
405
406
4405
401
6820
6232
6762
4291
3582
5058
6692
6458
438
4339
4395
3957
1205
2461
5022
4335
6841
6164
1303
2618
1305
4948
4298
6483
4391
5562
3026
2856
2272
1941
1784
5217
5663
7094
6557
1769
876
885
4505
4504
5611
5841
2890
5311
234
85
1933
1498
3292
5784
1504
3873
1734
5815
1528
3728
3674
4185
4730
1971
6889
2021
4819
2054
5127
3087
3344
6883
5122
6671
5689
659
5104
2775
2800
274
6344
5412
5367
3029
2933
6414
2325
5433
5321
2896
2639
2637
481
2895
4561
2651
2658
2646
459
4357
6625
4735
4550
4369
6383
6680
1035
2817
558
560
4402
4891
3381
6283
6455
2734
3333
6663
838
1134
4676
3316
2705
4520
4384
4382
6187
4943
2772
3250
3129
4959
3252
2612
6178
3318
2609
6370
5678
1972
7082
1300
5059
1707
371
4248
5439
5056
81
80
1939
6842
6907
2483
5723
4274
1301
5598
5416
6898
5356
5097
1354
147
4227
1625
5123
3817
1648
3591
6882
5726
5684
5739
5758
5316
1675
1304
1763
5176
1768
5178
3944
5897
1490
3479
5218
2604
1219
3970
3958
1847
5238
5225
3
2592
3960
3686
4187
5511
5091
1225
276
5194
2291
6811
6105
1886
5272
2186
5827
5350
4786
1598
1517
4480
6960
3300
6963
965
219
1582
3706
229
1529
4138
2147
5301
5264
967
5267
5307
6967
1588
5844
150
4523
5567
7140
3995
1793
3053
832
1794
3210
5563
720
6423
3947
5526
3954
1848
3118
9
4560
4593
6467
5528
5524
865
4001
1901
3785
4488
5701
7039
5386
2922
3833
2020
667
2019
1672
4788
1678
1679
1966
4737
1945
5630
3258
3254
7109
6576
7120
5703
4179
4564
4793
1278
6195
3546
2228
3387
1084
5061
360
1306
6220
6056
4865
2453
6048
3589
4413
534
4415
1051
2701
6835
4381
2684
6788
3461
2620
1202
4343
4346
2638
6768
2541
6238
471
1218
4296
2526
1241
3429
2518
3425
5042
395
6765
2435
1088
3610
4219
2269
4814
3619
5167
3680
5172
2346
5214
2863
985
2264
294
6278
3598
329
2864
2774
2247
2417
2275
1892
5587
5500
6168
2537
1223
6405
5032
2652
2279
5199
1790
4678
6401
5945
860
5080
5512
6410
4568
2617
2231
6131
1842
2568
1846
5005
2565
4969
2561
2636
3110
5854
2249
4635
4785
5523
1212
5517
5198
2858
1808
3064
866
2850
4956
2345
5753
1573
4818
1308
2000
5395
4873
5142
5063
2362
954
2024
6334
2026
2030
5694
2912
1056
4776
2902
1629
1052
1689
1128
2737
5770
5196
2488
881
884
2430
2681
5470
5469
1927
1930
1934
6085
4706
1938
4941
1942
2336
1274
5302
5641
5644
4900
4755
1967
2603
5529
3692
3719
4354
3637
6913
4353
3703
3899
4431
239
7093
6850
4263
4082
6969
45
4416
4221
6870
6763
3705
4222
4380
3604
335
4502
4168
60
3413
7104
4012
3588
4018
482
3580
3572
203
7089
6985
3844
7076
3845
3760
3761
655
3685
4101
3688
3493
3850
6565
6687
6
6488
3485
3963
4295
3459
319
7065
3780
6696
3788
6933
6976
3666
3471
4517
3231
202
4425
4189
5276
2770
4424
4432
4173
4428
3700
581
226
6809
200
2144
5305
5312
4794
977
5751
5328
2101
4116
1589
2893
4111
5349
4449
4843
6295
2853
2185
3348
556
4815
3340
1011
4813
2174
1520
4438
1521
6664
209
208
5281
2854
5822
4894
2256
4269
3462
4275
6092
398
4287
3520
1244
6797
1243
2587
409
2522
3512
4977
1188
2532
2533
3504
6118
5008
2558
2553
6805
4306
1204
4314
1217
1209
1210
1232
6082
2632
4266
5888
2259
5915
4403
5935
279
1086
2897
6728
4194
4199
4204
2318
5146
2707
6739
6024
6852
3558
6063
2643
3566
1294
3679
6057
1297
2460
3581
3592
6040
4232
6764
2899
1213
3020
1765
1899
4002
4651
3202
2004
1666
5579
809
4705
2997
41
3882
2017
4709
4630
2018
2986
1792
4732
3994
4553
3832
5686
4733
1990
3072
5425
4660
3041
3043
1936
