6609
6605
6649
6628
6651
6607
6606
6621
6604
6654
6602
6645
6644
6656
6624
6642
6611
6650
6599
6603
6636
182
6608
6629
6623
3414
6640
6630
1940
6631
6658
6646
6617
6597
6590
5850
6634
187
6627
6639
6622
185
6596
6612
6598
6960
1941
180
188
6632
6653
6633
6591
6610
6600
6635
3087
6593
6659
6592
6965
6601
6595
6655
186
6618
6641
183
6620
6637
1949
6619
6647
6967
5193
189
6652
5852
2617
6643
6638
6613
5190
6657
6907
1946
6616
184
3024
3462
6626
3083
3463
3467
1948
1944
5665
6594
3259
2619
4293
3468
3413
6176
2436
5470
6968
6077
6648
3461
6989
4639
5807
1945
6963
6728
1802
3527
3415
6918
6884
5963
6929
4566
3088
2430
2431
3460
5785
4261
2639
4564
6937
3263
5533
181
6232
2435
2538
2438
5197
2434
2612
3458
1942
4583
6565
6932
147
5967
3281
4374
6919
6915
2362
4471
1086
6926
2859
4291
6787
693
3464
3469
3681
5782
6927
5818
5384
6092
6931
3417
4475
2988
4493
6936
5734
3525
6778
4007
5595
2618
3628
5732
5758
2604
6938
5648
4225
5753
1509
3943
3501
1930
1879
5129
6410
1947
3341
4659
5598
3260
3031
3002
6901
7070
4795
1629
5597
3317
1705
6913
6370
5222
2637
5854
116
6808
5451
786
5701
5145
6615
6238
697
6321
2178
5436
832
360
2325
721
2432
5058
2684
2638
3558
692
3340
1582
1239
5815
208
5841
4294
4484
3750
4281
4249
1504
4413
4477
1415
1704
1709
6987
4619
1056
1190
432
1221
6351
4735
6807
5523
3125
2095
4825
2015
6302
6845
6906
3316
1943
3342
1067
5479
3381
3456
3451
3402
3719
371
3418
3420
5587
3062
963
6779
700
5195
727
2515
5142
4221
6625
4003
4006
35
4168
6121
1424
6584
2561
696
7100
5198
2636
4369
3028
6916
5397
3001
2987
4959
6780
3851
918
7076
597
888
5041
5056
2678
2291
6917
5148
6933
6221
4517
3570
6939
4453
4538
5750
5721
3601
5644
6284
3572
5688
6805
4817
4474
1769
2083
6806
237
2579
6344
2014
3520
3518
5565
5809
207
4001
1303
5707
4680
5702
3344
5700
2581
7121
5697
4557
2322
274
6724
7000
6726
5050
2889
6427
6414
3012
476
1589
965
4287
690
2176
6776
3524
1636
6788
4268
7117
3124
6764
3348
2395
374
5784
6066
1351
6883
5703
20
789
3416
6923
5787
1702
6308
2549
3422
5752
1463
3027
695
4460
5439
5706
694
3640
3479
3712
3064
6772
153
4378
1523
6368
6564
2609
1540
3089
7108
2172
1641
4019
1631
2621
2170
3018
4603
7101
6922
3015
5199
6062
2297
5838
591
4101
4511
5655
639
2734
2737
2331
5322
2841
604
2769
6697
5291
1874
3685
4588
7164
4337
4561
5389
7065
7091
843
2991
6203
558
3014
560
2244
563
658
5089
935
6679
3865
1884
5388
359
4248
3410
6818
5554
3756
3216
3333
4401
1296
1974
1680
6877
1304
3217
3576
2517
4245
4207
4241
3232
4746
1290
3312
1061
6826
6289
3246
1293
6969
4635
6134
4711
5591
6832
5538
3958
5749
4738
482
1014
5515
6361
5969
1682
363
4409
3513
5265
4741
726
34
5802
4563
3175
5986
2592
1662
4638
3380
459
1651
5805
4247
1054
3755
5817
3398
2433
6678
6944
7122
4098
4047
4046
6589
6499
2762
631
2777
871
6572
2779
5022
876
7146
4335
2687
4292
5658
691
5859
4138
3959
2566
1784
6582
6049
6260
828
1783
1422
5915
2536
1400
1275
2541
1522
2601
7098
4323
4283
6057
6122
6165
6063
661
2451
1859
6542
5219
5115
3585
2578
4242
1854
2630
6660
4244
6563
5855
1584
1334
2620
3679
2964
6585
2164
7057
150
3081
216
3068
4472
5599
2228
967
5600
1630
6875
3026
3025
3393
2021
960
6751
4634
6886
6750
5463
4480
4686
6790
6820
5562
6813
6809
1765
6353
5528
2065
5526
3133
4733
2071
6802
6934
4823
5509
2099
2122
3306
1935
3759
3319
4687
5594
5611
3022
5563
1191
5367
5365
2897
4558
200
6293
2298
1204
5823
3466
1088
4585
5652
334
2853
5794
2848
7014
5827
602
2339
2864
6415
1188
1082
158
1701
4358
6902
2986
2984
2982
5276
2247
5315
5386
324
5378
2264
5800
2268
3729
2269
5295
1496
2000
1803
1934
1495
5739
1967
6201
6034
6575
6288
6014
1939
1466
6227
6309
6283
1307
5754
6334
1302
5792
5987
5972
884
6346
5203
5209
2239
2488
6399
2472
5238
950
1627
1625
6166
6168
6418
5358
2428
6509
2424
2420
2418
5260
2364
2368
2372
872
5262
5287
5266
5659
2501
5735
962
5551
1160
5537
1654
1510
5948
5511
2128
5477
5943
881
1225
5196
2025
5474
1644
6151
986
5870
5450
1237
5427
968
966
5858
1890
5726
1116
1646
1532
4106
2560
3242
6834
3269
6842
408
6868
3424
6905
3428
3215
4597
3459
3465
4569
4567
6925
4565
3528
3529
280
4596
6816
3176
3160
2885
2902
2908
2912
2915
2921
2928
569
6763
4867
520
507
3084
3085
3090
6789
4829
4828
4826
486
3129
6947
6722
6958
6986
3867
3894
3903
4282
3927
4263
4256
7125
58
108
4243
4220
7141
4012
4016
4018
4165
4075
4082
7
4240
3854
3853
7068
239
4503
3618
227
3638
212
4473
201
3666
196
3688
3703
3711
7024
169
4431
3754
3760
144
4384
4359
6985
600
3412
5063
5107
2593
5006
2608
4994
2823
609
5055
682
764
6663
5097
2631
5043
5012
5032
6696
2567
2635
2634
2565
6981
3575
6544
1754
5099
659
204
1823
6261
5691
6961
209
5704
660
2442
234
5708
663
4500
217
6222
1169
3643
226
225
4481
211
1829
5321
3566
5042
2427
3487
6912
3455
1087
3454
3452
1084
4593
6690
1077
1956
6587
3411
2711
1936
3512
6278
5663
1857
1871
4553
5650
6941
1882
3567
1119
2708
5646
288
1894
