6629
6659
6650
6627
6610
6624
6599
6605
6630
6649
6651
6635
6658
6601
6654
6656
6612
182
6611
6633
6621
6590
187
185
6647
6628
6619
6653
6613
6634
6618
6595
6620
6602
6639
188
6608
6646
6644
6636
6603
6640
6596
6592
6607
6622
6606
6645
183
6598
6597
6617
6652
6600
6632
6631
6616
184
6642
6604
6591
6638
6623
6593
6657
180
6609
6655
181
6643
6594
5190
5193
186
6641
2619
1945
2618
1802
189
1941
5850
5852
6637
6648
1949
2178
2436
1948
6625
4564
4493
6615
5197
6614
1940
2609
2617
1942
1946
3414
6134
6960
5841
2272
1801
237
5565
4293
3087
5706
2172
5665
1947
1221
5511
3463
4261
3467
6195
2176
5815
6936
233
6726
3996
1504
4413
5035
6267
2461
2620
6967
5191
6989
1879
1225
2275
3783
2279
3260
5785
1930
2969
843
3333
147
2030
5322
6965
3125
6626
1803
6799
3817
3618
6202
5315
5375
3527
3801
5703
1630
1143
3124
274
2325
6883
4863
5366
4843
1734
4817
5245
3729
1829
4294
3263
3016
3259
967
3024
3453
4639
4391
2189
2756
4651
789
5145
3750
6088
3462
2911
4287
960
3450
1239
4401
235
1631
1760
2515
6811
306
1974
4632
2499
6772
4398
6334
6725
4503
3083
6288
1680
3671
5097
6203
4711
5199
2621
5222
3628
3851
2737
888
5817
3420
5772
6663
5753
940
7108
2291
3413
2297
1134
5644
2987
3779
5613
2751
3899
3894
1804
3971
5041
5043
6907
6105
2604
4961
1943
1944
2769
5967
4012
3932
5922
3281
348
5891
3912
4006
3459
2896
1823
4392
4291
341
6585
360
1806
6768
6728
3081
6664
2549
3681
2830
2293
1584
3759
4007
3809
4001
4903
6886
1492
4948
2933
3464
3331
3025
64
3832
3454
3833
150
786
2601
3022
5796
5172
2749
2628
1636
5394
4788
5663
2988
534
6806
2863
556
4590
6388
581
6813
3387
1685
4637
2522
3778
4088
1679
2711
2322
238
2639
5805
5564
3316
3318
3358
881
5265
5512
3428
5709
5648
5316
3402
5318
1128
5325
5676
5738
2710
3418
968
3341
3342
5694
2700
5847
2600
5198
1639
3129
604
600
1675
1682
1689
3601
1632
4566
4409
4561
2885
6424
6462
2495
6565
6540
4565
872
6201
6176
3304
842
838
5155
2760
2612
5089
4390
4795
4453
5055
3456
3458
6077
6121
3501
1523
1554
5057
3410
5584
3850
2090
2927
3064
2181
340
3855
6918
4003
2258
6884
2223
6880
3640
239
6985
2239
3756
6807
4227
7076
7070
347
2416
3760
6832
108
2170
3705
2285
371
7092
6779
3787
2118
26
2412
1765
3684
6141
6483
28
2017
2065
4500
2538
2569
6784
4484
4687
234
1678
5809
2497
6366
948
5331
876
3520
557
4794
5844
2853
3546
7057
965
1204
2404
208
1208
2282
4008
4166
3340
1723
1322
6881
2553
3804
7122
6451
2290
6810
5330
3429
3416
5367
6415
2961
5365
1683
3452
5752
2326
2779
809
2894
5784
2527
5782
2778
329
2897
6052
6709
3997
3425
4718
6689
4275
3722
4
3838
4346
5307
2459
1633
4335
2328
1080
5563
6963
3942
2451
5611
6964
783
9
2435
3012
6912
4733
3994
225
3300
2536
4973
7148
1455
2935
5276
5771
3785
832
5000
20
6092
471
5899
3784
2256
2585
294
4395
5510
3026
6765
3586
3975
4016
2238
2095
5806
4032
5803
5266
4746
5262
2637
639
4728
6205
4755
4735
1510
5253
116
3230
3929
120
6974
5032
5149
6971
3970
2593
771
5142
5943
2597
5132
3721
3943
3941
3451
143
2608
5991
5986
4963
4785
3752
5877
1304
2231
6186
6185
4810
3854
6168
3311
4847
4867
5863
4877
6135
3493
1497
6132
5196
2210
5194
726
4941
3754
3485
4959
3031
3021
5298
4470
2867
3644
6479
1768
3564
4165
7
5519
3381
2640
3110
986
5587
3685
3062
5523
2315
4549
6816
2693
5363
2299
1056
2488
2430
6584
4196
5670
1824
5474
5687
4431
3675
6564
3788
6493
5439
3570
1808
2013
5427
6509
1035
2024
2966
299
2699
3088
2652
335
3807
7101
7100
7095
5356
3543
6842
4295
4101
2688
2271
3032
3002
1892
408
3763
3834
223
1884
7068
1635
3317
1
3703
5747
2722
4635
570
2512
6383
573
346
6830
1201
343
964
4605
423
5739
1688
432
2915
5157
2616
5524
5567
2691
3355
2698
5595
2687
2185
5153
5503
5600
3782
1086
5936
3268
5143
5562
1046
2945
3728
5661
3873
5468
1316
1313
2228
2626
7109
885
959
5335
5822
7056
5264
5751
901
938
936
1275
3767
3319
7064
2638
1249
3858
3415
982
1319
2708
5681
5879
5463
2970
5425
6993
5701
3303
7014
2186
5865
7138
5864
3344
3800
3802
989
3757
5860
5859
1327
3411
737
2859
140
6841
1681
2054
2917
1686
6376
2847
6384
1704
2848
2914
4160
1722
2913
4560
4558
3558
6359
229
226
3266
3152
1598
6229
6232
4730
3139
6263
4701
2032
4689
4686
4033
3706
3132
2526
4680
4668
4663
6273
3029
2864
3566
4267
4268
2899
6690
334
438
1935
433
3610
4292
6678
6668
4330
6666
4332
4339
405
312
4259
1971
461
4454
6499
505
2023
273
6542
496
6563
1769
2003
1826
3680
1828
6774
3679
476
3585
3039
6776
3707
4660
2127
6165
6164
6066
1409
748
2144
690
200
3238
721
3990
720
2811
1529
3461
5022
1528
4865
5039
5030
2133
1522
697
4815
2135
1870
209
4814
2774
3724
732
4768
5083
4786
207
3726
1491
4967
2798
3399
4473
1466
1132
3460
3906
1168
2025
5432
5462
1825
3712
2357
1820
2331
5460
4191
1160
4189
2128
3798
4969
2667
3711
2233
1833
5056
5129
3958
3380
1373
1934
5059
5137
5551
3625
1895
2603
1867
2173
5096
1878
3723
5470
3382
5141
4416
4402
1121
5483
2658
5487
4221
4272
5488
1354
1983
3781
2426
3780
3457
2151
