6624
6629
6651
6605
6650
6656
6644
6649
6654
6630
6602
6658
6607
6659
6628
182
187
6599
6590
6601
6631
6610
6596
6635
6640
6595
6653
6634
6621
6639
185
6619
6611
6627
6600
6606
6633
6645
6608
6646
6622
6618
188
183
6613
6652
6593
6603
6636
6657
6609
6638
6655
6598
6612
6620
6642
6647
6592
6604
6616
6623
6591
6617
6594
180
5190
184
6597
186
6632
189
181
6641
5850
6643
2178
6965
1940
6637
2436
1941
5193
2619
3414
5197
1949
1802
6648
4261
2617
1945
4564
6960
5665
5852
1946
534
6232
1504
5035
2618
3024
1239
237
5145
3260
3894
2172
6625
4012
5644
1942
1944
6176
3461
6615
5315
274
5841
2176
4291
6195
4293
5191
3263
4493
3132
965
6967
1801
6937
6936
1769
3087
5565
1510
1134
4566
5129
6626
3485
4401
2170
5055
147
3850
5041
6410
888
2637
5967
116
1948
1947
4016
2515
3855
3341
5470
4795
6918
3854
3413
6077
5676
1879
7070
1221
4735
5815
1080
3959
2620
3344
4863
1829
3259
720
6728
4651
4484
5375
5367
5039
3416
6614
5022
3681
5000
233
5595
556
360
2859
3012
5784
6886
3858
4395
3026
6776
238
6415
3016
3467
6135
239
3463
3342
6134
459
7068
4959
6907
4470
4565
2639
6168
3970
2604
3543
2030
4409
2512
1233
6985
4165
1974
1890
6288
2297
5670
2291
963
120
1943
6880
5196
5199
6772
5222
2
6779
6799
3570
3671
6884
5266
5078
1639
2969
6868
3851
3779
6842
600
3
597
5291
6830
6837
4391
4413
4346
1143
4323
4637
557
3996
4292
3527
3729
3866
4974
1278
6414
4294
3954
960
4160
1208
4663
4655
4287
4843
3706
234
3464
6806
1636
148
2911
6883
2779
1722
5366
3468
2638
1765
1806
2461
2435
1906
2325
7039
5522
2272
1971
2189
7109
669
667
2131
2094
9
1630
6778
6912
3340
832
3387
1584
3411
6726
6774
6678
1492
3133
5785
5694
4187
1201
5511
1895
6284
4189
4168
4785
6334
423
2430
5474
1225
968
1237
5706
6969
962
1804
1803
5721
4755
3380
694
5149
4529
1
4561
4473
7
658
6132
5854
2090
2095
3418
4569
2362
1495
1983
3501
4390
4635
7101
7100
4295
2249
639
432
5523
3381
4632
4873
6695
558
5318
5738
5739
6479
2609
604
5032
5753
6488
3705
5043
1587
879
5272
5265
3088
3647
3636
3628
3618
6807
843
5198
5141
1631
3064
5262
3853
2885
6846
3601
1296
4963
5986
3281
2737
3333
1304
6433
5342
1688
5322
940
3125
2841
2646
5425
5167
659
5463
476
4560
5611
5707
5061
5170
5594
5264
967
5563
496
5971
4733
697
6092
4668
4991
5008
5331
5752
5700
4804
4639
786
4788
5533
789
5899
5146
4971
6078
5050
783
5276
4680
1086
133
2892
128
2830
2811
3726
3782
1399
2684
6964
3859
3873
2438
6989
2434
3994
3833
3997
3684
334
3022
6788
6692
6690
1633
2988
150
2897
2933
6820
3546
2922
3566
3582
2917
6841
3462
64
6423
3139
4267
4166
2147
1202
4204
4244
406
4298
6238
4268
4249
1935
2228
6267
20
4164
2144
4472
4161
2071
1905
7042
6165
5
4481
4163
1232
2293
2915
3062
3028
2141
2927
2173
5286
2024
5282
2987
3018
5298
1883
2239
711
2315
1867
2488
5439
2495
1824
726
3083
5427
2912
2608
2773
2279
5354
5521
2850
1682
2275
1675
5497
1939
2651
771
838
5195
4019
4018
3998
3971
4932
1277
964
4956
3912
4961
1293
4969
3900
3899
3932
4032
4068
971
4471
4462
4460
4431
1056
4398
4369
4638
1035
4659
4256
1014
4711
4227
4169
4993
3160
4994
3817
3493
4549
5144
3458
1490
3410
5142
3402
1523
3318
3312
3217
3216
5194
1509
3564
842
1424
3788
3756
3711
3703
3701
3692
1393
1395
3685
5057
881
5063
5089
5097
1421
5003
5597
3584
5725
6913
96
306
5648
6227
552
5758
7108
332
6811
6697
5688
5943
6929
45
6203
6201
6330
6200
7044
6777
5922
5853
5961
143
375
6958
5613
6832
89
5802
235
6540
6663
6283
6107
6509
5817
6186
7030
276
6424
6932
371
1188
2800
4178
6329
5024
903
1203
4200
2846
4203
4205
5054
2298
6963
871
3942
5809
1275
6751
3956
3957
6403
2711
5844
1734
5143
1255
2538
2536
1589
4007
6764
5122
5121
4059
5104
551
395
2322
4088
112
6961
1588
405
7122
4013
5099
4296
4275
4817
6160
4475
4480
976
4806
6063
1088
4794
4500
4786
4736
6088
4730
4557
471
2522
4705
4687
1011
1645
4681
6122
4677
4674
1038
2945
2935
2256
969
1678
1679
7075
2532
4281
7060
4995
3043
4992
2853
4977
195
5965
4306
1933
2863
2864
4269
4339
3017
6881
4392
163
2269
4448
160
1828
129
4819
1681
961
4465
6052
3020
2133
4001
6104
1528
5689
5724
3700
6683
693
690
3558
5663
6542
2558
5734
204
5321
2097
3292
6483
3784
2589
3785
5526
225
5510
5384
5464
5468
5703
5702
1415
1422
3349
2017
3359
1392
1425
3680
732
1783
5394
2065
2023
1784
5386
5508
3679
5539
2632
3518
2581
6458
3235
6451
2569
5280
5278
6427
5630
5267
3238
5774
3210
5245
6660
6664
3904
661
4
6668
5600
809
5782
2054
5466
3809
3415
5301
5562
1320
781
7093
3604
2962
4524
4525
230
1428
1635
1109
472
7082
6187
4531
2271
6798
2517
4538
3460
6984
6565
6130
6669
6564
1049
6986
6150
6679
6151
6147
4573
7078
6682
3572
2454
6161
4568
4503
34
3587
3382
3486
2426
1475
1632
1054
4517
4591
2991
6687
2431
2482
4380
6373
3251
6370
201
3816
4074
4082
3807
2400
3110
6354
3783
6351
3304
410
4177
3310
6468
1554
3246
4006
3906
6421
3943
2492
1904
6977
6405
1301
3311
3958
58
1908
191
196
3119
3230
1031
1253
6425
348
4202
347
