6624
6629
6650
6649
6605
6630
6651
6635
6599
6601
6610
6627
6656
6659
182
6612
6654
6602
6642
6590
6644
6628
6611
6607
6609
6606
187
6633
6658
6621
6597
6596
6646
6636
6618
6634
185
6645
6595
6608
6640
6592
6617
6647
6598
6631
6623
6639
183
188
6613
6604
6653
6600
6620
6619
6603
6591
6632
6616
6622
184
6593
6643
6657
180
6652
6638
181
6594
6641
186
6655
189
2619
5193
5850
5190
1949
1941
6637
5197
1945
2436
5852
1940
1942
6648
6615
6965
6907
1946
3414
2178
6960
2618
1802
6967
1944
2617
1948
4261
5145
5191
4639
360
1801
3087
6936
4564
4493
888
1974
6625
147
5967
6884
6134
2461
3024
3959
1636
2176
3263
6726
2987
3570
3083
3341
3671
2639
3333
3894
6168
2515
1947
5198
2030
5753
5264
1829
5815
1492
5752
20
5841
1584
786
1504
2620
4293
6963
4391
960
237
6989
4291
2749
6614
1239
5315
2297
4959
2291
2969
3855
3851
2430
6772
4561
2885
6626
5291
2170
2172
1225
4529
4401
3912
1943
5266
5427
2737
34
4431
843
2841
116
4566
2612
2609
2604
1631
4632
4165
3467
6203
3463
3260
6176
1304
6077
3413
2095
120
3342
3088
5758
6663
5738
6779
5665
5739
5595
3461
6195
5522
6052
6057
1522
3016
5425
3012
4306
3462
2435
6165
6092
556
2961
274
5599
3801
3681
406
669
3558
334
3026
2325
1630
2293
2189
1208
697
2988
3679
1633
3527
1806
5703
789
3139
6232
9
2859
6088
6690
2536
150
967
6774
4166
1303
5366
2638
5367
6728
3996
3994
6886
6883
6689
2847
5644
4248
1879
6424
695
6410
2637
1293
694
5474
3779
1930
4012
1296
4006
2239
5470
2249
347
5262
2024
881
5265
2927
3640
639
5785
3402
6151
2517
6121
6880
1134
3281
1680
1768
3456
5055
3459
4169
2512
604
1803
1804
5963
5961
3125
3501
5089
5097
3971
5141
5142
4068
658
3
3970
1201
4390
5322
306
4398
1221
3899
4795
45
7070
6687
842
1253
3850
1301
6985
3854
6806
4843
6987
1294
2632
7039
6267
4392
233
6415
693
2144
3022
2071
2864
6778
5008
6705
6912
6683
3259
5965
3133
6222
5859
1589
1823
4268
1347
7000
4346
6238
2616
3142
294
3102
476
64
982
2386
3152
5807
5971
4863
3468
5000
4294
5784
6808
3464
4161
667
5050
4991
3415
4287
965
6937
781
783
551
4794
41
1426
4269
4788
5468
2911
2272
6122
1080
4560
5035
6668
1415
4557
207
1202
7109
3344
534
2691
809
3416
2522
6078
5394
4292
3706
1275
3707
1765
1678
4947
4973
6776
3729
3750
2147
1754
5533
5565
6163
1308
6132
3817
940
5063
5358
4941
1132
4295
3458
968
1675
5059
5041
608
3353
4187
5043
597
4272
4168
548
4735
4895
1010
5598
5597
5587
3752
3756
1523
5199
5523
4032
3783
5511
1510
1540
1509
4016
5222
5260
4409
1497
1014
1495
4785
1424
4517
4711
4471
3958
3932
3712
5648
727
3493
1639
1638
5854
4659
4130
5032
4565
5817
986
655
5805
3628
1190
5772
5149
4847
3675
5194
5196
5325
1573
5706
1292
3685
5676
3900
726
5388
5354
5389
2223
6186
359
358
2362
7030
6387
6185
2431
6799
6968
6932
95
6918
2495
3160
2791
6239
6721
2710
3064
6845
6842
6284
6837
143
6288
459
6830
6334
6807
6588
7065
2640
3318
6540
7076
7108
1884
2231
375
520
3311
7101
2991
2966
1
7092
3002
6584
5245
5594
3954
720
5278
748
5276
5219
216
6768
5271
5647
3975
2684
392
2711
6764
209
4007
208
200
395
6585
5563
5489
3794
341
3784
5406
3804
2863
6660
2853
2917
5386
3809
2933
5375
2848
1520
2845
3837
2844
3852
1971
238
2811
3759
1529
234
2779
225
1722
2065
6813
4335
2395
2378
4817
4815
4799
4797
7064
4413
4786
1204
1087
2185
4475
1249
4481
4522
4556
2290
2282
7160
4665
4663
4572
1143
4630
4651
5
4
4634
2322
2404
4903
4296
160
5095
4160
2601
148
4164
5689
140
4204
1323
4205
2538
1305
129
2527
2526
2516
2135
4948
2127
4267
4971
1011
163
2460
4249
4995
989
1297
1299
112
4992
5697
3858
4637
6423
3124
5800
1645
571
487
6420
661
3025
1679
618
5796
1574
690
581
3450
3043
3132
6376
3453
433
496
593
5782
1783
3469
3674
3100
6388
557
405
6366
3319
5700
3411
3680
3579
5707
3359
1832
470
6266
2649
6327
1654
2646
1310
6771
3485
6858
1302
6777
117
4019
3543
1808
1300
609
3148
3564
4227
108
486
5006
6913
2090
964
1651
2621
4090
4148
1632
5090
6832
3107
4082
146
6811
1824
6833
5069
5148
6780
2600
2593
1373
4045
4189
4196
1646
5057
5183
5922
1825
5945
962
963
5847
5893
6202
4243
7100
7095
2331
4738
4746
4755
3418
3316
3310
4453
2181
1689
2334
7082
4635
570
3420
7068
4728
558
3358
3380
3382
1128
4605
4577
4569
559
1705
7
1112
6105
3317
23
4503
2299
1160
4235
1756
2353
4944
4949
4961
4963
1019
3222
6200
4943
1395
5986
6920
3163
4993
600
4994
6227
6929
3428
6971
6055
1682
4825
2377
1760
58
1056
1237
1034
3269
4869
4873
6986
4899
6062
1763
2426
2400
5238
6433
6330
3023
696
2850
3754
3637
754
6381
5363
432
2963
6680
827
1466
5356
698
5709
1895
1892
3647
3853
239
6135
5613
235
3618
3032
3808
3807
6565
363
5479
5488
423
3027
3028
5732
6405
5497
2915
771
2921
6479
6407
348
3798
5439
1833
332
289
1490
3676
280
5747
1587
5750
2871
5326
6493
3791
408
3943
6745
3686
3705
3703
5682
3014
5670
1554
2688
230
6361
872
3572
3688
879
3697
2700
3055
3018
5688
6725
2026
3601
3711
5316
5298
5694
1883
3998
3719
2025
2029
3929
853
