6635
6627
6610
6659
6629
6590
6601
6596
6619
6592
6624
6599
6650
6618
6658
6630
6657
6621
6600
6616
6620
6605
6654
6649
6651
6656
6633
6595
6613
6593
6640
6598
6632
6653
6622
182
6646
6652
6628
6603
6606
6607
6638
6602
6639
180
6612
6644
6617
6591
6631
183
6611
185
184
6608
6634
6655
6623
187
6594
6645
181
6636
6647
6597
188
6609
6642
189
2178
6604
5190
6641
6643
1802
7108
6615
5193
2619
4401
1942
2172
6637
1631
3024
1949
6883
6936
3729
186
5852
1225
4261
5850
2436
6648
2609
4032
6614
4637
5197
5191
3784
5366
3026
6195
1945
5315
4292
1941
4564
3996
233
1630
888
3333
5706
306
4795
1944
3640
1879
2639
7100
4295
2604
5055
226
6678
1239
234
5145
534
3022
4557
5565
2749
1801
2618
5815
274
1722
3387
4287
2917
2435
4553
3674
1504
6937
5524
4296
348
3381
5511
3125
2430
7093
757
3281
2637
4075
6907
872
7095
5709
2030
7070
335
3779
1554
2927
3644
6884
3686
5922
1639
2640
2170
3894
4272
1215
3723
4569
3414
1803
5222
879
3027
2095
3054
237
2147
1522
4967
789
1633
5367
5365
3029
438
3801
4817
3016
2189
1636
2620
2176
4269
1275
1678
4948
3728
1205
3724
9
1143
581
4298
4
1829
1935
2691
5859
3720
613
6989
720
2911
5264
4291
876
6806
1202
2638
4267
6912
4391
3263
3292
5702
3300
2593
5470
7076
3944
2592
5057
5056
1682
5512
5059
1523
842
6200
2013
1221
6176
4409
3428
5805
1201
1974
6105
4943
1940
655
3675
3647
5967
3752
2024
6288
3318
4963
827
2141
1744
5587
2488
5644
3129
3787
6373
5684
5687
3783
6334
7154
1223
5722
2181
5665
2512
2600
6663
5439
2915
2898
2617
4012
223
5363
6744
5327
5325
4101
2291
2297
5272
2737
6816
2315
4227
1017
5199
116
2658
2652
4248
6965
3970
1946
276
5097
3102
64
6122
6388
209
3132
3139
6774
6366
3785
7151
5468
4405
2779
1319
3809
809
5700
4008
6052
4660
405
406
1734
6423
6483
6458
1278
5058
6451
85
2859
2144
4639
4701
5703
5841
3726
3469
3957
4232
3464
1806
3462
3461
5245
3454
1203
148
6164
5797
3954
5846
5707
6092
6278
6267
3344
2632
6542
3778
2461
3767
1565
5752
4299
2017
1783
3020
5661
4293
4395
7109
3679
856
360
2997
2894
2450
4001
3994
2404
3959
1303
3942
4786
329
1528
4007
5844
5522
1637
20
1208
6625
3760
4635
1675
3932
5753
1689
6201
6799
5149
4187
2457
6194
4165
2025
5089
3756
2026
2249
5739
4503
6918
2991
3342
2699
6274
1134
1884
227
2621
5747
6807
81
4431
5462
6842
6725
3618
3463
1808
2712
5228
843
4566
6132
154
4632
4328
3467
3459
5523
7086
343
5785
5266
881
3402
838
4191
147
6830
1804
1680
1947
1948
3971
4785
5723
5198
1495
6330
2517
6858
371
5322
6687
4006
3032
1763
4082
6405
5483
5619
5891
4561
1296
3701
120
5354
5943
6424
3817
2499
3689
423
2173
2239
2646
3860
6584
3692
3570
3705
1930
3018
4130
1573
1629
5196
3311
6085
4895
5721
1304
6055
4003
4810
5043
3260
2285
3316
5316
6880
1768
2688
1117
3721
4389
6038
7101
5688
6772
1490
4793
1399
4788
1491
4266
4244
3642
3684
1209
3722
3706
5971
4917
5172
3681
3648
669
4290
5807
832
4009
4558
5386
5394
3863
889
4971
4392
5422
4977
5425
4346
3833
1645
4343
4339
4489
4335
4493
4332
5489
871
4500
5463
1470
5054
5035
5000
3750
4560
5611
1204
4219
4214
5799
4204
5267
5784
3757
1784
4794
4268
5724
1570
4819
4161
3782
4111
967
5701
965
5689
1769
781
5066
1598
3789
5646
5329
1492
5307
4677
4593
6152
1971
471
2988
1218
2899
2186
2897
6886
2892
2982
4768
4590
129
2864
2254
3520
2863
1249
2185
3012
6376
238
6088
3303
3416
6967
2935
41
7102
341
508
2929
2438
2021
2434
2977
2018
294
277
3355
6963
3385
6960
2628
3043
6333
112
2433
6078
4449
5
6056
207
3582
4730
2425
4737
2778
3594
2322
2601
2462
7039
3598
6820
3610
6031
3053
2580
6788
6785
2143
2532
2325
3348
395
2272
7000
150
6765
7155
2453
3087
5078
1496
2969
6540
1740
3850
6985
5069
340
6564
3014
2963
6969
332
3023
5096
3008
1707
854
3028
2987
3015
853
824
4800
5529
3855
89
6493
5551
3899
2608
5521
4565
5487
5342
4071
4529
6763
2331
950
951
4517
155
5326
5318
4520
4220
4104
1540
1354
5314
6779
1356
2718
6819
2734
2310
1293
2769
5287
2760
943
940
2703
5351
5129
6626
4711
1508
303
1509
884
96
299
2919
2636
3998
4549
330
2651
2912
123
2902
6701
5163
5407
1635
2244
5385
2871
2258
5356
6850
6680
5576
1883
7104
5803
1983
4390
4944
34
3688
5791
7103
6168
4577
6185
4891
6202
7
3685
5758
6203
4473
6221
4380
3761
3771
1128
3591
7092
4416
6239
6135
3465
2495
3543
587
3529
1943
1825
3719
3711
1824
3709
4404
1934
6121
4568
6126
4961
700
4398
1960
2482
563
3564
3746
6133
4659
3753
2029
658
3341
3671
3788
45
6034
3646
3107
3106
6030
3088
5648
1760
5645
7068
3615
1314
7065
1892
3628
432
3807
3808
4676
5598
5063
3821
6035
5676
6077
479
7091
6337
3781
3
771
5037
3310
4941
3269
1373
2431
1475
459
5726
754
3317
4843
5276
1408
1409
1407
2756
5223
4674
4687
4185
2459
160
5268
163
4413
2711
4438
2460
4194
4432
1422
7060
2344
4330
6981
2432
5039
4323
4321
5050
4317
1088
5022
5099
5095
6993
4306
2536
7002
2549
2587
1080
5061
4651
1498
2392
2527
1529
7148
2346
133
2684
127
2497
6885
1368
4973
28
2516
5064
2647
1520
6889
1517
1046
4863
4480
