6630
6631
6590
6624
6656
6640
6644
6654
6639
6629
6649
6599
6650
6605
6602
6638
6603
6619
182
6651
6610
6634
6607
6618
6653
187
6628
6659
6635
6658
6600
6627
6601
6606
6596
185
188
6613
6622
6611
6652
6617
6608
6646
6598
183
6595
6633
6616
6612
6657
6621
6632
6655
6645
6597
6593
6592
6636
6647
6609
6591
6604
6642
180
6620
184
6594
189
6643
5190
2619
1802
6641
6623
5193
181
186
6615
6637
2178
1949
1941
1940
6648
2436
1945
6614
1801
5197
2618
4470
5850
6965
3894
2176
4817
237
4863
274
6884
1946
3414
1948
2617
3125
3381
5089
4261
5665
2604
5644
2609
5753
1942
5852
3387
4395
6960
3087
4493
6195
5145
5191
6626
1221
2172
2170
4632
3333
3703
1134
432
1803
5097
1879
5222
6907
108
5142
3628
150
5630
6967
6963
160
7039
5565
4733
4335
965
4413
5315
1239
1504
5466
4564
5035
6664
6678
1784
3801
6728
2620
3024
6415
360
2779
6886
1806
1293
3318
1225
6663
6625
3850
239
4810
3855
2416
5198
3899
6134
3971
3341
5758
2030
3413
1974
1944
5041
4565
4130
4568
5967
2249
5149
3543
6799
6077
3618
5129
6132
6842
6868
4012
7101
5470
2593
5318
5523
7086
4401
2987
5600
3959
786
5366
3340
1202
3462
6936
1143
5752
4674
273
4809
6260
2185
2536
4651
3750
936
5167
6987
3729
163
960
2988
2558
2863
556
6765
2435
2830
5276
1080
5367
3954
5510
1249
969
406
3706
233
64
238
4484
200
371
3967
3970
116
655
5141
3064
6880
5467
1304
6455
6918
6468
4561
1952
5891
600
604
2658
771
1804
4959
3088
3779
6807
1682
459
5043
5388
3342
7108
2688
5732
1930
6288
3900
2600
5721
4549
5986
34
3912
3570
3783
132
2621
1983
682
3601
6830
1947
5032
3168
3705
6176
5613
836
4635
3701
940
2969
4409
5922
4738
2921
201
7044
3281
6850
6201
2430
6334
3711
904
3160
4735
2279
5322
7070
3260
6479
7068
1294
550
6366
207
6018
4815
3809
3582
5313
2933
5784
2997
2083
6912
9
209
2433
208
6883
832
4557
1870
6452
219
5539
5841
3804
4415
659
4974
3566
906
5508
5562
3464
4736
1046
4033
4819
6040
6668
534
3546
961
3520
5563
6414
6052
2094
2339
5386
2601
5433
6989
6238
4474
667
3684
5425
2864
3681
3976
1584
2711
3263
6724
2986
2272
6776
2761
5663
3139
3259
2189
3996
6483
5000
6764
3344
2922
4804
2522
4163
2133
5595
3757
6572
985
4677
6768
571
948
3858
3461
5039
6788
5121
4590
6066
1854
5991
3501
6823
4187
1810
6845
971
1808
4189
4569
3756
6701
3890
4398
6147
2773
1541
620
3685
6772
4873
1523
6168
1510
4795
6763
964
6200
658
3712
5325
3028
3719
6725
4101
6779
1424
6405
3564
4963
4961
6798
6041
5389
3763
558
4168
4165
1688
1680
4956
1675
2737
4390
6089
5432
5298
3647
2760
3485
2710
3018
935
2602
2603
2173
2608
711
2387
4075
2391
1031
7091
888
5342
2858
5738
6929
1035
5213
375
7029
7030
135
950
3854
5722
5196
147
2867
2315
2902
5648
2885
6985
299
3853
276
5155
2258
1014
5356
2561
6969
7065
6968
4678
6565
5144
4357
5265
6958
3304
4473
2377
5770
6509
4676
6913
5511
3807
2482
4227
3083
1943
6488
2693
2488
2492
1301
5055
3806
6687
215
3456
4566
482
3458
96
2703
2495
3463
1867
866
3816
727
5853
5803
879
2045
2637
5854
7100
1253
5817
202
6370
1054
5272
1056
231
1061
5576
45
2512
4328
2639
3380
5321
2800
5331
2964
787
3720
5330
2911
789
4730
2970
3802
2982
2853
2851
6667
3833
1255
6356
693
5375
3012
3784
3785
1305
3800
6692
4663
6372
692
2854
669
6726
1188
6232
3016
6384
4639
3873
1399
1392
6660
6267
3759
4668
2855
6388
2859
3859
4059
6931
2147
885
6937
3118
6941
2616
5122
3319
5700
4287
336
6964
2569
5707
4291
2131
4537
3416
980
3956
5815
2638
3401
4472
3957
2632
2065
2071
5083
2628
395
405
5146
4293
2553
3199
2412
4500
195
5533
2434
7009
2438
5579
4332
3994
216
4339
211
2450
2527
2529
2378
2254
4479
2549
3266
294
5642
4480
5170
2325
5172
4346
5615
5611
6993
7000
1971
438
433
6163
1086
4973
3558
1723
6043
1528
6149
6451
6889
6048
6049
3586
568
6141
3592
967
6078
4903
1633
1630
6082
4920
3054
4391
3619
6427
3072
3700
3073
6416
1492
6177
1956
6881
4558
3100
5281
4560
7109
3079
6585
1589
5879
1905
2774
2702
865
1872
5022
1829
2709
6841
5251
3504
3512
6762
6778
962
966
1010
1132
3998
6410
6433
1121
1160
3906
4006
3872
4757
986
4003
3944
6559
963
6493
4800
4734
3584
6383
2507
2499
5537
2472
5564
2431
2418
5199
2357
2310
2285
2275
2271
2239
2515
2231
2223
3310
3312
5694
3317
5705
2181
2168
5725
5739
5750
5760
5772
5785
5676
5078
2517
2546
2973
2927
5344
5347
5362
2991
2869
2868
2865
2850
2835
2787
3031
3032
2531
5414
3062
5291
2699
2695
3107
3110
2612
3119
2592
3129
5262
2568
2550
2548
5439
3851
5802
5063
3666
6133
6150
3697
1509
1495
1490
3709
3710
6186
1475
6203
6227
1421
6130
3752
1373
6283
6284
3780
1308
1300
1296
3808
6351
3817
4818
1259
1215
1201
1395
5805
6126
3644
3402
5059
2000
5848
5057
1976
1957
1939
1908
1895
3459
3460
3467
5943
6121
3528
6017
1760
4969
6047
1689
6055
3599
6072
1646
3617
6085
4927
3640
6105
3529
5880
3713
330
347
577
4318
6906
89
597
4453
6877
19
918
6720
4169
4467
281
854
4177
348
4711
6695
7018
6780
4274
575
4503
191
570
203
842
423
359
6901
4419
4247
843
212
7082
120
143
4202
235
