6631
6639
6638
6630
6640
6590
6603
6656
6655
6654
6653
6600
6644
188
6605
182
6608
6658
6634
6622
6606
6602
187
6624
6652
6649
6596
6651
6629
6618
6599
6650
6607
185
6595
6657
6619
6628
6610
6645
183
6597
6659
6647
6598
6617
6636
6593
6601
6627
6611
6613
6609
6591
6635
6612
189
6646
6632
6621
6633
6616
180
1802
184
6594
6642
6641
186
6604
181
5193
6643
5190
6620
6623
6615
2178
6592
2619
6614
1801
3894
2170
4470
2172
1221
3628
6637
2176
6886
4817
936
538
4401
5089
6626
2436
3381
1803
2604
6965
3414
1940
6648
5039
237
1949
5565
4819
5368
5315
4493
3954
2609
3701
6565
6468
2705
5852
5897
5129
5648
4902
7101
3711
4568
3618
5344
4561
5732
3703
6884
6799
2277
5508
5035
219
3520
828
4903
985
2618
4863
2864
5562
4809
5630
5579
3024
6415
2536
7009
3087
4484
4335
6762
3461
6960
551
3705
1879
5078
4873
2885
3890
4569
2416
132
5850
5041
2737
3719
2867
4261
4369
5318
1523
5032
2703
6850
7044
4901
6077
5753
5722
3712
1293
239
1947
5665
3125
5510
4413
7039
4651
1239
6987
4680
969
5146
4557
6728
2779
960
3387
3300
4560
961
3401
2800
1709
2761
6195
360
5611
6238
160
3706
5058
1941
1784
4733
7102
2988
2997
2189
2185
3956
7122
1529
6416
2174
2541
2553
5276
1806
931
1504
6064
3592
3619
6678
4718
1945
556
6260
3720
5528
1241
6765
201
4012
1747
1957
5644
3709
5721
5416
6663
3413
1215
1946
3899
3666
5080
2568
4810
232
4549
1490
2249
5853
3168
3617
5854
2603
4565
6983
5272
6134
3064
4402
6370
4567
6811
330
5377
3459
1895
5470
7029
3783
764
7082
5059
6880
2617
7100
432
4227
4632
5244
2279
5178
1974
4409
836
5149
2271
6201
7108
4735
4473
5986
5342
5707
1188
6066
6768
2264
2104
1046
1042
6760
1009
4405
6879
6875
3072
6232
3340
3946
4339
1723
6082
6018
6557
6963
3142
4395
5563
550
6889
693
2986
3957
6967
3025
2254
5700
5509
3415
2892
5022
3858
3079
4465
5642
4564
3700
6664
1528
3512
3517
7094
3464
5774
3707
4871
3450
4813
5167
1275
3801
2386
5145
2529
2601
5463
4814
3558
3750
2863
876
4558
965
1854
2569
789
5197
5366
2774
3263
2734
3644
2472
4318
5523
5688
6041
1948
5803
4678
6168
600
3723
3215
3647
2173
888
1877
4682
5043
1527
3900
2869
7086
1035
4741
2981
4742
5175
5176
130
6625
2517
1132
6017
1413
6351
554
3341
1938
1056
116
1810
879
1942
2688
3304
4900
3713
711
7089
108
577
6105
1421
359
2492
5056
6868
726
1540
1943
5836
3028
3460
2315
3816
6176
5132
6284
6288
3451
4867
2592
3971
3458
3591
3062
1804
3260
1983
4818
1301
5967
1227
5739
918
7
6986
1237
371
5584
3817
1847
3601
3160
5097
2858
5096
6187
5213
682
1867
6085
7023
5155
6405
904
2275
1798
1304
4956
6488
3998
4075
6823
6918
3137
3333
5086
3031
6479
935
2549
3973
571
568
5214
1901
614
3959
4804
938
3077
3268
3073
6177
64
4033
4332
5689
5539
885
2096
7126
1535
2535
6667
2587
586
598
4293
4306
2589
7117
6024
6668
6414
5561
3259
1469
3051
2094
2083
6841
5085
5533
6353
1202
1305
3785
4953
1313
6483
4654
1870
7057
2272
2269
2930
3757
2767
238
1607
6088
3898
233
2935
4674
4472
4479
4480
2811
786
787
788
5954
2346
3172
2862
3859
5331
2889
4424
3292
4179
1699
2893
1844
4163
3452
2378
5615
3139
1722
4178
5127
6790
3715
1769
865
4687
4689
1399
1372
531
4686
5703
150
2709
5466
6883
5053
4709
5809
3527
4403
3344
6852
3722
3724
6776
3907
2460
1588
5121
6261
6344
3111
5141
4101
1890
1819
785
6669
1939
4168
909
1054
5564
877
6089
988
6200
1944
1061
6695
6171
3250
6757
963
2045
3211
964
1031
4247
4130
2041
966
6687
4074
1976
3129
1023
1927
881
5144
5142
1930
696
6763
2364
353
7125
347
346
4559
2531
2865
5817
4566
1675
2860
3446
3071
5941
2370
4591
96
7007
6283
3850
5826
5972
2895
3529
6969
4877
6971
1688
5414
2545
2881
1234
3855
5961
3854
4529
6976
4596
2693
2695
231
3752
4676
4746
5467
135
4738
5469
7068
1390
5891
2710
2482
3528
2488
3702
6334
3756
7107
5347
1649
1646
4966
1541
1295
1642
3463
5772
4959
3786
266
4941
2773
2430
3485
3685
3486
2902
2561
3860
6877
3342
3599
6586
7167
622
5404
4365
2658
3
3032
34
5687
5055
1509
2600
620
1134
1789
1121
4328
3015
5694
2992
2608
5063
558
6842
3958
4351
616
4357
2987
2612
1510
2181
10
2969
5222
459
2266
3640
655
5031
4460
2565
3877
1725
1201
4467
4795
6383
2915
5511
6381
6906
1740
3926
4384
3924
5705
6253
5551
5512
3970
5676
3380
5556
482
2944
3638
4404
1392
1520
1498
5595
1522
3585
1517
5242
6404
3586
5386
5367
6372
3566
1422
6392
5375
5243
948
5425
3661
1383
1080
5247
3411
1213
1205
3873
3882
3891
6553
3905
3996
3921
3303
6235
6231
3355
1783
5279
1813
5267
1143
6585
3950
3952
3955
3324
1794
3979
5275
1704
5313
1011
3416
6452
6319
3728
3504
1601
1872
5468
5350
5349
967
3782
3468
6487
3708
977
1294
5337
5335
4014
987
3453
3813
5330
5328
1679
5321
3841
3417
3462
3896
4853
2538
690
2097
2830
686
5752
2099
5751
5103
667
4590
7000
659
4907
2643
2124
649
2851
3053
2853
692
699
294
2702
5915
4199
4737
4204
40
5126
6764
6106
3118
3050
6769
273
274
49
2412
2062
5663
2065
721
4811
2054
2854
2147
6048
396
6881
5702
2896
405
4488
6964
2911
4408
4500
2954
4415
2913
6000
7121
4474
