6649
6605
6624
6629
6651
6630
6656
6607
6650
6654
6636
6646
182
6608
187
6601
6602
6606
6609
6645
6644
6659
6635
6628
6640
6631
6621
6590
6599
6627
6610
6596
6653
6639
6642
6633
6658
6595
188
6634
6604
6619
6603
6611
6638
185
6622
6612
6598
6597
6632
5190
6618
6592
5193
6643
6641
6613
6600
183
6657
180
6652
6655
6620
6591
1949
2619
6617
6647
1941
6593
6648
186
6616
6623
4493
184
2617
1940
5850
5852
1945
2618
6960
1802
189
2436
1946
6626
1948
6594
3414
6967
3259
181
4293
6965
1942
1947
2911
5197
5315
2178
3467
3463
1803
3527
3087
3461
3416
3411
6134
6625
1944
2915
3281
6779
2609
3601
1943
3260
4261
3756
5785
6637
5665
604
5802
3413
5817
4959
2885
360
6963
6615
960
4564
3024
3016
2988
274
237
6964
4294
5841
4651
5145
6232
5198
3458
3402
3855
3618
2430
3851
597
3418
432
843
1304
5644
2604
5551
1221
5854
600
6772
3028
1801
2435
1239
20
5815
4395
5191
3415
2176
3684
2189
4323
6728
786
4281
4007
5782
5565
965
3954
2538
6088
3139
1504
4391
3263
5022
1734
6778
2917
3462
6776
3333
6907
3342
3894
6918
3341
3628
6565
5967
2030
2515
116
7070
1296
5199
4401
5753
5262
2737
5732
5706
5613
655
2600
5515
5511
4566
1631
5470
2315
1134
5922
2927
2172
2170
4956
4016
6354
5041
6288
6176
147
963
4659
6077
5034
3543
2094
1769
6774
5331
6726
4843
4974
4674
3858
4677
5000
2438
2434
3344
4786
3387
4804
1905
405
6806
5563
5394
3946
697
3959
6451
3994
783
832
4160
967
557
556
2970
4244
2922
2897
4287
4291
5818
5809
5784
5752
4413
5595
2620
5533
2581
1584
1636
5468
5366
6195
4903
233
225
238
6883
7117
3558
3681
3464
3750
3566
64
3784
7014
6886
1132
5427
5584
4245
4529
6884
6351
4473
6361
4829
5963
964
6370
120
5648
239
6334
3460
3850
5265
3692
6722
962
5322
459
6151
4165
3853
940
1014
6132
3854
4825
6203
3671
3064
879
5676
4453
3083
2973
5739
5032
3872
6868
5266
4632
5407
1879
966
6969
4565
3970
727
3
5078
3410
2
3958
6479
6837
3570
5523
4735
5141
7110
2637
558
2639
4873
1225
4012
1253
5497
3899
639
5097
6842
359
5772
4398
1829
669
906
3729
4680
2687
2272
4163
936
961
6683
6165
4166
6542
6585
5104
6614
4736
160
6267
2386
534
3152
6384
5707
551
2293
6415
809
6359
4001
3132
3468
5700
1870
3997
3996
6881
720
1854
5600
5703
6308
5611
6936
6501
5035
4788
2065
4088
6344
1645
4346
5807
133
5422
3785
4973
1588
2945
1086
1347
6078
1723
4863
2131
2585
129
5510
1143
4484
1205
1630
1191
2558
3801
112
7039
5480
7122
2889
4971
5508
2892
4480
6092
2185
1202
5367
4204
4637
3012
4392
2451
3025
5539
4668
2269
5734
2601
5375
969
2779
976
6410
4390
5826
4524
7101
3168
5694
5195
5089
5758
5196
2703
2769
1233
5487
2593
4755
34
5142
3943
2355
2592
695
4549
2387
5149
1293
4738
4462
5805
6493
658
5519
5129
7108
2608
3927
2362
4561
108
1490
696
968
4018
6284
3697
1056
1054
5287
2431
6228
904
6227
4538
5597
45
2980
1808
3062
6205
5363
5738
7131
5735
5342
6135
6150
3018
4169
6168
3031
3501
971
5590
4711
5272
4596
4019
1201
1895
117
5893
4460
1890
1639
4578
5222
1884
5474
1497
5991
4583
4409
1676
3125
2912
1867
4256
2517
3689
4248
838
4075
4241
2512
4227
3536
3912
5564
3779
4795
4785
3381
2141
347
4470
3317
3398
5057
2279
3781
4828
570
3807
4471
6799
5670
371
4961
3806
4969
3908
2231
6663
6780
4932
6846
306
5055
2303
423
6958
6830
6880
2297
1424
299
6687
3412
3787
2181
235
2291
1722
948
5365
6690
6141
4623
4540
1008
3340
2461
3026
1784
4663
6160
1759
6149
4817
4472
2433
3054
5219
2401
1882
6372
6371
5050
6367
6912
3133
6356
4687
5039
4681
6664
4086
496
7160
3092
6278
5278
4806
885
2432
6238
903
5025
2277
273
150
148
2133
3349
6066
2228
1612
4314
3567
2830
3789
5
2569
4
4335
1589
3579
7098
1582
334
5522
4557
2616
5775
3794
1455
3797
5787
3680
7109
1299
1298
2589
4553
1294
2756
3419
2549
1528
5878
4590
4249
4242
5406
6049
6052
3809
5632
1088
1704
1709
1080
6063
6064
1702
5384
5425
128
5879
1208
2859
6813
6808
4475
6788
5949
377
1157
5463
7057
2147
2913
4474
781
3079
1492
226
2638
6993
204
2381
4011
6483
3238
1956
691
6989
1415
4733
579
659
693
596
2385
6414
595
5702
732
2023
5167
5095
2708
5689
721
4465
163
6987
3273
5146
195
1422
3520
1399
2325
229
4013
3942
4826
1083
5587
1680
2919
1952
4231
3615
1523
694
1688
4247
1682
1112
6017
3783
81
4243
3222
6511
2921
682
2658
3903
4653
1023
3647
1760
3002
3358
6133
3005
2710
2464
2260
3015
7044
1777
6725
986
3705
4652
1028
2991
4638
4221
4431
5388
2963
410
2969
3906
6488
408
6770
2495
1373
2488
1740
6105
711
5356
2987
3817
135
5750
2902
4351
2223
1273
4941
2173
5512
6580
4765
4757
4746
5848
3559
5504
348
4311
3929
4318
4568
7068
4366
5770
1339
6983
2760
3791
95
5543
3712
2773
6834
2602
4869
2597
4374
4369
3719
1
5857
1356
4569
2880
2881
4963
5948
5479
3027
3686
1646
1651
2353
4282
60
5467
3640
3230
5986
3636
4289
2025
1643
1983
2550
2024
5132
6818
1974
5880
1632
3486
4295
363
6816
5576
5891
6811
3685
3932
6798
2271
3380
3278
2369
6221
2368
472
4678
7100
6346
918
1804
470
3459
6202
1509
6901
2688
6200
1799
5316
3055
3971
3703
