6647
187
185
6659
182
6634
188
6612
6618
6611
6601
6599
6633
6619
6636
6617
6630
6593
6624
6628
6602
6610
6623
6613
6654
6616
183
6658
6653
6645
6590
6652
6644
6651
6629
6650
6639
6605
6621
6640
184
6608
6656
189
6596
6606
6622
6642
6638
6591
6595
6627
6655
180
6635
6603
6649
6646
6607
6604
6600
6631
6620
6657
186
6632
6609
6594
6598
6597
181
2178
6592
1504
6615
6648
6637
5190
6643
2436
4493
6195
6641
116
6134
2172
5193
4639
1945
3707
237
2569
6743
3387
1941
233
5644
6811
6221
4561
3381
2617
3413
6799
7000
2619
6989
2564
2553
2618
2526
1239
6886
6958
3705
4196
4569
6625
6077
2567
6880
4261
3701
1554
4746
5897
4401
1974
5648
4227
4795
6626
4409
1879
2036
4564
2071
5642
274
6614
5215
1802
2549
2749
1080
238
2176
6790
3087
3801
2830
5565
4287
5350
4194
6467
2291
1261
5853
7051
1134
2737
4635
5097
4369
5945
2170
4191
4735
5852
4565
1948
2609
143
2416
5537
3912
3971
2710
5722
5721
231
5199
1930
6971
5298
4877
3608
2711
2715
3238
5607
3782
6415
3809
2118
3804
2325
2290
5276
2283
1243
5844
360
2522
7122
2523
2527
3527
3520
6728
6881
3012
6726
4157
26
5197
6115
4817
618
4007
1801
2505
7009
6936
145
1844
5784
1195
4668
141
1828
6773
3485
5470
2565
986
3685
6976
4605
620
6584
2430
5435
2552
5416
2161
3711
6540
4847
3341
276
3713
2499
2364
2560
3414
4961
5670
191
5676
4365
3110
2734
56
1602
3019
3894
5723
6334
147
146
1847
4519
4517
542
1833
726
3129
3103
1824
1242
111
96
7108
1121
4189
7068
4599
4966
4591
6173
1094
2090
230
3756
2867
1071
6107
235
2898
2863
6097
2525
2620
4056
2762
6232
6238
830
3585
6664
4797
5841
2502
5367
2961
5821
6099
6088
4058
1267
4193
4185
6690
2566
1492
1322
2601
3016
4199
3517
4293
1455
4788
4291
5211
2558
5242
6204
6148
2811
1275
3394
2541
2536
5815
3979
3287
1915
5600
3777
5720
234
4920
5466
737
4592
6366
740
3996
2097
7053
3800
2730
3802
294
1990
4983
2032
3199
3706
2096
985
6465
2423
6760
4701
3975
3750
3767
4686
6937
2433
959
3759
5796
5425
3917
2735
5752
4665
2738
2435
6796
491
2869
3230
2962
5149
432
6793
3242
3237
4874
2700
2653
547
2760
2769
6816
3064
3062
5032
5244
3402
3032
5123
3304
5333
6687
4988
2834
3196
2987
2637
3031
4969
3584
3420
7089
6292
3941
1837
6327
5753
5738
5706
4538
1940
7067
1942
4568
3834
196
5623
3817
3808
4596
3783
3773
6424
5588
3761
5587
6433
2156
4632
1056
1827
1049
6284
5817
1
7167
6132
6135
4282
1448
1461
4198
6076
4192
6072
4328
1510
4130
4368
4390
5943
1605
6200
6203
1651
4406
1688
1705
1264
5850
5847
4028
1747
1786
5564
622
347
2568
2561
311
4662
4743
2353
5432
2400
881
2550
6552
2424
2426
4702
940
6521
2472
2515
346
3618
2512
2577
4779
4748
299
3456
5511
842
2612
2604
6469
2600
4648
3486
6983
6842
3709
899
2538
2611
5895
5345
6709
5251
6666
690
1704
6128
6676
6113
5915
6111
5219
6692
2838
6057
6177
2779
1442
2886
5226
2896
6563
6100
1368
5229
5240
2864
2542
5243
2778
6461
2774
1985
748
2322
2318
1991
2006
5647
2294
2293
5617
6404
2102
2282
2272
2255
5592
6427
5301
2133
5567
2701
5533
5539
832
1956
1949
989
6665
2503
1262
2763
1723
5375
2189
1765
5822
720
1823
2775
721
1202
1832
955
6297
1836
5406
1839
5419
2655
739
982
1204
6376
693
3981
4680
556
3768
4687
4689
4705
4403
4590
3803
4088
3081
3080
3072
7042
4286
4339
4133
4879
3596
199
3833
484
4863
262
3722
4979
4644
72
3191
3190
4985
4661
6960
3700
496
4411
6775
4059
5035
4794
5039
4057
4674
4298
277
4290
3124
4848
4025
4413
4266
3009
3544
150
3450
4774
4268
5131
3918
149
6883
3916
3411
5133
5145
4560
3873
5146
5172
4781
6875
612
614
7057
4391
3026
114
4484
6877
4652
968
4676
6869
1689
6965
5437
4763
854
2371
2575
6193
5438
5458
6500
1682
5347
6951
2357
3564
869
2317
888
353
4738
1821
2545
6529
2507
5363
5362
4398
6907
6199
4731
2508
3601
2494
2546
6884
5354
4683
951
4747
340
4704
2556
2555
5388
1293
2551
4402
2548
58
4678
3646
284
4649
1939
7065
1943
1947
4566
1955
7054
5694
4016
1132
5826
1750
3847
3844
197
5668
4018
6381
4571
201
4006
4529
6285
6288
4462
1803
7086
4511
7082
3932
3890
1841
3919
5760
5758
5739
144
5726
5725
6337
1221
2297
4022
2030
5554
278
6463
3712
5523
76
5507
2239
6986
1269
1017
2258
1271
2271
2275
4642
2285
6974
1019
1108
6225
7008
4031
89
5843
3807
3806
2095
3779
4601
2173
232
5598
6421
1074
3771
3760
2151
4052
3752
239
4785
3599
540
1497
5056
2757
4898
5228
1373
467
3342
6725
5055
2835
2836
6663
5299
4867
3358
6662
5130
19
1441
5222
5241
6696
6140
4228
4938
570
694
3246
573
2787
696
6105
3083
771
3241
5255
498
3088
1421
6176
6142
577
4959
4902
3049
6096
6697
6168
6126
1393
2621
1464
5967
5043
6704
2912
5976
4810
1395
6833
3125
545
5213
2969
3463
3391
6121
1445
6185
3418
2608
2956
5175
3467
731
626
4837
6699
7126
3715
5562
273
4214
3805
6762
2083
541
1246
5264
2099
4630
5846
3729
7121
6987
1722
84
3728
85
7020
4051
6446
5593
4037
2174
2748
5595
724
1721
2761
6092
4054
20
5601
1250
225
5271
7046
6863
2066
1920
3910
3911
1409
1914
5728
2862
3915
140
1399
6260
1870
5811
5774
4523
5782
2888
4515
