6642
6646
6605
6649
6609
6650
6599
6645
182
6624
6628
6656
6651
6644
6630
6629
6607
6606
6604
6654
6608
1941
6623
187
188
6601
6611
6634
6602
5193
6596
6636
6640
6592
6597
6612
6647
6590
6633
6658
6591
6631
6648
6641
6659
6619
6603
6598
5190
6613
6610
6134
185
6616
6617
6635
6652
1945
1940
6653
6639
6643
6627
183
6621
6595
6637
189
180
6960
6593
2619
3087
6622
6638
6655
6632
2618
6657
6907
6618
2617
3414
3083
6600
6121
1948
6620
5197
1949
6967
5191
6615
6594
1946
186
3341
184
3759
4493
5198
5195
6625
3413
5389
289
196
6147
58
5963
5850
5852
2071
1239
3527
195
4639
989
6963
6808
6149
5533
6232
3750
3463
5347
597
3456
53
5199
5194
6410
4959
2991
1942
280
283
5291
3467
5427
1944
3712
147
786
1905
663
59
1801
3462
7121
50
7117
360
285
1014
2067
3402
284
2921
197
5149
1943
1253
520
3754
191
5967
6176
5659
116
5536
6919
3137
6168
4165
604
5814
6965
3543
558
3418
1974
986
3342
6690
4249
6141
2988
5345
6728
1802
1086
5491
6165
199
20
3344
1426
1504
5807
4007
4634
5650
377
2065
3453
181
1702
5146
4166
1704
6936
4630
3139
4161
2023
55
721
52
3464
3024
1427
1584
3857
6813
1351
3417
2538
158
64
4843
1947
1221
2885
5535
3756
1867
3089
3088
3064
4511
5953
4632
3755
4471
6091
4409
3817
1930
6626
3018
347
6142
282
4561
363
3752
6565
6143
548
3154
3153
5665
5538
5597
3217
6151
5532
2609
3317
3380
192
6816
3420
940
4785
6884
3601
120
4168
5148
1705
6917
5068
4012
5142
4016
4018
3458
4019
3459
4711
2621
5196
4659
4075
7131
5530
3564
3263
6148
2922
4046
3795
372
4564
6344
3959
5601
5436
4651
6705
5022
4786
4481
2536
4686
5145
6163
3140
4001
3461
3082
2848
6446
652
5796
1299
4930
5143
2844
3100
1480
5841
3221
2830
1323
3133
960
6660
150
2178
288
4992
3411
222
1088
6778
2601
4654
1399
1415
6238
4955
287
4291
4917
566
3525
6144
204
3585
2386
3259
2578
1589
4244
5425
4694
5000
6750
4458
563
1651
73
5101
5084
1884
2987
3067
4337
1886
6407
6203
2869
5817
4575
4045
6140
4956
3505
6368
7076
4576
6062
6284
1629
1234
1019
3501
3486
2222
6017
3799
1225
1010
2364
5961
459
4406
4993
5893
4938
7110
3570
3062
2353
6076
6236
542
5853
29
2436
3943
6985
5551
3671
3410
4207
5222
153
2604
2561
5587
3183
359
2517
362
2515
771
1441
3381
5341
1510
3222
276
6696
5470
6699
194
4248
5452
4245
843
3276
3958
3311
6725
6906
6845
1862
6424
6971
2850
1879
3460
6968
2841
4169
5732
5141
5144
2495
6915
6153
371
3451
3160
1022
556
4716
1678
1894
5406
5604
5421
5539
3081
5451
3086
4948
5167
5609
3558
6145
3238
3469
669
3468
982
4931
5494
5508
1882
667
1080
3575
5782
4991
5170
1935
1936
5066
3152
3450
665
5563
1610
5074
5226
6088
5229
4783
6092
3416
6095
3142
4995
3025
6111
5600
1859
3793
4572
3348
5330
3340
3319
5064
1636
6160
208
207
4391
198
193
454
4233
1455
6353
6349
461
2581
4205
1347
4413
4204
1350
2569
2943
2529
6912
1294
6987
2864
2620
1468
2062
3952
2064
2066
2779
2777
4294
356
4293
3946
334
324
274
2731
3942
237
1334
2630
6751
6420
6415
2429
1467
4480
4087
487
7098
9
3866
7123
1392
6260
4039
2986
1956
2395
4475
4086
25
3828
4253
1540
842
6687
4927
3232
5497
2710
5488
5458
5423
2297
5477
4043
5476
5474
1054
2637
2696
3256
1554
6722
3465
3970
5523
3148
2791
4068
1074
4081
6540
5655
4939
5644
1067
3167
4941
5591
4256
5590
5584
3184
4652
5558
4083
1083
4657
286
1061
2737
2091
2258
4261
352
3711
4243
2362
5028
3647
7065
2400
3424
6831
6837
4196
3485
6842
6858
135
4006
4795
4130
4167
6913
6918
1373
3638
3636
4148
6969
6986
981
4826
5097
5089
7003
6818
4706
1017
1132
4994
2416
3278
1768
6779
3297
1763
5356
3705
3528
1393
5344
2608
1566
201
4738
5003
4911
2606
3382
4837
5285
3405
2600
1310
2593
1670
7070
5256
7067
3666
3719
726
5976
467
3034
2931
6346
5948
3899
1908
1904
3900
6373
4362
5826
1292
432
6418
6421
2030
1296
3085
408
682
4583
3791
4586
5785
2835
3031
3110
6327
1988
525
6202
554
6221
559
6225
6227
4517
6133
6239
6125
2980
3851
3865
1939
1237
1265
590
6288
4453
1233
3002
4431
6323
6025
607
609
6016
1860
4566
4596
1301
3125
5738
5772
5753
4619
72
6937
3016
6941
1232
967
3455
2961
6577
2451
2949
5125
6981
6499
3161
6934
4033
595
6989
5099
6056
7000
4637
4816
2435
976
4160
791
4164
1348
1917
6585
5219
5979
5211
2774
1920
148
6582
4194
5605
2549
4163
4004
4788
133
1823
5169
4011
2498
1191
3801
5734
1926
2490
6321
4135
6578
6926
5062
5061
4918
392
4920
3541
1397
4477
5700
6222
6138
7122
3151
6206
4922
26
724
5695
551
1082
6195
2060
4484
2282
4937
528
3566
5
2272
6162
2985
3136
7115
6544
6063
374
5643
6066
2404
54
5707
4518
2970
5025
6263
6093
5024
5647
2228
3135
7090
3518
5008
4474
6122
4317
4914
1036
5703
6549
2982
4088
6231
2410
160
5752
1915
2036
703
3080
6403
3715
2131
4718
3918
209
4681
3124
6614
3915
2715
6489
5544
772
6427
4730
4287
4358
5335
1297
5245
5428
2657
341
6726
5804
3187
5815
6765
1880
4047
2122
847
2862
5394
2863
780
2124
2847
3185
4242
3268
2133
5503
1906
1914
2735
3099
3680
5595
5784
2842
5534
3794
1454
4655
272
1204
3415
906
3050
