5817
2885
6641
6649
5852
5782
188
5818
6608
6650
6643
6606
6634
1940
5785
6626
7110
1949
4493
6640
5816
6964
1651
6604
6642
6632
3028
6607
6639
6648
185
2538
3025
5812
6656
6630
4903
6636
3527
7117
721
6597
6645
1221
186
5850
6609
6599
6602
3459
187
1947
1948
6901
6605
6631
2619
6651
1945
182
3450
6603
6813
4901
6638
5644
6565
5854
1021
5801
2705
5772
5190
6590
3441
1608
1600
2600
1611
6654
2593
4281
2016
6629
138
6647
3461
5787
6624
936
3452
5315
5193
5815
2988
6413
6088
6810
6967
2618
6622
6595
5808
5802
432
2436
5858
1892
1803
6601
183
3877
6818
6611
5857
3414
6655
5551
467
3418
1028
6633
3463
6627
3467
1681
4011
1601
4491
2601
3444
3440
3417
4904
6598
1802
2183
2184
6267
6644
4294
6646
976
3068
5800
3259
4293
4674
6628
5336
5878
2617
4909
6658
3168
2609
231
1233
6412
4755
3420
5732
6205
3267
7023
2472
5149
2315
3458
2880
5584
3451
6610
2742
6621
5153
5879
2589
3462
1941
4475
786
3455
4665
4651
960
6659
3448
6553
1604
6881
1801
3447
6960
5611
180
6082
461
6592
5492
6718
4973
550
2536
6596
3426
5344
4738
7111
3559
3427
5626
5628
6637
6969
918
536
3410
726
5636
2332
3428
6076
3413
299
2927
5959
1025
359
6623
4972
3565
3260
5803
1946
4652
6722
2700
1943
1942
7114
2734
2739
6917
600
3457
4016
3924
3456
3926
6613
682
4741
3446
6625
6496
3156
3666
3872
6747
5991
6439
6653
940
843
4950
5557
2345
2123
6591
3424
6195
20
6619
2174
3801
64
5550
2185
184
4323
4848
324
2060
3415
3087
2711
354
4463
1022
831
5809
3132
531
3469
5788
3287
2189
3955
7002
189
3092
5775
6495
6652
2386
3051
5152
6717
5859
676
237
2535
2888
728
3922
3443
579
6941
5146
6666
2553
4692
4259
3425
5703
5498
3866
551
876
4968
2798
3024
6612
6322
6441
4671
3416
374
1723
6617
4953
5472
3453
4019
538
2181
2271
2586
6134
2588
2592
6085
6966
410
570
3806
1747
6202
3062
3064
4309
803
6780
3628
6586
3618
5648
462
6600
463
6618
6725
5667
1167
4873
5573
3890
7131
1128
3536
6714
2362
7139
6918
5531
5051
10
1026
3572
6996
4289
3744
349
347
1969
1944
1909
655
671
5380
5770
3756
688
3021
2833
713
5132
1655
4271
2452
4538
2303
764
4261
2981
5694
5148
5155
2915
6811
6026
2286
6029
2283
6689
3950
3954
6912
5022
5294
6446
6489
6498
4408
6585
1239
6593
871
885
6728
4422
913
6635
931
6712
938
5053
1036
4474
4472
1024
4291
2176
5024
6435
6883
2120
6137
4014
5258
2019
1980
6229
6231
660
1784
4160
697
1683
1679
720
1617
1607
769
4654
779
4288
5330
4465
3813
3663
5441
3050
3656
3263
5771
3804
2528
4721
2985
5510
3300
3422
3095
3566
3464
5841
3567
5366
4839
5494
2581
5630
5632
3898
2490
3794
2889
5807
3401
4863
5461
2541
263
2924
3235
4817
360
3750
3753
6327
6919
1121
6346
3341
6351
5414
6357
5013
2887
1132
5012
714
2799
6323
4074
5805
5507
3792
62
3523
1937
6228
2751
647
4829
1890
4826
4825
1867
935
1841
2769
6713
4419
1789
6301
5760
5171
4167
4172
6368
5577
5961
6522
4361
1353
4365
1301
5032
5089
5086
836
1273
3115
4401
5613
6620
3625
135
6745
5465
3222
3601
5479
5470
874
3220
3217
6511
6370
4351
5665
4735
7128
7127
2908
4235
754
3689
2975
4256
4746
767
4748
5020
5142
5141
3669
3027
110
3037
3654
3044
3281
6484
4492
3083
3278
6211
3216
6203
577
2324
3506
6909
2598
2604
2129
3928
3808
5941
4969
2105
2
1020
4462
5297
2456
2310
574
4460
5880
4961
553
4847
3949
2550
4659
5886
6895
2487
1054
2596
2170
6014
6012
2177
2369
3958
6995
5256
3894
1014
4060
611
474
4941
5814
4653
6686
3899
6200
2384
6687
5967
6932
1528
7099
6417
158
7061
3652
2984
1029
7121
2460
4668
2378
5689
3172
12
979
7057
6064
6794
1526
5885
5634
537
3291
3953
433
4283
5627
4287
977
435
768
3665
1208
3123
3915
828
5609
7084
134
464
5662
5335
6557
5331
3161
4395
3921
3142
6726
471
6577
3579
5072
195
3133
5647
6594
3108
1313
3099
4344
2327
4349
7094
6520
6000
453
3268
3916
5643
7090
5664
4661
6778
7122
119
1334
821
4494
1316
3507
901
5421
2945
3379
3802
4129
3419
2762
6278
598
3369
1809
1805
4718
5774
3803
1794
2630
5394
685
5399
6963
3809
4007
4166
6664
5823
6987
6657
4827
4974
6215
4978
5813
3411
4865
5243
6998
5794
4595
2017
948
6867
2018
2752
5237
2754
1084
6247
3387
5219
1893
2756
3800
6325
5197
2594
2122
5563
1640
5862
5565
4842
4843
3975
6375
2188
556
5717
26
2920
2930
4541
7145
6390
4677
5873
1565
568
2886
1793
4558
6667
2830
6342
2849
3981
2851
4557
5058
1702
1669
4178
279
1734
2829
3316
5487
3423
5523
3346
3500
3398
5554
3368
6685
1100
3370
3460
5564
1045
4435
3528
3230
1083
4453
3381
5497
3237
5504
1061
3391
3358
3902
5474
2597
4000
3812
5848
5291
3807
2061
6181
6199
3799
2015
6087
5810
1964
5793
2699
2703
2710
3781
2746
1918
1908
4101
2759
1967
6253
2171
3817
3906
2380
2372
2370
2368
3893
2422
3878
5922
2331
2323
2172
5325
6017
5889
3849
2275
6034
5884
5877
2212
6084
2551
2552
6016
6255
2760
5213
3060
3065
3066
3067
5101
6508
1355
4366
1339
6545
1304
3031
1300
6580
5659
6584
5452
6588
1237
1234
3160
3165
5640
5467
6573
2996
1527
2980
4125
4127
1849
1847
1810
5199
3754
3752
6328
1726
1700
1682
2869
2884
5175
1644
6361
3712
3711
