5168
4485
1066
1064
69
1068
1065
6556
6551
1150
6320
5966
4776
1074
3171
5163
946
1919
5928
6550
219
5927
5156
213
1069
501
4775
3401
6069
5420
5169
5953
6717
5070
1916
5160
2373
5164
2000
6448
5166
6866
6559
202
3072
2997
2990
365
4777
3068
6252
3885
2994
7110
2996
5459
4519
2833
2992
132
4624
2161
6445
1911
4233
6443
3169
64
3077
6256
4069
6948
5446
707
6447
1917
2937
2999
6554
5636
3071
4060
629
5955
1072
680
713
6339
457
468
281
1608
6868
70
7144
1976
7156
1062
6378
5336
6944
3731
6242
5167
3431
5165
625
6860
4444
2822
460
3243
406
689
6902
5033
4774
3727
681
4080
6247
6464
4917
4220
4062
2875
687
5553
4063
2001
51
2832
6759
533
2312
2310
535
2719
6940
2656
6754
6901
6439
759
5323
6249
6250
674
6456
7091
3103
1346
5654
3747
135
6253
5568
3886
6949
6927
7109
5189
3308
6073
4475
4478
1604
623
3737
6432
1915
6979
3164
6941
2985
436
6322
1517
673
6241
4512
6437
5447
374
6377
6277
685
3488
1693
5501
676
6222
5428
3504
3483
4280
679
63
3244
1151
678
265
6976
2991
2482
1482
3114
5780
6301
455
56
2981
3945
6915
6919
4609
6911
6338
4603
6340
6938
1207
5490
2257
2921
746
6442
310
6061
6848
303
6058
6904
2246
5467
5326
1927
5502
1102
4010
3740
1091
6455
1128
2826
2870
902
5889
823
3736
2015
2835
7107
3733
206
6268
4517
57
743
3070
5449
5762
316
1668
198
5050
6507
5186
6864
3811
3245
451
6110
1848
5962
3248
391
458
4111
4113
4350
6409
6298
4888
3942
2838
1095
6100
1229
4562
3061
7117
725
1220
1024
5581
5162
3748
1377
6033
1124
2995
1910
790
2191
6050
6576
3739
6760
6843
3735
3734
5441
3438
2986
1472
6296
6580
4101
1063
2895
2740
5830
6276
4735
1622
6230
4561
2098
6714
5672
4555
3481
1223
5442
2168
6533
5005
3568
2592
5469
2091
230
6497
2070
1240
463
3738
6380
3480
6916
3160
5454
327
6025
1490
2871
16
1673
4861
2772
3685
3241
820
4860
826
621
7019
2155
2768
3651
5444
5920
2644
3435
2159
2241
2662
512
1374
299
6324
4691
136
6924
6234
6694
1611
7048
4702
2998
4606
6434
6090
7113
6299
6251
5226
5786
6441
672
1876
4882
5210
2503
6762
5308
6449
4472
4030
2475
438
6767
615
3440
1914
5177
624
4037
5777
598
452
5392
588
6260
5121
3345
6257
1440
543
5301
2660
1375
6829
4039
6444
1434
1060
435
3728
5727
4781
915
1968
4771
4238
1621
3162
6436
3730
3656
2763
437
302
4285
4709
1176
6066
315
317
745
2764
913
2164
3749
886
2074
3873
3882
3859
870
1070
2873
5952
1076
2082
2851
4970
2097
6546
7105
2016
5649
1098
2130
3896
825
204
6937
5534
6946
742
6908
2731
706
329
4661
4858
1516
6715
392
716
393
1224
5463
1228
4057
1933
1494
5455
6881
4420
395
360
2771
1544
6520
4324
4703
6321
2748
1263
3060
3001
6379
688
6396
683
943
898
3309
747
4607
956
6307
6522
6337
4604
4825
3018
3019
6306
5080
3065
2743
4712
3217
4854
6496
5114
3215
1160
2820
3110
4881
2575
6310
5032
5092
2823
6370
6708
6309
1025
1016
727
6558
834
4901
3066
1127
702
4893
4534
6096
6917
6922
4328
6930
5535
3638
6059
6942
6947
2236
1585
5559
4252
4250
6913
2192
5493
3587
6158
456
431
1475
4400
4383
5457
2349
4362
402
4361
397
6903
379
3580
3588
6869
6975
3710
2075
5929
5921
5693
5910
5705
4074
73
5745
4070
1939
1937
34
5829
7164
5940
1625
3860
1696
5598
3725
7004
3743
3745
3746
7017
1653
1658
6001
4188
196
5987
1692
1695
7093
473
1629
527
2437
3465
3386
5325
5344
1438
547
4470
4513
2471
4459
2478
3390
2530
6244
549
4487
6221
1413
3063
7059
5950
4129
6526
7090
6528
1363
5679
1697
3043
7069
1698
5977
5975
3829
7057
6395
4964
5958
1096
2083
2837
5647
3732
2821
1382
4480
7012
1123
4219
6769
3091
1650
4979
4799
3079
2611
3076
6002
4211
1376
3073
4489
5187
4501
5635
5988
6557
5642
5268
5983
2120
5979
4819
1107
6778
7140
4053
6473
5773
952
3947
2564
1921
6446
958
7158
2960
961
52
1870
7161
1872
6450
5781
969
6453
987
985
5783
1898
975
1896
4894
12
2922
5846
4908
4823
2595
6006
124
119
2062
3017
2890
5912
1036
2042
4514
2014
2011
5720
5894
7119
6502
3991
1990
6498
5872
3914
6254
1828
1956
6785
4067
4064
3858
2071
942
6009
3466
6093
1498
2290
6923
4694
2286
6115
5509
4343
6934
5329
3633
5328
430
2247
6271
4710
2243
1411
1171
3212
5360
1280
3581
5067
5486
4349
979
4456
3589
369
3566
5464
4666
1524
6912
5498
6098
2341
6707
4331
403
2762
6078
6197
6719
461
2194
3158
6297
3700
1155
5418
6137
4773
2502
3714
2680
1140
2417
5612
248
1135
2666
3484
5433
1153
441
506
446
5570
4442
6352
6040
614
2563
5438
1824
6190
5439
2420
1979
1810
5880
1222
2683
2671
6159
1987
5831
4896
6274
1983
1225
2688
1019
1003
1268
1496
6272
6438
1932
5458
1271
5839
5838
1013
2577
5749
1014
2345
2661
6157
5096
6127
1227
6440
1827
5341
2865
4911
1552
6075
2596
1688
1293
2123
2836
5284
2138
5554
1665
5558
1605
1656
2470
2158
1609
1642
2167
1125
1146
5031
1386
5520
5587
1120
6373
6248
2825
1388
2418
1121
2537
2105
6386
1026
4916
2733
1416
4943
2739
6227
5918
1758
2055
2058
5922
1199
2817
5925
1531
2741
5507
6335
5959
6331
2081
6328
5333
1410
2295
5158
1314
1067
5944
5941
1071
5118
7169
6459
4597
3318
4577
4575
4571
