6667
3803
3804
6666
6662
3807
3808
3801
6664
3800
3802
3805
3809
3806
846
4116
39
30
4968
339
6727
6823
2233
7030
4873
578
1432
5059
6684
1250
3099
6057
2415
6660
1994
575
3380
1964
6046
2124
5094
841
4479
7098
6668
6665
1845
2852
2212
2129
6047
2850
45
6699
7165
2552
6888
6285
3571
2793
1397
579
650
5046
6585
849
2125
6800
4526
885
5381
6261
3915
3141
1717
1436
373
1334
2010
1335
5899
7137
2460
4810
1390
6669
6199
2235
5753
4419
3903
918
883
3878
4473
6757
1965
1799
6701
6686
5759
1647
1711
1718
92
1537
5595
309
5756
6790
2410
2126
4484
1607
3239
847
3645
1679
3911
4668
1504
4736
3933
5035
3117
1823
1730
6048
4862
36
692
436
2549
6751
572
5399
2864
2862
2674
6728
2237
5369
5036
1439
5709
1430
6830
95
5310
1395
5897
3237
574
5997
5318
1609
4950
2867
2797
4635
7035
1846
6706
1862
5683
5485
3543
93
257
6511
2568
1546
1667
3718
6547
494
3703
5141
836
1692
5018
576
3711
3716
5969
1713
844
266
639
4415
2360
5058
2785
248
5331
1305
1299
1722
3194
1735
1738
6070
3362
88
6067
3303
4414
6052
5935
2861
5751
3266
6049
1843
4794
3819
618
2228
2127
1997
1022
2401
2122
182
5611
7039
6794
1218
2709
2052
4403
4522
6304
6778
2526
41
5643
6270
3918
1924
3517
5509
5679
4928
3712
3788
2545
3309
662
2649
842
6687
5964
698
1509
6599
1525
6653
6696
310
2593
2560
800
4683
3356
6663
1206
5298
1197
6105
6846
6697
2790
5286
3368
6682
6312
573
6330
1394
6374
1010
347
3599
993
7162
6439
4125
1435
5282
3687
6517
81
5324
590
2436
2139
6986
2936
5588
1731
7032
2869
2249
4227
5640
4108
1999
5056
1789
7041
187
5758
5613
2868
3216
2413
276
1646
7114
2972
5682
147
2375
4997
2112
3998
98
7031
2275
5585
2865
2860
5617
433
5471
1922
3785
430
3579
2152
26
6839
4204
2174
3916
2178
4665
7152
1175
659
6267
3507
7094
4611
2496
6825
6688
5280
6572
3694
871
6805
6502
3729
3720
5000
145
2120
2542
2118
7069
2813
5615
4385
5593
995
2411
5024
4472
140
2569
4521
6824
2014
2019
141
28
6451
5594
4557
3923
6732
1392
1519
4878
2216
2708
6063
233
4866
6053
2796
3142
2117
2889
7009
1399
1734
4408
5425
2232
341
3361
2794
3306
6043
5214
2795
3354
3828
5074
1433
1737
1776
3378
5954
5154
5466
5345
6141
3238
4170
4803
1320
3813
2283
2359
2675
5885
1262
1853
1888
370
6195
3116
2462
2581
1545
651
6893
1336
4739
4178
2715
5082
6680
807
6561
3719
5176
3723
6681
2321
2320
5140
2140
2912
6655
2179
2895
3812
2551
2726
2550
6648
2211
2371
6643
2173
695
2932
2372
3780
4445
2231
6591
758
3821
6638
3713
1613
2115
3175
4851
4864
1787
5761
4877
1369
6072
1842
3358
3395
3405
4905
3407
6132
1883
6142
1293
2784
6198
1850
5693
1747
5325
5907
5896
1605
1644
4801
4795
5938
3230
1541
1739
3223
5857
1530
1687
1688
1690
5984
5986
3341
1437
1540
6525
2799
5687
3617
3641
4975
935
4532
4990
6488
5590
4506
3601
3697
4994
3710
2758
2524
848
2965
5003
5004
2953
3701
4669
991
4567
6224
1200
4653
1928
1167
5678
5676
5670
4935
6386
3533
2422
1093
6327
1063
6355
5285
1054
6363
4571
1976
6387
5178
4386
4361
7044
7007
6704
4409
304
194
3960
4130
197
4228
146
3939
3935
143
7108
188
105
6985
371
186
7116
570
4215
577
80
183
3875
4329
6976
351
4115
6984
835
5510
324
484
2175
840
3917
3706
3308
4504
4661
5960
1522
3684
6852
5589
1174
4200
1194
2176
114
4077
6204
6758
2354
2352
5361
2340
5072
2851
2853
6045
2854
1409
2296
6040
4349
1217
2863
504
2866
1434
6867
3866
5053
3337
812
6862
3715
5039
4666
832
315
184
3012
5707
3516
4907
1872
4355
1577
4890
6384
5932
4871
6372
5752
1809
3574
413
5775
4848
3537
5881
1103
3213
1694
6329
994
1710
1082
1080
1716
3261
3263
4836
270
911
6390
5701
314
4974
2018
5612
3662
5348
4721
1992
1535
1538
3648
195
5646
5647
3642
4782
1543
5700
3081
4918
3073
3072
3619
5702
3070
4925
4042
4548
1560
6427
4541
6264
6051
1630
2378
6636
31
1241
1239
6630
4437
2668
6628
2706
4407
2660
4705
4111
2425
7138
722
550
2664
6192
2754
374
2535
6652
3931
690
37
7151
2553
4725
7157
1337
6191
2543
4444
46
2756
2655
2419
571
3827
2692
598
4413
614
589
6614
2811
2819
2662
5137
4220
4549
2563
1725
1927
4591
5941
6421
212
971
5256
1
2582
4619
3618
6826
1304
6722
7026
981
583
4796
13
5138
6729
1689
5132
6650
4805
4966
4353
603
5347
6741
4253
1986
4311
3508
3835
4535
1967
4400
4594
1719
4927
2724
1549
3513
6731
6130
3531
1071
1161
945
944
1539
1960
3260
5266
5148
4576
1132
6379
1020
11
227
1295
4874
5735
3901
4016
4867
3138
236
5745
4239
1847
1033
6357
7168
4638
4627
5824
5925
1798
3147
1044
431
3148
4578
2659
4354
300
4401
1134
4861
2605
3090
5705
3432
6831
3930
4404
215
4225
2613
5790
1146
5230
1879
224
1877
4900
1760
2712
4621
5221
3817
5726
4632
4800
6884
6383
1014
4032
1849
1874
6140
2512
3404
6777
6943
2217
2218
4114
7132
6084
2230
803
113
110
1438
517
1212
6625
6779
4112
7101
4667
6323
4071
6634
3786
2177
4191
6089
7139
5041
4318
6225
2907
6540
3334
5994
1451
3877
3725
6622
5373
3366
2391
2832
2815
2817
2355
5355
2358
5354
4467
71
2379
6928
6601
2400
333
2407
6610
4325
4748
6618
5332
