6666
3807
3809
3805
3803
3804
3808
3801
3802
3806
6662
3800
6664
6667
4116
1250
39
6585
30
3099
2852
2549
5899
6261
3380
7098
576
1647
2233
4873
1799
6669
2415
36
5399
846
6195
5094
3911
2460
6684
6727
2550
4810
1537
5059
2552
6199
2413
6830
6668
4968
4479
6589
6665
885
3378
6751
2118
5036
1336
2411
4736
3303
1735
1167
2275
6374
3543
1200
883
2545
2867
5012
1964
7116
5984
3935
1845
1713
2907
4535
5266
7165
1725
1718
1711
4531
4550
6572
324
5331
3081
6049
3828
3729
4541
1335
572
1334
1717
4537
314
5935
339
650
2581
6794
1519
6046
6048
1504
4668
1722
6660
659
4413
6067
7137
3138
215
4130
3356
3309
3371
4473
3373
6383
35
362
6984
1635
6599
3508
6985
5298
1965
4729
6357
5964
98
3712
6105
1994
4748
7139
1667
7041
2593
4759
1692
3090
2815
2119
4829
6706
3377
3903
6089
7030
266
6790
1730
1734
6800
847
1679
2988
5258
1843
4504
3662
1607
5381
217
2465
873
2862
4539
4618
233
6852
2877
2839
3117
6477
309
6304
277
4324
5968
4526
6267
3495
6628
841
3922
1436
3915
3372
2754
1538
4721
6063
5035
5699
3213
1405
3266
2709
6042
2019
579
2152
2175
1923
550
5480
3354
7099
2052
182
4472
6070
5256
4361
2345
5325
2112
5955
5772
3878
3358
1731
4362
1689
5171
2015
2276
96
590
3951
2151
5355
6047
3375
6846
4538
6819
3010
2965
13
4506
2670
3370
11
5907
6626
4416
4874
1432
3913
6823
4534
4386
1485
6701
5310
4419
639
6379
6704
5230
2551
187
5985
575
574
5004
875
1206
2235
6355
5725
147
5415
5997
6986
6650
1546
5790
7007
1928
4191
6757
212
5485
2834
3812
6330
6014
5467
5063
4667
5032
5687
5114
116
4741
5373
5897
3533
5683
1197
5682
2546
5046
2010
4871
515
1995
2133
690
994
892
5058
6893
4815
5247
1929
5251
3072
899
3359
6836
504
3240
5002
7038
835
4907
4665
3248
3507
3118
699
6862
2116
2111
430
3517
618
3379
3376
4542
2117
5787
4827
792
5894
1980
871
3509
436
4611
437
2228
4980
4803
3575
2178
4928
6619
649
3516
1997
3355
5466
1208
2706
4014
2879
2591
2762
1577
3706
6636
1195
6778
1528
4058
1529
1320
6358
2410
2553
1323
107
140
5681
6732
2419
1337
6356
1558
270
2889
6647
4141
4138
5720
4437
1751
3918
5624
6057
28
15
1724
3916
4194
2486
37
4463
3933
4197
5611
4144
4147
373
7094
3813
2853
4723
7127
194
5698
2207
4727
1909
6888
836
2489
3493
3490
4669
3463
5805
1569
2760
800
4115
4711
6747
5502
4682
3148
4735
105
3217
1496
4950
6686
638
45
1430
4837
6559
1437
6207
6369
695
4864
18
655
17
4877
5640
2056
3357
6386
3216
3267
5591
5531
4738
578
582
111
4180
3405
2726
1999
2603
5851
2568
1525
2129
6721
1518
5675
1390
5584
4015
6573
1609
5297
5941
5351
1846
5944
3701
6643
1862
2936
268
1183
5759
5132
6618
3703
6951
5896
2375
1189
5948
5377
4282
5342
2299
4549
6511
935
6312
3711
3599
5333
4567
5178
1688
2212
6811
5176
4568
4365
3716
1842
4228
6610
4222
6627
7008
371
6602
253
5722
4627
1886
5437
5282
1739
1644
5385
2850
5284
2869
2362
3500
2868
5785
1646
4620
5286
2832
353
4813
1468
3593
1502
4548
6571
1447
3931
6630
1399
1392
4809
1449
4403
1442
4474
5936
1433
4415
4484
1809
6060
3684
1409
1776
4478
5946
4367
4004
4444
4009
722
3957
3923
4823
849
1535
1520
3759
3832
5890
6740
6583
6742
1204
3819
4701
4140
6649
1218
6104
1636
6659
4157
6629
832
4666
6764
1262
1888
4637
3503
4178
6597
4195
789
3833
3544
6723
4050
4557
3389
1823
933
4794
4782
931
1526
6728
6792
6608
4283
6192
911
1545
4091
6088
4740
6578
3724
3726
6152
1560
4732
1326
6141
1772
2018
2708
3194
211
5429
6451
2851
2711
2861
2176
2989
2340
2863
5393
7138
2174
377
3210
2864
2342
370
2346
5000
2144
5283
5371
273
2896
3093
2134
5798
5794
3094
5700
2756
141
2526
5509
5505
5702
5696
5775
7009
5774
5796
2785
3136
2288
5707
5689
7134
5082
3142
7053
5200
518
3155
2308
6270
2360
5701
6204
5620
5293
2674
5290
3300
5336
5348
2655
5647
32
651
2626
3264
3263
31
5345
5305
2401
4974
3350
2124
2083
5487
2799
1687
2927
5475
197
3013
6663
4366
1261
4369
1156
4374
183
6658
1606
4289
6012
4533
186
1605
323
5339
5465
5190
2932
4354
6798
5966
2270
3066
300
1847
3571
1850
5507
6639
4311
3709
4318
5141
2908
3084
2271
297
4125
1841
1690
3718
6142
4139
298
2769
7168
3818
2278
3705
7044
1837
3713
4131
159
916
2319
349
6439
257
1747
2347
1750
4400
4441
3666
6301
1756
6633
3723
4446
1760
6632
5989
3631
2436
3671
3689
6300
2972
276
5980
3742
6634
3685
4253
1063
2895
5986
2348
6826
2898
2865
6130
4467
2900
2860
5914
997
4215
6136
5299
6622
6140
3798
5354
4198
4520
1094
1796
3788
5726
6132
2422
1023
376
1020
6459
4471
1719
5729
6816
5261
1010
4224
239
6648
1778
5450
2976
6741
4329
6547
3460
2177
4795
76
3209
1515
3906
807
6171
5676
2128
44
1482
5613
5037
6588
2115
34
6208
6895
6205
6928
1523
711
1369
591
5628
3304
1527
619
3875
1509
2139
3404
6711
4994
6710
6072
6193
4990
1979
6224
573
2604
5003
3395
3223
4988
4734
776
553
4779
2613
5134
5670
4724
7141
5667
5018
1967
6189
2596
3879
3890
5588
92
5625
5694
6561
1549
3366
2659
5693
2244
7132
2048
16
6601
5096
6525
1
3926
494
5105
5110
6605
869
4621
6943
2236
3944
6696
