6661
3718
2869
3715
6986
3705
6665
2863
3716
3704
3711
3710
6663
3708
6660
6981
2865
3703
3713
2867
95
2868
3709
2862
2861
3570
2864
7030
3712
6669
4551
3714
6668
3722
690
5599
7035
3701
6987
3537
5751
1539
2047
5759
3702
517
3327
4523
5386
6554
3571
7113
3988
695
1680
1295
3321
2041
6988
4548
784
7039
4557
3361
4437
1962
5756
5752
3322
813
3380
7074
5753
3304
3631
456
6245
1587
5676
416
5387
4221
1482
5354
694
2603
5487
2126
693
692
6546
452
3706
5384
2237
887
614
3634
4504
3969
2708
2676
2042
6989
5919
2118
2127
5691
3324
3308
816
1529
6240
2894
6732
1350
1535
787
6719
3276
3320
7032
7112
5670
1020
4235
4225
2140
7034
1166
2958
2263
2319
800
349
1967
2235
1562
1274
1290
5754
5262
1439
929
5997
4867
5706
5758
5273
426
3574
1423
5717
389
3630
3717
7036
4761
3323
1164
5769
3672
4744
4541
812
846
4507
3326
4276
5390
3632
4764
6672
1898
781
5237
3985
2044
5162
5960
5152
5580
7073
3337
3303
2660
4840
5595
4350
697
1863
2709
3274
7138
2442
1169
2008
5270
5445
5687
3395
2741
5265
3309
2727
3265
5597
5118
2673
5388
2903
5114
6850
6911
3533
6846
5653
5233
6980
2217
5750
1895
696
6738
710
1814
6151
726
4090
7096
1559
782
1531
1530
4772
6027
1508
1466
818
827
7136
829
848
1302
1301
6431
4436
1196
1193
1168
4506
4273
1961
5287
4935
2266
5843
2211
3850
7047
3854
2262
3855
7029
7017
2043
337
1963
553
3930
1163
2264
928
2269
847
6839
3039
2533
2311
5367
5800
1165
3091
6432
3124
994
885
1024
2328
6568
6520
3046
6444
1489
2626
6003
6054
691
952
6872
2782
6083
659
6103
2854
644
721
2125
387
5697
1671
1568
2146
5899
411
2643
2899
1521
399
488
1498
2711
804
1710
6164
5594
7020
3776
3332
314
7098
84
3622
7137
5087
4666
4210
3858
4355
3811
4434
5235
4443
4542
4023
4035
4543
7090
1934
2214
2046
6779
2129
6752
3851
2033
6771
3932
5886
2093
3719
5537
5553
3398
6865
2725
2669
2662
2276
2661
3538
2598
218
2446
6818
3606
6741
2621
3986
1797
7072
6680
1308
845
1304
853
4664
4619
4307
7139
4573
4545
4544
1099
6539
917
1045
4431
824
1430
4305
4012
698
6107
3368
6132
4830
6230
1616
1613
6249
6250
1571
1537
4165
4765
6294
4712
688
3358
944
3269
3195
2870
6895
5435
3329
5236
420
2875
2874
6928
351
2956
5490
5316
5230
2449
6946
5702
5911
3593
821
2131
6092
5699
1865
2475
1411
1298
3146
3144
5366
3859
5271
6073
6397
4668
2510
1344
4344
5689
2469
516
3923
2866
4211
568
1588
2188
3073
2193
2196
7087
1765
3724
6243
2268
4835
2232
1738
4998
5506
3101
4799
7094
1297
4059
1504
3842
3300
6259
4155
6115
788
4782
4789
4790
4135
6257
2341
3047
4879
6664
140
4540
2754
3974
2749
413
3213
911
5202
910
454
5188
6948
3539
7061
2732
5574
461
2017
4907
419
667
418
425
384
4527
4505
2851
2844
2822
6753
4501
2808
924
4500
2014
3439
1723
4954
2657
685
1145
4432
3526
1275
2084
3532
2616
5629
2877
6060
6889
5443
2573
1249
2080
4439
3989
6927
22
2666
1194
6742
6026
5952
3882
3510
3962
1728
4895
1798
6012
383
382
4874
7076
3057
5437
4844
711
1855
1811
6119
3055
1760
5439
4714
6184
45
42
861
1296
4400
1291
5359
6662
1270
6454
6466
884
1199
4445
4468
4469
21
963
986
991
4503
1031
3215
4667
6558
914
1128
1137
1142
1161
4547
3214
1307
6938
3260
1579
92
6246
4115
755
754
3078
5410
5256
1642
5411
4812
5414
1688
1614
6178
1567
3098
820
814
313
6313
6312
6302
6253
6301
4175
6701
1525
6916
4780
1532
4188
3926
3001
5990
5037
3626
2250
474
2906
3334
2233
2394
3604
2257
2695
6965
5182
2168
2571
5184
3330
2163
6985
6823
468
2260
2926
5005
178
176
171
2599
569
3530
2634
2563
2305
7021
6962
2299
2297
2287
239
5109
5497
7018
2871
5656
5657
2148
5576
2567
6759
2815
6754
2772
2109
5564
3335
2447
2086
5222
2531
6878
3391
2797
3889
3886
6831
5086
3862
5227
3849
527
5909
6777
2965
2740
529
5204
5079
5989
6772
539
2128
2045
5360
6326
6336
6365
1407
2557
2566
5666
5381
6404
5372
3552
2535
6403
4349
1305
2878
6384
3131
1303
5085
1347
5276
3548
2542
3582
4663
1984
2664
3248
5579
1119
5575
3205
5312
2747
2750
5245
1057
1055
1047
3396
2785
5550
3394
4526
3384
984
969
965
961
958
957
6499
2580
1152
2697
5615
5281
3524
3172
1255
6443
5116
6446
6450
6453
6320
3336
2674
4444
2675
3484
3482
5170
1188
6477
6494
3454
4546
5181
4316
3100
2882
1832
6106
3837
4064
4067
3822
2165
2166
6123
2183
2199
4033
2203
4983
1751
2213
6162
5879
6165
1735
3778
5855
4832
1701
4839
5431
5471
4017
1978
5995
1966
1993
3921
2012
5965
4945
3892
6020
6022
2979
3979
1906
3984
3003
5949
1894
3235
6064
2104
3871
2121
3325
4871
6179
5696
1699
3737
5755
3653
3611
4769
6267
2425
5708
2429
3602
4251
6299
6258
2433
2441
2444
4710
5704
4705
4302
1436
3108
3266
1426
1425
1460
2381
3699
3092
3731
4113
6241
6242
3728
5833
2286
1612
2288
5811
3077
2306
4123
1582
6252
1577
2326
5781
4794
1555
1550
1545
1538
3290
1536
1659
5307
2261
789
41
6862
615
7033
571
6740
7134
585
810
681
7025
723
386
395
7050
7002
882
598
786
6785
7011
617
415
412
6746
6813
350
841
25
480
736
160
296
6949
734
162
6857
6859
6982
6824
543
6820
783
163
2625
