6662
6666
6664
6667
3803
3804
3808
3801
3805
3807
3800
3809
3802
3806
6665
4116
3099
39
6585
2864
7098
846
6668
95
5059
6355
1799
6669
2868
885
5899
339
2861
6660
3303
2863
1250
883
3641
2867
3716
3718
30
2460
6046
4968
2865
4620
1537
3309
6830
6663
1432
1390
3380
3712
2235
2869
1809
4668
4551
3694
5036
4803
3645
4548
1436
2415
7094
2233
2129
4386
2552
3713
3711
1965
3710
3705
6986
3533
7030
3703
4873
1647
1527
1394
1725
1731
1430
5310
1206
2852
1862
1519
2708
3715
2706
6862
5046
3724
5058
7038
5399
1392
7137
1538
2549
2232
6800
6778
5787
2118
3706
1735
309
3072
4504
2010
662
6105
3709
6224
5676
1044
2568
5857
5759
5709
5687
4627
2422
5502
1789
4550
4741
6684
1689
6727
1646
2119
4867
1482
6846
4567
3878
1435
6439
5670
1964
6199
2936
7139
7031
2659
3418
3701
6261
5381
2794
3266
2401
1730
3911
1335
4557
2819
6000
5384
6390
3141
4077
994
2228
2205
3194
5681
2237
1103
4437
3537
2709
2019
4111
3142
314
4086
217
1399
4542
5702
1526
5094
1679
3081
3643
4840
1717
1504
6088
3308
3593
5053
1737
650
3332
3684
6572
6583
690
4721
2884
4874
1687
45
4473
2202
6779
576
6777
470
2041
2043
6757
5527
5531
5487
6374
4669
1994
1845
1796
1395
2850
6661
3404
1437
35
4748
5265
2207
4535
4534
4531
6686
5018
1967
4506
1713
4810
6701
2793
6704
1692
6706
3260
6379
4436
7041
2613
6823
2249
3543
5997
695
4130
800
3875
2299
3571
6136
2700
2550
7165
6132
6285
5984
7154
3138
6047
844
1010
7035
7168
639
3704
5725
6985
6811
2238
3915
2526
722
5331
5002
4804
4541
4540
3355
4539
4537
1962
7033
4782
1520
2411
2496
1699
6502
4526
2851
1459
1433
1888
373
1894
4572
3544
2949
6057
4661
7099
1397
3916
36
6083
5152
3350
5082
6893
1347
2674
2862
2535
3574
873
1772
841
6732
6598
7151
6597
5686
2899
2754
5609
6742
5611
2889
5646
2124
3517
6751
2125
2127
6589
5752
2988
2189
248
2893
4918
4120
5703
4878
871
659
3263
324
5885
5720
4500
5701
4486
6794
5696
3642
1543
3495
2792
1548
1195
436
3648
6141
4935
4941
4939
6573
3304
6535
4994
5023
5004
2903
1539
6130
44
6124
1525
5037
1020
5256
1438
922
929
5772
5415
5456
1167
5485
3148
603
5521
5523
1197
5525
5566
5590
5613
1063
5678
5735
5683
5685
5693
991
590
6301
914
11
6383
6226
2927
2932
2934
6014
6004
5096
6454
2946
5141
5230
2958
5986
5270
5282
3269
6396
5342
5985
5980
5969
1230
6239
1225
848
3066
1609
3090
3405
4508
2362
2372
2797
4545
351
3432
4549
215
3409
6699
3407
1928
6844
266
3935
4559
81
3930
2825
6856
2705
2815
2413
4503
310
2212
3480
257
2187
6759
2218
253
2231
3531
4318
7076
2781
4354
6741
4361
2075
457
98
230
4081
2790
2321
2236
3538
2210
3601
426
4861
4846
1667
3599
1680
1718
2670
1711
6951
2551
3725
1688
3855
4800
3335
4808
3780
3788
3334
6972
3854
6976
4667
3358
7114
1825
3671
1798
7032
3356
6888
2307
2289
4138
3172
6182
4147
3708
4197
5751
2216
3649
2655
6195
2701
5887
4085
2486
3579
5960
2707
5942
784
783
2675
3117
847
6048
3070
2308
6051
849
6053
5935
3729
2542
876
3969
2360
3974
2340
4067
6092
3768
4907
4385
2204
1734
1738
4793
4769
1773
3300
4740
2877
4705
1823
5115
4666
4665
1396
1843
1858
4701
3337
5035
1724
3326
4871
1628
1630
4862
1640
4980
1561
1558
4832
3322
1686
1529
1694
1513
1722
1723
2839
4564
5153
5200
4444
3257
2052
4407
4355
2111
2785
5647
2756
2133
3248
4226
4223
2188
2200
3213
4206
2017
4204
5466
1187
5210
3406
1336
1334
5245
3431
4543
2795
1249
672
1984
4505
1218
4501
1995
4479
4477
2016
2581
1545
585
663
7157
7138
6790
7064
7090
37
6435
618
6398
182
6270
572
598
7014
614
7069
28
233
370
5
74
390
6981
6356
6262
7059
6304
579
6382
6267
508
7039
4115
6827
4801
4807
4805
2275
2284
4125
5465
1732
5886
239
4139
1760
4165
4746
6294
7131
5457
4108
4071
2303
1644
1212
4847
4845
3903
7141
2400
3913
3189
1200
212
3939
7108
7159
553
5922
1684
2304
231
6832
3333
5896
7116
5437
5897
5432
1183
875
6370
1695
5907
2319
5829
4682
7132
2128
993
4547
5729
5726
4544
349
3321
3320
5640
2100
293
4532
1012
4529
4520
4370
2025
2015
3305
303
6721
6327
5597
4431
2048
1986
298
5675
297
4374
2047
13
4311
2140
4653
4658
6786
5805
1849
1847
2198
2215
6650
4700
935
4708
4711
4729
4664
1146
5785
5776
5750
6312
363
2928
2931
4227
6198
5564
4222
3173
964
2180
2182
1883
1886
3869
5175
1676
758
3689
2593
147
1451
1530
6984
6973
6547
5318
2724
1540
5063
2560
5324
5325
1274
105
2545
2688
1546
5075
3479
5341
3745
6171
3368
3687
2599
3675
5259
5266
7037
1485
3010
5274
7026
6517
2832
494
3395
5019
3209
1510
5284
5286
6525
7008
2834
1518
2712
6532
5056
6433
2860
1
6399
3760
6005
2739
6511
5380
5089
517
3851
1353
3437
4905
1632
2464
3223
6580
3763
4877
6884
4876
3850
5373
5377
92
3265
6588
3818
5966
806
5355
5155
6493
3766
4975
1571
3478
2508
4950
2799
539
4938
4868
3798
4864
2436
5132
5354
3790
2014
3150
5599
1923
4554
5202
5039
5595
3210
5247
3239
341
1391
1337
4522
5076
3158
1449
5064
2989
4516
5083
1082
5085
1978
5120
4546
5617
5615
5679
6715
6344
2924
356
3238
4484
315
6451
1636
3169
422
1262
1560
6567
4951
4937
4931
4925
4809
3025
