6666
3803
3807
3809
3805
3804
3801
3808
3802
6667
3806
3800
6662
6664
4116
39
30
6585
1250
2415
3099
846
5899
6261
4968
2852
1647
6684
4873
2549
1717
339
6668
6195
6665
4479
2552
1713
3935
5059
6199
3543
1799
4810
6727
576
6046
3081
5036
4736
1504
572
6057
5094
2460
6706
7116
695
3903
5325
1537
883
98
3309
2593
578
3380
1711
2233
6374
1994
2275
1432
6701
1200
2118
849
182
6267
3933
4541
6049
5046
1679
6660
6790
5935
579
1724
841
1722
7098
36
650
3117
550
3729
1334
3915
1335
3354
324
6751
4473
1692
7030
5310
6599
6330
6547
6811
3878
147
6686
1845
6823
2850
5984
4535
187
639
2235
5964
4950
3533
1206
7165
3358
3356
1718
6669
96
5682
1964
2413
6984
5132
2112
2550
575
1725
1997
3911
3819
4537
6067
3918
2754
373
1337
6304
1336
3828
2124
2052
2709
3593
6141
2117
4472
2419
5381
3931
5399
4484
309
618
6852
1730
5331
1735
2411
3141
835
2581
6048
5035
1218
690
6794
832
2553
6628
2237
4794
3303
1577
3378
1519
847
4668
31
7137
5256
3788
266
6105
3368
6198
3812
4419
2726
6757
5012
6386
1850
6888
1719
5004
45
574
6650
6224
5790
5171
1546
2212
4741
4228
5415
6704
7139
2793
105
2965
1167
7041
1390
6643
6846
6540
2545
570
2568
2815
1496
5584
4130
4748
6830
4627
2129
3534
5298
2860
1690
6136
5997
1965
3216
997
3508
5907
844
1928
1667
2139
4550
3951
3010
3018
1509
2936
5266
1999
3571
2867
4115
2236
2375
4112
5282
6047
35
3923
6572
430
1320
1323
792
3720
1528
2496
4907
1805
5681
6636
3813
6862
6893
436
1949
1823
2851
1843
4058
4178
3290
2853
2010
3142
5611
4815
3266
2360
1526
5348
3118
5643
3308
885
5393
4197
28
5647
6204
2889
1449
233
1405
6800
1694
2988
1409
6589
6390
1436
5932
4526
4413
6838
5720
6647
4437
2706
2175
6732
4665
994
5700
2125
3574
5936
3567
5082
1607
140
2708
6070
2176
2111
5058
314
722
2655
6728
2152
7094
1776
2762
5707
6778
2133
4721
2401
3507
659
217
4725
873
3645
3662
7099
2410
6132
2319
2362
6699
466
3875
5485
3490
2128
3138
5758
5484
800
6741
6511
3493
5355
5531
3531
5502
6140
6697
6821
2249
1189
842
3701
3217
573
6087
711
3742
5693
6089
1063
5591
3357
2056
875
3716
3712
3711
3463
5685
5683
3703
5585
2972
2907
2177
2321
3223
5986
3230
3395
3821
2173
6747
836
494
5467
2898
3090
2119
3599
5722
1197
5613
3373
5373
6142
3723
6285
4667
1739
6357
4362
5141
297
1760
4318
4711
4997
95
4727
5955
92
4729
4227
4225
194
4735
2790
4738
2799
2802
346
4994
347
4990
351
1842
2613
276
5018
4635
4531
1688
1689
186
3939
6399
212
215
183
4549
4561
227
4471
6620
6383
4565
4570
4416
5063
2649
1646
253
1644
2436
257
4594
1635
4386
1010
1609
6312
4180
6369
6171
5772
5284
4861
7007
1862
4125
5286
2832
6696
5914
4108
5896
4874
5324
6379
6985
4829
1525
6601
4975
1846
362
4877
11
5318
6986
2546
6627
5897
4611
4618
5617
6052
5053
2486
5624
1636
26
2282
7138
4871
789
4928
2272
5939
1522
3495
4878
636
3194
1442
15
6630
4551
1447
5509
1239
5900
3213
3012
649
651
4862
4564
4666
37
4823
6791
5915
7152
5609
3350
4809
6042
2228
5000
6384
5594
4803
4754
77
1038
1538
3332
2288
1545
812
3238
3359
3362
6045
5894
2607
5015
4782
2283
5931
4687
4701
3361
5699
46
691
692
5002
2178
6583
3264
3363
699
114
3517
5280
6608
2785
4050
6451
5371
3874
3706
2340
2392
6441
2964
6989
1326
4014
6851
5797
7038
2756
1922
1392
4009
1923
6083
1856
6597
2861
5787
1888
4141
894
504
4144
4147
6197
5251
5247
6477
5258
515
2359
3785
6881
5756
2839
5752
5968
2794
1286
2039
6191
899
3830
2862
5975
1929
6619
4411
248
4415
6592
1716
4504
5946
598
1723
5466
1715
1945
5942
4477
1710
2126
2127
2130
6270
437
3544
6144
3922
975
1738
1397
1399
2877
277
273
272
1734
6839
3990
3917
5329
1262
995
911
2863
5345
5133
5715
3916
2864
2504
6633
5759
2895
6602
2869
918
5676
5670
2489
5675
803
6632
1044
1094
5776
6626
6653
5948
5851
839
6655
2976
6590
5725
6618
5985
6711
3013
5944
5709
6622
2659
3001
5824
1093
2667
834
2285
2604
6663
6605
2379
1039
3064
5753
935
2932
5687
2551
5785
2670
6721
879
2560
2773
3032
6610
1116
6648
2760
5808
2299
2865
1515
3148
4239
4253
322
5190
6225
1787
5179
5178
6439
4311
7037
333
4325
300
299
4357
4359
7044
4366
4368
7054
1731
268
5130
4329
4224
7031
4222
3934
3936
3944
5333
3998
4005
4026
6173
5297
5285
1909
6190
4090
6488
3147
371
4139
1849
353
4191
6200
1837
1369
6207
4220
4400
4409
4441
4446
4723
4724
7127
93
1549
7132
4759
1485
4795
62
6370
7154
1527
4837
34
4857
7159
1508
18
17
16
4934
4899
4927
4905
6363
3930
4996
5003
5107
5105
4467
228
1712
1430
7068
4532
1680
197
4534
4538
6300
188
6301
4578
159
4620
146
4621
1605
6334
7108
4669
6355
111
6951
1878
3912
3377
3405
5566
6561
5564
3432
6559
5527
5523
655
3375
3913
5516
647
6819
638
3513
619
3538
3549
7168
3590
653
590
3371
6798
2270
1183
5640
6014
3206
776
3209
6573
3237
758
3370
1518
3304
3329
726
3334
3335
6777
3341
3342
3352
698
6752
3617
2151
6634
3818
2048
517
3709
2045
3713
3817
3718
2041
2040
2025
6130
5385
2115
3790
6895
6084
3705
6928
1261
5351
3631
6072
3906
6578
2453
6031
