6660
3712
3380
2869
3718
6661
3715
2862
6986
2864
3711
3703
2868
3708
6665
3705
3716
3713
7030
3704
2865
1961
3710
6669
3714
6981
6668
4548
6663
45
95
4935
2867
6664
6667
5751
3709
3570
5753
2817
1780
4840
5599
7039
41
2863
5280
5289
5899
5676
6637
1967
1964
7076
108
5759
4547
1680
224
1587
726
6662
4545
147
3701
1540
5427
4542
5384
4937
3091
4541
692
3717
5046
4523
6987
3722
3266
5595
6989
5594
6057
4998
4546
4995
846
885
6593
2781
4993
6985
3391
3878
6591
5285
4996
2140
6599
5670
4749
4999
6699
4544
3571
6537
6680
2634
6845
5265
3276
4939
5123
6532
7047
1324
7035
614
3537
2811
6542
3324
2861
217
2813
5202
4543
6867
4991
4764
1543
4761
1334
847
5000
4936
3146
4540
5335
4526
7098
6628
5701
1194
2118
4135
4437
5008
2126
5317
5286
5006
5261
4994
5088
5287
3780
3702
4795
517
5479
5485
5497
416
4549
4467
4012
5716
3855
3851
4838
3237
2958
1983
2852
1293
2047
2621
6508
2129
6623
698
2816
1295
1394
6539
2783
6547
2211
1296
6584
6684
2217
1301
1965
2249
6729
1304
3067
2235
6888
6928
1332
2956
6383
6846
1562
1539
2299
1391
6949
5697
1350
1323
508
6652
5349
2131
2125
1463
1962
1467
1765
1504
4931
4923
5422
1545
1544
6836
3194
1305
5429
3706
5998
6523
3274
3672
6617
6052
3361
5278
6501
5214
3303
7057
3073
1080
3602
6549
3327
523
2261
3827
5436
2307
2340
1299
721
6603
2459
6598
2535
697
3144
1537
5201
1056
1063
1308
1430
5041
1199
1291
4938
5003
4941
4990
4997
1138
3163
4436
4684
3854
3807
522
2693
2733
2815
662
3671
750
3626
3506
3486
3368
3341
3321
3083
3269
3265
3513
3884
754
3932
1556
4667
1567
4616
1569
1581
1631
1789
2025
2043
2115
2163
4130
4128
4090
470
2233
3951
3934
1541
3584
944
5588
5316
5318
6084
5709
5332
5205
6410
6818
6062
5487
5687
5684
6642
5683
6786
5282
5974
6830
6779
5758
5262
6504
6727
5273
6210
6154
5597
6686
6602
1558
4500
1513
5509
6619
1519
6805
1538
6820
1536
4557
6083
5582
515
4358
571
114
6092
5589
4504
4522
6746
6070
2003
516
5804
3803
3804
6689
5842
6728
5756
5752
1950
3882
5717
6778
6666
1894
3923
2124
6656
2127
813
3621
4067
6732
6740
1717
1636
6065
6032
2395
5769
4945
6546
1320
6428
6596
5281
6988
5002
6592
5390
3141
7036
1298
2657
2682
6397
4951
5331
3053
7050
4974
3076
5009
2660
924
1436
2433
4754
2839
2439
2453
2854
2844
1399
1398
1050
1411
3213
1060
4782
2851
598
5064
1051
5897
3677
2946
3678
93
5843
6511
2026
2784
5849
2932
2926
2015
5994
5870
5981
2695
6439
2772
6187
3647
2603
2488
2284
6283
3153
3382
171
2464
2297
6601
2454
3333
6610
2319
6609
3084
2980
3395
2262
6655
2139
6650
3044
6643
3060
2422
3069
6631
3569
3074
3522
6068
3078
2260
3405
5218
3853
6509
1515
5525
363
1530
1274
5653
6831
4532
5655
4524
5656
842
5682
6962
1566
1231
6777
1510
1499
4669
4949
6965
4933
4874
1325
6929
6919
19
5387
1616
5414
1395
1424
5445
6901
5342
4746
3719
4944
6909
1166
4431
6938
800
5005
1654
3886
5711
3960
1940
1849
2818
3850
6697
6687
1825
4015
1010
1139
1760
5284
1137
310
7136
3788
4048
6531
6594
994
2643
923
2810
982
14
1057
7061
2785
2676
7073
6572
1239
2674
1255
2709
6567
690
2753
6582
2761
693
1294
1136
2782
1103
7042
2765
2010
2587
1772
1773
6644
2146
1823
6651
1829
809
1872
1876
1735
1898
2071
1906
1922
1924
2044
1985
1995
788
786
784
6657
2589
6630
6764
6597
2516
2473
1337
1347
1392
2450
2435
724
6891
2237
2432
736
2308
2306
859
6839
1550
2280
6800
1576
6624
2360
39
2949
4197
184
5650
3809
6100
6123
229
4879
3306
4920
5399
3384
6141
3292
6149
5718
588
3264
3238
659
4666
3234
3905
5719
4862
3801
4194
4612
6011
6046
4579
6056
5800
3632
5796
5471
6060
3622
3619
4769
3611
3585
3583
6063
6064
226
3525
3785
5420
5617
4521
3210
5978
4276
3047
3030
5099
650
4372
6490
6232
5035
3070
4098
5689
2899
2877
5074
4260
4163
6444
5251
6487
6460
5001
4170
5200
5714
4977
360
4484
3100
4178
5311
2853
6483
5696
5677
4013
5695
4992
3077
5312
3964
4571
4235
5587
4638
6771
4517
1531
1573
4261
6842
4373
4462
5651
6832
4469
4535
1554
6823
4506
5590
4531
2850
1482
4975
1238
1233
4989
7054
1197
5341
1190
1185
5004
5266
7127
5019
5253
5059
1058
7154
5084
1031
1020
5233
988
986
1290
4958
7043
4956
4683
5475
1453
4711
1435
5439
4770
4772
4780
6907
4800
6850
5411
4867
6932
4873
4876
6984
5397
4934
5389
5355
5354
4943
4844
6916
3900
6759
3090
2551
6313
2509
2508
2489
6289
3148
2472
3214
3089
3223
2436
6227
6176
6604
2394
2379
3304
2321
2309
3311
3231
3088
2606
6361
6533
6536
6545
2787
2858
6558
6486
6454
2725
2874
2696
2903
2677
2934
2972
2673
2662
3001
3007
6394
2635
6590
6374
6125
2304
3357
6079
3798
3808
6695
3849
1942
3889
3901
3902
1895
3909
3930
3962
1862
1850
1846
964
1799
5693
4094
4122
4151
4154
1706
5760
1613
3752
5802
2276
2266
3408
6616
3414
6075
2241
6638
2218
2201
2141
3631
2138
3636
6047
3692
6658
2113
5997
5898
6670
2041
5805
5761
4036
7169
118
883
187
575
44
11
16
639
276
590
934
111
230
218
117
457
298
146
827
7
3
527
695
694
529
1
66
6635
3974
3969
524
6115
5393
3653
5421
4011
4014
4088
107
4085
2225
4100
1155
296
5337
4155
3629
