731
3847
4986
4056
4058
6796
4988
3770
2565
4057
5419
2449
4051
3510
4059
4052
5437
6568
1246
2558
4981
2626
4055
4983
4212
4984
4982
2615
6957
4985
2611
6671
4050
4210
4214
1243
952
4053
5567
3191
954
3812
5576
3773
2629
6954
3250
5435
3846
2443
737
5563
4185
1931
3772
6524
5246
3779
4181
2910
3195
6562
4742
6798
3844
3775
958
2777
3776
2553
6677
3762
1242
2250
5722
2545
735
4747
5438
3766
2506
5432
2624
2447
5414
4989
3196
6794
5431
4980
4987
2779
3518
2684
739
2448
2540
7140
6676
2541
3526
5565
3777
4054
2569
3589
6528
6672
2773
2440
5999
6956
1247
3519
6035
2772
3894
2546
6951
3845
983
5416
2625
3255
1934
6953
6529
3031
3771
1837
6799
6178
6791
3212
3219
2544
2704
2542
4422
2549
2255
5876
3840
5433
5570
1991
3661
2778
4176
6123
2774
6128
955
5575
1249
3038
5607
5931
7081
6171
5564
3113
1703
2568
5430
1875
2627
1879
4254
3216
6696
5192
7142
4183
4189
5132
3816
2552
6804
6958
5993
5914
738
6288
6394
6129
4329
5853
5874
7008
6173
2251
2548
2446
3512
3517
2445
6790
6792
4213
571
4178
2441
2444
1245
3190
3813
6118
2164
3515
2564
4284
3768
3254
3218
5562
4266
4687
5600
6117
4002
5306
3979
5574
4523
7001
6889
5075
6898
1290
3513
1240
5768
6396
3413
2369
3588
7144
2637
5521
1961
3207
6176
4280
4875
764
4427
5553
3215
3232
5572
6300
3703
6541
6811
547
6116
2550
4228
5566
6112
2198
2622
5249
4450
1812
4270
4419
6793
1606
1833
980
6690
6597
4276
5923
4288
732
4377
5751
3546
3257
2352
2498
3573
2543
1455
6883
5039
1172
3313
3898
2518
3145
5763
2775
1813
7149
5412
3717
5463
2063
6857
54
6797
2854
3778
6392
3030
6809
2493
6950
1501
7143
2490
4426
3774
2149
3210
3841
4024
6890
640
3516
6290
4872
3478
1998
3580
4735
6892
349
1835
3843
6080
1811
1814
3572
5531
1705
2119
3587
6214
1847
3062
4876
4423
4902
346
5557
1816
4369
2760
6004
2840
6124
6283
6119
5049
2187
1841
1635
4184
5415
6391
4748
4657
4378
3181
2067
5411
2110
5556
3576
934
591
7018
730
7007
1533
4738
5225
2046
3217
5222
4468
7086
6468
3962
3769
6670
5405
4744
2363
2753
3706
3819
3982
52
5498
686
2118
7020
5366
4326
3575
2800
3708
3581
5579
1130
6172
4217
6693
6872
1205
1050
4174
7009
2479
4179
4428
4922
1935
1933
1839
4345
3192
1241
134
1250
1607
2689
6802
4303
5133
114
5131
5120
3521
4199
2302
3830
4680
5748
2557
6563
1887
561
2796
5872
6295
6578
6216
572
3422
3258
7123
4170
5534
2620
6175
957
1535
5235
721
6086
4618
4842
5663
6299
356
7028
5465
6302
3424
2361
6291
4961
2258
6282
4963
3065
4482
4834
6131
888
5648
4841
6201
4374
3701
6207
6306
576
575
6972
4895
4810
1004
4498
560
3831
2371
6237
2271
4476
4364
881
3884
6284
577
4365
3201
3032
6600
3605
5591
4274
3317
1707
2769
280
382
2571
4727
1849
5694
7168
2560
6996
3810
4421
3761
1986
4216
1595
5606
2653
6874
5114
5096
2173
6878
733
4965
4282
4642
2320
726
6626
2608
3716
2170
3256
3763
1881
3214
2734
2514
5417
4570
6850
3402
4404
3404
941
877
3718
3178
3412
499
4402
2700
4202
4857
1048
1838
2551
4451
3704
1357
2041
2939
6402
5626
3967
2530
2393
3764
3977
3960
4745
5362
1248
5892
4352
7000
6100
5879
7039
4346
5856
4497
5878
3650
5903
4856
4348
734
6003
6002
5998
1594
939
5954
938
6048
2803
4871
3577
736
5935
6987
3552
3585
2378
2770
761
722
3635
2383
6989
3527
3582
3656
2491
625
189
2856
1529
7126
1297
2591
7122
3300
6598
7121
6594
374
5073
389
5305
4730
2562
4640
4733
4466
2559
2554
2849
1669
2930
1834
2720
3128
338
4304
2882
3174
6795
2711
1244
3193
211
4182
3198
6736
6718
131
2863
288
4173
6692
6873
6875
4686
5223
6647
1182
1832
3757
3243
2862
2259
4946
1582
3722
1836
2748
5014
6967
3866
1471
1853
55
6215
4813
2094
2986
2989
7087
3839
595
985
2144
4317
6978
6979
2761
3003
5539
3896
3892
5660
3961
873
4413
6404
6398
6397
6948
1871
1322
484
5820
4379
1869
4500
4341
5436
3411
1863
2485
511
6311
789
788
3415
2215
7021
4933
5628
7024
5625
5653
4289
1369
857
1031
2171
2905
7125
1301
1302
5297
2908
1307
4503
5357
2040
5065
1109
5063
5377
1100
5254
2900
1639
4084
2881
4550
7165
2887
1237
5175
4215
5385
1939
4177
4175
5110
4221
1967
5236
5086
5194
3963
1092
5051
3835
1608
7078
7068
2807
3013
4583
2815
953
950
5573
2799
3817
935
7044
3035
951
5608
3836
5535
5403
7110
5426
7101
2068
1061
5434
5536
51
5031
1039
3890
5507
3879
5517
3848
5439
1821
3522
502
4812
3489
6226
3485
6697
4471
4801
3467
3427
6296
6301
4401
2482
5721
6317
4770
3200
1750
2494
6200
3508
2336
4873
4353
5945
5976
6983
2368
4851
4847
2688
2400
611
2406
142
6976
1590
6183
4829
6348
2504
1725
1523
2596
2597
2600
3251
347
331
6882
3237
6877
2639
4425
4462
4678
4460
6700
6679
1706
3333
2567
2561
3204
4753
6952
2507
6399
6408
3089
6727
3604
2740
6500
6521
6925
4469
2555
2556
2733
4416
6488
5906
3143
6992
2253
5758
4891
5826
2257
3711
800
2285
1815
2284
1810
4909
3179
5851
2275
3182
3702
4652
6807
823
113
5726
7013
829
4465
2866
3969
4740
5386
5122
3361
6944
3735
1872
5054
5378
4675
4301
6487
6724
5666
6494
3095
5185
5369
5368
5367
1210
4415
1104
2054
2529
2528
5821
5425
1817
5661
6378
3387
6732
1936
4156
6393
