6672
2449
1707
3779
4212
3776
3529
3769
3775
4986
4830
2443
4055
3526
952
5431
6128
764
6562
3772
5576
2639
2444
2638
4056
4219
2441
4266
3757
1249
5999
5438
2637
5192
3768
2615
2442
3774
5579
4987
3038
4189
5653
4834
1934
2633
3847
5435
5654
3770
3656
2445
5575
5574
3041
3510
2191
3102
739
3765
5437
2447
4984
6112
6954
951
730
733
3771
6129
4606
3761
6670
958
4059
2325
3767
1243
5856
3524
6568
4214
6957
6123
4185
5430
6124
5553
2636
4841
6001
5572
5445
2506
1703
1706
3251
4278
4263
3318
3195
4183
954
4450
2440
1247
2196
2616
4985
2611
4983
2684
6671
4210
1246
2164
3520
6961
6950
737
2448
1470
4989
2068
763
731
6035
1248
4844
6952
934
4254
735
4270
5874
2446
3522
2928
3894
3045
6953
3319
6948
6949
4267
4279
5663
4262
2189
3778
2632
6563
1701
1245
3751
955
3521
5822
2564
2738
3758
5876
3840
1931
3257
4303
3101
4051
5657
3773
3766
6910
2629
4895
3023
6566
3042
3760
3519
4982
5273
6850
4498
766
3252
2251
6796
5246
5825
5668
1285
2634
2635
5557
5556
3845
6935
4052
1847
1705
5439
4547
2187
2740
6993
2186
2190
3777
6003
6724
6677
4203
4176
975
1126
1143
4057
4053
1471
3969
1548
1723
4543
6113
6945
5769
4290
3022
3191
4509
7120
5660
3518
2872
5607
2626
3043
4980
5319
4845
1147
1148
5892
4175
1240
2250
2046
4876
4746
4872
6310
3977
5573
1590
5432
1700
5991
2624
122
1812
2910
7127
1890
3692
3255
3317
4274
7144
6783
5075
713
3178
6661
4280
5249
4577
922
4455
4181
6801
1598
4789
1657
129
4548
4840
1704
6118
4277
1709
4977
2748
6122
6117
6803
3313
3582
4981
3525
4182
977
1024
4213
4217
1188
3192
781
2886
3577
6675
4050
778
6678
1433
760
1436
927
1474
3454
732
1145
1479
5571
6002
2193
5652
2620
5855
139
5736
2004
2559
7028
3650
7016
5550
5859
133
6809
3717
2493
2554
5768
4216
5225
6990
3963
5671
4107
4935
7142
3716
2168
5577
6301
1472
1892
4745
1125
4374
983
4451
2551
953
2088
426
950
5414
3523
2885
474
3697
6892
4187
6214
3103
5655
5244
1301
4988
3320
3843
2741
4942
6679
3745
6125
1728
5060
5456
4273
2815
2816
1814
4264
3311
2661
3848
3752
4846
3755
1998
6942
4601
6119
5434
6911
3408
2258
5990
5861
3682
4269
4268
948
5104
3024
2265
4300
4396
924
4306
2188
3254
511
3715
6693
5820
736
6665
936
5174
4500
2194
5666
728
2195
7020
2425
3322
6857
5152
3193
2542
0
3979
5923
6520
4879
2879
5570
4414
4422
2008
4971
4523
3898
1306
6350
1423
5446
399
5443
5436
2918
5528
4439
1597
6502
6071
6074
3562
4105
5539
5402
2003
6914
1899
4100
6883
1535
3873
1813
3921
1144
3941
5994
2000
5747
3256
3825
5051
3604
1932
6120
6759
2705
5055
1796
2653
2198
2278
3628
5080
2257
4849
2625
6203
1048
4235
5854
3572
2903
2939
3075
4082
3528
6402
6454
2956
991
999
1002
5606
2530
6561
4642
1274
5930
2871
1595
1575
2002
2182
2180
2869
4224
1439
3173
1437
2565
1430
4875
1302
2870
4184
5277
5204
1475
5065
4503
4555
6932
4525
4544
4545
142
463
43
6986
86
6992
6916
4504
5366
5370
1255
4321
3546
4298
5763
4395
2329
5692
83
6314
5412
2302
4799
6659
3026
3108
1371
3100
6458
4546
3527
2183
2185
2268
6912
6356
6998
2199
985
6889
2224
5689
4804
4564
5674
721
1596
2527
2528
2544
387
3660
2558
1818
2584
5486
3652
2749
121
3985
137
4952
5522
2708
126
131
4978
2523
2522
2521
4265
5662
4397
5419
3694
7025
4304
4399
6220
1599
514
425
3681
5433
7038
3589
5440
2518
2519
761
4186
4690
3981
4475
5046
4744
1743
2094
5116
3789
6382
5823
2080
5187
1991
5073
6923
1894
3469
1757
6806
5087
1896
4878
1898
6021
5054
4276
3846
3842
4496
2031
1303
6073
1283
4542
1844
4501
3155
5231
4377
6385
3411
6835
4832
6988
4339
3323
3882
1157
7160
6114
5827
4685
3190
7140
3194
6941
5245
2520
5608
2483
3962
2508
3677
872
1937
6004
2517
1005
6038
1825
1219
6090
1841
2670
1533
2658
4430
6085
1811
2627
4519
6493
2609
2603
382
2590
3967
326
4847
3686
6933
2556
2546
3849
6508
2466
5989
3690
2075
2291
5906
6539
218
956
3780
2263
6554
4393
3753
3754
2215
1156
3763
1732
4376
1170
993
245
2181
4378
6569
5850
1007
949
2297
2055
4901
6109
479
7034
7031
3691
1963
4398
5993
5656
6924
1593
6951
3689
2024
4870
2026
3705
6590
3711
6907
2361
3718
3929
6962
1638
1639
916
974
2582
6878
5416
6781
538
3242
3250
2887
6396
4261
2875
95
738
2868
3580
3269
5426
5175
4495
1324
3587
6294
5156
5038
5448
5206
2912
1330
717
6405
4747
3028
1390
5287
5284
3088
5263
3120
3129
3511
6898
6324
700
5228
2973
7103
2966
5222
2959
6317
5404
82
6771
1424
1281
91
6283
500
3412
3986
4965
2718
7164
3407
3413
2703
552
4605
5488
4607
3436
5106
5465
499
1290
5495
410
3418
3333
3330
3983
800
1477
357
6927
6377
4375
3868
4842
441
5240
5009
356
4740
5862
5872
4155
4285
3512
6732
2213
3048
3535
4297
5315
4839
3532
990
4385
6872
5307
6403
3091
3095
4020
4029
5271
6560
3515
3514
2160
994
1029
6776
4372
7149
6936
4871
3466
4287
6810
4674
1794
1793
2009
2005
4299
4863
3822
5162
596
3355
3830
1765
3326
5121
6800
3324
1751
4540
5095
4497
4054
3859
1738
4848
1951
1153
1152
6392
3199
4853
2097
6501
2096
3385
1745
1104
3219
3229
4889
6397
2063
2054
2053
1103
5895
1702
3630
979
3674
2496
4078
2846
6299
