4056
952
3776
4055
4986
6562
4059
4051
4057
4987
6672
6568
731
5435
3847
3510
3775
6123
3191
4984
4982
4212
5437
6796
4983
1243
5431
4214
3779
2637
1703
5432
6128
1249
1246
739
737
6957
2626
2449
3038
4981
4050
2615
4985
3773
4052
6954
3770
6676
4210
2611
2443
1931
4053
5438
1934
983
2565
1242
6124
3772
4988
1707
2506
3454
4284
3526
5827
6677
4266
3778
2624
2636
2629
3771
5246
953
5430
6112
954
6670
4270
5999
5822
4213
958
6948
5607
2191
6953
2639
5249
5192
3529
951
2447
6129
4989
4189
2910
4254
5576
3769
3774
2620
3518
3656
3777
4185
2542
5823
3251
5531
3894
735
1247
5874
4181
4280
1705
4278
3195
2250
2251
1245
955
2541
4277
2559
2684
1471
4058
7120
6003
4980
4219
5859
2268
3768
5820
3846
2164
5570
3190
3581
5828
4288
3840
5419
6396
2258
2187
5653
1240
3766
2446
3572
3103
2653
3256
3418
5553
6956
2520
3519
4834
3762
6951
2198
3413
2832
5222
730
4289
3845
4183
733
4282
3765
2627
2558
1701
6303
6671
2544
6002
2549
2748
3757
5575
3524
3521
6809
3589
4176
6118
6724
1899
2513
7081
3194
3212
4422
2564
6914
2325
3041
2031
6117
5436
5876
3708
2196
2195
2194
2442
2063
7140
3582
4497
3243
5663
6673
6952
2556
2393
1092
6035
5507
7142
7144
6302
1890
5654
2733
1812
3844
3843
6524
5694
4742
2361
5225
4747
5204
5671
6001
5906
4471
5930
4495
3971
5445
5448
2760
3107
2560
1606
3761
6771
2320
2554
2385
2441
2445
2540
3411
2562
6912
2493
2444
957
5050
133
4303
5054
1542
5878
3841
3630
5855
4326
6563
5223
5231
5402
2904
651
3213
6528
5751
6392
5771
3577
2190
5539
5528
5506
6949
5574
1691
2732
5600
7119
3527
6802
2199
3552
3554
3562
2193
7121
6693
4397
4273
3021
935
2567
3333
2625
2633
3317
6301
4175
2742
6804
4216
2769
2807
3250
3249
4450
4427
2622
2568
2912
6798
986
3467
3587
5414
4857
5722
2368
1173
2271
5825
6958
5851
1998
142
1184
6096
2067
6004
3967
5910
1199
2253
3511
5090
2552
3941
3528
3580
3576
2257
4830
6039
5596
6910
6178
5606
1706
3427
5655
3412
1048
5566
5465
2551
7166
2550
6119
6116
7164
5567
3257
6389
2861
2080
7038
3254
5923
3101
3767
2094
3248
2846
615
732
510
5674
3681
643
3193
1548
2961
4377
4217
3659
3575
1916
3210
3076
5821
5652
129
706
5447
3218
3219
3100
3229
3573
985
1172
4564
6290
6275
6950
809
6946
1140
3973
2616
6820
3976
6113
6114
4781
4774
2569
2485
2498
4027
980
6110
2255
1894
3512
1211
2735
6988
2753
2754
3940
2749
6377
6993
991
5426
6105
1533
950
4354
6565
5037
1787
1110
4642
5411
1816
1824
6394
5675
1608
2548
3113
2545
1004
4274
1012
1623
4738
2546
1264
4745
5572
1266
5444
5721
5439
5434
5456
2772
2966
3129
713
888
2661
2869
2867
5184
1357
5166
6292
4607
4606
5892
2262
4570
5914
4566
1302
6317
5163
6014
2885
2815
2345
1850
1855
4378
1895
6541
1290
5993
1932
5096
5273
1939
1961
4498
5826
5236
4626
2903
6283
764
2192
5564
122
4031
6924
3764
3763
3826
4215
7035
4225
445
6929
3559
3912
3458
7083
3478
3893
3825
382
3631
3913
3183
3812
3667
7089
7049
7082
3242
3755
6907
7018
3426
3718
3232
18
473
3215
7141
6911
4247
3424
6791
5441
2786
1163
2294
2879
3263
792
2849
3425
2301
6801
4182
6748
2752
2318
2747
3274
2738
1157
6050
6404
7039
2259
7042
4480
1782
1783
3695
2856
6773
4199
736
3245
2264
2736
3247
2078
2269
5673
721
2872
778
5412
7117
6009
1793
6057
3469
1144
6927
3979
3982
3985
2448
1917
2553
3987
4024
984
4009
3401
1936
2543
126
4002
3650
3415
1968
124
6192
2521
3416
2518
3421
3422
1037
2479
4744
6872
6808
1436
3361
2731
4879
6320
5384
2036
2689
3974
2893
1856
3319
7088
4618
1871
2006
4623
2397
2638
1098
3661
1991
3978
3336
1898
5763
4789
4788
4100
5212
3632
959
5658
6032
2232
1724
5579
1306
6527
3914
4348
6582
4300
1260
1704
571
4399
52
3758
5449
4375
3159
2216
1683
189
1745
4283
5498
4395
4281
5491
4977
2224
5087
3199
2189
3520
3751
3128
3715
4258
4294
4286
3012
5605
6718
7149
4339
3717
1244
3151
4267
4218
1721
7020
7145
5073
6742
6520
3722
686
3144
5534
5075
4107
3180
3178
3977
2128
6842
6844
1097
1891
4641
474
4108
4573
6986
863
5657
5171
2349
7052
6307
2357
1358
1125
4601
1373
6580
5738
4859
6080
3318
5870
3182
3628
5759
6933
3799
6932
4851
2367
1897
4084
5057
6918
7078
6916
3403
333
2452
3407
7076
3408
3143
3428
7070
5530
5040
4712
5824
3120
1967
5943
6168
3783
5559
3848
4731
6176
5793
1918
6661
3919
1696
3658
6850
5854
4648
2597
3060
5591
3456
3588
2588
946
2617
5602
956
3078
1437
2440
6626
5227
5228
3928
6878
3165
6126
5049
1069
3664
4250
857
6779
6959
7103
2263
5132
51
3244
5483
5898
3481
4374
1222
6574
7101
5608
3196
3823
261
3255
6793
1796
4525
5698
6561
500
2297
4898
3688
2840
753
2075
6747
5922
2908
2088
3217
477
2081
4451
3216
3711
62
3513
1559
2768
5665
3704
3703
726
3944
3701
6522
7041
6525
7111
3207
3963
6529
6008
3705
1798
2962
6379
4180
2746
5880
2214
2741
1815
635
4177
2734
3269
6339
2210
7127
629
1820
1821
1825
1495
7048
6980
6338
1810
2740
1342
6564
4368
3189
5397
4895
6799
2758
5705
3517
1401
3466
2186
3947
1377
7059
7069
7016
5912
4856
1262
1145
3532
2254
3907
5894
139
3910
4960
3515
1347
4811
6064
5879
1359
3477
3972
7025
2311
4882
3476
3525
