3361
849
846
841
3367
2126
7030
2129
92
3364
2065
6263
3571
808
807
3362
847
840
2971
4566
2235
845
801
3930
2061
1613
6831
3909
6839
2008
7152
6726
4564
2125
804
802
3365
3097
3363
4247
6196
4667
2515
4957
3360
4012
658
844
3368
375
6228
3926
1296
2067
1290
6091
4354
3932
3014
2139
6802
2708
3915
579
5226
2401
5383
5681
2127
2124
6498
5771
7094
5842
2851
5042
2979
2753
2255
2687
4623
1577
198
2754
3504
128
46
6262
692
3931
6750
3966
6973
5922
3580
6537
4508
1304
3865
3424
2
333
4168
6218
6898
843
1618
627
5141
2996
5474
5109
2320
2356
1158
4240
1045
2230
3687
1873
2865
7132
6980
1928
4959
3410
1044
3688
1711
4244
5337
334
3144
4472
1381
4562
1384
4355
6902
3268
805
4331
732
5983
4650
3344
2822
2933
4666
2897
2970
5855
5756
2094
3695
2412
5643
1906
2484
1047
6751
6275
2122
2120
1612
1610
2103
6352
5570
5157
965
3419
4208
3933
6392
7042
876
2689
7137
3417
7138
3487
2239
1850
2231
3001
3018
1388
5990
5853
2128
6682
2252
4563
5291
5994
1948
6925
5997
1955
6938
6625
6947
5332
5263
2253
5986
5144
5738
4869
4864
1587
4849
714
4669
2869
2867
6846
6849
2758
5851
2791
6827
6569
1616
5967
2973
1804
1393
1798
2965
5112
310
1766
5065
5043
5041
6771
6772
4975
2926
5987
3175
884
4250
6161
3458
800
3850
3513
10
3883
11
1259
4307
3480
6986
971
962
3485
3278
4338
6994
4169
4333
963
3418
6968
6265
1069
171
176
178
4026
1041
179
3412
6418
1034
3590
6363
3704
842
3924
3413
3211
1894
1876
4205
5159
158
2861
3735
3416
2752
374
2762
5146
3942
4718
2767
5503
4396
969
5050
6808
2541
4098
2529
4952
6273
3696
5704
660
4013
2410
3693
5686
5708
690
5074
4865
4804
5563
2692
3911
5104
4815
3527
977
4163
2339
1088
6326
2607
6427
645
4166
1491
4251
2060
2964
6667
6384
3117
2107
6191
6020
4474
783
1251
2121
3261
1256
3092
6395
5295
908
4484
4377
4556
4379
3087
1949
3012
3133
3308
3885
3910
4413
3369
1440
6472
4422
4661
5331
3904
2032
1419
6960
772
5
6045
5975
6057
2409
2045
1994
3992
2047
5310
3710
573
888
7101
6752
7104
6754
1713
6770
5049
1986
1031
5038
1719
3856
3851
3718
2355
7136
3817
3900
3927
2238
1862
6680
3902
3766
2233
945
5155
941
607
3906
3908
5262
7133
3935
946
3875
5086
5089
5092
5626
1947
600
2093
3844
3713
6661
1939
2105
3736
6410
2271
17
3941
6354
1790
1692
4576
93
347
1688
2826
2825
2823
3414
4735
2784
4215
698
144
3478
6983
371
6844
4778
1258
6915
5991
1253
4780
3267
1242
3312
1173
4638
730
3358
2931
6509
3366
2923
1424
1429
2901
803
170
6519
1453
2972
1233
1149
4246
6463
4374
5996
5753
1127
4390
4108
2561
3570
1295
1059
427
7082
4445
239
4961
1302
4019
4963
2474
2464
5013
2613
2617
2969
6823
2631
4167
6433
1125
2667
1559
1292
235
6541
3083
4841
4462
2644
1297
1299
3866
6499
6021
6365
6022
1181
1294
6452
6026
1941
1945
5386
1966
1492
5431
1098
6257
1767
5764
1721
648
686
5751
1615
5714
6416
5634
659
1043
5734
1545
633
1520
5883
1902
1900
1880
5878
937
1872
1871
5491
1135
1511
960
1131
5542
1516
1180
5740
1933
2021
6914
4560
4518
4501
4481
3104
3118
4454
6944
4443
4399
3212
6978
6981
4350
2985
2017
309
2960
4790
4782
378
6841
4761
2761
2779
3263
2829
2878
4680
4663
2922
2924
4651
314
4698
2585
3306
4314
3995
3681
3969
3968
7105
3964
3724
3730
3737
3918
3917
7145
3840
3841
3868
7090
4040
4051
3622
3340
7001
4275
173
3379
7012
4242
4316
3422
133
4164
4160
3516
3524
7064
4085
3484
4883
6891
5046
5022
6776
5292
2099
2419
2417
2101
2108
6767
6683
2468
5251
6688
2337
5207
6692
2311
2203
2204
2237
2272
6719
2338
6388
5147
568
2066
6651
2031
2497
2049
2480
2044
5460
2223
4254
5158
3853
4231
1138
3848
3847
3460
1132
1877
4177
2182
1146
6379
5467
4165
2030
4337
6124
4334
1238
3295
1230
3297
6168
4318
3301
5500
3854
2251
2250
4311
6198
2249
1151
4282
6230
1093
3845
3919
3936
2100
3945
3986
3685
3691
5287
1946
3949
3709
3711
5316
6327
6328
3719
3725
3671
6239
3654
5407
3501
3502
3506
5224
3522
6357
4106
1979
1064
4102
3256
1058
3588
1976
3912
4073
4060
2123
1619
4380
4356
5023
1510
2768
5848
5850
5032
2793
2817
1497
1493
1490
2868
4684
5886
4683
5910
1456
4682
1451
5040
4664
4989
1532
1539
4791
2514
2539
4902
4898
1614
2560
2572
4887
4880
4873
2921
2596
4847
2649
5759
5761
4826
4825
2688
4812
4796
2717
2605
1824
1421
5090
5124
6058
1308
1307
4429
3168
1301
1300
3178
4389
4388
4387
4386
1293
5139
3216
5732
1815
3231
6102
1269
1325
5118
6041
6027
2932
5982
2953
5096
1726
1731
2976
5602
4586
1386
5052
4565
5102
4555
5107
5993
3064
5108
1791
5560
3119
1796
5101
2471
3584
733
569
172
6842
626
194
7031
6840
6694
553
6697
848
7019
6687
6975
382
6974
186
563
7003
6586
6745
6779
331
517
6777
806
6928
610
449
834
6481
6716
6488
494
8
146
6992
7035
6727
7076
879
597
6832
6943
6917
6984
18
19
6695
6604
6510
426
2594
6177
4463
405
1191
6931
3132
5076
3466
476
6746
792
3477
4862
3474
1954
3472
3116
719
6934
5384
4477
4705
4478
2668
3574
5594
2296
3581
7081
2293
5365
1514
3598
4822
5599
2286
4066
2006
1087
4823
1155
6232
640
2630
4852
3510
4848
5375
5103
812
704
