6689
41
1301
1298
6680
1294
1305
1291
1296
6687
1299
1300
3906
3902
1304
1308
1297
6688
1290
3905
1293
1302
6683
1303
3904
843
6682
1307
1292
1306
1137
45
2536
6681
1132
44
1309
1295
6685
2531
6057
47
4358
2461
2534
4943
6078
847
46
4199
49
6052
2120
3909
2139
1133
3903
2901
4869
1244
4863
1942
427
6754
1274
5086
3900
4196
123
2317
290
6059
1128
2710
2537
3311
4875
6686
48
4170
2899
3387
1679
6750
2533
4194
6820
1630
6240
7112
3689
842
3686
2024
3471
1638
2722
6727
1025
2832
6701
5428
3852
6064
4710
4193
5087
6467
374
39
6046
4692
1152
2004
3679
5860
4974
4904
453
2864
3112
2894
2094
2021
6069
1134
4192
5852
2336
4416
4877
4972
299
6055
3901
3834
1654
4419
4860
574
2377
4621
2437
5792
2797
4691
6741
3115
2760
6756
6268
5396
6433
6684
5684
1048
3899
3060
335
4626
945
4524
2026
5088
2530
1961
5137
1940
7110
1998
42
3551
3116
5405
5861
2795
4781
3272
1131
2184
2031
2035
1636
1126
1279
4185
2145
4940
721
2282
2619
3921
4971
6056
2102
4695
1949
6732
12
6748
5486
816
936
7119
3030
3672
5193
4716
6423
2125
675
1575
3919
3878
5744
1201
5051
3814
5747
1632
6892
2868
6500
1120
6425
6823
6831
2688
3908
6469
5990
1395
4746
2667
6632
4361
4963
6116
2769
122
4191
1944
4189
2140
426
2624
2022
1019
1946
934
6580
6772
2649
5132
4874
1875
1967
7108
2793
6932
1139
5502
2517
3677
62
4250
5761
2464
2784
5080
3671
4198
4944
2334
7044
6901
726
473
4183
5163
475
1160
2002
345
2645
5753
1556
4872
2287
78
5272
1945
2023
2766
2028
3144
2359
2290
6498
6774
6432
3910
2796
2529
4879
6597
3041
4687
2778
1245
2532
6660
3431
937
5748
1249
3973
2753
3016
2397
5919
3063
873
2255
4360
1397
3911
3469
1260
2020
1494
5528
4042
1993
4038
26
1633
2538
5677
3073
471
6585
3068
1392
623
2765
1991
3674
1829
1163
4981
5237
5268
6033
4543
126
5911
3777
1159
6071
5210
6912
5887
2117
3673
5197
4477
3354
3461
6465
4947
5649
5859
6083
2854
180
124
4973
5865
3841
4190
5879
4391
3609
3418
964
4181
3062
5930
6919
1531
71
4101
872
4462
2371
2137
4246
4547
6047
4031
3467
1847
2515
3341
6909
3685
4895
968
2251
2494
5857
3676
2724
2211
5432
6650
7167
2214
2056
1680
6641
2575
5190
5994
578
577
43
4175
575
6431
1690
1432
3666
5430
6455
2598
3459
1151
1878
3044
6706
1154
1438
3675
1879
4876
5759
5653
3670
2733
6971
2593
260
5768
1200
6832
2633
2631
2552
1947
1609
1369
1390
6506
2627
6511
3528
4757
5896
6373
4150
2113
306
5805
7048
347
4949
2644
2927
6786
3851
5587
6799
2029
6811
6481
4776
6094
5817
2025
1606
1373
4151
3912
1573
5898
5260
5141
2271
5780
1010
1206
1013
3230
1622
3716
5354
2686
6463
6858
2556
1631
6710
2436
2695
1495
2539
6297
2831
1470
3443
5600
692
2352
6435
2922
2839
1257
1558
1561
4783
5099
6428
4787
1543
6427
6238
6356
4696
4030
648
6314
4794
5673
4233
4740
4717
732
6592
1278
2819
2280
1555
899
786
4065
859
613
2779
4690
2851
6242
4799
6460
6241
4530
6299
7145
6414
4178
1742
1463
6751
4275
4493
7061
399
3228
401
1828
404
6100
406
6103
6889
4344
4339
418
94
3100
2541
4330
6726
7039
2442
3916
6719
2616
292
6855
88
5957
7042
2626
1208
4395
1802
131
5271
3833
6808
324
4960
6843
3837
6081
1095
1823
2131
3859
1375
1367
1783
1780
5816
1378
2144
6088
2147
5807
3225
6715
5782
2427
2528
4537
961
204
3923
2591
5864
1710
3657
5125
2587
3416
4301
2421
5995
6651
4629
1322
5186
2009
4631
4444
2761
4656
4294
7014
3602
6693
1851
989
460
1130
1741
2570
2711
967
2715
5135
4625
1871
2721
5881
2064
5877
5987
1094
1353
5843
1354
1127
5991
6061
4177
5867
6028
5886
5850
6386
6062
5996
5999
6401
2869
5997
1097
6421
4187
1332
1121
5945
5824
2719
6185
6186
966
962
2725
2726
1437
6255
884
2787
2379
2783
1439
6249
2424
947
5918
1477
1475
2389
1453
4280
4632
2391
6176
1093
4307
986
6079
5966
1072
6085
1063
2547
5806
4712
4366
6337
4202
1264
6317
4577
2499
4588
6301
2693
5891
2700
4318
5770
991
5984
988
2799
5874
5379
7030
5385
4032
3651
6590
3831
6591
6984
5403
1804
2055
5192
6976
2057
5266
6599
629
5497
3069
5178
3075
5529
3890
348
2033
647
346
2037
340
3853
6533
5176
2043
1623
3071
5183
4063
1651
3667
6627
5221
5414
6850
4988
4982
3021
1850
1841
261
3971
5445
2217
6888
3244
6917
5196
224
3762
2058
6968
5201
3944
5265
1811
3962
4000
3678
6669
1812
6933
3015
6622
6928
1821
6522
3036
7113
2887
730
2156
3926
3414
2331
4778
431
1569
2001
3502
711
2903
7111
715
132
5106
4749
1562
1552
33
5079
1559
3107
6462
5638
7093
16
2926
6439
463
658
7
2158
6442
6777
113
6508
4172
456
3590
6722
3390
1602
5326
6497
10
3386
2284
3104
2104
1817
2628
3101
1366
422
1822
6063
6857
1098
4349
1826
6104
2107
5815
413
5313
360
4560
4945
6086
5813
3715
365
2648
6082
2463
2126
3846
6775
3778
6095
4392
5280
2657
378
5340
3118
6098
1761
1759
6735
1371
4557
409
1037
6800
4173
1334
4548
5934
3504
7094
7088
3507
5150
3552
3567
7045
3359
5962
125
127
128
133
137
1205
5933
5054
5932
3417
1275
3453
3452
3448
2497
7149
3440
2006
36
2008
40
2518
7117
3425
2522
64
69
3415
2475
1202
3610
3680
3681
5014
6021
1876
6926
