1304
1296
6687
3905
1298
6680
3906
6682
1132
6689
41
6688
6681
1293
1291
1294
45
1292
1299
1137
4524
2139
47
6683
44
1133
1295
3902
1305
6684
1301
3909
48
4358
1297
49
46
847
88
1308
3900
3904
6057
1131
40
2131
4869
43
6685
2317
1139
2138
2534
4862
6052
843
842
1300
6823
3903
42
4943
3116
4863
6667
3112
5428
3273
2094
2901
1309
89
1850
6686
290
879
3277
2784
6047
1274
1290
4526
1306
339
4521
846
2753
4710
3684
2536
6051
2864
855
2539
658
6727
6433
1964
6061
81
1302
2371
1307
7043
6888
3111
3908
6660
1152
3272
4716
3910
6748
1244
3504
4061
4690
623
4787
4692
3144
692
1303
2125
6668
6820
2127
1130
2140
7044
4963
3114
1804
78
1048
6059
2531
6455
6701
2379
3899
4177
3551
6209
6754
3901
1134
4246
2211
1499
3926
1149
5744
5183
1257
5593
1251
3852
4866
6064
1397
36
5673
6069
840
128
1392
4343
4163
1982
6732
2397
4974
3610
3097
39
4629
6750
4660
4232
1679
7042
2124
2120
995
374
5086
3271
4462
4250
6105
3147
2537
2387
2377
5753
5141
257
2464
3115
5990
375
5396
4547
872
5886
2050
2389
2644
3807
3875
3912
6722
6799
123
1390
1138
4860
6892
2783
1154
1654
6757
4691
7030
1862
621
2556
6218
6663
4780
427
578
473
2793
2479
3837
5677
3552
4385
6666
5186
2102
6585
6664
3918
6800
2433
7135
7119
5361
4522
4479
7061
1275
4840
7039
4444
1135
3911
3804
5468
85
3073
3801
1910
2708
4964
2532
3343
2028
856
6046
4971
4696
3361
2533
6359
4050
4782
4059
6071
1876
4170
6078
1993
2899
6163
4199
5978
2619
2518
2687
6487
4009
1630
2035
5879
2354
859
413
5201
3060
475
4873
2649
4864
851
2832
2817
2865
4712
884
2710
836
417
2737
2436
2517
2598
2391
4972
352
4861
3078
2927
4875
2530
2645
4874
4626
4959
3895
2336
6497
3689
6463
1069
1690
6425
1063
1059
3671
3703
574
6386
6351
1873
1875
2351
6196
4114
4119
6116
6387
3711
6508
6511
1206
7108
7104
7101
7076
7066
7041
6984
6861
6850
1128
92
93
6694
1369
122
1395
1438
3808
3970
1532
2002
224
4090
2093
2061
2077
971
5709
5684
964
5671
3119
949
2137
4243
299
2212
2249
4419
5391
935
5382
5374
2276
5354
2334
5423
5857
2797
5994
6055
991
2024
5898
2030
3341
2047
4407
3915
2861
4080
3598
4238
3592
3578
2922
4761
4137
2813
3507
3099
3921
4717
3118
4242
4631
3657
579
4695
2889
3653
4038
3416
4042
4625
2894
3976
3061
4053
3063
4574
728
3627
3331
3400
5405
4794
1905
6155
1945
6100
6098
1997
6074
2019
225
6056
6053
1880
5995
2039
4784
5786
980
2065
5736
2104
5646
2106
5629
5594
2031
6238
6243
6261
7145
1211
1245
7081
1159
1157
7045
74
1126
124
1470
1535
6498
1555
1724
1761
6404
6390
6385
6384
1829
6356
1871
1872
6297
2126
5528
987
5466
5193
5185
2460
2461
5177
5150
2516
2529
5509
5104
2576
2581
399
2587
2589
4973
406
4952
4940
2660
2676
2761
2767
4804
2794
4799
2795
2429
5231
378
3896
2385
2382
2274
5383
5280
2296
904
1373
1437
1453
730
1477
1493
1500
1530
3113
3718
1541
3237
1490
3853
1332
629
934
1240
1242
2113
1258
1269
2284
3878
1160
2109
3215
2667
2662
1125
1270
726
3686
1622
2504
2048
3309
2944
1961
1977
1986
2965
986
2437
1998
714
988
3333
2418
1878
1556
2512
981
3685
3267
2091
662
2287
1799
2583
2090
2552
2316
1045
3651
1041
3278
2923
2942
3936
1201
5250
6662
6661
4796
4800
426
4886
4895
4958
4975
6547
5031
5034
6533
5090
5108
4699
472
4669
6738
62
6858
4241
4247
4307
4327
4337
5109
6831
4467
6786
4563
4566
4577
87
4621
4389
371
366
6456
5608
5638
6317
5670
5761
6301
5843
6373
5874
6224
5984
5987
5997
6186
6161
6075
5893
4181
307
5363
5178
5184
159
5198
5205
6440
6439
176
340
6421
5266
333
5273
5285
5287
322
5254
6898
6132
7067
4130
7026
7074
610
4108
4032
7054
3930
575
3971
6959
577
6909
7034
650
5271
5214
1716
652
3978
618
2404
5237
648
6428
651
3452
1741
2366
6414
5278
2352
2337
1241
919
5
1783
5349
6395
2290
3802
3715
6420
2425
5210
1256
1543
152
5125
1169
5128
1254
6473
5143
2503
2497
5157
5160
2475
3706
2469
2462
1249
5181
1645
2442
2438
3694
5188
3695
2434
7115
2427
5366
2421
1636
5369
5386
1800
1210
6192
3917
3923
5865
5860
602
3841
984
982
6304
3815
1870
2052
5842
1863
7152
3891
1970
204
1924
209
6103
1919
6164
1990
1022
3898
1911
221
2009
2010
1992
1057
5752
2076
3805
296
2135
5481
6382
1823
1843
2147
5421
3803
936
149
1802
2256
3940
2072
292
5604
5748
1037
6308
5714
5712
1856
6353
1853
2103
3809
2108
1202
5627
1239
5674
5095
372
5087
6774
3594
4585
3025
6767
3609
2964
94
4656
6719
4666
1335
3619
1347
3620
2893
4698
2877
1364
7060
125
1375
2859
1378
126
4764
786
6665
3639
3076
1279
4537
4527
6889
3387
4194
4200
4218
6862
6859
4178
6857
6855
4275
4301
721
4303
4051
3247
4330
6839
3553
4349
3213
3194
736
737
30
4396
4397
4415
4116
4493
1136
4783
421
428
832
3663
415
2591
841
2715
6597
831
2796
4977
816
3682
422
3673
418
396
4981
133
5054
7109
4865
3652
2785
1411
2607
2778
1088
6518
2765
2610
6576
6523
2616
2756
2754
429
849
1399
7113
6830
1631
1775
6481
7136
6887
6503
6884
6871
6976
1509
6255
1508
7006
1562
1587
1879
6848
6246
6980
1495
6789
1259
6601
1842
6695
1451
6632
1811
