6687
6688
3902
6682
41
3906
1293
6680
6689
1298
1296
1132
1299
6681
3905
1291
3904
1294
1304
1301
3903
843
3112
1295
6684
6685
842
1292
4199
2534
6057
1305
2537
45
3900
2139
3909
6686
2536
2102
6078
44
2317
6059
1137
47
49
6683
1128
4196
1308
1133
3908
2901
4875
2530
6268
427
1152
1297
7042
3116
46
6820
374
3852
4877
658
6727
1300
6754
1154
4626
6971
48
6799
1654
6116
4629
847
4787
88
2290
4695
1159
2619
6056
6467
6460
1306
2120
4358
6455
6433
2927
4963
1134
6047
5761
4691
2832
6469
2531
4198
3901
4192
6888
4191
43
4101
6218
4862
4242
2922
1303
133
6046
2896
4696
2131
2889
4974
4391
1126
4863
4193
4781
40
7081
3610
3609
2072
2064
6356
1131
2584
2031
1945
4194
1151
4547
1139
449
6373
71
1622
4873
1149
6909
1821
6511
6425
2077
3115
2556
4246
3114
2583
5852
6497
2593
123
5190
2334
1290
3111
290
1353
5088
5086
3912
1373
1302
3418
2437
3459
728
1630
2864
6052
2533
6774
395
5157
2009
5125
6750
5087
1251
5719
1245
2753
6709
4968
4964
5280
6069
5879
1949
2125
1244
6192
1679
6490
4285
3910
6487
4690
4692
36
3602
3916
4710
651
3973
4477
855
6404
6473
980
7155
4250
1125
2582
935
6976
6225
986
5051
2769
1173
6959
2633
6504
6632
5857
5893
1631
5780
5996
6591
5753
6036
1940
426
4071
6061
5551
6861
6622
3834
1307
2452
6421
6500
7089
4524
4535
1127
7044
1121
4869
3311
4757
3341
1048
6667
4878
4190
846
4879
692
1320
4493
2397
3693
3118
3684
2479
5193
3679
6465
4232
5509
2071
3907
204
3144
1802
5771
5962
1822
1829
7088
4042
2076
3918
1990
2006
406
4625
6088
1135
401
2066
6732
6064
2576
6612
127
919
2735
6427
5050
3452
6261
2761
2648
1176
1175
1174
6420
1257
4971
1120
6823
6075
6599
6522
6085
4632
6087
1437
6246
2737
257
1432
224
5079
7154
3470
2073
574
34
1673
2091
7108
6871
42
4972
1477
4031
142
1541
1530
5990
5768
4032
5747
5744
1129
1873
1875
6039
3944
988
6846
6055
6537
1947
4070
3215
1948
3899
3230
4731
4072
3919
2793
6580
2921
2079
6508
159
4201
4202
81
5282
1369
7030
2903
2436
1138
299
6974
2489
2323
5213
5141
4620
122
6485
3658
3654
7110
4280
6360
6701
4943
5163
6650
950
4177
4240
5445
1354
4876
2303
1025
5474
4119
2138
60
1332
6626
5442
6627
4130
1263
4108
4621
5423
6211
1358
6359
1378
6649
6441
6660
1637
1172
5957
989
1375
732
6598
936
6647
1636
6163
6778
6592
6531
6435
1278
6630
959
856
659
6501
6238
6297
1130
1334
6635
6585
6659
6748
1153
6099
6498
1347
6576
1179
2256
2427
5008
2778
128
4339
7119
3553
3578
2687
285
5095
3598
115
7121
7014
2666
2587
3643
3652
2538
5186
2461
4592
5268
2395
5315
3668
2329
2294
2589
2293
5000
4979
3273
4656
4660
4548
4539
3199
7085
152
4717
4783
3411
4788
4797
4995
4804
149
4865
3016
145
2997
3450
7115
7039
4397
2899
2894
4367
2851
3063
3680
4623
2185
2004
3837
7151
5603
5604
5642
5652
3866
39
37
1905
3911
1876
1870
2008
5752
3915
4065
4061
3940
3942
4038
3968
5775
3976
5788
1783
1717
1716
1710
1828
2021
5633
5528
2103
390
5510
5492
4129
4170
4233
2117
5486
2062
4218
5468
3832
2035
3695
6488
6590
6424
3666
6595
4289
4000
3711
3390
6600
6401
6606
4003
4245
6386
3691
4549
872
3664
6482
6484
3817
934
4329
3845
949
4336
4282
6463
3686
4361
3528
3878
3651
4366
4183
4247
981
884
4398
3467
4471
3414
1692
1150
3277
5554
5529
2070
1390
2081
1365
2129
5496
1998
5483
1331
2211
1309
2336
5332
5309
5286
5266
5475
2413
6072
5653
5843
1775
1632
1787
1629
5945
5772
1602
5602
5770
1811
1824
6014
1825
1879
5656
1495
1943
5984
2471
2517
5178
5886
4934
2926
1146
2962
2963
4874
4872
2895
4844
4785
3165
4712
1117
4662
1108
4657
6339
3044
4958
6291
2817
5176
2545
2552
2640
2649
1274
2670
1268
6226
2693
2695
2733
1242
2734
1233
2739
6255
2760
5006
3281
7169
2002
6772
542
6641
6741
714
78
76
6725
186
6642
575
6722
7112
6892
7101
632
7067
62
6694
6633
120
143
6901
397
473
286
6992
475
6973
6648
718
5393
3343
2318
5405
2228
5421
4543
4675
2063
931
4537
1037
6393
5428
3331
4542
2259
2052
2269
4283
5878
3272
3212
3264
3213
6893
2296
1098
4277
180
3218
5978
6366
961
960
4405
987
373
4403
377
3585
4407
2124
2121
7117
967
124
2094
3552
4377
6664
995
4286
6395
3400
3401
933
5449
3416
2189
2188
1621
6812
4284
141
2184
3461
2147
3387
4512
4739
4716
6758
5030
6100
2795
6776
2559
6097
7012
6110
6735
2554
6728
2819
1283
4991
2831
2541
4977
6964
519
2767
6111
1367
1366
1364
6773
5085
5104
1351
2618
2766
2616
5074
5150
2744
1322
2573
7002
1409
5153
2697
618
518
4962
7053
3025
4848
3030
4840
3054
4816
2410
1188
2404
1157
7061
1519
4786
2376
6800
5865
5304
2401
2532
2421
4871
2529
1262
2528
5185
2877
5197
5210
2883
4866
2888
2475
2467
1474
2961
2982
7045
2433
6785
4952
6449
723
6388
4166
859
1993
32
6636
3917
69
6492
684
3782
4066
2019
85
12
6593
1780
1872
6597
1871
3948
4200
7135
6629
4138
3846
3841
6518
5649
5815
6530
6514
6451
64
3887
6619
429
840
4100
1941
6544
5664
4080
1924
6624
7152
461
6523
6646
6644
1823
3653
452
2036
3659
2028
446
4009
3665
752
3996
2418
502
1804
1497
3021
5158
5129
7054
2644
3060
4090
2416
6186
2422
