5160
946
629
1917
5167
630
1914
5164
625
65
5168
1910
3897
5955
4485
1268
621
1263
4040
4030
1822
4339
4080
2794
4037
1919
1267
4911
4075
626
6094
6096
5166
6421
7156
5169
5840
623
173
4121
4076
4173
4129
3680
1916
2505
5392
740
6569
4487
5257
4031
7150
1314
1827
5848
5922
1000
3895
5953
6858
2999
2996
5050
5328
3171
4039
2294
624
6860
5561
1828
3488
4781
1214
3169
4137
7109
1542
6864
5612
652
6842
6899
2470
5474
3912
123
635
1824
6190
6090
1987
6268
1240
6324
4459
6869
6425
1591
943
4785
1869
6409
2990
1826
2821
5463
3012
2689
2031
460
219
6069
1721
501
5928
5927
3421
3483
6859
204
1911
5165
2502
4120
2383
7057
4038
4915
4799
4787
2650
1986
2295
4172
4148
1386
1266
3481
4132
4916
6771
632
533
5918
968
5705
1069
1064
333
2797
265
2789
4390
2784
2757
1810
1804
6198
1791
427
1261
2672
1342
1097
3893
6455
3945
638
5080
2077
5199
1374
3850
2032
3914
4788
1783
3017
6555
6902
6115
6111
6110
5185
2682
6095
1262
6093
1982
3063
2997
4783
743
1111
4560
1912
1915
7152
4634
3997
1859
4405
4399
3891
6879
2795
2205
4397
372
1829
4391
129
1378
378
7123
2985
3199
3400
704
5911
3695
2293
5708
7016
1311
5067
4049
1312
5707
628
1317
631
5700
4092
5704
6775
4894
2009
4170
4142
5988
1494
4858
5279
2296
4882
1492
4889
5163
1056
1465
3168
1265
3390
4177
4632
622
5031
3999
5284
1074
6424
4563
3233
3651
4070
5944
3111
4896
4181
5196
6194
545
5877
1796
5459
1115
5220
3480
4902
1820
4719
4255
4912
852
5838
5631
5738
3590
4127
4041
3460
213
2246
7048
6866
2604
170
171
6840
202
6561
2799
104
2399
6919
2683
2717
7066
6456
1939
2583
2291
2312
2613
6903
2656
2671
86
7069
2485
2480
2715
4186
987
4771
4786
4775
4206
3517
5226
6011
3546
391
596
124
1397
5301
3004
243
4050
2277
7010
1318
4917
2338
870
221
6577
2314
2611
3164
530
3417
4885
3158
3419
2601
4147
2290
960
835
3607
3076
4855
3482
5890
4057
2301
4161
942
5099
3131
1650
4696
6033
3898
3815
4461
7158
5618
2930
6364
5486
5501
6362
4610
2540
7155
1858
1068
1856
1066
1920
2960
709
5604
2819
3858
3846
2872
3840
1913
4564
708
4512
1096
6447
2876
3829
705
2894
148
1098
2961
115
6251
742
5394
1043
1218
1042
6774
3916
748
4392
4420
4360
1555
2977
1027
1055
636
370
6871
179
6882
90
2501
2075
3890
5068
5180
1585
3853
3617
1330
4101
1503
3298
4099
5586
5038
3366
2507
1495
5055
4081
6704
5396
5044
3824
3519
2000
3475
6722
1622
1624
2091
3899
4043
2477
1373
102
5476
2057
5839
2515
5648
5250
3949
2550
1444
5248
5913
851
3428
6846
5141
5908
5907
808
5130
746
5224
1620
3894
774
3855
2962
7054
4851
2202
1065
4168
4423
6236
1862
8
947
4712
2304
1821
402
4462
2963
6292
2292
1264
6218
7107
6199
2249
3007
1953
7103
6136
2173
1059
4188
4243
4635
244
4248
3256
4796
2310
1151
2688
6130
7162
3224
6061
379
1497
490
4534
2201
2349
7018
2351
1221
4536
6442
2649
4252
7026
4672
1877
1292
2991
4886
6401
7159
6102
1293
4216
376
2662
2994
4893
3948
2227
1051
5428
4663
2206
3956
2203
4660
745
1220
5360
2204
7012
7151
689
2536
3859
4528
3876
1126
4489
4488
7161
4572
4486
4480
4579
4458
1076
716
4426
5478
3973
4623
3910
6863
2059
5455
3915
4625
3917
3921
1422
4717
3975
5136
1276
54
4059
5121
4157
4069
57
4146
4883
1351
4888
4890
2102
2298
856
859
1294
4078
5064
2392
5048
2337
4914
4093
5007
69
4126
4948
1316
2397
4053
1363
2096
3978
5308
783
1405
4703
4709
1404
3994
1401
4710
126
5278
1224
2503
4249
2240
4736
4850
958
6960
2461
2467
2273
128
969
1260
4797
5181
4794
4218
4233
4042
6452
2533
3243
428
2587
1784
3484
2690
5832
1794
1795
6197
1801
1805
5795
1806
3532
3535
1596
3578
373
2792
1935
6238
5724
6518
5846
5727
392
2771
2576
6750
5740
6235
390
6494
6550
6551
3247
6688
493
6018
3234
2647
506
1989
3193
6576
3166
6099
5956
1971
1749
6137
3401
5873
6164
6163
438
3438
3072
3016
5903
3117
6149
6145
1757
3411
5934
3097
2559
5757
1870
6270
643
3648
6423
6422
6788
2038
6322
2897
1840
5664
2036
1516
1517
5601
3652
6420
6461
633
6458
6491
152
6392
3852
2039
6259
174
6277
6264
2983
6773
3682
4482
4471
4154
6143
240
6407
2297
1091
4860
4575
6147
1881
3119
4576
4854
239
3098
2992
1753
4943
6440
3856
299
2347
7165
486
4524
2336
6429
4901
4139
4897
1129
7044
2685
4887
6468
3147
2874
1291
6379
935
4868
3143
1886
4880
2946
3018
4743
2361
6272
4245
1816
4416
4728
394
16
4659
4398
1223
1842
2780
261
4662
2179
1026
1212
4691
4280
1199
6253
2993
4388
2207
2781
1874
1815
1811
6475
962
2925
964
3015
1075
2157
6185
6339
424
1855
2251
253
1787
6309
1063
4792
4791
2966
352
7144
1248
6225
6227
3002
2172
3008
3249
5555
2384
1432
1429
1424
3644
2575
3977
5319
1412
3992
785
2644
1402
2069
1394
3646
1593
1390
3565
5780
6898
5806
6901
6904
5198
1625
6917
577
5184
2586
2590
3568
5171
620
5347
3854
5529
5566
6848
5568
6847
1490
3884
702
3823
5608
3820
5500
6849
6770
5490
5484
2056
144
1462
5465
3654
5671
6865
2546
2548
1445
2555
5395
6772
3688
5857
1114
2391
3329
2609
3430
6700
7004
1673
2600
5905
4994
535
5003
5118
6983
1353
5972
2389
1656
197
3410
5984
6706
4084
