6690
1832
6790
1839
6696
548
3065
1830
547
6529
3234
3238
7005
6698
3232
6545
3231
3196
7008
1837
6178
6154
1833
4158
4054
3061
1836
7000
4686
1835
110
4571
5417
6323
1488
861
6811
4685
5229
541
4058
6794
7001
354
1589
3237
3074
3230
3513
3060
116
4837
3951
5220
6837
6173
1478
5841
6795
7122
4687
2891
357
360
6549
1868
3063
3494
6280
2813
2690
3567
994
2540
3137
6699
5564
3217
860
3236
824
5497
7128
6176
731
1838
4738
4652
2394
5853
3356
6327
2424
5343
6153
6793
3075
6791
2071
1991
6838
1668
3132
5269
5419
5422
5143
5580
4922
5617
4920
4858
4775
4655
6137
6177
1678
6329
419
6397
3239
3190
3140
3139
6676
6886
925
6950
2558
5205
6604
6798
5411
6796
1233
6697
5536
6486
2324
3605
3067
6642
6643
6540
3064
5758
111
4747
6394
7144
2552
1879
3506
2950
5462
4419
3216
4159
2321
2073
5221
6958
5291
7055
6521
5356
6515
6691
2561
289
1192
2079
1904
4016
4722
4596
2
4041
6287
4072
4659
2343
369
6735
4651
3104
225
5746
4592
2569
4645
2344
2166
6543
4656
4639
1831
832
2152
4946
7087
2721
6415
989
3227
6232
7063
6839
901
1636
4929
2779
4904
6144
2774
1582
1584
2118
3866
6217
5924
6086
5024
6792
4205
199
312
3518
2848
411
2327
1415
5191
59
4654
865
6983
726
3233
1236
1841
5682
6605
1852
1237
4476
367
6062
6079
3671
3702
6306
4150
3604
459
4018
542
42
1554
3936
7043
560
4228
6368
4351
3353
1329
4578
1332
3441
1333
6475
4573
2396
2555
1766
4452
4416
5974
4366
1290
283
3855
214
4933
2022
1033
5597
5543
5224
3154
3153
2952
2840
6679
2696
187
2046
113
2163
5013
5246
2699
5179
2784
3062
5623
2115
2353
5254
2112
224
3134
3069
2167
3509
4281
3514
4320
6428
112
3575
5210
867
3515
6470
1767
5998
5498
2042
5202
2913
6767
4509
4892
3047
412
4458
5420
1384
3198
2847
982
3739
4013
3955
7062
3794
484
3731
5360
3815
6152
3830
1586
6167
5352
1601
2775
2822
987
6100
4217
3614
6065
4211
4210
5146
6325
7028
6081
1455
6083
119
4185
5219
2698
55
5406
2854
5214
4481
6647
3262
24
2581
4945
4947
4716
7088
4981
3350
6528
5782
5567
2302
5026
2283
780
721
2589
4937
6624
287
3219
6614
3226
4819
4923
5548
3159
2176
5599
1941
2615
6597
6982
6646
3228
4650
3235
1313
1326
1323
1817
5071
364
2557
6692
5818
5812
5066
356
1080
72
5608
5132
7082
4753
4755
5259
968
5706
6121
4932
1039
5362
4376
4576
1531
930
4899
5516
1045
5530
754
4873
1325
1166
2365
5288
7167
741
6142
6140
532
6156
558
4460
5490
1031
6068
4215
5587
2323
5761
5416
4711
5944
1108
4658
5948
5034
4404
4451
5519
5485
4723
4748
7068
5403
2489
6094
5110
2398
1035
5914
5102
5410
5101
1456
4746
4735
7083
4577
3932
2319
2939
6503
3380
3383
2041
6482
2045
6468
185
3508
7015
3531
1753
6777
3547
6909
117
3569
2841
2077
2827
6330
3676
3677
3697
6309
6300
361
6831
2568
347
6673
249
1961
2158
6648
1942
6637
2151
2169
280
3207
223
2150
2685
6616
3058
3055
6602
6601
313
3031
3256
3019
3301
2959
2572
3341
73
2823
3493
1976
6207
3752
1606
1605
1649
147
6887
2787
6180
2132
6221
77
720
6592
3796
6594
6145
6897
5353
6149
1834
2342
1900
3937
2381
5689
125
4761
6712
5145
1902
3266
4744
3933
7033
7085
6989
7002
6987
4680
697
5181
338
4689
4710
703
1027
3328
1504
195
2111
5789
350
2117
3303
6141
7060
4721
6703
3068
3152
1144
5592
6188
786
6649
788
234
1130
6172
4967
815
3092
4995
5582
1088
3857
3133
1106
5007
5335
3126
3116
4936
1906
5331
3157
6513
4835
5533
4853
5637
2433
5534
2441
3221
3822
5125
6628
3197
515
7121
2300
3192
229
4924
5609
272
5607
5605
2154
2562
894
5186
6341
6063
899
605
3613
2322
2697
1434
4275
6037
430
2829
429
3586
6902
4349
4017
5215
6797
137
4371
4375
5413
2811
4323
4408
1659
598
2526
571
892
6093
4118
152
4126
896
4049
3717
6305
6070
4163
4039
6836
588
3730
3665
2543
6078
4204
6817
595
3661
1664
114
6392
5375
965
6450
182
4493
4410
544
1334
659
3491
543
3387
862
2777
2328
1315
3957
4595
3354
7011
4598
6507
5912
6447
5429
5211
3994
1761
6413
4007
415
4456
1382
4437
4457
1746
5384
6785
2817
2693
2673
5241
5195
2304
2040
5148
981
2885
2826
5216
5266
5198
2976
2969
1032
5298
934
2047
2956
963
5032
5097
940
1049
5093
1072
1988
3071
2768
5182
2140
1600
1974
2406
1673
4125
2399
1475
3713
2547
3638
3637
3631
4220
4073
3590
4337
3551
1406
3549
2548
4401
1388
4412
1750
4433
1762
4254
1667
1665
2416
2457
1602
3867
3831
3821
1579
3817
3812
3810
3799
3934
3791
3790
1635
1642
1552
3988
3762
2420
4015
1651
3736
2514
1525
4036
3501
1786
4559
1787
1200
4838
3223
2358
4869
4872
3222
4874
4901
4905
3195
1162
3156
1940
1947
4939
1948
4949
4959
2162
4976
4990
4999
2159
5020
4828
1093
3224
4810
3410
3391
3386
1815
3357
4594
1308
1300
4653
4683
2387
1849
4712
2574
3304
4727
4731
3295
3269
2597
2177
2170
4756
4772
2369
4818
4728
3584
5347
5532
5517
5511
267
260
540
549
6650
5477
5476
552
757
5626
6695
5427
6704
6710
6722
6090
5424
6084
869
6745
880
178
627
5670
6634
282
284
6623
5584
6347
6318
6317
449
6454
5588
6480
467
6488
6500
6506
6224
6815
6508
482
486
6214
820
6203
498
6595
6599
6607
6609
517
6613
6621
6541
6816
575
