6692
1872
6691
1874
1876
1871
3064
1873
3062
6697
3580
3232
3586
3212
3231
3588
3581
6696
4576
1870
6177
3230
1939
2690
2771
3513
1933
5226
4049
2778
3067
988
1879
5225
2772
2777
6178
3216
3217
6699
3587
7140
3589
2552
4683
1456
4573
3584
1877
2779
6392
2553
338
7121
5822
3211
7082
6284
6176
3237
6394
7144
3001
4329
2565
4270
3238
4579
2411
2730
5001
2753
4571
4570
2320
2773
1673
4575
5356
6591
5309
459
5041
573
6871
6790
2770
2302
4479
5007
5563
6795
6576
2735
6937
5207
3254
3210
1935
3159
6594
2436
2561
1878
185
187
6559
188
482
5005
4893
1388
2492
5013
2568
6595
2693
4818
7086
4996
5224
6540
5463
4998
6671
5464
6886
2414
2410
5498
182
5039
2564
2540
6395
3030
4680
7122
4685
2065
3234
2541
2502
2309
1804
3368
183
2560
6913
6811
4812
4168
1338
3065
6796
4159
3031
6613
2826
6288
6330
878
6525
2817
5285
819
6679
2472
2418
3037
2045
5564
5063
5129
4747
2739
2412
6993
3190
1053
3116
2822
1135
6066
3219
4484
6802
6805
7106
3995
4126
2643
2307
5289
4634
2607
2668
6676
4862
1802
6048
4863
4046
837
6640
4816
3213
4418
4572
2542
4040
2300
2004
2754
3582
5126
1666
2879
1902
181
334
5917
5046
5562
2498
5307
5369
2417
3063
5466
4039
7136
3060
3909
6509
6933
6639
6157
337
4999
3998
2640
6925
578
4993
4990
6845
4989
5497
4994
1627
4860
6631
4247
5006
6833
2251
3176
6401
4376
5180
5222
6807
6386
4869
5362
3493
7065
4181
5910
4517
3312
4591
6266
2874
6480
2393
3119
2483
6793
6997
5282
3986
3817
6653
3214
6600
1207
2734
2662
1554
2555
1093
3250
3848
6529
6655
1812
3074
2956
621
6602
4868
6285
4121
2014
5311
3077
6864
5150
6767
5392
6690
6651
5280
4341
4639
2184
2134
5408
557
4267
5335
4058
2569
5135
2451
6281
6636
398
396
1256
5035
6659
3555
6693
6138
6258
2089
6624
4739
1060
2484
2366
3411
6853
2135
6908
7028
189
6457
5915
858
3619
4179
3994
4413
4923
2829
5229
2340
2272
6046
6603
2256
734
6914
4182
2731
5773
2243
2813
2855
3881
7105
36
2891
7097
859
2775
5186
2761
3583
6571
5872
4449
2126
5630
4856
6093
6426
4033
6879
4855
3036
6564
5221
3901
1510
3471
2509
1518
1162
3478
6421
3631
1530
6618
6569
2881
4550
5469
346
6194
2733
5047
1475
6207
478
5877
1797
2823
6575
1013
1930
1619
5467
5711
6680
5585
2488
5124
331
6283
6538
5606
6488
3256
6497
6310
874
3301
6307
333
5130
548
7128
3111
45
5824
6611
6363
7089
3960
4742
7092
5284
2969
6658
5588
3571
2353
2231
3900
7107
5091
5003
6759
3035
2113
5043
2369
5682
1240
1629
2651
1373
6601
2656
6041
3195
380
4859
2172
1807
3576
6641
6080
6939
711
3906
3572
6633
4776
6634
6915
6607
6606
6919
6062
3392
1875
6605
6938
3071
2567
2627
2556
244
3769
2317
710
5479
5914
5913
4373
6455
1450
186
3034
2275
6882
1010
4896
1932
4854
6850
3215
6798
3561
4810
5511
2333
5991
930
5986
4851
2249
5675
2550
5198
375
1994
2132
3831
5127
855
2247
2131
6526
5125
846
3613
4687
6492
6598
6644
2337
2339
6397
6400
5234
3573
3026
5267
980
6630
6629
6628
6414
3061
2189
2359
985
4133
6647
6652
4213
2280
5133
802
892
2397
1029
623
3578
893
5214
2294
6657
6656
2306
641
6579
6587
5212
1046
2558
589
2660
1391
4804
6960
3199
2682
2684
1382
5528
2698
5539
211
2706
4819
184
180
225
3192
5305
274
1936
6123
5008
360
3776
1919
6101
4995
329
4992
4371
6891
6902
6073
288
4964
4379
3841
3218
2890
4415
5607
3308
7117
1720
5784
5618
7129
5764
5755
7143
26
5677
1664
7158
4858
12
5718
5815
5431
5820
7102
2888
7020
151
2883
2882
5855
2752
5567
1511
1516
114
7081
3235
1526
5842
5841
5589
5827
4358
3997
2028
4339
5406
5329
3517
1982
6320
429
1095
2490
6179
2549
3706
3504
6794
2562
6792
6273
6791
2945
4330
6755
5053
5029
528
6220
6222
5360
3492
5352
2060
2450
2566
5120
1241
5030
6137
4554
2421
4113
1267
3422
6332
4346
1962
4111
6254
5036
4345
4562
6698
404
851
4467
3536
5220
3497
3298
5760
5613
3113
2151
4207
3233
6475
5690
5853
4653
2258
6269
1642
1058
3244
877
3307
2087
879
4215
4470
4605
2250
3049
4468
2235
1736
4635
1614
5302
2253
5830
5834
2138
5766
1059
4357
5351
1386
1862
6173
1374
4649
1370
6044
5407
6072
6154
951
6091
954
1988
4370
5246
5460
5417
6116
4545
4549
6143
4552
6121
971
4228
6407
2180
956
1508
1395
935
4423
3543
2219
3341
1789
1791
6370
4416
3547
5374
4412
5379
1815
4229
1451
1824
2002
5938
4402
5974
2170
1847
6181
5987
5994
6004
5227
934
6186
5205
3618
3884
179
2539
2545
5139
2546
2547
6799
2548
4899
6590
3710
6654
2661
6573
432
6570
626
2996
4828
132
6823
2563
4959
7018
2860
469
4846
3835
3719
6632
7103
2368
6623
6622
500
6638
5155
2791
4745
2377
202
6616
235
2681
2470
481
3655
6968
6650
2464
3936
2667
5093
5203
2571
2858
3810
5031
18
4119
4961
5195
6686
2413
371
6906
4756
6524
2416
2428
6888
577
5123
6858
5196
575
574
332
4041
2424
320
6868
2828
2644
4162
2646
400
6541
265
6837
5132
7029
7026
2574
4963
6532
3703
4411
2701
5340
2702
3359
2736
6760
3361
5916
4890
6297
3118
5331
2102
2964
3512
6304
4736
2438
2709
7016
6707
4730
150
1794
3516
6280
5111
3984
6275
4110
5119
2892
3226
2433
2434
4733
5348
2435
2467
1801
1806
5353
1131
1079
2738
5202
2697
4002
6057
