6719
2083
3241
4684
4744
3240
5537
16
2161
3246
2763
2084
2566
6443
5918
2563
2086
4171
6257
1956
6717
6259
3247
2089
926
6814
6713
5908
682
5866
2085
2728
25
5860
2160
5447
6240
681
5185
12
2255
5911
5170
5919
6446
2726
683
4749
2169
3249
5333
2391
5867
345
2729
5778
5933
5505
3387
5783
2765
5539
15
6251
5661
649
5136
1090
7030
6463
2162
6816
5206
19
921
462
6462
2567
641
2165
2861
1993
5775
4064
5864
3532
22
6377
6444
2288
6437
344
3229
2762
2166
5172
461
3245
2340
5139
513
4172
3705
3704
5902
5909
6379
456
468
5487
688
5639
2365
2727
4792
4152
6431
3320
5204
2163
6244
646
299
1608
2087
6440
6818
343
342
66
5189
6715
2498
7016
2676
910
2529
645
493
497
6256
4888
3841
640
6567
924
684
3385
5642
3717
2283
460
685
5865
6712
3150
6436
612
6336
5901
417
414
4779
2725
3242
469
2673
2865
4333
3814
5270
450
3713
340
4909
6823
5130
95
883
2088
7113
6669
2560
6663
6661
1094
130
5442
4887
29
5495
3583
4344
1404
2296
3326
1235
3439
5939
4170
2863
452
454
3355
6810
2080
5384
642
5868
6445
3715
3979
1119
6010
2564
6449
4668
5235
57
4504
2721
5446
5472
692
4350
2034
693
6824
2282
5916
912
5443
6374
3391
5183
1642
3381
3843
492
3480
2833
6766
1453
1099
3034
6014
594
3033
2768
6565
6250
5137
5875
11
6246
1301
6586
6580
13
21
2499
7112
6442
6132
2033
4798
3766
1097
695
7035
5410
5940
6474
4470
2285
4386
4833
3709
3701
5209
4177
3165
2869
2287
4221
929
1026
5921
7072
3223
3489
1680
2603
5134
2357
1212
7071
6860
703
5883
6981
1951
697
686
6111
745
453
5632
648
2208
5927
3714
5188
6241
5936
3622
2016
724
5942
3389
690
2019
2764
516
2766
4551
2014
7011
2493
1962
4194
5181
4432
6677
1217
2755
5937
5928
5186
107
793
1906
6498
6560
3161
4004
3793
237
238
805
2862
3484
2830
3978
4718
4832
3162
2837
816
2985
262
4065
6432
849
5861
1601
2886
3039
3722
1723
5386
3248
2286
6252
28
4773
3858
14
871
5876
6073
1924
4772
2013
3015
3702
242
3703
4060
917
3792
4183
2592
1238
2168
2561
70
5182
6819
4062
782
1569
1539
4760
4192
845
2880
4841
2577
1559
1439
5535
6184
710
1432
1841
5568
675
78
7111
6318
2868
2867
6986
3035
3036
1016
5913
2281
3358
4864
3711
3710
4712
4569
4708
1961
1960
6496
6439
5750
6016
132
3103
1290
3533
5541
5504
5636
3719
6482
17
10
5553
335
6249
2797
5112
6754
5753
284
2487
2724
5863
6108
2599
6434
4074
3163
5825
3321
281
6013
5332
6842
53
1390
4154
2495
2396
1370
5759
4667
3057
4253
2494
5869
6820
5932
5934
3987
6693
1535
3361
114
3656
2289
6247
3537
5406
5756
4507
5752
6718
5077
3417
5146
5074
2510
24
20
643
644
4
50
3151
3630
2114
5777
1663
882
3517
4541
84
4539
5135
2569
2099
3141
5365
3135
5367
3128
5383
7123
915
3325
3483
6550
6092
413
4645
2723
1399
3323
2280
3708
6683
1409
4173
234
2864
787
4178
6320
3813
6242
2195
399
5580
5187
5098
7039
4692
2429
5885
4979
5595
3453
4330
5663
4705
7050
4331
1279
3466
2442
4716
5174
3303
7090
1617
4286
4186
1022
6665
6514
2794
5562
4777
5492
1202
5441
4952
6978
3332
6740
3226
2018
1024
1483
1772
3191
923
1737
1210
3595
2012
2188
2675
488
1784
6773
4774
2891
2217
3570
1028
5163
2253
5144
6826
5148
6025
2241
3451
978
5175
662
6076
6044
5118
4368
922
4400
4274
848
3432
2278
2211
680
2276
3608
4365
2492
6015
2212
844
914
6846
1019
6848
2258
5560
1242
647
6554
4715
6552
5476
3265
282
4714
6547
253
4729
4734
239
236
1417
4719
6538
3738
7051
3718
5889
1959
3297
3296
7015
5530
1957
5886
4688
4975
5656
7041
4704
7017
5323
3818
2884
4845
1562
5770
4867
5722
5754
6468
4880
27
23
18
4886
1611
5387
5389
3013
3010
3889
6347
4776
3224
6363
7114
1485
4812
1496
3856
5341
135
1692
2980
4831
1525
1274
4150
2319
4151
6702
5907
463
465
467
3330
1160
3338
4237
1113
4198
6196
4519
474
3641
5910
2653
2015
5493
1108
3335
1110
5619
5052
2048
6194
6199
7004
1063
4498
5232
2597
420
4563
3716
1137
3624
2139
5610
5896
2759
6714
5906
1058
4664
4358
3974
6389
3548
3882
5337
4233
1504
1730
1966
6419
3539
6441
1060
1062
5143
5200
3623
2311
6461
1568
5361
2298
1564
2122
1095
6078
6427
6426
6464
3535
1664
3642
887
1563
5440
1792
911
2011
3749
3739
1337
1336
955
3728
2200
4123
4321
969
1305
1303
1950
5168
1297
1294
3575
1981
4158
4157
6758
6753
3554
2191
5478
4343
1476
3840
5508
1460
5330
3597
6344
5328
4025
1433
925
6689
6326
5210
928
4211
4195
4069
1398
1396
4080
1214
4284
1371
1163
3735
5561
2785
4709
7098
2786
4782
721
3487
5570
4501
2521
2522
2682
3221
784
4703
163
160
384
5662
317
4670
6867
6829
6009
2879
6987
2687
4437
285
4443
412
273
7057
2720
6859
264
5862
3324
250
2711
6998
4710
2866
2425
3327
5904
4444
3450
3448
464
3192
5071
4717
689
5070
4582
5774
6006
4823
372
3349
5931
3077
4523
2341
3394
4381
5660
4882
4548
4681
2792
6813
3124
831
3401
4516
5881
799
2373
5804
617
2538
138
2970
2462
2562
2660
813
4839
3438
5917
5133
3337
614
709
5
4590
5949
3318
1291
1953
3311
1976
1958
1975
5645
3304
1969
6604
3294
376
5554
410
5222
512
5497
517
5499
2045
1166
6208
