6708
1015
1102
671
5917
4601
1017
3338
6869
6711
6899
1658
3777
6718
4608
2721
1105
6241
2314
2005
248
531
5661
292
4339
1093
7048
3890
677
5897
6706
1091
6039
3105
678
5476
7069
5885
1311
5076
644
6137
6712
5275
7028
1111
739
6258
5763
1098
4067
5937
687
713
6702
2007
6999
431
5889
6780
5458
2312
949
2885
6977
5566
4604
1097
1651
1439
5941
2424
921
2324
6993
2006
448
443
453
4076
1319
83
5873
706
6139
3369
6896
6031
4674
5447
4694
148
779
3123
704
5888
2614
3095
2009
5647
5883
4904
1280
1603
5876
5881
2749
5314
1653
1789
3983
535
5470
1656
1942
456
2437
2361
2356
4519
2310
4602
4678
4679
5164
6710
4901
6942
4965
4966
4969
1987
447
450
2105
1609
267
5651
7112
2884
3545
774
1019
3941
646
5843
3944
945
1100
943
940
1448
5672
1402
3286
1441
5557
1416
5722
7049
5512
5784
2183
4971
5882
707
1284
1313
1318
6703
725
3443
2475
4330
2458
2505
3284
2386
2376
924
2523
927
2318
6229
6240
6890
4262
4259
6366
810
3774
2821
6447
5635
487
3940
6979
5443
1830
4007
1449
6435
5315
6991
5301
1920
1442
451
3846
1604
2304
635
5430
6080
5299
869
6102
5079
5619
5636
1652
6828
6438
6200
917
6504
6842
2456
5474
1602
2472
1611
6434
1786
4641
4605
5745
1998
5768
5140
5158
1605
5171
733
1248
5874
4834
756
5176
5892
1025
2167
5922
5930
6714
1122
2187
6725
1815
1814
1481
4676
820
5747
4632
6268
5918
1608
3288
3565
6972
4075
3019
7015
4101
3962
7113
3294
4151
2506
3383
2652
78
6990
132
223
2724
4028
4181
3847
3106
4150
3849
3773
7066
4968
6449
4141
4143
4145
6647
4962
1096
4171
1547
3863
1440
2904
6242
7027
1107
4027
5550
1483
6693
4839
3961
2647
6674
2082
129
960
6110
1090
4136
1650
555
2786
4054
5441
1678
6033
5419
5449
1839
5378
1817
835
4025
5306
5895
1755
5279
1836
3510
3287
5151
2003
5510
435
6254
6378
1598
134
3972
5154
6000
3975
452
454
1617
6872
458
3979
5472
6256
2186
1783
2527
1317
2256
1316
3562
5833
5933
4600
1305
5911
2421
2301
719
6195
6893
925
4560
1245
3046
5916
5823
2350
4515
1171
4636
1286
2392
2532
4405
1297
2311
3132
5912
4640
5840
3016
6854
2580
2450
4677
5887
4705
939
6853
3234
7077
4701
5783
6860
65
6873
3108
3782
5773
5914
3977
746
3103
1252
1059
5847
5459
4026
142
5853
6562
5319
5884
1223
542
6034
3177
5902
3644
5877
4021
1747
4000
1227
6538
5347
5444
5901
4022
1655
3181
5432
545
3820
3568
5625
1500
806
3148
5951
5644
5973
1355
3561
2887
3883
3549
1369
1445
3872
1116
1373
679
6396
5723
3825
5749
3821
7110
71
5586
130
1071
3044
1282
3040
3971
6475
1600
3689
674
1290
814
6274
5511
6456
1094
1567
1566
1302
717
714
5531
712
1314
5554
5475
1753
4172
4139
6253
434
6076
4575
4573
2303
2537
455
6971
4274
5097
459
7142
462
463
2321
4060
6616
468
5156
6641
922
2251
2633
2602
6713
6930
2162
6704
368
947
4708
16
4159
2217
6136
4872
4876
2081
4643
7150
6250
2069
4152
6648
4976
2365
3293
5199
6877
1842
502
4295
1026
4404
1021
1028
2452
2394
1852
7127
5241
1833
4336
1841
4289
4455
1811
2717
5163
6866
7164
1785
2727
2478
3080
3768
6855
4644
4347
773
3011
4671
7099
2363
676
684
6717
1404
3228
1401
4323
2184
221
1359
6326
672
673
4709
5757
4703
6726
3385
1384
2463
4203
5878
324
3227
3656
6829
4283
1289
2525
716
2521
5846
4514
3128
4510
6822
6204
2522
6885
1303
4287
5932
3280
5786
6356
3017
7060
7163
4360
3372
4249
233
5904
5936
3707
77
4258
4592
6773
2570
6715
6046
913
7005
5160
3994
3989
7010
2715
3987
5451
5455
1660
6498
6490
138
2676
190
6065
5714
5070
441
4985
7016
193
3438
5197
1767
4029
1759
2763
1029
5242
5235
6557
5308
5174
4024
530
1818
5390
1840
541
1843
544
1851
5440
6581
1583
3596
3546
2882
2102
2888
4157
125
6111
6113
5664
4981
3952
119
6117
5662
510
6432
3540
5612
3885
2096
3968
6461
6635
425
1565
5611
4960
7149
952
1443
2611
1460
3966
4173
6427
1115
3435
6038
6130
918
3449
1109
3196
3311
6121
3501
1075
926
6085
1012
978
3436
3170
5955
5959
1121
1054
6028
3572
6030
920
3231
1040
3560
4333
3618
4772
4791
2123
2088
4900
2627
2070
4902
4961
2650
4982
5027
2663
2678
5088
4079
5134
2719
5204
1846
1835
2743
1812
5249
5253
4763
2159
2612
2609
2499
2454
2512
2388
2520
2372
2357
2524
2547
4561
4571
2291
5260
4250
2572
2219
4202
4196
4702
2586
4704
4722
2600
2179
4183
2173
4237
3096
5318
1725
3810
5760
3769
1357
1356
5766
3008
5780
3721
3023
1308
3692
1300
5803
1285
5826
1261
3049
5848
5857
5858
5863
3646
1222
5880
5705
5698
2898
1461
1692
5417
5423
5424
5438
1662
2788
5454
5465
2812
1606
5495
5343
5496
5507
1578
5519
5520
5545
1554
5610
1507
2832
2836
2840
2880
1590
907
5452
808
7044
6700
97
6532
6370
6973
540
731
6974
445
759
457
6992
753
67
299
113
6716
70
702
771
477
6996
326
161
715
6245
6766
6347
6272
444
335
6442
620
7156
6895
577
123
637
6882
18
6283
6673
599
6484
6958
423
6878
231
801
6198
6199
655
7167
6431
5903
5900
4623
5864
4634
4835
4888
2175
2174
6709
4878
2104
2107
1229
6698
4848
4774
4817
4832
1205
4883
2385
2283
264
4299
4297
4292
4291
4288
4284
6867
5958
4276
6881
2533
2535
2538
4268
2591
1126
2274
