6710
6718
409
869
917
3978
657
6766
414
866
7115
5789
4349
3443
5472
6137
6717
6700
2489
1332
2365
3115
5196
2169
6706
1602
7111
63
741
7045
4904
2654
3385
5649
388
1022
1335
6703
6583
1336
5778
2478
7051
502
3044
2976
1651
410
4772
417
1605
132
6436
1130
541
4656
270
134
5210
3444
1603
1476
961
6358
3228
4696
2175
2843
2166
4839
1997
5748
5816
6086
2587
586
840
1759
865
4361
2167
2163
6345
5444
966
4965
4604
3432
5502
2836
4697
1778
7110
1025
4139
1021
3309
6496
5475
1647
860
1850
6459
6211
265
2588
6716
1369
2317
7049
3962
6727
6154
4573
6708
2583
6704
3105
3944
1137
2070
5299
5325
5554
5151
5998
4580
2893
5421
5187
354
5336
7149
5159
1993
6712
1320
6707
1601
5177
4494
5878
4732
3602
4004
969
4974
868
415
5072
6113
2165
579
3620
2475
3673
4137
4973
4403
6316
2136
4940
4344
864
6152
1765
6978
862
513
3951
583
2109
5871
6224
6713
5744
1909
6194
746
2315
4280
2316
6178
4581
4264
6731
249
246
5265
3559
5584
4336
774
6312
6475
820
6482
3352
6025
826
744
1020
1658
1026
6511
1028
3260
5693
6307
6080
1611
2177
3825
5359
1063
4115
2158
2278
320
4114
5341
6686
5801
2140
6438
4416
4433
2422
3059
5114
3049
100
2457
1331
7142
35
111
7114
1406
4723
7112
2741
2927
7066
4776
2650
4932
4628
584
779
421
6378
2096
967
4703
6067
3378
5876
1319
3496
6441
2764
5428
109
5658
4
6342
3885
6836
107
1991
5771
1375
127
2107
1286
6435
6100
5647
4449
4608
6413
2028
425
5449
1364
1226
3227
5371
1360
1311
810
3082
6083
3499
6553
1317
6081
5798
867
4141
4537
4140
5533
6723
4321
1105
6261
4674
666
5296
1990
5226
821
1378
937
32
4631
6735
736
1362
5279
5275
30
3974
7134
2134
6033
5581
1767
3961
77
6893
292
3554
5614
3976
6049
910
2851
124
4134
816
2854
138
1483
5526
1313
6715
679
4975
2050
67
5090
1762
423
2739
407
3377
6956
5941
6153
2622
794
3508
2477
4289
6245
1713
916
5547
4274
6300
2138
7034
2760
2150
546
548
6340
6412
5490
3851
3895
3853
3855
3390
2832
2827
3561
110
3441
963
5898
5079
2212
5759
5586
6013
5955
848
1189
7116
4177
6075
5194
2026
1580
1581
1600
1333
6084
6087
1100
5287
3075
2284
2007
6818
6830
6702
6701
6711
2304
4538
754
3058
5297
5849
6684
311
2358
3831
3721
13
3936
3821
2659
3850
3338
5385
1632
3353
3356
3357
6924
4419
1282
2043
655
4119
6469
6942
224
5257
4755
767
1134
5430
5893
6895
6909
6508
165
4735
1430
3288
863
2040
1216
3913
6741
1831
7124
1326
911
4991
5589
5764
6042
36
4281
913
5763
1371
7061
5717
581
835
3578
1956
1363
7099
1276
6101
5637
1761
3621
2711
2714
873
7077
4095
4971
3546
3566
6149
1337
2626
4259
544
3871
684
5952
2755
39
6063
6064
551
3708
3635
6057
3859
4924
4736
3954
5328
3161
4499
5873
5188
6579
1068
324
1572
2277
1866
6860
3171
1582
3212
6549
1050
3225
4730
5882
1607
1205
1434
1316
1617
4442
365
1372
3150
1929
6689
4685
1513
5812
1135
222
2591
6740
4920
220
2342
2607
248
5268
252
5235
259
6778
263
734
1535
1107
2311
2359
4675
5215
6709
3047
3046
1322
2376
3955
5125
1407
4752
5498
115
1401
4784
6356
5077
2458
5788
2152
5071
4348
5787
5509
4347
769
2144
1250
5239
1383
4858
4324
6278
2469
2121
4285
1843
2767
925
516
6229
5781
3888
4773
6397
5099
2216
4034
391
2877
3363
2534
3905
1650
5471
4761
411
5491
3376
131
4035
3898
1666
3421
3397
433
4367
3904
125
1659
419
6437
1845
1864
4036
5802
5770
5808
4015
1842
1500
1825
5346
1579
1192
1448
1200
1606
1039
1432
1626
4435
5134
5426
4738
1639
4406
5445
4400
1567
4693
1074
5199
1515
1133
1518
4588
4587
5266
1496
5236
5448
5288
5298
4678
5201
4534
5323
4688
4531
4502
4673
811
4770
5483
1770
4187
4891
1300
4183
5698
4151
5705
1339
1814
4132
4130
4128
818
1309
1310
4124
4196
1756
1750
4245
1665
1667
5493
4365
4364
4357
1390
5507
1410
1692
1379
5032
5583
1373
921
4256
1271
1365
5517
5519
4976
3373
6089
6076
267
2025
3244
260
2024
3449
257
2683
616
253
3113
2320
6536
6059
2141
239
3106
6318
6044
6575
34
2464
3277
33
477
29
6012
1998
3753
73
6722
3677
2734
2276
7015
2452
545
104
2695
7095
3156
2833
6208
307
3500
306
304
3572
3608
2313
2123
3655
3490
3370
2113
2156
3631
3216
2303
2055
51
123
6999
2685
5980
2885
2380
6910
2420
447
3045
5920
3090
3903
701
6481
6411
439
3386
17
6921
426
6846
161
2217
2472
2998
2907
92
5877
2923
5843
5819
3360
6880
7141
688
536
5951
671
1977
5976
3295
2159
3435
227
3285
3062
5929
7058
2345
5970
2157
2357
3287
1381
5353
4408
5441
4479
6470
4855
4439
94
5352
4480
1029
3365
6557
1260
112
3369
3359
4478
3213
3289
7033
4434
6531
5399
6530
3984
3306
1377
2225
2461
6489
103
1633
2259
3226
6523
7025
3245
1637
6546
6501
369
6551
385
5413
1027
5809
4777
3016
6813
2366
2891
2352
5229
6775
3076
3079
221
6767
5242
4618
4612
2340
2888
3091
190
2904
5200
4690
6872
1443
1449
4716
2909
1209
5181
4710
3099
2995
5186
6843
4695
6896
5143
2383
4692
2382
1468
3100
234
3104
5305
1543
4539
1409
1547
2837
5313
5082
128
6690
4505
3164
2830
4496
2283
7011
6581
1241
4512
3169
3118
2308
6746
4600
4589
243
3108
247
4585
6948
3117
