6726
5474
2061
5664
3419
618
2322
2067
235
143
6540
1943
2147
3287
2183
6415
2296
3917
4148
144
5884
2515
1497
2710
4760
5326
6199
3916
2060
4799
2065
3080
2066
2280
6191
2121
3978
6262
1949
4797
4151
3685
90
2575
4961
2965
1016
4149
2291
2223
6771
2499
646
2619
7147
2618
4493
6636
5937
5864
3918
505
3284
3351
6808
2127
140
1504
613
2821
4142
1400
510
5226
3017
4144
3912
2885
3283
2285
4664
1819
6363
2324
491
2649
4368
6230
1282
2495
2605
2239
1591
2292
1496
188
6990
423
6611
3014
1259
884
1201
726
5130
4180
1261
3316
2357
2512
2644
2356
1441
2123
5172
6066
4007
959
141
4110
495
3679
1721
6841
2578
4066
821
5911
4140
2326
2328
476
2392
1723
783
2282
3910
2960
4661
617
1945
596
2039
4794
2031
2511
186
33
348
1358
1031
2093
5262
2330
349
6625
6134
179
5458
4667
2037
5479
3107
6545
6643
5155
6102
5139
4626
6713
5665
6641
5780
4791
1184
6431
499
1019
1302
6650
1873
3919
4796
159
797
4421
1937
2612
4798
2297
1273
6198
774
1948
494
6604
4429
172
6463
3975
699
6629
648
4141
6319
4665
1449
496
5455
6750
4143
5917
7063
2122
5306
1440
4564
5301
6273
6427
692
6820
7123
6624
690
2461
1442
5264
3527
5931
4608
3314
6773
3911
3082
1038
4259
2591
6649
4666
4790
2570
832
752
2576
2579
3681
4242
3841
5383
4249
2298
6197
5837
145
3914
3915
1900
5841
6647
6889
341
6095
3097
2272
4147
5486
1659
3081
4705
2643
5705
6721
6632
3977
340
2966
3971
1453
6618
6605
5722
3368
5388
2962
6621
6722
1032
5610
6607
5495
1379
5877
358
6609
469
1258
6634
6654
3814
463
1116
486
1099
2942
1439
2501
146
696
3002
4245
2069
695
694
1852
4833
3654
1810
3281
845
2332
2095
854
185
4704
2092
7054
3618
1927
3103
4712
4715
4735
2880
6433
3590
2024
4669
6239
1953
714
6983
6269
753
3085
123
1932
6462
5055
3460
7108
5080
3297
5236
2726
2724
6831
2722
5967
6818
5224
1534
4453
2181
3342
500
6772
1490
2492
6770
3013
3034
5227
6894
5086
5092
3688
6109
6107
619
239
4152
718
3528
4423
3536
6552
940
5175
1652
6413
693
1171
691
3496
652
5771
5756
443
3579
6376
6195
721
3411
5932
3416
2711
960
948
6049
3707
6065
3819
6097
5883
5882
6149
1135
3828
840
805
802
790
3477
2792
6235
584
3858
6241
748
3594
6257
5797
6163
6092
4464
2616
1522
149
3012
2480
5072
4330
77
1494
1492
5307
6775
3104
2493
2255
7042
5386
1447
4668
3348
64
3270
7012
4037
2463
1926
2397
5121
1941
1915
2376
6991
225
3039
6993
4145
237
1913
3235
1910
3030
4277
5271
1564
2293
4842
5408
1936
2516
7053
2144
4411
3135
1279
5595
6651
6646
6644
2967
4424
5634
4930
4442
5661
5703
1202
2176
2185
3158
6615
5728
2136
7050
4560
1303
5481
4890
7060
5498
2062
3952
4991
5506
3355
4610
5510
2099
2327
173
2120
2126
5561
4244
126
4910
4247
4243
4898
4867
4241
4702
1940
2172
3511
2129
2128
4570
4576
4604
4624
4662
3570
710
6265
4728
4731
729
4738
4746
2281
1946
1942
755
6227
6183
2391
3658
5867
5875
5504
1059
1373
5484
1049
5470
5459
2514
5403
1445
5380
2494
5344
2671
1015
2560
5857
5742
5721
3893
5651
2599
5622
1266
1115
1290
5572
3851
1295
3935
1097
1091
3941
6181
1013
1508
5134
888
2375
3687
2374
6135
5090
5045
4216
1796
2334
843
6168
4963
829
5739
1503
4159
1688
5945
5953
2474
2717
5990
4099
5238
2424
5190
1655
929
2737
1680
921
6077
5149
637
2667
3230
3036
6627
6870
3413
333
154
7092
153
2991
345
6645
7029
3418
604
6971
3358
368
607
346
3211
6826
2871
3451
3106
6811
86
417
6779
6623
6599
6968
6904
6992
6900
465
6601
6930
456
6725
6602
6558
6466
6876
328
92
6610
2951
130
3341
3700
2745
2485
294
6765
5313
2502
5330
2484
1460
919
4014
6795
2498
901
5268
4034
2782
3656
816
5095
5099
6179
5135
5143
2395
6881
4155
5165
2404
2408
4146
6875
238
887
3455
5292
5283
1577
871
2749
6139
6494
6144
5245
6860
1073
6867
1596
5384
2528
6753
503
2595
6640
1249
5633
6630
6628
2964
5681
3904
1205
6612
1180
5746
2968
442
454
5822
3852
5833
3376
5879
1062
6597
3833
3829
5873
5860
3384
5865
452
6543
6656
378
1446
6743
6546
6549
2513
3349
1426
5412
2529
2354
5453
336
2729
6033
3728
6031
5489
6712
6705
1350
2553
3724
3726
6689
6688
2985
2715
2984
1297
6659
519
1767
1076
2273
3187
6326
4781
2294
2283
1970
2064
3079
2063
4634
150
4572
6258
724
7120
124
719
1871
7122
4782
4663
7075
2094
2240
3482
6964
6240
6452
6960
1924
3191
2288
1920
1916
2886
2290
3087
6251
4625
2256
3116
137
6461
4399
722
158
4426
156
2873
3495
2872
2203
697
2335
799
2338
6322
4474
2339
5008
4346
6275
7161
5042
2189
4998
182
4703
6243
2036
2329
7014
2311
2006
2133
4709
654
2125
4232
2032
168
612
2146
4924
4684
1265
4369
2577
4366
3110
359
2987
2592
2969
2583
1325
1300
2971
6658
5511
5587
4622
1307
4389
6642
3890
1160
3877
27
3856
5817
3855
6606
4529
4519
1109
3850
7133
5847
3836
4495
4487
1093
8
7150
4468
5863
2182
1168
4566
439
5741
4617
1253
1252
5619
5631
7096
6633
5648
2086
5659
410
4383
4390
7101
4599
4591
4575
6626
4573
1200
6622
2617
5738
7113
1225
1355
5049
73
4240
2416
1867
4139
1638
1874
3031
4869
1613
2436
1878
4250
5249
1884
4851
6846
4079
4072
142
6832
