354
4754
992
995
357
3951
6733
6730
6736
515
4752
364
5373
369
4951
5015
997
4119
6731
991
6180
4757
2152
3635
3494
4448
518
2117
4758
4765
548
7128
2218
5261
7037
5019
3065
999
5017
2154
4866
998
516
6825
5016
5409
2598
6089
327
91
655
826
3382
775
6506
7034
6837
7032
367
6508
5014
3126
2809
2116
519
2111
1754
6838
1781
6703
3262
514
3359
3660
1328
893
5340
3063
3447
7121
2435
3061
3148
2112
5967
2841
5985
2058
2115
860
3934
1903
5220
993
3042
2040
6741
7136
861
803
2137
2316
3506
4239
1189
902
3497
767
6536
5475
3498
366
4550
6505
6154
6942
4118
2879
360
5234
6737
356
2432
1182
5977
6263
5968
5957
5083
3938
2136
5071
6053
5894
6707
195
1135
7033
867
1524
1589
3439
3822
3553
6836
913
4631
651
5349
1283
911
910
1708
5352
3109
659
892
5402
5371
869
5230
257
2379
2151
4755
6928
5347
1178
6503
6935
1133
2167
782
3493
5013
2317
1139
1340
1186
3067
6515
2950
6833
4328
5831
4366
6789
2955
4756
2110
6079
105
513
311
517
3074
6738
2132
3352
1540
6558
5356
6888
547
478
5219
1359
5368
2851
7038
1474
6083
6082
3933
6177
5125
1136
5353
7134
3048
1362
4020
5237
6138
6145
5375
862
5229
6188
2813
5208
4262
6447
3440
5592
5594
994
2145
5599
365
4367
350
5278
6530
103
1858
4960
3668
152
6926
6732
1657
1997
6982
6739
2290
1194
2237
1996
2153
6735
5002
1900
765
1801
996
6068
3831
3105
6072
3115
3932
533
6080
351
477
5964
5467
1001
3549
362
3060
3049
5944
916
5379
5682
5233
368
529
5597
3040
3356
5938
3347
320
5657
3269
3383
6047
4780
6686
4353
2921
6763
1994
2041
2051
2090
2119
6537
2138
2139
6511
1635
1207
5052
7065
5081
4753
7043
6903
6909
1658
1653
6966
6940
1332
45
1329
6932
5084
4577
4750
4899
6922
79
1726
6920
4901
6911
1325
5088
4723
2670
6157
6142
6211
6203
1575
5173
4041
7104
2827
1365
3631
1138
653
2850
1289
36
3673
4811
6908
4449
5658
5420
3336
1288
3331
933
1650
6182
3264
1360
886
3541
5965
1735
6099
896
899
1677
6961
6949
1678
6941
5370
2838
1746
6070
3445
2822
2738
919
1479
6063
314
3959
4802
1030
1327
3980
4991
509
3047
6507
2149
585
6501
1131
1208
2232
769
3068
6428
2341
4095
2344
3874
7077
5082
5239
5958
2390
4066
2427
3857
2130
6029
3140
1284
3124
5393
7045
4349
2438
1902
6764
1636
5789
385
5011
5816
2036
5186
2434
6690
2433
634
2101
6578
4818
4762
540
4309
3636
542
3935
546
3900
3939
3943
558
3879
5238
4062
5123
522
5034
4264
4351
512
3834
727
4436
4966
4447
3744
500
4455
4874
4641
863
4492
866
1277
1273
6747
147
6684
6534
192
197
6497
1206
2323
6424
2345
1170
2369
1149
2393
1146
6245
6223
1132
2436
2466
1281
2677
1282
6828
1472
1488
7
7116
7114
1388
7111
1581
29
1647
7013
1654
1352
6938
71
6929
1729
1750
1762
1770
6861
1287
1285
6807
2858
2374
1017
2976
1020
6038
3045
1014
332
5982
2959
5969
352
353
3071
375
3075
1039
5758
3307
1034
5659
5376
930
313
3435
5382
3587
3531
5450
3545
3490
4475
4456
3258
1755
4720
3248
1780
1828
4444
1853
3146
1434
3145
1286
3830
4478
3542
1526
4685
3672
3431
4751
4654
1361
1659
3448
1334
3354
1367
3144
1543
1326
1321
4527
3694
4509
3142
2877
3139
1130
3904
4017
2465
3991
813
2467
2473
2475
2476
3950
2573
1088
2660
2702
2709
2844
809
2848
2857
2954
1140
3043
2382
864
3117
1280
3116
4296
4267
4265
3108
2019
2028
2082
3870
990
2143
4182
2144
3073
2175
2306
4110
4097
1187
2360
1226
1922
1411
5348
339
209
5950
5895
5217
5842
5835
6553
4947
6576
6148
396
5703
6742
4923
4908
6787
6470
6037
325
6422
6137
5048
5053
263
259
258
6110
6104
6805
6097
5009
6086
6078
315
318
6376
6050
555
6260
406
6152
6934
4862
6945
440
4836
6931
7124
5533
4815
5408
5647
5269
5425
4784
5231
7056
5372
5453
4832
446
5401
2952
2903
6087
6091
5683
5400
872
290
2834
472
6130
474
6133
1072
2769
5358
5357
2860
1028
323
2963
3231
3275
3288
3315
3153
5694
5655
3353
5706
5745
5577
5529
3536
5824
361
5520
3066
3473
3486
6034
6036
445
3044
449
3027
5448
5829
5749
4778
2625
6916
6910
6906
6904
96
6895
1803
1820
1821
1827
98
1852
1979
2022
142
2043
2045
6917
1324
62
1667
7166
1450
7144
1475
1481
6
1510
1515
2046
7112
1587
7067
7058
7055
7031
48
1655
6984
7096
6632
6575
6559
6351
2396
2413
6317
6287
6218
2428
2430
2387
2431
6207
2457
6186
6185
268
2489
2524
2574
5355
1089
6373
2377
6552
6509
1216
191
2155
2156
203
2244
1154
6482
215
6459
6429
224
2361
6383
2370
1158
212
251
2957
5093
3691
4880
5263
4984
4225
608
4864
4993
5010
5216
3752
4724
3753
4642
4503
545
744
4425
5205
5285
5005
549
4607
4601
4999
587
4873
4406
4785
4772
5057
4944
4837
3924
4393
4068
4117
4738
5309
4735
4958
5032
5047
532
6531
2216
2343
2352
6397
4324
1176
6514
199
2342
4410
193
222
2327
200
2318
4995
211
4396
1209
6490
6483
207
190
2234
6375
2366
762
5030
2525
269
768
2576
2581
6172
2615
580
1086
2690
6141
4100
2730
2736
2770
4158
255
254
4204
5001
4297
2373
4281
1155
6359
4269
1145
2363
2410
4266
598
858
6222
4238
2423
250
1124
6342
2134
3634
2131
39
46
4856
6970
1660
1664
4716
1697
1337
1701
61
4647
64
1724
