6736
6730
6737
3497
2137
3635
6109
5357
4753
5015
514
5014
995
893
1328
5261
991
2110
996
512
5019
5358
5081
4866
1720
5340
2516
2716
7118
1186
2119
7037
1271
3631
992
4875
2090
4757
1499
5373
2598
3959
6350
2152
1182
896
1724
998
3439
1524
2138
6185
7043
1207
5088
3498
6189
5354
999
2155
513
4723
6135
2115
5379
3089
6741
539
5173
775
4752
6104
3126
3359
6982
6083
3109
933
6809
855
1801
6188
250
252
2117
5352
4238
899
2153
3634
6735
2154
5468
4908
2213
6182
3056
5371
3630
357
3353
3352
5355
1726
2635
5513
6733
997
4765
2092
1803
533
5938
517
6157
1808
2056
3042
2057
3951
89
5450
2058
5017
6183
2112
6833
3088
2132
5264
3521
1805
40
3979
3112
6732
3980
258
2134
3274
5367
537
5366
3492
3494
4863
534
2638
4730
911
6082
5237
4344
892
5409
399
385
1633
6106
3145
4422
364
4960
4303
4424
519
6385
5353
3627
2097
2473
2427
6089
6180
6085
1201
6731
4119
1149
1200
3879
1325
489
4766
367
500
3636
861
331
6734
587
6312
2148
4525
3493
6186
890
5380
2903
7035
1270
5175
2840
5359
6995
5655
5084
3045
5671
91
4448
384
5421
4439
1164
2012
5674
6100
5673
6949
2136
3448
4321
2518
256
2702
2111
3974
3661
5615
518
5085
3041
511
4665
1130
3322
4720
4443
2118
3611
2149
411
3727
4262
1036
6739
3837
5087
1996
585
1131
2879
536
2531
4626
1277
290
4724
3522
2539
3528
3831
5921
1340
1531
1790
4431
4228
1329
337
6980
80
2520
6685
5045
6132
327
4861
2055
1706
1999
879
3591
6935
361
2377
6055
6508
1189
2142
4212
7092
826
1206
5351
3382
2634
2357
6338
1133
7091
829
898
5682
6999
1753
836
4364
4905
4529
5742
4328
4874
782
4309
3490
2713
1177
474
5093
993
6738
2700
1725
7066
251
5086
851
1276
873
5692
4118
3954
4483
5239
6835
5320
2438
6191
2234
1278
415
2434
5919
4527
4716
1208
3706
6578
419
2986
1526
3720
3952
418
5679
413
3024
948
2052
5894
939
2442
6718
3499
1993
822
6961
2720
2711
612
6748
2707
6364
3445
5481
2701
1479
3433
6097
4528
6829
3354
6808
2643
6086
2216
6873
4878
6775
2144
1188
2143
3302
4879
7038
3051
4522
4266
1548
339
2020
3526
1659
6678
2467
515
4110
2220
1180
2453
2476
2528
6945
984
354
5593
312
2005
315
6317
4062
6433
583
2095
7032
4567
2867
7031
2098
5049
73
6442
5925
3060
3059
3900
3085
2215
477
5465
853
611
6269
3834
472
43
5051
823
3040
2139
4624
820
6837
4152
155
1988
2726
4867
295
5759
2514
4425
1139
320
2981
321
6127
3826
1918
3572
6131
7112
2024
1285
352
4798
972
2980
2958
4423
4380
5274
4899
4901
3356
5356
2646
2951
5182
6087
2953
4421
2955
3405
5741
3427
3307
1575
3437
6894
7136
265
1562
695
5396
2868
366
5886
2336
5238
2389
6500
803
4750
6515
5688
2801
410
6984
6181
7096
417
3028
1707
5898
4762
3655
944
2040
2316
4436
5867
3666
375
1187
4411
3043
2094
6295
28
4343
6314
6303
1359
7077
4363
5977
49
2147
1163
5614
1926
7062
7135
6054
2116
4434
690
2042
2982
2018
5306
787
2054
2988
1853
618
2131
1997
676
1344
2114
1992
1900
2063
813
614
613
666
665
7097
2984
6053
809
5279
4269
891
580
1634
1140
5235
2738
1660
2463
3194
3633
3187
3185
4784
1529
5860
4856
4767
1699
5436
1701
1528
1123
403
4754
5440
3694
3700
1209
5217
429
374
1320
3554
314
3349
3350
1011
6805
6875
2630
3384
3431
2594
5731
5361
6889
1572
994
1030
1607
3447
263
1136
3272
3496
6740
3270
5368
3264
292
5428
2538
2510
2352
1205
4385
4014
5677
1474
530
3990
1755
471
99
3087
889
551
1751
3917
4710
505
84
1487
2861
1794
5652
2224
3961
5935
2864
2183
531
1157
840
458
571
1202
6473
1749
3839
7053
5947
2175
6342
4035
5722
5201
5654
4393
5052
1559
5230
4570
1160
4886
5747
5628
1587
5641
1137
850
1578
1003
1475
1002
1001
1365
852
1166
817
4864
4756
1714
902
1146
1895
4445
5993
1891
5690
5685
1750
1744
5092
1740
5213
1729
5010
4440
5227
4758
1705
4860
4859
866
5228
1846
916
4830
1654
1551
5236
5918
4727
1352
1695
1049
807
5493
895
4433
5096
1413
2494
3134
538
6534
2214
2211
1332
3967
552
2393
3113
2396
5183
6351
2218
4063
2804
6994
6330
2807
2156
3434
105
253
2305
97
3083
257
3075
3432
6301
529
6383
3317
463
465
466
6878
3814
6880
478
479
2651
3301
172
2705
2384
6497
2728
6506
5448
6952
2637
6789
416
2370
3383
2379
6399
3148
326
2725
3667
6558
45
368
6171
3638
675
677
3037
1184
2050
1216
694
696
4235
3023
4271
4278
6107
5475
6105
2902
1961
744
6682
6684
7114
6700
2482
4383
1185
48
3836
82
3069
7034
2860
6211
6203
6245
2865
2428
6248
6187
2571
293
4180
87
5426
7048
1264
56
3551
6714
6703
317
255
6838
3331
3327
3351
3364
6801
1009
3421
1615
5420
3440
3429
318
5786
2591
5349
1135
3553
5752
5774
2536
6802
973
2526
2580
6071
6862
5016
3082
5660
88
5208
1079
7033
2843
2851
3047
5649
5647
7045
2813
5188
5082
5083
3038
1104
1257
7075
2890
3017
5128
5167
1272
7134
5386
7059
6857
103
2809
1582
3313
5743
6883
1577
1570
3273
1560
2721
4925
1037
5402
6950
1279
4947
5713
4951
138
1245
3166
3144
2786
5378
3118
1251
2803
1521
1517
5370
1050
1322
5234
572
4065
4551
6319
581
584
1360
586
2146
2145
6305
4523
6299
605
5957
6290
1361
