6731
516
5017
3979
513
1020
7114
5977
911
6741
368
5083
6514
1328
5219
4068
1481
517
1667
2422
6516
6515
3439
354
515
1922
6447
1334
910
915
869
6025
6511
3148
5967
474
4628
5233
5475
6211
3058
236
512
6245
2426
5317
4324
5071
913
3699
2117
995
4720
2423
5002
237
91
6985
918
479
820
861
6895
2833
2980
5745
6361
6534
2670
353
3120
7034
991
996
2396
5084
1189
66
4779
993
4839
6436
5882
2842
1337
5369
6435
1901
5599
6881
3611
4321
5381
435
263
4367
2838
7124
5200
6703
485
3123
514
919
2425
3727
1286
64
2879
1754
4836
518
1022
2807
5019
6686
1019
1028
3383
6733
2420
450
470
249
2115
2398
3951
4239
5270
3572
7037
826
7032
5645
4436
299
1332
5238
6508
321
6935
6359
6970
4701
2152
3635
2153
4754
5304
396
4694
1640
6502
6748
5215
3142
2136
1607
2526
6053
2510
2341
2888
3126
3122
6065
998
3959
5082
3974
370
4363
433
4322
6553
5615
5614
6342
6336
6717
3050
4095
5894
3051
7135
6078
6736
5885
2175
4668
360
5440
5234
5881
248
7077
4004
4631
3531
2050
6503
2040
5216
2112
6203
5047
2058
1849
2950
5178
281
5173
7116
1903
2998
231
71
6047
6834
7031
56
6496
1578
63
4702
2598
5741
2834
4697
4901
4328
4336
549
130
5513
5655
2244
4513
6828
917
2677
73
4778
6730
3626
6738
1014
5322
4756
3624
70
2903
6747
6089
5969
4723
3920
6076
5406
1235
1360
1327
318
1372
357
4705
5186
5217
4721
3150
5208
4752
1284
6489
3141
5420
2019
6443
551
5658
4866
1809
6071
6063
3700
3494
6029
5978
3857
3491
3933
3937
676
3980
3443
364
5883
454
990
1536
1209
4908
440
810
3325
815
1951
1990
5649
369
5632
4035
3991
3558
6825
2988
6578
234
2116
199
2174
6838
2803
119
2237
2525
2475
7038
2438
2434
2433
2427
7115
2390
6555
3068
5210
3115
5685
1478
4309
4256
2835
457
4235
2836
4152
465
5759
1537
3386
3435
6580
5683
1575
5676
5672
414
2218
845
5644
823
2210
6347
6910
6346
6486
806
803
798
5670
1083
6506
866
5889
674
1747
2895
3530
6156
6075
583
6079
2923
214
3617
1770
6710
6108
2927
6713
6180
6246
3637
1740
3943
3939
5938
655
1652
6766
1658
2148
6662
6013
1684
2880
2884
3790
6669
3644
116
5671
2236
3066
2477
3253
4758
1023
6438
1021
29
4861
1017
5400
1026
311
3163
5323
3121
2436
999
6493
6552
6430
992
3049
997
3153
79
4772
907
2380
1128
4643
7131
2260
1122
2391
2364
2524
883
5470
5485
5274
5001
5968
6764
3109
5942
7059
557
3925
2360
5928
2432
6800
5014
3809
5242
1036
5279
585
329
1617
3694
5095
5240
6740
7098
6718
1679
5243
6010
2125
3621
2920
994
1574
685
2813
4331
5673
791
2283
5492
2522
2595
1443
103
821
2830
4645
2711
840
4437
4438
4640
1415
1411
2675
5609
2679
5595
2213
5927
4784
4832
5899
5895
2325
2844
6836
4611
3101
5835
4034
1560
2837
6885
5783
5349
6843
4917
1526
1226
4233
5719
4238
7033
4856
4269
1544
6137
2839
403
3145
1997
3541
292
406
471
6182
221
437
222
6305
6446
393
6507
365
6378
1956
446
254
3056
3151
6530
3262
3124
3363
458
6188
3072
373
3362
3140
3553
2014
3289
339
413
3448
1993
6582
388
3227
6243
6557
411
4727
750
462
5884
6848
926
757
2055
1959
1569
3260
4708
5831
417
3114
2317
2313
5747
746
6830
729
5450
2952
1270
478
4125
5772
5444
727
67
3129
4060
60
332
3380
6837
744
6831
1540
4074
545
6373
2801
4642
407
1448
431
6368
1953
5577
4601
1439
875
2233
1435
4571
6929
1432
1431
2231
4435
863
3293
860
122
267
6488
5597
4473
6907
455
4366
6570
323
916
1485
2266
2583
1958
3356
5896
2976
6328
2814
785
1472
4693
2994
1329
4333
795
2659
2806
2241
801
4361
6942
1458
1340
807
1955
3044
6248
2105
230
1149
6440
3721
611
1034
7111
6038
1700
7110
3498
7104
6484
2406
1842
3799
286
1025
5038
3806
6439
27
3059
1845
33
1655
2161
6537
6058
1146
1799
7166
3576
540
5201
6127
7139
539
1075
6120
1777
6109
2119
1071
5183
5175
6463
295
3536
5089
587
522
6072
3069
1744
6068
538
5970
1687
500
1001
367
2428
6648
2110
3486
376
1611
3878
2158
675
2870
678
1608
682
4958
5921
1206
1860
2151
6558
5964
2367
366
6545
2332
1647
1003
4732
3161
7138
5399
6470
5348
5229
3117
5231
7134
4709
2421
885
4527
5187
5353
5143
5367
4951
5371
4489
3162
4904
7147
5189
4953
862
3197
4512
865
2521
867
1950
269
61
6377
5098
2654
903
5077
4991
1280
5447
2628
6982
5451
4968
5070
6490
5053
1029
4703
2397
2395
2467
2465
2535
14
5016
84
7062
4647
892
6449
5275
4725
3128
5278
1250
3229
107
897
6432
2429
3130
6835
4047
6023
4066
3496
2052
6026
4091
233
3782
250
5778
190
5775
6576
3708
5746
6742
1524
5737
3907
598
6737
4230
1517
3365
3364
2135
1564
762
4023
4020
1848
5946
3863
6808
3938
1854
3483
3953
6813
684
6213
1603
1601
3972
3447
6247
6824
6829
2111
5611
2877
5979
1660
3829
6204
1843
1577
6195
765
3916
3627
436
1759
3620
3562
6097
2775
768
3619
6145
3323
1440
825
4403
2216
1434
564
2924
5642
1925
1781
3602
4439
3583
3291
217
804
4349
3332
5703
3537
1483
531
138
6344
3542
530
2985
792
6152
451
3022
6081
1779
1186
1774
1653
3791
5114
3605
1847
2132
1644
1094
3523
2932
3569
3856
3156
3853
1846
2348
3754
2056
5163
1676
3543
3545
2885
