6730
5015
4754
995
6180
2112
998
6838
2117
3635
5014
2111
515
514
4750
992
2110
4752
364
2152
518
7037
4753
513
517
5379
5019
4756
4723
2040
3934
6736
1755
1321
4509
2153
2154
933
5017
775
3382
2115
1750
991
1329
3353
999
6738
3951
6833
2116
1328
6982
6737
892
6182
3933
5371
3935
5373
3831
361
5964
4755
3352
4724
4757
993
896
5352
5340
4937
5353
3964
1226
1182
3611
6104
3262
3264
893
910
4951
3359
6836
5375
2046
3879
5088
3506
944
997
3498
5377
351
2119
1206
4899
1903
6084
6089
1340
5010
511
1754
519
5016
5746
1326
990
1781
3931
3494
4017
1155
2838
357
4448
6703
5682
6731
6837
2045
2043
3356
2950
930
2903
782
4758
2092
2090
3497
4779
512
1575
2055
2465
1327
4035
6835
5237
994
3959
5009
325
5200
6732
3354
2879
6188
5083
2237
1194
2288
2720
5774
6436
3126
605
516
5082
4720
639
1197
1587
352
4406
5938
6515
1200
5351
362
5357
1156
6383
5358
2058
6361
3493
6500
6087
91
1001
1365
3105
1332
1277
67
2276
2218
3357
3834
1032
1033
6830
5475
1725
5230
5585
6189
6185
3347
1324
2361
1135
1235
6970
2798
1780
1742
3837
2114
2525
2054
3166
780
1320
699
7056
2282
356
5074
6382
6053
3838
1900
5071
5024
903
4681
6083
6082
5372
3938
6097
4908
3474
6735
3261
314
1951
6897
4118
4931
1751
2851
899
4095
1746
4751
2175
5645
2955
6183
4765
1039
2079
4762
4780
3490
3943
1325
996
1658
5907
861
5173
6109
2422
5921
3338
5869
2316
1762
3358
5216
2726
6686
4532
2598
3383
1352
3631
4447
2670
4875
6733
1752
6831
1186
6734
2939
3088
2514
4151
2275
3134
2834
5355
366
2959
4152
5985
5134
2137
717
1729
3446
2827
2278
2056
1756
4020
3396
585
5977
5481
5988
510
5231
5146
429
2042
5956
1057
3439
2052
3351
4204
3349
3472
1487
6419
1043
6416
5217
1008
5494
4866
864
5413
5409
7033
5624
5783
2145
1384
5633
792
4629
1724
2794
5370
4960
4443
2484
5756
911
781
4449
4904
5393
2723
2273
5699
5697
2205
5692
6825
5399
5593
4432
5681
1678
14
6490
5882
2383
665
7099
5903
2097
812
1322
1286
813
269
2453
3541
2837
3819
263
2651
838
2379
2370
576
1667
6016
4837
756
6246
2649
3875
3641
1994
1049
3335
5657
6127
1955
6075
3153
6158
3676
2437
4068
1977
465
3836
7013
6997
3744
5404
56
6984
5651
6966
5396
7128
2952
4119
6713
368
6504
5867
6684
2159
2158
2156
2155
4436
6373
4431
6511
251
5261
5829
1158
2958
367
4425
1493
917
6085
3432
5081
1137
6328
2215
4492
1207
5693
2902
2953
902
1764
1473
3908
2041
3486
5982
1485
6469
1453
6741
6481
1189
197
5742
3830
3833
5916
1708
1659
932
3291
5472
3521
5468
534
5862
5239
5210
1636
5695
3979
572
5378
5740
5743
6021
3649
3660
3974
5957
788
3627
1902
1866
3870
3866
1906
5911
1720
3668
5614
3445
3593
550
5594
5592
5789
2360
2529
6739
6465
209
6311
4802
1513
5002
101
3047
6718
6298
2290
4363
1524
4484
2003
4110
2476
1993
3030
1992
1359
4411
1208
2076
350
4878
2213
2220
354
1479
6460
2989
5073
2886
4507
2589
4186
2578
1399
4528
190
4835
2300
6263
2427
2382
2366
6145
4955
6141
2830
250
6514
2842
4422
1560
2130
1323
4685
6111
3141
7134
2439
72
4668
2363
3266
1272
4655
6086
6507
6099
2467
2352
4651
1978
267
6786
6789
6777
2712
3930
1758
5730
6700
192
1198
4938
4440
2150
246
2142
4935
2790
5759
698
916
4455
2727
3636
5772
191
1797
6547
1618
6807
3271
172
76
7031
7032
7034
798
1273
1714
7048
4735
3677
79
7112
4722
29
4688
2389
5566
5450
3806
5513
2377
7159
817
2202
4628
4624
2210
1753
4877
2673
4873
747
4864
2646
2588
1638
2295
759
2270
5382
2494
5656
1355
4607
105
1726
2487
4621
763
2840
3536
2841
4150
5093
2025
5084
2029
5981
410
3036
3034
407
6338
5233
1510
5961
5824
5080
5078
5951
4192
1094
616
5047
5254
3089
5993
4094
6245
3277
6079
1014
533
1562
3223
6072
4016
5213
1004
1003
4256
5182
479
1031
6166
4090
5144
6196
1986
5139
4000
570
5130
4028
5274
6343
1133
1842
319
1122
2105
5901
1458
5005
655
5044
6486
5338
6503
5341
6505
5342
5863
4393
675
3528
6519
3531
320
5909
3058
1849
2951
347
340
3936
4832
1443
939
4029
5174
4367
5170
1385
4481
1038
1284
1543
4077
3918
4716
5214
1660
1278
1011
1564
1615
5349
4410
3956
938
5186
1561
5269
4991
4686
1474
5022
3946
1276
1650
4301
3972
984
4182
1188
4797
4178
3980
5337
4836
1633
4806
3874
1360
5330
1371
867
4782
4349
901
4936
1634
1337
3914
5136
5401
5135
5408
1140
1589
4527
2359
5306
5133
3953
4656
411
5946
2716
5952
6764
3384
199
2744
3448
584
6712
6707
6019
3350
6029
3343
2795
580
3328
5936
2702
685
3535
2521
2522
3525
2528
666
6775
6891
640
1843
6817
5917
5919
1853
5932
642
6070
3314
6578
3118
6232
6450
1997
2922
2954
6261
3124
344
369
2964
6378
399
3025
6376
6364
3082
3127
6467
454
255
509
256
258
3227
6138
6139
6144
6152
3145
3140
3139
6502
2118
301
458
3130
1805
3542
5935
1735
1749
1748
7000
751
5679
7005
5673
1741
3643
3645
2302
768
2306
5647
1757
7038
1723
1721
7053
2461
3672
7063
46
7088
28
1701
3803
7124
7163
5
787
1761
6359
94
2283
2277
5769
6961
103
724
7092
7096
2426
7114
4886
2858
2279
313
6463
6928
311
2850
297
6484
4818
4353
6496
45
2524
1282
1369
1141
6506
6508
