450
1855
1483
292
370
1898
3148
462
4672
1858
4694
3141
3973
1899
97
3551
321
5889
5279
3145
6449
3142
6742
4068
5591
5880
5278
1857
4674
2382
5887
6717
1859
1022
7079
598
94
4721
4940
615
2893
5274
538
3853
5273
1890
6761
5941
5262
6434
966
920
3143
5265
677
1728
363
291
6064
3149
3144
3952
1856
5885
969
6243
7036
530
3079
6293
1604
6557
5275
1851
5832
5635
2386
707
1603
2372
4571
482
5875
298
6985
6253
4060
1579
3276
117
1026
431
3855
7114
1573
964
918
4162
239
1016
5750
2870
4679
5758
4678
2590
3851
1753
1608
3689
535
1102
7074
3435
5590
451
6829
3708
5881
673
452
685
676
3140
4945
1024
6548
2373
2383
528
2676
961
6443
4668
967
3956
6447
5328
2510
5888
2016
5313
1334
5946
5632
928
6062
4902
297
1020
3015
3388
4949
5754
1339
2380
6731
4901
1439
132
5097
5023
6842
3712
3850
2310
468
1852
1331
3260
232
5953
230
1028
1531
4772
712
3366
295
7112
6250
456
539
5270
6983
4676
1688
2211
6532
1435
5233
1539
4248
3147
5360
5755
3976
3974
5701
6231
3461
5312
925
2844
1854
4203
3857
4671
5066
2660
5661
6344
6432
571
2360
4438
5235
435
2366
915
551
6242
1535
7057
7099
5756
3978
3767
5381
3050
5883
3620
5002
7050
2350
3749
4276
3431
531
716
783
1476
485
411
412
5471
1749
2014
296
1601
4067
455
6345
6402
3856
2780
5596
2885
5496
368
2797
4436
929
323
1100
5920
6777
2370
3970
3849
962
6783
3625
6828
1330
5027
2548
609
2391
2388
7015
4659
2387
6244
800
5802
5559
795
1611
3269
6438
7035
993
869
1265
6061
6198
7110
70
42
5745
7113
3356
5759
4234
2396
91
826
4310
6448
522
4897
968
674
1379
6310
3670
1025
231
5585
486
236
6846
2663
7
2672
3718
5683
963
6318
6151
5084
6159
6156
3294
2999
3028
1010
1012
3057
2356
1015
3628
5839
1017
3868
3937
4320
4322
960
1328
6078
3921
1576
4799
2009
413
4853
6446
458
453
4917
2674
2664
4904
4903
669
6100
521
663
4129
6095
4164
596
550
3972
6437
6043
990
3957
579
419
6444
4968
3955
586
1991
3953
4839
433
3859
6778
4744
3499
6342
1589
3469
6192
2888
5677
3468
3442
99
6776
7038
1691
2854
3169
3514
5589
3699
5181
4692
6305
3004
5580
5188
2256
5818
5077
4677
5067
4560
2229
886
6987
4405
74
3630
7115
7059
1422
6247
2209
1536
3289
5752
7130
4403
1896
3829
2843
378
1671
1961
2253
527
2150
2022
536
3346
2000
1230
529
1609
5277
1613
5557
3590
2599
664
5184
2602
2604
5705
3616
7162
4319
3320
2379
520
6017
3380
824
4235
78
1430
6442
1291
71
4261
93
95
1680
1432
98
6574
1386
4189
996
558
5256
1193
2389
1606
3236
820
6184
3156
597
4165
2217
1662
6027
110
1437
4075
4966
1285
687
327
6648
326
2710
5389
2841
5886
5963
306
727
4433
4435
6346
2907
2678
6780
3791
3792
420
3860
5487
2781
3894
3854
5940
5598
6700
376
6708
5485
366
2801
2804
1892
4376
1891
2347
713
3733
257
4941
1616
483
6340
3671
1600
2635
6312
1148
6313
3678
1342
671
2033
5636
3002
5672
205
3704
679
678
1019
6212
4610
2096
768
2359
2352
2166
6365
2165
6241
4489
4512
958
6117
1313
2363
4483
828
1617
672
2104
6182
4788
681
4437
4777
2390
739
4439
2130
2035
952
4584
924
1544
725
6252
684
6319
4408
4407
1319
6137
2237
4790
4551
786
4705
2106
4375
6445
6165
4645
6251
422
617
6803
1106
6808
112
1853
965
5594
114
2911
5669
5058
6836
1831
3732
3717
1103
1592
1101
7028
1893
5292
2819
7073
5663
3385
3794
3393
1869
3421
2845
2846
2847
3776
317
5882
3714
1829
248
3122
3614
5833
3068
1759
174
6941
3072
3573
1434
166
3537
3552
1383
5807
3029
3009
5840
5174
243
238
237
5861
3158
3491
5070
5927
131
225
134
3139
6988
1598
3516
5846
5215
385
3239
389
4856
555
3324
4174
5441
2573
6553
1260
6024
524
4120
1011
1956
2615
1243
2544
2535
2533
4208
2442
2445
4288
4287
4284
4283
5689
4069
4836
589
5649
1984
2503
3323
994
4210
6063
6597
3328
6603
440
5384
4953
2628
2715
3264
415
1050
3950
1055
2765
4971
3361
3858
5928
3979
4947
3268
2675
488
3274
4046
1931
471
5478
5202
1657
6211
4628
1644
1302
5288
890
2115
1567
5739
4632
5287
5805
5729
5801
6194
5259
1620
2173
2158
1301
1740
921
5198
4729
4982
935
5930
4969
1557
6108
4916
5654
1953
4728
1023
1958
6025
1963
1578
1969
1973
991
6090
4851
1998
5648
4986
1881
5910
5196
2100
5194
5182
6154
5148
5848
5100
909
5079
5857
2075
5069
4708
6130
1113
1112
1850
922
5884
1867
5003
4726
5199
845
5541
4334
6508
3644
2512
4224
3295
4201
2547
4177
2571
3278
6554
4125
526
4115
2600
228
5499
5470
6848
2944
4128
6580
4273
3005
680
3545
3547
6405
662
6939
4361
6439
6440
6899
4351
2420
1332
4318
3783
2440
3023
3631
4278
1438
6938
2374
2622
1345
2768
3869
3743
5597
3745
6710
2807
3747
3825
3936
2884
3761
2875
3799
3765
6772
3790
320
2840
335
3760
5476
3939
1553
4063
1488
2650
4048
2926
4045
4043
2669
2671
2741
6834
2915
2683
5547
2912
4010
439
3971
1482
414
457
688
3601
3536
4519
2284
3386
3458
6309
7071
4594
823
757
2297
7021
6324
113
116
827
6302
2319
2258
2214
798
4569
803
3398
7051
3402
2238
3277
806
785
5551
2241
3428
4547
3432
5411
738
4575
118
1310
4603
7132
3120
27
2349
6233
