6757
4115
2944
1999
4119
1996
2978
2216
6976
5241
1665
6488
3309
1040
4110
4862
2274
5679
5095
5094
6051
2549
3757
568
1668
6523
6384
4802
2124
6958
4188
332
330
1649
6756
6047
3667
2784
3237
6888
1132
6386
5257
1562
1418
5057
1647
5109
4858
585
6667
2526
4739
6950
2462
2459
2385
1995
1543
5066
6040
4465
2094
5039
6893
4116
1991
3804
3898
6576
3061
39
4853
1664
2961
1607
2558
6502
2813
6356
1586
2607
3645
6275
1823
113
2973
7107
1134
5985
2972
6079
6068
2874
842
1369
6041
3912
6752
2802
7132
2825
6055
1122
4215
1127
5588
4958
1827
1799
5608
1845
1928
6956
1952
6953
1987
1661
6974
662
4854
4857
45
1175
5234
6071
6382
7059
6492
985
1724
3801
3800
5506
1046
846
5617
1582
3694
2626
2809
3684
6260
2766
1361
6979
1362
3117
3073
6067
1366
1982
5979
2277
5050
2126
5509
4444
2949
4
4053
4668
30
2468
5082
1997
5420
6751
3923
5603
2455
6270
6063
31
4118
3815
4974
6052
909
907
4956
224
3236
6351
567
3249
1390
829
5849
5034
5485
5006
5896
5898
655
5767
717
6008
6012
620
4632
5732
4672
6059
3936
600
4738
3895
5105
770
4318
577
5434
3745
575
3692
3658
5613
7169
5356
2279
6869
2552
1618
7034
43
2489
2508
2788
44
2783
6686
6684
6681
6971
1041
6586
6925
6868
6866
1240
2249
7065
7167
2860
1556
3110
6849
3059
2276
2394
5736
4238
5977
4636
4059
1992
2036
125
2072
5755
4399
1157
1159
4163
4186
2152
5796
4200
4612
2147
220
1848
7098
5035
5054
7119
7135
1469
4995
7163
5210
1396
5240
5242
1392
5372
5127
405
4980
7061
5643
1844
4058
6978
1780
1669
5600
4813
4850
1666
1663
5574
4856
4930
36
5674
1843
3144
6024
2449
2460
2469
3911
975
3904
6664
6099
3302
882
3809
2829
3234
3805
3803
2581
1131
6567
6501
2822
2800
2796
3682
3668
2794
6261
6353
4002
6070
2775
3053
6755
6056
225
6748
2410
913
4017
2290
2448
6060
6026
6473
3368
1613
854
4939
4994
3178
3065
4859
5250
5322
3066
5285
4943
5205
1490
3356
1509
3195
1527
2927
5110
974
1332
1331
2791
1551
1552
2895
3301
5141
1557
1567
5003
5164
4997
5179
5176
4796
4851
2138
4364
3941
4311
4202
2440
2198
741
2214
4181
2377
2235
4012
2248
1146
4112
2370
2278
714
1133
4108
4107
4073
4419
2073
629
2509
2688
2631
3687
1796
3691
1825
2625
2582
4792
1861
4746
823
4743
3807
1986
4682
1998
2551
3872
4633
2000
2048
621
622
1976
1167
1388
6915
5670
6959
367
6285
5792
6662
81
7108
7104
6856
6357
71
5676
122
5525
6186
7103
5761
6573
6939
5462
6268
6793
375
6266
5469
5738
5744
7165
6973
6916
5521
5523
92
6922
6541
5871
5517
6928
6980
2444
114
3693
4631
2443
5713
3361
6841
6735
2502
3247
2496
49
579
4788
4787
4786
4784
4781
4077
7012
2127
2479
4088
4097
4100
6358
4695
4105
3308
3319
4732
5978
6970
1984
3665
659
2104
4322
840
3552
4164
4313
339
3660
2102
3574
3657
4210
825
4204
3653
1123
1209
4194
2339
4397
2354
2363
5751
623
2121
625
2503
4113
4556
1130
4477
1914
1828
6753
6263
4466
1945
2107
6758
4443
1954
5764
6948
4414
1126
2135
5845
6366
5161
5128
484
2675
5419
1454
1145
6451
5104
2660
7157
2657
7137
3972
5087
3996
1492
3006
5615
6428
14
6426
3964
1522
3846
6839
3896
1391
1153
1152
5292
1398
2854
6843
1399
3918
6470
2877
2792
5394
5231
5214
2922
6560
5401
1367
970
2924
5243
1143
6064
1570
3193
906
4951
2557
6029
1568
908
511
2553
3159
1574
2543
226
6666
1589
2544
3192
1610
1612
4855
1176
3191
4971
1555
3070
6864
2601
6389
5522
2144
3802
6572
5036
3116
6585
222
1548
6172
2293
7106
1299
6581
3894
6265
1156
3766
6199
6187
3719
2271
1151
3806
3688
3685
3671
6786
2270
3808
6796
2252
3666
6834
6799
3854
2275
2291
3890
3752
5333
3641
176
3005
2629
3060
6410
215
2641
3096
6625
920
3167
2546
6374
904
2590
2652
2976
2963
6508
6497
6510
6493
6511
6533
2870
6547
2787
2928
2733
2946
2681
6455
2667
2520
3233
6691
2504
6749
2393
2391
6754
2374
2371
3501
843
2321
2320
3559
836
2316
7168
1120
2399
826
142
2413
235
3285
888
6694
6695
2466
2464
880
879
239
3333
3360
6738
2422
2418
3392
2447
1186
3906
4699
1690
1688
5667
4747
7018
1667
48
5626
4800
1641
4807
4808
1622
5576
7043
7044
7007
1580
6077
5685
1877
1847
1846
5759
6965
6968
4566
4568
1842
6972
1824
1821
4635
1820
6986
1789
5694
4688
4473
1579
4986
478
1421
5190
5400
6
1416
5396
1373
1374
5385
5260
5265
1394
5310
1
449
5324
5416
4966
1429
5106
7110
7114
1333
4999
1546
5507
1534
1530
5037
5467
1510
5060
1497
5078
5089
1465
5438
5114
4470
599
2823
4467
289
4036
3943
2202
4102
2201
5836
4162
5838
6921
5843
730
2100
2132
3993
1173
6004
6058
3927
6892
4253
6924
5980
6913
6955
1979
1238
4398
4114
283
6947
4165
2233
4127
6943
6844
2212
1994
5973
3926
4327
6044
6902
1350
6571
6568
1526
2131
2620
7124
2610
2819
1501
1030
1364
2647
2234
998
1155
2225
2245
2795
2208
1411
6548
1491
6553
2765
7158
1538
2191
1423
2272
1174
7149
1474
7160
1335
2376
1135
2103
2101
47
2074
2064
1727
131
6698
2060
2294
2023
2019
7039
2298
6934
1226
1822
1993
83
2441
1990
6944
2352
2408
1246
1921
6737
2125
1645
1637
6794
2589
1047
6790
6608
6630
7094
7069
1572
1576
2120
128
6693
2116
1194
1195
1306
1305
7042
1615
40
2106
2542
6688
