6752
7163
4586
7107
6753
12
4853
1607
6751
16
6958
6757
929
17
4564
6750
846
1780
2676
6978
567
4627
2823
3418
4997
1994
5442
6365
3815
882
4850
4858
4118
686
6262
2072
4113
849
3517
2126
5505
4666
3237
3096
5851
3745
2568
1041
4792
113
3658
1579
6754
1369
5241
4994
7169
6199
5507
5493
6694
11
880
848
5531
1987
7150
5454
807
4560
5855
2199
4768
2296
1366
2873
2829
2216
4625
114
692
1299
6358
6776
3247
1241
5384
1995
75
4170
2340
3249
6915
3571
3875
3568
4999
3654
6224
5459
6972
4993
3233
4966
717
845
1373
4857
4667
6569
1295
4851
4115
7167
1421
1976
2271
5089
4012
5792
2661
2629
6300
2598
2561
5309
5254
2489
5626
6756
3890
7132
5853
3677
4282
2253
2768
3670
1642
1063
1572
6802
2028
6646
1298
2562
5007
2107
2513
5053
1577
6979
5022
2877
1601
5603
5289
6677
1843
5700
4995
2234
4998
2930
4991
1522
5099
2961
5574
6950
2200
2913
4948
1723
2792
3061
5070
5481
5771
1823
4855
2298
5126
5707
5550
6428
4562
6427
6473
7119
3741
133
6435
6257
6349
4661
3416
3507
4283
4011
7061
3602
975
841
1107
7012
4155
4110
3698
3679
1439
926
4956
6953
5005
313
5003
1557
4961
1556
3522
2471
5285
5282
5246
6943
4996
6922
1943
6777
6373
7125
1928
2944
6374
3872
5667
6198
6309
3675
5078
1649
1661
1638
5164
5158
7113
1775
3710
3692
5129
3676
1632
3671
2825
1573
1875
2547
1867
2560
1605
2874
2565
2865
2860
3736
5055
5195
3669
5190
6268
6959
6284
1127
6968
1999
4181
4289
2024
4682
2312
2129
6438
4812
2047
4798
2067
2088
18
2077
223
3217
6716
6225
4070
4669
6980
1291
2202
714
3480
246
5333
3312
3309
2446
268
4943
4941
2440
5551
4337
1388
4742
1380
3230
6662
4859
2109
6696
3285
4743
6817
6451
3715
4163
2193
5713
5552
5752
2664
3726
816
3731
6321
588
2660
2127
2124
804
2459
404
1996
2496
2390
5649
5280
4331
4415
1949
46
4463
928
924
3915
1993
2405
1856
5336
3948
4080
2071
4017
2558
2557
7137
4437
2060
2290
2293
2529
4284
5240
2031
2541
6192
5067
1103
3461
1364
3484
3487
4865
3116
4592
1106
4930
6045
4852
270
4947
1047
6006
3512
3514
1494
4968
1504
2964
720
7039
5979
3417
3149
6998
3308
193
1209
199
3248
3361
3245
3364
3367
6064
689
1294
4783
4668
4790
3213
3210
4799
3193
3191
6560
3235
1550
3077
722
2775
1615
6275
7094
3643
2882
2765
2810
2763
3609
2762
6270
3659
5008
1062
1612
5094
315
3672
3681
3598
2830
723
3674
6523
5878
134
2721
1142
6429
5863
851
6230
1296
6234
1242
6285
1146
2085
2086
5557
5722
1237
1058
1234
6221
1692
5793
1206
2073
1301
1845
1618
6272
922
1877
1429
6008
6004
930
5993
1967
1093
1097
1497
1909
6355
6368
6379
1619
884
1393
2041
770
6090
6068
1554
1616
6411
1864
6255
5590
1108
1606
6346
6534
1390
6622
5761
2599
5114
5079
92
3713
4460
7116
2760
3241
3069
5124
260
2694
6849
4934
3746
6848
2673
6842
2656
2653
3370
6832
4417
2622
2608
4591
2605
4446
3686
4944
2820
4963
3506
4972
2972
6955
3018
2951
4570
4990
4561
3557
6916
3019
5018
6913
3606
123
4949
4620
7021
6906
2869
5031
3664
2832
2826
3678
6811
253
2606
2399
7004
5326
4241
4201
2321
2320
5416
2287
2279
3311
3195
2275
7162
4175
19
3215
5457
5476
224
6702
2180
5497
10
3246
5502
3232
5529
5324
5318
3501
6771
2509
2504
5262
6772
4016
6971
4854
6761
3341
7133
3867
4338
62
4369
4807
5286
4735
3845
4247
7131
4684
4665
4782
6243
3280
1174
3466
3411
3415
1175
6254
4718
3319
3468
3369
2121
3515
3892
3916
6397
3917
4350
4288
4275
6416
870
4077
4086
4088
4174
4173
825
4116
4123
3882
1104
3841
4407
3527
3552
3583
3619
3645
3656
3663
1060
1055
6280
3699
1029
1024
3730
3734
4444
959
3804
3240
4945
3238
2535
1888
1887
2542
1876
2544
2553
2566
2569
2576
1853
1822
2647
5717
5762
5769
2708
5809
2715
5845
5087
5661
5861
5617
5281
5503
2094
2089
2083
5478
5449
2255
2062
2274
2059
2042
2277
5383
5337
2448
2451
5292
5600
2476
5609
1951
1941
5085
5082
5066
6040
6043
1398
3070
1382
1378
1377
3130
4856
3135
1362
1360
6065
4817
1335
4806
6092
3212
4788
4786
3234
5539
1426
6009
3012
2809
5062
1637
2822
2838
5036
2876
1599
5911
1596
3239
2889
5009
5001
5000
4992
1545
5975
4979
2988
6002
6003
1594
802
2074
6902
6693
6758
6944
7130
258
524
7151
6773
7098
6778
6495
317
660
6544
6546
125
6988
198
568
6667
7050
6628
6934
7057
7123
72
6594
14
6931
6664
7121
6660
561
15
7158
606
503
1233
3486
1238
2309
4583
4588
5424
4596
2304
6738
7054
3513
132
1324
2192
6096
6704
2198
3908
3543
1314
5474
4566
2233
2235
1293
1292
1290
4573
4351
4576
6134
5341
45
5434
1268
3460
4834
1221
2582
6814
2613
5176
5175
1091
2649
726
6265
4026
2662
2663
2672
6269
1074
4032
5132
7003
2710
6279
2724
3360
5109
5101
5096
2571
7008
6237
2555
462
2394
695
3449
4632
4436
1200
6178
1185
5284
698
6759
465
432
4280
3423
2508
2514
5236
5230
5221
6226
4662
416
4253
6793
3424
4559
4547
3902
1770
1525
5744
3709
1787
3705
3701
3816
5711
4468
1824
6604
6642
5980
4469
5705
1846
6645
5683
1874
6648
1879
3667
1766
1886
3716
5945
1613
620
4433
4441
1641
1600
1643
627
1593
5875
5914
3747
1688
1690
3743
3740
1703
3738
1705
1711
1552
6606
597
1760
3666
6005
6017
662
3883
1379
4151
525
5554
