6751
4850
6960
1928
4851
3418
576
4855
3416
6968
3667
3543
6953
5588
3217
3463
4859
6916
849
5899
841
2126
6961
309
846
802
3464
4852
6902
6585
3571
2233
4857
3807
3460
6754
2055
1044
5434
6919
3652
1106
6270
4974
3910
3698
404
3468
6664
4856
3557
5944
845
2129
5694
502
5282
5665
7168
3692
5851
1940
4864
3806
6905
3414
7131
5850
6924
3691
2823
3671
2565
5893
5738
1103
3809
572
3660
4858
4951
2145
6931
3693
2124
6934
2961
4396
6926
4038
6914
1945
3306
1949
2581
5007
6667
832
651
1941
2028
1933
2401
3518
3516
4625
1327
5289
4448
3367
6382
6263
808
668
3606
2902
6357
1943
4532
3808
3410
6425
4583
3458
3467
3513
3216
3001
3028
3062
6757
3576
6727
5285
6721
4398
843
3533
3168
4758
6662
2029
3664
2966
2965
4390
5385
4854
2000
1324
6469
4990
2464
5190
6965
5195
5792
5003
3834
6938
1428
7132
5114
2629
2622
2545
2252
5028
3912
5018
4943
4994
6943
6922
2320
578
1618
6915
6925
602
1828
5087
6321
4399
314
3882
2121
6778
1577
2528
5280
5855
4767
1780
6666
5436
3100
3415
3099
4160
1538
2023
4422
4786
2476
6646
5957
3210
4751
5000
2094
3503
3914
1548
6806
7137
4179
4004
3695
1208
1612
3833
3364
665
3800
2184
3803
3804
7143
4001
3805
804
1636
2872
1492
152
30
6029
2513
6350
3257
6589
324
3839
1194
5113
2237
4474
190
6428
6944
1979
4997
6573
1976
4162
4462
4132
1862
6379
4012
3502
950
5896
308
6525
6355
2552
5141
807
3936
1183
1477
7139
3951
1824
5554
2582
4941
803
5586
2139
3360
3878
5196
3865
5994
698
6429
731
197
196
729
5477
1581
3688
1606
2947
2235
6929
6488
4374
6868
3366
2885
1063
2880
4581
1631
120
6956
6952
5286
1944
3083
2295
1750
2650
3084
4989
4019
2636
5948
5065
2617
4993
5166
5955
5959
3067
2681
604
1726
2686
2688
3587
2271
5973
7
1108
3412
4051
5509
4564
5486
657
1876
4009
6390
6397
3911
3964
5979
3609
4164
504
4392
3672
3600
585
3696
5633
3832
3802
4185
6046
4385
1733
1574
3582
3953
5841
5533
3472
3474
1801
3938
4137
6264
3933
6261
1321
3566
1326
3577
4002
524
5066
2922
6967
3213
2003
6628
2842
2873
1181
2684
1995
6998
2293
6824
2615
129
2607
5425
4995
2983
3259
2714
6791
128
4971
2221
2078
3117
121
5372
4946
4768
4980
2031
6750
3012
6651
2216
5381
2021
1022
2964
6825
199
2383
2485
2945
1923
3328
4853
2897
2924
2496
5115
7130
1931
377
5001
976
2877
2879
2889
7098
2570
7149
2467
932
3363
46
2449
4183
1667
4362
2906
3770
6091
1627
1623
1653
3772
2874
1069
4312
6888
1638
714
1647
147
1632
6084
4196
2198
6087
6089
6910
5659
1388
2222
4573
123
2598
1541
7093
7111
4999
3943
34
2515
5005
5006
5829
5824
5716
2384
4005
5735
2483
5038
7164
7165
8
3927
4996
1546
2324
6932
4975
4168
6939
5997
2784
4165
111
1587
6947
6928
3697
603
2270
92
6969
6985
1573
3884
2649
2631
2608
1025
105
2958
2923
1842
1189
6346
6606
439
6609
1825
3501
4729
328
1804
4743
2015
6642
6268
6266
2024
1147
6695
1779
178
5430
1967
3281
1890
3404
4565
3405
4607
4617
6424
1263
1225
3413
4658
3347
6519
362
6529
1948
6374
6373
4664
3312
3310
6696
1141
6588
6722
3677
2963
6826
206
2973
2975
6798
1690
3686
6777
3676
6832
192
5291
3000
1346
3689
6125
3380
1760
6129
4419
3066
791
4484
5271
5762
4501
4663
1348
5042
1276
1267
4055
4661
1350
5713
4866
728
1224
1241
5094
5491
5717
5268
1367
4539
4477
4998
5594
5331
4947
4437
4787
1126
4443
1320
752
1159
4970
4783
4420
4178
5337
4324
1062
1180
4478
5611
1135
4394
1191
4395
4444
5283
1104
4992
1188
4718
1182
1107
5695
5563
0
669
3369
3365
3362
3361
373
3359
6502
6467
3354
2949
3325
3322
3319
6553
6572
1951
1921
1887
6435
6422
6267
3521
6278
3504
6927
2234
1826
133
6728
3461
3417
6384
1871
6395
2822
2882
6893
339
124
6839
6594
3191
6774
6677
2116
2036
6689
3158
2120
3133
3116
6707
3101
262
3068
2066
3087
3130
2122
6644
6790
195
198
211
5774
6802
2978
3245
6797
3243
1993
315
2989
6624
3212
6795
6636
6792
2152
3527
2220
2770
518
2584
6141
1517
523
7147
39
6128
7001
5820
6051
2638
7145
633
6122
6052
6106
3759
3801
6067
7050
64
1545
5878
1792
6144
3562
1769
6206
6937
3578
2444
4030
2549
1607
1630
7117
3602
1724
3830
2778
4
7160
2519
3661
3673
663
2375
2128
1006
1004
4972
993
2514
5012
2508
2500
1109
2396
5034
3064
4829
4812
4796
2457
972
2380
2369
2606
2362
1074
2825
2773
2218
2249
4984
4877
4944
1056
4949
2244
4957
4976
2238
2820
2368
4873
2905
2981
1100
2560
2568
2603
1014
2733
2951
2928
2926
2921
2908
1020
2279
2613
3078
3260
1134
1629
4202
4207
1390
1635
4271
1639
4366
1356
4383
1353
1676
1687
3675
3658
3636
1339
3617
1329
3601
1756
1625
3836
4177
3848
4036
4032
4052
4026
4010
4006
4081
4099
4106
3971
1762
4108
1532
4151
4154
1556
3906
1578
3854
3851
1429
3850
4119
2077
1778
3493
4693
1199
1198
3251
3249
3244
1186
2002
4738
4746
4747
3211
1161
3195
2030
4759
2043
1142
3115
1138
4778
1206
4669
3295
1946
1820
1827
1301
4467
1845
1296
1850
1861
1274
4531
3522
1873
1874
1879
3409
3407
1903
1230
3357
3356
4638
1927
1268
1766
2436
7141
7125
6654
6227
6234
5631
6421
848
5373
7032
575
7133
622
6607
6650
6837
574
5230
5225
6407
5502
6933
6827
5199
202
410
320
