6768
6765
1061
6769
208
201
200
207
203
1660
6762
205
1670
6763
1678
209
1067
6760
1316
1313
206
1317
6764
5433
6229
1311
1450
1319
1675
6
7
3644
5142
1310
6578
1679
214
1755
7056
7048
3040
5724
6587
6767
3082
1250
6551
5873
6121
6537
6203
1236
905
2812
202
1907
4860
1654
6637
4328
3564
3045
3817
4685
5014
115
6152
364
6089
2056
5659
4902
4756
4753
6156
123
4000
6575
2539
610
903
6081
5371
193
4654
5658
4301
6835
4153
5494
2842
6311
506
6556
3132
6316
5016
4925
6400
1401
4903
6416
1232
1257
6579
312
2153
109
5778
1749
3750
6730
4172
3106
6038
5396
6738
3676
3754
1444
5347
4943
6134
1959
1128
6147
3085
5047
6159
6283
191
5081
96
7104
4307
2572
4362
2717
5496
4455
4506
6584
1658
2105
1314
2110
6558
6643
1753
327
7040
2155
7047
4706
5520
3310
1286
1900
6222
6498
4358
4350
6970
6572
1677
3907
1098
1633
7045
6352
1251
3759
6557
3758
1650
4686
1235
4415
4817
1919
4408
204
3873
3348
6855
6138
937
828
5647
5337
4008
3051
7124
5952
5528
5524
2808
2133
4182
2986
3980
3955
2101
3097
4262
3978
6808
551
4304
515
2843
3100
1589
1281
2807
3834
4700
4704
7142
361
5981
353
2514
3825
3608
5573
4587
2093
2817
3315
2840
6980
6570
5657
2284
5829
5651
2336
616
1138
1133
2686
5248
445
3651
2177
5322
1097
2333
2150
2713
4502
1001
5092
5108
6310
5475
4909
5351
3018
1750
5448
2156
5417
1234
3755
5325
3042
4735
4750
904
4758
7125
3752
4899
1230
6407
5377
212
4248
267
6935
1638
3545
3900
6832
6928
6793
197
1441
116
6942
6807
3383
4082
4101
2276
3929
1445
2278
194
2471
4364
6834
4256
2472
4406
6734
5348
3047
7077
3964
2628
1741
1601
3262
6483
3494
6037
6736
4730
1513
4321
3443
3937
3041
3043
923
894
3268
219
1742
4233
6364
5330
2702
5033
5146
2003
6298
6297
1082
5143
1077
476
180
3102
2723
3109
5099
2174
4904
4300
6931
5328
1446
3048
210
4709
3885
5283
4260
6812
5011
5229
6148
7087
7118
446
531
6732
873
6571
2811
1757
334
4600
128
7161
4651
5947
6592
2821
1378
1377
4660
3319
5882
788
1375
1657
5630
3385
1672
5650
72
121
1801
1315
1376
5746
250
4560
3024
6867
6908
4475
6018
4363
6617
357
1408
354
719
6873
1817
5977
5773
1901
3976
5508
992
3089
3459
750
5134
5738
5655
517
6158
5109
106
1035
2923
513
6916
6157
4305
2317
3105
1768
5877
5175
3733
5148
5132
6183
1764
3471
5450
3084
1507
4239
4235
2806
902
7128
3522
5374
2437
2993
3490
836
872
5470
6869
6017
854
2787
6034
132
1485
5967
5964
5653
3083
3721
6142
5644
2955
785
6866
945
2969
6136
1849
5584
2974
102
2058
6127
6125
5961
6900
2157
5093
6919
1706
6405
6401
2295
2631
2380
4941
7023
1380
1386
4949
6347
1258
3170
3405
5010
3137
5013
6573
6340
322
6940
6648
4826
1413
362
4393
367
4357
1252
2575
1652
1402
6538
4707
6962
3446
4673
6745
345
2400
2612
3269
6534
4722
2238
4961
3347
1074
5031
4602
3861
6586
6313
6623
1329
5023
6632
299
1711
3848
2494
5020
6318
4577
2710
2696
192
2693
1903
3605
4091
1813
4564
1276
5736
5734
1902
4530
4474
4681
725
5503
3359
4098
716
4687
4703
5764
2096
4367
822
3417
748
1765
3996
1368
5633
2960
3401
1371
3340
2964
3959
5663
3343
2970
1920
1831
4584
2982
4047
2082
5679
3526
1337
4418
5526
1284
5701
1283
3314
3016
4733
5468
2005
3925
5157
5159
4302
3952
1784
5153
5024
3087
3086
5211
1971
3583
5015
4268
5022
5042
3130
4313
3116
3118
5122
4306
1452
5125
3933
3673
1029
3732
3126
3662
1068
3730
1076
4303
3127
5226
3521
1708
5275
1208
1210
1511
5392
1702
4752
4308
892
4324
1748
4179
864
3025
1254
4166
1419
4718
4767
4816
1743
5001
4259
1136
4951
4947
4945
4926
1443
5345
1848
4865
2032
3046
4842
4314
906
4822
2020
4486
0
325
6258
6263
6021
5924
256
2711
2775
7069
6141
2116
5916
2576
101
2580
673
2302
460
6926
384
7105
374
5868
6523
6530
2383
2519
6597
5978
2525
6167
519
2339
516
14
6188
119
6204
2529
2427
6082
6553
2240
5933
6531
2154
602
6603
7122
6118
6114
2256
406
2259
75
6423
6945
2444
77
6359
6397
217
5807
5860
2451
6718
440
6404
7022
6403
6936
5833
2847
184
2239
540
6154
536
266
3049
275
1867
2511
1752
5196
4492
6766
4312
2515
6611
1456
5201
991
5342
974
6701
2251
6133
1410
2474
408
6725
1786
5284
2248
4559
6140
4412
3414
6741
5327
1428
6731
2244
2481
6130
4327
5338
5339
6642
971
5341
546
2331
6704
4334
2148
3820
2734
1944
6433
4969
1736
3143
3138
432
2603
1937
1110
5017
4738
447
383
1969
1132
1960
2403
4900
1955
1739
1178
2627
4927
1958
6418
6383
1189
4944
6381
2621
2651
1139
1100
2151
1974
1092
5100
3111
7136
3318
4620
6559
1285
3664
3342
2001
4603
1013
4601
6187
4604
5097
2726
3119
4724
4723
3296
6300
6294
371
1253
366
5063
1927
6503
5068
1069
352
4664
6307
1458
4353
6907
5546
619
3983
1575
5473
6868
2981
2428
5694
7065
5479
5648
3901
4187
4202
3451
1804
6911
5847
6901
5566
3872
4180
3543
3812
1632
6920
3932
2055
5976
4068
629
1566
5529
1554
5891
1810
2953
7051
5500
3924
3951
1626
120
2804
92
3753
3906
3506
3031
5843
1605
5585
7044
2971
794
1815
67
5616
714
5619
1674
5359
718
5622
6786
5930
2835
2456
5356
3967
183
56
3044
185
5358
3856
6924
5742
3485
157
782
