206
5433
6762
201
6760
6768
203
1061
1067
207
6765
208
6769
200
6764
6763
1068
2000
202
3963
4902
3873
205
6551
3757
6556
209
3848
1069
5156
2251
1450
1245
1250
2008
1679
6767
3885
389
1066
1670
5438
2001
1675
6
7
5070
1254
1255
5159
4185
1660
204
1240
6916
4183
3608
4177
1074
6283
4172
6738
5981
4841
4560
4675
5076
5035
4176
4301
3968
5876
3171
6557
3969
384
380
382
2812
6559
1097
5142
6538
6234
6892
4187
4307
2394
1248
6310
6804
1252
1313
6118
4564
6117
6222
387
4350
1678
6297
5663
3978
1098
927
1919
1257
219
1244
5773
6258
4173
3768
4842
1251
4280
6869
4776
6294
4450
6035
3763
5585
6112
854
239
267
5010
3685
1065
383
2002
1064
5780
6129
5930
5880
2093
3766
954
4181
7142
4327
3825
2278
2187
3817
4965
4305
5778
6229
967
3546
2933
5642
5724
4304
4303
3132
6290
6864
5087
6931
5658
4302
4179
6896
6298
3100
4300
985
6311
6550
6617
5207
3907
5151
506
2680
6800
1716
3882
2449
1916
5528
1104
2259
1136
1743
6812
4654
139
5033
2003
3996
739
4674
5231
386
3401
1829
6320
3516
2541
3961
3952
2720
1317
1243
6714
2297
1827
5272
4707
6922
6924
6928
2026
6933
2380
730
4704
6438
6842
963
902
6554
5648
2815
6866
4400
2710
5694
4485
6807
2686
949
1688
6793
4565
4566
5055
2621
1711
1626
4969
4963
2276
5437
733
3556
6575
3765
1247
3960
1093
6038
3178
3676
3471
3045
3771
3485
7141
113
3773
3040
1281
4202
7164
3138
1215
3312
3318
214
1090
6803
1677
6113
114
6378
6366
1105
3876
2738
1316
4465
1717
1077
3213
4444
1062
2762
5912
4422
4415
2811
6860
1361
1311
2611
1748
6397
6578
6572
6571
2186
5042
6593
1172
2082
2274
2020
3695
4817
1246
2444
5509
1935
69
5337
2521
6724
5952
1765
5486
2573
6414
5949
1362
841
6404
7057
3385
1042
1741
4308
1376
969
937
3012
4233
3072
5074
5855
3016
6957
4367
1022
3101
2930
4182
4265
2893
5493
6962
6637
1867
2440
3902
6525
3651
1495
1092
4513
3883
5556
6799
2437
1955
2275
4772
4150
6638
1692
462
1987
2358
3747
5966
213
7125
2333
731
1718
1293
2320
108
5236
5830
2303
2299
1158
4318
6091
945
4561
3861
2667
7108
6618
1138
4433
962
3605
6158
5108
5100
2804
5332
6920
5836
5898
6695
2482
5653
1825
6221
1365
2827
653
6868
4216
5996
5997
4374
4362
5914
3519
5843
5955
971
6537
6734
3967
4735
3103
4989
6616
4455
5964
2717
4676
6159
2758
535
2241
230
1511
1241
6464
2443
2439
1911
4804
5275
5271
1517
4266
5835
4777
5328
3048
1436
6483
4396
7123
3504
2247
1205
3510
3512
4983
4985
5122
5121
1210
5001
3602
641
5022
4203
1195
3597
5995
3583
6944
14
6927
2997
6614
732
6647
1232
5978
5177
5168
5157
6021
596
4977
4952
6019
5769
5150
7149
5145
6530
2255
3650
6531
3041
1857
3778
5701
2745
4155
4170
2761
4100
2591
6316
6841
6908
1742
5727
2774
2778
6111
4059
2626
5526
952
4050
5935
128
2711
2684
1657
5933
5872
1279
5697
121
873
5923
4685
2638
436
1385
1319
2785
5846
4174
6423
2529
7069
4080
5666
5661
5894
6867
75
72
1366
1844
6449
923
6069
3840
5954
6416
4360
6299
4656
1749
1757
6748
2570
5567
3841
6318
6313
5910
2105
1578
1654
922
5576
943
904
1310
6301
1173
5078
941
1063
6566
5657
5920
1638
1605
5080
1606
5134
5586
6228
1849
6119
6411
5945
750
1969
1959
5839
1139
836
1753
5439
6089
1927
5435
964
5432
966
5430
1810
1815
6433
1875
5382
1850
5225
6041
1236
5834
2068
6357
877
5761
5867
1091
1554
5985
6028
869
2055
6347
5171
1100
1541
5192
5520
1500
6034
5722
1728
5853
5967
6223
1099
1001
2284
186
3929
2875
70
3924
330
2494
3906
7104
132
2835
3770
3901
345
78
2820
6706
3772
6704
2481
6911
2379
6905
303
6900
4319
3745
2431
538
2661
7112
2895
3962
2474
2478
2483
6913
3900
3894
4632
3310
456
3844
3845
4603
2612
4597
2681
4587
2673
2627
7047
4519
7048
463
353
6766
116
3810
2801
123
3878
2520
499
6832
2741
3816
4451
2734
4652
2713
2561
96
2577
6655
2456
2250
5047
4052
266
4982
6600
4943
5018
6942
3018
3486
7139
212
4189
4988
3013
4941
275
4961
4212
2242
3564
2246
3687
3677
3644
2257
1305
1306
5840
2775
388
233
5593
1360
3871
4432
4449
5579
5607
2753
5842
1050
5844
1381
6358
4098
184
1368
4514
6801
1367
4105
413
6152
6808
3108
5561
6352
6115
6809
4133
5861
5860
3859
887
181
180
2692
4153
4171
217
4428
160
2786
6243
4330
3212
4056
4324
5748
5699
4321
4313
3966
1513
4262
1516
5917
302
2935
6254
7022
961
4267
3973
965
4286
4285
1535
6128
5679
1483
237
5633
2810
355
163
3896
3043
6220
6948
5903
250
5786
5784
6945
2862
6123
1470
1471
325
3933
4219
7009
5674
4260
3947
4194
425
5072
6365
4904
723
2021
4903
36
3662
2006
4894
2004
736
2352
2359
6659
47
4922
743
4809
3724
3728
4797
5235
752
3731
2668
6045
1971
4794
6672
1933
4718
1992
4717
4929
3656
2145
5067
3526
649
3518
5024
5099
640
5014
5113
636
5002
4987
625
3659
2101
2240
2245
2083
26
6615
2256
4971
602
5154
2277
6018
5998
3653
716
6546
5301
5237
1284
1828
3774
2615
1723
504
6717
6432
1813
6427
1383
6081
4677
4709
6732
2526
6740
1283
6400
4671
3813
1784
94
2589
2553
5471
4650
2587
446
510
4637
1710
1831
3767
5371
3389
5401
7056
6457
1856
4696
1854
77
3387
6774
1910
865
7102
1836
515
