6764
6763
209
200
1067
207
208
6769
6762
205
203
6575
6765
206
1061
6578
6768
201
5142
6571
2812
6760
1450
1670
5433
212
6222
6572
214
1236
6807
6573
6
6229
1660
3873
101
5063
6559
1959
6868
1068
211
6767
6931
1250
904
6749
4235
5467
3310
218
1310
4729
6804
1675
2133
5724
5778
3516
4358
36
325
1316
5207
6556
1678
4804
7056
3558
1957
517
1958
4735
4734
6570
6928
2612
6187
1644
7104
215
4756
2236
2923
4758
3848
5640
750
1952
5985
6426
354
128
5337
2986
6551
5734
6397
3314
1933
6018
5952
6748
557
4301
5658
5022
2829
5894
3319
5371
5494
6311
2444
4475
3882
5001
3861
5089
6738
6920
6913
3752
202
6506
353
367
2921
5577
6834
2820
5735
1001
4256
6984
6310
2481
3318
3138
4899
2235
6938
1253
5810
4864
6154
3380
6933
513
639
2380
1451
6089
116
836
2136
2122
5615
5321
5630
6049
3340
903
1313
5872
4815
6070
4698
1848
515
602
5924
5842
3313
1066
409
364
3100
805
1082
6944
485
4733
4752
6400
365
2738
4718
5508
2021
2982
504
864
6511
3446
600
512
6025
711
6686
6017
6015
424
675
5964
5994
6734
5338
5967
971
4622
5108
4684
2953
6301
1065
6287
6588
6283
2001
1635
5342
3740
6643
2835
4447
1700
5148
4305
1850
1711
6537
2976
6515
4362
2000
6554
5645
3867
4841
902
4776
2718
6925
6922
2
6917
6911
3906
6906
4989
3900
153
5585
6916
2244
1158
5396
1189
7047
2276
5010
4860
2804
381
4862
6081
4111
6263
5401
4816
4472
1657
2997
1900
1334
887
1685
4650
634
69
4066
1784
4047
6557
5143
350
3668
4324
4182
356
357
3896
2970
6060
5369
64
1169
1337
2014
6483
3472
2448
1950
5764
3126
6945
1677
1936
3700
3141
4479
4474
3146
94
4842
6206
1857
585
1954
1672
1679
3907
6471
1022
1992
6927
4530
5571
5104
3118
3923
906
4777
873
5331
3925
2229
3097
5200
5679
2145
2135
5016
219
217
1755
7146
2843
2101
2116
2839
5042
6800
2803
5983
5348
4654
919
7143
5420
6587
6040
5647
1511
1765
2866
5002
822
2805
1636
1319
6579
5770
5741
6827
5772
6196
7116
111
4490
5989
2858
7141
5156
682
5966
459
2316
6158
7
1081
102
2823
3644
2807
4473
2806
1388
6731
5238
1139
2431
4202
7034
3296
4318
67
5475
1684
1138
5322
5982
5373
6669
2826
1973
5829
6207
6355
1918
6965
6351
5325
4119
3217
6323
954
3817
5032
4187
6525
7132
2939
2058
1731
2980
5225
6538
6929
311
4812
5573
3490
1810
6503
6609
2056
4239
2055
5591
6558
3878
2741
4094
6586
5930
6041
655
327
2969
6058
362
6038
2670
1726
916
3315
132
2772
6013
4818
1768
4532
3018
2927
1230
4209
2895
423
1485
2219
4357
5730
6625
5196
3587
6016
297
3045
4302
5145
4304
2410
4314
1813
3978
1043
6051
4448
2427
3401
5873
6254
3443
6010
1741
4444
6053
4422
1818
5949
7098
14
3491
3583
6024
1761
6083
5942
1743
4350
1235
6069
3363
5154
659
4802
1853
1454
7129
4413
6063
6216
3359
5816
6188
1856
4153
4415
605
6375
3976
6836
2711
5977
2964
5070
5368
369
6531
2977
4645
3757
386
387
6835
2988
6908
6514
6914
5701
6261
865
6502
403
2012
1272
3922
6926
1990
389
1362
6583
6803
6746
5015
3833
840
2830
274
5024
2851
5677
2154
1311
2857
2878
2745
2920
6628
5035
302
5036
2755
3809
2065
312
314
316
318
812
6597
6630
1086
4091
4166
5330
464
511
3933
3946
761
1143
6320
1901
1935
6359
506
1902
6358
5509
4904
5119
2468
5775
514
4086
2462
1257
119
7022
516
518
1666
871
6395
6941
437
6414
892
893
1668
1690
3951
1689
5653
845
5644
763
1687
5685
935
3812
1509
5382
5504
5389
1453
5358
5961
5439
3816
5875
4307
5880
5400
3687
1456
4019
905
996
3690
3743
5263
5850
3924
1714
3926
1654
3683
3927
1638
4224
3744
714
4264
5270
5938
5694
5584
3676
3798
4246
5339
775
854
5886
2356
5981
6716
6733
5013
5012
6744
6745
2802
2801
4704
2773
4715
6823
4969
6850
2693
1281
4961
4957
4723
2828
2834
2852
278
6510
2029
380
375
2033
2973
2045
2047
4653
6900
5047
2937
310
6611
306
2931
6618
2068
6637
2860
5970
2210
1168
6905
2428
7023
2413
4759
4762
7091
4779
7111
2384
2430
4826
2374
7125
7128
19
2369
7136
13
2362
1231
2379
6505
2436
2440
6907
6909
2641
1273
2621
6924
6932
4738
2231
2284
4749
6940
6942
6943
6947
2241
92
2539
6985
2278
106
2015
5044
6493
6136
609
3441
4366
4412
583
1849
578
4805
6203
6211
6218
6234
1867
548
546
3307
3295
573
3267
3486
3493
5987
1756
683
1763
3588
1006
5230
4319
6108
658
3564
3556
5222
3543
4327
6068
3506
1437
3580
6318
4441
1903
1955
4492
5109
5117
3137
6411
1939
6418
1938
1964
1083
6383
432
1979
3211
462
5101
3215
3216
3042
3040
1455
4809
1187
1524
4158
1188
5083
1077
1371
4611
4811
4541
4822
1251
5231
1317
5408
5340
4767
5074
4651
4323
5413
1446
4205
1376
4443
5014
1062
4721
4449
4463
4973
4716
1474
4998
1514
5011
4465
4703
5122
4695
4613
4432
4685
1479
1433
1517
4655
4906
1029
4396
5197
4408
4680
5370
4952
4308
4954
955
5153
4481
5115
4806
6389
6293
127
3268
6298
3266
3262
519
6316
6325
2225
1906
3213
6353
6356
2628
2638
3132
152
1951
6378
6336
6902
6247
3344
3444
3440
6145
3384
2439
103
2125
107
3361
1866
6169
2594
571
568
6937
6220
3348
6231
1859
6934
6177
5431
454
6404
6582
6585
195
2948
2941
2933
2149
6615
6617
6550
6624
2854
2853
2134
