6776
968
962
963
969
3858
967
961
6777
965
2292
964
6779
6772
6198
3859
4663
3853
239
3854
3851
6846
5265
3681
5708
3016
2038
960
5704
5099
783
3015
966
2299
6771
1495
1822
4790
3012
5262
3850
5738
3010
3260
3855
4561
5740
2897
5050
6778
4397
1829
1268
1497
5041
6090
3018
4566
6842
1728
1688
2303
1269
6848
4668
7119
6192
2513
4560
6092
1520
3017
4788
1261
6983
1632
2875
1973
2515
4798
1266
2962
3685
187
2291
4797
4799
1721
2298
3118
3268
2997
3461
4564
4781
4030
4998
1823
4685
2661
4569
4563
6190
3900
6199
2297
4416
3856
6602
6292
1264
6604
5266
2667
4902
2296
2308
1630
4157
2031
5035
1722
1267
2960
5104
6926
4819
3876
3583
3011
4037
5855
3682
3593
1765
5739
1160
4949
4187
4997
5284
2223
6965
4368
1263
5005
2309
2045
5705
2758
5003
5906
6339
935
4026
6882
4873
2437
5282
5055
319
333
4994
6425
4735
6770
1437
5080
5735
5665
2238
4413
5276
1701
4040
745
4346
121
3874
1376
6098
2301
4541
6886
3914
3512
237
4477
1087
3969
4733
928
3680
6649
2039
871
5070
3911
3695
4721
4815
2071
617
4080
1363
2293
2294
5700
900
5666
2715
2708
4968
5481
6724
5707
5663
1828
133
2451
1262
3782
6624
1824
4060
4565
5286
6631
2514
4150
2351
337
6565
3908
800
7068
5272
3028
5124
6922
6276
5972
4792
5287
1332
1654
5004
1821
3111
5338
5653
494
619
2991
2210
2295
2662
6834
4412
2561
1097
6645
2870
2663
6185
2613
5732
5850
2672
4682
817
322
658
711
1200
3848
235
232
1692
2644
1421
4975
4224
5129
4031
6283
6438
5907
3014
3013
2969
2973
2030
185
1023
183
383
4659
6653
2603
6920
3355
4903
338
6427
2851
2160
6048
6646
404
6644
3466
3468
5280
389
5197
925
4598
3308
4804
6195
5193
6656
2096
5463
5681
3679
1491
4680
124
3997
6603
2721
2290
5000
1024
182
5661
2032
1697
6099
4399
1545
1951
3978
6773
5731
4
3061
6392
6546
4314
4285
2638
2752
6923
740
2660
4275
742
6775
1941
2668
5727
2961
612
7079
4786
4392
4039
1691
2259
5486
1470
5009
5301
7057
5774
3607
2935
2933
2083
1637
1666
2761
2873
6473
3672
5008
6868
2251
2884
6421
3256
4825
5209
6351
3214
4280
2939
6096
5726
6847
4576
4547
3019
6975
1393
6386
6958
6997
6196
5195
2874
6094
5747
2966
1428
6911
2257
2236
4329
1505
1523
6091
6905
1451
6132
819
6940
6939
4250
486
6938
1370
639
2275
6363
2214
5089
2278
3329
5190
597
4183
6932
5515
4549
4893
1147
4875
950
6606
4662
4765
4993
4990
4374
6488
6607
353
3787
120
5450
5758
116
4115
2681
2148
4941
4999
1031
2737
5006
1293
1223
5316
3676
1216
4460
6622
3687
2517
5945
3692
1662
3697
2512
6611
4791
6609
306
2670
96
1775
1125
4154
904
1825
5410
2631
2640
76
4471
2168
2488
7127
4470
3963
6654
1796
6655
2604
7003
6269
2637
7125
1158
5818
2036
3698
5384
4650
4403
7160
216
3024
6243
4736
5321
4542
2277
4892
3210
12
3213
5689
6960
6100
1455
6774
5001
6152
5601
129
3149
636
6093
2573
2692
2302
6937
2579
6579
6934
5360
1080
2983
72
4992
2019
6365
1723
2666
6608
1204
3852
6790
7138
1047
2564
6513
4665
2591
5368
5007
2463
5912
3469
493
5652
496
387
2145
6640
4497
1319
4783
3514
5975
4096
1504
350
6630
6052
2094
6449
2911
841
396
3361
2468
887
6040
2176
4173
1298
6423
4174
3411
3415
3340
6652
3339
897
3336
4475
6415
1275
1260
6628
6820
1229
6191
1663
3261
3609
982
3592
2414
2080
2411
4562
5743
264
312
1228
5510
2412
2272
6188
6619
4394
6314
7046
2811
2767
1494
6849
2599
6918
2649
1161
1112
2867
2656
1012
4969
6268
6783
3034
6234
5047
2635
1108
4966
6734
5694
4357
6916
6370
713
2820
4459
5043
2560
1265
5038
2577
934
6309
2695
1331
1040
1186
6310
1065
2928
4996
6317
6307
6301
3001
921
2895
6324
5551
1310
4943
1099
916
5529
4366
1338
6302
4942
4901
5682
4898
2418
2999
926
3501
4810
6440
5990
6639
6638
4609
1609
335
4795
3465
7044
310
1646
303
3590
5285
295
293
3616
2068
2087
4635
3458
3451
512
2211
3312
491
4828
483
4177
1531
5206
6429
4571
4820
3358
4818
5749
5654
6424
3414
2170
4130
6669
6980
5941
4785
1947
106
104
98
5802
3825
6575
6574
3845
117
7132
3941
5377
6569
1820
3901
3902
3912
3935
4728
6517
5930
132
5598
5910
2046
3670
3671
230
7082
3677
215
214
1760
5324
7089
188
186
2015
5901
1729
7100
6605
6595
5326
6682
573
6107
4872
6924
6102
4544
6700
6955
6701
4545
600
5729
3137
5722
3211
1430
6159
2287
1439
6968
1438
6929
6974
2310
1431
6295
2754
1008
4197
1693
5784
1029
4454
1027
5574
184
6359
1433
2533
2532
211
238
2300
6615
6146
5098
1371
5734
2386
6460
2988
618
4242
3595
6356
4623
1241
6229
1657
1659
6944
1364
1224
6069
979
270
4049
2995
4249
6238
4787
4038
5917
1681
3152
6298
5911
6251
1669
4405
3726
7098
3968
3841
77
4687
5364
3871
1906
3072
4442
4879
4739
46
1408
4293
41
4971
4970
5120
6275
2326
4730
6557
1403
4548
4716
3905
3904
4878
1826
37
5381
3910
3102
101
2676
4862
613
6254
5337
6927
4407
5787
1046
4661
5552
5872
5593
6596
4995
4863
1194
1422
1949
4681
3990
5126
1078
2578
3976
6494
128
1188
7109
1191
6593
4991
2576
1645
707
1244
2889
6420
6988
4572
865
2191
4556
5712
2461
2410
452
4478
4355
4163
882
4817
2467
2178
6963
2857
4158
4155
2855
5562
4553
6651
2269
2853
2893
