5262
3855
4663
239
3851
6777
3854
3850
783
3853
5265
6846
3858
967
1688
963
966
960
965
4790
5704
5708
961
969
2299
1497
6779
3856
2298
2297
6771
230
962
964
6092
4797
4668
3260
6772
2293
2036
3859
6842
2291
1825
5705
238
6841
2294
6778
6199
6168
2292
3015
1796
3671
4791
617
4399
6776
6773
3852
5756
1829
4941
6198
4016
4168
6234
2577
5676
3919
5670
4798
232
968
2290
4781
3978
2038
7057
4040
4709
234
4560
4703
4665
1050
1901
1504
3012
237
4928
1765
6232
6097
2173
188
5759
1023
4707
1973
4795
143
4460
3971
6096
800
5274
4676
3561
5301
2296
3268
2682
3916
6624
1080
3264
3227
94
4721
1828
5881
5312
1823
2238
1
235
5395
8
5858
1040
4688
5487
6161
4566
4569
5124
3712
185
1071
2454
298
6653
1821
6645
6741
3608
2278
3571
4068
4462
1261
187
5738
6191
1024
6100
1857
2376
4794
4771
4764
496
182
4836
6099
6165
3234
5689
3061
7053
841
3974
1520
3681
5215
3708
2277
5311
5677
6775
72
2997
5271
3811
3911
1398
3782
5292
6867
6647
551
5481
3270
1686
4661
5099
5501
4017
145
4651
5782
5187
5337
6615
5751
2897
5585
2172
5344
1855
5298
1852
5512
5003
3230
2351
5084
5880
5802
1983
4997
5760
5758
5291
4949
297
414
5227
2105
5041
5945
5266
5953
2424
5196
4678
4901
3941
3685
2685
1613
2688
2999
1393
4336
2784
1587
694
4227
1421
6595
6634
2991
68
6831
3912
2965
1531
6655
97
93
3960
6697
1495
1451
4169
4638
1331
3147
231
3246
6094
4796
4792
512
774
3293
4772
6324
186
4711
1680
3358
2962
3480
4669
161
4667
6482
3392
7100
3401
3917
3240
5264
3124
3726
3274
3841
5381
697
3444
3419
692
3461
3072
4166
2256
4656
5064
5062
925
2589
923
2529
2513
4705
2405
2480
4940
901
2467
4924
4655
5251
4611
4522
2961
5234
4011
4013
4014
2888
2461
4200
4205
2854
2766
4350
5174
4464
2689
4564
2209
571
6644
7056
2117
6419
5703
5593
6649
6651
1898
7064
1722
5771
6886
6656
1399
6839
5633
6548
6726
1396
6392
6415
149
1545
25
6243
233
1312
1228
5764
5486
2176
6320
1893
5471
6612
7134
4485
2683
6604
4247
4482
600
1072
2817
2789
6611
2787
4433
2724
147
597
6605
1585
2590
569
2472
2477
6135
1827
4779
2478
4776
1033
6327
4731
183
6425
4679
6462
172
1045
6466
1687
4664
6516
6541
4632
4628
4571
4207
2201
1552
6965
3810
6983
3713
1338
3014
7043
7055
3624
3616
3601
3465
7093
19
3391
3390
3382
3370
3357
16
3148
3153
3154
3168
7144
3849
627
1394
6882
116
4165
2885
4125
6642
2912
4902
4018
6648
4015
3999
6654
2946
664
3965
6695
2952
1490
3936
1097
1429
1428
2969
3883
6865
1113
6013
5272
486
2391
368
5898
5318
5141
5316
2361
2161
4993
306
2303
1890
5302
5839
5080
2356
5055
5772
5623
5622
5596
5287
2353
2242
5590
5920
5220
5808
1013
5341
5199
2001
2170
5729
337
333
5497
276
978
1974
5739
363
5190
5334
5661
693
6805
5635
4163
4126
4161
2970
5634
1087
1422
689
4926
393
415
2245
412
1536
2913
5702
2272
3997
296
6652
1397
840
3915
6659
3969
2259
2083
112
3956
5243
292
1494
109
309
5226
846
1385
5617
7090
1313
7119
2165
7126
5330
5331
3144
5335
3348
5510
3483
1239
2166
3162
12
3164
773
7137
7145
5
3219
7147
5384
3149
5276
3094
810
1392
5594
5293
3829
2237
3796
3794
1384
1351
2213
7042
3509
7050
5307
3630
815
5533
3614
3610
370
3593
3583
1319
7087
3016
5755
1659
1555
2657
5818
5809
2178
2675
4572
1143
5070
1832
4782
2350
510
6597
6192
579
5074
4973
141
5804
4937
6195
2429
1671
5185
6428
6414
4685
2532
2535
541
4677
5882
1767
4718
2359
1754
4666
5033
189
2484
1912
6507
1806
6542
5915
4481
6115
4974
6110
6614
2782
4465
1589
2786
5146
4286
2794
2811
2764
493
1866
4249
4904
1584
2862
6629
5167
4921
4206
1982
229
4930
5121
6098
1599
4799
4463
2450
4461
5800
4442
5795
4437
1834
4439
4405
2708
5103
2163
1201
1881
907
2370
1835
2437
1850
1134
2420
918
1833
898
3178
2470
1238
3137
3115
1025
2235
1325
2109
2317
1465
1478
2252
1942
2947
2043
1947
2971
2271
1593
1074
2275
2907
2284
2833
944
2867
1569
2742
2365
2972
1614
2515
1041
2129
1897
1766
2115
1345
2357
1354
1424
3010
2355
883
1390
2996
2604
880
1651
1616
1109
824
2884
3584
1142
6621
4693
130
6613
5940
6607
6606
6622
6410
6601
5490
4898
6430
4932
146
4938
4833
6623
4684
4682
104
5286
4401
4467
4469
4517
4561
4576
6638
4635
5555
553
4672
6631
5516
5513
5511
4943
6312
4956
4961
5158
5179
171
423
5194
5299
5203
5148
416
410
5224
5233
402
5257
6474
6463
5205
5144
5109
5100
4966
5460
4969
4975
6584
5388
5005
5343
6509
5342
5339
5065
359
5068
3237
5323
5086
4959
4368
6650
13
6985
3788
6973
6928
3816
6920
223
7133
6899
682
3901
3913
5803
6880
6916
7108
7132
3705
5853
5852
3485
3486
7048
3312
3723
3304
7035
3618
7029
3625
3677
3704
5838
3275
3388
3963
303
5918
4245
620
6228
4253
5792
4255
6710
5591
6699
92
4334
607
3241
6219
622
295
4128
5780
236
6837
4090
6210
6847
4074
3
10
4012
6848
5791
3970
1839
6011
1840
6305
6450
6064
6069
1782
6078
6278
6163
6182
1801
6366
1831
6322
6241
1822
1769
6464
6608
1761
6728
1468
6742
1455
6790
6794
6843
1414
6859
6860
6863
6717
6891
1360
1349
7036
7039
7073
7079
7130
1260
7149
1194
1144
6987
6705
6690
6660
