6786
1391
5523
2249
1395
508
1396
5521
662
1394
4
4186
2949
4187
1399
2794
2205
3042
6856
1390
2208
1392
2796
5658
6789
202
4188
3041
3648
4170
5064
5526
2946
2799
1
5527
2941
3645
4182
6788
4206
4184
1238
2686
2793
2797
2815
5525
4178
3643
2795
3649
3100
4077
5063
218
4183
215
2201
3045
2202
3471
1237
2791
4577
6038
3641
1397
1398
6052
6579
5
3612
6509
310
5838
6283
6928
6919
4455
5981
5448
6
5653
5141
5078
4179
1255
6787
2587
4204
1053
3474
4321
4163
4530
3521
6859
3642
6949
4862
6043
152
5212
2812
4632
2304
3088
7015
5657
1240
3318
1752
934
2530
4264
6686
2000
6940
2817
2634
6920
5898
6976
2633
212
203
2444
2940
2847
3504
6311
3308
5433
6473
1741
6785
4698
4339
1312
6304
4815
5428
1476
3109
5701
1668
3043
3896
5074
4951
5988
1657
128
5217
3101
6033
4262
4956
6845
895
2207
3049
4860
1712
6059
5843
1061
2142
5065
2820
3967
3894
6935
5651
7159
6939
1127
2055
2635
6637
517
6313
6911
4532
4943
7040
1654
7047
1986
176
4090
1510
3817
4555
3084
5654
5984
2248
5987
5529
4443
5983
4716
3102
6122
6032
3290
5778
2933
5211
6018
4449
6388
5443
1511
5743
5924
3047
6556
5679
3361
5066
6222
6498
2307
6019
6470
4813
515
3758
2012
200
4173
6945
2003
1669
4098
6755
6934
6926
6767
1848
1068
4302
6936
3964
6820
7155
1716
108
6922
1667
6925
2241
1281
5270
6929
1178
5836
5829
4417
3
6942
1531
4181
1285
5218
3772
5761
5760
3893
2058
1976
1665
1624
1450
5976
6807
3312
6830
5225
1979
1472
6161
763
6840
1629
6848
6782
2772
1647
4400
123
6904
2040
6016
2481
6905
1625
1661
2895
5985
964
5257
3005
3040
7026
205
5092
5080
6505
206
6575
872
4440
5450
5462
1707
5060
3647
4450
2790
4101
5623
3587
4012
4393
587
6968
5655
1134
5310
6481
5385
1587
7077
441
6056
7157
3258
2792
3933
3931
942
1011
4080
1375
1474
1371
6067
6051
6843
2811
2935
1749
3891
2778
5046
1057
6944
1677
5692
1715
6970
1757
57
5289
7005
2894
1283
1305
2632
6931
7036
5082
5528
103
1755
5899
1436
3048
41
1666
5522
3054
5087
4407
6406
4631
209
2306
4432
3337
3340
1628
846
4481
1513
4422
6299
302
1538
2247
6762
6760
4308
2204
6316
1519
6352
314
6414
2232
6587
219
892
243
6188
3672
6660
788
876
4444
6551
217
4720
2116
6571
5047
1540
3310
4485
1562
303
1816
7104
6559
1706
2840
7091
3023
3007
265
6738
5038
5460
7093
5037
4492
5438
3771
2667
246
3929
1797
1714
6519
2957
1301
5396
1001
7034
6500
2959
2789
5559
45
5515
5430
4104
5520
4103
2026
6966
4447
5075
3754
4168
1170
6973
883
2835
56
2109
5656
5091
4115
3502
600
5010
1695
5645
2464
2235
1324
1495
2043
803
4263
6850
3105
6039
366
6858
5274
1653
1067
4234
6695
2056
170
2474
3217
3083
6842
1903
3252
4810
639
1477
6089
6087
6832
1236
6075
4280
2932
2348
1215
1605
1332
375
3320
6186
3816
171
4305
4307
616
2868
4993
5907
4994
2939
3044
5316
1518
2631
6337
3781
5834
5445
2233
2230
6749
1430
5179
1622
257
352
6910
2524
2057
2488
2934
6294
445
6766
2520
3963
3437
5964
3430
1126
5104
3974
3627
3954
2945
4434
1326
1124
5207
2948
1316
787
5098
4557
3046
969
3439
3053
4190
3082
4946
3882
3385
1179
4945
4200
4904
3118
4265
4710
765
3319
4279
4297
3262
961
3921
1174
5009
5095
1136
870
3592
4087
3558
856
3673
3682
3706
4509
4461
4109
994
3491
3477
1051
4479
1172
5035
4313
5014
849
3757
4448
6416
211
207
411
6048
6732
6737
1992
2453
6748
2461
6037
6835
2473
2486
1470
1902
1650
6862
131
5912
5894
5873
127
6879
1857
5842
5804
5777
2647
2654
5942
404
216
6689
2206
2237
301
2166
2165
2164
6487
6298
6490
2153
6238
2135
273
2301
1570
1576
6572
6083
399
6104
6111
6678
1479
6902
6675
2054
6578
381
1491
6576
2343
388
2684
1933
5313
1831
1829
5447
5686
5681
581
5669
2842
5413
5509
5646
1742
31
2785
5328
5304
7134
5599
14
1663
6914
1335
1664
2723
107
7138
2879
5727
260
7095
6663
3636
2112
4094
2069
1581
1122
3631
1753
6588
1137
4416
2070
34
962
2132
3608
3941
2169
7136
2156
6485
3498
3939
4470
6508
3556
7133
281
6510
4452
2140
1039
7116
4036
3908
2115
1744
1578
3637
6704
7030
6798
6819
1974
4278
4502
943
3848
6847
6849
82
4261
6938
89
6865
4228
6930
95
4220
100
6924
105
3878
4192
6777
3788
6763
6759
3899
7018
996
6985
6980
1690
963
4119
213
905
6974
2030
3895
3704
3753
6730
1810
4175
6741
4328
1058
1825
3780
6757
1791
5216
2931
2211
5019
4999
5913
2539
2537
2531
5943
3059
5961
2489
2478
4942
6028
2663
6030
2210
744
424
4899
1462
3115
4869
3175
758
759
3244
4833
1475
6034
5753
701
5043
5260
5284
5285
1329
2936
2865
2850
5158
5149
5323
5358
2825
2818
2816
5106
5434
2953
1309
5488
5502
1388
5616
5628
1032
1300
3001
513
1406
1295
4824
770
6036
1031
2384
2377
3311
4602
2375
3432
2365
6127
4715
2334
4567
2309
6266
4633
6202
1499
3333
3380
402
4659
4688
6225
6291
4734
2279
1482
6312
6120
4549
6338
782
3446
1515
6310
6300
1730
1783
2256
3367
1795
2777
2922
1717
2213
1817
2786
2864
2779
2176
1678
2877
1042
2843
1319
1746
1745
1748
3444
1701
2837
3582
1780
1512
1313
3914
2152
1743
2143
3507
2813
1323
3898
3907
2028
1143
1123
3785
2459
1621
3141
3150
3303
3161
2009
2053
3728
1985
