6785
2323
1474
2327
446
1473
2076
1477
2079
6930
4218
5603
3048
6782
4606
4263
444
4278
5520
1287
3511
1283
4279
1479
1472
1178
4455
3252
6789
1475
6034
4659
443
2329
2328
5855
1470
4577
449
6959
3040
6935
6035
4072
6038
6031
7161
2326
6037
3193
1288
2632
4265
4277
440
2081
3945
1281
4104
3286
6039
3043
1174
3101
4176
565
3857
5074
5443
1657
6545
4601
4602
2073
118
3042
6940
2634
6953
1307
1148
4272
6030
6036
1656
1658
4273
2740
6675
2074
4260
7120
4276
41
5446
1303
6945
1176
3102
2072
4077
1280
1284
6033
441
5604
4108
5529
3251
2162
2077
1301
1655
3023
3008
3000
4264
1285
6781
1654
5228
951
2070
3281
1302
7019
2324
1785
445
1308
2633
6574
447
5654
2661
71
3568
4078
4608
4600
5807
4100
4269
1305
1637
6470
3047
6678
3046
4285
4882
6520
6526
3041
6217
1289
1911
4145
1145
7002
6780
1653
653
6786
2452
6373
2312
2457
4578
1631
2669
117
4984
1173
702
3764
3106
3105
3049
1192
1091
4107
6926
2434
1286
3313
5455
2438
5846
6787
725
5413
5441
3104
720
4574
1476
3964
706
6527
6543
6531
3784
6563
133
4297
1783
6936
4456
4852
4105
4885
5223
4109
5811
2164
3582
406
7157
4143
6032
3469
2899
2782
4103
5653
746
2815
4830
5417
6347
2075
4450
1707
4271
265
4886
5326
6302
5490
3771
6621
6952
3772
5870
5512
3088
1435
3787
6566
3823
2790
3615
2334
2000
6866
6955
5448
1290
6783
3587
4075
950
635
4234
5951
4073
218
6845
6506
5216
5761
5457
3027
3608
251
6856
1282
1017
5543
5809
704
6449
6498
3289
6398
5786
1840
3194
6352
3649
452
1471
4970
6530
1443
6546
3679
4955
2314
6557
5390
442
3674
4612
6325
1382
1985
1880
2243
4889
1066
152
1697
2082
1068
2459
4262
661
4268
1297
6914
4258
6774
1659
6923
5449
6110
5926
2917
243
264
651
6705
4136
5211
6280
3054
6934
1098
3829
6011
1084
5268
1565
269
6453
5957
1179
749
5836
4101
5969
3481
3626
4106
567
6005
1065
1054
1553
7153
4070
7164
6313
2447
701
4295
6289
6274
3781
1116
6221
5902
1004
2331
5236
5354
3902
6156
3932
1069
6309
3967
1531
542
3988
5838
2758
2396
6525
2910
1190
2919
5450
6976
2241
827
6975
2109
1291
1292
1293
6540
843
3295
1296
4604
1170
1300
5444
6584
4642
2635
2069
6938
3045
1177
6942
5657
2642
4603
5459
6673
2572
2168
6848
956
5527
5785
73
5559
6900
1944
178
4881
4884
5805
1299
4888
2475
5524
6155
2078
1701
3785
6981
669
1224
6674
2795
6174
6007
262
3868
5440
4275
6885
5652
6937
5995
1095
6222
4655
248
4654
5579
1630
2848
6812
6806
5942
2847
5934
1191
4219
4023
5599
2444
4694
4204
1057
7155
6114
2453
7118
2433
5607
2979
1255
6855
2423
1298
2245
3024
4
751
1175
2301
4946
828
719
3672
5737
952
723
1351
448
7000
3262
2580
1155
6548
5712
6518
1387
5781
2208
1419
6473
2562
3514
3521
4392
6476
3562
3567
6490
1848
3612
1463
4335
2616
3239
6464
4987
6278
3095
5658
6305
1306
685
5431
3108
1767
5349
6314
1769
5859
6961
5873
4631
3197
1171
1480
3109
5476
1444
1416
5213
4772
5316
1304
5435
629
4854
4189
5434
1233
5477
1052
4880
4188
5966
5023
4430
5802
1199
4175
1431
5792
4452
4353
5896
806
4887
717
5925
4632
4641
4949
5741
5602
853
4149
5854
1120
4566
1448
5454
5839
694
954
5587
5437
4212
4337
5831
5830
5948
5858
4492
1402
4356
1546
4280
1034
6828
3647
6368
223
2489
3676
2915
212
1788
2547
2556
2901
6815
7074
3269
2865
6315
2841
1762
2478
2474
6850
6977
6276
2471
6255
2574
2868
2963
6772
3640
1967
3267
1963
2531
6532
3288
113
6558
6561
6562
3346
6485
7004
2007
2520
2013
6620
3103
1903
6680
3044
3501
6430
3001
6418
3628
240
3824
6969
6522
6916
597
7154
6958
2409
4102
6956
2202
6102
6922
4079
6047
575
1622
2686
6223
6075
2717
2248
90
136
2250
3934
110
2677
5204
6218
6877
2606
1712
176
2240
4592
6635
936
3091
5691
6683
4146
6690
2228
4951
256
2536
7057
2533
6592
6556
6927
3258
2325
3225
2247
7053
821
4904
6944
4595
2322
5727
139
2674
3238
6577
5649
6970
2083
4855
75
4945
2785
5509
2796
6838
4671
2844
4771
2166
2798
6979
2630
4774
4783
1229
4787
4931
2837
5526
6803
6740
2904
6883
3020
65
5633
2723
1294
6948
2102
2638
234
6949
6784
6908
2732
2111
6902
2311
4883
6788
2116
2763
4948
1209
1589
5783
1073
7151
6167
4267
1710
2442
1716
3827
506
3789
6270
1498
6277
3774
7152
4290
4292
5856
6303
7085
3728
1765
4298
703
6320
5104
1968
708
6329
4291
3695
5912
3952
5177
5168
4141
5208
5165
606
605
6021
588
6045
5950
4208
2390
1517
6070
2425
1544
6078
648
4035
5145
1650
3996
3985
14
5924
3961
3959
4214
3693
6941
4516
6450
393
1882
2338
3425
3396
1425
5799
1423
1910
6447
5795
980
1919
3284
765
3349
4457
3345
984
3344
5784
1912
989
4507
4397
1966
3681
995
3665
5313
5077
4322
3660
5070
2510
1467
3643
5030
4367
5832
1829
5818
5307
3524
6422
1859
739
412
2639
5055
5164
5031
1108
2394
1045
1122
5092
5117
5056
5084
5102
5112
2506
1141
2586
2333
5088
2320
1099
1102
2375
2636
2430
5129
2530
3160
2673
1768
1482
1770
3709
1787
3686
1791
3675
3667
3664
3646
1820
1825
4400
3522
3449
1927
1413
3366
1763
1753
3769
3783
1581
1579
4125
4122
4183
4192
4202
1551
4071
1937
4063
4220
4032
3983
4253
3970
4261
1692
3928
3867
1540
3315
1955
3293
2895
2148
2167
1247
