6789
1283
6037
6787
3040
1178
1287
6038
1474
1281
5520
3042
3649
444
445
1285
4264
6786
1284
6785
6788
3048
4109
6034
6036
5838
1282
3640
6033
1057
440
1288
1479
1171
1170
4577
4455
447
2323
4107
1658
3045
5117
3043
1657
2444
3102
4530
3643
442
152
4106
6030
3646
449
4602
3286
3106
6942
1444
3288
1286
3054
5455
6931
446
1179
5603
6031
4100
4951
5453
6039
3105
4601
3088
1655
4104
4073
6089
6904
6313
1656
5984
2116
4105
3612
1470
1280
3648
217
6416
1176
4422
6926
3109
1628
6949
6674
443
7155
5526
3967
7019
763
1173
7004
6935
1329
1473
5848
1477
1445
1441
2636
2633
6730
2539
6637
3023
1622
6940
1629
1654
6959
5985
202
3932
1472
5459
5559
5452
5450
103
1391
1784
1174
6934
3082
3047
3041
5223
7157
3642
2208
1172
5048
4077
6675
4262
2154
6806
1443
4574
6945
2632
2076
6678
3089
2835
2069
4167
5655
5654
7091
5527
5987
6980
5824
4108
5457
6127
3085
6302
4075
4659
6807
5651
2081
6418
6922
2249
587
4263
1237
3310
2635
6584
6905
5523
3252
3315
5379
7040
3049
3644
4239
5981
6783
6929
2000
662
5529
153
6620
5443
4716
3046
3080
4456
5074
2301
3474
4182
1650
2344
1440
6944
3521
2329
5115
4457
5652
6835
6902
5528
4232
7012
2247
5658
4218
3964
2064
1135
3258
2886
3025
5014
441
4
2486
1042
6304
5413
6406
5988
1449
4204
1741
2795
366
6900
4860
2953
4715
2481
2348
4225
3473
6925
6924
2868
6920
6919
1625
4905
1903
4757
6910
2398
3475
3008
583
5657
5964
1258
89
218
1314
4070
215
4606
3113
1707
4604
5310
1448
4459
2119
5454
6509
7153
6856
4103
4119
2055
3382
5213
4101
6503
5465
2667
2634
4188
1647
5577
1726
6749
1653
5482
4450
4175
1475
5075
2488
5260
4072
2686
5477
1752
517
7159
3281
2070
3083
7003
544
5762
2938
899
4802
4539
4817
3582
5524
7161
4754
4595
4444
2638
4448
519
6413
391
518
1447
2842
514
5451
4458
40
4608
2576
3634
7151
892
3567
2892
581
2922
6238
2082
5720
1157
2204
1663
1742
219
3750
6470
3101
6961
1565
241
243
4178
258
5370
5983
2042
2185
1328
3308
787
137
5580
3262
2074
6543
2325
7002
1289
5217
2066
2062
1701
4135
6122
2071
6948
3706
269
5924
3504
2328
7097
5409
6908
5680
6352
5436
6936
933
3024
3053
4862
2473
5942
4265
4267
1034
2079
2077
6558
5010
1740
4758
5458
5430
1804
2073
6781
6225
5608
2110
2457
6534
2075
2112
6506
1518
5653
2334
2319
5445
1649
1774
1976
6756
5829
5831
1979
1986
5110
1753
5141
5037
2248
6218
2013
1061
2244
5404
2593
560
5149
6763
4603
2040
5019
1623
4874
5948
6035
79
5943
2942
268
5907
6845
4187
6848
6849
251
3781
3386
367
1388
3318
3317
1293
6014
1295
5967
5976
7030
6001
1116
3282
3943
4071
1156
4130
2817
6939
4452
6832
6
4220
4533
4552
4531
7150
3498
1402
6916
3636
352
4535
6903
6921
3641
3522
299
3587
432
1216
6938
2788
56
3647
4538
209
5979
2205
225
1677
1155
3128
6290
226
4238
6583
5615
2160
1659
3087
6914
2343
5934
2337
272
2326
264
6927
3100
4186
995
5087
1621
3086
5016
5098
314
252
1326
5239
2152
3425
2012
3720
2003
3450
3452
6450
3700
5375
57
46
7118
5441
5446
5449
886
3635
7138
3633
3553
6053
5
5509
5571
1746
2035
6029
5211
2143
3166
765
6311
4078
1175
3980
3954
5599
1311
2153
780
4904
2089
3933
3907
3314
3319
3337
6498
5575
2054
3758
6531
2427
2723
2864
385
1517
2580
5774
580
1124
6229
2933
5752
4813
5743
4815
2941
1131
4321
6222
388
6736
4720
2707
5856
5873
1084
6765
2796
6762
5712
508
515
516
1073
4631
6743
1068
2607
6177
2949
908
4279
2451
6928
5817
7047
7051
2815
4641
4632
96
2057
4956
3771
1072
6334
5270
5659
3754
6847
3412
3001
1032
3427
513
1507
7041
2639
4446
4425
2387
5225
6540
5989
6907
2841
5902
2612
782
547
4280
1067
4228
2621
2085
1431
1510
6515
3900
2828
6016
4440
2007
2663
6180
2799
3523
3528
3529
3637
2772
6186
5870
7136
6782
7154
879
4532
7164
6047
6815
1819
4256
4578
5476
466
3
4555
5685
6901
5448
5444
5358
6347
7086
6833
3470
3000
1215
67
3479
3497
4597
5400
1787
5543
6830
6828
3511
45
4887
1450
1253
1879
2452
6911
2447
6663
1129
1365
3084
700
6917
702
2531
4867
5090
5017
1128
1355
1413
5913
4148
6915
5216
1580
4780
6621
6965
5142
4374
5020
5144
2304
6590
6930
5038
5040
2357
5044
1406
4309
1624
6609
278
6679
5052
4820
3059
4278
265
5644
1620
2321
260
653
4563
4183
253
4755
227
3138
1054
6289
1056
2865
6121
3035
4726
203
6301
2180
5206
1700
2168
6895
6566
1525
5909
6309
6968
764
3176
2138
6156
4884
6623
6559
6120
6575
4753
6545
2211
2563
212
2151
1511
1409
1029
1088
6082
1512
6263
6385
1251
1407
5926
1316
1318
1235
913
1513
5650
6247
1256
1086
1111
1123
6155
6078
1446
5574
1751
5669
6295
6032
1078
1678
1754
5570
5679
1765
5630
6254
998
1806
5842
5841
5894
6007
3589
1519
5548
5617
1772
6298
1487
5890
5592
1795
5022
3126
3124
6056
207
602
208
3112
6698
4814
4153
4160
237
585
2536
4775
4170
6724
565
3056
2442
6732
200
4923
3235
2327
3996
2339
4037
7000
661
181
5030
6982
6617
651
5015
3146
2385
5002
3133
4953
3130
4907
2322
4725
3051
2709
4562
6879
4537
6824
452
2778
448
436
422
6838
2924
2811
6843
411
4437
6855
4385
2837
2702
274
6784
2684
556
3050
6912
6740
4710
2616
2643
4654
