5931
5130
2406
5900
26
5914
5937
3299
3819
4937
3030
5154
1782
5148
333
4152
4151
340
3298
465
1090
5174
1805
2720
5133
4936
4157
6145
4515
3291
7087
193
640
5935
190
5936
2726
5137
1097
192
4933
5863
2402
5869
5171
4935
2283
4017
2280
5911
72
4418
5783
5773
4518
1077
5348
1384
1104
3349
4172
2424
416
5913
4159
2494
2287
347
2499
5909
5134
4939
1094
346
4150
5585
197
5867
3449
4337
2827
914
1100
4074
5135
6258
912
199
2775
133
4930
5932
2465
5073
1073
4703
6795
5956
816
4686
4656
4655
3876
3082
4645
5917
543
5789
6148
3813
4835
6280
1108
646
4708
2673
6142
1875
3296
5566
2606
6072
1503
2091
2724
6087
6327
5910
6811
2281
2403
191
6463
5233
5901
4938
5221
6269
2288
510
2006
2289
2729
910
7123
5345
5860
5074
195
2493
6138
6712
2721
5784
119
341
4931
5146
6141
541
666
1070
4510
3234
2675
5885
3330
349
1075
3293
1883
6348
4573
4707
4652
345
313
3297
5497
4760
4934
2773
4748
6130
6084
194
4628
3486
5417
1200
3814
1651
3237
6140
4041
2722
2728
68
1788
2400
5254
5140
1189
6511
6323
3872
1253
153
1183
5347
756
4404
1206
3036
3035
6136
2313
4239
6178
5319
113
932
3541
5624
84
6897
3542
4968
660
5370
4687
3980
5340
984
3039
3438
5864
1232
3759
4047
6419
3442
4630
3063
3874
2003
6144
4496
114
2282
724
5903
145
5076
5904
5550
5939
5440
6739
436
1344
5933
873
4514
5957
2779
6693
549
2713
450
5938
517
3998
1389
5993
2574
776
3547
5557
2285
6798
3543
2303
456
1380
1184
4513
4253
3817
4498
2407
5710
7144
2242
2179
6431
2246
6368
726
5951
463
2504
710
6226
1908
4868
1667
5175
3441
1626
2022
1718
266
2912
5473
5918
1841
157
1879
78
3307
6134
5487
5415
5309
6503
5479
1849
60
3177
6143
1955
1619
5132
1578
3170
6706
5884
6996
4731
5343
3176
5495
4704
7013
5748
5157
1360
5215
2930
2674
3292
5014
2882
5235
5234
751
5934
4439
4438
5412
5561
5022
2439
1144
2490
2390
5172
2395
5131
721
6152
6281
2404
4249
6513
2415
5614
5861
112
168
7050
6817
5024
5833
2302
5835
3254
6329
138
4170
2888
149
4346
5717
6139
141
6435
4377
6549
5912
3870
6790
5868
4030
5865
3525
2774
1080
2810
1455
3997
3866
4740
1101
7122
6083
6232
5960
2059
813
1214
309
2103
4705
3517
2647
2711
779
4494
1950
2529
6215
5712
3585
3583
5471
6325
3348
4878
6115
3567
2541
5662
512
5173
2552
3032
3031
944
2471
2597
70
2598
6899
3816
2605
5261
5902
3960
4068
6766
3826
500
499
5259
6662
5236
3965
3223
5667
5672
533
2928
3880
5659
3069
4018
4177
6411
2495
978
1233
4016
4154
6173
5866
603
2571
2650
5302
1620
6895
6438
6532
3883
3812
5504
6245
6699
362
1074
5476
368
7078
3560
5930
2007
6696
3231
4495
203
4965
5826
6861
4993
5830
2241
4436
2799
4778
1432
6091
2068
814
2055
322
6826
6466
6713
2824
4742
3519
5512
342
3523
1456
6909
348
1609
4431
466
1881
5107
2727
6966
469
4333
1338
4329
916
6288
5139
2304
5144
7031
917
1807
2743
5021
6738
1142
747
4376
3655
1554
1787
3527
7124
1079
3782
5916
2676
994
5781
5954
5782
3439
3694
2702
3227
3491
1203
1205
1098
6378
3727
925
812
3887
722
2798
5718
3339
6822
6896
3852
5713
3841
3839
3303
3609
3829
2771
2764
5821
1062
3613
3345
1076
3135
2738
3540
3108
5949
911
5832
3871
3372
3369
2886
3552
6319
5926
3795
3864
1018
1042
919
5862
1213
1780
6671
2461
505
5170
2467
6149
369
2475
6718
4843
1751
4560
6045
2010
6065
4960
1717
6703
6111
1574
2496
1467
2421
5152
4528
4434
1494
1902
2294
429
4945
4928
4926
2300
1925
5567
4493
4372
2311
1868
6964
229
6137
6010
1836
6690
4323
4526
6432
5245
1279
6240
4066
4065
6415
6791
1442
5399
2557
1239
5498
2063
4067
6792
4675
4011
4007
6273
4709
3995
2576
6709
2589
2591
2570
5312
6172
6423
262
6179
4153
1583
5634
1267
7042
28
4637
1679
4639
4955
6170
5307
1589
1093
1431
202
3418
844
861
1453
5819
3329
5791
2026
833
3346
6121
2043
4901
7037
1071
1964
4875
5808
4747
6994
2833
1975
1091
1072
6704
6702
1987
142
4961
3207
5192
71
63
1573
6328
1711
6648
2962
3148
3134
5875
1015
940
1013
1587
5299
3065
5316
21
3013
3037
5341
5342
5346
7
5389
1611
1689
1725
5190
2925
5462
5908
7093
4976
4990
5906
177
5831
4996
5031
7032
3253
1860
2887
1852
6094
1539
5084
5123
5124
3233
3232
3230
6147
92
86
5179
3220
1747
4956
3479
6228
819
3766
3762
2472
3756
3744
6816
5729
2398
5586
7139
820
6015
2678
6016
4370
4378
3651
4402
5564
3626
1345
4433
753
4435
755
414
1332
4446
2677
4181
2577
3903
1234
2627
5966
2555
6399
7131
5967
3849
5974
2663
2492
4125
3836
547
3818
542
1274
1185
3810
687
4175
3790
3788
4180
4128
1365
6013
3584
3549
3531
5531
2161
777
4653
6983
4529
774
6977
4571
794
4519
6462
4511
5921
343
3608
6725
2171
3605
1370
4492
1395
6223
2797
6080
807
2816
2233
5975
2028
5878
2498
2811
6890
2018
5883
1710
2497
1276
1704
2516
1659
2813
1218
1617
1427
5952
7064
2060
6086
2553
3012
6271
1598
3011
2542
6081
2534
1257
6110
6311
5919
1262
6100
2039
1459
6970
1716
1822
6581
1382
6019
6023
6217
1381
1145
1882
2401
2777
2234
1140
2745
1349
2240
1951
1888
1363
1915
1504
1182
2419
1784
5887
1107
1721
2838
1460
1038
2183
1286
2690
1548
6978
2009
