6798
3219
6792
6791
6288
3216
2777
6790
2773
3513
6173
3258
5915
3214
6696
2568
5430
6529
6300
1879
2541
2779
2176
6793
3250
2565
3208
6794
3210
5912
6048
6304
5419
6175
6284
4747
6391
3062
6524
3771
6697
6176
1836
4174
5954
5567
1210
1832
3218
6811
6171
6283
1219
6201
3960
5914
6676
6671
6707
7119
6795
5563
3254
3257
1971
3876
4675
338
4737
1801
5305
5903
2720
6281
6528
4173
6414
6311
1554
5564
4175
6815
3196
3201
4734
2758
731
5907
3232
4810
3217
1739
3207
6200
6282
5041
5726
6880
244
5246
3742
2275
6178
1837
2173
4382
3255
1216
4748
4352
6797
4267
5743
6333
6385
4381
6100
4185
3243
2540
5949
4656
6450
4116
1806
1830
2854
1834
4058
1839
1213
2668
4178
3512
1250
1241
3213
2775
3954
7001
1321
5433
4213
4817
5073
7068
7065
5417
7008
268
304
7040
266
4818
4900
1976
1797
1134
6600
5729
1100
2950
4902
203
3065
1247
6699
4950
2304
3206
6207
3215
5853
4112
5905
4402
2561
6833
3908
4829
6679
2957
4731
2776
4946
3499
2184
6067
6690
4051
3234
3073
4814
5058
6042
6043
4478
6099
4080
1715
2274
7046
1042
36
1831
1009
4937
7143
2465
3261
5702
1677
4395
3514
4415
2028
1205
6614
1214
3907
1254
1992
6393
4554
1978
1487
6295
4347
5418
4417
3894
3001
5694
4354
5838
4018
4570
5944
3195
108
1039
2369
2953
3903
4986
4357
1833
3900
5227
319
2368
3564
1005
4374
5945
1975
2321
1875
2172
5424
4404
6286
459
3231
2599
6691
4529
5081
2772
6616
4873
5913
4228
5432
4738
1972
100
6285
547
4520
4673
4676
4828
5906
4679
3519
6541
916
5477
4188
202
1237
4617
1395
1330
2400
2665
7086
5520
4328
1648
4337
5123
1732
5826
2667
2760
2177
1212
6091
5035
6483
2856
1871
5329
5402
32
3202
5926
2859
1749
3061
4054
892
4639
3054
508
6297
4671
7000
6678
7002
6675
4444
6278
4340
6674
181
666
1733
6052
4815
436
119
6760
4739
3969
1501
6762
2704
2294
2770
4822
3720
6232
4821
1734
4350
4348
1915
1218
4096
4655
4674
3639
2611
708
6372
5409
6787
859
3118
2562
38
2553
6290
1669
1050
3517
3546
277
264
6452
1038
2036
6457
274
6617
6298
1326
6656
4098
4413
3589
37
1805
7140
6598
5125
1104
5904
5828
6612
2961
1240
4826
2170
5993
313
278
567
206
6861
2547
5538
4220
2827
56
6633
1238
3963
2299
3909
1264
6317
186
3204
6302
4181
3817
6318
1074
3929
1690
3200
5723
1054
4184
4187
147
80
6090
1067
3667
3666
1821
5531
4380
5721
6205
7153
4177
1835
3733
1215
2167
6684
3493
5356
5385
1804
2007
971
3237
3010
2048
6096
6996
4800
4508
6334
3998
6654
1602
6525
6459
4183
7007
1509
5675
4353
1798
3064
260
3209
1974
2514
5414
7144
4742
1006
5411
5129
1456
4419
857
1939
1413
1109
5568
6313
4386
5173
330
4812
1960
3479
2987
4270
877
2068
7093
5931
2164
2569
5565
3263
4977
1694
4781
3194
4448
5700
5707
3735
2778
85
6630
2954
4323
4499
1724
2938
3737
1391
2378
4322
2930
1800
3800
2684
1782
2097
5773
1735
4904
6551
2811
46
2411
1255
2412
1124
4013
975
3012
743
3203
2289
760
3957
769
780
6751
4562
3966
5154
5607
3127
4138
30
847
3730
4509
6258
1283
4523
6666
2145
3212
912
3051
6692
873
3995
868
5643
1716
2529
1267
3596
7009
4786
4677
5412
2178
5036
409
3911
6172
2754
3516
204
5498
4809
4981
550
3866
4345
4346
510
241
5463
6299
3804
5368
4179
6308
5425
4827
4092
2054
3567
5952
279
4819
1633
2232
4294
2103
2243
2245
433
263
4823
3777
189
4288
273
4170
339
3476
4801
2040
51
5839
6575
2384
3176
2291
6208
4401
6845
758
6704
6421
3404
2608
6307
4990
747
2489
2574
4498
2248
2627
2230
5416
3576
4735
3901
3572
6842
3556
6595
1790
1108
5465
6296
6702
6294
5462
2279
2046
6638
1661
1692
2685
4280
879
89
7044
4615
2593
5403
2858
4820
6340
2043
1369
3762
4561
2962
242
1261
2629
6338
1329
1647
1908
5584
333
1200
45
383
6301
2793
2622
4215
1786
6323
2969
6929
2056
6590
7013
3746
2253
5019
3826
2713
4115
1846
7116
1626
5218
5688
1061
5725
6291
5566
4031
197
3007
300
6618
4263
76
3812
1162
637
4359
639
2636
5943
2552
5507
3253
6643
2257
632
6826
3825
35
6823
6956
1969
4378
5013
3816
7047
4471
819
1847
1499
7018
6105
852
6655
5108
6327
3605
1736
6306
284
6505
6786
3772
4387
1293
4837
542
1527
6
3013
5742
4869
1503
6292
2362
3807
4576
4032
5684
1635
532
1605
3770
116
3741
5890
1730
4040
5998
6451
894
3053
1090
1436
5975
374
4803
4931
6657
4171
2174
75
3518
5217
4283
6651
6649
6597
6646
5126
4505
4804
6148
3542
4030
4324
4281
5375
4176
5066
4496
4418
6428
6000
4204
2338
7094
4260
3839
247
4093
389
388
1143
915
3739
384
6037
6667
6664
1802
1136
6458
4355
1621
2655
933
1434
3510
5353
6254
4232
4768
152
6960
5855
3802
3349
129
5827
3239
6353
128
6352
2059
2813
1738
1737
534
4730
1322
1229
1082
5480
709
211
4775
1217
1494
4186
1826
6886
3573
1037
4341
660
1933
1244
5524
288
287
180
4385
6152
5534
4907
2526
190
580
6188
1693
2259
109
195
52
2796
3266
6862
636
302
640
3923
4863
3768
6050
2558
7160
4595
6838
5313
2419
6392
5159
3801
6735
3874
6174
1784
6624
1181
1180
6415
3805
3748
3116
1748
4050
4134
3731
5408
6280
1454
5823
6040
4484
5229
6473
4813
4405
3072
5405
26
2053
6640
6750
2581
1203
4302
6177
7149
2290
2099
6106
