6794
4058
2550
6529
6790
2549
2546
3214
2552
7007
3216
2545
3219
2540
6173
2548
2555
2553
6791
2558
3196
3513
7008
1837
6793
6171
6696
2569
7001
2543
2551
3062
4747
2568
6792
6528
3210
5607
2557
2775
6958
3217
6798
6525
5606
6288
2777
4210
3512
2779
5600
4748
6284
731
6524
6697
5416
1167
2773
6391
3199
3218
2544
5419
3517
6690
3515
2542
4116
277
37
3195
1331
3200
4576
3064
3207
1879
2565
3403
3402
6811
6799
2115
3404
3232
4900
7000
2541
1839
788
7009
2559
789
3815
1871
6393
3212
6838
2668
937
980
3239
3208
6174
6691
1847
5246
3230
3236
1833
3742
4175
3631
6202
1482
3065
6679
3237
6569
6699
6300
6287
2177
2556
4329
2043
4671
5269
1592
3116
3258
6666
3190
3193
6043
6800
3421
3198
3350
4178
2754
3238
6235
1208
4213
6795
1836
3202
1175
46
4570
988
6488
6176
3808
2170
2724
4986
5907
268
5941
6906
2040
4742
4829
6156
346
6704
3250
6286
3206
2275
5590
2151
3405
2150
3407
800
5564
6178
266
6208
574
4162
5608
5385
116
5682
3007
6200
575
2939
4673
4676
4722
5930
4108
4873
1488
5034
2910
4810
3922
1830
2411
3203
3406
7014
1832
5135
1834
3803
4054
958
6805
6299
258
6809
4478
7046
2118
6261
3801
3213
75
2111
2776
2581
7002
4721
6404
6042
3957
6048
1501
6667
6050
3092
2342
6676
6067
3257
6175
5733
3266
5039
1103
2152
4403
3061
5563
1677
6862
1659
5604
6308
5915
6982
6473
39
994
3192
1010
6796
5729
991
2561
6819
5411
3812
6387
5527
7018
5417
532
4169
6407
4177
4801
6956
6459
6954
4506
2319
782
5432
6871
3479
877
3424
5964
898
3408
44
3559
1023
2797
6116
6584
3209
4270
4402
4364
1643
1639
1635
5913
2041
1580
1329
2758
2022
4419
4738
96
98
100
1395
4243
1406
6662
4679
2119
3201
4901
4351
3900
4352
2156
6564
4215
6153
4961
1125
7131
4378
1835
1435
5465
3231
3909
6548
4551
6267
4968
6353
4945
4947
6403
4809
1715
651
3804
6568
4656
6195
4413
6665
1801
1831
6392
5375
1589
6614
4174
2954
5125
6987
1584
780
720
3205
6732
2666
2117
5062
2225
1187
4211
3234
6728
6803
6801
6304
3243
1136
3264
5689
4871
4866
4863
1174
5242
893
1250
6350
3567
4185
1415
6063
4477
783
2289
6281
2028
1336
6170
3494
1313
6167
4904
4448
3194
6341
3197
892
4817
3809
5764
279
5506
4557
5720
5954
3981
3813
77
273
338
4143
4027
5418
3892
5425
7143
109
3938
7102
4141
4905
4000
185
6282
6701
6804
35
91
2840
803
3998
6201
4568
1035
6224
1762
2045
4807
1428
3890
4165
4780
4731
5288
4245
6313
6239
2547
178
5536
558
7065
6027
6186
5132
3666
117
2590
6833
4672
4837
110
3428
2772
1977
2218
6541
3409
4728
6561
3204
2140
7086
6317
6440
1874
935
1875
347
1877
1881
4657
1290
6861
3493
576
2583
3902
6837
1054
271
5032
5424
5450
2953
6613
6157
1149
1146
4818
7032
6059
3844
6684
5430
1134
2947
5081
1330
1605
2413
5602
3807
3001
4353
2665
6622
2987
6047
6745
260
7051
1183
4460
2416
7047
1600
6055
73
5985
6685
1667
4404
502
5785
2345
2173
1688
3557
6285
4938
4559
1100
5853
2696
2158
2159
4401
1656
4112
5093
2489
1518
738
3959
6852
784
4685
4051
1316
216
1978
6297
5632
6278
1327
4823
6070
6872
1326
722
5890
3140
5643
709
5919
3142
4355
2690
3503
705
3510
6886
1447
2704
6808
4674
6768
1107
3931
4687
5609
1663
1666
6152
2938
1090
4937
4574
3303
4217
2920
6598
6778
3030
3261
1123
3905
1548
243
7099
5247
2989
1576
1601
6160
5279
1528
270
1615
6755
1636
4405
3254
6612
1131
1607
288
1050
1746
4853
6247
915
4281
3876
4663
1294
6260
931
6553
3866
3425
4918
4493
2770
4203
5126
6836
2778
180
3051
5629
1754
6587
3898
6585
5949
6797
3354
4946
6100
6577
2847
1487
969
961
959
6707
5926
6165
2848
1436
2796
2178
36
2286
6671
2584
2294
625
581
4179
6000
4980
4668
1397
4087
4059
2308
2465
26
589
550
5212
2184
2412
4340
2460
4434
3802
5409
4981
3776
5408
3707
2562
3673
4347
5878
2176
4537
3805
6476
2343
5083
3099
6692
6428
6179
6046
1334
6683
4057
5053
2344
3108
5066
2154
3800
6177
374
2232
5035
6967
6986
6673
6014
4534
5435
3255
3427
1413
5380
2599
231
6454
3256
4658
278
2600
2367
5065
284
2370
1133
5203
2231
2793
1115
5266
6562
1293
3930
1736
111
5063
2597
1907
1132
6253
3265
1649
6985
6089
1647
2727
5141
4115
2867
997
3993
5287
2869
6595
3356
2347
3988
2317
4875
7165
3170
6645
5530
1771
146
3111
2321
5047
3744
1026
4902
6347
3960
147
2860
2348
4950
3031
2258
3770
930
3388
5456
7015
6815
1673
1862
4433
1860
6408
489
4919
7013
547
5056
2841
1515
963
1838
4880
5801
3716
4567
1692
4084
3304
3049
7029
466
5013
6306
5851
4409
2171
6616
6741
3913
6386
2073
2424
757
1579
4508
4416
6951
186
4824
5097
5221
4683
1591
3522
4550
5667
2452
5638
1339
4181
6953
7154
1445
187
6496
239
5735
6180
1549
4354
4052
170
5525
4745
5910
4430
7052
6626
2112
2047
5838
7168
3211
3000
5538
214
188
6294
3576
6623
6291
3571
4596
3215
6727
2669
2046
5028
7116
6168
5984
5241
2207
6
5114
4753
5566
3069
5683
1345
2722
6327
6848
1986
3497
4988
4241
1247
1525
3810
267
183
6394
6312
3508
5726
4652
626
6757
1973
2604
1309
5914
1301
3759
248
4878
6596
1210
4940
6760
4732
5036
2493
149
3822
1724
5931
1722
4744
4475
148
1720
7118
3004
4161
1218
6398
4439
1716
