2175
2713
3875
249
362
2598
2052
751
4150
2514
2827
5951
5741
1955
2720
312
6084
3179
5108
756
747
744
1273
5957
5956
5789
190
816
3876
5340
3872
517
4406
5379
5641
6895
311
6091
1369
192
4151
2712
995
1992
5345
263
1362
1279
5494
199
5614
6308
6074
2516
6735
5903
5936
2591
3476
939
476
5073
4752
5237
6368
313
3877
1605
755
1453
477
1200
811
775
2653
2673
1365
914
5134
6994
2717
3058
1094
1247
2316
817
6221
1841
6133
1903
71
6337
5261
1852
1690
6196
4363
910
892
6290
1366
3299
5995
2674
5371
2711
4047
436
496
1360
6518
998
149
5977
3011
5968
5952
4396
4367
5002
932
4655
4618
6083
3819
6450
6382
5186
4848
2184
2469
2475
1382
3857
5048
4017
2518
254
6054
514
4527
4350
6822
242
4425
2051
5944
1216
4387
4628
1787
6511
1493
6287
2726
2597
197
2148
6506
5107
6068
5993
6047
213
2650
5969
1667
1206
4837
533
3297
4028
857
4364
2976
499
3561
3764
3812
491
838
5909
5254
5913
2925
3879
5586
6086
4885
1586
1205
1454
1202
3693
6070
5575
4324
742
3933
3911
2076
4095
274
5370
269
5372
4035
1843
4020
6152
565
256
84
4955
3931
6111
114
3695
812
5932
5016
1098
5975
2721
7135
3585
14
2714
3174
889
5154
5728
1361
6021
3349
2647
2657
3389
2311
1602
6983
4935
6738
6315
6519
6306
6534
6510
6289
6826
1129
4635
6673
1189
1994
1201
833
1013
6996
6515
347
746
1486
6831
860
322
954
653
423
1458
6459
991
1725
6984
1739
611
1774
861
4820
1412
4849
4124
6211
2952
2950
5902
5907
5921
5948
4423
191
4427
2642
2508
6072
2489
5102
2478
3019
3032
5829
5824
5354
67
73
76
4253
5473
3687
5092
3608
4337
5625
5645
5690
5749
3176
3170
113
6087
3584
6153
2151
4159
2333
268
2361
5088
2313
2112
2162
5748
1936
3135
4637
2152
5071
1900
813
4835
4349
3472
5642
2154
5649
1856
3319
912
864
868
873
3193
5070
3443
5472
938
6950
4066
6280
2116
4037
516
2147
5393
541
557
5399
6908
3964
6897
3959
3923
3914
6838
2149
5177
743
3871
3870
3815
748
5505
4821
6436
3124
2753
2750
2732
6115
4444
1363
4494
4499
1368
4654
4526
6114
1376
6071
1384
1385
6502
2425
6457
1589
2476
2465
2433
1474
2434
4426
5958
5024
2314
2438
1805
6145
1781
3017
1018
1022
1029
2989
1042
1073
1077
3126
1090
6138
6707
5900
1157
1735
1730
2101
5919
5926
5931
5935
5939
6139
5911
4937
243
294
364
15
126
437
72
248
7105
264
384
344
262
195
7163
133
159
5938
3721
3310
1139
4857
5671
260
6880
6892
5723
4529
5051
1689
2887
5417
4846
1499
2835
3590
2210
2275
5945
3013
1824
3878
5346
111
3951
2832
4886
2402
2403
3177
6995
349
5230
3475
6438
1849
1473
6525
1338
3366
5227
3315
978
6700
2424
2431
2574
5183
6815
5130
4800
4068
2057
2056
1623
800
2710
3531
814
4476
2725
5744
5045
2040
1606
6080
5173
839
2718
3744
5698
1975
4354
5341
6418
5863
5343
3490
4513
6307
7037
5730
6832
6357
6062
4525
3927
6828
917
753
5376
4366
2517
2471
2079
1635
1964
2447
4976
4957
2834
4578
6730
5075
2670
1807
2512
3330
1039
5377
1370
6348
1388
1432
3810
465
1091
6131
5973
4723
368
1108
472
2295
4898
2312
2281
2515
479
478
340
1048
6347
251
2824
745
419
5916
908
2798
6563
4422
6299
3422
2441
5401
6117
1933
4574
2439
3225
497
5381
5624
6420
6419
5593
4754
1524
6690
4521
4636
5797
5950
5949
385
2390
2432
2822
4157
2338
5152
158
6414
4025
5133
6113
4176
804
369
5125
3972
1226
3516
821
5119
2053
3261
3118
2036
1217
2032
6243
3336
446
4322
1733
1607
5697
1751
241
7097
6010
6825
4358
6217
3542
1721
391
4038
1246
1633
2074
887
4155
7053
471
6718
5933
5331
2059
4980
6051
4842
847
3813
1494
6931
648
6528
5781
1136
5082
6098
6097
2664
2288
6333
1135
7087
6743
4323
3874
1491
1691
6927
6073
324
6891
5348
1328
4394
5534
5349
425
6748
5643
6148
5904
5715
2615
137
5979
4030
5413
3053
2576
3328
4528
2274
5014
511
4954
4385
543
2655
1027
2327
1708
2496
4951
1697
3980
128
4856
5679
5239
5894
5054
4158
4260
518
5988
1381
1436
3378
2282
5855
1025
2511
5493
5299
6713
951
4353
5901
6798
6706
5667
853
1731
5171
6704
1744
92
2494
5497
2464
4152
6335
3189
866
3772
366
1987
5694
6662
5020
2659
4780
3449
1860
1846
6302
6679
1162
4390
2649
4759
1778
930
3847
6318
3770
7024
4757
1682
5432
1684
5034
5137
1097
6075
203
4715
1687
6323
1979
1658
1770
1626
1028
6005
986
1695
5400
7131
3903
5905
3486
1766
1033
5038
1797
6343
4369
974
4460
4393
1934
6058
2646
6327
1726
1017
2091
4254
2157
513
5588
3934
6505
4633
2317
4847
2167
4621
6887
3036
7144
3977
6888
5726
2758
267
333
1271
246
6089
4828
567
4829
153
5729
3560
116
6412
6203
3298
4520
1282
5396
6830
2759
4119
5585
2244
2246
2393
4881
591
562
6143
6916
2608
346
6142
4961
345
6140
4965
6928
3599
1448
351
2826
7071
3587
4861
6430
6925
540
4239
7007
5869
546
547
7108
6521
6036
6209
4642
2790
6586
80
807
2050
2727
3536
2973
6109
7031
3342
730
2073
1580
2446
776
407
2356
6955
6959
4984
194
2719
3105
5967
2722
2037
4036
2377
826
6648
2963
3269
2552
818
6980
5990
3919
470
6112
6827
245
5404
6503
2440
6121
417
1554
492
2336
2334
1269
2109
275
3685
758
110
2841
2090
5475
3790
4577
759
