5013
1904
356
7128
3506
350
3097
4754
1748
364
3092
1451
1352
4756
4758
3074
3494
2698
5630
6235
5025
4755
6850
4818
3347
1736
5469
4753
2952
782
6154
3067
5016
5294
7129
1678
2044
2273
3139
2954
3866
4651
6833
2464
5129
4255
5020
1819
5622
5961
6187
214
1977
1810
367
1138
6734
992
354
101
3995
5126
6169
2690
6053
1326
6732
4654
85
2778
4509
1084
6839
5036
4415
357
3136
5508
3130
6397
1902
3955
5464
6697
1670
578
2047
1485
351
4419
988
1675
3934
5017
997
4467
1418
2953
3936
6898
1766
2651
408
5297
548
576
3062
6208
5985
4812
4750
1756
5356
1131
515
4465
1046
3997
2381
2585
3504
3639
1487
3586
5842
6692
6765
4205
5011
5563
1517
1868
1516
5214
3822
901
338
5375
107
3839
5295
2855
7056
1327
509
7126
784
3344
5127
934
3064
3119
1133
2969
3271
2627
2231
5291
552
6394
4780
879
2900
3352
6207
930
1909
6696
2110
1034
2939
1007
5043
5467
6547
5626
2791
327
5049
971
2955
1061
2045
6288
1083
3500
6158
5124
1797
6691
2950
4899
2693
1067
5339
3502
6837
4567
6870
4508
4447
4307
7040
157
3844
7047
6882
6
7103
2586
1750
1329
1581
2
4928
6395
6400
4166
2417
2697
3509
2716
3258
5122
5128
1905
995
5111
595
4014
5035
6886
4448
2800
3126
1906
2779
2451
5046
2444
2419
4554
3477
1894
6851
1246
2412
2414
5269
5740
1668
6409
3946
5764
4814
5147
1866
386
7102
5330
4160
3632
4865
6767
1761
3555
7009
3359
166
4306
3127
3374
999
3410
627
6180
5982
5041
2041
878
5032
3958
3831
5224
1343
5220
352
2416
3382
5144
13
6503
6509
106
2908
5986
1353
2858
4380
3375
6807
5110
5987
607
5342
1676
2817
2956
4016
754
573
3513
3932
3636
4873
4587
4868
2959
6041
3059
560
3924
45
1507
1139
175
1777
3560
178
682
7092
2625
3588
3055
201
6763
574
4072
5377
4502
5012
4532
1510
2355
4470
276
2046
3493
1424
4503
836
3992
4015
36
2017
4133
5433
1427
1601
6260
2300
3132
38
6417
6177
7045
1882
3272
1588
3093
1420
7106
4304
4238
1962
5337
3303
3892
7062
1589
837
859
2383
2918
2964
2302
5335
7121
5331
1484
5629
4163
5120
5296
3634
4903
6690
6852
4921
2203
4922
3633
4924
4929
3054
6857
2770
274
4951
2131
6855
1118
6728
4858
2237
2589
200
534
207
4815
211
6791
1210
4816
1734
4850
555
1136
3991
4855
4856
580
1813
4967
4443
3376
6487
5229
5146
6472
99
504
1669
6513
1870
4484
4413
4418
334
5048
7001
3987
5015
6879
2082
387
2809
5207
1043
893
896
5022
4355
605
5042
6019
3065
1557
610
1580
5964
1508
4012
3951
577
4083
3998
4757
4373
4119
3478
3485
1325
1031
1032
1324
1035
3816
1044
1049
3770
4550
1002
4963
4942
4559
3508
4854
3545
1132
1732
1237
4652
4724
4810
1752
1277
5044
1674
5102
3943
700
5694
5682
3231
4167
3277
4231
3301
4246
1429
3315
5379
5362
5344
1417
3353
1881
1410
4328
1393
1879
3835
4383
3412
1355
5123
5810
545
3993
6183
2828
6324
6246
2975
6407
203
6156
2588
2275
188
6874
176
2137
6168
380
2315
6381
2509
383
2921
2971
2132
7068
2827
2400
331
6411
2418
7034
2699
11
2177
2751
2413
6980
7017
91
6632
6730
6591
2696
1896
832
2480
1288
6404
2922
1951
858
1283
1272
1954
1900
7020
3243
5371
6305
3722
3842
5353
5352
6863
5634
2920
5624
6979
4481
1672
5540
5562
5528
6325
772
1677
780
6329
5501
4449
787
4500
789
5468
5463
6891
3313
6311
2111
5431
4458
4463
5408
5402
4472
4385
5401
1321
6838
3546
1009
6760
6764
2842
6768
6755
4819
208
4813
5053
5062
5073
1834
209
3474
5033
3512
2771
1080
272
6617
1086
1088
1106
2756
3492
2176
1036
2811
3487
1030
1801
1887
1769
5103
4656
903
897
894
1241
4314
4685
5290
2891
389
4595
4589
1720
873
886
4804
4692
5208
1755
2854
6808
2859
4752
4751
5217
6501
1751
937
1746
365
2581
4698
4737
3864
4973
4257
6060
6022
4105
6049
5788
2401
1423
3905
503
6216
5841
1582
1584
4258
3950
3873
2049
572
4301
6254
1634
2003
602
7122
3061
7097
7063
660
4111
518
2065
3094
3931
7075
7060
6114
6229
1506
2378
1645
46
1511
6101
4158
4244
6082
3989
1980
4011
6155
5797
9
4013
3990
1411
5991
600
6496
187
361
5141
2142
3377
4735
1197
6481
183
3373
4124
1207
6418
5298
3631
6186
626
1725
4617
3604
5967
5970
7086
5288
1234
4699
4653
904
500
7096
6454
6468
1864
609
2140
507
2141
3370
3371
6479
902
3949
3216
2368
6575
6749
3057
4859
3538
6586
1575
4019
304
558
4018
2358
1039
6655
1045
6653
3040
1089
1804
2758
1058
4000
6625
5010
275
3
4959
3498
6637
2361
2040
1137
1003
7104
2043
6798
5114
4762
1758
333
6015
1167
5925
5090
583
4090
6034
5065
2976
1158
5057
6036
6150
3571
3001
6545
7125
993
323
3549
1142
6559
1004
167
4626
7070
1357
1939
3867
5543
7048
6323
5519
770
2437
4425
3295
4274
5776
6913
6330
3304
2276
5410
3780
2112
3884
278
5430
6977
4256
668
3134
2007
6894
5793
3305
432
1907
447
98
5687
3217
4312
82
4315
5667
1969
7024
4329
5706
4305
459
6306
5621
3232
7013
4338
1994
4382
1665
4378
4376
1421
7043
7032
3250
738
1416
1952
4351
1979
4370
2092
5477
5397
6369
1626
838
5834
1282
5403
3900
4207
7065
1270
6219
7066
6405
1892
2483
6408
5318
6412
4581
4169
164
4168
4184
1450
540
2387
3744
4476
2090
5373
2957
6876
4806
1381
1660
4923
2730
4358
3922
4556
