6827
6747
309
3267
6742
6746
430
1726
5685
310
4448
1044
4975
318
2401
802
2878
2019
1773
803
844
6844
308
2235
4117
4864
2015
313
5277
7131
7139
2598
5611
7138
3146
5022
2234
3262
5612
2798
5899
4908
6885
871
4661
6293
501
1538
3933
3099
2229
5422
4333
806
4638
5973
6744
1273
6826
1979
5450
4849
2113
5052
5263
4824
353
2233
1774
6515
6573
5118
307
801
3637
1206
4833
553
1035
2932
2313
314
5949
5315
2476
1859
4611
4432
3579
6182
976
329
7147
7135
6215
3362
6106
1901
841
4129
4166
302
4971
557
7075
792
2879
5311
7152
744
2818
5322
2816
6821
1825
6749
7133
7132
5382
439
6929
2739
5967
1958
2934
6346
2612
6519
2908
2123
4669
7072
2852
1499
328
2931
2151
5084
3120
3862
82
1890
6348
5944
5038
4957
978
4393
1952
3744
6355
2650
6920
5683
7166
6729
4729
761
3947
3633
2706
2419
876
5002
6931
3622
1772
6740
217
1182
1848
2467
384
2674
1328
5264
2011
5320
4978
7106
4970
5331
728
805
4918
6054
6367
791
790
4967
378
2654
1143
633
2136
5960
1043
5599
3133
437
7137
6426
438
3367
3363
6788
5789
4823
5968
973
4528
1107
5731
979
4721
2886
2888
6164
1315
2810
2228
5701
3550
5894
4244
6550
4636
3558
6413
3491
5942
1757
1526
2924
7130
5882
1662
1233
6922
6327
2957
814
5711
291
4652
6510
4019
6218
2895
4492
7074
81
2210
2923
1058
6202
4976
358
6999
6917
5075
6368
4536
4667
1587
330
331
1953
7154
7070
5886
2936
5801
2128
5261
6840
3366
5613
1129
5688
6868
147
2814
4167
6537
1253
4829
845
2362
872
6016
875
2431
6038
6985
1775
4846
3626
3559
6759
2050
5310
3418
4081
5266
5274
1482
4441
2646
3316
607
5259
3823
4820
3725
6157
7061
373
672
514
4773
4651
660
2425
2016
403
657
2479
4698
2473
4556
4098
4822
485
388
4385
4160
6267
4827
634
4510
4631
2261
6264
6344
370
666
6191
5381
1735
72
6019
5526
3158
1029
908
3157
901
3578
1103
7148
5464
6555
2709
889
5394
5686
211
5371
3652
6824
1491
2897
3942
6451
103
990
3291
994
3306
3325
115
5666
977
2918
3268
1717
3266
3364
3369
6764
5614
6822
5983
2811
152
5712
3149
2889
1433
5239
6571
2945
3830
3910
7102
325
3839
3117
812
2935
810
7098
5842
1893
2647
762
7105
2648
3135
5336
849
2675
1524
3131
1583
5957
7161
1924
2920
254
5278
2948
3914
2980
2236
6225
996
3042
6228
2996
2998
2903
3083
4552
3134
1045
6205
4577
4533
1021
3168
3119
6966
3211
3223
3148
4616
1056
3058
6588
3427
587
2466
6990
2670
2667
6323
6992
6915
6995
4070
6328
2613
4131
811
1230
807
3861
3867
6918
2597
2588
1532
3926
750
6351
808
850
2677
3686
4436
6239
597
4387
4359
3357
3360
4356
3423
2331
3436
6539
2347
3486
2368
1277
1274
6938
922
3557
2407
3571
2743
6287
2681
4440
4658
3912
1927
376
4755
7076
4728
144
379
4847
375
5982
7104
1712
5479
5475
1495
5776
4711
7103
79
5142
6089
323
5966
6014
362
4841
5572
5730
2068
423
1904
1903
5500
4796
5996
5577
7078
4963
1744
5857
5848
380
5323
6108
4895
1771
4828
5987
4664
333
432
5379
5896
5590
4825
512
1932
2
4826
6135
6694
5437
5948
5706
5270
4693
2132
5655
1873
257
5893
1493
4682
102
5460
5287
5288
382
1388
1954
1727
5601
355
6115
2505
377
6817
2451
7143
868
393
6322
6948
2462
4952
389
6336
387
2877
3349
6325
1708
5643
6329
2484
3365
3997
4085
3419
1086
1734
5226
3563
3567
5471
3776
263
5463
1157
3758
2714
2664
2708
5486
3724
6743
5328
1829
198
6382
2701
1174
3695
3684
3639
5375
5370
5312
6841
809
5165
1936
751
3931
5054
3925
6585
3915
6104
6356
769
932
3482
2450
1925
3866
1754
2756
5094
1921
1906
3537
3552
2745
5113
3553
5143
5492
5029
4157
6122
870
4396
2063
2062
2127
5775
7036
6179
1519
1027
5883
3159
7033
3056
3161
2227
3054
6902
4821
442
3051
3164
3048
436
605
1570
1577
4399
7077
5952
5956
1511
4439
4438
1101
1514
4437
2116
2118
5962
2121
4777
5799
6216
4784
4787
3109
6891
6213
5788
3150
3151
630
1022
4637
1640
509
1316
1659
530
1663
6908
5895
2188
505
4866
2183
4647
6290
5681
4197
2882
1480
4915
5924
2018
656
1051
654
4331
2933
4326
1548
6520
4840
4677
2213
4316
2390
2392
4843
4675
895
5884
1787
1770
6761
215
2718
5922
874
5487
18
213
212
3001
3617
5474
3008
3638
6984
3565
2991
3624
5482
3107
1575
3033
5991
5499
954
135
3184
3383
6965
5631
3189
1109
6969
1005
3233
6462
87
5716
3269
100
5657
6947
972
1700
104
974
1674
2884
1477
5667
3320
5616
34
1731
5970
3534
5959
918
5963
1622
5513
1503
1623
5520
3493
5668
6939
3481
6940
1631
5969
3441
3437
157
5772
5584
3430
3163
5586
7136
5591
1020
1635
5529
4659
3654
4241
2413
2030
4845
4844
420
653
2380
6904
4831
6633
639
4325
4338
6901
4370
2315
4860
4239
4236
410
1955
1959
371
4048
4063
4068
1236
2470
7034
4083
2013
6558
6310
6301
6296
400
4201
1258
4099
4380
4386
4388
6211
4700
4697
7071
7067
4684
1333
546
2231
2222
4679
2215
4614
532
4641
2155
2180
4653
2965
359
4547
4714
4398
2295
6248
600
6244
6643
2279
591
4532
4435
6159
583
2069
4446
6673
6648
4758
4715
4770
6919
2457
4989
5238
5233
5228
5203
1892
303
3845
798
797
2608
794
2488
5089
5081
5080
322
3878
7108
3884
2640
3788
1789
3671
1799
3690
6383
3704
5346
5316
