4945
1103
2022
3678
4921
1273
4436
1579
7074
2959
5427
5274
4439
4438
4948
1145
4430
4000
4433
4847
4941
4431
4016
6210
944
3689
97
722
4434
5152
3925
6174
1182
341
2234
3674
5731
4947
7062
3938
4937
1183
3677
5233
1206
1274
6892
2026
2887
1575
4972
4984
3375
5254
3423
2051
1600
6915
6995
4933
5635
6204
2121
4651
4953
5296
4940
4973
5471
1980
3291
1773
301
3239
4024
5077
1118
6893
1144
3130
5294
3092
5393
3515
2598
6738
1892
290
291
3762
313
5101
347
1638
2524
4895
3920
1841
5667
4944
553
5683
1355
4939
1573
1860
2233
1875
3436
2952
3356
6205
3177
7133
7131
972
2029
6368
6228
4596
1192
3523
2928
5192
861
4490
3407
2112
6327
3426
733
3670
224
5277
1021
6346
91
2972
6355
4435
86
5263
4976
991
2469
911
229
4013
5159
4768
305
1615
977
3396
2543
6342
314
4163
3225
259
2519
3372
4178
2496
4794
317
3673
6896
550
6890
2798
4930
579
4936
3815
5331
6472
4974
3727
6478
4946
3672
5258
7050
3819
2711
3448
1576
5187
3933
458
5026
5251
1209
7038
1484
5243
6465
7036
3866
768
1548
511
5701
6822
2152
6800
2166
138
5861
26
4320
190
6750
4496
4212
6943
1482
494
2673
1233
3441
2629
2625
463
1539
3928
2588
1986
3418
6566
3958
2040
2551
5991
2517
349
3373
6369
5959
6323
3236
5867
5869
974
5759
1847
4719
3816
3810
2105
6454
5253
735
5256
730
4234
2123
2957
2955
2950
3057
3671
4652
5382
3686
2903
1345
1185
6827
6977
3744
2158
3511
1380
3096
4383
4935
5698
3500
4949
4766
3605
4755
5920
1045
4532
2490
724
6885
5882
5113
6794
5082
2020
5237
6316
2288
6810
6698
1866
1776
5425
4160
2497
5864
1547
1104
6366
6293
3579
2526
2680
7148
1535
5998
3198
1839
3510
2829
83
4962
1836
2615
4017
2626
3656
927
3047
720
4656
3039
5992
5231
3694
1588
4971
2493
3095
6979
1572
5662
1722
5406
4773
309
3354
6944
4767
6945
4931
975
1570
976
1243
5885
1107
2147
3133
5736
779
3509
6970
3768
6413
419
2476
3140
4799
6319
4613
4210
4275
1669
5290
2467
4725
2354
3749
1468
2796
6423
292
1904
157
450
2605
2606
3761
662
1852
5791
5590
2602
7031
113
5018
4351
251
6561
3884
1184
6573
627
3134
3740
142
4900
3746
3083
2718
3849
2722
6994
1488
2923
6947
1762
2624
2919
6985
2367
2758
5299
6895
2880
475
231
4938
1186
823
4864
538
2885
4873
6343
3939
7032
3683
3370
590
2030
2477
2487
2494
2033
6815
5084
70
1033
3377
1148
6695
2508
3033
3036
2590
348
6131
3366
993
2025
5138
2406
3501
1395
2804
6211
978
5584
1230
4932
304
1004
4628
307
5761
850
275
4124
5259
2157
2279
795
2966
4239
6992
4849
5055
6917
6129
3316
6351
1307
5487
1198
6387
2180
794
3814
5623
4830
6673
367
6761
5516
268
1619
4440
3786
3637
5112
78
4254
5344
3676
87
5625
2854
1174
5756
3094
3104
2886
1371
4186
1757
6428
1384
4141
3082
793
792
1279
5269
1218
784
4205
2114
6349
3627
5278
781
778
5252
5895
773
4983
769
3614
1232
1235
760
4463
5899
2954
1203
6514
6829
5733
5634
1350
1018
3724
6737
5025
5024
6499
6801
2918
2924
3696
6495
666
4967
2153
2019
1011
6809
6172
2327
5293
4908
4170
4595
243
4686
3378
5172
1851
5072
7145
270
6043
4720
994
1560
3228
6841
3922
3166
6341
2462
471
2237
2005
6712
6305
6065
7005
6321
3439
5746
6690
2557
1603
4832
2554
5162
22
4835
3194
2558
378
4842
4322
998
5751
924
3972
4020
4217
1080
4848
5074
2373
7001
3957
3955
7118
1589
5181
5956
6326
5946
4920
4740
255
3822
2028
2188
296
4257
247
2183
6128
3813
2775
5372
7079
2352
6548
4926
5794
5200
1404
4668
2445
6344
4918
4915
4924
1436
6074
485
3445
6998
3450
7073
5422
3136
1470
1140
6563
6092
4355
1460
6117
6329
2715
2714
4764
973
6382
4529
3371
774
777
6357
5148
3223
2024
6239
4594
5105
5729
3601
767
1085
5238
3357
5081
3305
6244
3435
5021
3437
6938
3338
5182
3536
3295
4617
3457
3485
3486
3084
3090
4616
6431
1003
3489
1167
3508
1007
5230
3434
3432
3168
797
1014
798
5171
4467
6920
922
803
997
920
3196
918
806
3420
807
7015
3058
3560
1958
3427
3557
5745
3410
3446
4726
3606
6887
2599
2597
2583
4851
1571
6772
2218
5488
3970
5863
1580
4844
5493
5999
3993
167
2556
1606
2215
456
457
5682
2793
2791
2773
3818
5385
5387
5395
5400
5684
4015
7037
499
4679
5432
7006
2661
5462
6586
2634
467
5416
3806
1833
4693
6725
1729
2258
4167
257
5639
2358
2353
245
6733
5914
1770
5875
223
1785
4743
5892
2275
6745
2416
6720
5557
5546
6990
358
1639
4052
5521
6756
2499
343
4801
1616
335
4074
1667
328
2466
4772
2452
2252
298
297
4068
6545
5437
6348
4950
1339
2907
4657
2115
6201
2908
5300
1903
117
118
5310
4658
1357
6504
5298
5297
3697
98
5711
1928
2974
3666
2951
6488
5288
6474
3675
5817
3692
6196
4441
4965
3743
5314
7112
3618
4982
3773
7132
5343
2827
6208
2823
599
2109
3779
4624
6922
5814
5319
4986
3021
2812
3769
5947
6215
2117
5589
5950
2459
2465
6325
5957
5275
5960
5666
5890
2283
1931
5900
2449
5624
2382
2111
1723
5580
5757
6206
5116
5578
6897
1663
1255
7102
2359
3266
3264
5240
2108
2106
1038
5600
3038
2995
7063
3030
3270
2122
1888
5865
5472
1361
5699
3025
1513
1372
2664
1893
3093
2059
3149
3146
2675
2679
1474
2849
1868
6097
6106
2720
2723
5789
5689
3101
2811
1153
2165
5798
