6821
6747
6363
3826
979
4729
439
4521
2016
2214
5714
792
5095
297
2357
639
972
790
5692
2354
1181
437
970
320
5886
6828
328
4724
4825
3021
2223
1215
1221
6348
7060
791
793
5643
2462
2018
975
7138
5315
5365
973
3364
5709
7041
2351
4975
4380
4726
7040
4824
4386
81
570
2814
6105
7091
3428
5848
5808
806
3143
3856
1184
5541
3725
797
6328
2220
2229
2237
5949
3550
99
2360
6204
4821
977
1060
4822
4823
4024
7075
6881
2121
2213
1734
1524
3881
2011
2856
889
1954
908
6740
5756
799
849
4614
3010
7071
532
2908
4520
303
2902
4820
7072
6279
5801
3481
7074
304
3889
2236
808
5274
1740
1553
539
801
6827
5636
5959
1357
1964
5395
6714
2048
1271
80
4382
2210
5500
2374
2362
2128
17
2219
1682
2211
3574
5946
5593
870
3684
1211
976
302
6825
296
3554
840
1217
3562
4526
4553
1409
531
3361
2484
4973
2376
2366
6040
3727
2234
2732
5680
5712
2122
3363
5094
4725
2979
5646
4698
762
6458
1893
4670
6426
3259
1722
2019
3729
1047
15
4385
4284
115
6262
4288
4454
4
4381
3922
3946
3830
3489
62
6150
307
1938
6749
6826
3849
4552
794
798
6729
1726
5817
5287
5270
3498
1744
5852
7035
2380
2358
2355
98
97
2315
3223
2387
3236
379
2231
4398
4969
5052
2456
688
6396
2123
5112
2061
5324
323
4236
2384
3688
1225
4798
7133
2976
6202
6200
1270
4239
7078
7083
4524
996
997
2769
4237
7082
1112
3728
7081
3118
5662
325
1218
134
568
3191
3369
2359
317
6451
2594
438
6270
550
3579
2878
3123
6020
7038
1182
656
6267
2425
4488
2450
4978
3279
461
94
384
5935
5058
309
5686
691
2385
2458
5883
2114
2195
3887
1698
3633
2747
1328
3954
1640
5394
6106
1337
128
6362
3947
238
855
1683
1347
3595
5303
886
891
3558
1491
2736
1471
3011
5336
4811
4230
871
3839
1681
4251
5942
3972
4827
804
805
3440
5429
4343
3444
2749
5840
3455
4987
2755
3942
305
1724
1776
3971
2927
3935
2895
536
4760
7080
4829
2487
6274
4826
5694
6538
2599
7070
6515
2734
7076
744
2271
5982
5288
1499
1481
6849
5385
1358
5397
1242
5442
1231
5940
1223
5858
6205
6199
10
1212
1190
993
1005
5483
1014
1110
5922
5515
1063
1056
1219
5688
845
1649
5685
93
6265
2218
2217
2212
671
2192
2129
696
7037
5117
6253
1641
4112
1960
1952
5638
5893
6759
1803
1799
1798
795
4352
1774
1690
1687
1972
3928
2361
4673
5785
2975
6343
235
4678
3908
3427
293
291
4719
3787
7095
6360
3033
3683
6466
3463
6334
4697
3883
3267
3880
5739
3869
330
4679
7093
3912
3138
3781
2969
432
5750
4723
3865
3388
5313
6364
4558
2296
273
4223
4226
602
3229
2261
585
2255
901
4197
4027
3491
1483
5036
586
6359
4554
3169
1538
876
5311
4330
3162
3151
5312
3466
6271
1568
61
3552
1577
6191
3784
6356
4020
856
1603
832
3925
2224
4348
3328
796
168
4363
3362
787
6773
3421
2053
2052
2130
3367
2039
6755
6002
2017
4379
2010
761
6384
4126
1925
5165
5894
2225
802
6398
5681
4396
2221
3266
88
3268
350
5320
5611
6264
5677
4347
4050
3299
672
344
676
7137
2191
3306
681
1727
1748
686
83
3274
5795
3416
3630
530
5818
6164
5503
6964
7084
6101
2849
5421
5418
233
2643
5505
6585
1229
5731
2798
5481
1205
3039
3050
3051
4721
505
2762
5405
509
2767
5542
6182
5707
1008
3639
1051
5777
6308
425
3789
5518
2917
571
5361
557
5348
6885
5393
5700
5381
3782
3931
1062
2595
1030
5717
6275
4301
5733
2620
2623
1057
2945
5771
1034
6744
1770
1004
1156
1768
60
306
1160
1752
1166
1168
3786
5754
1006
6745
5628
6228
6972
5512
1064
1819
4445
1712
1779
1777
1891
298
1892
4368
5493
4473
1775
4289
4167
4359
4357
167
1897
295
1895
3565
4490
5277
1602
6818
1587
3616
1585
1578
1559
6823
4333
261
23
3534
1340
4338
5391
5770
6994
890
5591
4235
4224
3557
3806
4227
6351
1488
5338
5325
5318
1352
6318
1631
4241
991
5246
5545
3458
1695
983
4282
5249
978
1688
4228
6338
18
5776
5555
6171
3640
3465
5551
5759
1674
3637
5772
228
3625
1644
5943
1643
1253
231
1222
11
3783
358
4833
5027
2719
4026
2406
2501
2235
3147
5693
4633
5166
498
3052
2215
4619
3993
3886
5057
3028
4812
4711
538
2431
5810
4715
2742
2733
5711
2389
5687
5705
6474
2379
7068
147
2377
2370
3163
2369
7052
3970
5706
6276
6643
4019
4006
3958
4657
5730
2356
6565
3204
3206
2332
5010
6132
7096
4828
3943
2743
3366
5698
5059
2474
321
4770
2477
70
3941
4909
4759
6301
5892
2828
4117
2013
3920
2906
7031
4728
4124
4125
6620
2916
4727
6374
2951
2965
2068
6561
3360
5722
6077
3862
4792
5090
6522
4387
6076
3320
5091
5089
3878
6586
4383
5667
2746
4309
6521
5952
3622
3804
3888
4908
3803
2528
3974
4885
6615
4690
1275
3597
4906
3620
4522
3094
1341
1278
6571
3415
1228
2756
2984
2782
1143
5492
4773
6518
4472
4474
4293
4768
2855
1073
6512
6169
3910
4737
2911
1101
6290
2744
1180
3056
4420
6550
4514
3953
3662
3796
4281
4814
1214
1213
4813
6170
4491
5461
1191
6322
6293
3720
2689
2505
4977
1387
4057
3326
3325
1773
3840
4345
6022
1745
6371
3452
4195
2125
2184
3453
3454
1717
1715
2186
1708
2194
6666
4618
6263
2227
2185
2228
2124
4085
1945
6375
6382
1924
6742
4137
5152
2012
2014
4160
5185
3332
4105
1830
3846
3419
2042
1800
3425
1783
3365
2078
5103
4086
1840
1685
4341
3247
2401
6305
2419
1492
