6824
2878
2014
7138
5270
2018
437
6823
2563
7030
1962
3306
302
840
2212
3571
2127
3363
5680
5116
2010
2125
802
7075
5646
804
7098
2016
316
2236
5363
848
7139
6108
5694
6929
1965
1644
807
5385
2013
7034
2089
6263
2084
3361
3385
3389
5679
3633
2011
3516
2892
7039
6053
6517
1156
474
6747
2233
801
6826
3267
6939
2235
578
844
6348
2739
4729
5685
303
2123
6917
1979
7071
7032
3725
3380
577
2877
871
6825
5119
3578
889
7097
7090
6944
2017
377
1737
5846
4631
1217
5365
5115
6336
1335
6397
1577
6395
6834
5117
80
5969
1687
4812
6980
4386
1718
3368
5597
3312
4329
4758
4222
2367
6905
2396
4975
6394
798
826
1862
6938
5741
6913
6943
2015
5052
6346
5059
7076
4419
4833
3067
6925
311
1960
4440
2823
7136
2230
472
3639
4472
6471
3972
3989
3582
5361
3558
6719
3050
1685
1933
1683
660
1681
5143
1022
3362
6556
2893
2160
6049
4526
305
7137
317
6377
6931
5001
791
790
846
2012
4929
5022
3735
5381
5369
7147
5755
6755
4320
3907
849
1073
2122
4744
3323
2674
585
2124
1730
2660
5200
3303
3099
3248
1214
5632
5894
79
2447
1219
4382
1388
4567
5886
5640
6759
2772
2087
4734
4380
918
591
5090
1379
2464
5706
2858
1696
3107
7091
423
4441
6351
845
5898
153
6068
2358
1525
4963
4909
6915
473
795
4383
1976
1128
1736
2085
4162
4829
1021
2128
1028
439
4235
4237
6536
2148
1860
6727
1726
1969
4325
3360
5671
371
5118
6194
1689
5590
5112
4818
2129
3570
2086
6832
6749
6559
4716
403
4363
5942
5775
793
5542
5924
4836
3976
436
6449
5883
2468
4381
433
7033
6665
2425
4164
2366
1936
4922
4197
2352
4523
5820
4385
572
4475
5778
4862
4322
2822
796
5649
5686
3504
5593
982
5643
1367
3123
1366
3602
5098
1876
6204
5461
3634
6325
3598
1640
1419
3453
2675
3240
3268
6839
1870
3308
3325
3146
3340
7121
3158
3364
3365
6820
2475
3150
6216
6321
3627
6902
1436
2866
3734
6926
2594
841
5036
1610
6934
7135
4978
1772
812
5615
5002
5364
2135
2664
5348
6293
2879
262
5466
885
2778
897
583
2678
478
5884
2332
2826
2231
1964
6738
2825
2214
2238
3071
479
2336
576
575
1624
2908
1365
1739
3084
1215
2870
2875
5893
6287
2980
808
6827
2398
6900
3943
2413
753
879
3719
758
2440
1496
875
3958
6947
872
1437
6924
1438
6538
794
823
6933
2481
2474
806
6347
1430
1711
929
3232
4366
2661
4337
4315
1069
6729
1034
4225
6340
6343
3456
3458
5959
1539
1973
1682
6134
2151
3576
6973
6345
3580
4019
1690
590
3420
6105
5709
5467
194
5183
236
5020
281
3
7131
5676
1775
5678
432
5038
4778
214
4712
5222
1774
299
5110
5830
167
310
4837
4653
5389
92
323
4723
81
3537
3261
1119
3450
5150
1024
979
5154
976
4232
4230
5207
3563
419
6560
1036
2286
1945
3369
6571
1103
602
2080
1433
4358
7060
5186
3324
5189
190
3438
1062
5074
3583
3739
4034
3759
1698
2023
4979
4001
1501
799
3979
6693
6937
2019
6067
6941
7161
6054
4871
6048
5007
3577
6406
5024
3597
5949
4205
6426
36
5094
5960
3660
3661
2462
5570
886
3717
6551
4821
4111
3728
6914
3731
3737
7117
2385
7059
4521
6800
139
5304
3073
3076
2121
1956
4474
3086
1954
5429
7122
6512
4449
2680
4444
2126
2862
461
5835
1361
2229
476
1334
6751
99
1371
4584
4680
2829
6742
6778
2709
6290
4443
2237
4442
4437
5822
1169
3135
4720
1734
6667
1370
5204
6766
836
6077
2828
3223
1700
3754
2180
1108
5233
5005
3738
5195
5019
2852
7142
3736
2865
6922
6331
6919
1273
1147
1873
5206
3783
2391
749
3899
6828
4860
4864
6323
4873
2733
6058
770
3242
5670
3835
3241
6318
2139
5209
82
6722
1771
2797
5225
800
2804
4965
2807
4969
3791
1270
5665
6211
2567
971
3083
6335
6731
3549
744
981
232
2033
1618
988
3536
3530
2662
5688
1918
6140
6142
2561
1680
1014
3137
202
1044
1451
6234
1189
2653
3501
5037
1212
5263
1252
5655
1168
883
1877
1646
5636
3690
907
909
5495
5639
3057
6379
3059
5493
6701
3244
5096
5469
3605
5690
943
6228
5644
6121
3588
5287
6184
2223
6745
687
5989
4552
5938
587
4036
6440
1713
621
4520
2320
6968
4256
1731
597
1571
5541
2000
5553
7024
4119
5976
1934
7035
1955
7072
6694
698
2
5831
4800
4649
4726
4652
4221
574
3932
1959
2369
1819
4180
1939
4756
6625
558
410
4735
2210
1101
5223
1068
4355
195
3337
1733
3322
7148
4736
3266
1084
2060
595
2221
2288
581
6344
412
1104
7062
5177
6367
4784
985
387
977
3550
3553
6709
5113
4226
3575
6707
4223
3579
384
2166
3589
6128
1686
4293
3491
3367
5674
6043
5170
4332
6864
2165
4777
4350
4323
4645
2566
5539
393
3454
1916
4308
1917
4321
4331
425
5595
4562
2872
2131
7130
7129
6499
124
125
2954
2679
1256
131
2982
6267
5401
5
6802
1583
6740
2854
6784
7140
2730
471
2771
1364
6311
1628
1328
6264
6305
1809
6760
6764
493
1966
2133
6299
2846
1872
5335
2676
3043
6220
1164
6724
6215
557
3212
5658
3213
4432
2638
3595
1144
1140
6206
1894
5226
4403
4725
6668
6723
1570
4717
4507
7143
3063
4481
5408
4480
4696
4705
3151
5599
4710
3100
6728
435
6238
4448
152
3141
1738
5952
6106
7069
25
887
1694
5058
4954
1693
3822
6579
6398
786
6908
1776
3696
5695
1480
4923
6029
1853
5070
2411
4908
2410
908
2721
2415
3714
6019
6912
5011
3748
4998
1603
692
690
6927
5509
825
1489
822
821
4089
3730
4823
4004
