3955
1326
2840
555
6311
6837
5013
327
4755
2842
1904
2110
1750
3934
1752
1753
6180
1746
6838
4754
356
5689
552
1756
1352
7128
3498
5346
7040
350
4306
3839
1742
3494
3635
1749
4054
425
1755
1757
5370
1182
3950
2273
1589
3936
2177
2387
6306
5961
1764
4723
3134
3353
7048
1058
2112
1246
5279
4981
5340
6829
2111
580
166
7073
1213
364
1276
4509
990
3139
556
3931
1011
3274
5288
548
1138
1736
3382
2046
1581
6730
361
558
538
3170
3506
5010
2588
5351
5925
6300
757
992
6833
1977
3951
3262
1384
551
1748
5353
1868
4955
1385
7126
6118
1383
3933
2589
515
537
3582
736
4651
269
531
530
386
2053
3344
3258
4951
258
4301
5290
357
4158
1893
1734
3866
5269
4133
6835
1634
3830
6303
2849
2153
1320
1743
3483
6982
5014
5025
2953
4041
6154
5444
2142
2055
2090
6317
5395
3770
268
4255
1329
2056
6313
5273
3826
6562
3201
366
4919
6637
4724
3939
1897
3366
1219
1488
610
4756
3179
536
5913
5974
7071
4753
3143
4923
7118
3203
3952
994
2054
2776
3130
1902
3953
3043
5947
3109
3345
5924
3291
3092
2954
1978
5296
4182
1741
3050
1101
7045
1027
534
5294
1761
5607
896
1745
3838
1487
780
4654
3954
101
1894
385
5278
4456
3372
4929
3957
1357
3831
2637
1972
3932
5631
1270
5545
3879
2115
860
4750
2137
5102
532
1486
1325
545
547
6584
7043
1739
5020
5017
4982
1732
2380
4307
3277
4309
4912
1675
1674
2446
3352
3347
1670
4758
1639
4382
3549
3042
7047
178
5357
999
1762
3647
6348
852
6315
3655
3271
3560
1758
4922
4618
2383
5275
4050
3946
5548
656
4914
5127
1232
4339
5895
4126
2453
2770
4522
1971
5903
4056
4057
5345
4304
4977
2689
4260
5111
4009
799
891
4611
4013
509
5630
4457
4269
859
894
4024
2716
2302
4214
5594
3956
572
5011
773
5789
5264
809
354
2843
1322
1678
6707
3132
6732
6344
7036
6138
3131
1733
3376
995
6298
85
6169
1708
6936
3369
6836
6897
6839
255
1801
3093
6885
6857
6222
933
6086
1735
243
6592
6594
3136
3270
3509
6501
1738
6450
4264
5379
157
6291
4273
5377
803
6288
3545
1797
3637
6840
4090
3357
797
549
2276
5430
1324
4905
3744
754
6503
6296
3604
1007
4254
5164
3605
1052
175
2187
576
4256
191
997
5274
6340
3587
3153
1763
5144
1766
5291
1964
1768
2361
2156
93
1508
4167
3556
6310
5342
5448
3375
4508
3196
1102
4455
954
7078
6
2586
6977
4652
3816
1835
1587
6147
4728
5657
5659
6985
930
5682
3834
1237
2757
6140
4706
1626
4016
2974
6084
7166
244
328
245
4886
2641
5938
627
700
321
251
1879
4018
3
3773
1233
4502
7066
6894
4780
4028
2651
3044
2409
4483
5015
1218
672
1584
4889
3438
1272
2615
3482
6657
1321
3166
2698
4500
1107
2680
6598
4526
7129
3488
4434
1737
6949
4381
1660
4367
605
1671
3359
2382
2771
2778
2448
4913
4878
2439
2777
6859
4915
669
595
1720
1601
6736
2808
2794
7056
4987
1239
1084
6737
3279
4408
3174
2491
2381
1650
6797
4300
6563
1906
4257
2117
1806
6104
6220
2044
5431
3732
5425
1387
5421
4089
5413
6254
5399
4093
4098
369
2152
5371
4008
901
6111
5468
544
5717
1381
3047
4011
5634
3837
1854
955
3782
259
5695
984
2082
3056
254
6188
5699
250
5508
6213
247
4055
5712
5570
5352
6082
6304
506
1210
1420
6413
1900
3948
1980
5956
3555
1896
3553
1327
1214
3544
3542
1484
3938
796
1905
3937
6420
2224
5146
5191
6081
6305
3857
3870
1425
3046
4178
1769
6325
6329
2896
2844
4208
4204
355
2846
3983
3276
3884
3958
3220
4459
3928
731
1100
3045
2699
3847
4445
4451
4506
890
794
947
993
2905
836
3631
1001
3615
1207
3427
3588
3446
782
4280
4274
1017
3486
798
3138
3500
1133
2908
3836
767
4128
1236
953
3305
4022
4378
1234
3055
4052
2772
4351
3762
4337
3752
3074
3177
4103
1121
763
3371
4305
3356
3584
3204
5216
5228
6328
1786
6302
6292
6343
5339
5347
459
5376
6233
6223
5396
5344
6346
6347
5948
6538
147
1485
5047
1478
546
6418
540
539
535
167
6405
5078
5123
6394
5410
567
1804
5432
2043
5768
1886
1891
1428
352
1860
351
5982
5826
1975
5902
1895
5908
1994
1846
382
383
5438
1811
5445
1355
2113
5558
5591
6168
6166
267
6153
5625
5655
6142
1842
1810
2333
517
1903
2389
609
1608
1635
6996
6972
668
100
1731
4887
4657
82
4829
4826
6830
6898
4722
6895
4785
4726
4727
1591
6702
6887
4596
7125
6701
2
4597
2358
1740
4959
2635
7127
6599
1575
6658
3054
3051
1834
3328
1657
6182
1423
3776
256
5
1669
1104
1826
3351
5957
1574
263
3789
952
6114
3863
3842
3272
3864
3280
3198
1840
3871
3324
1839
3832
6148
1836
1082
6152
9
1080
1118
3784
3758
6964
137
6216
6378
1759
6393
107
3172
6397
6403
6723
3562
1476
3554
3442
6690
184
115
6458
1480
1136
6483
6652
6617
3521
6520
6527
6614
1751
6572
3504
6457
61
3133
1730
3354
1452
1672
6855
6235
6593
3095
6851
3706
3101
3108
6293
3112
6364
1792
6297
989
217
1709
1783
1781
6319
1060
6801
195
6341
193
3630
3127
6852
4554
5934
550
791
790
789
788
5024
793
2327
1217
1313
781
5016
5007
588
784
2779
5073
4266
2186
4205
5214
2220
503
5157
4268
5154
514
810
518
519
5936
5074
2261
4303
4967
4952
1243
4448
4675
2580
4655
673
4694
4458
4465
2704
4644
1255
2690
4504
2587
2533
654
645
765
4928
4926
4925
761
4314
4907
4904
4892
751
2450
4821
2465
4375
