6854
1055
1059
3986
179
1813
2206
1595
6401
1598
738
6874
6408
1816
1590
7022
3987
3478
4468
3983
7029
4156
1818
7027
2209
7010
1594
5833
1234
2788
7021
7156
1811
7023
626
3887
1599
6231
7158
5446
5873
3280
4049
3892
5669
1053
5629
3989
3003
5832
1597
3002
1421
7026
6080
5068
5834
7018
1386
1591
1330
6236
6237
1593
7150
3988
1812
6402
2819
4954
6403
5392
7028
6853
1596
6855
1476
4085
3004
1076
3898
6872
2584
6160
4705
162
1457
5925
6858
2671
6039
1418
5768
6407
6877
2069
3897
6405
3160
2633
6227
1987
5023
6230
1000
7019
3294
4619
177
4602
3872
5040
139
7020
5449
288
1817
151
1840
1175
6000
6270
2200
2580
2540
5837
6372
6400
4249
4918
4203
5627
2458
2006
2731
3984
4120
174
5062
1469
686
3869
5848
3860
5877
3867
2942
7004
3895
1048
3899
5884
5922
5176
170
3111
1814
1867
6387
2088
6569
4704
155
3293
3282
5027
5496
5049
4575
4708
5572
1881
5536
1458
4511
5765
4455
5780
578
608
7024
2440
5114
3891
5878
4461
6555
503
6544
660
564
4512
3985
2690
4276
285
3982
6879
5162
1834
2982
1865
1869
4709
5067
3940
5292
5033
4121
2004
2008
4925
2062
5061
5312
4488
3397
3482
5443
5524
59
5763
3477
57
1516
5440
3546
5664
5552
3698
148
3212
7163
7012
1176
5478
5660
2921
1075
143
5142
6899
2482
1150
1815
6763
2481
3669
2602
4003
1100
2267
4649
1864
6850
4622
4084
4672
6239
6781
920
4338
2168
2547
6869
2817
7017
5653
6233
5069
6725
6878
4616
5391
917
1052
2452
4763
776
3893
4927
7
2693
4209
4459
1673
3883
2085
1613
2081
1614
3604
6971
5853
3849
3473
5843
4427
5028
6224
4706
2993
2974
5613
5259
6716
4996
3283
5558
7003
3285
562
6548
2190
6805
5518
6549
1341
1232
2766
2185
4086
1411
2204
6167
4335
5029
1423
1171
4339
1452
4164
4182
4133
4089
2808
6235
1348
3372
1989
2755
1419
862
3623
1427
1425
2853
2329
1079
6009
6487
3484
1784
3981
5618
3966
5169
3164
6404
561
166
6941
1062
255
3863
3864
4464
3476
5840
1592
2485
3117
3896
3793
2443
5574
4518
5289
2439
2300
4219
2883
3198
2543
5550
4347
30
2256
2527
7016
6875
6002
6857
4613
6890
109
6006
7155
4379
1459
4600
3399
5606
2077
1389
1339
2424
447
8
444
5583
4910
2100
4280
4628
6324
5626
621
1356
2590
5659
4576
6564
5553
3373
6226
1345
4282
4587
4614
1358
1314
4615
1342
6223
4334
756
7153
5555
6488
5319
6001
1786
3167
1142
5831
1877
4079
3949
4082
5395
7049
2824
4101
1884
2999
176
1566
1149
4112
3154
1789
2874
1810
2400
289
4005
2910
5986
5442
6876
1567
4010
5448
1819
6870
284
1846
1500
5474
1473
2669
6004
5389
5060
4108
5045
2740
4162
192
6691
2007
3890
3044
1994
203
3617
6143
1653
1652
6670
6972
4911
1662
6973
5836
1054
5388
1056
3792
3256
1435
1431
3647
1667
93
5403
4999
4139
5161
2392
2383
4574
601
602
4572
5612
606
1721
5570
625
1615
1570
5165
1078
5603
6409
1666
4514
1710
5571
5501
1558
740
6067
1915
6081
837
761
1420
4767
6137
1179
2009
6138
4926
779
2080
4921
2074
6148
4914
1398
5506
4913
2060
1349
2302
1449
6045
661
663
5441
2264
5453
681
1843
692
2240
6280
6007
1866
6011
1336
1872
6251
2196
6029
6031
6032
1887
1889
1454
1152
0
1280
4136
2795
6514
2505
2502
2792
6553
487
4391
2491
225
4002
3374
2771
3846
2479
4341
3732
3292
3948
287
3393
3284
279
4017
2945
2554
6860
2876
3524
2844
4078
2521
2978
3289
4342
4418
221
7001
2704
141
4233
3135
3193
6991
160
173
4466
2648
131
3185
3815
4143
149
204
3186
3735
2697
1874
1873
445
4253
4048
6845
4986
1861
4036
5089
4255
6625
2884
3286
2640
1430
1357
2870
2672
2814
3644
839
2757
1988
4997
6094
854
5516
833
4127
2002
4125
3338
4083
3564
4183
814
1907
1416
4919
4115
4114
4916
6766
2677
4912
2816
5710
6894
6921
283
3799
194
197
3106
6975
5766
3788
108
7044
1141
5874
3848
1010
100
5871
1656
178
1063
5473
136
5445
5444
3181
7013
3772
1541
3176
7008
3745
3736
3165
164
1472
1658
1146
3040
5955
5495
3691
5744
4273
1439
5953
2955
1437
271
6909
949
2939
1432
956
5224
5248
5929
3901
3242
6954
6951
5897
1676
3001
3246
1684
3249
1151
5920
3941
3692
1692
2912
2087
5458
5654
2321
500
5651
19
4676
2324
18
6552
635
5557
2575
4702
6561
3480
6570
4429
4707
2356
620
754
4700
2454
3377
5556
1331
6539
2550
6285
2548
1242
3500
6525
2561
4573
5622
4604
4603
5621
4597
4591
5554
2509
2506
6503
4657
575
3398
599
7162
1292
2418
771
4745
6214
4719
766
6411
4513
6575
774
764
609
2622
1105
1479
5447
7157
4372
2410
137
5409
990
4589
1660
140
4394
5575
1671
6362
6415
5620
1677
5828
4608
3188
5160
3400
6322
689
3455
955
957
1241
1443
684
1501
5578
1512
5214
5226
6527
6927
94
1153
6417
4611
3488
2274
5280
6378
2983
219
3221
2322
3108
6477
1080
3116
628
5835
12
1051
3797
3796
4426
3759
1042
6998
624
623
3150
3429
1077
7009
3157
2448
4515
1467
1468
3169
1057
1474
200
5842
1124
4457
145
5398
1650
3758
2326
5301
5304
2484
4465
3842
5769
5330
5823
1568
3422
3841
3199
3093
3097
208
1610
1463
6316
2350
5821
4277
1433
6311
1995
2749
4286
1984
4141
1381
1382
4995
7124
1383
5000
3343
1387
2601
5007
3340
4316
1898
4696
3376
4340
3596
1914
1997
867
1919
2585
6728
2160
3187
4331
1916
2800
2736
2003
5658
