6856
3641
2205
3645
5521
2202
5527
3648
4186
1394
2201
2208
2796
2795
3642
1395
1390
2946
2799
2794
3649
1398
2949
1392
6859
1312
662
2790
7026
5525
5523
6786
4184
1396
1397
1399
2792
508
4077
5064
5066
2793
4188
5060
4206
4204
2204
5529
2797
2791
3643
4461
4170
176
4179
1078
7157
1391
2206
5976
7150
3999
1986
4168
6858
2200
6400
1179
120
170
7159
4423
4632
2249
5078
5478
6304
3964
3186
5522
3897
1884
2500
171
3183
5141
1
1238
4081
4163
3892
5526
225
2401
4182
5443
5514
1172
4087
40
5617
1131
660
3439
1171
7158
6308
125
6280
4178
6232
4187
3894
1797
4956
2671
5838
5836
2596
4374
123
2069
5477
4071
1695
5075
4642
2321
4405
2023
511
2798
2479
4852
3185
4407
6160
3289
3116
2675
5979
6774
173
4
6314
5837
1375
6220
3238
3188
3474
4200
1699
220
1053
243
1749
292
6043
4786
3891
3593
4783
3041
6879
1174
6785
1135
1148
2207
6223
2100
1263
6030
5065
4578
3519
227
4513
2396
6075
266
2334
2075
6016
1373
2248
1510
1052
6789
5462
5450
6430
2942
5225
6845
1653
4900
3189
2841
5465
1389
1646
5023
597
6285
1578
179
4263
2636
1054
5309
4271
6337
6700
5440
5329
742
5383
2847
5461
5320
5239
5039
5235
3349
2630
705
5658
3187
2647
859
4936
5048
2777
5856
2779
5207
5208
3422
5217
2383
5036
4645
256
4946
4166
6428
6216
1124
6217
1474
1476
6238
1565
1570
1572
6295
4279
6675
3996
6583
1885
3981
1882
6392
1055
1793
3898
1780
127
4399
4391
6213
6212
6231
4530
6033
1372
1260
5
3521
226
1176
7151
2054
6051
7152
4514
3252
5149
6545
5442
1059
6541
5476
6540
1690
7156
337
3180
3184
3893
7153
1656
4169
1134
1137
763
5031
587
562
3084
6849
5092
1753
2840
4103
6830
5090
759
3114
6757
1237
6695
95
7107
6832
5517
4492
1953
702
5907
213
3606
6313
664
701
2633
5678
5685
5520
3644
872
874
1994
6226
883
5834
196
4743
202
4421
6338
4427
909
6424
930
3772
6402
836
3564
5945
4417
5566
3288
3766
3182
6068
2773
2772
3293
2375
2092
2079
5921
3507
5042
4160
3566
4129
4155
3524
4709
4631
3416
630
3830
3907
3959
3767
4855
4414
3292
3239
4308
5022
720
752
4813
4930
4004
3218
3208
4439
4788
4951
4176
4302
3477
2614
5915
2216
2247
5977
1716
6352
6739
911
1724
1076
1767
6367
2434
2438
2449
6753
5786
1741
6787
1574
5752
1610
2107
6491
1917
6215
1057
2012
6544
2032
6556
998
1914
6104
6332
219
6052
2101
6333
6050
2106
1912
6299
2616
2664
7016
2922
6422
2940
2941
5211
1280
7069
2977
5145
5135
3004
3025
3051
6406
7155
5082
5727
2845
2872
6389
6788
6795
2702
6450
5582
1548
1524
5349
1511
6382
131
1434
2819
1754
1126
6970
5378
1479
121
1764
3875
3115
3962
1170
1225
4162
1287
1380
1412
1450
1465
1556
1569
4075
1581
4032
4016
1613
1618
1648
1654
3992
3929
1768
1976
3817
2478
2605
3399
2677
2686
2724
844
2781
3286
3285
2807
3244
2812
2825
3237
747
3230
2912
3207
2963
2972
3028
3062
3064
3088
2426
1778
2393
2336
3816
1796
1804
3675
1820
1881
658
1883
1000
1944
1957
1974
3181
3637
3636
2037
3599
2043
2067
3528
2161
2179
3486
3475
2303
3471
4115
1173
6047
5898
4779
218
6686
5871
4785
513
6339
5870
6328
4433
86
6781
6782
6283
4812
5130
5205
5216
5963
6807
68
4404
4378
5981
4750
4583
4606
4633
6405
4643
6421
4555
5044
5052
130
5901
4646
4502
251
155
6484
4462
5063
6354
4688
5905
6509
4517
6266
5221
6161
6233
5596
7065
6109
7066
4264
5327
449
7092
4224
7096
6079
215
6039
6059
5560
4859
567
7116
7132
5515
5448
7154
4270
4278
4943
5641
4328
6943
6966
6973
4880
4333
6940
6230
4338
5654
6874
6176
5645
7015
7049
5270
6888
2255
6022
2143
2203
6007
2254
233
2164
6000
2174
2189
938
2232
6021
6032
4171
5954
870
5737
5720
5673
5660
5652
5629
2684
5594
2729
2765
2766
5581
846
5569
5561
841
2785
5524
5743
2307
5762
2587
2322
919
2329
2338
5924
5923
264
2395
2397
2421
2427
2429
2442
2444
5844
2485
2521
2529
5833
5783
5872
6349
2097
7002
57
1468
6835
1501
1526
1529
1096
7010
1095
6805
6802
1560
1563
6801
1082
6751
1079
1538
1377
7011
7014
7143
7140
1209
7109
1226
1235
7105
1157
1239
1276
7073
26
1283
1286
1311
1351
7064
7050
1136
6748
222
6743
1589
1869
1871
1876
831
6344
1911
1926
6293
1800
1956
1968
1984
189
2028
2060
2066
6088
2076
6271
6393
1018
1795
6678
1650
6579
1657
6542
112
6526
6498
1051
1050
1697
6470
1742
1743
1746
1759
1761
6419
6409
6698
334
0
3874
4954
4992
3299
5030
3308
4823
4339
5062
3322
4415
3164
4948
3135
4418
5074
5087
3896
3348
391
3364
5104
3270
3050
709
3130
3553
656
3657
3279
516
441
3750
4856
440
643
743
4403
4889
4890
748
3234
3720
3805
3693
751
3682
4908
448
3290
4392
3837
3291
3212
4438
496
663
3397
5292
5120
2886
5303
2866
4078
2848
2846
2843
2842
3609
4098
488
4185
4111
5447
3589
4556
4173
4156
5466
4262
4265
4862
385
3975
4013
5491
704
5153
4009
4647
4300
2945
4008
5122
3417
3647
1729
1740
4455
6508
3591
6536
1747
3587
4435
6429
3601
1667
1711
6488
6662
6580
6496
4409
1643
1696
1625
4460
6573
6493
1614
4447
6684
4440
4406
1655
1706
1707
6679
1622
5495
3765
4315
3960
4311
4310
4309
7021
3983
4305
1332
1329
4012
4070
4072
4073
4248
1268
4228
4172
4175
1178
4127
4183
1212
3932
1230
4101
4220
