6851
6855
6876
6850
6879
1512
5508
101
2939
6019
4689
4484
4680
1818
750
4706
5107
1959
2929
156
1043
1813
5630
2408
5797
1958
3341
6510
5407
1236
3342
1812
106
4090
394
981
1231
563
2572
2737
988
2953
6468
3940
103
6118
4479
3344
3984
5562
4929
5337
57
4809
2735
158
1086
6018
3896
3003
5827
3340
5828
31
3343
1817
2586
6014
2788
6012
3569
6503
755
7086
578
6015
5984
1089
5810
3780
6058
4532
159
4476
2483
2685
5102
4616
1714
6873
6359
2339
4681
1514
5822
6388
4815
686
2203
3472
937
7088
4411
1950
209
2839
572
6169
2778
5737
6261
2439
3477
6501
7022
5740
3508
4800
6807
5374
2561
2551
2488
1665
4713
1343
2309
5400
574
2305
2409
4742
5013
4682
5043
3034
3897
1810
4019
4578
1957
7017
2670
3408
6116
3935
4622
738
6888
7007
102
6858
576
100
5342
2696
6878
1324
5724
2690
672
5016
5939
650
5712
390
5046
2982
3966
5924
6304
2938
2954
989
6409
357
356
5042
987
689
6513
4922
2580
4218
3985
2761
3258
1511
453
1738
5773
5821
6732
4454
150
6746
1678
1905
3891
4636
2273
7122
2125
4687
6803
6806
4426
1870
1349
7124
1672
3622
4472
4394
4579
931
1784
3983
4005
5606
6874
3752
1878
1877
4838
3927
5298
1874
6870
5144
4131
5049
2694
3074
6387
5138
3988
1156
905
5803
2802
3446
1907
1059
1093
6017
299
2934
2824
1983
1473
1731
1281
4234
2936
4473
904
3899
5339
1879
2693
5986
6727
6440
5730
5158
10
3224
4691
5044
6673
1534
5105
6725
3031
3697
213
5462
6535
5793
6569
1197
1819
3709
2267
5040
940
1032
6418
5423
3710
4094
2681
4818
5504
2969
5972
6408
6412
857
7064
2924
7016
6060
4049
6049
5736
7056
4039
1834
4952
4955
4953
3038
5734
2964
3048
7099
4095
4574
2986
7094
5669
5212
3923
30
692
7085
1419
5715
1387
36
9
6020
1848
1037
3319
7009
436
1997
3476
2264
3474
4686
2232
982
1708
255
6838
6839
1046
2692
984
908
6853
6451
4195
4299
4690
6592
6585
4358
2491
3586
4718
948
2542
2335
4698
644
3512
3097
5763
1668
4804
4654
269
5842
6163
3445
5601
5813
3433
3809
659
503
1446
2904
4906
3989
4914
1436
661
272
4888
2831
3982
2704
6372
6872
5528
6875
906
1487
903
3563
4871
2767
2103
5331
897
5780
5745
674
5776
3137
1333
2818
5045
3647
5376
575
5338
3763
5314
3963
5134
3820
3821
3865
3890
3893
5192
3807
1185
5404
5106
3256
5651
3334
1234
3967
3470
3471
527
1227
3473
533
536
1081
5101
5432
5732
5500
5179
4041
6697
6691
2388
934
4719
935
1624
2424
4734
2466
4359
2492
4353
6539
4400
2545
763
214
2550
6517
2555
6506
6493
5038
2631
245
2641
2683
6386
2695
2546
4693
157
2278
1816
11
1811
1807
19
1804
1788
1938
1952
4508
7026
7024
7023
66
67
2041
4471
4425
2239
4427
1713
1719
104
6380
98
90
1732
82
1736
78
6928
6877
6370
2583
2725
3036
5925
3019
3018
1035
5955
3037
4989
5989
375
986
1416
2932
4957
5982
1431
1379
3040
680
5814
682
5824
431
5032
5909
687
3064
3062
5849
5012
3042
5905
424
346
2955
2852
326
1451
1007
4905
4876
4215
4872
327
1507
6121
1481
2834
741
4181
4245
2921
3931
4477
4260
4268
4267
830
624
4509
980
4265
5035
856
3980
5085
4258
762
4153
5098
784
4736
4960
4133
4967
1087
4410
4197
772
4096
5048
5103
765
1088
4651
4428
4091
3946
4134
5120
670
4474
4424
5845
3117
6022
364
1408
2265
2254
2455
2468
2997
6801
1391
2607
3022
2933
2224
3046
3056
1710
6583
3091
428
3095
430
1715
1717
1348
2578
2533
2277
247
6045
182
1506
2744
6676
2766
6678
6229
2344
2800
1650
1471
6389
2853
6392
2684
6400
1621
6083
2920
6071
6069
6067
6063
2648
1433
1664
248
6352
2124
1516
1727
5795
6512
5463
2052
2031
5433
3602
1187
2005
5402
2004
3682
74
2549
6571
2535
1962
1143
3801
1936
1906
7105
605
2502
1868
14
1971
3494
2062
5539
6886
6891
5746
3190
1317
3192
5733
3198
2576
1229
5695
5679
5703
2120
5544
1730
3400
519
5565
2559
1256
1249
3303
2071
77
4373
945
941
2489
2481
2413
3895
2162
2347
4536
4533
1766
1965
4487
1994
2058
2110
4446
4429
1718
2403
1712
2230
2249
4421
1674
4417
1661
2320
2330
2333
1653
4378
2159
2530
4263
4338
1215
1240
1248
3403
3347
3310
1285
1307
3176
3163
3119
1345
1049
3105
1354
3506
4538
1083
3580
3909
1117
3926
3861
3845
3824
3806
3786
3779
3771
3770
3760
3711
1178
3604
3549
3059
1041
3045
2787
4264
2760
2727
1518
2718
2652
2633
2621
2588
4270
4312
4315
4318
4329
3901
2791
4246
2836
3035
3007
3000
2973
1406
2959
4117
4354
2931
2925
1432
1013
1444
2900
2895
2860
2928
4547
3584
6028
6315
5109
5110
4875
5645
6296
4880
730
4699
5118
5913
6613
6670
5130
6679
402
6248
5137
5610
6225
4684
4683
4805
6218
293
4857
486
5088
261
5829
6405
246
240
4807
6374
5847
767
754
4763
5742
6463
4808
227
6345
6327
4749
6317
6536
6537
4738
6564
4845
5080
621
5938
5148
6738
5439
834
5964
5999
6005
600
5430
5284
7068
367
35
6999
562
7089
4963
5397
6102
5373
6089
5004
13
333
6
6016
4935
6120
5438
6939
6744
6756
5149
5974
6770
4627
310
5546
715
5196
6834
5529
671
311
6168
6154
5516
105
5477
5476
1401
3099
2935
3092
5983
5971
422
5904
373
5872
401
365
3054
5975
386
5934
1337
3102
1244
3443
1241
1235
5510
5501
3484
3487
3495
1210
3524
3555
5589
3574
3578
