5188
5182
419
412
415
5183
417
413
5181
5184
418
411
420
424
5187
422
403
399
414
421
5180
3965
3624
428
5186
27
3627
4710
4716
5198
2478
4712
410
3638
337
402
398
734
381
5671
5323
1855
5194
3275
1022
5189
2843
2475
5150
7115
2382
3653
24
3226
3921
3036
2653
5690
265
1850
426
5196
1852
6475
3141
6735
1024
1859
1900
1856
2533
1243
736
22
2738
5593
396
2477
4152
5875
4719
1025
546
5499
746
6761
1033
3034
2217
918
5410
5819
6482
4886
3044
5278
989
2628
3225
1245
3270
5177
2747
3611
2532
3150
6128
5674
5957
641
2654
5143
596
429
3952
5968
5615
1691
1838
3763
4431
363
5759
434
6892
2357
5199
1379
358
2740
6894
320
3165
4766
2370
4902
4235
2091
6312
328
6107
2379
322
6918
1566
2330
6900
4891
5274
2281
3277
3625
48
5220
3856
1961
1938
5010
1500
5513
6028
1937
2650
6521
5657
1974
2211
2210
97
1087
840
3520
1743
3279
887
5731
2352
6737
5649
3950
1993
3774
2701
1603
4205
2122
4585
4940
94
5280
831
6293
615
816
6204
3389
4304
6719
5950
2891
1857
5942
3444
2682
3609
5157
1249
5816
2610
4892
1494
6471
3469
5859
1364
3227
1745
1723
5578
3172
1858
4298
3228
5381
4665
395
5151
3433
4978
6113
2794
5677
3390
5596
5382
2887
1932
5585
2319
992
3655
6738
4664
1478
5810
811
5134
397
2624
4833
43
5556
407
1266
639
6150
907
6456
3147
343
4861
6462
5395
3752
416
627
293
6463
7127
6637
5485
852
943
2162
1021
4607
735
1753
5473
6211
5482
3465
2539
1094
4605
4151
2665
1028
4327
2393
4965
2389
2148
5490
3489
236
5898
4711
4975
4715
5886
5439
1728
4307
4220
4254
2531
5640
3651
2169
5228
2201
7067
475
4049
4320
667
5306
6074
4904
3620
541
3731
6614
385
544
6465
3149
6390
5936
4974
5007
657
4442
5946
4316
765
392
2016
3969
3123
618
6344
471
3972
5026
2360
6110
6718
2038
5366
5237
4991
391
4995
6086
5958
6358
4033
5279
2510
4908
3974
5008
1104
5001
3046
3976
1697
3579
4358
2484
6813
7059
3274
124
2611
2664
250
942
4717
7053
2660
3273
6891
5769
7060
5778
2970
2720
2445
1446
813
5185
2714
6859
243
3421
1376
4158
2691
3447
4777
4408
2899
3445
3443
7005
2166
4428
3442
2480
6981
6243
2894
2283
4582
2893
1385
3387
184
329
1514
325
4666
5235
4677
1502
40
796
4878
793
3161
3385
6325
6829
786
65
7085
4432
2213
4976
6244
3013
5084
5310
1129
5006
3810
2391
3427
3605
2495
5994
5587
4969
1128
7144
3358
2163
4972
6613
1779
6158
4662
5166
1390
662
6077
5079
5586
1934
548
1493
5945
6124
4041
6500
869
4015
89
1439
4996
6516
2499
4697
2824
6431
3027
2214
5543
2396
6135
6497
3391
7083
4993
3052
2215
7136
3604
5285
4187
6554
4209
2627
6218
5991
1764
4451
3962
6533
4198
5541
1687
7114
7112
1049
3825
7054
6131
6522
2157
6710
1365
297
6310
295
4849
423
427
2722
3764
6741
2757
3184
2719
1001
829
257
5363
5758
756
755
6292
4571
467
2358
1273
1270
1269
2742
3154
4524
3148
794
5817
1252
3173
1930
1605
6818
4874
2332
323
2353
5814
4870
1264
5863
4533
3926
4536
311
3561
1013
2710
6700
2870
230
490
228
6909
5101
5730
4237
2695
2377
6673
2380
231
6661
4060
5332
4772
3951
3107
6930
1161
6932
6933
5155
3783
785
3222
232
5902
747
5747
5445
5346
6905
483
5741
1015
6461
6460
2888
3020
3717
4360
5087
2427
2433
5071
2441
2497
957
1761
982
6092
1011
792
5197
1851
5258
1831
5200
6316
830
3918
6295
3917
865
768
4434
5172
6115
6336
812
737
6114
1913
2448
5271
1742
6366
977
6191
5116
3968
697
4414
4403
5264
2997
3916
6182
901
783
4042
1931
1257
5815
6822
5813
5812
5809
296
3188
341
5799
2716
3514
258
2314
5755
5748
241
3494
5428
1251
4526
355
5872
6736
1217
6742
2753
5865
425
3142
5864
5369
393
6753
4505
2749
2744
372
370
6773
6775
4136
2359
6908
3474
7075
7087
3384
5550
2648
1506
2220
49
2209
47
5601
4670
4668
3363
7160
4661
5571
4193
1460
84
2620
88
6923
2296
4598
1362
4230
168
1384
2165
2676
1392
2675
1397
4163
1407
2668
2189
7050
4612
4613
4784
6723
3553
3621
6495
4308
493
624
5903
2008
6498
6499
4983
3581
2005
571
488
4089
4979
5281
3614
3063
551
2528
3610
2513
4970
3108
595
5307
505
6531
4059
1936
4303
1935
2366
4306
3563
2831
3661
3659
2782
4080
2516
2771
5360
5275
648
645
1933
6712
4301
5000
2014
1048
2671
6126
1394
947
1747
5688
5511
4036
4028
945
5963
2759
2826
5970
4192
5997
2625
926
5608
2645
5987
1505
5984
5555
5981
5670
1758
2825
5976
1435
4168
1099
5644
5535
5286
1530
1417
4212
6035
2678
5951
6125
1265
978
4368
5341
1253
5901
1248
2504
1609
1020
1641
2741
6112
2871
2874
986
2743
3939
5380
5236
5344
2780
1189
6094
6096
5238
6108
5910
5806
5404
5913
2683
1373
5495
1369
1674
2524
5488
2251
4150
5722
4043
5765
2492
5291
1579
1309
4130
3919
1307
1302
1300
4256
2571
1293
2725
2726
2789
5801
5435
6153
1878
1778
558
553
549
547
545
542
536
6634
4487
4961
4490
494
3618
492
4935
2365
1775
456
2361
3134
3137
2356
6745
379
3156
361
2371
569
570
4984
4452
5044
5043
6433
4460
1918
6442
4462
6468
6481
647
5003
4997
3049
616
6506
3055
3057
4990
4988
597
592
1963
6532
1964
6535
3075
352
348
3551
2336
172
167
3436
3432
2173
6992
3428
6997
