3003
6878
3985
6875
6877
3988
6876
3989
3984
2580
4411
6873
1819
2480
4476
2305
2755
3987
3982
5045
6734
6894
1817
6855
1512
2954
6874
5049
6387
4429
2483
4427
5986
1818
762
4428
6857
2788
1048
136
5556
3986
1032
6954
2937
7068
4424
5571
937
897
5579
2448
1387
4426
2484
4053
6853
3343
5362
2481
1508
2452
2440
3460
4421
2324
3983
3196
1812
5969
5993
5388
6826
6545
2939
1142
293
6870
1049
738
6898
4649
6850
735
5666
476
3888
3376
7020
3863
2300
2311
5614
190
4856
5769
3846
1813
7145
6851
4784
6872
6852
1834
3980
7063
4133
2326
4214
4345
5042
1038
3940
4057
2443
2441
2328
761
1501
2491
5789
1516
225
4141
5994
1928
3316
5989
3604
3883
6566
1045
953
5948
5698
3865
5810
3334
5925
5706
6540
1766
818
4052
6807
3821
4215
6562
1703
2787
4876
2320
4622
4006
3113
5204
5354
4599
2267
5259
2514
4762
3977
2257
5043
4834
2669
6167
816
6527
4618
4176
2684
6528
3512
4960
2721
6404
2329
4645
1047
4276
4297
4600
5811
2615
5111
7011
6542
2237
2782
6854
4767
4488
5995
3841
3535
5550
3482
2145
5231
6728
2149
6677
1384
4051
6081
6106
137
4059
2204
4143
686
5258
4055
3337
3949
4368
2520
4334
1273
4988
3561
6119
4989
2575
3884
6214
4327
1207
5397
4643
2025
1004
2944
4756
2955
2975
2814
4857
3844
2790
6796
2758
6900
3786
2746
3770
2740
6547
3027
4910
6539
4149
6522
6972
6408
4963
884
4646
4255
934
4976
1041
766
5999
4021
1505
1507
5110
7006
5180
7007
4591
4028
2262
5625
2212
5610
1500
3329
3195
1837
7037
5572
5549
3312
5499
144
5493
1930
3294
4525
5263
5102
6858
3478
245
5951
5874
2447
3473
3594
2432
4878
557
1830
5575
602
5580
3327
3776
3194
3020
6568
3472
2735
2732
6117
4144
6549
4346
6739
519
487
2525
4521
2006
4372
5956
1931
3514
4782
4377
2458
4842
2819
1348
4850
2800
3313
4484
5542
3839
3323
6790
2125
2445
5624
6543
690
2327
5782
887
5872
3422
5799
958
5174
1535
5162
6403
4644
1511
5855
1046
5837
4320
4613
2579
4640
4636
5833
5120
1118
2325
1598
3468
5223
3348
4585
5660
1411
1708
5185
3038
4340
2322
5718
2679
2485
3729
3720
810
812
1630
4335
2643
830
5734
1637
5842
4056
3881
6989
7135
4002
6879
77
4023
7005
149
199
4017
6923
4054
139
7001
288
7060
4085
6315
4270
5710
2266
917
5683
4648
5693
7070
2631
5667
2238
2278
4957
2424
2141
3085
6171
227
5434
6738
6187
2561
1116
6193
5439
6721
2321
695
4641
1059
6951
559
4982
5749
2132
4441
6351
5473
3928
2137
5230
4942
4859
764
5530
179
755
5577
749
5576
1841
333
6559
731
4083
164
4872
1861
2768
4700
687
6916
4870
6479
776
4854
879
3358
6394
4706
6939
6405
5246
2712
6411
3033
635
637
4209
4003
3869
4851
5586
5585
3330
4490
777
5227
2353
1580
3463
6975
5391
4369
4770
82
5044
7052
7091
1418
2029
3137
472
1458
4780
5853
5403
5834
5027
1274
1416
5056
4616
2430
2068
93
2942
5373
3246
3236
1355
3489
5944
6983
2952
423
6832
2953
1343
91
5884
2446
6107
1488
694
235
1186
6151
1185
4795
3886
1043
5965
2449
6979
5952
1400
2438
3429
4323
768
2562
131
7129
1547
3339
6191
3340
2518
2716
5878
3503
6415
4481
2566
5048
2569
1427
815
1344
5900
1506
4145
4146
1382
3966
3864
1383
6530
1524
5161
2434
1359
3477
6520
5818
3696
2542
3563
734
338
1832
3135
6489
5820
3326
3104
5578
3887
6179
134
4595
3476
2469
4920
7022
2256
957
4358
3524
1203
3597
2268
3598
3632
5214
5845
5029
1592
6074
2255
4444
2378
3095
3613
3611
2505
1030
5746
5748
3126
6235
4981
5828
4985
4589
4978
114
5859
6319
2570
5637
101
1748
2689
6204
5821
6206
3679
1286
5822
1279
6213
3673
2674
891
6991
1446
4584
4258
3372
4610
928
5827
4945
1442
3518
3516
6216
5663
5823
923
5815
145
3797
581
4500
4835
6676
156
613
1910
138
2164
3775
3774
5294
6581
6571
160
4858
6908
3314
5533
6690
2144
566
2136
4752
6839
5386
2913
2904
2021
2020
5349
151
3191
2004
3219
2967
5412
4794
2968
5419
5431
2859
4821
2882
3190
7062
691
162
163
6914
3281
1031
1575
5780
1965
4122
5768
6524
560
6237
5182
2603
300
5766
6953
4431
4984
4986
2598
4555
6729
533
1553
106
1557
2568
6727
3810
1977
5793
4999
3423
3588
5442
5791
5790
4312
2582
4119
5742
3286
4828
6525
954
7125
3791
3790
591
2827
2646
3375
367
1942
3371
2250
6330
4079
5222
921
920
4455
7066
2263
962
2140
5203
3615
1015
1632
4295
577
992
4825
1656
5722
5721
983
6521
4124
5479
4274
966
6287
5806
4597
5687
5877
5107
2956
5047
2093
5395
5547
5990
6799
80
271
5109
6969
1270
6793
1439
2095
3843
2900
3103
5106
3854
3107
2431
2057
5377
1345
4532
4378
5892
249
3848
3847
143
2046
1410
3941
6977
4373
2098
2022
6921
498
1189
351
6129
3134
6552
2971
5417
5013
3820
6166
4566
1988
6745
1147
3814
4628
3001
1197
2512
3545
6538
6888
478
5851
2492
3531
483
2959
7083
3220
6965
5829
2007
6535
2509
2002
2511
3831
1485
2661
696
1811
854
611
814
5495
5519
1787
2710
1838
608
627
3867
1816
7032
2806
6626
4189
729
5653
774
800
5233
4005
5606
7026
2681
3338
3333
2678
5631
782
2801
5291
3677
6575
3676
1881
5261
4658
7024
5676
5319
5670
5249
1728
5537
192
824
6925
5536
1736
833
3346
5265
3007
5512
7035
72
4027
5281
828
4720
1144
2803
5251
1991
3336
6464
4347
6092
3221
