3988
3985
6872
3003
6878
3989
3940
3982
2263
6877
6873
3984
1812
2266
2788
2580
3986
6875
6876
1819
2262
2269
2264
6476
7017
5435
6661
4967
5441
2268
7085
2104
955
7020
951
731
6496
3106
6916
6850
2703
1934
5989
6954
6464
2444
1119
3776
2882
6114
7022
4143
3482
4251
3699
2782
6404
2732
953
5507
4602
136
5204
5439
2836
687
5676
5891
4622
4149
6085
5040
6562
6027
1416
5158
2447
3511
2718
6900
2267
2937
4577
5411
131
5575
3327
990
6883
4145
958
6568
7025
4141
139
4277
6853
6026
1839
5811
2748
931
6991
4424
952
6948
57
7000
6665
7001
2441
2425
4592
3043
65
738
5232
5670
3321
3823
6999
755
749
2520
6028
3764
3173
4252
5314
3899
547
1041
5287
1069
7023
2789
6538
954
949
3770
1811
6924
4712
5249
6734
2741
1295
1611
2501
5892
635
6874
213
6119
6895
5803
1813
4392
3290
2704
1401
2589
5599
3980
6890
6957
6118
2505
4176
6988
5630
6023
6520
1400
3314
4217
4981
5579
3794
6677
5820
2615
4214
137
5223
2196
4744
5506
3484
977
452
4055
5855
4054
2997
4636
906
4057
5872
5719
3923
6860
2708
1834
900
2749
5821
957
3462
6923
3966
4059
4037
6914
3898
7120
1147
5780
3912
6925
1059
6958
4963
3489
5108
5388
2260
6584
6996
3315
1631
5959
3000
1167
4455
4365
2481
2966
5163
5990
2681
4601
130
4597
5851
5438
2551
6799
2128
3103
941
682
3460
2740
3282
6673
2746
6770
3391
5055
2757
735
3381
756
5045
4255
4289
3251
814
2870
5079
1937
3821
5277
3847
4003
1045
6870
2197
1707
5180
2925
6474
1816
1439
1818
5162
3695
5252
3921
5486
812
4426
2458
2839
1738
810
4574
2513
1047
6557
828
2522
3729
6945
2311
4218
1817
6115
6715
5524
2892
4140
3774
544
2031
2344
5268
4144
3828
4871
1836
6813
4548
5859
2960
618
617
5508
5271
2523
4970
6851
2525
1169
2527
6936
3777
6934
2325
4276
1832
1165
3101
6927
6855
936
2443
4541
4219
4856
3323
2194
2786
2254
7145
1542
7081
6993
1516
234
2265
5071
2736
6031
1471
6514
2682
1911
1910
6050
1286
2764
7005
4782
210
4257
1408
3343
3190
2711
2709
3172
6444
5539
1436
3337
4285
2189
7135
4794
1341
4120
6528
4023
138
5449
2982
7011
4850
1786
1833
6623
1493
6089
909
2790
1048
1472
2742
6905
5920
1356
2586
1825
3686
1477
2939
935
5263
3687
3107
5572
4361
1085
3688
1475
1473
3616
4334
95
5227
950
7113
6448
5706
5853
4028
6818
4859
592
6108
1430
2555
5475
4605
5434
2717
5776
4603
4021
5553
5749
1979
1787
5768
1930
5556
4982
7070
5739
545
3877
3849
6789
1814
3085
5417
3236
5555
2705
5884
5598
1021
1466
5745
4036
4006
6035
1445
5801
5114
6211
1651
5806
2323
6708
2324
5625
845
753
432
2295
6921
5490
5639
3310
3895
2973
6983
3189
5805
5981
6947
2884
3711
383
3040
6943
4427
5549
771
21
4573
6754
1537
6938
4453
4854
3705
3249
6076
2100
6574
6190
1658
2834
6412
2168
5253
1656
4215
1117
3773
3045
6965
3769
827
5110
1838
6112
1835
62
3697
5810
5332
3386
4830
5339
5843
2239
821
2785
4600
5827
3715
2484
1446
2469
2485
6384
4029
3280
4095
5505
2185
6743
1449
2888
4809
5856
6167
2750
2543
959
4790
1784
686
2738
691
3162
1727
734
1479
3243
1512
4078
6672
4056
3387
4323
6417
721
4290
937
938
6110
6046
3708
1951
3050
5440
103
4977
2510
1470
6419
15
762
1949
6785
6113
5840
752
2542
4050
5822
4394
761
3197
3444
4146
1348
1246
5153
7027
3871
1076
3469
3537
4710
384
5172
1893
1066
5782
5781
2821
7038
6020
4987
4444
2005
6083
4774
6548
5733
6022
6526
6603
3496
4279
2326
3896
2327
2328
6931
446
6582
2329
5116
5794
7009
4454
5717
4523
2003
3476
7016
2620
4147
4953
1107
5952
1284
6527
3325
3448
6128
5419
2830
1604
1603
6852
6531
2193
163
5746
1916
2924
5431
2566
3526
2979
6447
2831
7087
5777
2190
3198
1443
4610
6864
1303
4283
5666
5879
2121
4660
5734
6029
1898
3022
3622
2581
1222
2975
1285
3718
3533
6387
6721
1639
824
2971
5377
4566
3561
2478
1166
4820
3508
5354
5980
3709
1233
4189
829
6279
6521
3530
3716
4857
1575
6396
4264
2312
1655
5973
2320
6381
5693
1580
3545
2956
2250
2129
6620
5483
6621
5631
945
4742
1402
5415
4966
6627
5416
6034
4795
956
1464
6439
4368
5874
5437
3286
3644
4972
4440
5288
1448
4273
3281
4274
2910
6566
1728
2440
6039
3318
3383
2456
3569
6294
6510
3481
3320
2093
2446
4337
3342
3388
2109
2348
2349
3691
6038
5951
3008
1680
907
5654
3470
4531
5261
3033
1624
1729
2070
2885
2483
3134
6869
5824
3196
349
549
5222
694
1815
695
4633
4005
540
533
6962
7083
153
726
5156
4032
7112
2621
4026
5102
5520
4616
7007
144
4715
4398
4714
6771
2733
2686
5184
2000
5109
4604
5790
5531
6234
4641
275
5117
307
311
4876
4989
1890
3967
7021
3945
2869
2683
6986
2546
235
6184
3844
2867
2572
7029
6990
5106
6992
2649
477
5537
5500
4117
2787
5044
6745
463
4672
3224
5012
34
5716
733
455
6221
2759
7142
2758
5760
19
18
467
5814
4891
4101
7164
4099
811
5250
2506
483
5753
2597
469
800
2489
1967
6910
6909
447
5166
445
2881
6929
754
6930
4825
6901
90
2880
4052
1940
6933
2743
4706
67
96
444
1298
1297
6088
3510
1163
2967
316
1164
5113
4342
6946
6944
5607
2340
4954
7002
2989
1279
1175
436
6926
6577
1657
3524
2286
5337
5797
3922
6336
2094
6979
6572
6981
5152
4799
387
5995
6213
5336
5372
2968
