5186
5183
5189
417
281
5323
3226
4710
419
391
4716
4712
5188
415
413
421
311
746
2478
424
5184
412
411
5187
5181
53
5182
3624
2162
3627
50
418
5534
420
2835
1974
2539
58
6475
3919
1025
282
747
5535
265
2475
52
399
5428
6086
5950
1022
402
6497
6209
6533
410
6337
6521
6506
2477
5921
533
3965
51
6456
5741
5198
986
5532
3852
2175
3221
5229
4585
6097
989
2433
22
6376
734
3653
5748
5963
546
7067
6463
4220
7144
5779
2252
5163
5690
3222
414
4152
56
4715
2334
2156
6503
2161
5038
280
1627
6482
33
1129
286
1128
1821
393
1697
5177
287
422
3157
2479
1361
1368
406
55
3389
2532
5957
3917
316
4631
403
2335
6069
3150
2714
5977
2059
7053
3825
299
7136
2393
6673
5343
6888
2377
6380
5645
358
4094
4891
918
371
2598
1816
2367
2832
5180
467
4714
4691
3154
5671
5530
4583
3475
2531
4976
2470
1365
2316
5587
3071
5824
5410
4393
1955
3075
3224
1013
6096
24
7087
2023
3151
1826
26
1205
2736
428
6774
1933
354
5486
6377
5674
357
54
3068
2434
5071
2878
5988
5673
4781
5237
7115
3159
7097
4784
5125
3228
2280
4717
3553
2337
5962
6046
5215
4974
436
5533
6110
5170
5968
6775
858
2036
64
125
4866
3171
6465
126
982
3112
2438
5236
2520
5641
5969
6486
3241
1629
5536
2396
3160
3386
475
6221
427
1623
4383
4513
6218
4581
6338
5538
1189
432
2330
6686
6361
27
2743
5829
244
67
3036
213
5220
2371
111
397
2091
4860
5945
1258
3232
4869
540
653
2719
5228
1021
3561
5586
548
6733
2058
6722
6058
110
6731
2574
549
3088
4778
4198
2880
5482
89
6379
2239
2571
6907
6538
1074
1690
2283
2720
476
4580
4686
3914
3916
2289
5200
2339
1795
748
6813
3938
392
2738
5307
396
1194
1794
3918
742
3243
360
6204
329
6422
5820
5643
3469
5026
5001
3225
1362
1364
1919
1366
5168
2977
3563
6111
3166
6029
5894
6464
5965
1970
85
5050
1249
5143
7059
1956
6507
25
3077
5413
1993
6748
3073
40
3063
59
69
641
1936
2467
572
6426
189
3577
4862
5615
3695
1693
2427
2838
1817
2831
285
288
4140
4360
864
6113
855
7088
2872
4787
4589
7085
5226
6128
6467
3639
4475
3657
6719
2575
5875
2391
4125
545
5260
6866
4533
621
4366
2499
4362
1611
4119
478
5640
547
744
6158
570
512
6211
2364
558
4452
4476
2653
576
7043
1274
1602
5964
1700
5644
7095
6858
3307
1852
1932
943
4779
6425
3049
251
4772
2157
2159
5363
6469
1824
6738
5156
1456
283
5490
6519
1291
6433
1450
6059
5034
4588
4975
4965
1374
1014
6984
2050
6727
1001
123
5694
3608
4886
3153
4861
116
978
4837
3485
1927
3638
1412
3812
869
6462
353
3114
337
834
5138
4003
4621
345
2739
3334
5132
2734
1787
1786
4641
2244
3074
4028
1133
5987
2659
4605
2333
4702
857
6335
7166
48
767
1117
1540
5092
6759
6580
2258
6460
6404
3082
618
1042
1360
4349
3319
634
1068
4324
3061
2528
3415
5408
4320
3070
1119
1095
3439
623
6447
3444
6908
1135
1136
1159
5421
3472
1066
1334
2654
3578
859
4133
6333
721
5280
5942
5329
2771
3871
1494
2753
871
3240
2747
1502
4095
1506
4066
2730
1517
1526
4025
4034
4038
6308
3575
3819
4153
3585
2536
3597
2538
980
3620
7056
6392
6530
3661
3662
5494
6893
933
3693
5647
5939
1446
3739
5649
6217
2822
3118
4158
6551
4358
5979
2071
137
264
4512
4613
263
4695
404
1828
258
84
515
6063
5048
248
5087
5783
401
5111
241
398
5614
4979
2145
47
4472
2425
7109
6098
72
3155
5210
2338
1935
4582
471
3190
5995
5975
124
6074
6071
6692
2032
484
1917
6762
6114
5601
2417
5161
4611
5119
138
395
6057
4432
1668
4428
219
2290
4396
152
6735
2282
6717
6054
7161
4836
4922
6052
2480
5167
4367
6723
2020
5030
5131
312
5121
541
7075
6824
4970
6489
6078
1900
149
5231
14
5017
861
5838
2246
6318
6339
6681
3912
1505
1268
7112
860
1930
1791
1493
5196
2025
6076
7108
1499
5499
6511
5322
6680
5396
3861
6682
6684
6685
7110
340
852
117
7111
4699
346
866
3906
5326
1266
3034
902
3835
1838
236
5869
6706
2139
2138
6537
6535
3569
956
1850
7141
3576
2040
3651
6770
5610
4833
5585
981
5976
1873
1874
2952
988
992
2958
5929
5432
3688
2155
249
4713
1478
7114
120
3107
4719
6150
289
1462
6930
6700
3764
4731
6517
5019
2833
3752
2836
1453
3744
5382
6704
6559
1827
260
257
1441
6552
3691
6687
4649
3810
1072
5222
6121
5084
4196
4192
2577
44
3069
1273
4172
6741
2420
3223
2624
5216
4648
2625
4150
60
4148
6225
63
3060
5910
5688
6107
473
4114
727
2572
6500
5108
7054
2494
3134
5139
1151
3320
5970
5918
5238
1147
6157
1625
1624
4387
632
5285
5966
1622
4327
6832
1960
6918
5232
655
553
1132
6131
1206
2437
2545
2436
4390
1566
2418
5502
758
759
4607
6909
2671
81
2319
408
5052
2685
775
1160
6424
2662
1934
2312
7104
5032
2722
3115
3951
2281
6287
6289
7034
2728
379
3471
6421
756
5558
2369
466
2349
1094
4586
753
2336
7091
1198
6962
465
73
6811
5205
5679
163
7140
5172
3336
6988
1367
1163
3337
6452
7143
3573
2028
1376
1245
1164
3474
1073
2967
3589
4917
65
121
7147
1920
3583
3582
5593
3581
2968
6010
3476
4995
88
2027
3355
6760
2997
5054
1378
3433
6436
3494
6461
1321
5381
3550
1169
49
1910
2038
2985
3011
36
3524
3520
1982
57
5402
6970
3099
1131
3079
1130
