2438
2434
6888
5349
1332
5497
3114
6062
3903
6511
2432
2397
2433
2435
3904
2426
2428
2420
470
1526
2425
396
6065
3116
5219
2436
2430
2574
6488
5938
3901
3906
819
6962
6046
2427
3874
4685
254
2479
4839
5977
5208
3537
1334
5784
1876
2552
6722
6317
6386
6515
6686
2398
2431
6506
5088
3960
6068
1338
836
874
6047
7023
479
477
474
1295
2390
4804
1050
6100
910
873
484
5050
5879
5433
5420
2822
5030
2534
3061
6507
2472
3066
5479
3341
6412
5529
5205
5920
5907
5462
567
5741
2437
3909
6370
3065
5613
6909
4364
4684
1388
4635
6575
71
4800
1293
1139
6772
2706
2829
3068
6321
4863
919
7061
5464
5872
6764
2576
5082
274
3990
1993
6280
4232
3433
6502
2889
2423
6902
5202
3574
6018
6579
2094
2421
4324
47
6883
3439
119
1337
2866
5615
1209
6915
3075
6929
3855
1820
6955
5616
7144
3536
3530
872
215
1236
337
916
5749
5504
3404
4807
6965
212
472
113
2391
2512
6301
4545
6697
4576
4359
5322
2303
6108
2804
3908
2371
6312
2396
6757
1953
2823
6440
6075
6570
2422
2880
4256
6508
3900
374
3657
3695
4816
4323
4349
5207
5366
4922
3731
354
3871
360
5381
5033
4733
4681
4787
4788
4680
3852
3815
369
3969
5210
357
4917
5498
4304
4835
3567
585
2775
2774
2607
2496
5630
2442
6447
2429
6483
6578
2410
2339
2298
2052
6707
2036
832
915
7064
6941
1250
1299
6098
1455
1822
6776
6768
1990
6758
2014
1589
2821
2468
5975
5881
5873
5764
3406
211
3387
3213
5777
6070
6066
5816
3516
2888
3234
3159
1940
712
4682
1957
714
1665
2826
3402
513
4708
4731
1200
1128
4805
1033
941
930
478
3467
843
1503
1959
3296
3312
2807
4820
3912
3875
2944
2678
3998
4189
2670
2976
2514
3872
2991
2999
3861
3062
2424
3816
3183
2140
3763
4412
4473
4571
2000
368
3584
803
214
295
118
201
5761
5745
6484
6940
6938
6573
6919
6917
6643
227
5588
6684
5493
6906
5467
278
5363
6072
5338
5324
5057
6287
5285
6135
7065
6079
4989
7103
6055
6132
10
4959
5595
5562
3053
5486
2779
6690
3739
2308
557
2777
2302
2557
2290
3964
1870
1906
3914
6060
1950
6692
158
6078
258
5367
2131
2136
6693
2031
2286
2411
488
3327
3155
5812
516
5888
623
3141
3299
2461
128
6304
3210
3188
3185
6392
6414
2708
209
3583
2412
222
2417
3539
6137
6572
5949
6514
2767
5724
2766
3982
3447
3092
6222
6774
6069
4475
4238
913
6948
4303
1494
4703
14
4346
5001
7056
5035
5143
6923
1574
4395
4407
973
6927
388
4675
1823
4478
26
6944
4512
6963
5122
5095
4397
1607
312
5121
1772
4710
4789
7121
1666
1780
4176
887
4182
4836
4185
4721
911
7160
1660
1776
4730
2874
7128
2825
7044
845
6968
1016
1189
2471
838
1093
6157
2508
2685
6178
2598
2737
935
881
6339
966
2539
611
875
6
2815
6091
879
7114
1827
1206
1643
2250
2138
44
2112
2090
6706
6731
1711
682
2295
6763
1714
6779
6901
1947
6807
6887
1873
711
1821
1849
1987
6401
43
1533
116
6425
111
6456
1238
6485
1291
6933
6928
6604
6691
6925
2407
1450
6662
6681
6911
1456
1457
2377
6685
6905
1437
4825
4356
5354
5439
3736
4417
5584
3671
482
4450
4453
4460
5645
3551
5123
382
5685
3962
3497
376
3414
375
5770
3307
3812
4365
290
3844
5282
268
3927
4082
4115
5342
423
4187
4828
4221
5041
3902
4228
257
5203
5195
5148
4337
3853
5144
3848
400
260
3237
3519
5309
5874
5006
3064
3119
4808
5914
2996
4997
4873
3110
4996
3028
5944
5953
6041
2994
3182
5967
3217
6061
3232
4841
5857
2962
333
5850
4991
5146
4249
4954
1829
4929
4923
3979
4786
4155
5235
6843
4011
4856
4053
4823
4163
4055
6889
4158
1717
4110
4197
4211
4665
7081
5036
985
4493
4668
1027
4556
5007
1157
4579
5053
1124
1095
1088
1079
1030
4479
965
1244
5135
1408
7050
4995
4705
5125
4414
4689
7062
923
925
1298
1294
4998
1279
4732
5127
6071
1872
3186
2541
3212
6295
2529
6297
3235
6352
6365
3259
5822
6400
5786
3336
5775
5755
6426
6428
3448
2553
6229
6188
2675
6073
2964
6052
6081
2997
2813
2809
6097
2805
6457
6099
6040
3072
5924
2721
2709
3112
5917
2684
6177
2800
6518
5673
5666
6740
2012
2011
2004
6762
5352
1992
1991
6765
3898
5340
6805
1951
3911
1949
1941
3959
1933
6817
3961
3910
1848
6698
2120
6603
3582
3585
3586
3652
6649
6668
3700
5466
5369
5463
2300
5428
5412
3841
2277
5399
5384
5371
2124
2301
2883
0
114
204
386
40
39
666
365
329
64
370
152
151
485
208
391
2389
6811
110
2394
6823
3878
1432
1421
1438
3010
383
2998
5284
2773
4513
3486
1067
465
3485
6205
1061
4994
3854
4492
4990
2257
3018
3001
142
147
1458
1453
6903
1497
1499
2686
4712
2418
3967
5356
2681
5362
6012
597
6916
6004
1509
991
45
993
4462
1393
6861
4958
153
6868
1874
3392
159
3936
6059
2703
261
3037
3380
4468
2058
6228
2370
1976
1247
3702
5089
569
1263
6480
2858
2332
2333
3580
6459
5196
491
6430
6500
562
6609
6503
1201
93
6541
3667
6532
3631
5124
5132
6516
367
5142
1233
6602
6504
3688
6607
1909
2024
5075
2812
499
5038
3513
5034
363
2050
362
675
1094
5232
2784
6230
4419
3817
5222
2947
299
1331
473
1296
3738
1133
1132
1944
4549
570
2033
5065
2963
6695
6699
6700
6704
3769
431
6892
7055
7083
5469
2571
7082
4857
7072
2202
4181
877
2137
2671
4180
7047
4847
7043
2593
4772
4162
5772
5776
203
1619
5785
5801
6997
5802
3321
