2480
4429
1511
1516
5049
1810
3475
6894
5986
4428
4488
3477
5042
6875
2483
3474
1517
6898
5834
1512
4426
1783
1042
4411
4421
4425
2481
5500
4577
3481
6767
3472
3476
5048
6364
2485
3252
6850
6874
5013
6576
4484
219
1043
1834
4476
6481
1041
5044
5836
5180
5981
4624
3478
2788
5207
6945
5308
1902
5214
2811
2505
4422
1813
6873
5146
3518
5842
201
3040
3588
4423
1623
4532
3244
1158
3945
3883
1048
6763
3471
6870
5987
5031
6234
5824
213
5129
1049
3777
1046
6855
6032
1062
6765
4050
4424
2203
3896
3097
7063
3174
3048
4815
4856
7060
3270
6487
1241
2240
7022
7120
3171
57
930
3001
3844
4467
5045
1300
5144
562
6807
1240
4988
206
578
3176
2242
1624
4753
5344
3347
2361
1816
4854
5871
352
2791
1904
4455
6925
3310
200
2243
3881
3885
6879
1239
3947
5160
1306
5111
1381
4981
6409
5337
6464
2247
1066
6557
3940
6118
5431
6029
334
1910
1916
1917
5630
288
4059
3995
3966
1047
624
5947
3504
2414
3313
2938
2750
3243
6979
3344
2748
2383
2378
3118
1067
1861
4334
1064
2109
2110
3880
5043
1059
3506
3897
6734
2472
1032
1812
3884
6324
4307
2092
1930
3045
4124
2452
1290
1987
5225
1198
1994
1178
2000
1292
5291
6166
51
1307
2969
2029
6951
1309
5108
5395
6283
5102
5100
1069
5432
1938
2246
1510
5622
7024
5921
3179
5648
4470
202
5848
4828
4982
6538
7017
2827
5767
1626
6030
2305
6035
1453
4910
738
956
2379
954
934
5985
4638
3772
1627
5961
3315
1936
3101
3258
1297
1914
4574
1919
5159
6527
5147
6473
1911
6470
3340
4822
3343
5033
3319
5035
4858
3314
2484
6414
54
4461
6320
4339
4463
2580
4855
4852
6556
7016
4279
6678
338
4479
1900
1901
4774
2444
4654
1073
6931
2698
6944
5988
3589
1060
3586
3581
2245
5413
3887
207
208
6860
2753
3757
2164
5433
901
7140
5528
6081
937
5563
3964
3980
1068
2680
5217
3661
704
3038
4185
2003
5311
6169
2020
181
5331
4051
3673
4195
6914
2964
5872
3275
5964
7068
1508
1653
1507
4715
5623
4780
4857
6480
852
1591
5742
4851
5989
2757
4756
2817
5829
4776
5925
6038
6208
4859
1093
5377
53
6150
1308
5339
6161
1192
6500
2633
3007
574
5149
6223
5164
5194
569
5396
5080
2939
1061
1500
6041
992
6394
6381
6207
3147
3119
67
1386
1033
3107
1039
1045
626
56
7128
2936
1031
4986
1807
4263
6930
3963
6878
6876
3779
6559
3410
6766
3812
293
153
3847
2162
3889
3312
4427
3473
3894
3338
6999
2142
6997
3935
6943
4018
4419
6947
3949
6804
1787
2454
2375
4378
203
4255
3771
6922
1670
3587
175
6928
4274
3764
4502
4615
7026
6882
2250
308
2520
2320
179
3686
7088
1912
2451
1915
7084
3997
2021
6957
4205
1931
4651
6762
3041
4214
4133
1246
287
1255
1194
6768
1935
5161
2684
5307
3444
2419
4636
3982
2220
2752
5607
2363
5998
5692
5714
835
7152
2273
2859
3679
3674
2300
6908
932
936
939
5565
1076
2104
3933
1053
2933
2918
3891
1096
2883
995
2749
5508
3840
6049
6934
5562
3494
2736
38
2502
4438
6416
1755
4432
6406
6235
4882
1470
2497
6392
4964
1427
1423
4985
6362
510
1795
4464
1382
4465
464
85
415
4718
3273
4530
4528
442
6528
3619
1708
1542
4821
6550
4850
6551
77
6423
6422
4397
3623
3102
2619
4268
1806
6675
6683
52
1303
5126
5039
5071
6671
3379
5585
4818
5577
3765
5586
3251
4812
1927
1797
1881
3560
1248
1247
2511
2644
1875
3224
2650
951
1736
2380
4826
1707
4770
2356
731
1638
1625
2312
3277
1302
2297
1622
3676
770
2826
2835
1282
4253
5831
3297
4728
2267
2758
1281
3271
2249
4755
2470
4254
4517
5558
5653
5830
4215
971
5532
2105
730
1986
3175
4416
2093
2091
1789
2418
1091
3143
1097
2069
4989
5010
5012
2026
4052
1388
5040
5323
5316
5314
1804
2686
5288
5297
1819
2115
4950
4944
4101
4447
3042
5504
2187
1758
1005
5469
5437
4435
1505
3848
5430
5535
2471
2506
3486
4374
2746
5198
4899
2895
1473
3485
4183
5047
5213
4942
3502
2456
3584
6730
6496
6455
6939
5972
7037
700
6084
7082
6600
58
6408
6330
136
191
7070
6781
6965
281
188
6201
6796
6562
176
35
6973
500
6915
5951
6383
577
6034
6485
6411
6611
6475
627
333
218
6468
7165
6714
6877
629
331
7065
621
6938
447
6019
4915
225
1172
5269
4752
1474
927
2102
6398
6982
3212
1471
3946
6991
5567
6526
3819
3345
3093
5271
4924
5294
3227
2453
2059
4960
32
6787
4777
1203
2682
2458
7105
6788
4773
4947
6011
899
2302
2209
1188
4794
5611
3017
4929
1084
4928
4922
5295
4720
7009
4842
4666
3279
3140
3892
5472
3145
4680
4687
5466
3262
4709
5345
6114
6864
65
4710
3245
6111
1098
3882
3873
6104
1621
4716
4717
7075
1479
3136
4655
957
6048
6902
55
6051
5405
4885
4883
1678
2213
3724
651
2144
3775
1506
3839
3117
5330
5509
3302
4618
5335
1545
4637
990
198
5321
955
4955
1070
1384
152
5868
4346
6254
1385
708
6961
2005
5778
1971
151
5773
2778
5076
5165
6256
1387
1829
5170
7129
3526
4377
1817
5876
5172
515
1853
5054
4314
6321
2872
1868
2405
3555
7145
5072
1283
2408
2851
2401
699
3482
5046
2755
6325
5827
5983
150
4330
3567
1882
5833
2730
4057
6764
737
4257
7122
6692
6311
868
504
4275
5120
4204
2954
6305
865
3621
6718
364
5103
501
859
1321
5113
3419
4983
2935
1906
2829
4267
1781
5127
5174
5669
2339
2449
2337
2335
156
3512
5712
568
6760
2439
2930
7126
870
5923
862
6140
7044
212
5065
5107
2389
607
