413
5188
417
4710
415
5671
410
5183
421
6432
5187
5181
1993
6243
419
5182
5184
418
6717
420
6463
78
4712
1025
5186
428
6241
6447
3656
3653
4716
6139
4866
48
2887
43
6244
5857
5875
4074
677
713
228
4152
3075
2091
5759
3977
3965
6822
783
5674
83
6715
138
1404
411
412
3627
3871
2283
5775
6211
3655
5644
3436
1028
4719
424
5175
5918
5341
2884
402
4000
2724
6995
4778
1092
4901
6438
4972
2332
3605
4151
861
4172
3651
4177
7110
462
4150
6442
549
2369
3856
6896
4784
2475
4962
734
721
2532
6502
4066
6069
5950
4136
2009
6514
4740
4516
1805
4303
5609
887
5498
422
6110
5494
5673
6111
2764
6115
5911
6719
2318
88
2467
831
5402
6693
6242
399
6086
4358
403
3979
2188
4968
458
3063
267
6681
3111
869
852
1252
4060
2370
1013
916
1158
1021
6899
2650
5163
1151
2351
5474
414
6431
4250
456
2885
2598
4524
5332
1728
5690
545
1841
5396
4965
5495
6318
79
2870
44
1753
3448
453
296
6258
2386
2463
5635
6688
3852
3112
2469
6137
84
3339
816
5885
1029
6718
6149
3061
406
3226
3972
4797
5177
6353
5189
840
4840
5160
5936
5492
49
6435
3657
2676
47
5146
3166
1449
3650
6145
6443
3555
2352
5275
2536
3172
5151
4395
2461
5328
5231
1483
7028
199
2301
5962
2359
3916
6065
6553
5243
2526
976
6736
2628
2715
1152
5861
290
2058
2055
2743
2705
3069
4870
570
4181
499
4139
5938
6983
6892
4864
2670
6861
6990
717
475
474
2663
726
4849
5051
2389
2727
6996
5079
4902
6127
299
2464
1293
918
2217
5991
2211
2875
4697
110
5711
1575
2880
1133
4462
1370
1097
1608
3418
3519
1845
2287
6439
3624
7112
3638
2624
5323
5274
1458
1847
1273
907
5993
6517
6434
2797
1609
1611
1132
6685
1026
1964
2517
5970
992
991
5475
265
964
962
947
6228
5499
921
6731
3330
5171
6713
6694
3825
3386
7131
1652
2093
6706
5366
2888
544
1601
551
6247
6240
4178
2882
543
1659
1757
4920
6364
3542
3291
5510
2465
2877
3046
3011
541
1851
6512
4170
1145
6192
728
5561
3123
1090
6829
6689
5076
3076
5237
805
6712
1027
3969
3968
994
2337
2753
5157
936
5150
5782
1371
5240
2080
3620
3635
5279
3047
5278
3652
3659
3663
1898
5939
716
1900
1202
2720
2721
1997
684
5614
6555
2296
4065
4064
6889
1950
3016
2533
341
193
4717
5860
7118
250
2660
2528
357
398
2610
119
292
7160
5864
360
40
2664
72
312
4526
7115
7045
4656
2591
4878
2478
113
5963
5996
5889
1562
6687
3683
3435
6368
2437
6738
2169
1670
2903
1655
6340
6515
538
3383
2499
1253
542
6842
2304
7066
5959
5898
4860
7127
2198
6741
97
6722
2871
368
3561
4529
4801
6895
2508
5745
4519
3590
785
5178
6704
6702
5779
3810
7114
4132
7113
2251
6901
2874
1033
3551
1015
3670
1533
5173
1019
117
363
86
1441
2396
4159
1488
5343
4861
6869
4746
1448
1445
4571
3872
5817
5476
1189
455
7043
6157
2597
295
5585
463
6085
465
2719
6084
5880
1897
2406
1125
5254
6772
5134
1955
416
3071
6992
2377
1147
427
3013
3036
3044
803
2303
5901
3744
5877
6136
1987
6999
3962
2787
1137
6994
6558
450
3173
42
1860
1779
1778
1775
6250
5497
5496
512
6253
70
4935
2148
1747
5487
646
4460
6482
1094
2393
2923
3177
1787
2722
6866
3919
1846
5263
4886
1852
6068
6218
5866
7144
3231
7032
6061
4875
746
4041
1206
1842
5185
5895
4465
1126
1104
6683
1098
3782
229
4290
4420
865
5956
3921
855
5131
6773
5128
6775
2366
6776
835
3952
2490
3955
3959
305
3974
4360
6813
5143
6690
2745
2747
5174
6098
2505
1024
5784
3829
2765
5787
263
967
6737
7050
3868
2749
925
924
915
5957
2496
4385
5234
2854
5239
5539
1829
5664
1801
1795
3234
4612
3239
1773
1745
6257
3270
3287
5865
5472
2559
3359
2184
94
5420
5419
6356
5704
1843
1856
1858
3171
2059
6100
3030
2008
2005
5593
4655
1996
6138
4645
3068
5888
22
25
2985
3079
5632
3108
4675
2108
6204
5548
6078
6074
1951
1159
6046
6365
6465
3610
2538
4522
1284
6507
1257
2529
2274
1244
2277
2280
1217
7087
7085
1210
3717
6550
3731
1187
3734
2794
3749
3609
7117
6461
1384
4694
5401
5708
6029
6371
114
3438
3442
3443
3447
1535
5862
5399
6390
5345
4560
5713
133
3544
3554
6449
3573
3583
6458
5393
315
2771
4158
4301
452
781
454
598
5070
596
460
685
2421
2707
4038
4080
4040
4904
5933
5024
5026
514
723
5818
722
530
5072
493
2675
4960
4260
4069
6950
4908
378
2476
4350
6890
4098
641
5007
4974
640
5863
5417
5416
1606
1600
3402
714
333
251
711
5907
1248
6044
1023
6846
249
554
2504
1573
558
3738
337
347
4175
540
335
539
1651
5920
2292
1219
6534
4401
6532
4808
6285
6522
968
6733
6962
5884
5929
3317
4949
2162
5445
2278
6323
260
1673
4976
2171
5930
191
4957
257
2179
1644
6710
2804
1332
6440
1102
1304
4128
4728
671
5233
1150
6448
1108
5319
5198
5772
1439
6455
5739
2246
680
3604
678
3608
2477
5747
3617
4130
675
1333
1139
2627
683
7074
1296
366
5400
116
5382
6699
3676
6695
5760
5180
6399
5374
5347
1497
230
2263
1770
6506
5997
1486
688
5716
6682
6680
3536
130
2710
5273
1291
5892
4792
4845
4993
6977
457
4028
5590
7044
853
3105
3114
2105
4679
2361
5557
2109
4628
3143
3154
2358
6196
6199
6080
6076
6209
3168
2494
6754
479
1862
2391
4256
5543
3939
6777
2090
3949
3015
5608
2056
2051
2050
2487
