6902
6943
6903
6944
6925
6915
6934
6947
6922
6939
1388
2823
6933
6931
5872
2686
3312
6905
6917
6906
6919
2000
6938
6122
2826
6968
2825
6928
3310
6916
6904
3314
2829
6914
6920
1932
1936
6949
1933
6923
2822
3100
6927
5439
6913
6234
1935
6941
6321
3313
3504
6921
4989
3315
6924
5658
5207
6926
1900
6948
2004
1939
5434
6911
6929
3410
1700
6918
2681
6912
5526
5879
6807
5195
5196
6932
5529
6901
1173
7128
5831
5829
6751
3364
5816
152
6395
3758
3319
6908
6397
1106
6937
2684
6945
3107
6910
3584
6962
6965
1622
1624
801
3316
5654
3848
1937
202
2631
3441
2481
5665
3516
131
3101
5168
5143
4842
4654
4204
3362
6767
4066
3896
4923
1068
5370
2949
1382
1815
5792
3753
3754
3755
1928
3764
5657
808
5577
6108
6287
7144
4607
4715
1629
1625
5180
5194
1976
5825
3088
2625
2820
2827
6930
5838
3232
5344
6909
7148
1906
1876
1073
4790
3982
6295
3109
1702
4651
802
3212
4650
3133
4182
4562
4206
6556
751
4444
7152
4481
6137
5331
6222
1941
3367
3345
5433
3581
5278
3365
5924
3363
391
3695
6414
3447
6030
5222
1456
4517
4513
1044
6035
6034
1665
1064
1623
5179
6868
5144
1393
5141
5080
1653
4999
3
235
5573
214
3446
3460
2667
2235
1947
1944
2252
3522
3580
4450
3587
6112
6120
6695
2815
5874
6789
3763
6940
5588
5985
807
201
5987
2470
206
4168
7141
5989
1282
3407
5666
5420
5812
5957
404
5842
5436
365
357
3361
5160
998
3188
1066
1077
3063
2796
1203
2449
2444
1239
2008
2003
1949
1931
1772
1669
1371
1666
1384
1621
1586
3325
5191
3340
3444
5115
5007
4929
4922
4786
4564
4458
4360
4160
4155
4138
3921
3914
882
901
3672
3633
3586
3518
3472
3469
316
6060
4530
69
6853
6839
6471
6464
6416
6526
6824
6787
6316
7075
5
7121
445
2759
5587
548
6394
1934
5163
5626
6900
1930
578
2946
5044
1333
5037
5220
5553
7104
5263
447
7034
2249
5460
5456
1237
2295
265
2001
6330
5291
3045
6969
2637
1999
2703
5005
4996
3066
3475
3502
4485
3513
3529
738
741
176
962
6722
4337
6697
6696
3772
872
803
854
4012
3588
3065
4577
4664
1873
4993
1069
1067
6831
3134
4859
4857
3368
4854
136
3175
4833
3217
4735
4729
4712
3318
4851
5670
4073
5676
6133
7136
1707
5834
5994
2
1370
5836
6129
1620
1390
5851
1675
7159
1394
307
1810
1557
6121
1472
1
5824
6178
6038
5711
4858
6406
5187
5822
5873
3068
7157
5820
2753
4967
4855
625
1391
2752
2750
5223
6843
4077
1660
2821
6936
5113
1124
5119
2872
6155
580
2879
5048
5146
4852
5042
5162
2997
3004
5022
1084
3061
7149
5001
1024
1396
4422
6724
6033
6557
3649
3660
6707
6698
4275
3759
4195
4179
4176
309
4164
204
314
849
4129
4011
841
4053
4080
6031
5876
4426
4448
3186
3190
4797
5239
139
6820
6800
6788
7160
4685
150
226
6778
6768
1589
3417
3443
3474
219
1574
4465
932
1570
4443
6960
1070
3859
2615
7106
6280
1870
1187
2589
5336
2126
2127
5734
2208
5617
6325
7130
5431
6297
2247
6215
5443
7122
1681
5446
2322
2023
5680
2301
5669
2632
7137
5574
443
1872
5781
6961
6220
6263
1701
1031
4264
3207
3519
4792
5479
2230
218
763
2246
6827
6759
3182
4462
3752
5877
1684
5462
4451
3543
5459
7031
4207
6558
7139
1778
4828
3295
6016
2198
4632
6771
946
6536
3402
170
6772
4425
4412
966
4417
963
6756
1979
4588
3297
1575
4653
3511
5955
6786
299
6782
3506
4652
1942
6779
5523
4662
153
2002
5525
2069
3360
3530
6230
627
2633
2636
5069
6609
5065
3912
4103
120
3895
3894
546
5819
2757
2772
5338
1874
2835
2784
5659
560
2788
6161
5166
2790
367
6228
3932
1192
844
5830
5101
2828
848
4101
5653
1453
6847
3071
4187
6127
3816
522
4963
375
1065
6641
2688
4062
823
6840
196
3850
2991
3853
2733
4016
7007
2454
6574
362
3028
2739
6604
7132
5410
1904
5427
3854
3040
4038
3546
1995
4030
846
3553
7123
3583
1817
3757
6692
6693
1474
3774
3751
3735
1902
3732
1517
3873
1548
3891
3668
3661
3892
7117
1784
3648
3898
6715
3614
7109
1526
1782
7119
6690
64
3526
2553
2549
1107
2897
2914
1657
6864
2542
2878
2476
1088
2438
1381
6859
2435
2434
12
1871
2443
2564
1668
2607
2682
2680
6957
2707
2709
1174
2748
6963
2647
1179
2766
1664
7145
2774
7143
57
2778
2782
2795
126
2412
2408
3082
1663
995
3337
1276
2036
3387
3406
6764
2031
3419
1279
965
1685
6762
3464
2017
1577
937
3521
4
7094
7161
2164
3097
3102
3104
1392
7158
2256
1366
3139
3140
3158
1397
3185
1030
2245
1628
1022
2204
3306
3308
2143
6785
6043
822
4781
4710
5337
5630
5464
4689
4078
4802
4687
476
4238
4548
519
5104
4197
4835
5451
4666
579
4463
5740
6546
5064
4313
5145
217
5509
4475
5237
5522
4437
5508
5533
5505
5550
464
6364
5200
6551
5571
5197
5575
6238
6419
5579
5280
5486
5773
5074
4850
595
393
5855
6123
6320
6115
5408
4631
5030
5401
6110
5009
259
329
508
4087
6019
6022
6081
6037
4998
5039
6576
6513
5835
5777
4856
5784
4661
5787
5788
4166
6128
4163
4865
4474
4158
5795
5054
6531
5789
364
2661
5333
5285
2593
1189
5288
5310
5266
5287
517
5282
5272
2665
2673
2797
5261
2870
5075
5063
587
1100
2947
5049
3014
3015
3031
5031
3044
3060
5006
5003
6484
3067
2852
5262
575
110
5254
2696
5232
5218
2741
5198
2768
5158
2789
6468
2791
2799
239
6942
569
5114
90
5109
2552
2250
6327
1706
5761
1811
1812
400
1827
1850
1860
6219
