6901
6932
1944
6919
5785
3414
6909
1947
5877
6546
5879
3468
3461
3259
6904
1942
5802
1940
5852
5878
441
6926
5873
2004
1948
6637
6903
2740
5850
3467
3390
4101
3909
5817
3023
3028
3976
1949
2006
3464
6949
6902
5799
5815
4395
5818
6916
1651
4712
410
6917
1654
6922
6877
118
1147
202
3459
136
5780
2926
2472
6905
5644
5801
4710
3462
3287
3469
6960
3563
3076
1681
5782
2325
3109
5787
5781
4098
4960
6375
4475
3024
4392
5800
6577
65
3088
6038
3906
6911
6039
3465
5520
6907
2452
1946
4609
5529
4860
3755
6940
4074
6920
3418
2000
4261
1937
5959
6396
2015
5445
2885
5550
960
3102
6927
3104
2924
4947
5168
6341
3904
2435
1024
6941
1941
6000
4717
3663
6948
204
6551
4903
6390
443
6923
3385
3778
3079
5812
6103
5771
4294
2008
6912
2269
5816
6936
2184
2009
5196
4130
1296
4711
6584
4132
5163
2927
5738
1653
235
2002
5814
3902
7141
3441
6780
3044
5551
4566
6930
6745
6127
6772
6532
5475
3008
3646
3027
1061
1064
1441
4252
1656
2636
6607
6001
6609
4273
2593
4271
5874
2181
6910
935
2742
5665
6915
2192
3565
5322
943
5651
5192
635
6968
3428
5859
5197
6543
357
2848
3444
3447
5846
315
1449
2847
6963
3982
948
6843
6322
3086
3984
4323
5650
3082
2632
2638
3072
69
5658
4974
3966
1145
1143
6122
2293
3940
7145
2997
3003
5524
7161
1077
1157
2204
4661
5788
5664
1334
4136
6853
4135
3100
2183
374
6382
3985
6029
6447
124
6031
2194
4129
2196
6026
3312
5452
3207
713
3849
1684
5659
4485
5325
6741
5450
2683
5495
4659
6725
5490
2823
6694
6641
5656
6918
5655
5654
6924
4398
2634
5808
3281
2635
1890
6623
2815
473
4010
6685
1655
3408
5314
727
3924
966
5857
5858
3460
2251
1402
3463
2958
1307
2477
4830
968
7139
3823
7029
6484
7048
5198
4949
2991
5190
34
3083
1128
4715
3692
872
3042
3458
3078
6935
5996
3066
6373
2539
299
6938
5829
5854
2001
7
3120
2436
4139
3071
7144
3075
6962
7131
2686
1189
2454
6965
6724
4422
1586
4863
6023
3108
3048
6350
901
3996
2432
6011
2782
2185
919
937
6689
3068
1818
3061
3959
7117
7135
5612
1187
3284
615
3665
976
4836
3978
969
446
2392
961
1208
5011
1683
5409
1685
3091
2191
6778
6873
6371
6946
1349
6520
778
7002
1050
2822
360
3185
3029
6473
2016
5486
4904
6908
4080
5239
3425
3025
6967
1411
783
737
3454
732
3921
3774
5167
5769
1459
312
1910
1124
5336
3123
4147
1915
2301
3504
4293
6883
2706
3022
3841
4297
3416
721
6523
4138
4721
2003
1341
5807
1072
3060
2733
1682
4177
4517
2703
1048
536
1021
3316
1729
1115
1125
3045
1707
1069
1149
5819
6102
4021
4149
1300
1308
5955
714
5792
1331
1345
1356
729
5803
4327
4099
2868
6493
6496
6508
1478
1428
4060
5990
1151
6370
6621
6279
1652
6085
1178
6680
1185
4453
1623
6650
5653
964
962
950
6034
5657
3089
1225
3988
4272
1456
6351
6606
3912
3021
5448
4603
5439
5155
3570
2207
474
4747
2198
123
3890
5502
2179
6876
3763
2197
3903
4745
6942
2267
2262
7110
4766
2257
4975
6834
4573
7127
2007
2631
5434
6947
4601
4972
2537
2266
2667
2671
4626
1928
1943
3426
6771
6906
4901
6779
5482
5479
2323
6782
5483
5261
6900
6783
144
6992
5076
3128
908
6608
3254
2808
1286
1901
5328
4281
6003
5281
6934
6064
3989
2442
7042
1191
871
6931
4146
2264
5308
3443
1303
6527
3087
1294
6583
6872
5795
6021
4066
4608
2580
3219
2829
1244
5820
6889
140
5054
6589
5252
3452
1433
6603
109
6326
5740
1251
2821
3213
6867
3406
2461
3527
6556
2195
5775
5002
4335
7119
4600
1106
7149
3652
1802
7146
1677
193
7143
237
3363
3046
2265
1809
4674
6806
6688
3656
6717
3822
4478
6222
5498
5492
1076
2329
5187
6742
208
4197
2897
2707
2711
3016
3012
1347
7157
12
501
1784
1068
4564
2995
6660
4951
3668
1144
1817
6656
4291
2018
49
3672
4973
5421
1604
3859
5153
4251
2268
6113
4292
5099
7025
1140
1401
5441
5443
4296
5872
2021
6498
2105
5922
4729
5953
5920
2919
4741
3733
7021
3533
3160
4765
1304
5166
1302
7023
1293
1346
1339
206
4714
3125
203
6383
201
3522
5164
2688
5089
2994
1028
3658
4180
1025
4944
1023
1132
2291
2992
3664
4175
1139
1013
7133
35
4861
2299
4942
7164
2
6185
3640
7159
6157
6153
3670
6151
6218
4939
3651
2303
2998
1121
3654
1100
5092
4235
3069
1223
6030
132
6340
5056
2430
2431
3105
6008
907
1259
5079
902
5080
3115
5037
946
3691
4800
4254
1186
2260
4838
86
7100
4833
3676
4826
2238
963
4993
96
7091
7089
2058
4825
3690
2515
3485
5732
3851
6861
1892
6858
5363
2596
1374
2789
5693
2784
3853
3854
2597
6632
3856
2788
1540
6604
4604
6899
726
1932
2833
1497
6565
6574
6878
3850
2582
3409
6590
2825
5772
4606
4605
5343
3986
363
2600
5400
3945
3900
5456
6789
4545
6721
1692
5597
500
5555
5554
2665
3929
2710
5474
3908
5557
2739
3962
6687
4577
5427
3983
444
2633
1620
1835
1624
6827
1627
1632
1638
1825
3878
2639
600
1814
6846
733
2332
5889
3183
6929
6933
2531
5249
4356
5272
5886
5265
6482
1444
764
3180
6939
4669
4071
6522
1431
4684
3168
5891
231
746
5810
1953
6921
3456
3457
2029
5319
3821
4336
5805
2530
4638
3427
4361
4557
1657
5876
5157
5952
5446
5957
6123
5630
2745
5162
2864
2528
4299
1637
1834
4945
5160
1628
2988
1832
2031
1945
6137
2738
1701
1348
2322
5185
4516
1721
1697
5191
6179
5542
5471
1773
2872
5533
2668
6149
2308
