6904
6949
1937
6931
6941
3046
6942
3044
6911
6900
1282
3107
1655
1286
6908
3047
6902
1284
6034
5657
1658
6543
6927
6914
2325
6916
2481
6924
4601
6921
6922
6038
5445
1652
2633
6938
2324
6120
3049
1441
3109
3102
6122
3104
4285
6944
3101
6937
6926
2004
6031
1653
3105
6901
6919
6910
4604
1472
5520
6935
6928
5439
6930
1932
5446
3043
2328
1433
5443
2632
1933
1449
6461
4029
5907
6943
6905
7127
6903
4022
6558
5656
6929
6920
1430
5651
6933
6932
6030
4602
6947
6545
2003
2745
3758
6397
6923
2738
6948
6527
4600
443
2322
5658
4135
5872
1659
5223
2326
6925
4028
3281
6940
2686
4455
4453
474
1700
5747
4591
700
5653
6469
6909
1651
3753
6127
2000
2002
1448
5573
6637
2740
6962
6917
1128
5650
5812
1443
3108
4608
3447
5816
6912
3443
5441
6936
6546
5575
4025
6934
65
5789
1900
5879
4904
446
4136
441
7145
4020
3048
6033
6789
2267
5959
5819
3441
4841
1684
5456
3088
2823
202
6001
5222
5665
1437
4989
6832
1942
4603
2788
6701
6939
5989
5877
5829
3040
4872
3755
4196
3023
1129
4192
2323
3042
4712
3316
5458
6895
90
4273
2452
6906
444
3310
5553
7164
3045
4021
1701
4258
3469
3385
3314
1068
6767
6395
3313
3448
6785
2435
6003
5846
751
4840
6526
3602
588
396
4842
2005
476
5652
3100
2822
3525
6464
5002
4595
2475
4835
1683
5769
139
3472
440
4198
6522
3754
5768
5196
3752
1692
5182
6584
445
6039
4271
3932
5163
1388
1439
2238
4607
6108
1682
3986
951
4139
3522
3410
5654
2759
5577
5825
1477
6907
2586
7030
3288
6918
2472
235
4664
2530
6968
4280
3286
2742
5597
4860
3267
7136
4669
7141
3312
3315
2700
5554
2436
6807
3553
685
3082
5258
6945
4879
406
6594
5873
4710
5239
5237
5453
779
2329
6531
5524
5552
4195
4190
4426
6320
2711
5550
1073
1474
5509
1476
3976
1479
5781
1095
3955
2847
3933
2878
6872
6498
3896
5595
6520
1514
2879
3041
6715
4297
241
3452
5669
1440
2194
3188
3450
4661
3280
4259
6778
6824
3319
3287
5859
5957
6806
4631
4277
1707
1021
447
1017
1016
449
6725
5180
7139
4876
5457
3027
4875
2483
1706
6540
1873
4758
5044
5961
6394
6036
5434
2597
1032
5785
1934
299
5479
5659
763
3988
2815
5470
1947
5490
2826
2827
4264
4609
1967
4845
5969
5655
5824
3436
4101
3906
7128
2637
3449
5047
5452
3459
953
5238
6315
2430
1458
2667
853
3587
4361
4261
3269
6850
4577
3103
1811
1810
5049
3511
2179
353
1807
3106
5448
3529
4151
1695
1930
5749
3318
1121
6335
3772
6713
6771
4715
3764
6915
6337
6028
5450
6566
6331
5874
248
6115
3387
1870
1442
6768
3982
3987
1382
3989
269
3323
1317
778
871
1693
4004
2664
4157
1898
5087
4182
5571
5968
2628
4193
4023
1384
7147
2668
7161
6137
5071
5574
618
516
6677
1931
927
2082
3268
2444
3751
3455
403
4548
4543
5451
412
4717
4888
5811
140
2016
3774
5188
6689
2432
6857
2183
4276
3520
3521
5855
3526
4878
365
1436
5268
3095
3582
6883
6843
5728
1226
1702
5381
5599
4931
5912
2265
4967
3290
6081
4475
6467
6465
2798
1681
7045
5782
6449
6447
6204
3284
5699
1280
1107
1171
707
3024
4774
314
669
602
5592
4541
903
5187
6037
1022
4836
1279
2882
309
5005
5529
6089
4867
1475
1478
5930
754
750
4877
5951
4662
4649
4648
1445
4641
5966
5967
1575
4606
1605
1432
1431
4555
1624
4901
4532
1656
1696
4425
2069
4421
2212
5709
6686
2192
6975
2965
947
2939
2934
3528
1225
5725
3457
5263
2123
1020
6623
3615
5587
3646
5745
5232
2885
5227
7017
3850
6632
1108
3451
3446
203
3160
3252
3260
227
6831
3282
245
249
1127
251
3311
265
267
5644
2457
2321
5676
6913
6741
1116
5693
3418
3420
5427
5625
2235
6877
1099
5204
2007
2758
5792
7091
2741
34
4079
6338
2710
5092
1841
4191
6287
2869
5080
578
5810
1064
2696
6214
5817
5040
5038
2695
5020
2669
6193
5559
1903
1890
3941
3878
3899
2868
6506
3903
6500
1274
5184
73
3928
2825
3930
1969
3944
2431
5780
1287
500
1955
1939
1953
3965
1944
2598
1024
1111
1029
5472
5449
5570
5882
5637
5878
1066
5579
1188
5666
5774
5775
5777
4968
1288
5181
5794
5168
5116
5115
5099
1335
5070
4998
5815
5030
1371
5842
1415
4903
5200
5447
5680
5689
5431
5701
5420
955
1176
1446
1179
1204
939
932
5734
5748
5207
5762
5763
5011
1460
5083
5895
411
4871
3750
391
3656
2099
3595
3586
3581
3563
3562
2184
3504
2188
6672
2190
6723
316
3442
6551
2019
419
421
4057
4055
4049
6398
3985
3984
1935
1936
6460
3431
3964
3931
461
3921
3918
3907
452
3891
2008
3873
1951
4066
3389
3337
2891
2888
2886
7002
2872
2821
2580
7053
7062
2782
2749
2615
7097
2736
7121
2638
2709
2706
7146
2892
2904
3025
2480
6775
2327
262
3306
247
6820
243
3262
219
6751
3131
2425
2439
3079
162
3068
152
131
124
6946
6853
1876
6589
4035
5947
5950
4668
4360
4666
1547
1650
6195
4644
4411
4640
4422
1565
4428
4432
4636
6155
4507
6046
4539
4542
1628
4564
4279
4501
6123
4444
697
1583
1574
4611
1691
1772
4392
1817
4219
6316
1470
773
4078
4100
5934
1818
1783
4848
6256
4147
4262
3075
2772
1609
3071
1435
4566
3066
2456
2705
1122
2446
1611
4563
3085
3120
4547
4886
4544
2661
2693
3295
4536
2681
4849
1065
2717
5454
5475
1532
5482
4759
1540
2804
2746
4667
5460
2875
4837
4659
3058
4846
5459
5516
2531
5519
2639
2932
2936
1069
3028
2478
2603
4874
2634
3321
5164
1654
2015
5199
5045
4278
2024
3848
