6905
6939
6926
6934
6922
6919
6943
6925
6944
3312
6938
2686
6916
6914
6933
6920
6915
6931
6902
6947
6928
6903
6924
6921
6929
6904
6968
3100
5872
6923
2631
5434
6911
1388
6122
6932
5195
6900
2826
6906
5439
6965
4607
6910
3310
3316
2681
2823
6120
6913
6945
1936
6927
2822
3314
3109
3101
6949
3086
1928
4989
6917
6234
5490
1937
5665
2829
6948
4481
2825
3502
5657
6807
5196
2820
3460
3107
2481
2000
6918
5654
5829
6930
5825
3319
3516
1933
5658
1106
6587
6941
2684
1701
1900
6901
2667
5101
6034
6940
7132
3084
1932
6962
3088
5989
1371
1906
6912
6546
5491
3313
6321
3504
5207
3290
6937
5650
5197
5526
2949
2579
6853
5099
6908
4990
771
5529
4315
5659
4993
5005
1653
1944
2262
1441
5456
5651
962
2815
3045
2696
5194
3288
4012
5450
6637
5282
2266
1
6722
4790
6295
3660
4206
4661
3982
1941
4992
7161
5666
6395
5436
5879
4998
6963
4179
6824
3447
3362
5
6751
5443
3082
508
3340
6724
2269
6936
3469
1396
3472
218
6030
5994
4831
3764
235
3533
5792
7164
4999
6129
3664
3667
1930
3083
362
5623
1032
1031
5006
6789
5285
5653
2375
7139
7128
6907
4412
90
4996
3044
3137
2207
1282
4337
3023
5314
3318
5263
6536
3085
5448
153
3370
5452
5445
2002
176
1044
6641
4160
2208
5820
4548
923
5064
4995
5087
5191
2566
580
4066
4879
2444
4087
5816
2632
5009
4135
5008
5223
404
5007
2578
3933
3915
5335
5818
4275
3047
5000
6543
2408
6471
3389
1449
6946
3369
3468
3518
6589
3363
6530
3672
5001
6037
2941
6531
131
6820
6800
6584
4188
754
627
6786
2634
1025
5525
6573
5530
963
6558
966
5144
4566
4310
2661
1028
4168
6831
5286
3222
6865
3315
2621
5198
1324
3001
1393
4148
2946
6909
3005
6847
136
2625
4759
6721
5209
4261
5222
5458
4662
4975
2947
5479
6942
5180
522
3441
6127
3042
6121
3134
4658
2235
3545
1927
2263
2791
1934
5819
2252
1711
5824
5985
2768
1186
7141
1719
5003
4715
1707
2368
6112
848
206
3463
2824
3949
1061
4632
3936
6219
4994
1654
2828
445
2560
6961
4200
6960
1284
937
6957
3046
4721
6841
1384
5113
7145
7146
3221
846
2510
4355
849
3157
1194
5042
4204
7119
2237
3102
6891
7130
961
2325
4285
5251
2782
5280
4176
657
5873
734
1628
6316
5674
725
216
3910
5740
1935
1666
1073
1931
3859
5794
2752
287
4600
5807
2264
5812
3662
1717
3758
969
4815
5855
1542
1949
2127
4166
4164
5295
2126
2122
1391
6778
2615
6776
2089
4153
615
5433
1392
6750
3325
3336
4145
2940
4970
2004
6579
2449
6577
6556
3681
4029
901
4615
4577
2370
4664
2787
2452
2804
3530
3501
735
3458
2827
3410
3409
2870
2797
872
3342
3341
2942
3282
3220
801
808
3154
836
2880
2788
3671
902
2456
4400
2563
4318
575
2577
4264
607
4154
4132
2633
4122
4090
4083
4081
635
2635
4071
2739
2758
2759
4455
4684
1189
5625
5105
1444
5556
1712
5976
5588
5102
5080
5079
367
1718
1428
6038
202
5044
5523
6694
1190
7159
6574
5141
196
1976
5535
6035
1969
5546
6469
6028
6955
2129
5997
5179
6532
1450
2180
7127
5553
5109
5230
5012
1942
4833
1390
1918
6108
6210
2299
1173
1338
6997
106
3
4746
1307
4729
4712
6695
1067
5488
6783
2250
5874
5004
1939
6727
4997
4845
1394
1825
144
5850
236
6772
4857
2260
2821
6128
3521
1681
3213
2796
1022
6033
2754
3161
3833
3828
5804
3794
5813
5827
1866
5895
5924
1772
3668
6981
3659
3650
1111
6419
3514
3365
3364
1140
158
2933
1400
152
1399
3337
6739
6758
140
6764
6784
6787
6843
3235
3308
2948
1348
1319
1317
3268
2878
6188
6594
55
6191
721
217
3474
6222
6263
210
802
1636
1119
3462
3461
1574
6397
6414
1171
2753
6457
1506
3417
54
3396
3385
6582
5799
3022
2750
2204
955
7147
2194
2189
7137
2564
435
2184
4313
579
4308
585
7121
5187
5188
2176
3080
5200
1024
1188
4195
2589
3104
841
7148
7157
4414
4422
511
2322
4666
984
4786
4797
2392
2301
990
2435
4
4608
5237
4835
4848
4543
4865
4929
4539
1187
7160
4991
4475
4474
4444
960
998
5788
7117
2143
5534
5239
2638
5552
4046
4017
4014
4007
651
4004
3984
4080
3009
3151
1066
5695
3155
3918
3917
5704
5708
5734
3159
5762
3150
7115
4077
1993
1038
381
5337
5431
4163
3133
2120
5447
5453
5381
391
4143
2084
2083
5289
2023
2008
2003
5522
4098
4144
4155
1302
1285
1238
1300
3027
3040
1231
1197
1192
1237
2331
1355
1979
2086
2087
2613
2605
2593
2179
2181
2665
2567
954
2222
2230
2238
1001
964
2295
2379
950
2991
2671
1064
2874
1472
1485
1497
1546
1115
1674
1675
1940
1700
1807
2780
2330
2703
2699
2693
1938
918
2789
2757
3584
3098
5010
5018
5037
5043
447
5065
3089
5155
5232
4851
5262
5338
5437
5460
5483
5495
5516
5527
5532
5536
5265
5631
4846
4826
4187
597
578
4312
4319
569
4359
4374
4490
4828
4492
4604
4619
4659
4669
4682
4735
4738
4766
4824
4603
4184
5655
5675
170
6609
6720
6725
6741
6745
6771
6779
6834
6525
6868
6935
58
51
6969
7030
7031
27
7131
7136
6877
5656
201
6161
307
5698
5711
5761
5770
293
5805
283
282
205
265
5945
5955
5986
5987
239
6039
6125
224
6131
5880
4162
5075
4198
3763
3817
3391
3850
3853
3854
3755
3865
3878
3265
3260
3912
3930
3246
3277
662
3753
3669
3414
741
3465
714
3534
4149
3677
3368
3557
3571
3587
3366
774
3311
3543
3967
3848
3196
4041
806
4128
4073
803
797
4028
4130
3242
637
4006
3106
1857
7163
6003
