6916
6924
5439
6933
6911
6931
6926
6938
6922
6947
6928
6920
6905
6914
5872
6919
3312
1937
6934
3100
5434
6910
6929
2686
6939
6927
1936
6948
6968
2000
6925
6918
6122
3314
6944
3319
6902
6941
6234
2681
6932
6921
6900
6965
6807
6943
6923
1933
4607
6907
5654
3310
1928
5665
1932
6906
6949
3290
6908
6531
1701
3101
6112
6913
6915
5222
5824
3316
4989
6912
6530
131
5436
2325
6937
7164
5196
206
1934
4566
3764
962
139
3464
3469
3109
3313
6961
5579
5658
3859
963
5653
6120
2820
3088
6940
3107
3318
6903
5005
6904
6962
5825
5851
2207
1707
5792
1944
5855
5223
965
5207
2449
2444
6724
5099
4182
2684
4444
6003
6751
4313
3468
1935
6936
1194
5529
235
7141
5829
2481
3848
2621
6909
909
2631
5456
3854
1388
4603
5490
2788
4310
2772
202
5195
6930
4857
5657
6901
1069
2297
1061
3465
1890
136
3677
1517
2023
4176
969
4317
5197
5431
2822
1066
6778
6945
3526
6128
5650
3681
3757
4636
3474
961
2264
3672
3315
4280
5238
3945
4261
6637
3533
3587
1025
1825
3853
1653
6842
5109
1472
5655
2446
2266
954
6035
6129
5586
3044
6917
6038
6028
2815
950
836
966
2368
2665
4319
5445
5989
3260
5470
2639
2252
2262
5087
5859
2259
6891
2897
5070
3873
5820
7119
446
6123
4991
3518
3695
5526
1068
2961
3268
4842
4392
6113
4285
1022
2573
3086
2004
2738
2745
2448
4448
2997
6546
404
6841
7146
6464
6526
6867
5433
2443
1807
5676
2661
3755
6734
4795
2677
3941
6536
4318
1490
7
6584
2452
2577
6575
2633
4036
1654
7144
7136
1700
6538
4609
3878
6559
4854
6868
5089
2880
5080
1927
5553
239
2238
5166
111
5438
3001
3460
5194
1969
3414
1979
6847
3040
2002
3045
201
5261
5012
6783
4961
2299
1225
6763
3529
2823
1186
1199
6772
2826
6771
4941
4951
5663
4835
4399
4449
1024
967
5979
6471
602
5336
6587
6275
511
6320
1366
4970
5781
5594
4661
5054
751
5701
6395
6092
4475
4856
4777
5899
5522
6551
6556
4790
4998
1367
4668
1226
0
4316
2003
4367
3472
3504
6769
6767
3263
6764
3581
3602
6750
6739
3758
3776
6760
3210
2164
6946
2528
2570
7161
2615
2620
7121
2638
2668
2679
2782
2269
2196
6957
2193
2982
6677
309
3774
1681
3982
1545
3964
4066
5314
3085
964
3084
951
3912
5437
6942
6574
5448
1575
3007
3249
5262
4455
1067
3463
1065
1064
3458
6845
5265
218
205
6287
203
1020
6279
1579
1041
902
6609
230
5994
4315
5985
1450
2456
5969
4278
5838
2431
1428
2625
5770
2636
2637
771
5670
2669
2906
5576
2257
6980
2278
2291
4450
6125
2812
2741
2710
2688
7093
7095
2825
1074
4492
4942
1173
4993
1632
1189
6558
3543
6469
3615
4859
3671
1903
6741
3772
4776
1274
4765
4715
4601
4667
1688
3850
3851
3692
3502
2001
6832
5056
1930
5047
1918
1942
1940
3471
1142
1939
4721
5708
4219
5769
5704
1284
5771
5011
1422
5666
4443
1966
5085
1823
1671
4850
1544
2800
5689
2632
5809
4437
5191
1317
3466
1765
3778
5965
4663
5957
2441
5879
5873
2439
2438
2435
2434
4665
2432
1436
1098
5995
5822
2628
4852
5782
5652
2298
2829
2984
3003
3525
4155
3022
3024
3029
955
960
2145
2143
3068
3516
1900
2121
3091
3104
5381
1704
998
1360
5001
5237
1188
2983
3328
5443
3322
5649
3389
5607
3660
4138
1919
4600
5581
2883
1348
3417
3582
5187
2918
4505
5509
3976
5486
3546
2194
3336
4564
4974
2886
5168
4855
64
6762
6222
6206
508
7143
7075
6853
6398
6397
6768
6843
6155
6728
6963
6820
476
6063
210
568
6568
6110
6557
585
953
2320
5225
3189
1712
517
1706
319
3281
3269
1028
3932
1655
3943
1687
2331
3217
332
5287
6935
3967
5272
5263
5230
3986
3930
3244
929
3856
2024
5573
3688
1819
546
2667
6127
5631
553
3608
6121
5659
7125
5675
6757
2026
3286
7091
2696
313
3288
3183
3309
918
6866
5458
5483
2733
3771
5507
2029
2713
3745
5520
1798
4012
4207
1638
4664
2958
6525
2218
4374
4759
90
2973
4796
4327
4844
4851
351
1495
1497
2251
3049
432
1441
2197
4485
4453
3014
1379
2996
2991
6562
4632
3015
4573
6554
1430
132
4605
6539
3028
2168
1040
4943
6975
5079
6621
5100
4082
5108
5158
5163
1587
5164
6373
2827
6357
1618
5199
6623
7034
5180
4949
5063
5060
2260
2263
6985
445
4994
1167
4999
4148
4202
1557
5018
4187
5037
2870
2869
5044
1556
3580
1675
5955
5944
6789
6777
6759
5966
6008
2447
7142
213
6034
1947
3511
1963
600
6779
232
2575
7139
6782
1973
7132
5749
3418
664
735
5810
5802
698
5780
3519
3561
6001
5850
3545
2440
2539
5920
5997
3212
1678
2328
3079
1659
234
3415
2326
4904
5239
5799
4879
3985
6277
2888
5280
5800
162
3061
5337
5289
3863
3871
4768
6070
3524
3046
4781
3882
3280
3047
4164
4797
2229
5952
3914
1479
3921
15
3923
3248
6776
6836
2144
6498
6592
2484
3367
4858
1492
6785
6594
5816
5924
4195
3108
6388
5007
2293
4087
3401
1931
5113
5121
2268
5679
4987
3135
6378
4059
2117
4145
6805
4179
180
1574
667
3102
5846
6403
4153
6806
2542
1923
1586
5067
5030
6037
4057
4213
4275
1636
237
5208
7160
596
4960
1911
314
1910
2256
1941
7149
6628
3082
1516
163
3385
4056
1077
6366
4055
4233
6352
4251
1191
6981
4053
4269
1520
692
2882
3149
7148
3858
5162
1929
6748
7090
207
3337
810
5968
1793
7134
2008
140
3633
5505
3340
6011
4666
5491
7140
6758
4548
6022
3041
3726
5700
4422
204
1828
5707
841
3454
3325
5574
6021
4560
5570
1423
822
1362
5550
4631
3462
2589
2616
2199
