6922
6919
6912
6932
6947
6926
6916
6934
6937
5439
6938
6920
5434
6930
6905
6931
6945
6923
6933
6928
6918
6911
3109
1936
6949
6914
3101
6122
6925
6929
1932
6944
2632
6927
5872
6941
6915
6904
6940
6936
3319
3100
6902
2325
3312
2686
5657
1653
6939
2000
6903
6900
1937
3107
6910
6917
6924
6921
6943
2745
6948
4269
235
6120
6558
4261
6913
6968
6906
3313
6543
5443
6809
3764
1930
6942
1944
2681
5490
1282
1192
3318
3044
6935
5195
5222
6965
6907
5445
2373
2829
5812
3102
6800
3681
3047
3086
5431
6295
6946
4414
3314
4286
3345
2666
1194
3041
6034
2669
6901
3786
2665
3049
3045
2667
3316
5227
3023
6771
4272
2742
2804
6804
1707
1927
4601
2826
5665
2820
3615
6234
5825
2472
6783
5456
2822
4266
5436
6320
3020
3024
5789
3660
3022
2866
1279
6531
5658
7161
3469
6546
4290
1657
6805
2738
955
4668
3046
6520
1933
1454
6123
1935
1470
1701
5207
3774
3758
6908
4292
6808
511
3043
218
6112
5749
3310
6287
6038
6127
5654
2825
6525
5101
4989
2741
2740
4607
4605
6807
136
2631
1439
2634
4295
1431
2639
1388
4273
90
2759
1807
5511
6532
1497
853
5228
6539
5448
477
4267
4268
2194
4260
4066
5498
3516
4193
1098
4298
4100
1906
1900
5879
6113
5187
3443
5841
5223
5099
4991
6037
2748
2918
5579
3829
4138
1024
4661
2782
2732
5781
4879
4135
6204
1433
210
3268
3082
6526
6527
6530
131
6471
6548
1520
3108
1472
5792
2517
4746
2823
4667
954
2551
3939
474
3945
951
5839
5850
6387
202
3441
1441
3275
4409
3941
6584
3856
2758
1185
5479
771
1186
2801
2424
3780
5553
3781
2788
6522
2812
3755
5651
6510
962
5659
6772
2452
368
2806
5920
6210
6323
2928
6219
2677
265
4263
1370
1934
2661
6030
3040
1428
3042
2515
1942
2636
5961
2827
5957
381
6843
7145
6776
6461
2019
3514
5704
5708
2004
5740
5486
543
2803
4842
5746
5447
3091
1604
5197
7075
2432
405
6321
2679
2434
3785
2435
4153
4967
1765
2439
301
2750
1073
1929
6767
4930
2438
4835
6778
2821
606
5369
4636
2684
4296
4297
5054
1449
5827
3447
5491
2764
5846
4299
6803
957
5859
2269
4157
4144
5816
2614
2542
6867
112
3859
5782
446
3104
6589
5278
4276
4998
6577
6587
1284
6115
4145
6031
6841
6447
4665
6033
3582
4128
7164
2330
4150
6637
4131
1488
5196
144
478
3752
2297
2266
5102
2331
4566
2696
4274
4795
111
611
4715
953
4669
1025
6780
4638
4060
4606
6868
3949
2637
4571
6782
5057
3014
4845
7128
5005
4198
3085
2431
2635
3083
6983
1307
4073
3823
1331
1338
4366
116
3849
3027
4939
463
2815
2222
1147
5785
1928
3625
5488
5668
423
3001
1658
5497
1938
2807
5516
801
313
5546
5770
5556
2002
6001
6028
2828
1655
5824
5972
1654
2919
2783
5287
5272
3677
1064
5802
3687
6537
337
1860
5819
6121
5656
6296
5437
1963
5655
332
2252
5653
1973
5959
1609
958
4040
5912
5899
3911
5882
5815
5818
6785
5821
3933
5823
314
4608
200
6820
5855
5873
3442
2579
6801
2564
871
618
2668
1289
1923
1681
4195
2857
4190
976
4176
6275
6128
237
6141
6149
2897
3026
984
3365
270
5947
4320
6366
6364
6003
2638
6960
6853
2715
3029
6352
6063
1348
217
4265
6092
207
579
4475
2528
2425
2191
2805
3784
6724
5571
2082
6528
5578
3144
5813
1188
5637
5650
5652
4904
4970
3048
1187
5070
6582
5308
5251
1494
476
1492
3672
3776
1066
889
751
3012
1491
6556
6551
5471
3668
5664
5595
4797
4787
2510
721
4774
4811
5784
6453
6452
5800
4730
4821
4790
2469
2003
4721
6458
3504
5811
725
2961
3468
5807
3270
3904
2468
3088
3105
754
2870
3932
3936
3878
3753
3315
818
2695
3638
803
2802
4041
3854
963
3409
3511
3408
3265
3407
3977
3501
2757
3403
3580
3587
3970
836
3288
898
3590
3368
3286
3628
3269
3690
1069
4149
5851
5874
1953
5889
308
307
299
5829
1939
293
6015
6025
6058
6072
6102
1918
5989
5814
5810
5805
5475
5483
2214
2207
5520
2148
2081
1091
5619
4148
2024
5741
367
362
5780
1969
5801
6129
6133
1825
240
6604
1184
6679
6721
6729
1190
118
110
1448
6866
6909
34
1430
1379
1302
1285
7112
6575
2218
6573
153
1719
1706
1703
1700
215
212
6373
1158
1651
1619
6469
6511
6534
1507
6564
6566
1173
1495
5458
5675
2250
4615
4658
4659
4683
4684
4738
4776
4820
2481
546
4844
4849
4854
2446
4938
2555
2560
592
4603
4151
4154
978
4191
4264
639
4280
4941
4351
4412
2625
2621
4492
4517
4577
2577
2633
4957
3015
5314
5198
2262
5180
5316
5144
2368
5209
483
2430
2291
5184
479
2260
4975
517
1065
4961
5388
4993
5323
1479
2578
2084
1474
2117
2730
2811
2264
2749
2122
995
2296
1077
1436
965
967
2711
1423
1420
1385
1317
1303
2120
2298
892
2308
2442
2752
2847
2448
2856
1919
2859
2862
2463
2753
1916
1046
1823
2245
2063
1708
2314
1678
2518
1669
1668
1666
1659
2549
1650
2948
2554
2016
1544
1517
1022
1783
0
4029
4291
4285
6040
5607
4279
4262
6563
4251
158
5258
156
4213
4182
6568
6464
4179
4147
140
4098
5977
309
4069
4046
316
6672
6191
4023
5420
3976
3952
673
3921
6070
4397
4974
4978
4856
4992
6222
6137
5008
6273
4823
6280
5011
6293
6114
4703
6457
4666
4650
6322
6325
211
5104
6375
6395
6397
6426
605
6097
6449
6451
4481
264
6676
4960
3873
5472
783
3525
3910
3466
421
3464
6981
5775
5526
3385
3369
813
3363
5786
3348
5550
409
3339
7062
406
7064
7079
7085
3254
3198
5562
5689
7147
3095
3344
435
3518
