6905
6902
6934
6925
6919
6915
6943
6931
6944
3312
6947
6938
6922
6917
6939
6903
6933
2826
6911
3100
6926
6920
2686
1388
3310
6929
6928
6927
6914
6968
6913
2823
6122
6945
6923
5872
6941
6932
6904
6916
2825
2822
6948
6949
5658
1936
3314
3109
6910
6924
6906
2000
6234
6937
1933
3319
6321
6930
3107
6120
5439
6921
1932
5195
6908
6912
3101
2829
3758
3088
6965
6807
5654
2481
4607
6900
3313
6295
1900
6936
3504
3516
2684
5222
3315
5829
3764
2820
6918
4168
391
1935
3086
1124
1937
1939
1976
218
6121
6112
6034
5989
202
5434
5005
2681
5653
5657
5665
4993
4577
4989
5196
6637
5144
6940
6222
5436
3417
5443
152
6824
6395
2949
1931
5491
1906
4206
334
4998
131
5526
1941
4481
2632
3660
508
1701
5207
5659
5825
6133
4715
6789
7128
2631
2625
5450
5456
6901
3755
3587
3754
2235
6907
6030
6786
4261
2815
4999
5553
362
6108
3410
3042
6536
4615
3580
4712
153
2828
1934
6778
5001
3041
5534
3472
2750
5957
6556
1187
5879
1073
6587
54
7148
52
1685
5187
1666
3082
6963
4815
1657
3447
6820
6128
4992
5064
6397
2879
5464
2878
3759
2872
6037
3102
955
6787
1022
5209
7164
5437
5344
4996
2827
5141
5651
5037
848
3045
1067
5448
2772
5101
1031
5490
5529
2946
3232
265
5282
6962
5523
3584
3409
6127
6935
1944
6287
4412
3545
6038
1930
196
1370
3441
3502
6722
5976
1700
4833
3318
3530
51
4517
5838
5948
1653
4990
6147
3316
3521
4182
3047
5431
4413
5189
6594
2866
158
6767
5197
1392
5
1396
5223
6414
6546
3518
6526
7161
5280
1853
5099
3581
4995
3337
5820
2566
4923
217
2325
1068
4865
5975
3650
5977
6788
3340
3345
195
1140
4790
6800
4204
5446
2208
7119
3389
2089
3460
4337
3753
4012
3772
5044
3217
3380
4837
3269
517
546
3588
5006
4450
3407
3134
2446
3084
6609
6606
1707
6558
1810
6394
6140
6611
6129
2252
5987
2262
201
5985
2266
206
2230
5945
6642
1450
1
954
7131
1028
7116
1032
7030
1641
1064
6942
53
1238
771
1393
1394
1441
6969
2295
445
5467
5460
2393
5520
5525
283
5538
2850
5655
5285
282
3023
5263
3044
5198
2667
3083
5850
4083
2447
5831
5194
2470
5445
2567
3049
4053
1391
3582
995
1384
4029
1377
1371
3043
3982
2847
4004
2941
3668
3750
1106
1088
998
2269
751
2444
3325
3336
2614
2245
3364
2237
2615
3385
2194
2126
580
2620
2032
2023
2014
1919
1902
2748
3474
1772
2795
1702
2821
511
1681
3221
1474
3213
3541
2084
404
5050
5533
4786
4774
4730
392
6835
4710
243
4650
4564
6568
6853
5777
6551
4422
5822
69
6764
381
5522
6751
5191
316
5074
5226
5239
5278
6724
5009
5827
5008
5000
5369
5370
4991
4929
4879
5433
5447
5007
5846
4654
5168
6111
7137
200
6033
7121
6123
4176
6377
4166
5924
6981
6320
6960
6961
6141
4160
6238
5912
7117
4269
6263
7075
738
5488
5410
735
6335
5462
5479
5389
1629
5362
1605
6143
5218
170
5284
2963
2957
1624
2952
5333
694
6130
2081
5363
2123
5286
6091
6525
2202
205
2635
2634
2633
212
5656
5944
5180
6559
2593
1807
2368
2369
2563
2560
5824
5770
2636
2637
2665
662
2804
2207
5535
6641
6058
6623
2768
2757
191
194
197
120
5588
1696
5644
6575
5530
2807
6207
6695
3529
1061
4566
6845
1282
400
4658
4659
3475
1324
4662
4684
6831
4735
3408
5166
3404
3543
3549
4273
4280
4264
4188
3763
4187
4359
58
4406
1184
3816
4417
3848
1186
3571
3850
6780
3900
1390
3288
3246
5003
7141
4081
3182
3175
3137
6697
853
747
1456
1969
5092
7144
332
1472
3936
4073
1069
4994
801
4854
7136
548
4851
962
4828
3992
4997
4818
1024
6967
1066
990
6464
7002
6406
6316
892
7039
6280
7138
969
6420
1239
1916
6762
6758
6739
1397
1399
6692
6677
1433
1436
1440
1548
6707
1494
1470
1434
6471
6646
1382
1911
6513
6957
1119
6527
1876
6785
6530
6543
6897
1194
1255
6579
6843
1832
4155
5575
6149
4360
3586
4426
4428
4444
3540
4530
3526
846
3514
3633
4661
3443
4732
3406
4787
4802
3369
3365
3363
3362
3361
3469
3657
4285
3672
4138
4135
4087
4080
4161
4046
4030
4163
4164
3984
3976
3933
3915
3896
3873
3870
3859
4179
4205
3757
4275
3717
3695
4817
4823
4835
4855
5680
5734
5807
2576
5816
2564
2510
2449
5842
5873
2443
2438
2434
2411
2264
6043
2204
2184
2164
2127
6115
2083
2004
5652
1949
5650
4158
4922
3308
3188
3186
5039
3133
3131
5042
5121
5143
5146
5281
5321
2876
2859
2857
2856
5408
5413
2819
2809
2782
5562
2709
841
0
651
441
406
748
435
199
207
412
219
211
585
802
55
150
204
288
3207
1338
1001
2661
2791
4632
1025
3040
3691
4409
6727
4845
3342
5102
2085
5107
3570
2086
5527
5871
2577
3538
6062
6459
1695
3341
3894
3216
3688
2812
3967
3334
4207
6134
3402
5080
5248
5004
5069
2539
2015
6650
3329
4271
3534
176
4800
3790
5839
5516
2561
1013
5623
6125
3222
1706
1374
2789
3125
4824
5830
5228
5199
215
3771
423
4117
4846
5149
6884
1237
6868
4374
4485
4148
5961
5179
1687
5546
6804
1129
1684
6827
2181
1189
6847
4984
2860
5559
3110
1178
6834
3547
2201
90
3368
3370
1173
2868
1128
6783
192
4162
27
5532
6035
6763
1093
2260
6039
4476
2858
966
1074
4400
4167
1127
1285
1281
6779
6028
56
4154
447
6772
5921
2639
3085
2865
2249
444
2250
214
5587
4041
1192
1430
7127
2413
872
3641
2740
2739
878
5694
3932
375
235
3513
2947
367
1928
6221
3321
1625
6219
2958
6331
3267
6599
5052
4831
