6904
6903
6902
6905
6922
6934
2686
6943
5651
6925
6928
6949
6944
5658
6939
6919
6920
6921
6968
6914
6931
3312
6558
5657
6947
1388
6929
443
6543
6926
3100
6546
2822
6853
6030
6039
1441
6915
6938
6930
3284
1440
1650
3101
3082
6031
5873
4608
2004
1282
4604
1653
6933
6911
6901
6900
6034
445
5872
6908
3104
1900
1286
3047
6923
3046
6122
1171
6924
5829
5659
6916
202
6940
3105
90
2481
2823
6038
6234
6127
2827
6942
447
2667
6033
6927
5443
2003
3472
6037
1284
3314
3109
5879
1449
2826
5877
2069
3049
5450
3044
1658
5656
3410
1652
4139
3316
7159
1932
4989
6910
3310
235
6906
3107
3088
5740
7161
1701
3048
2204
1179
2301
5842
2392
4600
4135
6941
6937
1391
4595
441
4790
3085
6545
4455
2825
3441
6771
3315
5434
1456
2788
4412
1444
6725
4271
4662
4999
4607
444
3584
2000
6909
1928
2631
5490
1937
6917
2452
2081
5460
5529
5665
3
5458
5623
5516
5448
5456
5476
2681
3313
3287
5453
3982
6948
1933
1936
5251
1384
2006
5912
6395
1106
5455
3080
357
4157
6316
6945
7155
3672
4661
1476
901
5827
4481
3504
2821
5763
65
2480
3896
5664
3196
1655
3502
741
3134
5825
6966
6637
4990
4101
5520
6584
1287
4993
2007
6695
4996
5195
3288
5653
5005
5479
5791
3106
3042
3040
5253
6789
2509
6807
6120
5314
5631
1815
4632
4712
4664
2815
2789
5445
2787
3045
4356
1930
118
1032
7128
6918
6962
4931
779
3521
862
391
446
4147
6513
4066
1817
1073
4141
1941
5650
933
1111
4017
4817
3933
7145
4797
364
4136
4995
937
3915
3914
6414
6397
4179
3447
1659
3108
5239
5207
247
2256
1443
6820
2322
3325
3340
140
1371
1628
7005
6775
2439
1348
6739
6726
2632
3086
1280
5226
6843
2829
6767
5447
3102
201
4264
1942
6932
6766
5945
4159
2472
203
5955
5948
6935
3023
5961
1
1497
2677
2633
5626
6847
7164
5403
4603
4601
6913
4715
844
5291
5989
6831
5285
5985
6786
4402
4400
4831
4577
1406
5439
1947
2324
3286
5874
3967
4148
5180
3370
3383
5179
1173
5838
1711
2179
7019
5080
1656
2759
246
3282
5462
774
1333
801
333
5220
5459
5907
2375
1948
5196
1049
2002
4842
5743
5823
4998
5014
5533
4710
5816
5009
5113
5162
5099
4929
519
5652
4815
5957
5788
4781
5283
5335
5200
580
5223
5846
4960
5331
442
5524
5042
5595
2410
4098
4080
4077
2941
2325
4029
77
6768
2419
6936
3984
6457
6912
314
3917
3910
6551
2684
6872
2745
152
2782
3758
1512
2847
3695
1479
3581
3443
2879
6321
2307
7124
404
899
6784
4
5
7157
6137
4426
4422
7152
4397
1755
1721
3004
5592
2031
1288
4143
4206
2009
4204
6295
4195
3363
1677
2176
1431
1472
5282
3005
1445
5332
1448
5316
2946
4659
2850
1810
1811
5527
1719
1718
1712
1675
1654
2295
2299
2321
2323
2483
2530
2671
5344
3065
1266
3137
1097
1093
4071
1061
4899
4838
818
4150
4151
4180
4188
4837
4833
824
4273
4337
968
966
947
4791
4429
4765
4492
4738
902
1100
4021
4012
771
3175
1355
3207
1343
3338
5163
3390
1281
3426
4669
5093
5044
5227
3449
3646
3753
753
3763
3764
1178
3848
3849
4997
4994
3941
1127
3500
1261
4602
5986
5819
136
500
6540
6199
6969
5824
6973
6532
7013
7044
299
7116
6500
362
144
5831
251
6036
206
407
449
179
224
176
6730
6727
6721
170
5914
6866
240
5834
5760
527
6782
6411
7132
5655
7150
5654
2564
4613
2566
1586
5820
5550
4879
1589
264
3369
2580
3365
6081
732
6589
3379
3385
3389
4285
2415
6419
6855
990
3444
6549
5197
5804
5191
5807
5812
984
3043
6427
6583
4007
3918
3362
4392
6476
1906
241
1140
2872
4924
2786
3185
2848
4991
1514
5895
237
2795
4564
1377
1494
162
6857
2888
3234
5001
2731
4405
4411
1317
6724
1321
1385
5030
6674
2587
1866
751
1144
3290
5008
2704
3931
5526
6698
6690
6835
6946
6470
6795
4144
4775
6415
6471
5977
6280
5408
5433
3061
6263
1678
2245
7053
2408
6043
7045
4153
2208
4155
1070
625
6341
1980
6019
3012
6778
6787
5734
4730
4140
2005
190
1176
1717
3003
200
5441
4666
7121
4732
430
6413
1666
5781
7000
4835
5281
3482
6751
3474
440
5258
998
5666
508
2326
2328
1914
4190
5289
5280
4173
3567
1660
208
7143
3518
5773
7148
7147
5306
6111
5947
4182
338
6741
1116
6779
4641
6108
3113
1807
6089
6102
4041
4605
3103
218
4658
3074
6035
1394
1393
3084
4028
6185
4566
3475
3493
3506
1238
3511
3522
293
3615
1028
1031
4149
3755
1189
4198
6509
1186
6315
3854
3850
3817
5597
4132
6488
4128
6485
1170
6330
4103
1044
4573
6537
3460
3949
4517
6711
6116
3167
4467
4072
4462
6121
3230
1324
943
6641
3471
3919
375
4390
1067
4353
265
266
1285
6574
3407
3423
1268
4207
3446
4417
367
1787
194
5092
5101
6898
2478
2470
5808
2575
2454
5224
1624
6965
5257
6977
5262
5218
5263
2586
5049
5853
5836
2739
5006
2696
750
1575
2693
6877
6887
5043
2588
738
5045
6876
2757
5286
7030
600
1939
5482
5495
5519
5525
1944
582
1873
5625
1861
5577
1814
2
1874
2297
27
2001
5322
2267
5768
2252
2249
2207
5457
635
5766
1714
5761
35
5738
5452
5427
5871
4022
2965
4796
5930
4766
803
4975
5944
6861
2820
3001
2799
819
1458
2840
2790
2962
1450
2791
808
2824
6845
4933
5994
6028
2060
1400
3794
1187
2032
36
38
1708
2082
3188
2117
3553
2273
2949
3586
1668
2265
1460
6527
3649
2961
3660
3665
2243
6526
1396
6762
3681
3759
7063
1411
1172
3940
6788
3950
3966
316
3978
1124
6464
