6902
6917
6933
6913
6939
6912
1936
6122
1932
2823
6915
6918
6919
6968
6947
6932
1939
6934
1935
1944
6943
6925
6938
6903
2826
2000
6944
6927
3312
6905
6609
6604
1388
5439
6922
5816
5872
6923
6941
6931
2686
6621
6906
6920
6965
3100
6608
1933
6926
6937
3469
2829
3068
6645
5434
5196
6916
2825
6901
6641
6904
5802
5222
6611
5852
3107
5850
5526
6649
6321
5193
4475
6948
6963
6137
3387
6548
6659
1949
4360
4564
5879
5278
6605
6921
3232
363
5516
6194
5665
2470
5199
1942
6623
1629
4261
1937
5194
1333
6911
6907
6606
3014
5587
1947
6634
4842
5799
4138
6624
6651
1106
6628
4562
4049
2949
6960
6949
5788
6617
3340
4046
3319
5818
3461
5782
182
6656
5812
2590
3755
1873
1424
6591
1934
185
1930
5195
6780
3316
423
6929
2658
5676
5670
1201
3441
5785
7100
6610
3410
2739
5792
4388
5858
5479
6607
6633
6642
1339
1231
5197
5815
3504
1666
6629
7121
3921
2822
5701
131
1870
4281
5669
5420
5787
2004
2997
5820
6070
6593
12
6636
6635
2706
2209
6592
1941
5859
3444
392
5436
2752
6914
789
395
5789
3310
6622
6590
6613
962
6627
3381
6658
6643
971
3458
6650
6648
6599
6697
872
307
3027
2639
3580
4517
6909
6910
116
110
2681
6940
1948
3754
1331
5920
1625
3894
548
5817
1192
5805
5801
597
1700
1622
2631
6618
4568
6178
3125
5220
6772
6287
188
6234
202
397
5180
6370
1370
5658
3314
5807
5813
6612
5800
2558
5822
595
5781
5528
1872
2566
5331
2620
6594
5336
6596
6222
751
2564
802
329
3012
3109
2684
4967
5463
5498
6587
5160
5724
1203
6788
6787
3994
3859
6936
237
4294
6723
4291
3758
6644
3447
3581
6640
6857
6778
3443
4558
6630
3516
3468
7079
180
196
6779
6969
5470
5198
4638
2297
829
2991
5523
5529
1554
6330
2740
2741
5838
2742
375
2757
3065
5063
3850
5209
6620
5987
2637
6121
6108
3066
5363
3067
6094
5385
6847
4566
3083
169
5272
4573
1815
741
5266
5426
6827
5427
3015
3110
4511
6035
6924
111
7091
1810
4485
3007
6834
2915
6112
6595
895
5032
3368
7167
1497
4012
2436
6602
3529
1874
5808
7128
6695
575
34
5584
6569
4989
1688
6600
5037
4221
878
7093
4735
6616
1
6727
662
6654
2368
7139
5591
5770
3414
5819
6631
968
235
6638
3446
577
2819
2654
1783
2914
4163
1704
6889
2014
1702
4129
6883
4530
4058
5727
1239
464
4164
3022
2796
2856
2764
5562
4320
2750
2748
4317
2778
4313
2147
5846
2738
3896
7106
7109
4512
64
2247
2782
3794
5509
4454
1621
77
1334
3004
6945
579
2127
1279
4206
4293
2945
2632
615
5207
937
3614
1829
1396
1038
316
6657
6397
5099
3462
3313
4948
6724
2301
3594
2553
3367
152
6692
5030
3259
391
3525
3345
4786
3133
6362
1876
189
412
6647
4556
6123
4736
360
5050
960
6619
5307
3079
6742
6426
296
871
6195
1366
5168
5251
2435
418
809
302
4917
870
5740
6603
6646
1931
5226
3315
4776
5043
888
5626
5644
5006
4310
3318
4231
5657
3428
5739
5738
4881
963
4073
3402
4162
3388
4048
4016
4202
3460
2870
3467
4272
3958
4969
4796
4993
5005
5648
1665
3753
881
1623
824
1129
5488
4659
5456
3119
4635
1338
1064
1117
807
4632
803
4603
5262
4571
3023
5288
3028
754
5319
3756
5327
3064
1032
5044
5511
4441
3275
3260
5559
5553
4327
4337
5101
3256
4729
3175
4728
4715
1641
4351
2956
5190
4361
694
3587
3855
827
3854
3853
4416
1624
1031
5546
3584
2828
499
2291
2696
2284
5967
187
5953
2699
183
6807
6842
5857
6858
6868
5854
2733
2734
1940
6884
5831
5829
136
2759
2760
117
2295
2310
482
6696
2561
6345
2593
1841
6228
2515
6219
2477
2472
6511
6210
6205
6928
6198
6532
6185
335
6588
6120
1877
2430
291
1890
6637
6639
6062
2625
6930
400
1946
1973
7141
5810
7162
2198
5814
7144
558
2013
35
7007
1976
7108
3
6985
5825
2768
6962
1492
6544
2089
7137
4923
3417
2445
2455
4287
1205
3337
3325
3348
6598
1991
4286
1489
3362
3363
2136
4970
4275
4947
7130
4929
4922
1871
3364
2027
4200
393
5191
6325
2016
6366
6378
2549
841
3149
6388
3190
3212
378
4160
2542
2541
6406
6414
2540
3290
3300
1520
2010
1858
1859
354
4865
4166
7152
7148
955
1900
2378
4650
3648
4637
2184
3858
2194
3672
1073
6820
6839
6843
6852
6853
4560
4651
1313
1317
1143
6875
3797
150
7000
4449
3759
6967
6908
4474
3774
1118
1119
4557
7075
2178
2554
967
4292
1335
6652
977
3464
3474
1433
6690
4799
4797
6693
226
4296
4298
2164
2325
2176
4661
4665
1392
3602
3598
274
4322
4677
1398
4685
1024
4721
4316
4674
4654
4087
5381
2619
5264
5258
1681
3101
1636
6092
5267
2682
524
2886
2615
2878
6067
5550
5552
625
5451
697
783
6128
6114
2859
5491
508
1586
3063
2628
5924
2866
5971
2638
5703
3061
2731
6177
5366
2941
2647
6115
2897
5794
6063
5689
5821
5433
411
1660
5809
1691
5223
3020
1813
6295
2800
5211
5646
6311
405
5804
3026
1664
3016
6040
5467
3001
3570
3624
2885
2672
5963
1620
2331
4315
3939
3547
5684
1379
2257
214
3625
1673
3571
3909
3590
2141
6771
1025
201
1557
2667
5437
7110
4711
6759
2665
1675
1394
5986
4667
2330
5460
1390
6745
4662
3380
3685
186
3764
3772
4503
132
1651
3895
546
2927
2788
3781
4359
5576
4473
6983
1969
4462
1661
4409
2192
2246
4417
4419
3849
6900
553
4366
5588
4365
4453
2249
3790
3848
3761
5851
147
7095
4591
5515
4596
4747
5874
4576
4319
3677
1374
4615
1069
1067
3671
3899
5497
2791
6840
