6926
6914
6911
6916
6930
5439
3109
2632
6923
3042
3023
6935
6932
6924
3100
6936
6945
6949
6912
5434
6905
1937
6928
1707
2686
3310
5872
3022
3101
3041
5654
4606
6910
6920
6900
5658
6937
6931
6678
3314
6122
3102
6922
951
4273
1932
6933
6940
5490
1944
2740
3107
5223
1701
6934
3313
4297
4269
6908
3469
2638
7161
5443
3045
4989
6925
6947
6919
2633
6939
6028
3318
6929
4278
6918
4263
6783
1472
6112
4176
1470
3046
5957
1936
2325
3043
6531
5431
6785
3774
6948
5859
3660
4267
7120
5448
4455
6120
1475
6938
5653
3027
5529
6807
6058
4272
4601
5445
4605
1216
5579
6113
4145
139
6123
3385
6853
6944
3319
2684
4277
1933
4182
3029
2738
3764
2681
6782
2667
1934
6907
746
6904
6903
5314
477
2631
2661
2000
6034
3049
6943
6968
6942
2481
5657
446
3985
4879
357
4279
6530
6941
5197
1657
5855
4262
6543
6835
2782
1279
2004
6902
131
6546
4268
6748
1434
4292
3504
5649
2444
5663
4266
6582
3047
3526
6574
218
6780
1654
2713
3040
5651
3312
6539
1797
3103
6307
3316
6536
327
2789
3511
4295
1147
4325
6721
3587
1653
6456
4860
2520
6129
2637
2331
6127
2636
2635
513
5117
4212
2478
6965
4261
2530
6921
118
2639
5483
909
5994
2677
5222
4036
3771
5195
5228
5951
6927
6672
3952
4260
4321
2256
5054
4265
6054
889
2449
6946
2441
3048
2143
6375
5207
955
1188
5679
6527
301
6526
3325
1794
3976
5879
5674
6577
5087
264
1140
3758
3681
3582
210
2580
4275
3776
6128
2615
1286
2786
4286
410
956
3772
3105
6876
5272
5825
4492
6874
735
6558
6566
2634
1186
827
1285
5520
1201
7164
367
2181
6185
2238
5227
587
2310
950
4094
6510
206
6786
1969
954
2669
5092
3315
4280
5892
236
3044
1918
517
2815
1477
5430
1156
5854
6878
4715
3572
4607
3945
5437
5747
3941
5573
4622
90
6038
6901
6877
3615
2787
51
6584
2447
1930
1178
6035
5811
1289
4392
5727
3514
1401
441
3518
3921
4299
4298
1367
1433
3668
1371
1708
613
5781
1360
6320
4432
6314
4276
3757
3682
5942
657
3982
1693
6467
3650
1817
137
2872
2435
5447
6872
4507
4608
3095
2448
6739
2314
2005
6820
6677
3020
2438
3024
5652
6572
2434
4904
6784
4960
6961
1765
2392
5099
2570
124
5237
1931
4631
2573
1105
5661
6724
2164
126
4830
2758
2812
2807
474
3752
6030
1307
5805
5088
3690
826
212
483
213
6469
2742
5961
2446
5495
872
2531
536
2539
533
123
6962
5829
6062
5824
2575
6915
5047
5049
6969
4271
6121
3848
1017
6870
6866
6858
3823
6850
6847
2663
6789
4857
4845
3753
2820
6068
5770
2323
6331
5196
6337
4765
5694
3252
1753
1819
5225
5668
320
1700
2148
383
1703
1222
6562
5655
2266
1185
6534
7112
3251
1790
6519
759
6506
1189
4353
3244
368
3088
6734
5180
5230
6954
3533
6283
749
6287
3529
2336
5749
5182
6720
5556
1441
5741
1365
2955
6700
1148
1282
1281
6001
7040
753
4577
4555
6575
1658
4327
5665
5200
5239
5264
1376
5070
892
5873
5390
5187
5098
4190
4144
1359
752
5002
5571
1284
1164
707
5637
4360
4509
5720
4394
810
4426
1224
768
762
761
4449
4505
4456
5666
751
5689
5550
813
4636
1328
5827
5822
5820
5446
656
5816
1066
1068
1321
4862
5491
5812
4817
5799
828
822
4290
821
4291
4296
1024
5528
4821
6290
3940
3389
3562
6675
2469
6083
6855
3026
6498
1479
1474
1697
6981
1854
256
6841
6715
3672
6873
2023
3472
6857
2035
2879
3443
3693
2893
1659
1660
6114
3454
2528
2578
6188
6583
1460
2748
4100
3131
6295
3581
6457
1755
1935
3593
6563
4035
6736
4029
1741
403
316
3984
2666
2328
1992
443
2327
2145
3336
435
2326
6003
3322
7075
3086
4729
2824
6763
1903
2788
5553
4101
806
3160
3115
1807
1810
5959
1816
5656
321
4525
3085
1139
3071
782
4573
6621
1162
1161
5577
5576
3001
2958
265
299
3014
5482
2718
5080
2092
5090
2394
902
2368
2334
5357
5354
5184
5192
2320
7071
6980
7091
7095
7108
953
7111
2262
5238
2252
2251
7136
7139
2168
2250
2230
5270
1942
2452
6966
4820
215
2710
203
1091
201
1979
5488
5475
1067
5456
853
4876
5063
6906
136
130
5438
2577
2046
2057
6952
5426
5019
1025
2511
2483
5052
1061
3173
1812
363
3932
6108
5819
6125
3779
5810
4274
3667
3664
1495
473
5232
1302
1300
3591
687
3568
3536
445
6302
3655
5839
6102
1490
4104
1416
600
4148
4149
5976
1430
4187
4028
4022
619
3983
4192
1355
4198
3967
6039
1473
635
637
4264
3501
1655
943
4440
423
6373
6381
1731
1740
741
6351
5690
4425
1197
4393
1675
5675
5721
3265
3267
4034
2427
3141
998
2432
1411
2096
4143
2443
3961
5085
3091
4140
1480
4098
3950
4444
1180
1491
2232
4443
2518
3257
3053
4219
5104
3972
2382
2269
2154
4185
2149
3108
3104
1793
1368
1757
4055
1364
1363
3268
1446
977
1204
1205
1749
3980
4193
5042
3290
984
5177
5121
5119
5188
1818
4322
5016
1303
4835
4414
3597
4395
3592
3011
3003
2745
2752
3524
4811
1288
4303
2796
4789
1111
4777
3521
3520
2821
2977
1900
1283
2866
1245
3474
4304
3468
4856
1498
3634
4287
1037
2522
2523
4998
3904
3896
4970
3337
3873
3859
3838
1520
1702
4589
3778
3775
1548
2020
2019
3696
4600
1194
3384
1857
2008
4871
4285
3017
2654
3639
3659
2194
6707
6762
5947
6758
5952
596
241
593
5958
580
6723
5492
6033
6063
6764
6689
6589
511
6579
503
5433
873
312
6568
5413
7098
942
886
6206
5440
6551
5924
6778
739
748
127
734
6891
725
6867
6864
6851
6843
