6935
4262
3042
3102
4606
6942
4601
2632
446
3041
3023
3048
1657
6940
5653
1285
6038
3109
1283
4271
5520
1281
5654
1178
3040
4265
443
4297
4269
441
1653
1658
2633
3252
4263
6930
1472
2634
6034
5652
4279
6945
6678
5658
1655
4455
4577
6783
2635
5448
3045
4264
6949
2325
1470
1289
3046
4260
1284
3043
6033
5443
5655
6911
5657
4273
4278
1654
5450
2323
3049
4602
6936
3024
1474
1708
1701
6785
4268
6030
1170
1282
6039
4272
1707
6910
6001
444
2740
1288
6031
3047
6037
6543
2329
4608
6900
1148
1475
3105
2669
5656
6782
4104
6904
1479
4100
5781
1286
2442
6937
4600
3101
6941
4267
6527
6926
5440
4219
2638
3251
5854
2677
447
445
3528
1944
5445
4261
3286
5430
3103
6539
3253
4107
6932
6558
2636
118
2637
6534
2639
5977
1650
6546
6675
2326
2879
3022
5947
3526
440
3521
5595
4951
6946
1477
3028
1706
3281
449
1656
3044
6731
474
1652
6922
5047
1287
6920
3772
7040
2081
3771
6789
4604
4295
1147
1186
2324
6931
5002
3082
6923
1280
6003
4862
2314
6672
4543
3108
2327
6914
4285
5712
4631
516
1659
2328
5599
2074
6350
5019
6929
1185
6545
5417
6907
6919
6962
2667
7164
4492
2815
6157
2955
6120
4605
6059
6036
4274
4270
4820
4830
6966
1122
6485
3059
866
863
1149
6895
6780
2457
202
203
6733
2530
2428
1448
3288
6786
2520
3753
6781
5444
4290
6803
2427
6447
7020
442
5650
2434
1111
2738
4836
448
725
5441
1950
903
6032
4299
406
6122
2438
2872
6352
6114
657
3758
3025
2844
1068
2748
1123
6736
357
948
3524
5071
3774
6674
6526
3104
6912
1443
5281
6520
6908
511
5895
514
5087
2256
5727
3429
1476
4879
3056
4398
5745
6062
5747
5889
3615
5400
3691
1481
4101
5020
764
5850
5038
517
513
4547
4603
5092
1034
5117
1127
1444
4860
5316
5322
4224
6028
538
1116
5668
5651
1114
1546
1431
905
3085
3088
5598
1146
1441
4280
5559
4183
4328
5244
5314
951
4132
4607
5871
6679
2661
6335
6566
2663
34
218
2472
2266
1892
6969
7058
6975
6990
1703
7013
2807
2537
2456
2055
6901
6921
1807
2269
1440
6473
207
3553
1434
5239
4266
3123
6449
1425
5856
5680
7002
911
4136
2373
919
6843
1408
3955
4109
2193
5926
3258
4904
4105
3100
2301
5912
1145
264
6530
3284
3980
565
1187
5219
5827
5743
1155
6961
4190
4840
3959
5882
5666
1337
6551
2082
2811
6177
4674
4456
6320
706
6769
995
2842
3525
6767
2886
2786
5552
2005
685
1660
2019
6762
4397
5492
4685
3660
2390
6299
2983
7045
6801
2423
1401
3020
1669
6809
1029
6698
5056
5529
5847
826
5476
2312
3654
5475
3572
5452
3626
819
5457
536
3255
5490
6916
231
5495
2452
5462
3148
1406
4063
1402
5659
201
5284
2357
2398
5005
5263
749
2488
3769
3408
5233
2483
3764
3755
3459
5801
1222
5173
3283
3522
3983
122
6763
3690
767
3318
5225
2481
3481
5749
6670
5482
299
6974
4659
4844
6497
6955
956
4834
4876
872
1061
2236
6508
5990
6510
6500
2248
2070
4824
327
6373
2806
3027
2148
2758
7055
934
1696
2741
1700
907
2631
4727
2181
7111
1937
6076
5906
5907
6266
368
1154
2841
6540
1540
483
6289
6928
246
5961
6283
6274
6924
4495
90
6315
477
512
2002
3120
2433
4298
719
4752
4491
4321
5349
4296
4548
5447
707
984
6305
4422
4407
7118
6765
7120
2444
4292
4322
4392
6768
1062
5453
4595
7124
5420
2004
1818
1066
4598
2003
4135
4291
864
4023
862
4029
4203
5098
77
1209
5083
4903
1224
4906
2300
1188
112
6927
821
103
1180
4145
5009
5001
1153
865
1229
3991
1922
4277
7016
4817
3907
2183
1901
3952
2190
3954
4832
760
2196
3964
1854
3976
4871
768
769
5223
6948
1140
3985
6835
4182
4540
6556
1757
3054
2808
5812
2522
5662
200
1783
612
2979
613
1480
6188
6026
2510
2922
3086
6113
3051
2580
6056
452
1460
2536
1715
1446
2702
208
6490
6240
2573
6007
315
1697
1765
1749
6492
6498
3029
6453
5637
2570
5592
256
5550
5524
1371
2846
5579
5823
2847
2848
2851
2857
5894
3257
1755
530
2630
2453
3194
6319
3144
2876
243
1363
1794
1120
6493
500
4845
6537
5892
4175
2705
4841
5483
245
267
4872
1125
6522
860
6515
73
2670
6525
853
4886
5994
4958
6947
6505
6503
2267
4225
5930
4234
5967
1532
6952
4942
473
5487
6475
4642
6214
4402
4412
2885
4609
4431
1942
2868
7112
991
6279
367
966
996
4571
366
1032
1002
4490
4555
4552
2840
2816
6317
1953
1651
1975
997
6968
4393
4378
6977
295
6459
1903
6456
1705
6440
1695
2742
2168
321
4772
4765
1052
6058
1091
6068
3008
3001
4746
4738
6345
1590
2958
2952
2936
6193
4648
1684
916
6307
5852
2426
2420
6828
2388
5317
6847
2372
6848
2367
5685
3427
746
5246
750
3941
3409
3944
3407
206
756
5228
215
763
1295
569
5374
619
5477
3551
3556
3561
3536
5493
5456
1346
2466
5553
5556
3523
5577
6766
6729
1332
3692
3511
5619
3716
161
5645
713
6708
5213
3853
776
5802
1216
5037
6905
2606
4075
6903
1753
2321
542
5084
3267
116
2310
6637
5079
1488
820
6570
4094
5785
5831
1227
236
96
1177
2892
4176
1387
2435
3452
2918
4396
1194
1800
3767
3750
1741
1517
2432
1057
3128
4363
4509
3558
3720
3235
1375
1817
1378
2845
1637
1157
4438
1633
2449
2935
1159
1037
3682
1383
1754
1491
2012
4434
3262
3700
3229
3668
1598
1544
4069
1915
1848
1911
1423
2322
1699
1702
2584
2232
2185
3385
1228
2523
2579
2736
2191
2707
1449
3345
3314
3987
3313
3289
2199
4276
3447
4076
