6937
6936
6930
6940
3049
6919
6911
6929
6949
6912
1933
6926
3107
4280
6920
3109
6938
6558
5490
6916
3044
6932
2738
6923
6526
1935
2745
5658
3043
6900
6922
2637
5228
6968
6584
6623
2325
6927
3581
6908
6914
5226
6594
3100
7161
3103
6904
5434
6947
5439
6637
5222
1472
5227
6127
6522
1939
2669
6935
6941
2771
6657
6934
6931
3582
6333
3101
6902
3108
6122
5099
3041
5223
3047
6520
1068
5491
6551
6320
2632
6609
6918
6905
6910
6679
5005
4036
2740
2653
3587
5287
202
6913
4261
6621
6924
4605
7164
1937
1873
4606
1930
1475
3062
1932
2772
1441
6933
3106
2748
2435
5451
3389
6527
6115
3046
2730
1872
4268
6593
3385
6692
6651
1657
4266
5727
4285
1066
1449
4145
1701
6556
6624
6546
6543
4298
4286
6628
4182
6778
4290
6525
4795
7091
6921
4569
4563
5657
3042
6591
2312
5655
1065
3001
2661
3580
1879
5659
951
6721
4571
3064
5444
1653
3764
5559
6331
6611
6613
5520
6903
6038
6284
546
3018
2000
4273
6606
6907
1973
6456
5448
6942
6928
6917
6622
1655
6034
6617
1105
6110
6592
6635
3020
5570
5436
1876
5595
6603
5447
2438
5443
2434
5498
1098
180
4269
2749
1681
5807
5872
1916
6809
1659
6805
4267
1289
5728
4260
6619
4292
7036
1520
6946
6188
1919
316
4998
4296
5968
2666
4879
6531
2668
3086
4991
5963
3232
6120
3244
6610
6618
489
542
3148
3588
3638
3570
3027
5709
459
2667
6532
5721
3023
483
5653
1435
3380
3591
6599
6600
6602
3318
548
6062
4648
6658
5553
6697
2310
6711
1074
185
1069
183
1064
4220
6782
1652
2123
2113
6842
5096
5092
5047
4295
117
116
4999
1706
4369
4409
1944
4601
4603
1874
4735
2331
5417
807
5450
2472
2456
5456
235
5445
6650
6654
2457
1199
6944
1011
5001
4297
3016
6640
4291
4644
4287
4774
3254
6659
6853
5859
5846
2082
5449
443
3313
6945
1470
6948
3104
2960
1188
1941
5524
3774
6063
6195
6989
6981
4608
3082
54
965
6031
1765
139
3102
2014
5977
1900
6003
446
5283
3504
5311
5264
2314
4157
745
6767
4193
5278
237
3328
234
6598
6596
1267
1095
5321
3365
705
1284
6820
5384
5197
6467
3345
698
4641
702
746
962
4561
694
6121
956
1370
4860
3939
474
4738
4566
4148
950
619
4573
4602
898
6107
1091
5556
5656
6039
5554
872
3160
5598
4263
3383
5753
5758
3265
3269
3286
5093
3310
5195
3615
632
4272
4221
963
5961
629
5568
4401
3824
5470
4191
5272
3105
4362
4993
4196
5266
4996
4997
5458
5725
1207
5654
3584
2207
6296
6633
1658
2826
6287
6804
6780
6631
6845
2070
1448
120
1696
111
2515
6307
353
6641
1495
218
2742
2317
2741
6696
6339
6440
2739
2662
2436
2172
2168
2155
6335
6906
6915
6627
6943
6985
2677
2898
6616
7030
1942
6595
2636
7104
2639
6564
1807
3014
2656
6176
1974
1726
6965
6601
283
6605
6962
6607
2577
6675
1194
615
614
2564
6677
697
5661
2566
217
693
3976
6656
3597
6589
2432
5652
5446
6647
1577
5594
6629
3589
3907
3607
252
3827
3681
2373
6644
5390
1697
4299
6960
4414
4432
4456
4475
6963
4888
4885
871
825
4882
955
4564
1936
7039
892
899
1915
7140
4733
4668
1767
1720
124
2096
802
5386
210
1111
5365
4135
2326
5329
200
740
743
2298
751
182
2178
1060
6760
2153
5229
6769
781
6776
4262
6785
5168
6824
707
596
3026
6197
2822
3387
2782
1368
6111
2764
3212
6461
4647
5782
6177
5912
6222
6460
2882
3324
6192
5821
3323
6397
6070
3268
537
6037
6392
6378
534
2679
2847
5855
5697
6530
6264
1367
6046
3469
3496
1363
5720
441
6254
2002
6702
747
1687
2219
2870
5902
1450
1373
1338
6701
758
2223
5286
2252
6221
4329
4168
5358
1016
2024
1099
1692
4552
4139
205
1488
2758
826
6347
4517
196
6700
3231
4513
6036
2212
1333
6725
6925
1635
1477
5220
2015
5209
6939
2095
848
1654
6771
5199
5976
4357
6283
2850
801
4270
5163
4271
136
4366
5225
6330
2128
4192
5056
5063
5913
3217
3216
2871
5945
2081
3214
4198
1707
4278
4130
2759
2151
4989
132
6727
6338
5285
4884
2633
5726
6604
6519
575
3398
2686
6485
6620
265
4604
5535
6157
7100
2530
4576
2695
6466
3772
5597
2635
337
3404
3545
4683
2665
5694
311
6559
5665
3513
6537
2719
6575
4728
6536
6590
3414
3590
1268
5644
1824
5619
1263
7093
7095
3321
1173
3312
696
2743
701
6394
2431
6975
4880
4881
6193
212
51
4082
5851
4101
1109
1967
230
5006
3934
6639
6185
6091
1948
3880
6634
1402
2452
5810
4861
2446
2488
1434
4639
4631
2873
3029
2876
2918
3017
1922
1366
4541
3012
3022
1433
3011
2879
1702
4448
985
1871
969
3080
1440
1911
1870
961
3024
1910
4339
2961
3520
2859
3782
1176
2510
1286
1288
3829
1171
3914
3937
2732
3336
2736
3327
3952
3959
3308
4001
2523
4004
3758
1195
3541
3553
3558
2660
3583
1544
2638
3594
3595
3602
3660
2684
2570
1205
3700
3708
1280
2690
1693
1492
4025
1650
1051
2770
2146
4265
2144
2143
2856
2134
4276
1364
4284
2074
1686
4288
2066
4293
4219
4020
1636
1630
4049
2350
4100
2344
1104
2328
1096
3262
4143
4144
1328
4158
4173
4179
1073
1336
4190
3525
1401
885
5899
4995
642
5550
5873
6967
6803
6295
4992
6751
5413
6864
5680
5336
6806
288
5650
6987
7000
4970
4967
396
5431
6630
131
184
6256
262
5752
6802
5000
6801
6787
6457
5784
6449
634
6420
6414
5748
6784
5811
5050
5367
5815
6395
5743
5599
6762
720
544
543
5592
5008
5007
5350
6513
6764
6715
588
6636
6057
5306
760
6576
6073
742
896
4777
