6942
1658
4262
3105
1655
1284
3046
4264
3040
6940
4602
5657
1285
4601
6935
1657
4604
6038
3048
3043
446
1650
1282
3045
6904
1170
1653
3047
3108
4608
1289
1281
1652
3049
1178
6558
3042
1283
6033
6949
6910
445
5651
4455
6036
6034
3109
1440
1286
1280
4600
3023
2070
3286
6900
3044
5520
4297
1288
6031
3102
6922
5445
1448
2633
1287
6911
447
441
6941
440
3101
6926
1479
3041
5453
1449
4269
4265
2069
2323
4104
6921
444
6930
3288
2081
202
90
5443
3104
5658
6543
4105
4109
6037
443
1474
6030
4280
449
6789
6783
4606
4607
5653
1441
5654
1406
5656
6920
2325
1068
4136
6945
1317
2082
6551
3521
6908
4100
902
5448
6962
4577
4603
6
5458
7164
5977
6546
2632
5652
1443
1446
448
516
6447
4904
5002
3758
6927
1171
4285
3280
3082
4951
4260
5441
1701
2003
6936
1311
5020
5047
1654
203
1656
1937
5659
474
1903
4271
2667
4139
6039
6120
267
6127
2324
2321
869
5619
5450
5457
5403
5476
6924
5456
1678
2005
207
2074
4304
5592
6530
1476
6674
544
7155
6769
1659
3284
2004
6531
3287
6946
3933
2745
6937
5650
4135
515
2329
5571
4272
6545
4295
5475
2000
7032
1472
6001
4072
4073
1753
1061
5459
2312
2530
2457
2456
2452
4107
5374
5907
5444
6766
5768
2840
206
803
4899
1444
6903
1706
1450
6919
6637
2955
763
6928
6929
5655
354
5595
1066
541
5449
6352
386
5699
2326
2328
761
5769
388
1470
3262
403
5599
1176
4631
4644
4647
3100
4595
1319
2738
5873
3289
4475
3964
1179
995
442
514
1313
6003
4267
5420
5903
3959
2879
0
6765
6806
269
1757
1755
6803
1749
6762
200
6767
6931
6703
1708
1742
6938
5038
3690
4901
4860
3691
3716
3754
2007
3522
764
2816
608
2055
2002
6786
5317
1692
3106
6214
6895
2073
6089
6905
3283
4758
6916
5490
6505
3755
996
4366
997
3983
1002
1003
1122
500
6028
5889
7112
4261
1102
1590
1067
4082
1445
4412
653
1146
205
512
7019
4605
4643
7013
5745
2635
4490
1147
4646
243
2822
1677
6556
5455
5895
5882
6785
1442
6768
2851
5647
6746
6672
6581
2954
2847
1433
762
6853
892
4685
1922
1174
4636
1172
3931
4422
4396
3955
7069
7077
7105
1111
7124
4259
1765
3782
5447
867
4840
5408
6860
1337
6872
5278
1318
5239
725
3117
5121
1950
2152
6934
6944
3525
4878
3602
862
2154
6449
2301
406
2473
2570
2439
6297
6397
357
365
6113
6316
2580
6375
3383
5747
6223
3318
5017
6506
4942
818
2812
6485
754
517
4876
538
4820
5559
3692
6510
215
3753
6974
4753
6307
327
6975
2634
1431
756
545
6763
2207
1515
1355
1673
6745
2875
5452
6741
6848
5438
6734
6731
6730
1333
6710
6708
2481
6901
5228
260
5668
6909
5108
3282
2472
2156
905
766
4102
2398
1546
4273
1139
2677
2310
4183
1478
1127
2699
1807
1116
4060
4263
6383
1475
1626
1032
299
5961
3944
1065
1049
4393
7
4094
3939
1074
7034
2669
5989
1173
1091
1156
934
3932
6115
6502
1316
1372
2314
1583
5226
7161
5168
4268
6764
6881
1105
6403
1107
4219
5371
4203
3095
3086
5413
2573
1101
4078
6843
5451
6122
1748
1029
6311
4037
1926
6229
4330
4879
3956
6254
3611
3634
6473
4815
4456
4541
4754
7028
3774
2376
6320
903
7012
990
4903
6461
998
6914
6498
7099
5076
911
5071
769
6215
6378
5113
77
4287
69
1741
6222
5030
4035
4029
1123
3520
6948
2584
421
6007
2918
1404
5746
2698
5947
2771
2892
1436
2116
2844
511
5762
588
1660
220
208
5664
504
6760
2638
5856
217
1434
5975
2821
501
5842
2184
248
5846
1425
1423
2697
411
4875
4872
3615
212
853
4735
3772
2159
3771
6584
863
4765
3721
2424
3764
513
2936
201
834
2827
2179
758
2466
6932
767
6933
542
6947
6035
2815
536
1707
5019
6959
3347
3473
6966
3506
6968
2212
4900
1439
826
3528
836
4728
4658
4723
992
993
308
5913
5930
6559
463
4036
6554
5966
5967
7111
2317
6534
2639
2696
2695
4070
2693
4175
1770
7153
1488
4119
4117
2663
2642
991
3781
1811
4356
4722
6310
1186
5831
3834
6211
218
2804
4641
4617
2636
7040
3924
2365
483
1154
2637
4492
4485
4459
2743
6331
3941
4400
4398
311
4364
1814
750
5376
3085
5516
367
6084
5454
2895
132
583
5482
3115
5314
1695
6847
136
3252
5227
5238
6189
713
3107
6807
266
2040
2868
5270
6500
3059
1955
2478
6059
5430
1665
5693
5164
2959
2841
5577
6448
5556
5546
679
6686
6157
2612
5092
3281
1388
6716
1332
4392
657
4449
6578
913
4434
6838
2809
5633
6979
1144
1817
2854
673
6128
6137
1831
2857
7036
4592
4584
7038
1921
3907
4551
3063
263
5887
7020
5446
5440
669
5421
4530
4516
3938
2390
4496
919
2392
4640
4465
1155
1577
748
2234
252
3022
1371
436
5580
4185
5579
6450
2979
4164
1057
4143
2153
1754
2300
5550
6513
1095
1073
425
1077
2265
1767
4091
1759
1597
1098
1513
3024
4266
5899
6576
1135
2101
3980
6857
2261
2322
5912
5926
4023
6801
4303
5934
1011
4030
4300
4299
1783
2886
5472
2066
1517
5952
5958
1598
5486
6835
2237
4862
5835
6188
6507
209
6182
4871
2076
706
1306
5035
6256
4842
2444
2843
779
6490
3673
1704
2183
6277
6177
6216
835
2451
5788
5679
2475
5011
1929
4968
805
3496
4946
4908
815
565
773
1315
6970
2166
2848
716
5014
6902
5781
1923
4883
4882
5763
5061
704
3359
768
3272
1761
5727
6029
765
350
5308
6213
4752
1188
1697
6732
4705
3784
3092
6923
685
1336
5095
899
555
2811
5816
5315
3751
6298
5712
6675
1925
3863
