6940
1653
6942
4297
4272
6935
4601
6926
3108
446
6930
6911
6922
5657
6904
1657
4262
4269
1658
1289
6937
1284
4265
443
4260
6033
3042
5448
3105
5653
3023
5520
6038
1655
1654
3043
5658
3102
1285
4280
6920
6558
4602
6910
2070
4261
5445
4295
3040
4608
4100
6949
441
5788
2633
4264
2323
6900
3049
6932
4606
445
3027
202
7164
5654
1280
5799
3109
1650
6031
5443
6546
6037
1701
4600
4285
3046
3047
1066
1068
2745
3041
3048
6936
6034
1472
3044
5444
1178
3771
2081
5047
6039
4604
3045
6921
2635
4455
6916
1652
3288
3286
6919
1656
6938
5490
6923
2082
3101
448
4299
4296
3020
725
1283
5873
6785
2325
5449
6530
6927
4267
6941
6352
6556
4271
1282
6924
6929
2207
4104
1287
447
5785
2000
1944
2815
6905
2677
2667
1065
5651
2301
5815
6944
4475
5447
1474
1755
6222
1288
5975
4292
77
1286
6908
2632
3774
4287
3104
1098
6914
6551
4268
6934
3100
6531
3001
444
6968
1719
4899
5450
6928
1807
2456
6030
212
702
3939
215
1281
2437
218
6965
5529
2740
4183
3106
2686
136
6575
6901
6786
1388
6584
2895
1170
6789
5858
903
7161
5879
707
2811
1105
5727
7155
2851
1470
719
706
1491
5652
5924
5451
3359
5463
5453
5498
2154
6948
4432
4456
6447
1337
2308
2314
544
4298
6543
6188
4685
2738
3022
6113
5413
5030
211
2415
1783
3964
5168
4073
5655
5656
714
4577
4555
5685
3318
803
4263
2743
2452
4412
4400
2669
2310
4187
2636
2069
4776
5092
2631
2634
2530
1714
1713
4101
2936
2472
5227
5559
1692
4607
4605
5434
2812
6127
6283
6036
6637
7159
34
5907
6783
5850
6962
7040
90
203
5831
997
6370
6782
6537
1444
6001
5802
1515
206
6122
217
4173
2074
6767
1479
4138
5440
5441
440
6003
6019
7085
2935
3086
6375
200
3024
5050
4266
6111
4951
207
1919
388
6557
386
892
1077
6946
4882
1449
6945
3758
5977
2004
4815
5371
510
4281
7105
5570
2822
1171
1697
5712
2329
3904
4541
5002
4030
1678
3262
5647
5855
6320
5846
2796
2434
4077
5743
716
2879
4291
2638
6902
1708
1101
5912
2821
6256
1628
5509
1313
2438
6803
4631
3028
872
2637
6975
4398
2241
3568
1091
653
4603
3244
4860
6939
1061
201
513
6868
1448
1431
6903
449
96
3664
5005
3908
6532
1450
1069
1067
1064
1937
746
5460
600
3788
2324
3848
2488
1711
3900
3902
5619
5854
4036
5659
2818
3967
3941
2817
2816
6711
5358
7132
2312
3018
4175
2128
6539
7019
5228
5266
6570
5063
3755
7032
6536
5317
1074
118
3764
1317
2570
4037
6378
3668
1319
3679
6527
2417
998
3521
2432
6473
3643
6762
6776
541
5771
152
6675
3782
4283
565
4290
1311
4109
4105
1250
3840
2439
6571
4135
6581
5781
6931
751
4879
873
1565
685
3026
5033
5035
5076
208
3016
1848
209
1720
5226
5283
5464
697
5308
896
6046
1073
899
7152
5436
357
704
4
5526
723
5818
5782
1328
5787
5740
5708
5704
3369
5812
4530
3289
5816
6325
1659
2003
3280
2744
5595
2009
5872
6115
4775
5650
919
1095
1440
5859
2810
3903
2852
2827
6
2875
2758
6763
2788
3441
2741
2642
2656
639
2639
3493
3352
3533
6848
6866
3615
763
6882
1100
3781
3103
6917
6780
2431
2596
6933
6943
6947
6973
3691
7013
3446
3014
2739
619
694
2295
6087
963
1477
902
4957
1338
4566
1546
6337
875
962
1938
5456
4535
4492
205
5224
6339
5961
6373
2129
5454
1475
6266
4609
4884
869
4881
1959
4875
1983
4828
2007
5417
5430
4735
5438
6185
5439
1441
6255
4658
5442
4638
2424
4632
4402
1955
489
2159
2321
117
545
819
4139
4132
818
5284
6679
4102
5598
6694
5839
6708
5830
266
5749
4072
5761
996
3945
1240
2155
4224
895
5467
4366
2236
4359
4356
898
1626
5516
6448
6559
1310
6459
1928
5889
6506
5874
4273
1707
6510
132
2249
4898
1757
894
2419
1520
748
2752
1742
1724
1717
2764
2809
1636
1693
1070
908
762
1911
2234
1174
2245
1316
2300
2306
2307
2573
1176
1179
1187
2451
995
2326
1208
2328
2376
2647
2127
2125
2117
1921
1929
1933
1950
2736
2706
761
1443
1902
2078
2684
965
1387
1111
2116
769
1145
1155
2702
1765
0
5121
6311
6304
4392
4395
4396
4422
6329
4477
6267
4623
6254
4654
6229
4721
6297
4777
4339
6406
6498
6490
4098
156
4143
4171
6364
543
6457
6449
4286
4288
6441
4294
4185
6507
4811
4822
369
5352
5433
5446
5835
5807
5329
5773
5679
5666
5664
5599
5594
5592
5492
6137
5306
5197
4823
4835
4883
4885
6045
6032
5210
4903
4991
5001
5009
5036
5071
5983
4904
3961
511
5550
3011
6764
6769
6787
3029
3082
3645
7069
3607
3593
2983
6836
7064
6862
6883
3959
3336
3327
6912
7012
3117
3235
6843
6739
3012
2945
3933
728
3907
2829
2838
3874
2883
2886
2889
6707
32
6724
708
602
6715
5966
5906
7037
5870
6005
7104
5984
7095
7055
6015
7091
1578
5745
5982
5750
5896
1518
7080
5944
5974
1532
1651
5770
6509
6028
1331
6716
6440
1314
5554
1238
6623
6456
6620
1300
1263
1277
6545
6534
6485
6525
6522
1236
6315
1189
6307
6925
1092
6918
6068
6120
6909
6856
6207
6025
6834
1428
1406
6827
6301
1173
1402
6777
6771
1437
1099
2828
5531
3716
3753
3772
2483
2481
2478
2471
2457
3823
3834
3844
2572
3849
3875
3886
3906
3924
4060
4075
4082
4094
4103
4112
4221
3856
4225
3690
3654
2850
2860
2881
2934
2734
3084
2705
3088
3107
3175
3252
2574
2681
3307
2663
3410
3414
3458
3481
3497
7168
3640
3646
3651
3283
4256
4278
4289
5056
5108
2825
5195
5209
1791
1787
5263
5314
5376
