6946
4605
2669
1446
2666
6119
6546
2745
264
6900
1402
6920
6007
3080
1111
5823
3109
1454
6307
3820
2662
6910
7161
3976
6113
6003
1449
2738
4608
2741
2743
7052
1445
5448
6296
6930
3049
4603
2621
5490
5765
6558
4273
3824
1938
2665
3215
6783
3103
6006
1460
3978
957
1404
3284
4135
2274
4136
241
5821
6843
615
2740
6929
205
6935
4130
2789
6120
3044
6962
1374
5228
853
3764
635
4495
3318
6911
5445
1652
7164
5452
5656
5169
2193
6009
3100
1443
1401
6452
1440
5827
6115
955
636
1408
6724
1650
1436
4076
217
446
210
2730
6290
6923
1691
2878
2747
2325
4131
1406
6904
5184
1110
6028
1114
5651
242
253
2148
6210
3286
1930
6112
638
424
474
6127
2996
6315
5559
2667
1266
3283
444
5619
4280
2333
1435
5227
6921
1444
6942
6539
1609
1703
6522
90
2339
6322
1433
3454
3401
2995
6937
612
4644
4091
4174
2668
6531
2732
4610
6872
5926
6543
4611
3662
2306
4613
5890
4879
1171
4029
4671
1407
3829
6461
7124
145
7118
3091
6908
2196
2199
1405
1403
5223
4233
5099
1701
6941
6912
5489
3046
1318
3106
6905
4673
445
4616
3704
6918
4606
3105
4648
3098
4615
6907
6916
6940
678
592
4641
688
2953
3288
3129
6729
943
4845
6847
921
4643
265
3085
4646
2734
2330
3967
3818
5359
5690
1441
3823
3825
2332
2653
5698
4148
5079
5520
6001
7072
5488
1439
6214
5388
1448
5628
2207
5825
2780
1974
5625
1692
1658
5849
2742
5397
4600
5281
4092
4647
5258
673
670
6578
5251
5441
6002
3914
3325
5492
2296
7079
1708
4540
4276
1604
2314
707
5811
6926
2259
4286
5480
85
5800
2146
3287
6520
773
4640
5846
2338
1831
2194
3985
5696
588
4023
1910
6366
4414
4408
6314
247
2731
2744
216
2748
1105
6864
6252
443
6114
942
3396
1377
3385
613
6949
2573
1336
6447
3081
1409
3086
6033
7053
6103
2195
3082
1934
5668
1963
473
4602
4601
2068
486
4356
5483
3451
3426
4455
1807
5499
2168
3282
2081
3390
5790
5675
2815
801
1714
4766
3023
2633
3021
2663
1285
2994
6411
2993
1015
1016
1026
4825
2677
2683
2906
1216
4860
1196
2874
2757
2758
2759
1115
4896
3042
5037
1333
3084
5434
5889
1655
2262
777
2310
5941
6534
4622
2807
3180
5953
4604
6521
2367
2372
2388
4649
5256
6005
5222
2474
1437
1432
1431
5163
2364
420
5653
6922
3826
3944
3615
3745
6901
6974
7018
7086
4021
235
6919
7013
7162
6924
6932
7112
260
268
246
3983
3965
4124
244
136
307
4022
4093
259
4182
5455
2392
1514
109
2564
2982
634
5795
384
4494
2660
2938
2623
1848
248
6769
3987
3433
5763
1068
1066
2909
3982
6316
252
5777
6326
3885
6742
7069
5226
3394
5781
6111
596
6352
1498
5451
3630
3322
739
4080
6914
5421
5882
3101
3102
2301
3123
6530
6527
3131
6526
2764
4067
4670
4665
3144
6518
3917
2721
3161
6936
6449
980
65
1576
5820
4496
973
5449
2736
1371
2735
4771
2190
3961
2191
5968
4542
3280
6437
4140
4548
6579
927
4219
3047
5950
6963
2335
7146
821
6043
5150
6873
2786
243
1970
1434
5601
6122
5589
1447
448
2873
2862
5168
2034
162
2648
5708
1375
3577
5704
4173
7045
1858
5691
1929
6281
421
422
3452
1284
1455
5658
435
428
5652
124
6867
2628
3828
6295
1280
1916
5826
4891
267
1541
143
2192
4498
1190
7051
2812
1713
2477
6661
6968
6584
6038
5972
4045
6434
3019
1562
3255
5325
2349
3002
4128
5300
5970
6199
3821
6302
6570
2725
6209
3913
2257
6537
6535
2299
4619
2783
774
4679
2661
6059
6525
806
5387
3919
1379
5655
6869
2292
6
771
4191
7111
7047
4746
456
2336
1932
6448
5851
358
1937
2331
746
898
2577
5858
4192
6456
2239
5056
5414
2312
4575
5980
2488
483
583
5557
33
4824
4400
4393
1877
4099
6975
1193
2452
2695
4820
1495
1791
6721
1497
1790
1028
132
611
5996
1796
4364
240
2926
4849
7029
546
6306
5729
535
4844
6312
4149
3437
4412
3436
6877
1825
2746
6313
1199
1061
251
1450
5725
4175
1069
5459
5458
2991
3335
5810
6102
236
1430
4094
2992
1373
5801
5253
1282
5654
5819
4492
632
1121
4180
2739
2987
6711
3915
2990
958
5187
925
6146
952
5360
6476
4832
4827
1452
1550
101
2888
6247
6031
2580
4848
5392
5390
2579
1459
4190
6063
305
1547
1191
4674
4677
2876
5121
139
141
2491
2983
6393
6451
1494
6441
5947
1211
6264
1029
5992
928
5328
208
6000
3048
4799
1022
2961
919
2808
923
5234
163
3072
4821
4120
4262
5952
3778
1520
6945
4970
2510
1603
4968
2318
7087
5939
4781
2503
6948
3708
6376
2415
6267
2346
6037
3108
1037
1378
6577
3495
3827
5840
4543
4397
3469
5571
2632
1865
6896
3455
399
4541
3450
1866
4432
3504
5443
4285
3937
2012
6164
4991
734
3254
4025
7020
4593
4584
6822
3512
6177
3521
684
681
4297
5771
4308
4486
4304
2134
2135
5807
6715
6889
4456
200
385
614
1794
1254
4491
1251
4142
2080
2188
4035
2084
672
6191
4499
2107
1749
3323
2174
381
5498
5813
5812
6841
1913
3365
1985
5883
1286
5885
6204
2264
6551
7155
779
6927
436
1992
6128
6092
1229
3537
5637
1980
6931
1289
413
3185
3187
437
3657
3597
2706
5419
3544
1677
3602
3594
4284
1915
1919
6853
4350
762
7139
3377
2768
122
5117
5493
1798
3424
1258
4941
5671
6871
6725
3371
1198
2788
4188
434
5770
3787
2772
34
2937
6865
2530
3383
1386
6878
4003
111
2781
3403
5220
1261
2520
2456
6008
5657
4440
3783
164
1969
7153
6309
27
5556
7058
4336
6289
1102
3780
1287
2955
2871
