6951
7165
7168
4980
6953
6956
6796
3844
1606
3846
5999
3478
4270
5048
4985
1991
3840
1512
4986
5246
2506
4988
5437
3195
2558
5609
7158
4851
5415
3761
5249
2198
4052
4108
6671
4422
442
3194
2485
1637
4528
3193
6029
1079
4983
3171
2240
5412
651
6561
466
4748
2295
3769
6396
4107
3772
4747
5432
6958
4429
2552
2553
3819
4428
5419
1548
2549
2626
4426
1916
5154
3038
4056
5600
4055
3768
4051
2518
3476
4210
3775
4858
4717
1172
5775
1516
5240
2496
7148
1875
347
6237
1787
5416
2565
4857
3745
2246
3760
4683
6804
1064
735
5049
2551
4180
4425
2546
5871
3812
4427
4177
7081
4787
1630
4058
5153
4109
5308
1076
4053
5431
1915
2938
4030
4037
1042
3515
6674
6676
1174
980
1322
4185
5050
2543
2541
2557
6550
6950
3659
2449
3767
3800
4740
4574
5603
2255
3257
2544
4423
6126
6793
6124
6129
4421
2481
4031
2624
2483
5192
2251
228
2250
2242
3765
3773
6035
2187
2406
6874
6799
3475
2179
6030
730
2081
3808
6223
3890
2608
874
863
3909
954
3519
1824
6173
1820
444
3847
6952
4398
3836
2556
2550
983
2545
3977
4834
7021
4847
2067
2069
4741
2625
6770
2119
1627
2758
1290
4189
3250
4982
5110
5834
4374
5045
1247
1129
2910
1551
51
122
4221
3298
4071
6399
192
3283
6562
4252
6957
3299
2562
6423
2559
5161
6172
5894
899
5605
1683
5466
5115
3510
985
5861
4116
6568
3516
5954
1175
3540
2647
911
1911
2614
3012
5076
1243
5223
6117
5042
721
6875
26
1297
3665
7155
1303
3192
7157
3673
3674
623
3679
1382
6148
739
3777
4752
2540
5393
3815
510
511
3813
1246
2493
2490
54
3803
3619
5534
6890
1279
5935
5561
4848
5923
4038
288
4396
4050
5876
4059
4411
4086
199
6392
5122
2819
4855
4856
6320
3286
5108
6670
3670
4854
823
3669
3667
467
3409
5414
603
5831
2622
5310
3845
5225
3297
266
1200
1998
4770
4402
3032
4628
1048
4776
4638
3877
1967
3407
86
2548
53
5206
6004
4911
6892
3779
1386
4910
5124
6663
733
731
3233
1638
2418
5203
4212
1292
1473
1296
5132
4032
1656
5990
4984
1240
2073
4742
1242
2077
1065
1092
197
2514
4577
2507
710
3253
4183
6714
4529
4390
2963
4329
2733
3675
7007
2285
1847
3511
3686
2351
332
5875
5684
4476
2717
5241
7101
346
7082
281
7083
6227
5354
6525
4841
5966
136
7167
1019
5438
6224
6688
3652
1066
4850
5392
1070
2775
4842
1782
2752
3254
2863
5995
1062
2526
5406
2064
4660
341
3350
1436
3474
2417
2268
1792
2989
2280
2411
2505
4987
2497
39
4176
6023
6800
6464
3985
7151
6123
6893
4057
3724
4832
5126
5436
737
6666
3776
5900
3995
2463
3802
5133
2118
6774
5035
6010
2190
3238
7085
2325
5575
3804
1776
2861
294
7014
2762
2063
391
84
1887
868
7102
928
5152
2247
2232
3567
3757
4947
5835
4391
3197
3910
3048
190
3041
1501
4424
885
7106
4853
1179
1181
1628
5501
4100
3542
1919
2615
6979
1621
7105
2611
3887
1187
1931
440
722
2684
3838
2004
5837
1211
3191
2715
3190
3832
6432
1633
1474
3518
3517
6557
1471
5172
2731
812
4377
1176
4285
1491
4488
5162
6948
1204
3585
952
5165
5039
1844
1209
446
5926
5195
1304
4261
3766
1632
4404
1307
1342
4254
6524
3747
1629
4621
4215
6811
1482
3771
4364
3879
3889
6727
1141
916
917
4101
929
1177
5236
946
1845
6185
1841
1816
974
5244
4106
1779
1778
1537
3986
6285
1706
1705
5459
1692
5496
3770
861
4122
726
2173
1389
5435
4601
1075
6541
6781
4387
6454
1431
2110
4576
1623
1248
3818
4081
1477
1546
6335
3835
6425
2022
2007
1493
6564
1196
6171
1608
3862
5742
6959
2416
179
177
7086
6877
3588
3333
5836
3654
6027
3033
286
5989
4949
5824
113
5171
3269
2537
3404
5993
573
290
280
4849
4846
4859
308
2827
2832
5921
3473
2494
6894
2508
5996
5175
7006
5897
2734
194
3107
3110
6871
3688
5606
3676
2596
5780
2568
5608
3256
76
463
3252
445
5156
5987
469
3211
3536
427
5982
3113
6954
2753
5607
887
7010
4821
7012
4516
1876
3982
3987
3881
1783
873
3873
1733
2766
421
1970
1697
2591
6321
3979
5245
5498
3940
1889
919
936
937
1863
3541
3914
3524
3521
6712
3917
910
3546
1910
398
2706
2620
3918
2711
958
1840
4783
4782
5159
1826
927
1813
4514
2735
3512
4852
2335
3488
4277
1256
4279
1249
5070
5786
77
7140
6551
1459
6555
1470
6556
5733
4981
3101
3291
6544
5781
5777
5386
3210
3199
5348
4233
1306
1305
6514
7152
1203
4217
4213
3174
3243
4197
52
5329
1405
1407
3221
6677
1492
121
6647
2883
2882
4403
2872
5660
6667
1073
3581
7046
2831
2829
2822
7028
6672
7025
5931
2888
4395
5120
3422
4945
6422
1511
3030
145
3355
2978
6404
5828
5862
6389
4918
6377
195
5271
198
5878
5879
5865
3472
2289
6790
2194
2272
4630
2196
2265
3656
2536
6854
625
6795
2032
2519
2164
3589
6033
6045
2542
3809
6809
4556
484
686
778
2443
2442
2228
6886
6862
2114
6170
6914
3621
2412
2337
2318
3695
6743
3722
6927
2008
441
6794
443
3650
2191
792
3805
6139
5518
2479
3663
5992
3623
3651
2182
4084
2928
191
4916
1549
4354
1147
4370
1151
5430
3405
3403
4365
4104
1567
4103
5668
2936
1624
1120
6355
3449
749
2852
5130
5648
2456
5657
2835
2457
1063
4416
6339
2825
6669
1658
1069
4893
4708
2871
570
5566
196
5576
3418
3424
4898
5184
5896
1625
2447
559
2887
2884
3434
747
1635
3413
2413
5986
5675
5738
2275
6087
2267
3251
1264
4181
5051
6545
5059
4172
4278
5785
2372
