7168
6951
5609
2198
6953
7165
6399
4422
5848
6396
2496
936
2889
4377
6008
3478
3418
4741
3412
1943
2703
1606
3038
7160
446
3193
442
2190
2062
6950
2485
4370
2508
3458
1444
2295
5459
4609
1287
4180
6952
5465
4108
4107
5986
3844
3250
2706
4516
4424
5048
4477
6371
2558
3259
1176
3468
2078
2193
5713
3840
440
5605
5240
5165
136
4986
6714
5457
1947
2816
5430
1820
5831
4374
2073
6958
3511
447
3282
3667
5089
5241
332
3256
930
5710
4398
308
4412
2077
6956
5712
2195
4037
5603
2199
448
2339
5664
443
985
2451
7025
3476
5575
4285
4293
3257
3254
3197
4379
3048
2988
1211
6961
6751
1697
7106
1991
5115
1630
3008
1779
500
1656
4471
6001
603
2966
6087
5452
1653
2705
4070
1431
2483
7164
5415
5454
5041
6561
1946
3519
5171
5244
1682
5246
5608
7156
400
5045
3414
5852
5854
5551
5531
3286
3281
3255
935
5124
3920
444
7167
5665
2239
122
2007
1248
6279
2067
5675
2081
6585
651
5030
5835
3422
3411
2329
939
6321
3415
3416
2301
1840
2191
5660
6881
2883
5923
3210
6555
5029
4530
3619
3567
4086
4488
5308
4326
932
3299
3339
3682
341
4288
7151
2559
4392
5774
5574
6385
6676
2463
4197
5245
4871
5161
2449
6674
3980
5823
6514
3515
6671
1683
4210
5652
2541
3887
4395
3464
4219
5042
1175
4218
2519
2882
4980
7158
4217
4213
1171
5600
5613
5685
3745
6874
4376
6770
2068
1998
5051
4389
3772
7150
1655
4365
3413
445
6515
3449
3640
3463
5558
3465
3473
1689
4201
5577
5824
4189
3467
5075
3410
4271
7004
3195
3688
874
6999
3252
6990
3686
4851
6997
479
1553
4423
4278
1703
4425
4106
5999
6004
5723
3869
6955
86
2636
5310
5721
2506
1987
4532
1048
3823
4075
1629
2622
2606
2550
6534
6030
2633
3862
5725
6224
6607
5987
2717
466
1263
6935
4101
2769
1269
177
5654
2323
6223
2713
4450
2186
4787
6139
396
4279
3995
1693
7064
2708
4574
6914
2543
4623
1637
2443
2064
6672
3512
5781
6957
2060
4740
4737
6960
5412
5707
5700
6964
1181
5315
5312
2505
3474
2513
1526
4660
2540
2544
1157
3461
5440
5856
4426
1633
2888
1471
2911
5053
931
2930
5050
270
4479
6003
4804
2300
4110
5784
5740
4100
4396
4397
4842
3521
4458
2964
2401
5039
1492
3012
975
2983
1783
1793
1794
4030
1512
3187
2031
5861
4853
6086
2318
5455
3991
1077
1701
1517
5271
6045
5085
6040
6774
4537
5518
1565
1822
5611
3695
6037
5076
6033
1042
3194
6026
1805
3191
873
6787
3617
2069
3664
647
3766
5726
3845
1622
608
3865
3867
1620
3889
3890
3943
3993
3646
5785
929
1647
1147
2565
2602
1437
6109
2733
2734
2551
1065
6039
6425
6433
6038
2885
2887
2921
1054
2517
2488
6176
2088
2100
1339
2192
6335
1999
2267
2285
2291
2297
6227
2362
1230
2406
2447
1944
2456
1004
5792
6909
1473
3283
6796
5858
5850
1692
3424
6481
3253
764
1676
6488
1658
5808
5802
3576
1546
3475
5896
6781
6780
5996
5994
5993
983
2963
3028
3033
3040
946
5982
6566
5973
5959
1713
1705
921
914
2936
6910
7169
473
5559
328
5560
4881
5648
4834
4747
5049
4916
5326
4808
4074
4453
4492
4079
6975
4112
5317
6940
4082
4742
6969
4746
6966
5573
5576
449
5520
4003
4875
118
6959
4382
4421
4378
7065
4622
6994
7003
6995
4282
7013
5450
4270
4870
4601
4578
35
34
4638
1250
1249
706
438
2224
4335
6031
441
2216
315
2829
2196
4850
3623
6023
3516
2226
2325
5406
2247
5787
5788
6032
3199
3593
2240
5509
2855
739
1283
2293
4528
152
7002
5894
2232
2228
2337
5405
4817
2269
4739
5579
3425
1078
4317
4314
2518
2536
4251
2542
1079
2549
3406
5840
6791
6698
4600
3291
825
2702
4608
2616
3355
832
3350
219
5876
1174
5818
5431
3263
2419
5524
2442
5578
3472
1322
5827
360
772
6817
1209
4725
2455
6979
3462
6082
6175
4324
3455
3452
6172
5828
3440
1187
2490
1076
5775
2385
2194
1721
3874
5046
3102
5486
1491
5035
924
602
3863
1479
5033
1795
6889
919
1474
6000
3846
618
7121
3126
5607
1813
1828
5011
4474
6427
334
5718
6422
4056
6927
7163
1621
3024
1628
5666
3982
5680
7157
1548
5662
938
7152
3966
4055
3964
1543
7149
5242
3942
2989
2985
5126
4038
2984
5492
1511
3081
6557
5152
4478
1809
1844
2066
6261
6372
6262
6270
6362
338
2103
4501
2094
660
3698
84
3174
1996
4918
2063
1949
4118
1951
5771
1848
3789
2935
5733
4985
1433
4953
5935
1882
4147
1888
6398
4491
4855
1327
2872
4513
1100
6759
4508
1026
4511
2884
950
2700
3018
3014
6716
2712
2881
6035
7044
2788
2932
2814
4473
1056
1005
7021
2928
5479
4459
2758
968
1052
1075
2910
4545
974
4520
4519
2902
2895
6017
4566
4570
2912
2672
3998
2661
1472
1808
6429
6424
4989
4988
1877
6401
5314
1940
5031
5319
6609
6357
4949
6355
2030
4910
4898
4876
2075
7100
6370
1798
1477
1791
1578
7
1623
5175
1631
5236
6493
1537
1533
1684
1687
5142
5249
5260
5100
5057
1706
6564
1760
5038
1787
1789
1790
4872
2119
6284
4857
6173
2481
4704
4700
1178
1173
4672
2515
4653
5434
2545
2547
2556
4626
1146
4617
1129
4614
2613
4606
4604
2652
6129
5414
2670
4738
2418
7095
6255
1314
2223
2246
2251
2266
6237
5377
1282
2292
4807
4805
4801
6226
2324
2330
1247
2372
2377
6670
2398
1225
2436
5496
6524
5500
5732
6877
710
5515
3223
5554
3211
5602
3209
462
5922
465
817
3818
3836
3407
3847
3860
5557
604
3173
4071
4181
4369
4366
3878
5516
6844
680
845
3298
838
3666
3288
3697
5747
5738
3654
4221
