5198
6713
3447
707
396
4060
2192
1028
4472
3539
3541
3336
2195
5734
5239
6266
6370
6085
1025
3534
3565
3874
6718
2194
3339
6948
3323
6963
6362
816
4046
2196
6137
5197
4863
7115
6641
4250
4154
3335
711
513
6269
6351
1485
3538
5554
5848
410
3418
5196
2436
4614
1947
2597
2612
4972
1370
4064
6703
6139
2311
2318
4903
263
2886
2805
4962
2191
6146
4516
6254
1443
6712
813
3915
3302
3548
3972
5150
6813
3542
3235
3472
3540
5774
5879
1951
4563
918
1048
1158
1803
1890
4453
6108
5825
4758
6997
2332
5817
1020
5857
1651
6895
3536
2437
604
6211
4886
713
5959
467
7136
4021
4235
2975
2287
4000
6279
5232
478
3530
4710
1746
2382
665
919
2325
1805
3665
7084
3663
4839
199
2268
3656
4862
4716
3544
5660
3535
3188
1226
704
5552
3123
602
709
719
6002
3332
3976
5862
2427
461
786
4422
2747
2738
3443
3448
2664
3469
5816
6810
1617
339
6889
6273
976
6275
2229
2060
2189
5083
2190
3028
1097
2885
1099
647
4019
2880
4662
5644
3449
2481
3877
2881
2431
1092
1094
474
1091
6925
5819
2061
1940
4115
5273
5814
4738
6716
4759
2430
819
2495
4901
2705
4440
6754
714
3330
2742
5182
6999
6132
6901
6136
6990
1608
3295
1128
702
2759
363
5874
1623
43
351
2793
1147
5190
3912
1137
3906
2197
465
701
2317
4653
6711
4861
6701
1340
907
6962
916
917
5101
5750
2263
2048
6292
3549
1021
5173
2976
5535
7114
553
4151
4846
2315
4256
4224
21
3531
5254
4201
1373
3331
7163
2702
6106
6082
1159
1204
452
5861
3326
454
1152
4553
6145
2798
2193
3274
3918
725
2730
2581
7121
2709
5071
1898
4885
6144
6353
5614
5784
3630
4477
4883
4197
5599
1360
3982
1359
5188
2628
3975
403
5371
716
706
2019
5412
3563
3562
6897
6825
3959
1383
49
2771
6608
2607
6088
4856
3340
4129
4166
6445
910
2432
222
138
2065
641
906
3172
1755
5820
4786
6029
915
4908
511
3491
2221
6009
5550
5787
618
3524
1993
6715
615
2220
7117
6240
84
4448
5569
2534
812
2184
4242
6390
6192
3870
5823
1723
3442
2882
6714
2741
6932
4365
5907
4366
1496
2952
5175
6938
688
3307
6004
700
5884
2973
4966
3115
2123
468
2746
3215
5573
5906
3176
1453
6001
500
1937
668
4026
2825
95
6685
2870
5155
4976
1358
4246
5499
7127
4965
6681
6412
3459
6814
2362
27
874
1758
4712
1083
5199
6250
5665
3458
1728
5194
3865
34
1121
5639
7035
4652
6818
2217
6253
5754
176
6272
6828
5779
2257
191
2266
3658
3545
935
3690
4831
6442
909
6255
153
4778
1044
5636
811
5863
7023
2098
3347
6399
3949
362
6143
6538
353
5184
1611
5850
1189
5597
1578
3329
3928
729
2582
1641
2678
6565
3320
7135
2052
903
2135
3537
3337
20
3974
3532
2054
6944
3609
5775
605
908
7148
2016
5119
4025
2032
931
3574
1202
2008
721
5054
1029
6753
5872
6308
3050
3527
3259
887
5574
3185
4069
5575
3187
1229
666
3871
669
3910
5015
3904
3229
1126
5022
5146
685
1131
5147
5643
3923
3455
5570
5865
1135
5788
5917
3950
3145
4110
1303
699
5924
3359
1087
5666
3291
1095
643
6719
855
6873
4020
6890
728
2023
5468
2442
2821
476
4661
288
1748
6054
5472
973
1459
1697
4904
6243
99
6453
6967
6252
2904
4294
1882
4789
2183
2366
6446
6065
316
5370
2618
4475
2674
5366
124
1900
409
411
2706
6071
360
2732
2589
4541
2576
2748
2749
2491
4395
453
5340
4443
6006
5187
2945
6267
2286
2288
6960
6271
530
5498
561
4223
551
6263
1415
4888
195
6262
3016
4226
4583
4555
342
4561
132
5745
950
192
1004
2262
1682
333
1647
3654
5354
3903
3436
4573
3435
4552
2068
3890
4609
6328
1849
6534
3338
172
5770
5772
4880
2617
6761
7017
4525
3033
2588
48
3352
775
2608
5749
1620
4860
6369
6368
785
4884
4538
6276
3879
3875
1016
3475
2211
2370
6463
5693
6439
6440
2357
1777
1026
3752
7066
3522
1790
5711
4830
7070
3528
2002
4762
2312
5090
5141
914
228
4791
5238
5732
7113
3543
29
35
6346
7144
5079
6196
6484
6434
1729
7159
843
844
6481
3460
3463
4887
3467
3831
1100
293
3669
6469
4667
4669
930
1089
6228
6900
6438
569
1374
3275
687
4243
545
4240
2802
2799
1302
1948
6016
4028
5537
5994
5415
2757
4167
6921
549
6704
439
6301
2649
2181
469
603
5889
6058
5543
2826
2962
2182
5452
1266
1939
5163
5577
6939
5930
6731
2965
2823
3223
3233
607
5164
4248
5019
4041
1259
4074
3183
5993
416
3321
1909
5590
6905
79
6996
5913
4196
6120
6648
6943
5183
6694
4221
1445
3034
2167
5910
6554
5052
6133
5180
4958
1942
499
6909
5041
5531
5404
6994
1458
5987
6396
3180
1291
717
1918
4063
1369
6722
3301
2724
5391
5044
718
1809
5916
3142
6256
2228
2224
1802
6447
2935
6026
1586
2049
977
979
6414
1870
990
3579
2237
5777
5778
994
6693
1854
1364
5979
6258
2988
3051
2018
6688
2269
2274
2283
5949
1022
2039
6003
1024
6671
6259
2960
1008
6449
2401
2892
1634
6367
3384
3385
6149
6776
3389
1153
6365
1526
2130
6742
1949
6177
2496
2756
2125
1683
1157
1547
1182
2108
2619
6322
1180
2104
2121
1954
3328
6114
3325
2122
3355
1899
1628
3363
2614
6717
2764
6502
2131
1945
1086
2386
2842
6046
2383
2829
1888
3499
6040
1286
6452
2888
2889
1298
6465
1514
6344
1267
1494
2484
2185
5885
2476
5887
2451
6220
2205
1893
1727
6732
3466
2434
1098
2433
2438
2610
5783
5762
4558
4556
3917
796
4539
792
357
4537
5615
338
7020
