2681
5439
2686
6933
1936
6922
3310
2481
6905
5194
6918
6902
3314
5666
3316
6916
1932
6925
6904
6928
6943
6923
5872
6914
3312
6903
2000
6969
6924
5989
6939
6926
6931
6938
5994
4429
5824
6510
5196
6911
5180
5044
6112
6920
2295
4428
6122
6945
6944
5957
2480
6934
2008
3474
1043
4636
6997
1927
6947
5987
5586
6915
1928
5049
1388
6929
6234
2703
5080
5985
6807
4425
3472
2684
1511
4842
3022
2744
5271
3100
1470
6891
5486
4399
3873
2203
2252
1930
4662
1937
206
4989
6028
3107
5665
2820
5546
2297
6919
2824
6917
3045
6847
3963
2470
4607
4492
1712
3945
5314
6932
1810
5434
6930
3763
3511
3476
1321
4394
4660
657
2933
5191
4392
5048
4790
3896
3695
4835
3343
3101
967
3158
4426
3757
6841
3469
4488
5669
2004
5879
1933
2256
5197
7148
1512
1697
2680
6771
6921
2368
962
6424
4295
333
3315
3475
2483
4845
4851
5839
4857
201
1044
5437
5825
2713
1934
2688
3023
6910
383
5184
6906
5587
5195
2826
5585
6965
3410
5182
5657
5198
6129
5199
136
2250
2632
4781
6460
2615
990
6936
5381
4298
3336
3693
768
1829
1828
6961
6941
748
1826
1822
6739
6526
3313
4275
4313
4960
5042
2439
3921
5054
6113
2027
6912
6117
2886
150
1494
4316
5188
3914
3910
3102
1900
3109
4038
4481
1935
7022
4040
6423
6422
4532
6909
5316
5829
6966
358
5834
5819
4272
3549
3565
5738
424
4624
5382
4151
653
2299
27
4455
5776
5780
2361
3848
328
6815
6894
4785
1718
6999
5986
4032
5920
4041
4993
1189
6035
5005
2758
5045
5969
5222
3027
5220
2966
2963
5100
5109
5144
1497
2823
6120
4315
1263
5967
1129
235
6538
2667
6913
956
5278
4797
3540
2023
2997
2294
1660
903
1783
2325
3891
4661
908
1542
624
421
412
2505
5113
5663
3447
4786
3516
6118
1423
6592
5007
5612
2897
5579
5882
1359
5578
4396
4397
1384
762
3319
3672
3758
1046
4530
6019
4548
5433
3290
5995
1859
998
5855
593
4848
3652
2485
4929
5795
1073
4967
3337
2382
6531
2738
3859
932
6022
6875
938
6388
4983
2392
6021
3325
4970
1823
4998
0
4066
357
4292
7120
6948
4269
6927
4037
3933
4098
131
6957
4195
99
3966
4297
4065
4296
4317
4391
7161
219
3997
7109
309
3940
951
2437
4841
2827
2478
5395
6990
6519
6190
4996
5810
6874
6870
2001
5088
1041
5549
2323
6481
3269
2379
4490
319
2887
3275
7037
1938
7139
3338
533
992
3691
293
3688
5288
1585
5238
4669
2712
5282
5990
6968
2631
4390
2696
1623
5951
735
1675
4715
6962
2656
3530
1653
4765
4605
6030
6738
1821
1820
1490
323
1493
6940
1503
1807
4310
4307
6566
2788
5346
2787
4800
6085
664
668
3426
6034
2789
2973
2661
3912
5010
5572
363
5651
6429
2267
3175
1282
1113
4421
6901
423
6425
2181
3930
2230
6900
4997
203
3897
366
6357
4327
1192
3927
3
4990
3878
382
2238
3040
1147
5654
4335
5331
6099
5008
4799
1517
5207
3364
2782
6768
5571
418
2811
3048
3339
3340
3947
4314
6128
5713
140
4308
6321
6543
6123
3680
121
6774
3918
6419
126
419
1817
656
6949
6762
4985
2714
812
3972
4302
393
4987
387
5949
5280
4299
783
364
3518
732
734
739
1672
2654
6362
5264
1586
6724
3915
1716
3150
3982
4794
3950
5223
1755
4787
5611
2752
2750
4055
3623
4654
2189
4783
404
3952
5689
2184
7075
2101
1717
1574
3046
4277
6530
989
2268
984
1906
2419
4951
982
4355
1106
4892
7145
3235
4843
1411
1420
1098
1288
2872
314
4484
519
4955
2265
1024
2888
6852
2943
2918
5734
510
4879
4855
2240
1931
4176
1087
2444
3012
1286
2829
301
3724
2005
1857
2449
1243
7115
5174
5431
6155
6820
6464
4840
2031
1856
485
3225
5177
4600
5859
3327
5668
808
4319
7017
4999
2962
2965
755
2719
819
3460
2710
1339
1045
5102
1178
1638
771
213
4949
5055
6339
766
6337
6633
4910
6268
4714
1624
4713
3481
1158
803
6469
4052
165
839
257
6108
3366
153
1428
6992
3318
6158
4831
6116
3057
5038
202
954
6977
4094
3173
4090
1444
3167
4318
3329
2816
3042
4820
6324
5043
4844
1358
4957
4984
1578
6500
1281
4859
172
1575
1268
4854
3260
1097
5227
997
6196
5006
1394
4849
120
4796
7034
4060
6091
6058
1475
367
97
3935
6892
1729
5577
3875
1944
447
445
6955
6725
2251
5286
4664
5490
1939
2249
1711
2291
7141
2239
4254
1824
7108
5730
1731
5309
4638
2517
5747
2520
5556
6876
5344
6877
5573
5896
5326
3850
297
6772
4150
5792
5836
3677
2266
5500
2263
2262
4485
1815
5732
627
1700
1707
2515
313
1852
6827
5830
1674
2640
6907
718
5438
3534
1682
3752
5277
402
362
2625
546
7128
4601
2649
4693
750
420
733
5961
275
4547
3538
4154
414
375
6831
599
7136
67
4398
352
4566
6471
1422
30
4360
5552
2935
6860
5099
568
6864
4903
4885
4454
7038
5522
3774
1382
4350
4265
2883
5151
1929
995
2383
1414
221
5799
4850
2889
5143
5160
3263
4541
7147
6169
5471
5816
325
2290
5701
5002
3140
3141
3149
411
1204
5704
413
5035
415
200
2076
6420
5009
1203
406
1155
3104
365
1182
6352
6366
4049
4050
6371
378
5658
1194
6382
386
389
5681
5708
2960
6322
5712
2032
3017
471
3003
4948
210
6449
476
2977
4937
5740
4922
1317
2961
5070
2036
3020
6885
2243
3885
207
441
1246
446
370
1104
3029
1262
4422
1096
4424
5050
3931
4411
4367
751
4164
2518
1516
6110
6111
816
3468
3362
1805
4677
1701
3668
2513
2628
6557
7088
7064
1693
1621
2747
1492
1813
2794
3968
4836
3477
2620
2798
