6964
6969
4491
6966
3416
5817
5854
4492
4493
3410
4495
5667
6626
4494
4499
1708
3527
3422
760
767
1221
5850
3413
6566
1352
4271
359
769
6961
4281
3415
149
5660
3411
3528
1947
5852
3028
3412
7014
4496
2538
4291
2630
2183
5492
5662
3025
5634
3692
2887
5808
6607
6565
764
3424
5652
2536
2886
936
2329
2327
3417
2889
5774
5782
3419
5713
519
4294
3452
5665
3459
3467
3451
1943
1944
1233
3744
6990
5088
3418
1808
1803
5725
2323
5802
3872
5190
3511
1701
2261
6967
2185
768
4497
5664
5800
4843
5152
5859
1155
5856
6082
776
6289
2362
4757
2902
4498
6561
4370
2816
2617
2613
3251
347
6641
2885
6685
2705
718
6995
6997
2550
4490
3814
1355
5051
3426
5075
3414
5869
2068
5801
3423
950
5346
5551
5171
1183
3826
3565
6085
1357
5641
7013
5566
4379
2702
5789
5795
6088
1709
6086
5719
5370
1633
2579
5717
5425
2798
5712
3440
6649
3444
3450
4024
3461
5340
2570
5799
4960
5815
3291
140
3299
4903
1941
1051
3585
4546
5133
5816
75
6382
2280
2324
2403
2881
2884
1353
5577
2368
3877
6276
4022
6826
3908
4099
362
1475
4870
345
3928
6265
2927
2555
4545
2602
2609
5858
714
1892
1206
5084
2636
1056
2700
1940
2703
1654
1946
1948
4278
1651
5010
5723
2722
4972
5993
6005
5450
930
5309
6992
3781
6996
6994
144
3560
3756
5193
6278
2983
6960
6385
2114
5823
5715
1805
6267
5153
4842
5718
3225
4840
3259
6413
4293
1359
1103
5510
3905
1479
5011
378
4020
4458
2810
720
1211
989
5787
1704
46
448
2782
4213
7109
4530
932
4218
3525
3673
3199
1276
510
4249
3750
5252
4257
5818
938
5666
761
3455
719
3157
6501
5600
7042
1470
4375
5611
5552
6883
1887
2618
7002
3102
3151
4677
3464
3095
5633
4681
4377
2189
3819
3881
599
3427
5987
1149
5721
3236
4755
5896
604
2517
1304
6008
2067
5825
3889
7125
2880
5770
953
7037
6433
2494
7023
2077
6193
4544
147
3134
146
5261
2908
4547
999
1428
1631
1682
3156
6648
4201
2073
4529
2973
4189
1581
4289
500
3027
2315
6781
1952
6226
320
7003
1358
3037
3879
3040
313
6821
5994
5081
5875
4338
4336
3173
1477
5300
5602
4398
6909
463
2769
4626
3223
6402
5473
1703
6266
3666
2814
5991
4108
3165
6955
7095
6084
6965
4107
6087
23
4606
6827
5555
496
3724
5085
3521
6629
6624
2479
6970
2473
1755
1062
6435
1202
3550
4951
2589
6563
3562
2541
5855
643
648
2576
7050
6174
5862
4288
6417
1949
3257
651
656
1880
1882
5878
5882
2490
2720
2019
5807
5264
4244
2496
2619
2498
514
6598
6597
2533
5899
4372
4371
1794
4258
72
3351
4385
4454
640
3789
2534
1923
4147
1361
315
3039
4773
6104
3024
6775
6758
1547
341
134
3950
1548
1341
5471
3210
5699
2989
26
357
364
6736
138
2184
3652
6795
5669
3815
3166
4696
5604
3161
5579
5605
4740
3469
3135
5624
3132
3468
2282
3108
1459
1460
2286
1471
4654
2300
3462
3887
5550
5421
2144
3425
5378
3280
772
6350
2442
4029
150
948
1663
6678
1683
6319
4542
6651
6037
2419
4540
2883
4937
6656
429
2101
5393
1278
7123
1208
141
1209
1213
939
2064
5728
732
3623
2076
2917
843
6131
4742
3347
2250
4387
2197
2593
4762
3686
4941
3281
5068
6337
6014
2215
2598
6425
1928
1054
4525
6202
6368
2571
6126
4869
1002
1004
777
4599
3342
2137
5973
4586
4573
2024
2384
4566
3296
4549
2574
142
5967
4476
4652
2303
3346
4646
951
3625
2167
668
4830
7004
143
4838
2545
5028
2079
4648
2603
432
3791
1253
5343
6673
416
7111
6687
4028
5379
1623
5729
4021
6725
1611
6654
4083
6650
1700
6606
3211
3523
4180
6958
1200
62
29
6631
5792
7082
7089
5785
3420
6645
447
6632
6733
4003
5427
3902
6816
3457
3458
3179
1473
5656
1515
231
3843
3834
5572
5608
6901
3168
6918
6847
5803
3031
6932
1587
5711
5448
5454
5465
5698
348
6782
1549
340
3183
5479
3021
7139
328
21
343
1186
4104
1819
4369
3375
1075
5089
2639
2726
6522
5137
1873
6569
1895
2699
1141
5155
2658
1138
2673
5857
3373
5826
2625
4245
2606
5906
4376
1109
6599
1789
5086
4255
2622
7025
3660
4865
4863
908
5868
5127
1347
5429
5029
5692
2145
6065
1101
4878
5436
1971
4852
2133
1543
4953
901
2234
5578
5607
2224
5575
5900
5571
1455
5630
3596
99
1384
1073
1474
1047
4768
1077
1511
1902
5931
3349
3447
1894
7045
4806
1526
5879
5932
5026
5022
1596
3421
3359
5781
2071
7105
1009
2023
2065
5827
49
3554
2062
6003
5788
1157
5821
980
4947
1188
1180
4970
1784
4973
1685
4974
5798
2027
5312
1793
984
982
3517
5865
5239
959
5025
5714
1856
5024
1181
5724
5409
1617
2103
5399
5740
1645
7122
5016
5371
5748
5014
1681
5771
1840
3567
1257
1848
2078
41
1664
1995
7020
1659
4921
7121
4931
2254
1427
3964
390
3684
2458
2922
4023
2930
4510
6726
4013
4160
6329
2945
6957
3774
4190
3193
6608
762
2623
4219
765
6739
2544
3187
503
3017
334
2647
4348
728
2591
158
393
6415
446
4087
4086
2535
4434
211
2559
6671
6640
2528
3794
4420
3795
3925
652
3797
3254
6688
404
6703
4395
401
2497
2911
706
4283
4474
6636
6712
6683
509
6646
3866
809
3152
4323
3665
3229
3087
6817
3870
6531
3864
133
6567
534
2714
530
2736
4277
3118
3888
4675
3228
6264
3668
3043
4284
6791
4618
6891
3904
6179
4647
6889
4345
6271
6520
6596
4651
4655
2269
7000
5228
5233
3664
4124
512
548
7055
1707
1705
1132
4125
5851
1234
4280
1236
1237
4106
553
3220
4122
