6960
5850
6967
6609
3414
1940
3087
1941
1944
6607
3083
6649
6608
6651
6728
6965
1948
6642
6641
1946
1949
5193
6636
6751
3028
2617
6645
604
6606
6919
4293
1945
6628
4007
6654
5785
6650
6605
5852
1947
5195
182
6624
6646
6656
6963
3024
3259
3527
6932
3557
6907
2368
6968
3536
5190
5665
3458
187
2436
5479
3463
1942
3467
6631
5753
2429
5197
6808
487
721
3462
3322
3461
3464
2897
6629
2853
6596
4294
6643
6604
2928
2364
2885
2880
6602
6599
5198
6901
6623
2637
2636
144
2634
2631
147
3321
3084
6721
6621
2902
3851
1943
3410
3424
3413
3543
4098
4564
3652
3416
976
846
5788
158
6644
2630
5594
6630
6778
595
6597
4379
4639
5315
6603
3537
4659
968
6701
962
5802
3418
1939
2881
6725
4374
6176
3460
186
2613
1056
183
6780
6590
3317
5967
3570
6884
726
6134
4006
729
5854
3260
1890
2841
6284
2362
4566
6653
602
5782
3888
6612
5700
5708
948
5809
5807
5719
5000
195
2638
5707
4903
5704
3468
2229
2578
3081
3340
2467
148
3339
7117
2451
5161
3417
3633
5436
3422
6809
6577
4323
2269
2261
2126
5595
5899
6787
4001
6729
6985
1503
5450
2424
2606
6969
5397
1532
3854
5316
5716
6832
4131
3865
1786
1790
6983
486
2823
3692
2816
6779
4378
6917
6639
2517
2515
5591
1654
333
6648
5041
1632
4387
320
1627
1892
6622
4370
6620
5196
1886
3853
5750
6655
6658
4106
6720
3018
1034
3423
3420
4831
6565
7100
3078
188
3089
171
1115
4638
6227
3636
4760
4746
6564
3943
6595
3528
3062
6601
963
3533
4852
5366
6813
5381
1106
5425
965
2632
830
1111
198
5734
5463
20
1086
6936
2065
691
4268
2579
5498
3663
4475
1350
2435
1159
2395
960
2510
180
2528
442
3324
3325
5099
2945
1347
3327
6825
112
1769
1191
6598
3469
967
6106
4197
5823
3025
6617
3012
3994
3029
1046
5841
5815
5752
3415
6122
3525
6353
2367
964
5963
6289
4099
966
2906
3501
727
5265
1141
4019
935
5199
1490
1168
410
7070
6697
1147
1874
5262
34
5266
1142
6849
3513
2317
5848
5792
5497
522
3850
5551
5735
5460
4617
4619
5584
3817
5434
95
4632
694
5877
6370
696
6761
3538
5817
5598
2270
2266
5314
3334
597
467
6818
6781
3451
3534
5597
5427
3666
6844
3008
3014
2537
6611
4005
6637
362
2568
3088
3085
6173
4975
2612
4261
185
3023
5003
6929
192
1324
6591
6939
2650
3067
3064
5028
6627
1190
2733
6198
6626
2975
3119
6205
2912
6905
2958
4851
3168
4075
3137
1356
5563
4480
6088
5827
5695
7148
4281
7147
6362
4546
4992
309
2940
6750
2709
1630
631
4244
2019
2889
3411
4871
5509
4836
2922
6678
6494
936
528
5533
3966
2979
5800
6758
288
3573
1896
1759
7138
6144
4138
3828
4484
2848
3524
4850
651
1051
7137
4947
4291
4974
55
52
3822
786
6937
2754
2756
4951
5818
813
6776
2859
4528
2779
3210
7025
5386
5879
3145
3142
3859
184
2227
4680
1561
1548
7039
2401
1470
1545
1542
2386
3959
6902
1538
4377
3133
2498
3759
3323
6640
6544
1119
1165
697
2221
2618
5471
6321
2127
4420
6563
199
5191
6652
693
4630
832
3874
7062
1224
5429
4147
189
4634
2619
3257
485
3079
3254
6810
6926
1345
4225
6288
1340
4221
5749
1495
5732
4003
6600
5972
843
5976
918
1117
1777
884
1339
1054
6121
6361
6355
1662
5826
1295
4168
4012
1100
3900
6532
1296
6588
4271
6632
6696
1109
6633
5754
5959
6610
6194
1358
5948
5944
6638
658
1025
6125
1540
1114
1549
6634
1044
1539
2260
4994
5287
3281
2336
2332
2665
4859
4122
4658
3125
6831
6830
5322
3316
5285
3113
7078
465
6722
5018
2222
3357
5388
5006
4409
194
196
2560
5452
3601
5282
4770
6845
6915
3628
4376
5107
3160
4148
6906
5141
3207
3211
6899
3216
2604
349
2472
4048
2609
3222
4711
2430
4045
4154
3253
4357
3278
5056
2369
6847
2639
4573
2751
359
5470
283
2128
4529
3576
3031
280
3572
1881
3571
4132
1873
3667
7013
1918
2926
3015
592
3547
5659
600
3000
1825
603
2991
2
1804
2973
5711
7162
5613
4402
1928
5477
5483
3786
4107
2025
3412
4957
5532
5535
5536
3428
3456
197
1974
5538
6771
5588
1930
7131
58
2801
2781
3016
4855
1323
3122
3030
1327
3080
3095
4843
3649
4787
4786
1335
4768
1320
4213
1792
1144
6267
4553
6371
4551
3440
3466
6382
6388
6390
4190
4179
4560
969
4491
4481
3539
3541
961
3544
3555
4474
937
3558
4493
3429
3425
3585
1188
3219
3221
3270
6278
6281
4689
4206
4663
3306
4637
1135
3326
3328
3336
3337
4443
3953
3363
4448
3956
4579
4458
3157
6141
6066
2970
1954
5592
5589
5582
5544
1645
1636
2020
2021
2131
2135
5820
5873
5408
5402
2189
2204
5890
5895
2226
2237
1564
1563
1560
2145
5335
5600
1915
1802
5703
5701
5697
1765
1754
1854
1857
1859
5652
1868
5611
1871
5757
5774
1882
1704
1887
5787
3837
1898
1905
3839
5799
5643
6473
2272
2282
1442
2687
2706
5011
2715
5008
6092
6095
2735
2771
2777
2675
2798
2805
3684
2810
2856
2866
2892
1348
2930
2949
4865
4863
2800
2668
5039
5058
2283
2301
5311
5947
5308
1517
5280
1506
2392
5251
2410
1492
2434
2438
4358
2476
2479
2484
5160
2496
1480
2536
2549
3881
5066
4856
6478
1783
7121
690
6726
6671
889
211
6635
4163
4002
4004
225
6802
4038
6988
4142
6585
6587
6647
430
841
4086
503
6805
324
25
6659
7010
247
7075
7050
724
6806
728
4040
6589
901
6592
780
3997
6923
6883
6692
778
660
6790
6619
783
661
4046
5922
3949
844
6265
695
2571
1587
1705
698
4552
5893
