6964
4491
6966
4493
4499
6969
5854
5817
4495
769
1221
3527
4494
3025
4492
1708
3416
2538
6565
767
3412
6626
760
5662
3459
5667
3410
3451
3452
3450
4496
1233
4271
3872
5566
3426
3528
3455
4497
149
2329
7014
2183
4843
5660
4294
1943
5852
4544
4127
3413
3424
3744
6641
3792
2324
2323
359
5577
448
2062
2618
3411
2536
2328
5652
5664
2619
5712
2327
3419
6417
6649
4370
4498
2068
7019
4490
1352
2609
416
6566
1803
3457
6248
3523
1808
7153
3165
3418
2588
5190
1703
3427
4079
345
2885
3028
1947
6607
764
7020
4377
6413
6881
3750
5510
2630
4281
3422
7123
2326
7109
3280
5152
936
3425
1683
5713
5800
768
3898
2185
2189
3152
6082
1051
4249
7027
5795
5634
2887
5346
3692
5088
449
3281
5857
930
4755
5808
3251
3288
3156
447
6479
5725
1056
6826
776
3420
5665
3928
1952
1948
599
5452
7013
3040
5551
1206
1353
3423
29
3021
6368
1479
6382
3550
6271
1213
4160
6495
3796
3259
3229
4375
1701
6629
1617
5782
4953
3566
1596
732
2922
6409
3797
6501
4379
1659
141
2798
3948
4677
6961
46
5492
1155
5624
1157
2886
3157
3291
3417
4903
5605
6319
761
3080
2908
4255
2452
6401
1234
5993
1804
5869
4189
5155
2315
6360
5557
2722
2077
340
5850
5149
1059
4072
4632
6632
4606
6001
6625
6685
5922
5641
4659
1127
2973
1892
3346
620
5476
2617
3756
843
6990
2067
4398
2403
144
4757
6503
6402
3897
6561
3890
6328
1183
940
5848
3565
23
1091
6648
3560
6289
5656
2007
3375
5075
1358
2303
1116
6996
2509
5334
4278
3623
1802
5193
2917
6033
2576
341
3864
4291
446
6598
3554
2060
3553
2945
3225
1280
6567
7152
5478
4086
6543
6542
2184
6640
1276
3870
5862
5455
3620
5868
1748
3187
3881
1794
6624
378
1755
3575
1784
4696
2930
1232
4013
6656
2702
7022
1709
1082
2273
3444
4347
5571
3039
5715
5717
5719
1633
7042
3331
3429
1029
2419
3975
2065
719
5370
6979
4540
556
3453
140
1176
2889
133
3374
3950
4546
5340
4129
3793
6415
5330
4372
3135
2066
4011
5252
4330
6703
2911
6712
3166
1645
1452
779
643
3629
1945
5453
5823
765
2904
2589
2591
6037
1459
5740
5774
3458
6337
688
6005
714
600
4958
5051
6079
6226
2726
5038
4972
6405
6039
1684
2613
4241
597
683
3500
6509
3428
763
5020
1590
4253
459
6126
4167
6034
766
2597
3282
1752
1595
6266
4830
3283
4201
5052
3467
1655
2705
6276
6425
3485
444
4172
313
842
5300
120
5572
6821
1052
1049
108
7023
2900
1028
7004
5744
6781
5760
3154
3908
5423
1904
6725
3655
7048
1975
1212
5448
3831
1357
5626
1149
5622
1380
3799
1141
1132
1122
1886
6909
4387
6894
4549
6882
1110
6858
146
3787
5388
135
3781
2840
6887
4470
4476
6713
2923
5858
5454
1237
7055
5457
3862
4462
5877
5512
4468
2975
4075
7150
2055
3895
6599
3559
6590
2550
2334
5967
4453
6650
1908
4022
5825
6682
950
1940
5826
2321
3180
2499
3168
6654
1946
5803
4390
1942
3904
3815
1650
4952
3905
5611
3421
3841
3891
5618
5468
4147
3925
1171
5524
1211
5604
3866
4960
5394
4921
5552
1209
6235
4951
3887
5550
1599
1145
772
970
1474
5816
2584
948
5827
2579
6021
938
5860
4024
913
912
5789
2224
5161
5153
6003
5878
3596
5073
3578
3507
2533
5933
3562
2193
2191
2188
908
5788
5239
5245
5630
1126
3795
3789
5666
720
3521
5669
1597
3955
1086
5315
5312
5718
6145
1057
2601
2463
1009
2458
2453
2261
6086
5627
6088
5296
1038
2442
1427
1047
6138
1584
1476
648
3415
514
6446
3118
510
509
4345
233
4806
4339
6817
3132
4257
6810
4783
503
4348
2842
519
4840
4543
1894
1698
1888
3102
2103
1887
2101
1880
6879
4371
6435
2844
6437
4618
487
1734
3133
1805
1800
429
6549
2064
6563
357
6630
4701
4681
3228
4288
6597
401
4695
4293
1905
6651
6659
6498
3150
3151
4259
6726
4645
471
2808
3161
3162
3164
6688
6683
315
6674
443
158
6608
6978
7061
6384
4474
7050
3376
20
4463
84
1663
4863
2114
4458
3379
7045
4488
4411
568
4395
6389
3372
4391
6353
4465
4392
1995
3048
4652
999
284
7111
1651
2504
2357
2814
6687
3005
3647
4646
4018
5802
1457
5458
2494
7113
3641
5536
3160
2362
7103
3654
4648
3879
6658
5171
5496
1986
1287
3893
7159
1788
4452
382
4074
2050
6610
5901
2333
5906
5908
3220
1477
6631
5867
3877
1478
3183
4003
7128
6645
343
362
347
4455
6639
6638
5474
6634
7131
6633
2944
1002
1236
2816
5657
3111
2384
7003
4366
7024
3791
3834
2841
4586
5694
1861
7026
7029
5319
2387
4547
3826
159
5379
3814
164
1170
5343
1134
1178
3798
5638
187
6935
2389
6898
6997
2902
6847
1075
3223
1039
1034
63
7068
1032
261
3134
1026
4626
6977
3008
3153
5766
5259
1444
1041
1004
1225
5445
7040
4599
90
4601
4602
5721
5723
6827
1058
1054
86
5427
2271
1048
4338
1045
5710
2500
3899
554
4132
4758
6038
2728
475
472
6030
6014
465
5057
4101
1682
6008
4099
5068
4959
463
2142
2073
6237
5994
2633
5987
2636
1674
6540
4240
2673
6193
6061
6442
1591
5013
2600
6135
1593
3333
2593
4124
6455
6085
2602
6084
6433
4245
2606
500
2088
4785
1581
6421
1700
718
6076
717
2586
5034
3456
6545
4250
4868
6324
4870
6601
6569
4704
5086
6265
4869
5084
1652
6580
6255
646
3249
6602
4886
2061
6605
4083
647
2102
3099
1704
6267
1882
5336
26
24
2920
2701
3095
182
4457
5472
3344
3087
5633
1669
645
5629
2003
5345
2616
541
2006
728
2099
2052
4424
1980
3954
5480
5680
