6974
6976
1127
6975
6979
3941
6971
6973
1123
6972
6492
1122
1153
6977
1154
1121
1120
4876
3780
1159
6467
4191
4958
1146
6384
4190
1126
1155
6490
6473
2584
842
2530
6497
2537
4192
4194
2459
960
4199
5316
3615
4603
2452
4090
4877
1129
1125
1151
2582
4198
6373
1429
2697
2918
125
4164
6352
6460
2102
4872
4632
5747
2919
7153
3110
2613
5515
5164
6469
1041
5438
235
2922
2940
448
1403
3784
6052
3782
5292
961
4193
6206
4636
1701
2450
4879
4878
6113
3623
6056
6350
5510
3863
5308
2894
6504
5065
6199
5043
4943
2025
6882
6055
1158
3787
3945
2355
6757
179
3786
4271
5318
6509
4250
4240
6500
3413
2699
1632
5665
5653
2474
4026
6028
934
2975
4635
4508
449
5456
5652
967
3525
1152
4397
4078
5398
5704
2897
5708
5085
5737
6546
2630
5
732
5061
606
2254
5039
5629
3789
2579
3996
1144
4695
3947
2126
2610
446
6033
3942
3174
5157
4120
4163
2068
5512
5847
5037
664
5976
5768
2947
444
3617
655
6012
5519
223
3628
2223
1002
3626
907
5654
3618
3783
3616
1149
2915
962
6846
600
4870
6407
3944
4844
1928
1386
1406
6980
4706
90
4079
1947
2633
1825
4566
3096
1796
4402
4390
1656
1758
8
6
1
6307
4875
4075
5922
599
5005
3285
3281
176
1491
969
3679
4087
2587
1009
5405
4076
3832
1449
5307
5304
4013
2941
5281
6705
1426
2071
6946
3171
2302
2021
1422
4
6531
5846
5975
404
1637
2698
2704
6353
7069
4418
847
6382
4465
3411
3593
4505
1817
4161
5522
1517
4608
568
4906
1180
5120
6746
2917
3964
508
4817
3966
6820
2904
4865
133
216
1318
3785
2896
5104
2911
1901
6161
702
5651
6059
843
2471
2531
6590
3930
2201
6783
4975
4169
6386
3005
3943
4165
2291
6131
3625
3412
3333
4400
3851
3088
3458
507
2312
754
2901
2902
3437
5838
5051
1692
2874
3485
426
3019
6357
5986
4207
5761
5056
4196
2695
3414
1646
6214
1948
3825
6892
6210
382
427
4588
3691
7049
6218
3283
3316
1134
2953
5403
3983
1390
1040
4795
3745
658
106
2512
4073
6935
6687
5291
5155
268
4012
3755
2070
5265
2815
1116
2955
2836
574
3781
2788
4601
4602
6942
1509
5511
2926
2029
5158
662
3963
5476
6910
7019
2624
6633
966
5203
3286
4083
4697
4910
3692
6402
4003
6271
6356
6275
6278
544
2378
692
6298
691
2326
2405
2293
5153
5855
1420
1419
4804
1381
4862
1949
4930
1968
1423
4948
1280
4970
4974
5009
3837
5030
1204
5062
1284
1425
4023
4663
4259
4317
4219
4330
1650
1783
4399
4186
1793
4173
4484
4501
1829
1514
4142
4136
4135
1848
1476
5067
3452
1191
5094
908
903
3602
859
2206
5637
5642
846
5518
5713
5740
5762
3488
5769
773
5809
5837
5844
2228
2145
931
5514
3800
1157
1143
1131
5151
5191
2065
2066
5258
2103
5408
3694
3693
5463
3681
2135
948
3662
5509
5072
6365
0
3070
438
6657
46
395
6709
2668
7042
6598
7039
6498
7147
401
2872
2794
6659
6970
6988
31
2480
6688
6860
6427
6843
2943
174
6619
6664
6395
6548
6415
7053
6724
6388
2831
374
141
2843
6852
3082
6776
2578
7163
2913
6581
2439
6652
6778
1546
4997
5963
4139
5465
6041
4555
3860
447
3861
2586
2973
4162
3436
2641
4604
3853
1225
5469
3049
6638
4594
6639
4149
964
963
3687
2583
5990
3845
1221
2279
5980
5004
974
2299
3677
6485
6930
5516
1424
2238
3501
1421
4005
2187
2693
5735
5732
4766
3936
1353
2179
2605
6591
5694
143
5678
2828
2212
135
3021
136
5656
5655
6918
6904
6878
3028
1331
2588
2875
1285
1974
2634
2631
4678
4942
4941
171
4700
6539
6959
1457
5817
1877
3040
4072
2871
2173
5793
1441
4070
6894
6898
1428
1451
6992
3018
6650
1760
5324
6663
2667
5079
4183
5199
6282
3788
6716
2024
3083
4417
5344
1034
1791
6720
6832
5362
6782
5129
2946
6410
4336
2928
1652
5282
2694
6265
2081
4384
5272
2900
1639
2085
3716
6234
6227
215
6268
1631
6786
2416
5297
3368
2075
5109
2086
1593
2331
1653
502
1006
2309
6380
6315
7164
5163
4506
2663
5404
2572
6779
3704
6654
6653
3309
4470
5060
4224
6368
7162
4451
6850
5141
4519
6296
6849
5047
5391
6777
5388
6438
6891
2535
1111
4806
1919
2930
3527
220
3757
2534
5611
2072
3566
871
2528
5617
2054
2851
6593
2186
6784
2533
1371
2924
3592
4871
3596
1087
6728
1945
5161
2178
5169
2909
6612
6885
2570
2961
965
3838
5008
189
2020
5472
5064
5468
5466
5401
6656
2004
1229
1226
2127
985
3016
3833
6644
2580
5451
5035
2573
1209
6646
2120
6647
1188
5372
334
2023
901
1954
3804
6603
2084
2997
3910
1966
5099
3629
5526
1171
2028
2591
4890
1174
1175
1176
1047
5087
4971
942
3859
1256
4995
3857
952
3741
6872
5480
4951
1224
2536
3981
4145
3046
65
4144
3422
2792
425
2346
2417
6501
3280
728
3450
421
697
2350
4392
4629
77
7014
4170
2687
6502
3455
2444
5903
4098
4668
6267
6993
4395
1767
7046
4592
4461
6452
630
1806
6071
6064
4509
1596
2328
6464
6465
6471
2657
3289
4403
2335
4564
3379
6162
443
4580
6576
6022
6021
2339
2655
4589
4407
1529
4590
2301
4696
6260
5751
4208
4285
4781
2628
4025
2414
1427
2453
5699
4293
5763
2245
7161
1910
3172
4788
1460
3112
255
4316
4313
390
1404
4251
5752
1722
1738
6277
5823
2220
509
3483
5827
4206
4335
3526
1765
830
837
772
3482
4350
1913
6281
5679
5681
2415
1613
1789
6842
6847
1590
4175
4455
1609
1711
1736
2665
2
4273
2758
4430
4280
4460
4431
1766
3
34
239
7108
1641
7127
7132
7150
5097
