5197
5198
5196
5194
5190
5191
7115
5195
5199
1189
3543
1947
1546
6645
3222
6641
5536
4903
182
6608
6646
6893
6266
362
1025
5532
289
604
1944
2696
786
55
3469
6963
6960
3540
5000
2747
199
5193
288
6778
6656
287
4974
3165
6905
3655
5758
6370
5535
6906
6922
4854
3545
4976
3316
6650
29
6605
6642
5530
410
4154
5850
6607
1204
7121
195
982
6144
1859
1949
6649
6644
6275
6064
3339
59
50
3340
5099
3227
5816
3461
4970
3228
2379
191
6943
283
1540
6925
6939
6538
6532
6916
4711
5003
5738
2686
6932
1940
918
27
1758
5817
7125
3565
560
5101
4785
5148
4838
2472
280
5585
4327
5105
4652
1383
5315
6029
5280
4472
6636
2435
2432
6592
2619
396
6149
24
6086
20
180
3226
2528
6776
2189
6624
1941
3150
3157
5174
3468
967
6728
3016
1542
6967
6693
813
5589
6122
2401
5533
131
1868
6261
7075
4098
6630
1194
3100
5187
3541
5594
2880
4831
6121
6599
6654
6134
4416
2884
6140
6965
6601
6590
4019
5772
3849
1938
6701
1852
4571
3220
3533
4000
4975
3855
3460
3692
333
4972
3549
1549
5180
5286
110
93
4632
981
3912
3167
3908
4261
6725
3752
5814
53
966
964
3147
963
962
23
3154
2780
4990
2181
58
3260
3223
2739
1942
187
1946
6938
2874
6604
5591
6933
1100
6154
5006
1667
3137
3958
6921
1623
6909
6920
3801
6813
2382
4998
4339
4836
3555
3464
2513
1250
3331
5161
1319
2614
4040
2709
6936
1548
1226
595
2381
5001
4973
6926
737
5498
734
2744
2376
4788
6267
6356
2735
355
6141
4147
1769
5599
5188
6145
4786
3546
994
6596
54
969
5008
3142
5879
919
101
5788
7119
3024
1024
1022
6651
125
285
2023
2019
193
3022
6603
3620
3972
1954
1997
3777
3161
4991
961
3221
5818
6628
2184
4892
4007
2029
6911
2030
6907
774
2252
6611
5961
5282
6901
4256
1304
4248
5027
4997
132
1269
3900
2688
2870
6638
2734
2266
5986
4756
6623
6627
2000
6779
6929
2380
5079
1654
4659
7110
3945
5824
1651
2387
6609
5284
986
2582
726
575
4758
3666
3341
6818
5613
729
6830
600
3338
6757
935
6396
2214
1231
1358
48
5665
3821
6631
5285
3936
111
4965
5819
2436
5376
2437
2588
6861
522
6639
639
5810
6410
7127
3156
7128
2976
6606
282
2703
7070
1930
3763
4272
188
1020
2693
4994
7065
6602
6136
320
358
5584
3458
6653
2317
4993
6985
5538
2650
1028
1886
291
3853
1883
5434
6150
4235
5427
1063
3854
3970
2684
721
4197
3343
5071
2811
1409
4195
3145
3372
3997
5508
6934
3344
5494
4783
4636
3652
406
4721
5757
4725
2749
2451
3349
5707
2750
6615
2638
3542
4651
5700
5007
5872
6293
5463
5815
7147
3544
7148
3061
22
5039
1334
7149
5643
4992
1316
5337
3149
5774
651
296
2196
960
1046
1047
1828
937
3665
4317
6764
5674
52
707
49
6065
6751
6629
3051
3757
3029
602
6066
1229
2798
5669
2761
6587
1783
615
4835
5381
3874
4863
4850
3259
2363
4475
5734
4296
5348
5024
2675
2256
2006
1945
5471
990
4394
2408
6204
5472
2853
2970
4995
6022
3921
6923
4291
2654
1119
6944
1636
4677
1086
1936
2730
4392
2945
783
2366
4856
464
5022
4066
4685
6931
4904
5240
504
1538
2237
4862
5289
403
4049
3132
3172
3923
4306
7122
3922
5601
1681
2277
354
4484
4391
3957
7117
4299
4458
5239
3966
4971
6040
415
4922
4089
1905
4318
4938
3414
6637
6771
1044
3792
3557
6565
5184
6591
940
5549
1263
1045
6710
3418
836
4706
4682
6575
5586
2699
4755
5588
3559
6729
4312
6741
1071
917
1033
4996
6511
754
6658
5041
1158
3753
2742
1197
718
5598
6573
6648
1112
2631
6595
2681
2612
4295
1083
6634
4315
711
6700
5149
2683
992
3791
3755
6722
2602
6600
1005
6621
2362
4026
1777
4075
1611
6899
4068
1768
467
3538
2270
1624
1908
5233
4859
4060
311
2276
3027
1789
1509
1904
6269
4961
517
123
5959
513
5012
1539
7114
2430
4619
4374
5963
5973
6919
6928
1662
196
197
6962
1939
6424
363
1763
1728
1760
4857
6125
3463
2895
1909
3465
2885
3459
6142
192
2279
3536
5274
5238
2374
5109
1674
1507
172
1687
6151
1764
6147
2881
1948
183
5475
3686
6997
3824
4901
5141
21
5848
2793
34
3310
5851
43
45
1849
4759
1374
4151
2217
2791
235
6399
5836
6421
5100
5298
5316
1290
655
7068
4149
3055
236
5432
6807
1330
1331
3317
1339
5144
2046
2802
286
4851
297
299
558
5287
5499
5342
4016
2454
6279
6842
4115
2975
116
6846
3028
51
1918
6323
1388
4005
4532
5034
7141
5439
578
3671
5314
4006
2478
231
7136
6345
1900
1906
2294
5787
2009
4855
2104
2225
2221
2220
5859
2131
2664
2135
2203
2194
2193
2176
3151
957
5841
3915
5290
3871
1933
3976
1951
6002
5278
5279
3609
5796
3950
2021
3139
5957
984
3140
3870
3982
6598
6423
6597
5609
5214
4129
5695
1191
3291
6316
1455
3290
3079
2585
4116
1487
3586
3827
1494
4787
4789
4716
2479
3273
4929
2573
6420
5650
1297
1321
3319
3091
6397
3336
5663
1239
6451
1363
5630
1371
1228
3804
1384
5200
6362
4144
6063
6243
3833
4037
6577
3359
1755
3600
1759
1765
3235
3229
1802
5778
1829
4009
4004
1043
1853
1856
5782
1858
4038
5718
6138
1702
4920
1586
1588
1589
5595
1135
5593
3567
2392
6179
6167
2620
4710
1101
6148
1697
1088
1087
1082
4046
4784
2628
511
816
4403
4405
3400
115
4349
357
356
3552
2794
124
2893
129
2732
4655
5539
338
4399
2805
4268
5509
77
4541
6667
419
7123
2978
413
409
831
830
404
4681
6945
2882
