2214
2211
3146
7035
6740
3714
1773
7074
2366
5751
2360
2217
7072
5754
5759
6828
6986
2359
1962
5750
95
97
6661
1770
5753
590
2354
3708
7039
1536
6660
1898
5756
7073
3274
3537
4225
6663
3702
5118
3637
2903
3571
3718
3570
2212
3276
2356
4234
1961
5755
6164
5593
5592
3630
2125
2126
6336
6668
2844
3326
2225
3715
3327
3717
3701
3321
6821
6547
2355
2379
3143
1775
5273
3330
1774
5758
1891
3712
1776
2237
5386
2011
5384
812
3306
94
6665
5752
1568
3611
2014
571
598
3634
3324
2845
2352
4489
5548
792
2854
2674
6355
7076
5270
6345
4117
5716
1112
2841
7030
5598
2351
5590
1541
5591
3334
224
3704
4672
3356
5274
5597
3147
4808
6306
232
5387
4237
3320
6823
3498
2163
3266
690
1893
2350
2221
691
1772
5888
7011
5381
4913
5058
2343
1103
3361
3141
4483
4486
3328
550
2229
5077
5714
5599
6981
2376
3579
3923
99
786
614
2450
2904
2892
1164
1165
810
2861
2866
39
1169
5589
846
2862
6020
2846
4979
2848
1564
5422
2581
5679
2210
2358
320
3329
1166
2262
570
3886
1850
4445
2357
2869
1168
3703
3223
3710
3711
481
3713
5745
3719
5886
416
1680
1779
2976
883
5969
4614
3534
1530
2937
5287
2563
249
4545
687
1895
7032
1525
6224
3616
1964
3530
1587
3335
3920
6839
1603
6303
3194
6989
2261
7099
2863
1543
5677
5887
6667
4437
1617
5715
3099
7084
2340
2382
2429
5094
2876
3142
4720
4211
2864
4230
6753
3337
4523
4592
211
813
1899
6567
2216
4500
2510
107
3548
1220
6560
1119
1921
2664
6550
3466
3539
7138
3972
3535
4526
6542
867
3532
4803
1328
2220
5643
3332
4480
1214
697
3888
3621
5595
6344
2723
2074
5942
3325
1163
1894
7079
3323
3922
5683
2113
3889
6226
6752
6749
5682
5545
1562
2606
2389
3725
3631
93
1295
3716
2828
2865
1569
1614
2387
6309
2374
860
2912
811
1567
2086
2867
1324
3705
972
1965
228
1439
6846
1648
4724
1486
6845
5920
3170
6708
698
2489
2266
4919
696
695
694
1890
5204
539
2319
918
817
2033
1227
5246
5232
1539
5541
2560
212
2599
2457
5218
1532
1531
1842
890
6729
5639
298
1537
4584
952
1767
4551
2475
6676
2721
6362
5046
2459
551
5733
1769
6897
485
488
5757
425
6664
2557
1738
2425
3262
6342
6746
5960
1415
2847
3336
5393
5946
3632
7050
221
3322
2228
4067
5202
2234
5200
3264
1896
4914
5594
5219
112
3562
3956
3595
2130
1350
145
1382
6103
3974
4790
6548
5615
2165
2166
2089
6182
6825
2269
5174
5405
7090
2019
4970
617
1584
615
4344
2018
5360
2893
4871
6748
6988
7088
2899
4853
7059
1561
1483
6060
5152
3145
2042
3722
5509
2283
1535
3091
3056
5429
3124
814
1999
800
2047
818
775
833
1967
2112
863
5638
4594
4982
6747
5706
591
4679
1785
7015
4969
2369
5687
4966
2348
917
6302
4641
4633
4749
4909
2169
6827
755
4596
1762
756
757
5543
597
6662
3241
1020
407
2840
2824
414
1613
5277
3015
2802
3538
98
5880
6369
6565
1110
6132
3601
2768
1618
6669
91
439
7003
3536
4370
5989
3988
4373
6105
2926
2993
3971
7132
2868
1581
1585
143
1122
342
3943
5373
1141
3531
3000
4376
5213
1010
6361
2634
6485
5389
3709
483
3733
6980
5020
1499
245
5018
3163
3278
3277
6346
3260
3806
5004
5178
2650
4361
5397
215
3625
3636
1676
6357
6517
5209
297
4062
223
5205
6108
5928
5399
247
5177
6778
3985
3389
248
5927
217
238
3290
5977
6563
4086
3308
220
3429
4024
3425
3809
6555
6836
6450
2232
3239
3984
5365
3881
2084
849
2080
2078
2053
6056
28
3729
22
6078
6216
2016
1226
5582
3830
2010
6490
1995
1993
3803
4885
5312
6170
1954
75
1922
1383
1924
1347
141
3955
2122
7135
3541
3544
115
114
3563
2106
3574
7038
2104
3598
6470
83
784
3613
5303
791
2118
4883
6382
4372
1781
1036
6191
4349
5689
2979
2532
4634
2363
7016
585
344
6719
4326
4541
2997
2381
5104
2385
385
4612
5082
2657
6384
4504
2401
1589
4670
6867
1800
4971
612
2894
4521
4410
5697
4663
2676
4420
1754
4952
3140
4936
4548
3149
1487
4647
4725
5007
1008
1734
6305
1634
509
3238
5002
5783
1504
6742
4218
1663
1746
3029
3050
1538
6280
3070
4593
5899
4954
923
4251
2342
4590
1615
305
4546
5833
1958
1662
5317
1687
1161
5003
1725
1192
6985
1185
981
1740
1222
1231
6983
5324
1760
1170
986
1688
5318
5477
1162
991
993
1004
5163
4893
4916
1559
1903
1556
1552
1056
5388
1417
5415
1897
5117
920
1855
5139
5513
907
1485
1482
5158
1892
5166
1044
1631
4958
6184
1154
1270
1777
5288
1616
1015
1975
1608
1606
5493
1799
5517
6826
1325
1340
1370
1580
1388
5221
5537
1117
4912
5469
1198
278
4616
7136
6340
6638
132
4597
4084
230
6017
538
227
536
6538
3958
529
146
213
527
3513
147
113
3549
6324
78
3380
2384
611
4104
5705
3606
567
96
592
6586
5711
3935
2428
7071
4657
4652
6028
2567
343
2998
450
3357
7083
2741
4026
5955
6363
2916
3451
2780
4043
6180
6380
2908
5830
3386
3382
2870
6130
5849
5776
6348
4569
6343
2603
7078
498
3497
5948
2975
2958
3470
6696
482
479
474
2672
469
5770
3457
6116
2365
6396
4684
2361
2128
2129
2140
4235
6504
4795
5610
3242
4227
4241
16
4778
4772
7047
4770
3269
2192
3246
6781
4759
4224
2119
4877
6090
6814
2013
5585
2050
4824
4125
4221
798
2088
5596
5910
3236
2100
7037
3786
3821
2087
726
17
3850
4723
4756
4719
3854
6153
4274
2305
3057
3862
6754
3878
3880
71
