2876
4993
5004
5286
4997
5289
5000
4992
5005
4999
4996
5003
5009
4998
5008
5281
5280
5007
4994
5284
4995
4991
5282
5285
2874
7072
5001
4990
5006
1324
5099
1896
3672
2846
2845
3278
2870
4134
6164
2879
5700
1898
1371
5707
3229
775
5585
23
21
1370
2517
4154
5689
5046
6820
4546
3794
441
1188
3324
3339
521
3423
5277
6919
6180
5382
2299
27
527
1154
5596
2168
2603
2871
3165
143
3936
2991
6130
4660
3488
4593
4040
2038
1220
6776
3429
550
4543
6778
1899
2844
6069
4420
5509
1476
3327
5715
1262
7036
4190
4790
2584
3262
2997
3323
7039
3796
6460
4879
1407
5718
5388
3163
3220
3276
522
6485
6486
228
3153
4041
165
1339
4662
1041
3670
186
3678
7128
6904
5753
1897
1891
5972
1770
2958
5387
5273
6771
5261
3604
2824
5598
6028
3426
1581
3791
3792
2634
2875
6962
3329
6090
1587
3799
3152
20
2738
4836
4799
1443
1893
1717
24
4299
25
6149
4296
1746
5360
6191
2318
2764
1823
3795
1822
1806
1805
588
3955
4135
3535
2877
2995
4371
3025
6145
6060
5962
4512
4542
145
1586
3630
6409
4497
3264
162
3859
3858
3161
2011
2668
1951
5708
6144
112
6428
6141
5704
3273
4397
5832
1950
3626
5118
6754
1285
240
283
5163
322
407
5182
5710
6761
1379
1653
3506
1158
1268
5376
6637
2841
5055
3277
245
3615
3459
232
4382
4115
3147
2663
2665
2163
6565
4370
2669
6971
2606
2115
3427
4090
6102
853
4112
3044
475
3042
3021
694
6284
2999
2351
2998
79
6324
2297
483
6508
4261
93
2262
4130
4334
2211
2091
4074
2077
183
4756
2577
529
5750
3943
6899
3156
3854
1807
1779
1775
1114
4950
1116
3939
1125
1112
7127
3358
2022
6932
4045
2024
5477
164
7112
4607
6929
5953
5839
4624
6606
3456
4707
3451
2487
5544
2872
6513
6467
2873
528
598
615
5592
3022
1124
2917
2918
5752
5755
5769
5821
967
3450
5652
5890
5650
3029
2954
5643
5634
3425
381
6660
5589
5582
781
373
3325
6192
6543
923
3208
5077
5480
4709
4195
182
184
1921
4781
4843
69
1829
3157
4418
3797
3150
247
1701
59
6841
3698
2771
1971
2031
101
4489
6963
4285
2106
2261
2104
3741
6946
4518
6941
4540
141
2306
2307
4548
2697
4663
1677
4375
1576
1494
3864
2513
6742
4039
5231
1535
5219
3609
2533
3274
3205
1415
1584
305
5174
7073
5463
2439
1320
7079
5161
1404
3934
4373
6434
2207
2994
2266
2291
6440
798
3970
2260
3341
3878
4255
2287
2992
3788
3920
4131
4022
2635
3347
3034
2388
2384
4128
6309
2379
3850
2368
4192
6282
6274
2309
713
6250
3851
3856
6227
6421
3388
4196
4032
4224
6357
2323
6429
726
4191
917
4431
5020
1147
1150
5037
3637
2902
1652
5659
5655
5654
5653
5108
1198
1573
1707
1223
1238
5591
5262
5590
1509
1485
5302
3571
1439
1437
1430
1417
1330
1282
2815
1712
4972
4958
3746
4485
2975
6107
3428
2105
4511
2962
875
6038
884
5490
4544
4545
4547
4549
4569
2757
1771
1785
1108
1824
1825
4376
2919
2921
5779
4728
1013
5825
4616
4893
546
3894
6779
3167
3320
223
6777
29
520
3296
7035
3321
6911
295
42
6986
6522
6977
6975
6845
6928
291
3275
6935
6922
6725
6631
6905
6532
289
3330
4794
2326
5146
900
4788
4787
928
4233
3082
2960
5165
2302
5169
3159
961
285
287
5845
995
5827
3270
4230
3789
6092
7045
6836
6548
4110
5033
751
4878
4093
4890
7085
7088
728
3011
6897
6843
1818
3832
487
3139
3227
4197
6067
1634
2360
2265
461
6098
6033
6099
7064
1853
3421
5061
3652
3396
784
837
2264
2904
5823
5489
1436
4665
4515
6672
6949
4541
365
370
5312
5311
4494
2709
1229
3109
2071
6937
151
1378
4595
2847
3548
1403
4590
1405
1411
4572
1337
3537
5446
3124
2003
1326
1228
5595
2131
5301
3595
107
4372
1101
2220
2221
5757
1544
501
99
5799
1919
3680
5815
5822
2660
1009
3583
3578
4480
2883
3101
3512
2891
3573
3503
5633
4449
1194
3699
5666
315
5692
3094
5701
3141
1594
3656
4920
2467
3344
3870
6364
4948
3146
6471
4951
6336
3145
4049
2752
4023
4914
1723
3024
4962
3041
3663
7119
3956
6449
6385
2750
4930
6393
3155
3933
6490
4913
4917
618
523
219
1715
3142
657
6362
3914
555
6341
3151
1773
3668
2510
515
510
3201
5747
106
2214
3601
1532
2926
6997
6861
2656
5232
2653
1071
5730
3755
298
2454
4765
4916
2218
1541
3690
2222
2242
102
1546
2246
962
2292
7029
3449
86
5920
4248
2637
5929
2950
6601
6354
935
1606
82
7034
6916
191
4602
3084
3677
4295
5213
98
5209
4273
3606
3753
4000
5791
638
3085
5838
3787
2278
3346
244
1585
284
5184
4746
408
1942
5342
1310
6687
6738
2086
1445
3298
3560
5344
5332
5532
1264
2109
4683
2758
5316
3168
3743
4949
2703
6938
4633
1386
545
2025
3281
2026
3334
4614
3543
5410
2699
4944
3912
552
333
3335
5356
5448
7164
171
5309
416
5586
3105
2903
1497
2172
4919
2177
6920
1141
4234
4435
2179
6633
5711
4400
6772
2662
4393
5265
5263
3479
3958
1486
5657
3745
6969
4487
1227
2530
5300
323
2139
590
5639
4446
526
6645
525
1185
5651
6642
4436
5656
4495
5964
1389
2955
6538
479
51
5028
6218
2345
6909
3855
3143
6034
1718
1626
4201
2586
7070
3382
6907
3380
3638
3675
3027
2365
3826
481
4028
3023
7076
4868
3260
3628
7074
6547
3654
6198
7058
3671
2966
6516
3625
4875
3424
688
754
7052
6201
2588
4132
1687
4898
3790
1728
6570
2582
2599
4796
7096
6143
4795
3636
2633
6595
4209
7037
473
1658
5989
3853
1821
824
