1839
7005
1836
1835
1833
1830
3196
1832
1838
4054
1834
1837
1831
7008
7000
7001
547
6529
3614
5419
6521
4613
5580
6690
7015
5259
5853
6704
6173
3198
6528
4058
7011
2040
731
5373
771
5892
2645
2955
4809
2569
6791
6790
2484
4937
4920
364
1454
2344
734
5623
2150
637
3480
2046
3605
2787
5803
5536
3988
6706
5403
6076
6387
738
2789
4766
795
6381
5552
5533
6614
4217
5409
2448
4940
4304
119
4044
2342
1603
1080
765
270
6797
4768
6853
1757
38
287
4036
2939
698
4215
6995
7018
5224
4909
794
6318
1185
289
3154
5791
2625
6780
455
4712
3236
5220
6878
5411
4932
4837
1166
4596
4747
1478
6347
2840
5556
1753
3134
1729
2757
2033
1750
949
1183
267
4870
6792
6794
732
5408
451
544
2035
3445
1818
32
5571
6174
6568
6114
7009
3940
2849
3732
1749
1868
5026
1344
2723
2527
5946
2525
5731
4301
3985
5364
7163
5632
6042
761
3739
6676
3228
138
2589
3989
772
2786
59
519
5435
5424
6637
2369
3508
2370
224
3441
6798
5416
766
2959
2957
2171
275
2371
4433
2974
1346
2137
5417
1505
4361
6977
6202
3473
434
6793
5075
4476
3008
4490
2926
6814
3153
5027
4933
1033
4117
5628
3177
3762
6005
117
5991
6702
2524
5948
4938
97
4652
4700
4826
4028
5759
58
5779
5829
6673
774
759
4762
3375
4616
5640
1413
157
3697
6696
6119
1605
5532
5023
548
498
1085
4615
492
494
1164
2564
768
2566
893
2213
762
4205
864
862
1349
2386
5296
5290
4013
3514
6835
6280
6795
350
1180
6979
3984
3955
5251
495
2968
5579
5304
2350
6175
3731
1043
6872
7079
5607
2480
5567
2491
4281
5565
3748
2441
1272
6825
994
5924
1315
5677
2526
1107
7134
2967
644
640
4185
2523
3774
4077
1103
2283
6118
4744
248
6465
50
55
4710
285
6548
3162
3221
3219
5116
1748
4946
1612
1743
1742
4925
6998
3186
3462
6390
4496
3444
4509
4878
4924
6413
4640
1446
6555
2149
4921
4953
1600
7048
3381
6815
6730
1406
5404
5253
100
2531
5400
3391
5397
5843
5389
4406
4963
6300
3071
6811
1618
5377
3163
1752
2037
674
4274
3983
904
327
3743
4873
4876
4902
1007
1003
1002
3167
4900
6992
6954
1142
3763
1571
3181
4753
6411
902
5993
4763
3744
6408
5985
3265
5981
5959
632
3513
5667
2353
3770
5021
6327
218
4659
5588
854
284
5299
3702
283
282
6340
1045
4939
2250
5179
526
383
4708
5758
3569
1345
290
5182
6287
5192
3338
535
1815
1049
3733
4805
6292
2022
5858
1456
5537
5776
2836
260
35
2319
1786
4988
1035
1100
6348
4704
4311
2952
6214
6877
6434
2142
4018
4706
890
4982
1764
1309
861
860
2719
2469
571
4931
2819
5578
3735
6083
6957
6993
6829
4145
4928
3741
6048
2465
6081
4926
5593
4923
580
541
3749
2704
4709
5769
2691
2689
3227
5885
2680
5794
4803
3340
5757
4794
37
796
1817
793
4782
28
1840
780
1853
3284
3272
5812
4904
5903
867
2505
5635
2519
955
1727
5669
3378
1741
2532
937
933
3822
3794
1745
5692
3203
2557
4654
673
901
4686
4029
2580
5751
2540
6086
5305
4945
3597
2941
6213
1502
6805
6206
6875
2124
6366
3611
2122
6873
2343
2444
6372
6707
4458
7063
3634
5401
2891
2114
5082
2352
1550
2882
6735
5425
3668
4303
1182
5151
4322
2204
3509
3012
3515
4408
4410
1391
3003
5269
301
1384
1383
5275
5189
6715
4363
4413
1364
1455
4358
6890
2982
1341
6341
384
386
5330
2166
3050
2954
2363
4456
4160
211
317
1144
4981
1634
3139
1589
6444
4967
3707
2378
1140
3127
2829
4947
1165
5025
4962
6415
4976
4807
1365
2416
5298
6947
2361
1339
7043
863
1308
4707
1619
1109
7044
5332
6745
2030
5314
6958
5760
5768
2169
1039
824
4969
1416
2446
4393
4765
4402
2215
4941
777
7007
2218
2187
7006
1651
2454
2180
1445
2440
5557
797
2622
4935
1680
5274
5805
4715
6796
4801
4368
1307
5555
1032
5739
1614
5626
943
5101
4646
2348
947
5097
4565
1728
1580
5410
4642
5081
4877
5063
1575
1001
4559
5638
4641
5639
974
6756
1695
5043
4891
1162
5651
2520
1161
4498
1186
1591
934
1014
1500
2568
5516
895
7003
5363
2313
7041
2407
4125
4307
5738
1488
4022
1117
5343
5017
4451
1988
1234
1236
5694
2548
7032
2565
4847
4216
1602
2561
4212
4927
2393
2555
2210
4062
6500
542
677
540
2827
3471
3182
3184
111
110
6892
3060
687
3377
2841
3195
96
3201
6331
6524
3502
3206
3373
3834
6140
499
3220
3222
6323
491
5920
245
3075
546
3407
3405
6017
6454
2790
6459
3773
3742
6044
3432
203
3786
582
576
6310
3791
3165
215
2743
2740
6616
3388
230
3088
5925
3173
6858
5922
3178
671
142
490
3137
53
347
6588
3900
735
2
730
6294
6200
2950
3523
755
6566
3353
747
6207
2966
2462
6216
6774
2300
3633
4300
2302
6615
6647
4317
1545
3093
6188
6231
5402
3448
4143
7038
4320
3639
5574
4146
555
5335
3076
7130
1572
1239
3101
1633
989
990
4589
4088
3132
2497
422
2034
6000
5629
6007
3417
190
6737
7118
1255
1011
2042
598
1262
1243
3431
419
2308
6046
551
1583
435
3737
1615
6088
1316
7077
3535
3038
1452
4194
6128
1118
305
3499
6978
3696
5215
4211
1169
2853
1135
1136
5271
6319
6321
3517
3004
484
5481
2234
493
1143
312
4394
3682
2854
4397
496
292
2020
288
2978
6167
3474
2830
1348
1347
531
3663
6172
1321
5331
2108
6297
453
2970
1313
5294
255
3047
2165
6712
357
521
273
5550
6100
4438
4176
1367
6264
1361
4173
2153
1009
5378
4973
4651
5746
3202
