7000
3196
7005
7008
7001
1839
6673
1833
1830
2569
1836
1838
1837
1835
6958
5607
4054
1832
6529
6528
3198
1834
2558
4058
700
5435
6185
2555
6616
7007
547
3614
2543
6690
7009
5853
2548
6292
5602
2557
3597
3774
989
5350
3596
2542
3515
6521
6306
311
5564
854
2561
532
2073
731
6566
5859
5579
6794
3707
1175
6615
6647
2286
2544
2967
519
4937
5211
3514
6604
6569
5606
6584
5556
5081
4028
1554
185
3381
6613
4586
2556
3513
6959
6815
6814
6173
1355
5580
6174
2540
5604
1262
6791
3415
3261
2289
4671
4020
3496
644
5600
6548
6676
4888
2968
3043
2441
2153
3050
4218
2154
5425
5807
6308
2559
4217
4499
2748
2344
361
7003
146
5537
2568
4569
6331
5182
4642
1753
2157
7004
4728
4747
4561
2150
5416
2545
6300
2560
4490
2550
2167
3511
6440
267
3256
2319
5043
6606
3019
6637
898
3605
4961
5858
548
1413
6621
6153
6193
6620
3402
2162
1695
1651
2159
466
3353
5608
489
5949
1182
4904
4493
2118
5924
2554
6853
6182
1364
2071
6987
6982
3340
20
642
364
3469
4654
6790
3199
2549
6048
1348
6445
6640
6957
6614
955
6617
6596
6592
893
4817
3931
5743
5728
4458
6743
768
5567
1831
1043
4157
148
4213
4266
2723
6603
709
4970
708
994
1565
189
5856
5915
3047
4454
4768
4322
2982
5811
1470
7099
2447
2430
6799
4762
4881
319
4826
4216
4641
747
6591
6609
3013
6730
3049
6623
2939
701
698
6634
694
3523
3216
6696
3265
6626
6798
4022
4036
2546
4565
4452
4406
4369
2597
2645
2910
4352
2742
432
6525
2757
4215
2789
2840
2719
5010
6190
2431
1412
5913
5905
5902
1099
2151
5851
5826
1505
96
5791
5758
5228
2156
6347
230
6338
6337
5288
5721
5351
5373
6313
5597
6286
5484
6296
5411
2115
5963
1580
6221
1271
6005
6178
2215
6816
1265
1264
1261
3139
6760
780
2830
2306
2847
5697
6152
2904
4025
4024
7002
6563
6197
3444
4059
4143
2776
6280
180
6298
4290
2732
3350
4281
6675
2749
5571
5578
5599
4214
140
4210
6568
2782
6118
3239
761
1341
3784
3202
541
544
3520
77
6050
1105
5872
5904
6046
6217
703
6628
6232
3635
3512
6739
3203
3499
1361
760
1145
2935
5740
3472
3933
6256
765
2941
3228
6593
6594
3219
6597
418
6598
6934
3876
6785
6398
6835
6817
4472
5402
896
4484
4882
270
5378
6444
2433
2074
2072
4802
7046
3354
316
6476
4530
2427
4931
4456
273
6449
959
6461
4670
4675
4967
5217
2343
4613
1992
6795
5419
2421
696
3065
7015
2155
3771
2507
3770
6625
5940
5220
738
4753
5216
251
62
5184
6954
3697
1472
1553
2987
5158
1085
1948
3742
4409
5981
4933
275
3449
6202
4938
1266
5047
5044
5040
6394
635
3388
2312
3386
3383
1192
6184
3236
3480
3490
4902
1173
5985
2171
6930
6034
3163
3181
3189
5102
6986
4837
6804
6076
4880
6090
1340
5063
3206
6985
5749
5810
4646
1728
5389
4495
2040
1726
2041
2046
1035
459
5638
5639
2551
5355
1054
4043
5682
6480
1771
4229
795
188
2574
4441
183
2639
1879
2653
6510
5439
2722
2565
5417
2030
5403
4471
5559
6522
483
4588
4533
764
763
766
494
2916
1605
6845
2112
1602
6922
4602
5722
857
3930
3934
744
3988
2079
5287
828
762
6767
6825
3234
1272
2035
6927
1514
2363
1155
725
2082
1840
1935
958
6775
2505
2566
740
661
2308
2117
1344
1243
6937
2484
2525
6769
2720
990
3102
1487
1693
7060
1366
6989
1104
2848
1367
6961
697
1615
705
2076
1612
2078
1107
1610
2152
3108
704
1489
2444
6838
2778
788
3193
1721
3192
3190
2448
3046
743
2553
691
1720
692
2176
952
1467
693
2838
2786
1698
6635
4448
3777
3776
6450
5594
5593
38
6212
6349
6358
344
3959
5592
5269
6619
149
571
6630
4291
6099
4205
5601
5111
645
5934
3952
4027
4981
5026
4037
4057
4069
3940
5058
4885
5821
6259
5082
4145
5946
4194
5603
4297
5279
75
3582
618
5855
3462
5540
6175
5533
7075
5518
413
5565
412
6179
4497
4496
4494
5436
392
4475
6188
3384
184
6195
5552
4953
5773
4639
419
4647
6646
6333
5375
598
6254
5846
5683
4884
2531
4648
2347
1682
4517
2349
4829
6789
5754
2353
6925
6811
4679
1069
5729
2547
4591
4722
4563
5803
4596
2446
4765
6793
4597
116
4672
4538
5742
4621
322
1618
1649
890
4824
3382
2323
5232
2113
5583
2110
231
2088
2087
1785
224
6334
2075
6906
6904
1803
5358
1827
986
178
5438
6878
1930
5507
1002
5221
187
1986
2033
6309
5572
2037
5377
1939
1049
1750
954
4963
4969
5648
5644
5019
1705
6391
278
6387
2281
2258
6826
7019
2218
6913
2207
6833
953
5201
950
1740
1739
5173
2119
1729
6373
5093
5088
5625
5640
268
5598
2210
2572
3935
5938
6611
6234
1365
5948
3001
6607
3008
1356
3783
3045
3773
542
3763
3791
3052
6602
6595
759
498
756
2921
6745
6575
6599
2931
4446
7086
3900
6590
2962
2966
2934
5930
3088
6089
3204
3497
3214
616
6171
3242
678
7068
3441
6654
6655
6183
637
2
6176
554
3522
6645
3721
6107
1329
6618
702
1293
3195
3631
6633
1287
3591
6642
6643
1142
6631
1406
6289
4359
4130
824
2622
5909
4202
2769
4220
1500
5869
6524
2790
5863
4280
1102
1488
1456
2727
2725
807
5839
1475
6515
6943
1435
6771
4117
2841
1109
5910
6302
4094
2567
6562
4402
6564
6500
4103
4108
2915
2898
6111
5782
1188
1479
6114
1180
1823
1506
1826
1267
1547
5827
6981
5823
6979
6251
5569
6191
6167
6931
5812
6172
6115
5650
6923
1288
5699
5692
1657
1659
1368
5936
1668
5677
1382
1708
1681
5912
1387
