2542
3515
2558
2548
2544
2551
2555
5606
2569
2559
3190
2560
2543
5600
3198
2080
2546
6569
2550
6958
3242
3256
5602
4217
3192
2557
6568
958
2568
2258
482
2493
4210
4213
3199
6673
2567
7008
2540
6790
4058
7009
4497
6676
5607
2564
2089
2910
4441
2507
7004
2086
5246
2549
2160
2566
3194
7000
5822
4744
5384
4747
5138
230
3195
5221
3480
2353
6564
2563
6670
4672
5411
6174
6950
3462
4064
7016
2553
2340
5604
5821
6567
1617
3701
4801
6529
3513
4933
6796
432
2545
3069
2547
953
890
878
6699
6954
6696
6566
7003
2561
5667
7113
2088
1939
2087
1026
1874
4216
575
271
7062
3991
2690
3715
3510
2721
6987
722
2286
2283
6560
5539
5489
2195
4562
305
2674
114
2193
2071
4768
2554
112
5580
2450
4937
959
3517
3036
5867
2722
7131
3511
3230
6306
1020
3065
5608
2508
278
4594
1117
4573
5553
1113
3456
1999
3182
3718
678
4746
3489
5825
3712
5564
2198
6986
6076
6439
7007
1406
6431
2565
3697
5485
6178
2727
2163
2552
4935
3368
5909
5435
6005
2113
5416
1876
6998
4803
2072
7001
3266
6794
1870
1872
229
673
3708
5422
2809
6665
4343
2562
3197
4670
6003
640
1996
6795
3324
210
4211
4218
4866
5506
980
6692
5152
7079
893
2498
4317
453
2084
3193
1454
1175
318
2863
1103
3717
138
5864
5406
6988
6170
1735
724
2288
5888
5711
4609
6691
3616
5670
2364
4641
2665
3067
4005
6176
710
6394
6379
2077
4234
590
4099
6249
2869
620
6284
4131
4148
4270
3062
6517
4591
1703
3709
3711
920
5866
3232
3783
4495
3189
3820
456
2212
466
6524
342
3241
6720
7110
4760
1115
5537
16
2912
5130
5488
2504
5204
1611
6814
1099
3357
1525
6793
5178
7167
1552
5171
5241
2662
1600
3163
1021
3304
4961
5590
235
4840
720
2280
1751
148
4027
5845
3116
3722
5828
703
216
4053
1547
5120
1400
2503
3442
2890
145
4930
2701
6513
1840
4953
3828
4967
4342
6489
3411
3191
780
6063
6066
6444
422
1220
524
5904
1924
5518
2676
1404
3440
882
2133
59
5582
4033
4067
617
22
6690
2074
6802
3619
3280
1037
6705
2830
5783
5133
1607
3212
5719
270
2866
5219
309
3238
24
649
3525
6671
3068
2441
6753
2397
6677
28
3632
3634
7121
1694
5336
4938
1873
6301
3380
2577
3196
2571
6480
3850
4108
5454
635
6285
1835
4966
2556
2197
1435
6309
6515
6004
2041
621
5993
7013
2043
3200
2622
6313
2597
4006
7078
5287
3250
547
7074
2602
5288
1183
687
5175
6386
4202
552
6355
21
2075
4310
5407
3121
2586
4159
525
526
6143
3033
4227
592
1333
6171
7072
1277
3217
5456
3561
232
5559
6565
4896
6626
3810
1651
343
5558
4648
3799
5610
1662
4130
4575
3237
1534
5754
2780
5869
1052
3246
1134
2492
4649
1680
4617
3451
2253
5517
4519
2349
5901
5545
276
1071
3710
450
224
5682
2447
5676
6826
4409
6985
2393
3571
4376
3386
5963
5672
3064
1803
4616
6984
1799
3388
3713
3497
4576
5918
4807
6561
988
854
1173
3703
4777
5609
676
1276
4593
5965
4736
644
645
4675
5242
5696
4671
5662
1634
4147
3122
4663
6251
5207
2803
5650
1320
4157
3076
970
1663
1995
1669
1604
1993
4721
5634
2664
5053
5820
760
1153
1218
6070
3188
1214
1471
4914
2819
5412
6050
5419
1871
1869
5420
4341
5919
5425
5436
5931
5933
809
4415
4410
5471
837
5949
1894
4574
6086
6093
693
1090
5823
5360
1104
5083
3149
5378
6179
4936
1536
5402
5865
891
1229
1935
5885
5405
5890
4858
2861
4493
3086
3202
4281
3187
1501
4284
6280
5215
461
272
2216
2533
2209
6512
6989
3858
7014
2194
2191
3888
6461
6450
6446
521
2145
523
3994
2135
6436
3350
7090
6426
2118
3332
4024
4046
451
7117
3419
6555
3550
279
3537
2421
6742
6728
6723
2363
3532
6817
6825
3514
341
220
3492
2484
377
3455
6897
2289
2502
2282
3776
2918
6581
6577
2675
6549
2626
6791
4087
2038
2083
581
25
2660
20
598
2509
4845
397
4916
4106
3744
2285
2287
3066
5851
4545
3183
6288
2222
6882
6287
4810
3181
4571
3719
833
3716
5826
376
6871
6869
3705
930
4851
3742
1324
5875
1166
3037
4419
6539
4154
5484
3420
2231
161
3823
4150
4453
6962
2867
420
2781
5902
3424
2257
5941
3265
2263
3120
3436
4498
5530
4503
646
4868
6663
5139
459
2369
2426
1644
5716
2424
4748
5710
5705
6744
2371
626
2418
4745
4678
5613
5683
2416
5671
1014
1015
4714
3570
5639
1019
2396
3557
1023
3000
1614
3549
6756
2319
7165
2358
2321
5814
6669
3636
4599
1089
5572
1688
3625
223
3007
6697
6702
3255
2833
2908
5588
1554
1556
3071
1673
2760
1559
8
629
2440
3523
2658
2436
311
3618
2320
5507
5277
7071
6363
1987
4062
1895
2151
3381
3986
6079
5414
4162
1890
6075
527
2672
2158
1207
79
6454
5003
1878
1877
776
2161
6061
2162
5423
3913
6072
499
741
4240
5134
1961
1355
698
3317
700
7114
5355
3129
3329
2726
3330
1948
2728
715
2085
1942
3216
6434
5176
5389
6438
577
7086
731
1932
2598
6442
3334
3220
5006
7043
1845
7006
4068
1842
2073
6995
2192
7015
1846
6008
100
7024
3282
800
3223
154
4365
95
2207
147
2786
6797
3123
1455
1336
5304
6967
5292
5386
3159
1155
1397
5245
2682
2630
3254
1568
4888
6963
5603
2782
5211
2526
3339
5229
3387
3131
3541
3161
5311
5627
4739
1584
2805
4931
5170
5369
5370
6808
3117
1055
3247
150
3308
2668
137
2541
5618
5617
4775
1401
3300
12
2911
3151
4855
5202
4853
4809
7025
7046
6879
5185
3299
2917
4806
3453
5552
4850
3152
84
