7018
7010
2349
625
7028
217
5220
738
4640
7027
1816
4216
1010
6408
6238
2344
7020
6067
2342
5419
4058
5506
4054
1832
6854
1833
5536
1815
1591
1595
2251
6227
7029
4202
4452
4156
1839
7012
1869
4080
2704
1817
4670
7077
2731
2540
3793
4579
4809
3397
1914
4457
5446
1469
1463
739
2199
6552
6535
6529
4641
854
2733
6575
3160
260
5621
3307
2548
771
3154
4605
6005
4648
2874
626
632
629
6080
3400
6568
3073
59
1915
1568
4613
453
5289
2862
1550
1305
5820
1916
3921
3898
3892
204
5618
6864
5601
6872
4572
6063
6890
5627
6404
5189
4634
4677
1650
4456
6366
3212
4923
5919
2502
1871
4209
6796
4215
946
3165
3178
1590
1811
4642
1402
1812
6236
2250
1814
591
6214
4573
2815
2812
4450
282
6402
1342
6401
3064
3113
5806
6455
4165
5224
4712
1562
4719
6521
4114
2333
4704
4181
4646
1713
4702
5257
3002
2627
5653
4643
289
4451
1240
4988
1838
3224
4963
1835
3217
33
53
3762
132
7166
2546
7164
1837
765
4925
4129
6222
4964
6957
1597
1467
285
75
1594
3981
273
5433
3038
628
2819
3226
1985
460
1772
3100
5202
736
3076
3577
6242
386
2721
6551
5161
5876
5226
1460
2343
24
3757
1666
4182
2648
6308
4985
2034
2986
2062
6260
1306
85
3157
4050
1289
2611
1446
3004
952
4709
3575
3159
1836
6806
6057
3653
2564
2877
6803
5542
189
1813
3186
1555
5007
1830
1280
1917
2549
6795
2580
1426
4644
6794
6083
6022
4647
3672
732
6946
983
2334
4183
4455
920
4082
6313
3183
7113
4575
4177
2633
4063
3825
6858
5114
2394
2625
5110
2319
5532
4184
1308
2667
3381
2550
1464
1330
5767
1478
407
6431
2994
1465
3843
3065
5192
6506
3196
5779
4459
4810
6405
98
1714
1534
100
1309
2198
4986
7015
380
1482
4763
1461
7008
2671
4468
774
5922
4672
6200
4996
3216
4927
608
3256
1786
284
2506
1000
3895
280
730
1881
1518
2399
1242
5432
3967
1774
7051
731
5999
1026
1567
6119
3489
3399
2168
6691
1421
205
4045
3988
2201
6696
1300
4119
5558
6221
5438
1552
4679
5343
1668
4121
7005
4120
2938
4161
4301
3284
994
1027
3393
2350
2146
3118
7069
5413
6048
6444
4710
6446
3072
4126
47
6449
1249
4650
1984
4211
6415
4249
596
3280
36
6011
3070
7033
4458
2786
4302
681
3394
6251
4970
4342
55
1055
2821
6095
6372
6409
4266
5392
2341
1663
6403
69
4340
4889
1919
497
5873
3776
1982
4466
5453
623
5828
6043
5763
287
6553
7160
127
288
6791
137
3896
4088
5160
391
3185
5162
882
1243
6555
1784
5125
1130
274
3221
9
1245
1724
5116
5061
398
6578
6576
277
3155
7158
4585
2666
139
2411
1834
3975
5664
2553
4537
1831
4920
1172
3188
4002
5001
3191
1362
1095
3150
3218
912
2982
6978
428
4049
5539
1244
5769
22
6718
5169
3846
4039
4003
5984
2169
278
621
3288
2520
4676
2789
6706
3403
281
6207
4247
5069
1841
2303
1602
2600
5068
988
6178
6173
3405
283
4673
3007
3390
3478
5626
5530
6091
4942
1556
3848
2075
4999
3412
1412
218
2504
2910
6059
5388
2552
6911
169
1178
6035
5410
1015
7049
3894
4649
6756
6757
3965
1236
1435
3167
6956
4280
4778
2574
3637
6127
3180
44
2284
4570
6786
3897
6798
5576
3913
5654
5925
3790
3067
486
1706
1199
1462
4749
2531
4470
498
5142
4745
1711
6381
6562
3799
2956
3395
2996
3069
3559
2740
4994
4168
1069
1196
5768
6482
2728
6480
2727
445
2725
5184
117
4115
3392
3062
4715
3195
7004
3716
5853
4112
1466
5179
6525
4708
3519
7003
3232
5892
2663
4188
2772
6616
548
1248
4062
2781
1861
5248
4534
6661
4212
2784
2156
4588
2530
3318
5930
2622
6294
5250
2391
6588
6301
5913
4870
6318
4187
3768
1392
825
1419
5533
3003
40
2983
3735
4478
39
5923
37
2009
4608
3006
7155
6000
5926
1381
4589
985
1420
6007
2206
5580
2225
5915
858
1391
1910
3039
5968
1423
5629
7140
4348
4465
856
737
779
837
4391
31
2200
4347
1246
7143
3190
1677
4326
6528
409
3149
2691
3552
2684
5167
399
6546
387
2376
2080
4815
6572
6581
355
3567
413
350
3797
4109
501
2736
495
1664
2346
6451
6452
6457
6470
5186
6491
6042
6993
1686
3796
422
421
4739
2655
6597
3682
3650
6792
6801
1163
3891
1164
1165
149
1169
200
6860
6862
6863
2444
6923
3187
6908
2415
2414
3589
6762
4059
2448
6630
6963
2133
6676
4995
1741
3517
5082
6692
1297
3581
4769
3974
5064
1294
5062
4035
3112
3128
6376
6240
1210
4883
1872
4219
5280
1255
4674
3504
3777
1558
6103
2792
2795
1599
1598
2864
645
6128
2837
4671
3482
636
2785
65
6113
6163
6165
6111
4174
1596
624
1344
644
3421
2335
2748
4176
49
50
564
6046
1361
6073
6326
3108
1336
1334
4200
4210
4186
6299
6375
7016
7022
4206
54
4203
1053
1012
4658
5319
943
3074
5006
5411
2162
5396
4583
4780
1406
1170
5385
3182
4891
5525
4896
1281
5374
3184
5023
1162
5346
1292
3222
3286
5430
986
4743
4615
1092
3105
1265
2081
5445
4837
2058
4982
5458
4860
5456
5228
3283
1075
1048
4990
4747
3060
2187
1134
949
2070
5089
1302
5100
1039
1139
3703
5437
5117
1040
1041
3057
5495
5490
1307
5435
1059
3704
5537
2673
4094
2669
383
382
3556
6558
6564
6570
6573
3569
2609
4101
2604
6679
311
3576
6704
6711
6716
6720
3986
3983
6745
2593
265
4043
1700
2695
4104
4207
6266
6287
6289
4189
6291
6307
6324
2330
2746
4180
4175
4172
4169
6391
500
2345
468
6456
456
2348
4125
444
6486
6505
2722
426
3962
3513
