7022
1059
1812
2265
3476
3940
4370
213
1810
3891
3477
7017
3893
3897
1048
3422
4426
3896
3898
7025
6875
6999
5040
1248
6874
2703
5049
7020
5165
1802
4499
1813
3887
1511
4952
1452
5153
5715
4425
1816
5180
935
6996
7082
6877
6870
2267
3986
6997
4545
4622
4189
3251
3899
62
4954
4981
6088
4530
2535
2268
4488
6118
6883
1683
6991
938
3563
1794
936
4326
6964
3472
5152
2305
6850
3988
7049
6878
6882
3890
6524
4378
2746
3798
2481
3173
2705
4673
3792
4373
7024
6085
4376
5987
3224
4544
5824
983
4988
1684
3478
3769
1682
6338
5044
4281
1805
6873
5630
5046
4371
5048
5781
2883
2485
1055
2708
1698
4454
3984
3444
3186
3985
5718
6879
5856
5076
1246
4348
7084
5923
4377
3881
3003
5714
1512
1047
3188
4654
21
2627
5108
3895
7023
3847
5249
2734
6992
2769
1041
2881
2816
6966
5465
1623
1247
5430
1814
1269
3889
5080
6480
4745
7083
5848
2281
6876
4893
477
5710
3183
3252
4476
4471
5803
5808
5432
4429
5045
2885
6337
7026
3296
67
3346
5075
5780
3966
4050
6813
1455
3982
5713
812
1516
5717
2186
4345
5329
4428
2505
4491
4497
4510
6372
4424
6404
6409
5876
2104
2196
2190
2184
977
5463
4422
4392
1244
6791
2736
2706
5245
686
4411
1818
4372
1211
6671
6322
643
4379
4340
2538
6170
6009
219
3152
3419
3257
3793
6993
3401
3461
3039
3581
57
7064
3797
7120
467
6969
4982
3181
5032
6796
7103
2814
4470
3184
6328
2483
5086
3883
472
5834
6408
4547
2303
3209
6496
2263
2250
4711
5858
3872
2737
6990
5857
326
2192
562
3877
6714
1049
930
7089
3886
4549
5996
940
2939
136
730
733
4427
3791
5725
753
5613
1624
5572
3424
941
4421
5299
6248
6126
5244
6276
682
1811
2506
1225
5711
1233
6858
713
3473
3929
7021
6821
5982
3191
4375
4546
4420
3150
7016
3796
2484
4542
4537
3187
3185
2533
3174
126
5952
4478
4477
4474
3159
6000
4548
4543
2989
2008
4572
3586
1809
1783
3575
1697
3411
3415
5305
752
5366
3429
5505
5508
6026
5660
5703
5712
3474
973
3622
4553
1834
6333
7060
1143
4670
4689
2199
2195
2194
2189
2183
4773
4903
7014
6375
4987
3254
624
5042
3757
3259
6006
3840
3212
6896
6718
4284
4294
3118
3989
1043
4197
931
4349
4342
4037
2594
3980
2704
2748
4052
2788
747
6331
5986
6335
3189
3760
1808
5886
968
7080
473
4289
3879
6425
5041
3560
4770
6901
1934
5220
6995
5225
6818
6521
3201
2740
6324
3848
6080
4605
1234
500
3410
1012
1689
731
5051
5990
3412
2700
3114
1263
2742
4830
5500
2454
4715
6894
6951
7029
2733
3926
917
4423
382
2609
3762
4412
5173
2996
5994
3963
3475
6399
5716
3481
400
4872
591
3616
1819
6171
4398
3894
2613
811
2644
3180
3250
2640
5504
3179
3844
3766
2969
6412
10
3765
7142
4338
333
1438
5560
3588
3467
1883
2622
6193
3465
1453
5799
1870
873
5133
5111
1871
6676
932
2032
2017
2767
6377
6113
3243
3245
3072
5811
392
6797
4219
6002
65
5073
6810
4985
1840
1685
6277
3981
769
7140
772
1260
6023
2968
1526
6860
942
1471
1459
5575
6872
5614
5634
3017
5724
5680
2979
7160
1341
3968
5719
1337
3417
5151
6855
6235
681
1224
3589
2882
49
6020
3578
4030
5797
3038
7122
2920
1228
3574
939
3995
4249
739
6238
5312
5315
6022
751
1042
1640
6853
2052
6792
487
2744
2185
4343
429
2419
3208
4541
2191
6774
1157
3158
6445
4540
2286
2513
2261
329
2480
2213
4472
2458
2647
6712
4479
127
4314
4493
461
2490
1076
6050
7081
4391
7088
2595
4347
2761
4556
2103
4251
3775
2101
7061
4883
1051
6520
6672
3767
2682
3842
5828
1695
7133
1595
1687
5377
2361
5951
3037
6713
2944
2400
5363
6237
746
3033
956
2685
35
2365
2403
4532
4525
2659
2658
744
5343
470
5346
5334
3182
18
771
3156
814
5636
5641
1091
1081
838
5723
2539
5721
414
951
2565
2600
3799
3810
4374
5993
3835
3471
1064
5981
1304
777
2650
988
4468
3178
4570
946
6607
5779
5531
2482
5551
5555
4334
3843
6685
1292
2974
4450
1330
6734
6396
2932
6301
3772
1881
4082
328
547
1167
7071
4986
6475
3878
2936
6956
1833
7113
1056
5155
1223
1820
1892
5100
5089
6456
1947
4742
4209
5852
4254
6004
6005
3880
4235
2239
4180
877
6102
3686
2739
3683
60
6455
4833
3764
3253
6781
6481
4678
3773
5192
5194
5201
3763
4633
711
2309
2925
5874
2312
4881
883
2030
1719
2934
6391
1713
2336
5034
5166
5989
7068
6402
1160
6274
6272
4255
2251
683
7070
2100
2887
6493
3862
3064
2884
3909
6001
3580
1803
4274
6360
5818
5822
5820
5794
1024
5879
1232
1229
1243
5885
5872
5868
5827
1245
1098
5787
5859
1220
5771
1095
5733
1057
5988
0
5700
2935
2917
4053
4054
4055
4057
4120
4156
2800
2755
2747
2738
2732
4257
2938
2702
4291
2655
4341
2619
2615
2580
2541
2536
2534
2532
2497
4480
4494
2414
2701
4521
2967
2982
3482
3517
3462
3555
3425
3421
3416
3585
3629
3355
3695
3299
3291
3280
2970
3229
3210
3777
3161
3157
3794
3841
3123
3846
3097
3892
3921
3922
2997
2984
3219
5707
4523
4558
1817
1793
1784
1738
1734
5252
1721
1717
1710
5271
5301
1681
5336
5378
1826
5419
1561
1555
1542
5472
5498
5514
1491
5563
5565
1433
5605
5611
5643
5666
1572
4554
1848
1876
4623
2318
2311
4637
4655
2269
4677
4690
4717
4718
2209
2204
2193
4740
5121
4774
2125
4815
2108
4842
4863
4926
4928
2005
4983
5029
1962
1954
5054
1880
4787
6032
5229
3495
6398
452
779
6400
6692
6417
24
6422
955
355
