7034
6738
4443
4449
1570
6537
472
5238
6742
7137
826
7136
5967
4758
5037
1270
7139
2878
4437
6755
375
844
848
426
4222
1578
2477
6112
91
1587
354
3325
5978
6839
804
841
3308
5278
4321
736
6824
2010
388
2877
5381
6843
6397
995
3996
5234
840
1896
5052
6731
2233
92
5685
517
6741
5747
1965
2658
358
2466
7116
42
3301
5426
3307
1809
3583
1640
7138
3364
581
7135
1024
314
3602
2879
3976
4840
2473
350
809
3363
802
4668
399
6053
3553
6513
3303
356
2049
2237
6746
515
6067
478
479
2231
1891
165
6766
1897
2140
4756
2132
1125
1490
991
4074
2235
1146
4555
3932
7031
7030
1189
5233
82
4450
879
1647
3309
6263
5016
3144
1538
4556
4457
7038
4878
4584
3627
2234
3150
3365
5231
2127
6737
6060
1152
3161
5649
6103
5646
5952
5960
5899
2475
31
4238
405
4526
3974
1574
1411
406
101
1361
4685
4527
6388
2468
1577
3491
5542
5002
3574
7134
1289
4224
4187
552
553
402
992
7072
2464
7032
5284
417
2026
4366
3533
775
3965
2696
5302
6508
6661
4765
2598
5989
4063
5274
997
4012
4327
5964
2257
1021
2050
2058
6
6834
1020
2252
474
3570
7144
3571
664
6154
6187
5709
4387
872
1562
1799
7128
3320
6294
5065
3368
5460
6759
4380
5893
4119
513
4115
3725
1718
606
4105
357
2136
387
4793
30
4754
4158
3595
2018
4434
3933
994
1433
3633
2131
3262
3639
1046
5170
4182
4017
6724
886
2675
1203
3385
4557
5083
982
4553
162
2918
99
2469
471
3362
6836
6931
5820
3757
5187
1210
2439
5701
5769
5965
3421
6732
234
1686
5001
3882
403
998
418
1217
398
6498
3694
6530
3439
4439
2332
6135
3951
5317
1478
5124
3120
1379
5671
5969
6087
3624
5038
3626
1026
5273
424
3057
5057
5654
3854
5218
351
5898
3114
1430
999
5034
3028
330
5410
3165
6910
6911
6519
1532
236
6505
6503
4305
4506
2814
246
874
2000
1551
1713
4729
6975
6980
1700
1964
1128
6559
3335
4102
824
169
823
1151
1156
1212
6701
1934
205
6830
4628
6831
1571
6847
3360
6849
214
1575
6909
7037
80
7043
2040
4436
6315
905
6310
4795
7076
2976
926
303
754
750
1641
323
2642
1675
6757
1687
3822
476
889
5468
5461
913
5237
1645
4418
6820
4233
7130
2341
6806
4448
3726
4551
5642
1213
7147
5422
5421
6764
4350
585
7148
3979
2943
887
2273
5208
1678
5522
1672
4456
1671
3100
103
516
4367
1029
1209
3972
5703
4537
5177
3054
846
7039
557
3043
4432
593
657
1657
6902
5658
5143
6311
6378
413
1359
411
3151
6435
3124
1513
6071
4164
2954
6502
2692
2607
990
2660
6305
2691
3155
6356
2679
6453
4701
393
6350
4978
391
365
4737
384
2008
369
419
1396
825
2019
5926
4558
1367
3112
3722
1898
1362
2697
5977
207
5968
2082
6576
421
2125
3634
4631
3598
2059
4061
6128
2017
6668
5900
5287
5285
609
1028
1274
827
4942
2980
4868
3939
4393
2621
2874
4831
3970
5374
2646
2868
1034
5346
2336
2661
2670
4895
2367
5230
5277
803
4248
5005
4068
5013
5017
845
1332
4264
807
1340
5020
5106
2952
2950
1388
4552
5056
4062
2673
5183
4532
4963
5261
4965
2575
996
4452
5220
883
801
4707
4470
4473
5201
4996
2921
4997
2739
2939
4459
4864
2368
6898
2215
5920
2218
6109
1579
6916
6120
1170
5829
470
6920
6922
6924
6928
2236
3588
6536
332
5793
6933
1744
2238
1206
6509
3780
1481
3791
6888
6506
3358
6844
3647
367
366
6058
2138
3671
6710
408
1903
6727
414
1215
6745
6749
420
2141
423
172
3719
167
164
3423
1890
2148
6786
6669
353
6848
5706
95
7047
5597
1689
6158
3498
6245
5547
546
3305
5513
3304
7095
60
1667
558
3067
29
27
7104
2025
1044
5462
1644
6380
7142
268
6985
3631
3224
3479
1988
3835
1450
87
5670
3074
5678
1113
5676
6211
3156
5693
3850
6161
2278
5616
6942
274
4767
1218
2028
200
6501
1524
6578
1131
1962
6458
1936
4705
259
3504
965
1628
2676
6665
6581
6472
3494
3433
5420
6703
6945
1586
3323
2837
885
6981
1708
7036
7056
3229
88
4444
4442
928
2894
1668
7098
1194
22
4414
4
919
1685
4589
873
2822
6707
4564
2706
6736
4554
163
1818
1335
1211
3337
3326
6342
2709
4262
1582
4297
1583
2778
2808
4504
937
6941
1751
6336
3126
2042
3109
5835
5882
5894
5571
2229
4784
2518
5924
3871
3997
2213
5949
5548
5956
440
2152
3070
3720
551
2147
6040
5235
3859
5007
3978
5579
514
511
3073
5679
5202
5200
5599
5689
5186
5699
2455
5724
5174
3101
5162
3858
5128
5778
5120
2467
5116
5280
480
5111
415
4066
409
412
4110
5367
5492
2638
4842
2060
3063
5413
5428
976
1119
3552
3938
302
301
6290
6293
579
3537
296
1124
6316
6204
6162
4109
5366
401
389
3653
2135
378
2587
1420
4923
329
364
360
555
3921
2126
556
1423
4089
6155
6106
3579
4865
3878
3260
3045
3295
3886
3944
3853
3066
2903
4336
1061
3993
3316
1148
3604
3603
4221
1219
4094
978
1134
962
2957
3129
4168
2959
3522
1273
993
3312
3716
4036
3075
3223
1069
3798
4329
3189
3772
3977
3334
3754
3992
1236
2946
4235
3014
2998
4383
1626
5645
5925
5961
2163
5985
6012
410
407
2139
6055
2137
382
6089
371
368
363
352
2115
2112
6125
2109
6151
1499
6156
6159
6203
1458
320
5830
477
5438
5469
1437
2313
5493
2303
5499
549
5529
5546
5551
5576
5585
2284
5655
5657
2260
512
5683
502
500
5741
5744
2249
5770
473
5427
6208
310
1825
6827
6828
132
6894
6904
