7048
7066
2840
1764
1276
1757
4301
4306
2843
1742
716
7044
7040
1753
1755
719
4691
1750
1943
2137
2437
3485
1133
4900
3390
6303
7045
1660
4395
7042
3272
6487
3955
2842
4783
7069
2533
1748
6100
1011
6870
717
5359
4724
4307
3900
4735
1128
4250
4902
536
2090
3277
6833
2361
352
610
6977
6898
5922
3459
3271
3904
586
737
4903
119
1743
5014
6812
386
1745
1746
364
2301
1326
2744
5859
425
49
1634
4458
4623
4339
40
531
6081
4629
6780
1158
201
2981
2177
6837
1091
1500
4254
6899
1944
6318
2284
1820
797
2637
1756
3826
1908
947
383
3773
4309
2105
2789
2858
5738
2187
713
5377
4901
4750
1758
1752
5694
6319
6416
1205
3966
2062
3016
4100
1383
6064
4030
891
6311
6855
6835
3954
5928
193
6881
2461
5927
5197
5011
2427
6873
6420
3959
1371
4892
4392
5740
580
6297
1721
2749
4394
4926
4377
1313
1678
4300
4303
4304
2300
4651
3510
3635
3778
6118
2986
5440
530
4981
1321
6378
732
6768
2922
6581
1245
6674
5540
5306
6769
2580
3134
2138
1100
4101
5874
1074
1670
6386
6159
6180
2644
538
4519
2142
6901
6373
4753
5803
2092
1061
3045
4706
6186
4776
2506
1132
2110
2055
6730
4659
1121
6716
820
5041
5852
2514
1065
4357
5631
4031
5190
5078
3908
5465
1835
3338
2356
1358
5959
6310
1413
5448
202
3860
1263
7049
905
3481
3201
5444
6291
4969
4909
4785
7065
3692
2384
6306
1352
3565
1261
3762
129
5419
2985
1749
4363
1322
6774
5305
2534
894
5799
933
4185
3837
1828
338
6422
47
5433
6791
5630
4987
4391
4260
7109
1349
3416
2846
1741
4904
4287
4308
2108
65
1802
1135
2097
903
1589
748
828
115
2896
6467
952
3680
2899
6765
3012
2186
4346
5352
5328
2096
357
1317
2838
1783
6857
2689
1902
2385
4732
3907
4475
1452
5211
728
2610
796
5468
544
2054
2611
1283
5168
4774
3964
6615
3948
3162
4037
1905
3595
209
519
208
541
4788
2053
1941
5160
847
551
3024
556
923
2006
3483
6544
166
1098
488
1487
6382
6551
5157
1072
1654
5616
1810
5395
5248
4398
43
731
6701
3564
2833
4305
3658
3670
992
4393
6704
1946
1069
1814
5047
943
1728
1325
1067
2583
3644
3654
5648
6682
56
2295
2757
2157
3506
1329
718
3446
2600
3636
1264
4624
4459
727
4378
7142
4485
6370
6246
6442
5847
843
968
327
5870
1240
2487
2963
2515
4982
3834
6340
6880
2537
5780
6772
4755
3008
999
6484
5031
5940
6300
5010
2389
6488
157
3042
6973
2081
5158
3023
1221
6714
6185
1478
616
3143
5432
5357
1356
1354
3382
1049
619
7047
577
702
7080
3204
3963
3906
3181
5955
1531
3902
3983
2357
5351
361
3346
6500
366
4235
1138
5327
123
6469
4255
829
5760
1139
2454
2482
2484
4787
1761
652
631
6174
4564
998
1080
2174
1817
534
4736
2255
1724
706
4960
707
2302
2256
4660
581
995
6596
565
5072
2538
1720
2536
1836
6423
2521
772
2513
4940
6556
4951
4703
5073
740
6498
2532
4781
6241
4530
3931
5210
6979
3905
6305
2009
3898
1377
3885
3270
1376
5330
1232
1372
3871
2005
151
6970
6964
6314
3942
6864
1180
1182
6875
3130
3132
6071
3994
3292
4560
3164
3169
3973
5191
1401
5917
5340
3947
3978
3864
3863
7022
915
1260
1341
57
3454
7118
3461
1320
77
1319
3656
3634
1305
3597
937
3592
1288
3546
7126
3091
948
3732
1239
2003
3846
3839
3838
6298
128
3344
3401
1244
3777
1246
3774
7046
3369
7056
5308
7073
121
3087
3984
6388
5712
4296
406
2848
6736
4291
6689
2892
6760
5763
369
1694
5771
4199
1140
5788
4314
5679
2131
5111
2716
5399
4371
4349
6371
5127
448
4347
6683
4345
4342
441
5647
5797
1105
4194
2680
5809
6254
3041
5151
5811
5812
6111
6110
292
4057
790
4054
5815
279
5528
6350
3017
1159
4193
1155
4514
4480
5807
510
4486
4491
6266
5249
6383
4949
2161
5224
1983
5097
6282
794
1977
6272
785
5404
2150
916
5403
993
6255
6424
5216
2061
2058
5342
5166
971
5149
5346
5196
5144
6313
5204
5347
2091
6294
5017
5013
2093
774
5038
1883
5129
997
6425
5213
6429
1827
5316
5314
6307
2742
934
733
5814
6858
275
4028
5817
261
3125
1495
6076
5877
1207
1402
3967
5921
3945
203
6877
6039
4075
3040
5705
1137
382
2901
5766
2926
4196
306
5802
333
2974
326
2987
3010
3013
3021
4172
3936
3929
3924
3414
1345
67
3428
1269
48
3458
1346
44
7128
3647
3646
3498
1285
6013
3560
3467
3733
7068
96
5929
3909
6980
3903
6996
3899
165
1231
3278
3847
3347
3353
3357
117
1247
1248
3765
6706
1581
2962
4327
4763
5469
2501
6565
2530
2539
6580
2422
4632
2565
6700
4606
554
552
539
535
4626
6508
1039
658
4942
1811
6207
6202
6200
4898
4886
5430
4876
6194
4872
2380
5438
6481
4860
4838
2400
4561
2627
4620
468
4473
4400
6641
4487
1632
2651
5566
2703
2740
2683
2688
2737
473
6173
5520
475
445
4406
4412
1348
1251
1257
1834
5764
6256
1027
6139
6229
1945
1311
1822
5724
6021
5421
1826
5748
1545
1542
1136
6197
1316
5449
5947
1009
5408
5876
5816
5878
1414
5903
6099
5481
1066
6042
6040
1914
5413
6148
1698
6104
5813
6167
5937
1919
1096
1375
1235
1363
1765
1925
1359
5593
1915
3554
4786
6557
4600
4589
198
3937
3219
537
6617
3946
3203
3953
3225
4515
3957
4443
3969
4439
4418
4415
2715
487
3174
4407
4483
4405
555
2587
6507
4799
7012
3866
2451
4769
2480
4730
4709
4050
6603
3274
163
2522
2529
4692
4685
4681
3259
2585
6993
180
3273
4819
4403
