7053
238
6773
6199
3916
7057
6841
233
2296
1686
4227
6775
3240
3917
4709
5474
6777
143
2477
3856
1688
230
3971
6846
4519
2298
3974
3911
4668
234
237
6097
1504
141
3855
231
63
7051
235
4798
2161
5705
1497
3480
3850
6869
3912
3919
5495
3977
16
4702
3918
6376
1901
6726
6743
5481
618
2293
3162
5185
149
4797
4665
3852
2036
3978
7050
3245
4667
2291
4368
4624
6379
4628
774
3160
4707
1264
5670
4792
6096
6842
5333
232
1261
6771
6482
1071
4791
239
6553
1060
4663
6860
150
3915
5301
5756
2183
4141
6204
4705
4928
1721
6192
4661
510
2480
3651
2833
2357
5875
2292
3392
4599
5395
146
19
4795
2884
5676
5760
5759
4997
3293
3913
4436
228
5672
1075
5945
5262
1687
2817
4626
6374
4704
3241
5323
4924
3444
5243
3887
6465
3858
1262
1544
960
3841
3164
3070
495
4701
4521
5215
6029
6197
4399
5311
2290
6377
4564
5593
3972
2736
4718
2462
4017
145
3394
3247
3942
2469
7059
2682
4781
25
2376
783
2003
3685
600
6766
6433
4074
6682
729
6094
4712
2962
5500
5918
7054
6547
293
3970
5921
236
66
6463
1845
4731
5080
512
6894
4779
6496
4697
2299
4996
5473
3358
130
3338
2487
770
6381
4669
1500
5709
4569
7052
4467
3249
3485
2351
4662
5285
4993
4339
138
2340
6647
2359
140
1449
5498
3401
7033
1267
4611
5926
2039
2745
5330
3243
5783
2450
5234
4126
1919
7042
1915
4764
6555
2813
3287
5775
6719
2837
6717
1279
4464
4343
6688
15
5308
2484
2505
2961
5070
840
6092
5717
3171
640
6099
2526
1781
5189
2255
6867
3554
3483
3885
4710
652
3484
5620
3829
773
855
5447
5472
6863
3012
3656
4890
4462
4664
6363
2746
5475
6685
1796
5334
4620
6292
1821
5388
2787
4362
1827
4566
4563
6439
5442
108
6248
4796
3013
2577
5884
500
3723
6244
4833
1227
6898
6899
7030
3646
854
2223
5766
2241
2500
6486
1478
5725
3560
5302
494
5055
2362
3854
56
6474
4139
1465
5806
6044
6779
3246
4999
4015
1063
3283
6383
281
2971
3390
4994
2965
6552
2061
5610
1266
3883
2391
2898
2903
5293
6498
6507
4995
6436
5226
1460
6389
4774
1492
6567
4782
1583
4790
516
543
1336
5280
5290
4717
6593
4794
6546
501
4866
6415
6458
4703
1211
4839
6010
1195
2475
871
910
923
684
5774
5771
681
3419
6115
7011
2294
3598
3610
3619
5677
3621
3623
3663
5664
3488
6110
2522
2525
2747
2731
2749
743
2715
14
2765
2792
2798
2689
779
7145
5928
5927
2838
6065
5900
2967
830
835
3072
6881
5642
3596
1922
6758
4140
4146
1080
3804
4195
4211
5510
4286
4321
4330
4332
5492
1823
4488
373
4560
5381
1681
1076
617
5251
5611
630
2083
3811
1982
3881
2127
2018
5898
6230
5922
6430
1121
570
5487
5274
6161
6076
5623
5470
1150
592
5257
5396
5339
5255
639
5981
1141
5671
5897
5558
6150
619
944
1072
947
921
5780
622
5808
5299
5817
6077
5843
5722
6411
5341
5541
1094
6109
866
1064
5871
5512
5693
5857
1023
3584
2583
4255
81
6713
2509
7044
2520
2358
3147
3285
3114
1779
68
1775
2217
368
4513
3103
4524
62
4561
240
1897
6895
322
4149
2454
2105
6848
5233
2169
6826
3705
276
3941
97
4591
2037
96
4079
3687
3658
1964
303
89
1953
3177
3168
4018
4596
7055
1680
144
5056
2832
6479
5158
2297
2313
2683
3398
2317
5182
2724
517
6466
2726
8
6462
5203
2361
5227
2741
5003
2972
1458
1591
6971
4749
3391
4772
44
2396
2393
1587
4715
1585
43
3608
2874
3617
4932
2271
1499
7133
2834
4910
7035
3289
3248
5769
919
3397
924
5231
2527
5804
5978
2763
2764
2830
2831
5933
802
2676
2675
2660
2882
5911
2886
5800
825
2968
831
3093
846
2529
2513
865
868
3227
3234
2465
2459
2458
2888
2354
1024
2318
4920
5329
4773
4771
5335
4666
4631
4610
1723
5399
4527
4526
5988
4463
4461
4921
4926
1522
4973
1286
5214
5271
5188
5276
1337
5181
4437
5161
5281
1414
5071
5033
1468
4998
4991
5160
4397
4363
1828
2165
2178
5674
2213
3630
3620
5704
5634
2256
5714
3593
2277
3579
5727
5728
5755
5708
2326
3782
3864
1834
1840
1856
5505
1920
1951
4136
5627
1956
1985
4066
5595
1062
1057
3910
1042
4120
4522
2744
229
7147
6991
6195
49
6820
6487
7087
734
6191
6489
7039
83
6371
6417
689
6413
88
6778
7046
692
199
6550
6890
6257
94
413
6893
6447
134
6491
6243
6464
745
593
339
6859
33
5166
3106
2788
5286
1358
1552
2671
1259
3167
3945
5668
299
4939
5163
2649
1028
4965
1537
4125
5644
3605
6586
6584
2880
5178
1611
1242
5175
2304
1605
1602
6135
4770
2471
5297
4780
6558
6990
3475
6469
1353
682
5767
6245
2007
6972
2150
3066
5059
3725
6246
5721
6484
5124
5622
5079
3810
5232
7144
2375
5089
6448
6811
2524
4048
5253
6227
6522
4966
2251
3019
79
3965
2172
1132
4990
21
2653
4070
5261
2575
104
3110
2814
956
1448
6821
5265
4148
1861
3618
2278
4435
359
794
1789
1787
6845
4236
3375
2276
6716
5490
1891
5925
5499
2759
5920
6013
6909
4529
2355
11
6731
4209
4220
3880
135
3628
6015
5484
1855
4333
7162
1846
202
3399
1841
3625
2739
2956
3878
594
1149
6714
5959
253
1151
777
6695
349
1122
6694
2364
2211
2974
1943
5319
4684
1652
844
845
6272
4619
13
3849
5318
1655
410
6738
4627
1684
7043
4177
3008
3244
7041
6734
3671
4638
3851
420
4708
5886
186
4180
265
417
5332
416
1927
3010
5317
1092
4700
5507
3061
64
3940
6427
5296
5187
5186
6390
5304
6320
3011
