7052
145
6312
3876
149
141
1406
6315
4598
6775
7053
3913
7072
4731
6313
244
6946
6292
2603
146
3329
1266
249
1445
2732
263
264
1452
247
3548
6773
6146
5926
241
618
1446
5846
1448
143
260
5910
1264
2665
2068
4641
4130
3335
1800
4286
3782
3514
3542
6457
1262
6447
1671
2038
3911
385
2080
4595
2296
3544
248
6476
46
3915
2477
2375
3919
3615
1897
5729
3534
6673
1216
6793
6199
6294
4868
4446
6459
2993
1787
1739
6307
4780
3170
268
6522
4599
21
4820
1149
2207
6090
4673
4642
4672
6055
2257
3330
6317
1677
1721
6415
6314
2845
6304
6007
6303
3336
5954
3331
3535
448
6097
3596
6688
2666
6115
2543
2542
5890
6191
6527
1547
1698
3852
4136
1213
1896
4277
5125
4340
2314
5016
5447
2135
3976
3972
4408
7046
4890
1079
2390
957
4610
955
4771
4640
1771
293
6132
1110
6105
468
4149
5232
6096
3825
3106
4180
3256
6438
4649
278
2653
4495
231
7051
4861
4536
1728
6289
4905
4798
245
2912
242
6250
192
4364
4601
1602
383
4628
6301
473
5206
4646
3912
2548
5541
5907
144
5906
4028
111
4021
5473
3983
76
5839
1282
4022
5388
1891
3538
5608
5974
4132
4112
177
5671
6681
5602
5672
4650
1057
344
565
4670
3630
6290
1691
4892
1286
3910
6350
3918
4486
2808
3917
5570
6295
3776
3610
1401
3916
1027
3914
2006
2821
1420
995
1422
4647
5823
4302
5103
5116
4027
1449
3240
4213
6099
1211
4211
3532
1175
3332
1180
4141
4140
3325
4407
6100
4324
4397
5828
5837
4928
2961
1436
6192
3218
1443
387
3072
6164
4344
4025
3198
421
837
3974
3339
6676
273
6743
6450
2082
269
1809
262
2707
1715
7059
7056
2668
1805
6409
1831
37
2692
7045
140
7079
6614
1823
2232
2175
7161
6897
2338
2337
6567
2194
2036
2745
1738
5285
5286
3111
6955
3059
744
3207
4273
5163
611
795
5668
2292
4148
1791
4227
4192
5945
2428
1930
3105
2251
1154
6505
4139
4209
1552
5324
2575
2388
3334
668
6047
2333
6894
6562
3977
5484
1261
3286
3285
5606
2319
3826
6909
1553
4115
1212
1115
1219
5641
5319
1332
4043
2656
3242
1331
3823
3249
4048
3631
1441
5117
1975
4594
1428
2547
1972
2867
898
4570
7055
1028
33
1451
4427
142
2953
275
1402
1430
4676
2787
6734
4648
2007
6721
4643
4662
2520
6363
6347
533
6434
2815
8
1432
4626
43
1412
4365
240
4997
3021
7041
368
4356
839
2148
4354
235
1609
6184
4328
5726
472
6218
4368
2574
3616
48
2725
2999
6221
6685
1403
2346
5727
5783
2458
5720
1385
5712
3874
5592
5743
5637
5811
5662
3659
124
3735
1335
2505
6742
606
5679
5827
3623
3665
5821
2433
2786
112
2134
4968
4381
4924
47
4414
4418
867
868
7050
4454
4866
2096
4853
1970
4590
4781
7063
2084
4592
1980
2074
4709
7124
2039
1992
4665
2009
4644
5009
6843
7027
812
1267
5492
686
3978
5449
5441
2306
4029
4049
4057
1214
1898
5345
5307
743
4135
2294
5283
5873
5281
761
5258
2274
4214
1153
4218
1136
4297
5119
4323
75
2421
3199
3337
389
388
6170
3053
2557
6204
238
6247
6251
3476
6252
1730
6280
1650
6467
338
6461
5946
254
258
6037
5939
6568
3082
6093
6528
6103
428
6113
2704
1440
3194
3192
413
3190
3155
6082
6073
6560
6144
6149
399
6050
1741
2721
6043
506
3396
3541
6437
2846
272
5903
2544
1454
1794
174
6336
5900
2831
1708
2744
1693
1724
5932
6298
6413
1139
2050
6980
5228
228
1714
1674
4707
2828
4726
5182
6161
5164
3085
1146
4255
4229
1141
4602
2840
6296
3153
6143
2663
4094
2305
6391
2670
431
6952
5339
2303
6379
4198
953
2806
417
753
6130
2807
1684
303
73
5273
1585
2299
2077
382
62
2991
992
1960
44
4409
6302
4591
905
2728
7047
1646
2903
1069
6287
4791
4492
261
4796
4587
6291
1656
4506
1021
7058
4563
1004
2115
1072
361
4990
7007
6448
2168
380
7013
1100
5081
2157
4325
986
2156
6309
1092
5045
5040
2150
4353
5021
1608
833
5006
6193
6486
6203
4084
3019
3013
232
89
5877
6771
3531
6821
6823
592
2567
1386
3624
1293
2367
6682
1458
474
2345
110
2474
1515
5519
3928
3971
105
5511
6869
2331
2323
1265
5941
5920
3877
3658
5972
2447
5976
622
3787
3791
2452
3489
608
1330
2556
5396
6005
2416
1497
5616
5690
2398
2396
1370
1499
3856
3498
3358
3875
6799
5765
3473
2309
5411
5824
2644
5448
2316
170
3998
6701
1444
2649
5417
1549
3547
529
96
1435
527
1437
6561
5465
2321
6094
1551
5780
5913
3591
5793
1798
1821
1227
3720
2749
2913
4411
4494
2803
2513
4483
3730
1046
2516
2117
3731
1822
3477
2909
3737
1471
1050
2738
1826
2847
1407
3598
1793
3597
2475
3777
3612
2848
2491
980
4608
3562
4618
1447
2473
1460
3554
2072
4512
2052
3517
3650
4499
3539
959
3663
1425
4496
958
4625
4064
1735
4403
1568
1246
4144
4147
3987
1743
3166
2290
4008
3981
3284
1171
4190
3323
1163
2623
4210
2591
3980
4137
2298
2706
4051
4092
4050
4097
2660
4042
4039
1210
4100
2655
2308
3247
4118
2701
4121
4126
3208
1749
4133
3112
1489
1519
2584
3804
3796
4355
3389
1494
3029
3020
3401
3829
1334
1078
1076
4367
1337
2995
1070
1628
3784
3421
4343
1311
1502
1283
3080
2342
1130
4268
1126
1123
1866
1601
1737
2174
4301
3907
2160
1105
4320
1101
2723
3870
1592
0
2004
830
612
6852
5087
6385
5094
6838
6404
624
6794
5624
6790
5161
6452
5615
5181
5033
6767
601
6308
65
5822
6242
4879
6281
77
6297
4906
84
85
6945
5728
588
4960
589
6333
