7060
7068
1049
7063
1038
1030
1032
6898
574
1034
1031
4205
4419
577
2480
4411
2484
2857
3055
971
3604
575
1033
3338
5032
4736
6841
3132
4521
3947
5797
4472
4474
5394
20
6049
7062
5134
5986
6821
5694
4735
5504
4715
1039
6814
1906
5305
901
2166
3118
2381
4928
24
3444
4488
3152
5508
5949
4484
2385
4346
5180
2365
627
940
1500
2358
2492
7024
978
2726
7044
635
2783
3222
423
23
5497
2278
2908
578
5144
2586
4760
5866
6207
2
293
741
6828
3
1089
3010
4929
2859
1645
3349
2505
3344
654
2265
3361
4675
5405
5295
5674
3555
2933
6825
4195
1783
3340
2378
7145
1954
4655
1271
4673
5232
299
4711
6107
6826
2315
2212
6882
563
304
4490
3027
1192
4818
1215
4264
5254
3165
6601
3508
4927
2483
5149
4167
3134
2784
5043
1883
5129
1343
4227
5709
6369
5049
5698
2858
1986
6330
1484
5071
2866
5145
4158
4160
6864
4330
2408
4
1734
2404
5881
5024
4197
1708
4732
4397
769
229
5865
5103
5864
1239
4806
1588
2432
6329
4802
4651
4814
2273
5136
832
1080
4924
6169
1043
4981
344
5630
2462
2363
7064
4885
3866
649
3994
2502
970
1830
4922
7042
334
5786
2899
1900
3777
3006
4481
5634
5170
3009
6204
2786
3550
1047
3554
6413
5841
6414
3196
5623
5810
2270
1453
3220
2403
532
3223
313
2430
4755
5485
6673
2361
4622
4724
5705
3762
5706
5803
5512
1507
5671
6818
3810
1546
4532
3163
3358
2722
2787
1904
879
2791
6474
1810
4274
5037
1934
2148
7071
5141
4873
5140
715
6200
710
2113
4018
4016
6194
2759
7066
5198
945
5044
3560
3371
5182
1846
1845
2728
2727
6119
954
5291
6431
6894
5101
5107
570
232
4090
6323
3052
27
5363
1674
5362
5955
236
6566
1973
3277
5407
3945
4429
3481
5080
5322
2181
2900
6511
5298
2162
6195
3159
4088
413
2904
6426
412
762
4050
871
2433
2461
5695
4214
4618
4027
5783
2856
6416
813
4029
2909
5868
957
2682
6019
4480
1082
605
3946
4355
4381
571
3092
1232
3940
5933
5924
5919
1218
1217
1194
5882
4454
5860
1335
6051
5840
6656
2732
2581
5812
4499
6118
1305
1303
2522
3094
2523
484
3985
4258
648
6092
6070
631
5827
3972
1284
1088
2892
2224
3225
5188
5185
7075
88
1885
1528
3728
5181
1870
3729
2165
3612
6824
3268
1504
6979
1902
2176
1501
3376
350
1866
5443
7009
5540
2311
1802
5562
3563
2296
2114
5258
4671
125
4680
1843
163
2144
3229
6810
3578
5595
6991
160
4665
1506
1980
38
1936
2016
3474
6737
7122
5146
1722
1685
5331
5147
364
6726
5022
1681
1694
1489
3784
1905
5408
2052
4811
2005
1487
5643
2184
3341
4886
4368
647
6918
6933
5951
1799
5250
2650
4901
3647
5314
178
1045
4315
1091
6015
1093
5299
3005
1094
3949
4327
1788
5288
4859
4337
4825
4295
6515
1048
3031
6997
5354
4831
3342
2407
1004
2789
6228
4026
5013
67
877
1908
735
5034
6410
5148
6255
4169
5012
3506
4152
45
29
5055
767
5057
3428
808
774
5069
2007
5086
2901
1930
5249
7083
717
6105
5248
7030
142
4256
4254
6468
2725
4934
1841
6462
4941
2969
4988
118
6131
2093
5201
4969
943
106
2956
6156
6440
5183
6418
5179
6201
1688
2737
5990
1233
6634
4713
4566
6632
6823
5848
4714
4471
4738
1234
5610
1231
6618
6850
5511
3249
1485
2561
6610
420
261
5767
6607
5549
6771
2509
1309
5625
467
1308
3766
1300
2520
1290
477
447
2524
3856
569
1282
4492
5824
6643
1354
5572
6772
6638
4772
2507
4386
2409
5411
2588
1682
3057
6887
6900
3792
1156
3156
5403
1212
235
2402
6734
1158
1680
3045
3791
6729
2426
4792
5667
6722
6604
224
2393
4451
5813
2352
903
5677
2503
1502
5680
1997
5799
4985
4666
1511
4987
793
5681
2785
1455
5165
4510
1888
2360
5717
1363
4526
5718
6261
2427
1415
1409
4660
2851
2855
6251
6316
5046
5131
2382
6247
891
4595
5740
5025
6240
1383
1962
2425
1910
2423
2053
4537
1427
1364
6325
4663
2018
5937
5215
2778
4842
5429
5876
4787
1203
4306
2576
6032
4782
2684
2689
1776
5269
5480
1046
4794
5998
2186
2591
5936
1698
4385
5935
5361
4815
4819
2282
5988
2405
1104
1678
5917
1668
4326
5406
4821
2782
2288
1024
5593
1288
958
5207
955
2749
4493
4674
2755
2756
2510
4973
6174
1880
915
2729
2527
1547
4686
5251
4267
4479
1257
1008
5846
2133
4888
5242
2720
1818
6117
4710
982
4687
979
2533
2716
1996
4059
126
3020
6528
3562
581
150
3039
3933
3931
156
3922
6592
7000
180
3595
6512
3362
7061
3003
4024
703
7109
4017
4014
3517
685
3896
7087
659
657
645
644
99
7069
115
6464
6624
3614
3881
3797
3198
6767
6873
3768
3226
3227
3166
6813
6857
6820
6853
3247
296
3240
3717
302
719
6881
3155
6629
3095
3123
3827
6659
3661
3133
3272
3136
6690
6886
419
6885
415
3151
403
6683
6415
3586
2911
3472
779
4034
5
768
3476
1221
5867
2163
3903
6605
5869
6599
4734
186
6869
176
175
5266
5265
3333
1785
4430
1197
4470
5102
4854
5467
4833
5327
5826
6966
2907
6633
3878
4127
3764
3883
1739
5851
5626
4838
824
4052
6977
1236
4851
2169
548
3260
4416
161
2645
5493
2902
7048
5993
5994
6522
6521
5222
2642
5999
4312
2828
2673
7049
1842
3360
843
2678
5216
4682
5622
5241
3033
3106
4412
159
5255
21
3926
1798
157
558
7031
4387
4382
3037
3036
3224
5940
3347
3941
3034
323
5056
4828
1285
6496
5639
2424
6708
5414
1418
1416
5410
2431
424
1493
3783
4605
4601
3671
5404
239
1670
2230
5749
2271
6888
3786
