7061
2397
2050
3552
254
5673
2398
3559
1780
5429
1998
261
1332
2304
2396
2947
5744
260
4034
2676
3653
2390
3578
6523
6064
3069
3655
5493
4417
3556
7047
6511
3651
2399
5671
3962
246
5260
6068
3554
3852
6065
4321
4088
4784
4439
5497
71
6865
2504
6888
6722
6840
3557
6508
5849
5038
1533
7110
622
2489
3507
6723
3550
3659
3573
5421
6501
5212
3155
2216
1997
1427
1526
3056
1334
6012
6014
2464
3370
4731
3500
5793
1527
6317
5250
874
1072
4772
1206
431
567
2598
457
3567
2479
6495
4238
1299
3213
3904
6693
4690
3583
923
1990
3453
2813
5764
2708
628
5202
4011
1645
6428
2405
4017
627
6059
142
6301
4181
5893
5974
6109
2345
6062
2391
2413
6506
1034
6008
1156
3671
6248
2330
5626
1987
6075
6047
5236
576
81
439
1531
6783
6892
2944
4467
1499
2670
7043
7055
7058
4114
4534
843
1295
118
1025
4743
6055
4956
3059
362
5122
1996
3116
258
2889
3650
1993
4736
6863
5082
7059
2036
5053
2052
840
855
4129
3004
7075
259
1103
3061
5030
2503
1905
4121
1866
4155
5428
666
1607
2607
1574
1555
802
3517
1213
6758
4303
4174
6413
6788
3657
1131
623
3895
359
4243
4688
5086
3576
3075
2571
5476
2509
5613
5462
4927
5297
4473
935
5898
2663
5141
2407
5034
5984
5761
5179
5021
376
5765
5641
2393
382
290
535
1438
6244
4180
730
712
6430
1861
6503
1846
4132
43
1999
44
1799
1465
1503
1510
3999
6992
4019
6887
1556
1552
4127
2057
4015
2058
770
6079
3893
6061
4656
5609
458
49
2591
5085
1640
1679
2587
1480
924
46
4385
6585
4789
6086
2945
2534
2208
1822
4199
40
1027
1843
4344
5983
9
5422
5978
5237
5234
5292
430
5294
5296
1548
4537
5219
2877
5215
3433
6843
5208
88
987
6067
389
6053
1211
6724
2890
4080
1572
572
1583
374
372
4526
3367
6097
6417
503
1426
2060
4170
1984
4197
1260
4320
292
4178
4249
1336
659
3076
5798
1995
3916
3133
7130
2277
1335
3610
2028
3159
1082
6163
3602
847
4163
3917
2175
4675
5627
1880
2455
3006
3973
5703
1157
1914
317
3271
5205
3110
4877
4012
6827
3368
70
3909
34
35
2996
5037
2852
3360
1549
2974
4805
1331
4549
526
5084
3060
502
5088
3217
3919
7076
4959
4966
470
3878
5192
715
5149
941
5078
3055
5176
5178
3
4693
1518
3963
940
4807
4462
3703
6265
5551
1026
2303
1825
5806
4364
6291
5479
677
6233
6225
5465
5857
1674
6684
6236
2500
6515
5616
6425
4169
2418
299
2420
1909
5767
2426
1044
1986
6479
6484
6488
6368
621
5623
6313
744
4167
5880
6202
4469
981
87
4470
6759
3618
5299
4468
1216
82
2737
2140
5273
1092
2783
5255
4016
6694
397
986
268
6695
2249
5423
741
104
2068
6757
6412
3551
5411
2132
1571
3508
5414
3627
4200
625
3905
4739
3652
4527
4686
4013
3450
3455
4493
4478
4463
4061
3842
3815
3555
3400
4579
4598
3768
3757
3717
3715
4126
790
3363
4014
3996
672
3577
4160
4681
4161
660
5463
3898
2259
5795
5788
2395
2468
5629
2486
5618
5574
5561
5544
2505
5842
5506
2576
1621
2611
377
2616
6705
385
1209
6732
388
2664
2573
6746
272
4793
6477
6491
6436
6426
6494
6416
1982
6404
6518
1844
6290
5935
6238
2127
6071
2199
6043
128
6018
250
5998
263
5971
5942
2094
396
158
982
928
471
5062
5335
36
5036
7057
31
7098
4947
4928
4924
4923
3072
3091
7115
4843
3166
7124
7126
5
1298
3210
7050
5119
919
6978
6797
5247
2821
2707
5303
2862
2878
5235
2706
2883
5313
1519
1570
1333
3825
1402
1573
1842
1567
3678
1845
3704
3890
1154
1559
1221
1821
1237
1234
733
1714
1437
1625
1622
1200
1184
1248
1428
1551
3711
1424
1713
1177
1183
3816
3251
1886
2781
2784
2818
3420
2887
2895
3395
2927
921
2946
2972
3341
2980
2999
3317
3021
842
3307
878
3178
3183
850
851
3189
3253
3467
3667
2733
983
1964
3658
1137
1134
1132
1129
2055
1100
2139
2201
774
3617
3616
2278
2488
2537
2539
2588
2624
2629
3536
2631
3519
2662
2672
3505
4247
1274
4435
5529
6410
6421
5525
5523
4982
5496
4498
5032
6541
4460
4450
5430
5741
604
4430
4419
368
5075
4380
5427
5426
6661
6669
380
6360
4547
4941
6228
5705
522
4831
5790
307
308
5838
5938
4808
5944
242
4770
620
5667
4895
4901
5241
4673
6124
6140
5622
328
4628
5621
332
6210
4711
626
304
5110
655
432
5385
7114
664
4130
5166
5334
674
3901
6861
4124
6882
5324
7103
48
45
4119
5310
4031
4010
4162
3993
7162
5248
8
6710
5254
3960
4241
6720
4224
78
5407
92
6747
7054
6756
5396
5293
2415
5679
2473
2810
2434
2475
2767
2438
5695
2411
5646
5290
5649
2410
5660
2774
2502
5630
2647
2660
386
378
387
390
2594
5464
5471
989
2557
2541
354
5478
5492
2529
2526
393
5514
985
2675
5542
1029
1030
979
2682
1037
2709
381
1107
5762
6718
103
1577
6707
1601
6689
6688
119
6660
1741
129
6582
1783
1794
1795
6579
133
6755
1560
6784
6801
7135
7118
7117
1337
1398
1411
1420
7081
6560
7060
1241
6964
6950
1542
1543
6812
1550
6802
38
5713
6549
148
2125
221
6095
6078
6063
6060
2193
2195
2200
2203
5876
5804
2308
5800
5794
2346
5786
2124
6123
2062
6165
6502
150
152
6490
6489
1882
1887
1888
1848
6457
6356
1130
1989
6303
6299
2009
2010
6206
6384
2819
0
3364
4434
3099
4190
4689
4908
4920
4926
3068
3546
4185
4940
769
4438
4973
3051
3050
3663
3665
3325
4665
3238
4987
3684
3527
4968
4210
3123
4217
