7072
2876
2011
3325
3537
4824
5277
3323
6742
3532
2874
1112
529
3326
305
5007
4230
887
875
91
2870
5598
4820
7058
21
3534
5541
7052
3033
103
4823
5289
3322
3336
3327
6164
2130
1896
1898
20
1409
2510
973
3330
1891
4825
1897
5639
3321
3631
3329
5232
4224
1113
2563
23
3335
2802
5284
1715
5365
1404
5542
461
5589
5757
3548
2381
7036
3332
2805
2845
485
1893
4827
3229
5001
4998
5009
6759
2086
4237
3320
7074
5285
1330
4828
469
3163
5989
4994
5118
4614
6363
3358
4359
5972
3539
2425
25
5548
7137
5366
5544
4420
2848
1119
1823
5360
3056
5890
1576
3579
1118
521
2878
1568
2084
5643
1403
5592
615
813
630
4822
3223
4045
5112
2347
4996
3799
6827
1110
4446
3334
5004
4356
3533
4382
2087
2048
3530
522
4117
7034
4957
638
2257
5003
5585
2163
6090
6821
1648
2477
7116
2428
29
1585
5173
1488
688
5184
474
5273
1587
2603
4893
1114
3791
6244
4724
3792
6745
30
4584
22
3429
1262
4771
1337
5799
4744
3324
509
3157
101
1405
2135
3563
2709
4892
5312
5174
2877
2089
6946
2995
2573
2706
4134
6336
762
247
2080
958
413
6146
681
1921
1318
1214
4543
2018
5181
7016
5752
3535
4443
3145
5960
4598
4497
1489
5165
6668
5234
5777
2012
5281
3159
6719
3492
3161
3796
2010
5381
4675
1218
2844
5095
4299
1016
2355
1295
7070
2567
3912
5753
3820
1040
5750
1370
3603
803
1339
2222
2665
527
5801
2577
532
5182
2388
2980
6434
3220
165
1227
6440
3165
1807
3156
5389
6828
6747
695
1665
1662
1641
424
6547
2871
4727
3085
3057
3055
4796
5286
3034
98
95
1533
82
4895
1532
4714
6826
2560
4999
1417
4221
997
5005
1219
5006
4236
420
5556
4274
42
1000
5610
4115
407
2801
4090
6369
2132
6105
1972
414
417
2818
5499
6746
2730
6169
2732
3227
3445
2866
5968
355
24
441
2846
3541
411
6067
3192
5000
3337
6560
2019
166
1866
4489
5480
5489
5219
1950
4381
1951
4541
4298
4296
4290
2016
5823
4286
990
2038
634
2049
2014
6447
6449
4551
4836
1535
88
4917
886
4821
897
4787
910
1617
4716
5367
1669
4660
830
691
145
957
4593
1484
1800
4197
812
4002
1414
593
3933
1334
4113
2306
2318
6252
2234
5731
6251
2373
2390
6204
557
5821
555
3797
2166
2296
4092
4039
4091
5624
4065
262
4049
6817
1680
1406
6250
6151
1616
6552
2367
6309
710
2599
2050
2398
2905
2115
1508
2928
2937
6351
2068
2742
483
6515
6661
2022
1379
2806
2814
1938
1930
2211
6962
2841
2804
7162
6108
2653
1332
1331
2635
1785
2634
6485
7017
1324
1719
2621
6184
6014
4005
5839
3498
164
5597
5716
4545
297
3434
3428
3427
293
4563
5685
4997
4594
3637
5682
4495
4131
303
5754
3624
5545
1117
4225
5282
4325
5779
5776
5825
972
3561
4352
3559
4393
798
824
5495
3538
4112
291
2991
4672
944
3949
3958
4099
93
4829
5300
5616
5987
7024
4728
5324
4729
5970
278
4770
4831
7035
4896
144
4616
4094
3276
844
5920
1161
3242
416
5388
5387
3246
5280
5618
259
7138
4096
6342
5571
612
4955
5595
5077
255
5615
59
5599
1407
238
221
7075
595
979
4595
1734
1730
685
4610
4634
690
693
1737
4665
1663
7124
5361
6550
911
1506
4914
871
4670
7079
1738
4558
4297
975
5172
1993
1425
4385
4397
6409
5422
5492
4040
5486
6426
163
4504
4546
1809
4548
1480
6824
399
5827
3421
769
2660
3442
3466
3491
1124
272
3054
4995
354
537
3542
4992
3544
5269
3051
5828
480
3151
452
28
1213
3152
435
5946
421
419
418
505
3339
403
6098
6060
2747
1220
3328
2738
389
387
6093
2569
3141
2879
5025
4973
3830
1103
3882
3910
3915
2261
3931
285
6273
1163
1087
2226
1336
1060
3985
3987
4970
2359
2918
3793
3020
793
3574
791
2493
3598
5756
2566
3620
6675
2429
3029
4979
2909
3652
3714
6191
792
6845
890
1185
916
6729
1509
1499
1020
1482
1147
6771
5183
999
6670
1115
993
986
1431
953
1435
1271
1481
6720
6754
6749
1485
1486
6565
1285
1166
4897
1546
4132
4102
5621
4043
4041
5638
3970
5671
3935
3886
3856
3835
5586
3824
3738
3691
3678
3604
5814
3571
3570
3565
4993
3531
3489
3366
4975
4192
4222
4231
5322
4837
4826
5288
5287
5323
4765
4758
4700
4684
4683
4678
5382
4649
4597
4490
4487
4441
5488
4398
5532
5535
4305
5546
5549
4273
4235
5886
3301
5969
5302
2214
6292
6294
6301
2168
2156
6310
2139
2128
2112
2091
2088
6340
1975
1960
1953
5102
5139
6429
1777
1770
1728
1714
1712
6533
1581
1562
2260
1530
2262
2305
5255
3005
2998
2994
2957
2934
5052
5055
2824
5065
2780
2746
6107
2662
6132
2602
2597
2590
2574
5238
2492
2456
2374
2348
2345
2332
2319
2266
853
5180
80
245
7013
694
289
766
622
478
583
473
268
7139
106
169
611
7067
818
468
27
111
147
7078
590
592
351
323
358
538
539
687
228
314
6758
7062
2227
2160
3888
5715
6293
302
3613
3720
3627
5733
1538
598
3809
3804
2229
1536
781
3737
1164
1524
1169
317
3656
3630
2237
6707
3914
1564
1084
628
4120
4126
6362
2039
2031
4190
4213
1055
1997
4233
1051
6377
211
4276
4097
1548
4093
623
3917
3918
3972
3979
2268
799
2131
5635
2102
802
4046
263
4064
6776
618
4076
1560
2083
2269
6923
1217
1455
497
6070
2847
2856
1371
488
6056
6188
1350
2960
2513
2997
3022
3039
6567
3109
2813
2455
2808
6095
2664
1436
6579
2697
1415
2623
1411
6114
2708
1408
2595
6103
1446
2749
2750
543
6097
