7083
2767
7081
7082
7085
7084
7080
7089
2737
7088
981
4838
6392
4689
2747
5338
4686
925
4680
987
2768
984
3197
2764
4683
4570
4681
959
2752
4579
7122
464
3763
3812
4682
5132
2406
1849
1938
4929
2735
3227
5605
4922
2753
5202
5498
4578
6535
4688
6729
4571
4270
982
1603
3796
4515
3159
4197
4497
5562
3222
3298
3251
7086
4576
5244
3137
6747
2253
6116
6955
27
4747
2552
4742
986
6698
6712
2750
5133
958
3819
989
923
24
4836
3190
2666
2761
3797
4397
2744
957
2739
1075
2751
6480
3165
2733
920
7006
2944
6799
6796
1236
3790
5415
6119
346
6173
4614
3428
3427
290
5538
6561
4273
3275
4445
3296
5205
2780
4368
5249
3422
4687
4281
461
2463
5215
928
2490
4835
3226
4651
6527
3229
977
1471
3517
3512
6170
2265
5103
5143
6523
3429
2277
484
3193
7087
3152
4454
6280
7120
4510
5812
2765
3031
3032
4495
6171
5432
2635
1389
3223
295
5779
3252
6396
6399
1456
6570
93
3297
1438
86
5225
3409
4125
3236
6818
3220
6811
1266
3824
2743
6323
2372
3764
4652
5343
5411
3153
4830
5710
7055
2327
5822
3567
1548
6364
1544
2272
1364
2031
5399
6118
4217
5174
6177
3794
5534
285
6873
2493
598
3421
7145
3425
812
4521
543
5604
1262
2731
4276
4645
5818
2732
3254
3157
3194
2756
3228
3257
2748
2754
4411
985
5148
29
2662
6468
2734
756
3253
852
1147
1473
3195
291
284
860
5852
4746
4376
5854
118
785
4370
3792
455
3823
1161
1770
1339
3821
1192
3791
6327
3424
5808
3818
3423
3034
5766
3293
5753
5584
5693
410
3986
5246
2489
6440
1606
4989
953
951
347
2881
6821
4271
3211
733
863
3267
5487
2332
6670
5180
6722
1883
4831
2956
5530
539
4215
6708
5079
257
2784
2742
3856
3667
3613
2557
6528
6893
2298
2564
3585
2562
2382
2845
3022
1723
2505
1011
4987
3968
3199
3693
5942
4514
2876
2519
3665
3659
7059
7057
4782
3650
2480
5712
5714
2529
4799
1721
5718
5609
3554
3406
2960
5152
5885
5159
5935
2766
1455
4279
6217
5187
3829
5731
5369
5977
5827
919
4371
924
6447
2189
3279
6081
5821
3274
3273
1950
6795
4488
6329
3521
5561
37
1542
4878
4655
5440
537
792
6671
979
3225
55
1191
4774
6191
3815
4661
2972
6779
494
2492
1665
2740
538
5640
3769
2884
2741
2966
3765
3825
4950
570
4932
3215
1233
6328
3224
5499
2590
4975
1499
1160
6387
2815
3426
6475
2814
5497
3250
3408
3403
5532
6564
890
6214
907
6279
2783
6274
3154
5213
6079
5490
6541
3277
5442
6486
5324
5557
1619
2506
1608
2517
3010
3669
3666
3664
6521
3651
6694
5023
2494
6525
5027
2546
694
3604
5591
5585
6673
2599
1549
6224
767
3511
671
5322
5869
3683
5739
6990
3970
6992
1847
1852
2177
4653
1895
4643
5801
4382
4384
4633
4412
2236
4616
6956
286
4018
6878
4798
2305
1785
4772
4117
5997
2263
2258
4741
1812
4723
6951
293
280
1947
4278
4895
5858
4565
53
5863
23
5884
10
4547
3476
5131
5861
6325
1229
4718
1494
2660
3141
5998
1817
2883
296
287
2012
3400
856
2872
6957
2240
4213
4218
885
6950
305
6668
4690
2525
3652
4548
6875
666
5008
2938
5715
4035
370
3630
6690
689
3524
691
697
699
3610
3607
6676
6896
1254
2302
3573
4789
3550
5862
3537
2553
2018
3327
897
50
5782
5784
4647
6507
4644
52
7079
3219
4375
134
4379
54
2813
126
3094
2755
1060
1387
4407
6470
3108
6273
3155
4610
88
3150
6267
6445
6514
5832
3239
5781
3324
5188
3020
6982
5746
3299
6359
3029
4500
5214
4499
4268
3038
1433
3270
1856
4277
3657
4290
5441
4294
2174
4299
975
5226
4670
4666
6222
3061
7060
6867
6073
4952
1734
6740
2498
2496
6800
6100
6046
5662
3795
3984
6110
1708
3813
4839
530
1727
415
617
5689
2373
3940
1604
3985
4928
3668
3793
2425
396
6717
6864
6114
2432
3663
2360
6813
6026
1664
2434
2438
4981
2513
283
5500
3388
1855
1475
5221
3255
4295
3773
5676
4673
983
4669
2163
1649
439
6516
6517
5875
5772
6228
282
3405
7058
6771
186
1437
941
3356
2365
6105
2239
1453
3341
6966
5171
2500
5183
2718
4959
5192
861
6953
6983
6952
921
3967
926
930
5216
4261
5155
935
3278
2371
6198
1850
3962
2181
2746
6508
1661
5656
1331
1162
51
470
5639
5288
5448
5450
60
467
2030
6425
5248
5851
2050
3033
5889
5380
486
1269
6823
2910
4545
4561
2976
1223
1222
2880
5857
5414
5416
6312
4569
5941
2407
1703
6484
120
122
536
450
5495
6781
4378
5232
3799
1713
1033
142
3798
2115
4628
1117
6481
5671
7127
4605
6448
3817
4435
3156
4430
6456
5819
5241
3167
7114
3173
110
2759
2758
5990
6574
731
635
3689
3459
6124
1530
3434
1775
696
307
811
2613
6135
4189
4722
328
680
1264
3559
726
3687
4748
5991
5069
3625
6183
414
5590
3615
2640
4986
3523
5606
6157
3536
3481
5003
1540
5547
4825
4770
3697
4833
298
5730
417
4114
2634
6626
1609
4988
4112
1616
3467
4844
1816
1488
5592
1368
3925
5058
3140
5820
3581
2774
2775
3151
5492
3145
1560
1119
6677
6441
83
3583
830
1080
5242
6057
119
4773
124
6489
2282
3937
1794
2390
5077
6163
4940
5799
3212
2745
3192
5235
5924
3552
5816
4787
1378
7115
5635
5813
1382
721
5046
5811
1384
3555
5240
4088
1070
5923
1079
4050
5472
1776
6883
2979
4528
2427
4526
3866
1772
6123
2533
5337
3003
1584
5335
6319
5887
5643
5331
6024
3846
1228
2888
656
3661
1997
6718
6822
5883
1244
2435
2445
2318
1239
12
6322
4906
5859
1232
2891
