2813
3234
1780
2304
4743
6811
5981
6280
2204
5786
622
7015
7007
5202
5214
3517
2529
5212
3567
915
4772
7026
5205
2115
4956
5179
2799
4688
5898
3237
1526
1572
3239
7061
1391
225
4017
5215
3240
4088
5617
928
923
2883
3552
7130
5849
2790
2508
2398
2972
3471
1987
5914
2202
6480
6541
4467
2797
6861
3962
260
1579
5834
4181
3960
19
2256
6795
7157
6392
4170
3917
628
2505
2503
3841
6172
7016
4121
2676
924
4080
2811
3061
5217
3474
6698
6978
5234
7057
1560
4438
5250
5130
2504
3919
1393
3603
2500
118
5078
3641
1045
1787
5623
1847
3407
1827
7150
621
6094
5838
6244
2817
5668
2944
6570
1464
5497
4823
6443
4781
2837
4439
4011
3238
3507
3006
4744
4463
4740
6043
3648
3379
3117
3916
3914
3197
6232
3852
6428
3643
114
2795
2208
2205
5240
5242
5247
1844
6693
2796
5335
6743
5211
5440
1334
5505
1239
5783
625
925
7009
5743
910
892
6790
2288
229
6491
2526
5207
6523
2779
2775
5926
6470
7152
6495
5915
2662
6421
3890
1438
1482
1499
6793
3893
1332
251
3895
2673
626
7017
6899
921
2793
6955
2663
268
346
3671
2321
6547
2112
3293
3301
3069
2050
3395
2494
1884
1861
1845
2509
3007
6699
7037
299
3564
6738
6285
2565
3631
1613
1573
1531
3766
1771
683
5248
5149
5081
5080
5495
5493
5479
4747
4436
5213
5806
7159
108
5221
5339
66
5216
6109
4172
4570
5255
5760
3583
3258
3185
6032
2036
5860
1299
6676
2405
1991
2009
3642
1397
3292
2985
7158
6010
6018
3477
46
1843
2083
4466
3406
5353
7059
3394
1399
3653
2766
3657
4204
254
994
2660
5605
2664
3896
15
6838
14
3918
219
5673
4832
4123
2794
226
4853
4171
259
5764
4784
2845
6864
623
2557
6863
1079
2553
6859
2502
5582
7124
2541
6484
2670
5088
2737
6540
6508
2249
5241
2132
5175
2156
2568
6496
2161
5233
2319
2275
6488
2649
2248
2645
6625
6529
2489
6662
6840
6845
6848
1156
6856
6858
6865
620
5564
6869
5767
627
1059
5585
1054
981
941
5626
5729
875
844
824
770
1237
1955
5529
1293
1860
1846
1821
5857
62
5843
1714
1661
1578
5829
4927
1554
1551
1510
6766
1465
1453
42
1431
1412
1395
1394
5476
5527
5411
3584
6463
6105
6178
179
4633
6340
6313
4215
3231
4253
3402
5985
266
2834
3897
281
3473
2835
3901
4446
6253
4431
4433
5945
2773
3559
4838
4356
319
4642
4731
3181
3478
3391
4333
4359
3247
28
1834
3731
3735
5235
1914
4625
1992
2006
6217
3186
7053
5243
1078
6879
5237
4397
6097
5251
1823
3396
1795
6788
6775
4437
3613
4461
6767
6794
1516
4464
1548
1550
181
3645
4339
1822
6812
1267
3649
1589
1621
1235
5337
6737
1664
6732
1677
2152
5293
3672
6257
5828
258
5478
5133
2397
5609
6419
4771
2485
6170
5146
5618
152
370
1055
919
5624
5082
2888
4013
2876
238
6487
2810
4797
4827
5074
5033
2675
4788
899
3933
2838
2682
4782
121
2390
2706
6416
3004
2274
2753
987
2255
3051
5208
3056
2763
3072
6215
4686
2765
742
3892
2707
2301
2752
2708
4928
6415
7012
6549
2723
2729
6476
2744
464
6160
839
3608
744
5705
5500
4015
5504
5523
5597
3651
5584
3878
1000
4180
6096
5766
6079
944
4177
3816
926
5547
6062
1097
6246
6055
3760
3738
3899
5761
3929
1206
6823
898
2768
3360
4423
5870
6412
5201
2303
4746
6574
4741
5180
2241
5225
2181
3085
6379
4667
2148
6374
4722
5158
2399
4779
5930
2726
6481
6482
4837
5907
4994
4824
5044
4792
5075
2561
4780
2916
5092
5884
2499
3180
2058
6643
2022
5839
5334
1625
1616
3404
3434
1569
1562
6312
5416
6756
3486
5465
3490
5474
3523
4435
1667
6786
6695
3370
3230
1986
1979
4559
6679
1879
1875
1867
5253
5987
1855
3253
5257
5260
3307
5261
1824
4468
4016
6448
532
7008
245
7114
293
7043
7006
202
73
535
466
7047
7031
7154
244
513
517
45
1043
6817
4129
5098
2666
6432
3815
4836
4434
1051
2118
6436
4321
4448
3610
3614
1262
26
1260
451
2847
4595
5066
4964
3842
1254
3192
1398
1255
4925
57
5544
5076
1076
2498
5946
5077
1984
119
4764
6950
1989
1993
3155
515
5561
870
3650
1037
927
995
1570
6258
2569
2290
4077
430
1555
2978
984
1730
7011
6247
4484
6808
3734
2585
2587
5131
3739
5429
6406
2562
998
1294
2961
2117
2282
4118
3219
2308
6051
3796
5506
5383
2945
7022
5174
3393
1576
2306
1574
2549
4794
6717
911
6893
3682
2960
4527
7005
3974
931
2480
1455
7077
5661
6982
3303
5281
1840
4725
612
6099
4344
1494
247
6553
4186
4185
2798
7155
4645
5627
5289
2715
2247
2720
3907
4687
5713
5712
6093
2761
4681
4675
3937
3354
72
6304
3350
3349
4709
6477
5009
3915
4211
1489
1917
3472
4718
6083
3512
5135
3876
6457
1241
666
2701
6483
2183
2188
484
12
2451
2461
5296
510
2343
1512
256
4407
6667
5312
1511
1415
7064
4031
6225
3872
1571
6173
993
2728
6894
3912
5824
5333
6486
4427
3913
1240
997
5259
2815
1200
3926
1247
4421
7083
7021
3008
3971
6014
242
1622
2233
7018
5148
2841
176
3761
4353
3762
4425
3765
5414
4905
2244
1591
2230
5299
4429
4834
1041
2201
2278
1072
4388
3812
2253
5338
4430
5351
2801
2667
2884
1266
5285
92
1264
253
186
93
5206
91
6892
5319
5355
3963
1291
1234
4939
1261
3790
56
5867
2713
5277
1258
4462
4828
4018
2672
2936
2789
246
2932
2931
4829
1695
4460
6027
6091
5984
450
3189
4749
2488
342
803
170
6559
5583
5590
4152
3547
5059
340
3233
4621
5588
3184
5140
6691
7052
6694
2514
