7099
3354
4728
4722
2153
3357
6182
3635
5683
3356
1328
6836
6982
4720
1323
5355
2158
5682
5268
2117
2152
3495
3931
6188
2154
3383
3935
3386
1726
2159
6189
3264
598
2130
5279
1603
3145
5093
898
2113
896
891
2111
1720
1636
5269
518
699
2112
5380
2151
5358
3490
1485
3353
5964
2120
2118
3140
3369
3933
3050
1759
1011
2849
3937
6195
3492
3350
1483
2155
6253
3493
5351
4899
6745
3143
1329
2123
1762
2119
2710
98
3366
4729
5266
3951
1482
6431
537
792
2125
805
676
1036
672
1577
1208
893
789
3953
6259
5946
615
613
5352
3262
2510
2114
5288
5591
4724
698
532
6347
3934
2128
6837
671
489
6158
2156
6186
6185
2110
6985
1488
2093
3352
2380
807
6443
990
6256
3494
531
5002
5113
6838
6342
3385
1182
6341
3261
5919
6104
1320
5275
344
796
3362
2839
3499
2386
6101
550
2851
6117
580
3380
297
462
298
319
2129
6025
5985
4060
361
536
2157
6747
3712
538
3432
6181
6439
6340
890
675
803
3590
1277
794
6343
6819
91
3085
3498
582
583
1325
5015
4095
324
1634
3351
1443
5058
4408
1506
5942
994
4610
3597
551
780
515
579
3938
1278
642
644
2691
649
460
458
685
6359
453
691
28
4721
370
1272
1678
4888
5681
3359
4296
4324
2116
2121
5689
7033
5136
4287
6461
3806
4844
688
1324
1063
2115
674
1753
5475
1766
6180
6183
1750
4359
6156
4824
376
1979
1928
7132
5096
3382
494
6089
2727
539
4256
5866
1102
2751
6818
4362
7080
4826
6564
678
5017
6584
6448
2092
2981
3446
3045
3631
13
4440
6730
3014
5357
3037
3605
5812
897
6254
5883
4260
584
6441
530
6839
1286
3956
2122
4694
5589
5283
3361
1489
1929
1513
1313
3367
435
5540
5098
6432
3306
1576
3016
6563
5885
6808
5890
5313
5077
4299
4298
788
134
1440
7077
4448
1723
2877
722
1660
2175
3774
781
5701
673
3707
2848
6247
1582
2286
4827
6803
1773
6800
1405
6241
1767
3679
1288
1447
6572
1757
1754
6303
5995
3324
3328
2042
6445
2535
3142
7118
7000
1999
549
327
1674
6348
455
5444
2852
450
335
4877
4753
6249
5545
1569
439
2275
4447
6999
5546
3402
5810
6184
6306
6741
4756
4735
1635
1632
3939
1444
2724
1273
3244
5730
5118
5434
798
1658
2361
483
795
2150
1379
2212
540
267
2936
3105
6714
1847
2726
5373
4746
4487
4845
3497
358
683
2388
996
1725
3010
1967
4673
6153
5079
1530
353
1413
1525
5590
715
4588
4723
3084
5996
713
4531
680
6159
2422
6127
214
3269
5359
677
2578
6592
791
6464
1326
2553
1858
115
3081
1289
6801
2549
2343
3837
3830
5071
7147
3300
5962
670
6806
681
7085
3169
4153
3086
209
325
4293
2360
4259
2847
2005
2762
6813
4144
6191
272
1105
3805
4297
690
7084
2559
684
3438
5939
4823
5264
4286
787
5070
4283
7005
849
6046
1921
5881
4195
4367
2988
4091
385
2124
948
998
1334
3496
252
5818
4557
1524
899
3149
451
250
4754
5924
6615
2960
3355
5375
1317
2134
2126
5361
846
1487
6258
4475
1926
6257
5135
6666
2716
6437
1446
4904
6851
1604
1535
892
64
5350
1371
6444
6853
2711
3959
4065
3957
4067
2096
3594
3327
1533
1067
710
3601
3276
291
5476
2025
230
5742
2550
3522
1496
5955
3818
2043
1756
3320
3000
5158
5732
6637
5640
3808
1197
2980
1177
679
4351
2047
1192
268
1600
4583
782
1651
1448
2932
5711
2070
4912
4911
4406
801
4901
808
4352
6454
3716
5897
5889
6710
4149
6504
6706
3321
5201
5941
726
4861
105
2310
6984
1567
2319
6752
1575
2058
1333
1680
2177
5938
5389
5438
2870
6244
6312
647
2612
3936
2728
4272
351
5584
6017
5990
2757
457
6129
323
1091
6814
6014
4748
527
2725
2621
3318
4235
5596
4693
463
4021
4538
4750
3106
5564
6831
3196
5086
545
6346
5228
5138
4727
3089
1115
1903
4506
5849
576
6036
349
4755
2572
5485
3083
6832
1770
5602
4825
2555
1774
1768
513
307
2015
3358
6804
6434
3304
4830
5908
1307
1969
619
1156
616
5277
611
1961
6157
7116
5274
1355
1778
6834
1892
6942
1561
2954
5053
3029
4940
3946
4751
39
6229
4600
3952
2920
3979
464
3158
6712
1893
461
2933
6243
5864
5762
6936
3464
1584
454
6063
1601
1993
3466
3955
3954
485
871
3469
452
6665
5548
2985
4507
5746
5998
5917
5014
1962
4054
959
2995
3541
355
5600
5278
4064
5247
4585
5242
3518
4069
5916
976
5915
3263
4486
987
4420
3020
365
1560
4371
6298
6031
4483
2666
5811
4962
3365
5371
6252
4665
4968
6451
1922
3364
4509
7009
207
3363
2486
103
5336
1316
1536
4025
5882
1284
5815
5353
198
915
3384
648
2909
5494
1066
2756
5328
2829
7057
721
4292
1062
3268
5072
2225
2340
1699
572
3141
1318
7161
2750
2749
6753
2745
273
5449
6829
3266
4809
1831
557
3340
1107
5862
1090
6794
6571
3287
5480
1306
1755
2016
3813
1084
3809
6805
6931
2234
7059
5647
317
1348
3322
6809
4288
4290
1746
217
697
3139
4143
3803
1735
6336
1727
3048
7098
1997
3099
6835
168
783
2283
784
514
1851
3043
6981
3440
790
2573
761
793
4539
6100
6320
5715
2879
1119
4301
5934
802
208
6585
2899
3095
3699
5933
7038
6103
5887
501
1659
2723
5756
3047
6737
3714
6476
6206
3409
1402
5081
6510
1085
5244
5063
5310
5134
5140
5270
6296
1445
3463
1012
3058
6361
1161
3435
5102
6558
3049
1010
6533
1167
6302
3437
3052
5287
6300
6517
5332
3260
3403
3404
1168
6525
5249
3465
1064
6412
1116
1230
3428
6355
997
3470
3211
639
1486
