7100
4638
7102
7103
330
2859
5700
329
876
5707
6844
3999
4737
5702
2095
3014
332
3992
7101
888
7108
7104
3993
5054
4730
4793
4556
3997
3991
2467
6884
3723
5129
5031
3110
308
4635
1035
1490
3119
1495
333
5320
4138
4865
6388
7106
438
2800
2238
2470
394
6882
3125
6600
5327
1523
6772
5460
1089
2147
405
5311
5035
2856
5120
5308
1046
2476
406
5030
3724
1829
5611
4528
401
3859
3726
3348
1520
4387
7107
2297
3998
4380
5688
5057
6330
5462
1796
331
978
5203
877
6849
4553
3990
1491
1205
5708
5704
5321
3995
1275
4811
7109
336
4560
5122
5121
6652
5307
5276
5463
4558
4814
393
3854
4417
2517
304
4389
6655
239
147
5124
4357
4529
3685
884
1201
881
872
5272
3626
3564
3114
7091
5056
5318
1109
3015
5107
5123
4559
80
4562
5464
2417
3017
5304
6122
3011
2473
870
2469
1202
2460
1218
4098
6788
1722
6092
4948
5328
4894
3594
4418
4415
3053
109
7105
1783
6513
4637
965
315
4173
5128
158
3629
2654
6889
2889
2239
1932
276
5302
5041
3121
5356
3305
5803
5317
4328
5144
4566
5309
3414
6880
4315
1940
1503
5262
5709
1081
2471
879
7065
2712
2592
6653
1215
2291
962
3845
1034
3851
5616
4795
5517
6370
3725
6509
4706
4473
5684
2450
1088
3994
2855
4623
5681
2412
889
2419
3299
2918
6644
3961
913
6651
6970
2097
2576
5646
5305
1630
2518
5127
6657
1640
1030
5686
6912
3268
3128
1124
2647
3461
5368
871
6635
5784
2339
1276
388
6629
2890
6277
2897
234
3127
1645
3263
1143
6487
4813
3700
2144
5703
5467
5439
2688
1934
1744
5222
4632
6658
2685
313
5469
400
1944
335
337
6973
3309
3129
408
5512
819
6638
6645
6918
3865
2642
5218
2646
963
1225
6272
6770
6541
4388
2418
2402
3688
3018
136
5685
5091
6870
6888
6187
154
4678
6131
2969
3788
3960
3692
3909
306
4520
6610
478
5749
2816
3850
1625
2817
2098
6846
968
6590
5362
4032
5050
1517
4663
789
4816
3674
5033
1848
5975
1498
6019
3728
1522
3345
6659
6608
6656
6098
967
6619
3785
873
6883
6123
3722
6453
3259
4733
5191
4732
1782
3300
1279
1769
2479
5724
2019
2461
7064
3012
274
6960
4564
4232
4510
302
2410
5295
4518
4395
1990
2020
2010
2535
4346
5617
4360
4413
5264
5795
1901
554
1620
1622
6519
5802
71
1629
4159
3587
1638
4898
964
1074
5314
5583
6654
2482
223
2686
1509
4895
6205
2539
5326
6611
6198
6580
214
563
6847
3963
1554
6604
6605
6607
5090
4150
81
3485
3853
2807
6200
6201
974
2260
4550
6237
1031
6609
5316
1481
6842
2454
5055
5529
3894
827
7093
6777
1927
1788
363
6015
5687
2640
13
1825
3677
1134
7070
153
658
2658
2362
2368
7165
5972
5967
5966
6631
1883
371
1946
4240
6410
4711
3120
3318
6622
187
2850
6623
3107
3111
2858
319
2437
1983
1050
3595
4343
2414
7075
2453
6452
3996
4023
2913
3468
969
1889
973
1155
5039
156
4377
150
4001
1224
182
181
5366
1209
6705
180
2459
1203
4394
3682
3966
6414
4739
2269
7094
5719
3592
4349
3593
6843
4399
5378
1313
5788
226
6624
5949
3292
2610
2607
5526
338
6646
7152
3303
3904
1492
2017
6106
3344
312
2044
5461
3308
6886
2620
5514
3882
5491
5978
856
4815
398
865
5267
430
5217
5208
1920
1933
1935
4481
3234
1936
1765
831
3349
6483
301
5794
960
1528
1529
4775
2178
3720
6598
5058
4321
5433
5099
5844
2516
6881
4639
4819
294
4153
3858
2103
5613
1065
5513
4776
2739
2477
5645
2713
2651
2652
6595
82
2577
3945
966
4012
6633
4503
3780
6759
6695
159
5705
6534
3745
6599
6639
106
34
6618
7150
2426
4818
1093
2420
1097
3855
87
2407
6616
4860
940
7095
68
6650
3817
5520
3835
3783
7125
1071
824
5665
4901
2895
4735
6899
3316
5792
4627
224
1973
4470
5149
6072
5037
5034
2242
2244
573
6274
1441
6279
2252
6834
1725
300
1947
6047
5141
4337
4336
2013
307
491
3347
6112
2067
499
5852
261
5106
4309
5096
3260
5322
5078
465
5838
6186
5323
5830
4333
4175
1527
5706
6861
5086
1939
1424
4691
1277
2331
397
3646
4933
375
3670
1237
183
5265
3683
3175
5241
7066
1881
3686
7068
6433
7078
4513
2364
1158
3719
5739
5266
188
482
2303
4942
6013
5194
3617
4943
4949
1908
1345
1760
1907
6041
4699
1293
3254
2777
2028
6020
1802
2628
5185
3126
6628
2595
6615
6110
5271
3116
3185
915
6617
1906
5471
2711
3122
3144
961
3054
1042
6544
6542
4967
6321
1372
5773
3598
3613
1317
1077
3782
3621
5398
3639
2893
1098
6406
1239
5367
6423
6428
3729
5713
3623
2922
3546
5011
2534
6612
5315
2792
5845
5085
6603
5422
5643
5053
6596
5336
1521
5797
5349
1504
2229
3464
976
5787
6592
2247
6549
5022
2455
5904
1888
2687
395
4660
4238
6948
4179
4636
7151
4799
6787
4630
189
373
6937
237
4781
229
6739
6891
4521
4790
4501
586
4155
6926
751
503
613
3964
508
6728
409
390
3911
6755
360
4116
318
6776
832
339
309
828
4557
112
6630
6640
7119
4070
3214
6720
4810
2309
2313
2906
2403
6915
5216
3599
5363
1346
4386
122
6916
3624
5195
3231
5726
727
5199
6920
157
155
185
3786
186
423
6919
3616
3618
5741
1799
6924
7089
2320
604
5723
4944
3628
850
4221
1937
1223
4280
1221
6782
6488
1967
5277
2092
4567
6779
5943
6968
6975
2000
303
2007
3058
2015
6977
655
2024
2025
2026
5914
3010
3766
4552
2148
6725
2271
6380
6727
6386
2257
5780
3183
5982
3181
4713
1274
4525
2231
3644
1259
4934
1886
1890
