294
6880
888
4898
3594
1523
330
1202
2092
336
5276
7102
1529
2460
554
331
3014
4389
2712
6330
1201
2518
6889
5320
3685
1490
879
3992
1520
2097
3017
5054
1275
2511
80
881
4567
5272
4529
3723
2094
1491
3593
5368
4793
5702
3990
438
2147
7091
5688
3875
4380
7100
2095
1413
4520
5377
6844
6209
6994
5091
5092
7104
3436
4559
4813
2655
743
2476
3592
3724
4556
1372
1376
7105
1528
5721
300
2646
3018
7101
884
5726
7092
6884
3683
4327
2098
7108
827
2898
5723
4220
489
3993
491
876
5686
2469
2516
3726
3959
3300
3595
4528
6715
3355
3720
1498
3997
329
5646
4814
2096
1469
5681
5121
2108
1522
2099
3725
3688
877
1496
5096
4369
5404
1527
3599
3590
4228
1271
6433
5467
4635
747
834
6874
5271
5329
496
614
1361
1046
3995
2960
338
4360
5952
3706
6883
5128
3657
2856
296
2467
6332
899
4343
5364
1279
873
504
3073
5386
5748
5975
5267
77
4432
828
1699
2144
5466
1521
1722
6704
2090
1815
2137
5031
4222
4386
3591
905
4565
909
5108
749
73
6370
972
5742
6541
974
332
371
6131
5059
5687
1682
1495
297
2051
5739
658
3701
2713
3687
6189
1369
2717
4563
6343
5326
616
2059
2149
6875
613
6755
5540
5365
789
3871
4553
2473
5707
1368
4313
5058
2412
3597
4821
2339
274
189
6739
1136
1720
2417
384
6106
1362
825
2861
471
3707
1524
5700
315
4732
4730
6098
339
4424
7109
787
6104
5894
4557
2800
5359
6087
2641
304
303
6870
5684
5722
4552
352
4727
4406
89
4861
1927
1016
333
6187
2642
4881
3125
1148
2150
3175
5081
1167
2539
5086
2257
1499
5357
4387
3019
6196
744
5754
1269
880
2517
4525
7107
2142
1819
1508
853
6763
3307
2514
5323
755
6519
5344
823
2645
3999
492
6198
5685
56
3015
770
499
2644
4421
6706
1215
3347
1069
2105
1002
4364
2700
4554
3433
5643
61
3700
1030
3662
5528
5366
4363
3682
3911
2978
5361
3722
405
2967
7038
2647
977
6414
4558
2968
2859
3994
2146
5151
1691
6753
4251
748
4894
5727
5264
6024
6172
1009
870
7094
1218
865
3053
4794
822
3290
7097
4044
5275
2106
1724
3172
1366
2715
1392
1387
864
3348
5965
1570
3011
6074
6498
550
4116
5746
5307
5308
3961
3350
5039
1205
6384
1003
696
946
6999
619
6058
2109
997
5966
5891
850
4393
610
611
5327
4726
5951
2252
2171
6334
2937
2371
6956
6109
553
4586
5803
895
2048
4368
5257
5753
971
6105
2239
3998
872
5628
817
655
2128
4728
478
978
863
5230
533
490
2215
87
5943
3719
5354
2531
400
4311
4891
1085
3773
4429
1744
188
4482
5051
6734
6700
1816
2515
2981
6618
6856
6655
1121
2512
7096
5645
2604
1796
1798
4555
4867
3301
1642
6133
6887
1690
3835
1461
6638
1649
3926
1648
4825
5106
3236
1579
6878
1412
5741
5109
1509
1643
2656
5648
3924
4309
2479
897
250
871
1809
4589
3308
889
568
5977
4346
65
256
5728
3859
5617
3039
5367
6978
3299
4194
6197
126
5720
7137
6762
2134
3126
3819
6419
5269
4948
4204
1727
6375
6576
4819
5428
618
1375
1367
181
4428
4809
3504
2101
6657
1501
2243
4155
4349
3328
2610
973
493
6220
495
2176
4889
5082
406
3728
3991
6358
1105
564
6615
2979
5642
6483
5119
1042
4562
1018
6886
6092
2643
3981
6139
4560
2386
5111
4737
3891
6054
5350
480
355
2626
4925
6863
5956
6050
1902
2882
5036
49
1195
312
937
3174
3964
544
2039
302
5888
1157
690
4461
5734
2020
32
2032
3171
1920
4527
4111
1243
3343
4413
334
4229
3147
5725
5964
4196
6228
4359
6716
4216
1482
2155
4221
4236
4672
4857
1493
4897
5709
775
1007
797
5139
2047
4114
6849
4112
1934
4102
1122
1120
3446
5973
1955
2972
5100
1969
6600
4325
1041
991
6877
1994
996
6132
6135
1004
1005
6888
5040
1207
5034
3013
2148
806
807
6194
5179
2138
4254
4826
6770
1725
829
6186
1357
4191
3078
2100
4159
6653
4796
3297
2958
3309
1273
6312
3321
902
6639
5747
6184
1810
2652
1600
215
212
6338
4517
6983
2303
5363
6337
4425
375
2710
7065
6347
577
5238
3721
2402
5834
5362
2231
4550
5806
291
267
3764
5380
2471
295
306
5274
2495
6976
3965
2271
5776
2478
2437
2295
335
4423
2332
5836
6984
500
71
2331
5324
6411
2658
7007
6510
4447
3847
3983
2640
5465
4561
3894
2219
7037
546
2790
5513
4460
2434
4316
5311
3379
2985
6071
5053
6989
2438
5306
5305
3364
6896
2034
5048
5127
5042
6308
6852
6350
3714
5581
4739
5349
6051
1047
2383
6873
2970
1066
5328
387
1070
1073
2977
1990
4733
6146
5321
6152
1098
3397
2415
484
5076
5073
3439
1119
4395
4551
5120
1123
4418
3324
2459
83
1483
6385
3846
2580
3921
4921
5844
1492
109
5837
6760
6452
4185
3822
6765
4827
4505
3923
6457
1494
74
3142
3896
1588
6707
4464
1572
5509
4865
2594
1555
40
1640
6390
47
1526
1645
6736
1502
36
7106
4176
2711
1813
2485
6042
243
5401
5011
4787
5647
6264
6371
3327
3956
3957
1245
1244
6635
1863
2468
3326
3952
3051
3302
4510
1385
4817
1381
3805
168
2529
4266
4163
5421
200
2510
6652
3070
3063
4797
6174
219
1802
5383
6349
4030
5794
809
4637
846
6083
5755
2103
4024
856
565
6321
5293
579
4037
6103
6326
5612
704
5279
781
3579
628
4355
2890
4050
5208
6342
586
6314
5627
2213
2311
793
2864
584
623
6316
2143
3562
2104
6526
867
5777
298
130
1895
4310
1695
6157
5052
4506
2161
3747
4828
4253
4312
5767
5056
2996
5374
1158
3624
2705
