4974
134
138
1028
124
2872
1373
1378
5099
6366
2318
86
125
4971
1024
2023
596
1025
1021
7110
6357
6028
3693
5486
5769
2877
5731
5736
4976
3689
410
698
4965
553
4202
2923
907
2880
4026
7114
1020
3695
6342
5719
4978
976
3976
7115
3684
2059
1029
2714
970
405
1851
2031
3225
5322
7131
6633
5997
5325
120
475
3919
2355
4942
4975
6580
4972
2885
123
4250
307
6832
2260
1026
60
1600
4583
1147
730
358
4738
5854
3944
2332
6649
3070
5778
3385
6860
6451
5001
4580
1893
3157
1159
6382
3579
2897
7119
2873
4585
5104
6843
697
6367
2519
3681
4969
4060
5079
2515
6076
646
5109
904
592
1611
1390
3021
5991
29
4588
6641
3691
4581
6351
7070
590
3878
918
3676
2048
3320
1532
53
1618
2582
559
3222
3606
5535
4201
6341
4474
4692
6206
4589
4674
5707
5700
6204
6452
6498
4998
3871
6293
1377
4970
4543
2126
2021
355
2017
3699
6746
6778
4962
4799
6435
2463
6344
5699
2564
5186
6712
4392
3389
7117
5328
2532
2711
3149
5159
7134
5542
3259
64
6822
5809
5174
1617
6634
235
1380
3426
3423
135
3458
293
6722
6650
3686
1290
3459
2238
4334
6771
1117
6713
688
3677
5238
4961
1041
280
6754
5532
2029
1110
3927
1023
2030
4235
4586
224
2719
5557
7164
1485
6605
299
1575
6463
3309
1974
1948
6346
2517
81
2887
5037
1729
6456
599
2874
848
4697
417
1606
4993
4994
2466
884
2710
6599
1602
4844
4825
2317
3945
6205
793
792
324
5522
1126
6550
5235
6896
699
316
2176
7147
2538
2184
5965
2638
406
1414
1723
5701
6128
2876
5717
960
5862
745
4721
3016
4582
6800
5271
6646
2283
4548
2924
4761
942
5492
6963
5494
2191
6750
1829
2145
3229
4477
5757
3652
2808
3639
6021
6718
3453
3609
4066
3081
2566
1601
6719
121
6356
4967
127
6820
6316
129
131
4977
6890
3917
1371
640
1949
5054
3532
3050
3429
1119
2107
2101
2513
3910
7011
5072
4444
6717
4396
5635
3915
4904
3674
5177
5637
6361
4225
2572
3929
4441
3971
4387
4177
1274
3949
4003
597
2629
6907
6355
2718
4547
5825
546
2598
4311
4544
695
6834
4074
5732
2586
1291
2871
6985
4274
5747
6439
3861
5730
632
5722
679
5850
2717
6990
5805
2671
2624
467
5880
6779
3565
5576
7113
3570
5586
7111
5590
1977
6606
5004
4997
3418
3251
943
4984
3078
5488
3075
946
1838
4957
5483
5285
3456
1539
3055
5038
3559
5236
6203
6626
1619
5180
1892
5183
130
132
6151
5545
3242
1063
3154
3670
6708
1942
5090
3428
1886
3427
6632
1632
5199
78
6611
1963
3536
6933
1534
826
5598
5482
1013
758
2263
3358
2927
2926
4735
6898
4727
3278
6842
6125
1014
5387
2312
2908
2901
2895
3821
4669
6910
5407
7054
727
2357
5694
6462
3806
2192
1151
335
4932
6102
3675
282
1796
1016
2086
289
6741
1121
4830
3745
6218
5163
5990
2973
3018
3260
2975
2182
6810
961
4142
6098
615
6103
6806
4076
5882
3322
2691
3419
613
3363
4098
6813
1022
3228
6359
722
908
3063
684
3656
3663
690
3916
6212
3679
810
1131
3730
1210
5942
3751
1152
2933
5977
1169
6961
6841
732
3822
5962
2893
2970
1103
846
3598
636
3464
3488
6063
6931
3524
3145
3527
4002
3123
4001
6867
3996
871
3548
3101
3095
721
2755
3079
6029
6967
6859
672
1702
634
805
6026
3332
404
5565
1400
5095
2442
4557
4551
1382
2449
453
1603
4540
1375
4631
6624
1367
126
1364
476
2462
6774
5539
1612
6423
6422
2480
5187
4475
5748
6629
401
1419
301
4815
4806
5633
1535
2032
1484
6751
7094
4952
1545
250
2016
180
6592
4720
4992
4995
1993
4710
5580
1433
189
4677
7059
182
5053
4661
4991
85
4541
1316
6659
4391
1869
4313
6640
5800
2619
1823
579
2620
2573
55
54
50
1759
5480
4259
1769
6384
4206
1672
2528
22
1323
6376
1637
1298
516
5315
509
857
3071
6595
2024
2025
3608
2022
227
843
4966
1569
1760
5456
834
2002
964
2026
5196
4959
6744
983
5644
803
3687
2123
1703
6565
5640
283
4886
5636
6911
2045
3671
6947
5427
5391
1116
4943
1115
4944
7
5003
3316
3312
6001
6124
1676
1085
5323
3167
2139
6642
6622
6157
1644
136
1608
6150
3460
1641
3165
6919
5132
6639
6892
1903
6627
7133
6711
6710
6894
929
3424
122
51
5547
3160
1675
6609
5052
3366
5314
5499
6610
1804
6694
1960
171
1585
6196
165
164
5093
1940
947
1937
6058
1850
6059
7127
5254
5106
962
3697
6980
1199
658
494
6340
6339
1225
2487
1353
671
2464
3936
3932
6826
7034
2456
6405
3912
3899
4826
6772
4565
432
713
4603
414
3850
6454
4632
5966
2364
4667
455
4453
5922
2560
4191
2639
4212
2637
5863
2653
5875
4240
4131
2617
558
1292
2685
2613
2609
6368
6354
4012
4019
6971
4383
4366
638
729
4362
6818
4351
1307
542
2600
4094
2577
6475
313
3755
2270
3718
1497
3744
753
1493
1134
323
2267
1161
2181
3733
2252
2966
1486
2347
3753
4778
5656
5665
363
2971
6745
2915
4712
7067
1273
311
4714
2313
6538
1432
1143
1858
3012
3325
6215
1483
2570
2186
1854
2042
6217
2581
2584
2979
1306
3263
2125
3025
3029
6656
1679
2676
6742
2684
2616
6802
2106
1249
1297
1522
2628
6587
1800
6689
3319
2130
1135
1794
1966
6636
6263
3077
2448
1384
2019
6881
1936
1392
6437
1194
2269
2298
1399
3140
3132
2311
6612
1191
2920
6839
6608
1434
1945
1542
3169
2851
6390
2193
3243
6628
2195
1036
6336
1894
6852
1898
3191
2256
3221
2943
1106
3073
2794
2461
1366
6426
2849
2268
6322
6553
1701
437
