7110
1025
7117
432
7115
4974
1022
299
592
918
3123
4631
836
7002
435
2895
2310
6747
3557
4968
4862
3259
3254
2175
2023
1602
1608
7131
5640
5636
434
2372
410
5407
935
6517
4975
713
1940
4202
316
4970
129
3578
6426
786
1604
6366
5647
1603
7069
1029
437
5369
970
5941
2807
6722
5613
2802
4961
439
1948
597
4060
2596
4729
678
5973
3316
3559
4473
1028
2212
3821
2367
3115
6684
311
5694
1021
4971
124
6778
31
4978
3086
3453
6822
1135
4475
6293
979
2135
5615
5187
831
2594
6204
6040
2582
1918
2617
4019
679
3459
4976
1006
5325
2504
1849
6296
6573
7114
2806
5557
5970
658
1609
1662
4609
1014
7067
3420
3222
655
711
5824
2369
81
5322
4632
6749
4697
5452
1183
6512
5492
6050
1024
908
3527
4904
3159
4403
3828
3157
1036
725
6967
5494
1087
976
2184
3287
2174
2664
374
2479
59
2016
6367
3553
6471
3555
5942
2878
1409
5840
5235
5818
3717
5674
6437
5197
2122
3411
4033
2564
3221
377
6881
1945
3450
127
285
3442
855
7059
461
1949
3050
1131
7075
2803
6717
4414
907
3691
4861
6456
5391
283
235
4106
5260
6200
1646
4235
3242
5456
289
3255
3618
2600
4969
2214
4972
6059
6564
5530
3458
2560
5535
6076
4965
467
3184
1134
3451
2927
1373
3180
4003
2926
1946
1974
3962
6062
6077
2393
1015
2236
53
2235
6681
6686
5644
6682
5483
1026
2436
1993
6758
5150
6867
2011
6502
1403
1745
4477
5673
2668
4739
5844
835
1257
485
7147
3081
2893
2133
5979
2019
4004
6356
1452
4472
324
3558
2012
453
5125
2618
6063
942
2191
2610
2193
6993
2195
2767
6206
6086
3653
3468
1037
4479
634
2988
4674
3976
2209
6664
3577
5398
3972
5094
6667
1157
6308
6813
2675
3226
6824
2544
128
6810
1869
138
5778
4066
5542
148
4385
6275
433
403
6451
3975
5679
715
5183
4329
714
6586
6694
417
414
1878
420
5117
2612
2593
590
3576
1944
6511
3664
459
3667
6493
6708
4966
4225
3154
2850
5190
5553
6001
4412
2928
5545
4409
1115
5536
3456
1539
3457
5554
4641
6061
4648
6992
4071
4075
5499
4094
6126
1023
1020
1605
6058
3508
4619
2780
2371
5765
2362
4026
5852
2391
5880
2885
7113
3424
7111
120
1458
79
4445
5610
3919
2413
4603
7065
5590
1168
110
111
2312
4117
5519
6331
6279
4738
2637
5323
6439
3752
3283
4172
6266
6438
280
6368
3282
2633
943
236
1644
3820
6265
2472
5888
4042
5131
3609
2809
1449
1229
5239
3735
707
2805
804
3693
3730
3602
1992
5186
2857
1997
721
5720
5794
1400
1434
3117
5841
716
3116
5643
4293
3193
2558
2819
3187
832
2660
2676
6029
2595
5188
5383
6057
2616
5544
676
6066
672
6267
5491
6262
1698
640
5757
3922
1741
684
4046
6352
6344
6597
3751
980
1169
6006
1164
6587
3684
2619
837
6581
3056
1743
1159
4979
3915
2455
50
4358
2392
3389
7061
4306
4817
3462
2385
4671
36
305
2382
4962
6926
4516
2194
6718
2538
3472
7098
7119
2120
199
4815
83
216
4408
180
88
7124
4341
204
3363
4326
381
2376
2080
7151
409
2185
487
4636
4736
7143
3550
2014
125
3415
3455
2462
413
4732
279
6121
6028
1059
3467
1054
5496
3471
1112
3114
1530
400
1862
5482
1110
6754
4659
6503
6994
6044
3572
6488
1533
4638
5166
3120
6757
712
4643
3463
4649
5515
2086
688
3253
3878
5155
5142
1559
7041
4801
744
3658
746
2662
4362
6355
2665
6351
6244
6346
1673
4748
3062
2148
2474
3059
3744
1690
3528
6910
2181
1703
6334
6907
4711
3288
3281
282
6285
1726
6892
1696
2478
1774
6363
1600
6134
6818
6821
4678
3501
6140
3317
3311
327
776
3089
2456
227
326
1643
6932
6205
6208
3084
2722
1651
4357
2139
1653
5414
801
3806
3008
5198
671
2936
4311
599
6713
5929
1451
1225
1221
4909
2317
1219
7089
3637
4274
5089
5097
5959
575
622
5817
5597
7070
2828
1960
3936
5034
5052
576
5875
578
2887
1942
455
1273
456
1947
2396
5665
1937
1439
3944
6575
1418
2613
35
34
4256
5825
5893
457
3651
5608
5722
116
647
6687
7047
502
1161
6645
6524
2563
5573
1874
4006
639
6008
3413
3655
1117
4250
2605
3368
1999
3414
5690
536
5132
6662
2370
5348
6242
3400
1724
4474
2339
7135
4160
5862
5762
5872
958
5365
2366
3024
4153
5392
22
4142
5680
7146
3524
1697
508
26
6260
3800
5695
1702
6264
2190
3416
938
3994
6271
939
4025
1666
2188
1334
2843
948
4039
5885
3813
1165
6046
1542
2920
4640
4067
3461
1172
4049
5578
5580
4422
4644
5977
6998
2286
6070
5533
2283
7042
1111
6009
5539
6026
6007
1103
3452
5550
6002
1143
6295
2272
1152
6043
5534
5510
4611
5595
6149
1617
2977
2982
222
5436
3827
3510
5883
2199
2889
3515
5881
2196
3306
5632
4392
2448
3385
2410
3466
6082
5609
2408
5952
5612
55
4396
1601
6138
4677
2892
2228
2322
2224
3422
4716
4138
4871
3155
812
734
5200
6585
5095
5193
2034
1924
4349
436
1765
4954
2125
728
5039
6802
4816
2126
1954
3750
3727
2549
805
6808
3737
572
6572
636
3152
3228
2528
5048
2543
6384
6382
5268
1780
1925
6447
3734
3627
3082
2607
318
4345
3552
579
802
3151
415
4186
3562
6531
720
6523
406
2089
6322
5087
3573
3574
6427
405
6498
2065
1742
6890
2066
3051
385
4730
6728
2071
6893
6748
396
4322
3185
6395
3099
2579
4348
1800
6560
2503
2674
5301
5207
3188
1761
430
6608
1872
3197
4908
6764
5161
4733
3192
2907
5976
5585
2606
1481
1193
5972
4594
1488
2915
6731
646
105
675
1116
6014
