7118
258
251
243
1444
2981
267
6736
796
1027
384
6189
794
6995
6309
6302
6313
253
6303
3707
672
530
531
3433
5465
249
554
3449
4860
539
4726
327
6153
4363
791
3056
790
2005
4424
256
3051
4483
1741
5540
3438
5544
6314
4887
898
6109
5902
4364
2155
713
3522
1413
6994
3605
240
6306
1600
4884
265
536
795
6305
4610
3322
799
5904
385
891
2130
705
386
1401
6707
5151
537
2301
7045
1447
3938
5279
3123
6889
5934
4882
2986
4303
2319
3983
701
4586
383
3052
6714
6156
5351
6992
4972
242
489
6248
246
1102
2725
677
260
4880
4450
268
5908
1402
6347
538
3085
5359
2137
323
6844
6343
3655
4693
6999
2336
6300
6946
1748
1446
1720
709
3597
1993
252
708
2099
3973
5275
1660
6829
3174
2594
1371
5942
5903
3406
4821
1480
3954
6290
4304
6311
4888
6299
1773
615
4301
2314
3871
4784
3952
5421
5947
2985
2386
555
645
7016
4908
5548
3957
3955
1757
4889
2157
3403
4606
6442
715
3173
358
3177
1897
3366
594
3042
275
1644
1860
4881
7047
1488
326
5118
1110
851
1115
5093
4271
5545
4587
1016
3170
2840
4861
4440
1999
167
5905
4824
6317
6340
6296
6301
7111
3437
1266
4181
4905
4307
3075
1774
1148
73
5569
1607
3492
1257
1856
3130
6461
5868
1749
4486
6732
3630
372
1187
1487
5890
551
317
378
374
613
3080
1524
1251
2062
1601
1506
1029
2296
939
6457
1182
1489
1254
1743
1011
5116
264
4422
5119
1535
3448
5712
5542
1582
6293
1576
656
458
2623
6341
6342
5150
3050
5894
85
4360
644
1376
6801
5550
4144
357
4914
3656
4694
103
5666
1851
4141
6254
2011
1289
3385
912
250
3552
1657
3384
1724
3972
6715
4302
699
3325
1107
7099
3737
376
4673
6158
1788
3559
1908
1778
6157
1585
5452
2323
6105
2148
2156
3407
3408
714
6702
2162
6704
5450
4727
558
3965
2123
552
1658
4753
749
499
3551
1753
674
4084
3436
4722
2312
553
2051
527
382
1726
3951
4800
5387
1178
6036
829
4487
5880
1151
3818
3059
4132
1486
5913
1499
6186
1120
1252
1481
78
2600
3083
853
7116
1258
3769
3773
3105
1435
3825
5520
6310
5081
3089
6294
5086
89
5893
2598
2474
1285
3037
3040
3865
2953
331
5910
4104
1021
4886
5424
1026
2673
5907
2367
4099
6159
6348
7040
6318
2629
1412
6819
2634
2635
4912
2466
1532
7041
5901
3179
803
2624
1288
4029
3731
936
3575
4262
2716
5968
168
4178
5936
1283
896
1323
4265
3109
1118
4883
3494
6581
3495
6252
5128
618
4885
5058
5237
4716
3521
1036
6993
46
6316
6258
6674
6982
1245
5076
6308
6298
5169
355
1805
550
3076
2877
5328
3048
6264
6259
4692
704
6445
3365
6450
3661
5916
4925
5926
828
3354
5927
5919
1483
3635
5777
2538
259
425
4069
255
1659
5928
241
2469
389
781
6740
6743
3653
3326
3327
4598
6426
6086
5361
3953
5440
4584
4344
3274
3273
387
4092
4589
4143
1888
6103
6785
4146
453
4147
4260
722
4145
217
2154
451
725
1408
6362
6802
707
2134
476
1527
1580
3847
1579
4728
6892
5075
1287
1091
1855
5416
4841
4825
4820
5426
1325
6935
611
798
5380
797
3590
1017
6880
5084
731
6706
6952
3958
3603
940
3702
5357
1230
834
5970
6720
3967
671
4359
1247
6780
5448
6014
4830
6789
3572
1128
3820
1485
680
6871
983
1752
1611
678
1170
1177
1482
1804
1791
1270
1370
5232
2142
439
169
4063
161
4060
3402
2728
3405
5559
4180
6315
2128
3106
2705
3409
2092
5454
3424
4264
6307
5541
3430
2081
3432
3434
104
3435
2068
5765
4028
3383
6209
6183
5914
4581
321
4256
4107
2416
7048
1891
5671
2539
7055
6440
434
3317
2330
2593
3182
4149
4982
2663
2257
2251
6202
5572
2700
2217
5112
7058
5898
6184
3490
44
5244
4225
2974
5889
42
4239
5051
5228
6244
3446
43
6996
6253
1975
5254
4369
6289
2050
1895
5638
4234
529
7077
5652
4827
4432
5239
7059
4300
855
3029
2960
1387
2664
859
6243
216
2638
5269
6352
3169
1082
7061
5575
3024
248
6083
5181
4809
4892
292
6385
2990
5235
6188
2518
2984
3842
247
3840
6191
4135
4137
2536
1062
1471
4140
6069
2983
1449
263
1440
3937
6803
1214
4528
137
1255
4510
1131
1136
3102
6873
4214
2878
1246
4190
1244
2808
1153
3813
4489
1235
109
4308
3081
3876
3082
6297
2846
4199
1213
4907
4290
139
3247
3046
6336
1084
893
5085
4906
4299
7097
3857
897
6247
3735
3043
36
6204
3145
4306
4913
5570
2721
40
4322
1318
160
2723
4320
1286
4174
3140
6256
1887
6543
2146
4064
6100
1668
437
1663
6095
4981
2216
6563
1650
2225
648
4266
1634
2012
3369
1971
3634
5136
413
6117
2274
3350
1795
3455
442
2188
3578
686
5733
685
5939
676
5882
514
4671
5072
2063
5923
4025
521
528
663
3440
460
4057
5449
3595
3562
4978
3445
706
6118
1742
1970
3323
6578
6585
624
7036
3657
3539
6587
5290
2442
1572
1586
3336
3324
4411
1925
2390
377
4093
4091
3258
3300
6449
5087
1775
5745
1058
6005
1918
2057
6287
6291
5400
3013
3844
3519
5319
4719
1219
1052
2993
3084
3511
4712
1770
5874
3508
1771
2058
3071
4378
6887
6673
4305
3034
4731
1814
1099
5993
3045
3489
1085
5397
1972
1963
1959
1113
1835
1841
4724
2885
2887
5192
6127
5238
4723
6586
3498
1803
3055
2908
6565
2015
3057
1808
1508
4356
6059
6782
5273
5867
1591
5272
4400
5377
2617
3181
1416
5358
2646
5300
3353
6346
3631
4828
6345
3201
2556
1445
3321
1507
3255
3008
1525
2464
2447
6412
6418
6431
1379
2400
