7116
2877
579
1577
7137
803
268
3325
2415
3051
246
2474
1711
375
1578
3360
1570
3365
3809
6043
3804
1337
1021
253
7034
798
4264
7139
1647
5263
807
3933
4815
6707
3931
3801
36
3800
3369
5036
30
1715
5095
2878
808
4726
98
538
4570
801
1028
1713
5907
3806
6745
4359
3363
841
3362
3871
3803
3802
3364
3948
5321
5542
802
103
3953
2234
7036
6543
6585
804
6341
3445
4822
1893
6067
4443
4595
273
1029
2607
990
264
794
4239
2048
5961
407
1718
6731
1714
1023
6294
583
4673
3522
2806
3498
6343
7031
2069
1238
1774
4305
3808
848
844
6662
2177
1189
6034
2112
6716
7072
4828
3437
4825
806
1605
3987
1371
1391
5082
314
1538
6451
3805
217
5443
5381
6572
3448
5001
247
252
3433
6931
6578
255
6800
6743
5007
1574
5440
3438
2879
2566
6666
1669
3907
4732
12
7033
1716
5548
6293
1710
5234
3050
7012
4116
6031
6040
6336
5777
6342
5778
994
3446
4820
6733
6347
4329
4829
92
1778
7132
1170
860
2180
5914
212
218
997
5442
3434
6711
2633
3059
3432
1807
439
4824
1331
4555
6014
4356
2109
1799
2823
6684
6573
5090
2275
6418
1635
3534
6300
1481
4724
4684
5462
4115
4956
2235
1846
1690
5527
6363
4729
1675
5772
3932
1719
4224
6929
6346
3301
2380
5756
6742
5949
6839
1027
4675
1854
334
3548
6801
4725
998
1572
3574
5915
6764
3579
1818
2028
6838
5658
6352
409
555
557
2237
3954
3955
762
6263
3978
6303
6305
615
2419
5083
2411
4017
2405
2354
1717
2052
551
5771
6732
4413
1318
4408
437
442
6042
892
2134
6101
867
4300
846
1289
6583
5571
3892
550
6060
4701
7118
5269
3385
2829
274
1449
4
1419
6991
272
180
3332
3140
6890
3139
262
211
250
2874
249
5465
5967
2667
6317
5964
6637
251
3605
3631
260
5284
5467
591
18
6747
5880
3817
3962
6741
5325
4734
6738
2669
6710
3138
4738
6224
6643
2588
522
4188
3427
4187
2129
5626
2128
5682
1712
215
4175
3807
1994
5922
2593
3944
472
7032
2629
5531
6706
6704
4482
5426
1020
2612
3216
5288
6691
4905
2233
5037
1485
1282
5114
4826
916
1273
100
3085
6804
6348
4963
3366
6038
4676
3383
4847
6036
6012
3533
6828
3368
6387
6830
3530
3456
5793
2171
5101
6374
3058
6848
4400
4693
2369
5590
2093
5389
6925
1648
4596
1845
6459
1770
1571
5985
6154
358
6041
1259
2332
3064
367
265
3136
995
5679
6581
7124
2390
2117
1283
6356
6377
6045
606
2012
4827
4098
3349
6362
3054
2127
3326
2126
2082
3976
2553
6050
6367
657
656
6049
5296
5159
4363
3323
32
3996
2848
2322
39
6316
5960
2462
1235
3946
973
4463
2465
2060
3389
6450
4299
4120
6945
3367
4954
5125
3937
2412
37
4437
3972
5522
6389
5971
2849
1250
4817
4802
4004
7099
7016
1251
2410
2049
4816
6311
1383
4478
4823
5279
894
5833
6146
364
3578
5743
5283
3447
1336
1335
384
263
386
388
4730
258
1326
4527
4733
256
3649
1323
2664
3080
1583
3439
5393
862
277
3562
4302
840
2778
6852
5367
5368
5774
6843
3102
2762
2175
6836
3699
2152
6139
4721
5076
3542
6808
7163
4674
6805
3262
3086
3558
821
1440
5894
2089
1601
4182
3109
3025
5912
761
3123
1209
3308
4200
4204
7149
6664
791
887
6667
441
3429
3212
6668
4564
6715
6617
128
5449
2136
5409
1375
2957
4849
4169
6266
5282
4139
2976
7055
6223
4361
753
4307
1240
93
853
2923
91
1184
2148
4180
750
5545
2348
1178
3335
7030
4364
6318
6211
1775
877
3028
4235
6327
3217
797
6315
2317
4325
2316
4256
795
4880
6157
4327
3246
6313
4228
2231
5520
5149
4273
6301
6039
1509
5597
866
6203
7037
6089
96
1448
4112
7114
6307
6340
3307
874
5148
7047
6856
6030
479
6911
1976
474
6910
3788
2586
2841
1016
1017
6904
3770
5333
5424
2598
2621
5444
6627
1285
5683
513
5685
5450
2563
2577
6922
6921
6920
6917
6915
1435
2367
1380
5010
1026
5415
1909
3106
4723
3545
6
6823
2815
1369
1559
323
1860
2807
5776
5092
5078
7154
6798
3571
1958
5063
3436
5065
4573
1324
6895
5884
4587
17
16
6766
6786
3572
1842
4490
6625
1388
3939
6536
3949
3958
3062
3960
5142
6004
1253
3971
4450
5238
4417
1652
1258
4996
176
2895
5656
2440
3377
1641
1643
3998
4419
4409
2051
6552
2387
3903
529
2852
35
1667
539
992
3872
2384
2860
3404
3935
4810
4071
1876
3258
3100
85
4321
1851
2083
1107
1179
4670
4718
864
4709
5762
4308
2063
4304
3048
5239
5800
4306
3082
3263
3026
3164
1174
2130
4466
911
3130
5947
5664
5942
4767
7145
4809
5936
4768
3188
5917
2016
2122
31
5643
3081
913
4813
5992
1843
6083
7138
1949
3247
6048
5895
4737
5977
7157
2135
5275
3185
4739
5264
5242
7148
969
6304
4839
3873
531
530
2847
6579
6582
207
2846
6587
209
2526
1286
6589
511
3822
508
6594
216
2845
2842
5441
476
5014
6674
537
5119
6452
6457
605
601
3974
4998
585
6946
2468
849
1526
1385
6937
3942
6936
3938
3401
5009
3406
2854
6546
3896
6527
4009
1377
5425
6778
6896
6794
350
5074
6803
3554
3553
6806
338
2711
6889
1348
6824
5371
3516
3507
6872
6853
2798
3484
5365
5077
6693
2709
2706
2623
2626
5053
233
6902
238
5062
433
3732
6718
270
5402
6740
3443
5066
2684
1328
6751
259
2698
3602
3598
3694
6428
1514
6414
1743
2949
5305
1404
6295
4155
4265
2941
1218
4141
6308
6314
1746
138
140
3322
6152
2206
2301
2200
99
6273
4871
6177
3306
109
4904
7038
796
2204
107
2243
3302
