351
2690
5013
515
3067
3074
3494
5017
7128
988
6732
3934
4758
2698
101
354
356
7121
2697
4754
5964
3335
2696
4756
6154
3235
357
3328
3327
5229
6838
3586
4868
2627
5138
2693
1485
992
5682
2778
6692
3337
2738
2730
6886
6254
2771
3336
3548
1194
5015
258
4685
2152
429
3498
3506
3951
4874
4683
6699
1877
3064
7034
3321
6691
45
1096
6397
3264
2754
4504
6177
3539
719
2668
2779
4551
3555
3326
6258
3073
2756
3822
28
5746
1678
6982
350
5269
46
1994
3334
3062
1797
1807
2047
4818
3269
42
5356
6701
6697
7013
3232
548
3231
1878
6962
1879
997
1091
6537
1939
529
3329
6255
3530
527
754
6189
3536
6284
710
6850
3358
2621
2115
4041
2699
6814
5417
3092
386
4049
6146
642
3882
3541
867
7097
7129
892
1735
1876
6003
3262
1870
4432
3324
685
3354
3332
6311
1423
5917
1362
3813
2660
338
588
2082
6668
1241
4879
3030
454
2811
6294
467
469
726
5175
2694
2162
1731
5137
2662
3036
2703
3531
930
2321
3884
5568
3588
782
1508
1530
4196
3580
2394
7139
3538
5444
6180
6837
2492
327
1146
2281
6738
1873
5905
5907
647
2041
3230
5355
353
4812
4780
1001
1904
4722
4753
153
6704
6706
6696
459
2772
3304
3320
7072
3330
2110
2045
2087
659
5016
509
518
387
5352
364
5036
5498
690
369
4554
5402
5135
4448
5014
514
5855
722
5429
5146
781
5916
6400
6809
6690
2280
3323
1933
2274
3303
3258
2750
1996
6453
2273
2451
3172
1326
1119
2044
2111
6897
2775
6378
1872
2130
3359
3694
6813
1443
841
2702
3542
2306
1425
3544
1677
6259
899
1720
2288
3439
1738
114
5093
2353
2253
2177
2367
2156
5206
5102
3799
2119
1488
5564
1575
1579
5497
1619
1736
1849
1874
1369
1965
1969
5261
5254
1324
2043
2112
5227
466
5220
2002
4899
513
3214
3215
3237
4503
380
4447
4359
4353
4329
4307
4567
4305
717
3513
878
3533
3534
3939
3545
3587
3631
3932
902
999
1007
3085
2483
2695
1133
522
2727
3844
538
2728
552
2751
4859
4831
2758
2773
1099
1093
2881
1067
1045
3034
3035
3037
4723
2428
5585
7169
6288
95
5908
5706
6763
6166
6244
6245
352
6730
6714
5867
346
5866
6369
6405
340
337
5830
6913
7047
91
6661
5974
6833
703
4449
3331
4888
3339
3344
6987
5589
4267
4500
721
207
1337
3440
651
3445
896
1659
6395
3492
4158
181
3061
5053
5046
6543
3077
5978
1589
3126
1321
4355
4304
995
5011
994
5007
3187
5862
3261
4287
6428
7062
4863
6256
1906
3933
1902
4752
1405
6066
4193
5919
3980
36
1366
4039
1748
1371
4095
1737
4110
4111
4133
605
4858
3874
3837
4856
4509
724
6240
3537
725
859
1751
7123
2049
1679
1487
4557
1962
3665
3674
4789
598
7118
3842
3567
1617
2774
6803
1210
2753
6723
1213
5234
6712
1106
2777
6693
399
139
2344
2341
2089
5740
2302
2490
2708
2569
1188
2125
2124
6767
360
6660
2131
6765
6764
5307
1516
2701
2706
2117
1131
341
6794
2289
1060
1250
6851
2938
2226
2918
2954
5136
2883
1565
5562
2237
2933
5769
5186
389
2286
6839
2283
3900
1197
702
2132
1930
775
2603
3949
695
2568
2257
5985
2128
6072
2572
4366
5982
7017
2233
698
2555
2494
2499
7071
2364
1860
4181
6012
6818
4239
4159
96
715
1212
4119
4246
2464
6871
711
4090
7055
2276
4072
1875
2275
4225
7032
2137
3998
3033
1972
2651
2869
2025
3223
3224
7096
178
993
2868
1332
2092
191
6394
6669
6679
6440
2787
1069
1061
6559
2976
3055
3060
6552
1052
1063
2950
2939
6536
3096
1005
1004
1003
3071
6328
3347
3352
6157
860
6151
3570
244
3646
2700
3647
2673
2669
3764
3812
3814
6793
3671
2705
879
883
3383
6997
6285
6734
3446
1987
3479
3486
1125
3490
214
6741
3493
2726
2724
3831
4370
3752
4837
7
4884
675
1642
4575
1739
4571
5173
4559
4877
4875
4750
5938
4550
1673
4506
5379
4602
1627
5221
7144
345
5914
4887
1525
5918
545
1626
4905
4857
546
5754
5913
1445
1732
7114
626
343
4607
7136
5376
463
5041
489
326
5537
5134
5793
1587
7142
5284
5560
5351
5531
5277
1680
5108
5909
1533
4433
5374
5273
2770
208
3535
6707
2716
3512
6703
6167
6165
3350
5283
460
543
5111
2704
6758
6169
5278
61
873
4855
6908
2735
3491
4852
894
6736
453
572
2752
4878
5748
5237
906
6755
4882
5275
6235
5868
1995
2755
5718
3532
6222
1123
4922
200
3166
1607
1601
1323
5162
6530
1599
1320
6941
1598
2891
6665
1592
5773
5783
1057
5788
2989
1574
2960
2065
6560
2060
990
5126
1051
1576
7140
1053
3063
5062
5786
5170
6666
2879
4951
3263
2102
2809
3280
2104
1086
6426
6403
3322
2805
5865
937
6353
1095
6305
2004
1327
521
985
984
3210
2084
3212
2822
3213
6483
523
2877
1548
3229
6460
6489
581
2243
4680
645
4203
6037
288
5935
641
6855
2417
4118
20
6857
1871
30
6872
7099
2145
5926
3995
5453
5449
3985
1730
411
6053
2502
3946
2134
3938
6086
5630
85
4526
723
5594
2232
1792
5570
5979
4346
5600
4330
669
2265
2206
1246
692
693
1360
5624
4302
4438
7087
4443
6836
5544
5509
4465
657
4244
2307
5958
84
396
665
5420
5119
422
4761
1182
6117
2573
6144
3582
1257
39
3589
6879
7012
809
4806
5900
2692
1951
1283
837
5408
5386
7152
6792
813
5340
3602
419
6093
1536
5715
2623
846
830
2559
3635
3871
3923
1344
1284
5690
5687
5373
1132
2305
6819
2079
2197
2903
1503
5139
1151
2246
1539
5288
1500
2952
1141
106
1064
2263
5130
5132
5602
1058
2725
