7125
2908
3135
3347
7123
7129
2273
5695
1357
3502
2278
5230
3090
2900
2270
107
5010
1355
2276
2229
7126
1359
2579
5025
3583
5337
4155
5231
4759
7141
2588
963
1886
3606
3372
350
4314
3095
5699
2904
356
7121
4024
1662
6468
6749
4253
3958
1557
3399
3812
5961
1257
1981
4258
4011
4481
6970
4618
2679
2675
1385
1854
7122
3662
2498
6362
3864
5851
1237
4688
1393
3373
5078
4652
1620
3816
4312
4902
5667
2279
2409
6861
3137
5291
3031
2905
2673
4490
2906
2944
2907
966
1903
1909
1867
962
4831
965
3672
3094
1906
5331
5960
1468
6216
503
3139
1709
5633
4651
4457
4686
4158
550
504
5508
4086
4017
5295
3562
5200
3130
4978
3344
3132
6812
5016
2445
2573
6341
4754
6344
3374
72
5011
5774
3419
2591
3416
1538
921
4742
3370
4956
1864
2
1353
5826
4012
5772
5698
6346
1234
1343
2824
1352
5012
6816
5377
3098
609
599
1197
102
3500
1532
1004
3342
5190
4079
3949
2586
3951
1973
627
3943
5107
1670
4657
6921
6158
4756
5665
5129
5391
1099
5694
3822
961
2224
3328
3340
3512
6212
2408
5946
3091
4088
6206
5294
2277
6232
4918
3376
2774
2810
969
6160
903
2381
5113
4142
3149
3262
4027
649
2614
5135
5569
6311
1425
2570
1900
3585
4023
595
2578
6501
2909
5526
2589
5480
3948
5478
4654
1857
4491
5022
5280
4687
3140
6365
5
1241
1360
1367
5696
1865
506
1383
6414
5296
2200
2686
4482
507
3677
6537
3692
6734
4154
2663
3371
3057
569
4169
345
767
4700
4706
776
346
2492
2495
4167
6399
4755
6405
3410
3377
4760
4127
6474
597
4772
3756
563
3375
3867
920
1540
5144
5132
3547
1379
6125
157
1358
3945
3604
5032
5018
5003
5793
1231
3529
2215
4334
1340
1142
5543
1958
4201
4000
5265
5262
5342
1852
23
3176
1591
3211
1881
5410
4016
1676
1667
1654
1928
5499
5236
4337
6695
3853
3854
1083
1089
228
1061
6013
3865
5963
3851
4826
1100
1023
2362
4942
929
6169
5471
5147
1550
1008
1009
5501
2581
6523
3950
2585
5159
3957
5172
5174
1588
3343
779
1902
928
1784
5275
901
2674
3819
1755
6152
3987
4842
1859
3210
3097
4089
1708
1701
510
2401
1882
967
3093
3349
5561
5145
723
1351
5700
5704
3922
5707
5708
6231
5795
3133
5809
4689
4093
6683
6319
3128
3868
760
2220
6293
4096
4681
5146
4929
3859
5995
5565
5136
636
4922
5131
5649
1427
5099
2529
4655
4656
3142
5663
6413
3136
6406
3858
6404
1362
6397
6392
6395
5292
4306
2765
355
6820
3507
4367
4439
4163
2978
2800
247
2720
2893
2886
6732
6735
3555
4257
6739
6776
6750
2930
101
4418
160
7149
4205
4204
3487
325
4208
131
3503
7146
6462
3869
1138
2975
4944
5031
5004
5940
6761
2242
153
5948
4938
1369
1108
4935
175
4315
3312
1198
6965
6966
4999
600
1273
4997
4996
3297
5790
2257
1252
6766
196
5765
3310
5836
3617
203
5028
5902
5792
2952
4653
2368
2500
926
3486
6807
2380
2384
3786
2399
6161
6847
877
2489
313
6832
6226
3055
322
826
6233
3814
2365
4387
4682
949
3670
1097
5967
3628
4933
5969
5688
6433
6922
2275
4934
6418
6916
3519
1044
3763
4183
1001
2517
2793
6876
6368
239
6438
604
7142
2672
5591
5344
1486
6645
1740
3207
2608
5584
1675
2029
4026
5577
5134
5622
4021
2631
5566
5137
5233
4240
5142
2919
2915
1884
6570
5556
1541
7128
5148
5238
3138
5585
5625
5068
5493
7100
4019
3
3928
1626
1417
5286
4460
1418
499
1424
3032
5196
4581
5282
5626
5106
2902
4202
4150
2058
1672
5429
4843
3104
3516
2911
6891
982
6890
6092
4244
3592
3509
1671
5433
6893
2796
4379
4179
6060
2344
4178
985
5067
3841
7163
6213
3378
830
3578
4002
5269
5289
6235
816
809
3653
6822
6308
2949
1887
1769
2405
4174
1702
1880
925
923
6863
2753
3517
1868
5381
7147
4413
4173
6155
5390
1029
1601
2302
1455
5620
4195
5797
1251
4991
2176
5000
1239
4971
5842
2203
3552
1195
3127
2209
4974
6957
3595
5634
5062
5669
6988
5691
151
1371
3546
4321
1366
1349
2111
1426
2062
3291
5007
3268
1361
5900
2225
3319
3558
1090
5191
1086
4931
3521
1954
5533
1951
1077
5197
7087
4903
5998
2896
2897
1078
6931
1101
5539
5562
5931
5932
5935
114
2877
1535
5954
6934
2254
2255
3946
3947
1563
5542
1104
2259
1914
772
3324
656
4589
6768
4680
3411
654
338
716
6762
6349
3757
4443
3726
6778
6316
4166
3397
476
3661
4138
6325
2528
4595
4133
6646
6428
6764
602
6326
4494
669
4685
2676
667
508
2687
561
6585
4611
6608
4584
4585
6530
354
4454
6342
3415
551
404
2729
3750
509
2664
364
4675
555
3466
6390
6782
7078
2820
4462
1952
4932
5515
646
4941
502
3120
2545
6943
5105
2539
3412
1606
5194
1112
224
5529
3413
7068
7080
2887
2801
4506
1021
6012
2728
1013
6016
1907
1007
68
6900
4247
7111
1904
6609
2332
983
1918
1081
1028
4018
6925
6924
1074
2271
4122
1158
1067
6604
5986
2285
1048
6411
6410
6605
1040
4901
6008
3689
5536
104
5538
3033
3754
167
3924
172
538
6503
2109
5590
176
4450
5037
5034
5023
2969
1505
1507
5013
6977
6969
4452
5596
3934
132
5101
558
4028
5109
2068
5096
2951
4566
4305
546
2093
7034
4307
1380
4187
575
2045
5754
3295
2577
201
4976
1998
6574
2827
5149
4969
206
4329
3872
4447
3316
4965
2210
2625
1567
100
2884
1196
2001
110
4327
5006
6819
5767
2148
5005
2613
2572
3156
5141
4993
2168
1253
2169
6566
4990
194
4596
1537
2561
1575
4857
3900
352
6626
4083
6112
4081
1747
5332
