3931
994
3325
7036
3336
990
4728
1728
5284
3326
615
3320
3366
6742
6839
3337
3323
3328
3332
3327
387
386
3535
2130
6707
7116
6294
3939
1488
7072
6317
3329
2128
2847
6146
5269
2118
3365
4721
3262
5278
1577
6745
91
529
3530
267
6983
4264
6312
2058
803
3534
6962
2667
3335
2319
5277
3933
5571
3937
77
4302
1011
581
3532
4437
1730
2510
3539
5007
937
6311
3548
5275
2623
6897
3330
7034
616
1752
4359
5288
5374
297
1238
4824
3531
3321
6786
4820
6307
3631
997
2112
6315
2257
1532
762
550
2842
3139
3145
5777
6188
7099
4304
354
6103
5968
5381
243
3871
537
3385
6767
384
4821
2848
802
3974
6987
217
6182
4456
389
579
6941
1189
5682
1976
3590
3143
5964
4723
552
6313
3932
375
5439
6306
5989
4726
1732
5351
3334
4727
2230
7052
3935
5410
4506
3360
95
3538
3042
701
6132
3549
4450
439
4490
3045
5556
5907
6929
3936
4187
3013
6922
5913
6911
4381
6946
5912
2879
6945
6715
6931
3322
1858
5939
263
5946
1284
2877
1119
6982
3978
1748
3800
5756
3355
709
3537
3803
3544
3362
7118
969
761
1535
899
7130
1576
3575
3809
3100
3102
3597
841
3976
4297
2096
5279
476
657
1738
6543
3516
3707
1708
5895
3955
2762
6579
1743
1440
1737
6100
4853
5598
2669
5559
6900
6706
1739
6704
499
3432
1509
1515
2603
1444
6921
6848
1647
1482
6910
6763
6920
2635
322
2818
3383
826
1219
6701
96
98
1067
6120
2050
7035
4305
3951
2000
6547
3702
7023
2936
6034
1975
1969
6559
93
4351
92
5118
1
845
6309
869
6302
6301
6300
5092
905
6287
766
6189
7111
6184
3551
2129
993
4028
5287
1587
6942
6637
4729
215
6940
203
5377
3269
1285
2686
4400
4382
212
4722
4826
5346
1261
4825
4828
619
249
4408
736
3367
6665
4443
3369
6666
3364
768
4355
5689
891
5903
4541
3142
5658
1574
555
6303
4422
809
849
846
1318
3876
1326
515
3361
1107
1376
1320
5947
6060
612
3956
5781
2933
6033
4457
3264
3258
1213
645
995
1105
1250
4509
4025
1027
5727
3354
5740
1101
1371
1050
1449
6137
699
3324
6762
6144
2960
2706
2152
1657
5593
5579
4823
4940
2135
4579
1854
3804
2082
350
3542
103
3541
357
4907
200
296
355
5361
4903
1921
2448
3433
2232
2237
3801
1607
5009
7005
7016
272
2243
5276
3448
1668
4
3802
4551
5098
6836
30
5002
3265
5274
2440
1979
4327
7007
6986
5359
3704
383
5388
206
5889
5448
3591
6710
1325
1324
539
260
3312
4724
548
554
6924
2840
242
5910
3301
6928
6932
6661
4758
5273
5944
5967
6552
2370
2015
992
2137
6185
6190
2151
4060
3059
2155
42
2310
35
3147
6296
7132
5065
7139
798
800
808
3107
6363
6459
3545
996
999
5238
6089
4884
3522
5224
5220
679
6107
2056
111
4857
6919
6130
100
7047
3533
4902
3015
4905
6505
1016
6485
1061
5839
5961
2710
4563
6904
366
5683
4455
293
361
2631
1635
431
6905
6738
353
5585
5576
6741
1731
1665
3356
1729
6880
5776
295
2696
6876
1370
1579
4452
6834
5493
5651
5487
7149
804
6314
6113
3406
1073
4892
3594
3104
433
4262
1650
1506
6838
101
6139
5589
705
2721
5724
4978
6862
3706
3504
1677
5001
5570
1446
2938
1991
4308
2012
1669
131
6083
4883
7033
5746
6101
3841
7038
3109
1104
2684
114
3805
3029
4158
6254
923
4537
769
7138
5095
894
2206
5663
892
792
6299
4968
6304
789
5666
4970
3141
399
2306
2660
3079
4163
2343
6177
3540
2234
3043
5708
2711
2122
5704
6461
370
3830
5701
3630
3048
413
6192
961
2691
4174
5595
1513
5837
5743
4324
5420
3874
1831
1396
5917
3757
2519
642
2513
5926
2851
1856
586
216
211
5823
5821
207
4784
4375
1586
1749
4461
5425
3870
2573
6719
273
1334
3859
1328
264
1323
6724
5894
2579
6923
258
6908
254
4432
5433
1817
557
5899
2794
5428
4668
2954
1723
5778
1217
2486
2893
618
1214
5283
4822
1699
1735
5965
4827
5898
2446
5438
1807
5244
5495
4837
5228
4829
1815
5678
4602
4538
3085
5093
4419
4453
4492
1753
2167
2758
890
5726
4982
6347
2814
4130
5476
2815
2563
2250
2625
2678
1578
2252
2621
2575
1787
5653
1178
1333
5829
5270
1448
6310
4334
4996
1611
2267
4451
2437
5263
2201
6068
5573
5479
5424
1264
4531
3040
1661
2488
2379
4386
5941
4756
1508
3028
5184
4274
1406
4780
1499
1240
4273
1236
5358
4272
1069
6136
4899
4800
6131
5963
6108
2713
2115
5520
1216
6225
2398
3065
1537
6198
4184
4746
964
966
6351
2150
4188
2156
1281
2140
2389
4565
1099
1531
4535
2514
1097
2512
4818
4753
2483
2119
2148
991
2249
358
6925
298
6807
291
4115
6968
583
3825
3437
7043
4022
3875
6980
352
7037
3773
3770
522
3357
532
3498
3315
7013
611
4021
558
3304
136
3446
6916
132
538
268
6894
6575
205
3603
6935
687
327
202
7136
3848
3408
3716
6819
33
3983
3792
3156
4104
3572
7112
6939
3934
3547
6965
6826
7071
351
494
4094
662
6766
3350
6775
6776
4505
1480
425
2723
1634
1628
5599
5601
365
4560
4557
5632
5649
3363
378
1572
5662
1547
411
1519
2716
430
435
1502
388
1443
3384
5774
596
5960
6615
2878
3263
4367
6572
4350
4335
6031
6043
2862
2935
6067
6546
6070
6071
3952
6081
2949
4299
3954
1106
4287
6553
6660
6667
5919
3339
5812
5816
5820
1399
6737
1392
1391
5827
5828
6723
514
2811
5872
519
5879
4434
6690
5904
2845
5911
5915
1289
1286
1283
5769
506
6889
6872
7050
2089
5159
2080
5181
2378
4889
2386
2390
