7137
802
2235
844
841
3360
846
3365
807
92
7132
849
3363
2234
3367
801
1577
3364
2127
3362
848
2129
804
7130
840
3571
2233
375
1578
7031
7138
1570
4437
2708
7139
808
3325
2237
6742
2124
3369
3368
7034
7116
845
803
3574
579
1574
2878
1571
95
3301
806
2126
1572
2709
2706
1613
3533
5980
695
439
2128
1538
3306
5381
4443
3158
1430
3366
4552
7133
6662
1718
5274
2936
4729
5613
2123
5753
6917
5752
697
3308
6803
4293
5234
2125
4537
480
6755
6668
1583
7036
6667
5960
690
1687
2180
3570
1189
5750
1689
310
2231
5685
4062
5886
1616
3321
5238
2823
6943
7072
7030
328
317
4200
4206
6267
3809
6753
1717
6746
3804
6263
6824
6758
5365
5899
3911
7106
7098
2010
3326
5646
3213
384
692
691
3327
3933
1396
4541
437
3073
2122
1685
5046
3537
805
2510
4012
1688
6697
2368
5112
303
2598
3878
5065
4102
800
1713
1295
3380
7035
1711
3534
1437
474
2946
1825
795
2236
6849
1388
6087
6108
3671
1965
4221
884
4224
4545
11
2814
5893
6827
358
5751
3915
5062
3361
5756
262
3322
3389
3303
6499
5978
1289
6264
3805
1526
1522
3803
309
2676
3800
5883
5237
6388
6052
6560
3004
3882
5505
3516
3433
1195
5036
3337
825
6709
2011
6801
6800
4432
139
6666
4767
6664
4526
5022
4564
2019
4650
6839
2089
4548
2415
799
4551
99
7148
7147
887
6751
2049
2784
6888
4222
1562
5523
5288
3807
4847
6759
5262
5261
3436
320
6965
6234
922
5255
4846
4180
1712
1539
5400
6225
2932
794
797
2937
5460
2249
98
2865
91
5997
3014
6840
5994
5516
6135
6161
4765
4766
2825
1431
5317
823
3402
997
4796
1525
6223
5969
4327
6747
2048
1648
1587
2508
3886
5716
3889
7032
5089
1680
7037
5754
5158
4849
5670
1964
7076
1614
6539
5676
2380
4063
3335
4525
5683
1684
6661
3241
6348
300
1016
6741
3398
6738
4162
843
3189
6733
4128
6387
3392
3880
4867
3217
2188
5788
5714
6902
3328
6045
5680
4546
1893
1949
2933
3552
6040
889
5879
3302
1436
2060
6967
6960
1398
2018
1275
4434
5833
3504
1367
2016
1347
3385
2014
5971
919
5794
3026
2120
2121
4449
1995
4521
1433
3248
6053
6513
5440
5064
1529
5116
5271
2467
2762
3942
3917
3916
1548
5085
2526
1140
6665
1046
168
4848
1681
5119
6428
6472
6477
4113
6805
4116
693
6693
1124
2346
2675
3579
1119
4238
4077
1492
6083
4764
370
5386
3994
233
791
5039
5002
5368
2877
793
3633
2888
5429
4768
3594
1514
6088
883
1044
5037
517
3999
4074
3960
4622
3965
4989
5682
4547
522
872
694
1085
3939
3992
1069
4975
881
3998
4555
4957
3850
4081
993
991
4338
3770
3769
4333
5495
3719
5493
1184
3685
972
3561
600
798
5411
591
5310
3806
5287
4209
4117
3875
3856
3395
3854
3404
4845
926
5141
5254
3437
3458
5259
4435
1862
5541
4187
5529
3808
5034
3584
6783
2980
6933
6939
2347
2783
2818
2852
1774
5987
3028
333
1787
5967
6363
6968
2267
5981
2700
6012
2957
2734
2230
6294
6462
6905
1690
2139
2926
6920
6062
1682
93
2703
2934
6109
1675
6669
1796
1799
3110
6990
6821
1967
6228
1719
17
6199
2820
2313
5776
1340
3320
1338
2563
2790
5759
6479
1
1573
167
239
236
60
1394
7021
1390
6757
2661
6823
2013
2834
3168
5884
42
2000
1999
2867
6743
2343
2307
2341
1715
6728
2340
6526
6723
6478
1615
2535
254
3336
3918
2473
2468
6550
1640
238
3987
234
2460
2439
1657
2401
6636
4046
4055
2390
6651
6715
1683
4105
1686
4061
4279
1716
4422
4661
6941
2065
4639
6987
4442
7038
7039
2008
1993
7062
4414
4558
4556
30
1962
15
1945
873
4539
4543
7149
1898
7157
7158
4557
4399
2107
4668
6802
4815
150
4797
4794
995
4777
4773
140
138
2255
4265
4761
979
973
6843
4286
6862
2208
6896
6914
2135
4294
6931
4705
4297
4701
6792
1610
4540
5087
3722
5335
3776
2819
3801
3802
1520
5312
1524
5367
3151
5542
3445
3439
885
2754
5593
3161
316
5251
5293
2829
2837
6155
6019
3583
388
5471
1254
3539
2879
3639
5422
1217
3012
378
2866
2549
3696
3699
606
5492
5992
3532
5968
315
3186
1143
1460
5800
2632
5872
5151
5815
277
1337
1334
6377
2566
1366
5820
5231
3323
3324
3240
6358
656
6457
1561
5235
3332
5095
3910
3188
1563
944
962
3312
1928
1845
4388
4325
888
1850
3557
1345
4386
1324
2115
1435
3183
3304
4473
4519
3407
3410
2956
3216
1803
3156
1979
1969
4531
4532
3390
2050
4533
3460
3078
4436
3067
2061
3513
3066
4534
1953
3294
3536
3267
3688
2931
2447
2431
2430
1064
2424
3855
1063
2396
2391
4032
2665
3851
2374
3843
2364
1647
3826
1579
2659
3912
2560
1618
2488
2483
2571
3926
2481
2596
2466
3884
3883
2464
1113
2652
1644
964
1551
2739
2266
1193
2252
2239
3683
2868
2198
2182
2148
2141
2140
2912
3588
2132
3580
1496
4115
1497
4239
1142
1692
4168
1533
1146
1532
2787
2788
3798
4235
4236
1168
2826
2295
3725
1186
3334
929
879
5761
5770
473
5829
5850
5852
5880
5892
5898
5709
5930
5991
5996
6004
6015
6027
6058
6068
6105
6112
423
5628
553
5545
4963
5038
5079
696
5173
5179
5204
664
5256
627
5333
5414
5442
583
5474
5479
573
5499
5525
5527
5531
6120
4956
6210
351
6804
143
6831
6906
6911
6915
6922
6925
6928
6779
97
82
81
80
79
6971
7074
18
8
7167
6938
176
186
6731
349
332
6287
326
323
6327
307
6346
297
6370
6394
278
268
6493
253
6525
6537
6695
6696
6716
6720
6211
750
1860
4619
4667
