579
1577
1578
3364
3362
3365
3363
801
841
802
808
807
803
6293
3933
3369
3571
7116
3366
3360
3367
2237
840
320
3368
92
7132
7031
990
1570
849
5381
7137
2849
844
6348
794
98
2235
1156
3931
846
2877
3050
3325
1574
6305
796
7130
2878
6839
2234
806
375
798
6363
93
845
4235
439
2233
3306
6040
3953
804
6263
791
998
7138
4443
4300
3937
437
3574
2125
1757
848
1189
3971
4473
6343
3498
2123
4237
3688
1740
5590
3939
993
6831
2112
4239
4305
6043
2415
2130
4035
4308
6824
6896
2354
656
615
6740
2301
2124
6800
3954
5756
5095
5094
3578
434
7034
698
4445
4532
5898
2252
4327
2236
3404
538
1571
3960
583
6741
2361
2115
4693
2129
2384
6310
5596
4963
4726
6346
97
3293
2474
6087
6266
2380
7139
3301
2122
5082
6267
580
3698
5440
572
1743
6308
4306
6836
6751
6451
30
6316
5151
6806
1572
3907
6362
6801
994
995
5159
1328
1289
6774
2467
6067
2127
7038
4293
3361
4004
5548
1179
1492
4437
790
1716
94
370
377
1538
2126
168
381
3354
1713
2963
1718
1162
1712
323
4450
3899
328
6828
2823
3637
6905
6837
4412
2895
2210
4187
6291
1184
1711
5893
997
1338
6747
1774
6745
1775
578
5274
172
6738
2069
6706
91
3409
7037
6068
797
795
753
3356
1488
1569
3533
5711
3534
1324
6771
991
3935
996
2680
6805
2307
6366
1182
3550
2359
2152
2616
5074
5429
325
4725
2410
2982
6356
316
1717
6585
3385
1383
5036
1371
6748
3639
1334
442
2594
6303
3656
1560
5007
1255
1326
551
2521
581
2513
6742
2954
3140
6344
4475
6264
6367
530
1589
585
3956
4034
5680
2063
7157
128
2014
238
7099
3968
854
1379
1644
3967
5277
6845
2212
5288
4778
826
820
6077
843
2215
4359
5260
2612
6943
981
265
3028
4899
4374
246
5884
4487
407
4873
5839
943
4870
935
5892
1618
4325
3605
2375
2369
2367
3405
3407
570
2358
576
5389
6701
4632
1778
597
2303
6731
3543
2051
5545
3936
4103
6804
6965
2109
502
3912
4729
5830
1824
3576
4723
120
2406
6573
3338
5938
5591
5671
5955
1128
6929
1719
1253
1270
307
1248
6917
1714
5078
1268
6198
2148
6939
4417
4975
2903
4108
1173
3817
4969
7136
5084
297
5010
115
5425
3914
3577
4266
4391
5315
6053
2892
2010
793
4767
7145
99
6182
4564
3609
103
792
4105
2706
4030
5593
2708
3800
7069
2709
6803
1925
6273
3308
2135
657
4302
3972
3959
5072
7012
3406
1174
3461
5946
4399
6728
5949
3496
5954
2298
2277
6667
2366
3322
2843
2385
3328
1474
1487
2042
7036
1715
6931
5076
555
4304
3384
1563
1561
3938
2462
732
4786
2213
1746
1372
5207
5713
435
1742
4815
5643
6941
3051
4483
4422
4413
1348
2121
4489
403
4530
5895
5679
1657
3699
3680
3695
942
3081
2174
5145
1745
6352
5658
2468
4971
4038
4914
2607
3012
3633
1011
3635
6902
387
4904
2117
970
2216
870
3169
2476
5278
5710
6704
1273
2313
2370
3058
6354
5395
6345
639
5060
947
4659
2629
5997
1023
2582
6140
5382
2980
1161
6228
5038
5964
2637
3436
1786
6401
1481
1943
1850
3143
2653
6091
2936
1825
4264
6062
800
2912
5685
6488
2686
1841
2000
2685
4036
6084
5310
6181
4766
827
851
5541
6294
5270
6339
2050
142
1803
2379
4180
5638
1486
3998
2466
3275
5613
6424
4068
6564
5263
3307
6036
5572
5090
6211
5343
4851
999
6925
6956
382
517
1744
6933
3522
3806
2093
4338
2249
1690
5462
1764
2295
1696
1606
5874
1770
6997
2180
214
2214
4441
5516
3826
4400
4583
5513
1575
3551
6848
2177
6992
3683
326
582
5907
3849
4383
3667
1779
474
2223
236
5880
2079
6856
4482
5460
2231
6821
2085
3666
6046
1384
4442
2411
6271
5087
5890
3805
4095
5917
2997
4210
3803
5283
4098
6891
378
4377
6945
4242
752
5674
270
2829
1933
6152
6048
2401
5348
2988
1767
3100
3054
3158
5303
317
821
5592
2243
388
5778
3597
1409
4321
384
6139
4449
5001
6809
810
2842
6128
4739
3693
5923
6191
2136
5899
2465
6513
6049
2229
1634
5894
515
7149
1660
514
937
5321
6982
3259
4733
979
5422
3212
7155
4392
3668
4439
584
3454
5234
6420
5697
1526
3961
1251
2933
5714
919
1254
896
6416
433
2664
5150
2352
4
1367
3955
5279
32
5239
2854
6422
1893
1169
3101
1337
3778
3492
4396
3491
4979
2154
1077
6724
1245
3468
1073
31
3099
3466
5136
3774
1536
1335
6709
5154
2089
190
1853
4301
364
3553
7057
2638
5275
4288
1187
6934
1375
6021
4701
129
1470
1283
3558
3193
3324
3323
3649
292
273
272
6991
4160
3145
7039
5872
6450
564
2363
6341
4953
1564
3521
5992
7148
6342
6737
4379
1945
3979
2961
5542
3084
2128
417
2565
2563
1325
3088
4370
4125
5640
3671
3085
1109
1654
2780
3052
1093
1028
2646
6159
2887
358
5747
3762
3763
1259
6331
2139
6330
351
2932
2931
5474
2923
5141
2919
2916
347
5485
4117
6903
4409
5682
1934
4989
5171
6938
4435
6347
3045
4893
3788
2590
3848
6129
6130
6133
972
2600
2604
3008
5760
383
4376
2703
60
992
7131
2696
6357
1874
2621
6892
5183
4440
2976
2631
5683
1282
4102
5597
1339
3934
7055
5556
2048
5521
3547
5808
3932
4307
2374
3380
5359
4676
3949
6637
3402
5996
5400
5041
5716
909
3808
2826
2040
2825
6030
2278
3310
6772
3312
4151
2393
2757
731
7159
303
3557
2068
4708
6749
183
2791
590
5961
165
6716
591
2309
3460
6721
3470
3486
6725
5951
3965
1168
4619
6928
5967
6234
1556
1787
7032
6679
2351
3430
1559
6682
6239
300
575
