7116
579
7131
5401
5967
1023
5590
353
4327
7034
6834
1577
4166
5278
7137
551
5095
581
323
5893
3360
2380
1189
6837
6211
7135
2237
3955
2877
802
3558
5239
2234
5724
3306
6839
1746
1538
2954
1578
801
803
1324
798
2112
1028
2612
375
1021
5259
5274
3939
439
6741
5266
1273
6354
1854
6836
3933
1570
557
6649
6646
3362
3385
5001
3363
5422
2136
3130
6806
1990
4158
2229
5381
7138
3139
1532
3571
2952
2058
2950
1134
2235
4729
5263
4524
6643
4693
6346
2231
4168
6
2
6827
5332
7132
6637
6228
5374
5356
3366
96
1393
5382
499
92
5020
3380
2849
736
5002
965
969
3699
6137
6341
846
1029
849
6144
6764
6800
1584
3931
3364
3579
1636
5159
3361
4850
2846
1634
1893
550
6356
6367
555
4991
556
841
4767
1143
6359
6040
2510
1011
1131
4437
3976
4164
7147
1334
2273
4163
5899
4160
3104
7130
3116
1326
1325
2050
5644
1373
6394
2384
6186
6731
1380
2387
2129
376
5346
4805
807
4801
3059
808
5400
5735
6140
5101
6695
5034
6983
2332
6888
2823
5141
1647
3932
100
1379
4115
6089
2137
5961
1374
848
1481
3763
2358
5322
5613
3951
98
6287
5284
5288
4169
6749
904
1948
3278
3936
5948
410
307
2583
4187
6832
6601
6351
5341
423
552
3369
5734
4306
5924
2344
3123
792
5022
4314
1027
1320
5143
508
409
2848
7122
3140
1376
3553
476
903
901
6342
5778
6336
1657
3158
6293
840
994
7115
6397
1335
6502
7036
354
5099
360
1391
961
1615
3595
2134
5145
3262
832
2843
6382
4360
4129
6742
3863
4668
2455
3956
4856
6071
1502
1857
103
4415
4721
3822
4690
2354
4537
107
862
2127
615
4809
5978
2126
3959
4803
2124
3946
3308
3954
6801
3953
2401
3365
6624
3871
5701
1757
3050
596
3324
1483
3051
5542
2462
2042
2122
1644
4239
5359
1740
5224
3935
1170
214
6047
2351
5529
1958
6716
3572
4235
2090
3604
187
1850
1675
6294
3498
6301
449
4581
1
7166
2218
4167
3551
3147
2236
1753
3943
6830
1752
6747
1799
6745
2313
7125
1238
5254
2233
1240
583
472
2957
6804
4765
3671
1333
5038
5037
4833
4851
2976
5730
1026
5685
310
4130
6133
5622
6545
5010
300
6602
6084
1044
538
4993
5407
91
4102
1083
3721
3368
6618
2132
2025
3647
1013
2959
7043
1983
558
6516
4778
2316
1390
964
6488
2420
966
3137
352
5651
6154
2488
2710
5467
3853
2123
4800
3367
6092
3384
5895
3273
3491
1759
5468
1870
1678
5599
6052
2949
1754
697
6145
5632
809
3274
1900
6070
6051
1748
1702
3287
6078
3099
1372
6182
1818
3291
5428
2620
3516
6778
1208
3948
3942
6748
6746
2096
1187
3937
4705
2383
1157
4761
2410
1135
6651
4839
6644
1101
6630
3809
4892
274
2468
6619
1572
1574
3950
6803
4560
6824
4
9
2220
7148
1375
4200
4206
4238
4155
7038
4259
1328
2325
2526
2342
1323
1315
4300
1313
2135
1433
4044
4034
2125
4443
1449
3978
3968
2343
1050
6690
365
1997
976
6473
6451
377
3578
381
3574
2842
5219
6377
6362
5251
908
1945
430
5264
5269
2878
5279
6316
5280
2893
3645
990
654
2607
656
6553
2628
2587
995
325
5007
5760
4305
5342
5343
4899
5693
5032
1441
4015
1690
698
3456
4450
3301
1768
3570
1253
3534
1456
3560
918
5460
1020
3383
797
4963
4224
3547
1388
1815
5747
4959
3692
4248
5739
3275
844
1687
4264
3753
5282
4473
3276
1067
3850
4552
4807
4755
750
3867
4758
5523
1148
757
3347
5485
1729
5475
3356
3357
5052
4766
3506
1138
991
1128
3854
3851
4738
4873
5545
4728
1635
826
3816
3817
3949
2210
5596
4596
3580
1485
1488
963
4996
730
5577
1100
5090
3637
4697
5081
1605
1510
794
3584
653
2932
6225
6227
1928
6318
6343
6363
470
1952
6387
6407
382
2814
2812
367
2739
6368
6203
1909
486
570
6068
553
3058
546
3042
6108
3014
2998
522
6136
1890
6142
6151
6157
1904
491
328
573
320
303
6848
2128
93
2138
6917
81
2151
6786
2157
2317
7067
2304
2279
2180
7128
7159
7031
2369
2370
2374
6604
6605
6613
6623
2051
6650
2440
236
6662
2422
2069
6691
6704
6725
194
2093
185
2015
1862
5706
6038
616
604
3138
5922
597
5930
1860
610
5920
5938
609
3110
6615
5689
4995
247
5000
302
4862
2018
315
1586
1024
3837
3732
2021
6617
4923
3802
4908
318
4852
2049
3805
272
2467
6628
262
4855
6635
3757
1022
6571
3161
5146
5161
389
5187
1769
5210
6389
6413
403
1765
5243
412
913
415
6350
1949
2847
5026
6414
378
1535
6555
5062
998
6543
5064
3639
6428
5082
356
5098
967
364
699
3592
5120
5083
5962
238
4806
1411
4308
4109
4321
4323
4091
2131
1283
4413
6902
6897
1443
5756
4014
4448
6931
4457
6936
1319
657
7157
1367
4174
7134
36
1383
7062
7050
7045
1392
7033
3210
72
6950
1316
2052
1255
3996
189
6737
4710
4720
1501
1504
207
2397
1144
5946
1130
1126
233
234
6659
4696
2121
3136
2378
6862
3994
125
128
6825
4564
4589
4592
162
2360
4651
6751
5894
4674
4681
182
5268
324
5371
3097
3359
2940
868
6065
3389
5296
516
804
805
1727
5480
1669
6060
3070
3323
796
6031
3504
1921
6103
6106
5331
6216
5321
602
6149
6024
787
534
5433
6101
3016
5642
3043
5337
487
6141
1896
6305
3332
3433
6263
6319
1941
3101
6043
3406
2859
5375
598
5364
5365
5601
5283
5275
6177
504
3015
6120
1700
3894
205
4653
3855
4652
5410
1897
6757
2364
235
6761
206
3878
4594
5380
4591
6710
2055
6766
2396
4808
4583
6697
2109
2398
727
5907
5591
