6490
6576
2521
6500
5213
5214
5217
5216
6509
6032
934
1922
6487
2811
1510
56
5316
5981
3781
3471
3941
2361
6504
4951
5212
2525
3947
2813
2300
6473
2817
2903
2524
6559
6485
7015
6975
5218
5318
2450
5304
6979
2522
404
1517
5312
6470
2459
6767
5764
995
2256
2357
6481
4943
1056
3042
5843
3481
1587
7166
3473
6752
2520
6766
6508
5870
6730
3788
515
3474
3964
2838
3612
2879
518
2003
5592
3262
2366
5301
6460
6970
6748
393
868
4720
2527
4397
5413
5033
1155
5842
5510
6480
3486
930
6486
2040
6570
2912
5110
232
202
6977
5017
4678
5987
1154
3780
4532
5201
5477
6373
2218
5047
6973
5767
5759
1515
1581
6786
2211
6845
3045
6089
698
4253
2115
2112
2105
5055
4577
1085
1365
3933
7046
1781
5509
1780
6056
3623
5658
3789
3619
5406
2102
4775
2350
5375
2213
4754
2152
6739
3785
3635
2786
5211
2343
2111
2891
2451
4195
94
2918
5215
4321
2851
2523
6476
5311
107
5988
6492
1894
3266
1840
2896
1361
1328
3338
4536
6482
5205
3147
5838
3382
4795
5847
223
2248
218
5586
4026
3626
7093
6653
2297
6833
6038
5940
5005
2841
4780
5824
6475
3637
3636
1040
2834
5791
5590
2244
4993
860
6575
311
6505
5766
215
146
5356
6547
3088
5761
7070
5760
7044
6338
2309
5653
6782
5515
5081
6789
4638
1661
6972
2955
5964
1622
2379
1035
6848
4362
6488
2214
1192
4621
6945
3054
5977
4651
3782
6057
6737
2117
3047
4509
1829
2302
5046
519
4038
1806
1327
4663
1135
6388
4709
1664
5947
6182
2154
2453
4977
6378
1668
3061
6021
2116
2467
1042
3041
2830
211
862
867
6571
1853
5074
1415
6099
1283
3940
5111
2922
7073
998
4866
430
4113
4790
480
6104
6787
1470
2844
6836
2247
6467
1630
3146
2837
2114
4784
2294
2082
3043
2439
2074
5835
237
1057
3227
1531
5512
5511
6828
2583
2959
4569
3848
3269
5749
517
6868
6866
6846
2952
4601
3889
5031
1281
3690
1879
3617
3615
6484
4791
3175
1041
861
863
5123
6283
6558
5871
6497
2787
6503
2788
6519
2000
992
6538
2919
3513
1988
4872
5084
1979
4876
2073
1329
2836
2926
1207
5291
6411
1891
4969
6749
5469
4965
6738
3383
6324
6186
1493
5287
6696
6039
2850
4757
1122
5898
5274
1475
6655
4942
2113
6455
2110
4776
5693
2167
118
1625
6959
2457
5519
1688
5655
230
4068
2454
108
212
3008
2452
3040
7076
135
7074
224
308
5602
2393
2323
3943
3967
7095
91
3049
5616
2304
4192
2365
1631
276
5596
2582
2489
2471
2049
141
364
3101
1615
4631
3974
5617
2540
1657
4920
3226
5174
4339
5207
238
3611
5219
5464
5071
6578
1697
2126
6029
1769
6549
927
6551
7039
6746
2654
2385
3795
198
6572
6760
6555
911
2782
617
882
5127
3595
6256
6260
150
2307
152
4636
225
6788
4931
5751
3194
5681
5208
3589
865
208
1610
4660
2655
5372
7057
6567
4190
2847
3082
4443
3938
5962
4580
4279
1203
5313
3672
4584
6867
4213
6860
3091
4937
4285
4967
7140
6644
5712
4979
2352
1479
5692
1848
2133
5015
5436
1474
2883
5599
692
1663
5697
3914
2462
2587
6652
3673
6037
4449
6051
6857
1586
1589
1754
5607
6835
1912
4530
2485
3416
3048
1123
3228
1678
5611
1920
5526
5603
5677
4964
5714
262
4458
1899
1901
3686
4431
2530
6984
5395
3676
3628
7031
4412
842
2046
2348
4063
3576
2119
3134
7013
5158
7003
7032
1472
2353
3608
1585
1430
5379
4062
6214
4772
6633
5839
4433
6202
231
817
5078
4393
3380
5232
1815
6424
5986
3244
5317
4958
1186
6434
4949
3410
5608
5989
5056
1129
70
1127
1146
1890
5951
3356
2895
1850
3001
1852
1274
1271
5013
5012
6355
19
2483
6361
3318
1824
4234
6374
3352
6383
3353
2488
76
1109
6466
5896
1983
6534
4108
5892
7048
6539
4864
7043
4102
187
5657
196
5558
1416
201
203
1771
895
3497
3571
991
1789
1629
96
1069
6289
105
7091
2832
4334
1623
5914
5583
5326
3217
1014
1614
147
2816
4378
3493
1687
5430
3930
629
5261
2173
3825
468
2637
5685
2577
3831
3110
5709
3786
2565
6036
4581
5705
6781
4588
313
5203
2158
6831
3880
6044
3883
5485
5670
6928
4688
6837
3884
1575
6938
6935
3744
2299
5682
5523
6734
500
6971
3932
5723
2163
2132
2215
2324
2276
4756
4755
3935
1736
5694
3772
4508
5199
4563
352
4018
2651
6756
2142
5768
2231
408
4447
1482
4879
3488
6498
5624
3100
2917
2306
4377
3837
2414
1621
5202
5633
7077
133
5077
3477
555
5431
3102
6762
5113
6553
923
6097
2383
4013
932
184
1570
2647
4843
181
4852
6774
1511
5353
6791
7059
6019
5082
1516
967
1686
5087
2798
4009
1513
584
3518
7042
1783
5915
516
6011
7152
2455
6382
3354
6406
3258
3364
32
3367
4973
4970
3012
2290
6852
1893
5289
4218
4277
2581
1226
2889
4
4262
3931
5022
6912
2886
2480
4564
5014
4238
3306
3264
2877
2897
3261
4987
1669
5070
6419
6423
514
5927
2785
5593
6949
1366
3858
5928
3025
6064
5481
2423
6812
4330
2225
1051
5998
1363
2234
511
6320
6841
6050
3885
5518
65
3881
72
2298
1634
6451
2237
3866
1360
2845
509
1103
5223
6557
4878
2945
4415
3117
4781
3777
6978
5378
4777
4773
2938
5528
751
5159
4439
270
5443
4751
3124
209
1584
6740
1765
3140
2363
3274
2072
2071
5167
1757
5463
2064
809
3627
234
6204
6115
3633
3151
233
2153
815
5841
2935
4694
2166
7011
5856
3784
3132
6660
6657
2118
4444
3575
1504
6659
6229
1693
3567
6191
6675
2027
4448
2470
5427
3241
6116
5826
2487
7159
1639
5948
5259
7127
3945
1158
6625
3388
6842
