2277
5584
4682
2272
2766
2279
4000
5338
5772
2529
5331
2614
2278
7142
464
4454
3546
5337
6893
2970
2608
5810
3211
3817
5851
4688
2275
2944
2255
7149
2767
7148
2750
2761
2829
4718
7081
2276
6906
4831
5875
5196
7141
4318
3848
4711
1231
3748
3585
2753
1954
5663
4651
4689
4681
2764
5562
2498
7145
3731
5508
5775
2751
2270
7125
4652
3688
2759
5100
2741
3812
4742
1497
6925
5023
1877
3031
600
3763
3137
2976
4319
3743
3738
3297
3921
4275
1079
2104
955
5565
5811
2443
6231
686
3923
3734
5795
5330
2689
2585
5563
6392
6764
1254
838
10
5132
3872
5075
3924
3867
954
6943
6468
5473
4684
2887
4989
4215
4615
6903
2828
1947
6913
2791
5858
3446
2251
1453
1045
5200
229
4685
1347
3518
3512
6114
4650
3841
151
3401
4680
3444
4089
7121
6585
7143
689
4317
4316
2989
3757
4921
4556
5777
3132
4484
3922
6812
4085
3340
2401
208
2747
3982
338
6944
2684
2752
3873
5433
1455
2756
2768
3746
3745
546
6951
4364
4427
6234
4673
3736
3460
2406
1167
4833
3747
3810
599
5041
6541
6915
4756
2825
6343
3312
3307
6573
3410
6586
5109
6997
5148
2971
4311
4310
2746
2613
3926
5585
7089
4374
7080
5434
1451
1340
5500
3465
102
5850
5834
1934
3478
5343
1670
1388
3927
4804
3969
2101
3739
3665
510
812
4379
6471
2754
1454
5771
3737
325
1813
3874
4056
5431
3925
2732
3730
2731
4166
4051
906
6022
2191
927
2774
4553
2795
4752
3749
4488
602
4797
1889
4954
3218
3097
3916
4313
2997
633
6890
2798
6891
1621
54
4138
2897
3741
5855
6957
5567
5876
6571
4086
7122
2822
6768
207
6483
2209
2247
5154
1043
2553
2541
6321
2259
7087
3516
3819
2293
3469
2339
3846
4197
3840
3461
2408
4686
6364
3732
3987
1352
4961
1641
2956
2291
6996
400
5648
1938
4667
1606
2625
1959
62
6899
3296
5853
731
966
4759
3310
5874
2271
6570
5180
5203
4792
5342
1675
3733
3176
3463
4425
1796
5089
4513
203
6799
3844
6772
3958
6770
6763
5222
3847
6757
5792
1110
4559
5324
3912
5808
963
5785
2826
6112
5194
333
5991
1486
3877
877
2257
2769
5437
4708
6521
5057
4334
6938
110
2552
2253
2629
6939
4388
3519
4653
3543
4338
2545
1191
925
4110
3061
5707
2240
1459
3915
5700
5153
3852
4399
1859
2449
5992
1776
3864
5734
2735
938
5050
6362
3918
1823
6222
3984
5143
4420
5393
3832
3911
2036
6002
6115
5042
5509
5526
783
5643
4088
1076
3887
967
2819
5872
3966
5533
6308
901
5185
1526
4050
1949
2775
4377
2945
6693
2490
6557
618
5161
5501
5813
5197
2302
5498
2995
2294
2190
6395
5660
5954
1933
2961
2765
1936
5816
1243
3661
3343
173
4703
4654
4514
3372
7088
7102
3240
3567
4251
3314
6902
4613
398
4781
4787
7146
4687
6836
6948
3657
199
209
3662
3464
3695
2320
2068
362
4416
2823
2827
6228
3963
1534
5263
3315
5920
2801
2802
6918
1495
6921
5044
346
2109
2760
337
3346
104
5496
4511
3843
6574
4614
6933
639
3766
214
1625
2969
1624
4596
6892
655
5836
6199
1955
1957
1958
4412
5613
2923
5262
4986
2000
5857
2902
1575
3294
6611
6898
7127
2880
1557
1549
2742
4247
2740
3993
1100
2624
983
2258
6370
5142
2481
6355
170
3856
2285
6119
6340
2292
2295
4180
2303
6323
1252
1061
1067
5190
1234
2514
239
5339
5198
188
2246
4429
2242
1339
2737
5467
4679
2734
1450
5985
5987
6947
1437
1629
5069
5432
6399
904
1389
2686
5225
2683
921
6954
2210
2681
3854
5395
6041
1353
7083
5391
5108
962
3949
6202
1875
1841
3119
4796
4838
1827
19
4312
3906
5776
3167
3075
597
3195
6734
3740
6877
6700
462
1883
5732
3098
13
604
4791
1798
6756
591
2601
3070
2121
6371
5133
6931
2749
2748
4160
1691
2273
568
6927
3348
630
2274
4002
1047
1046
5923
3484
4001
5924
3487
2680
6528
7056
6923
3411
4698
3328
1494
3563
1491
792
7106
4564
6111
518
5145
6344
101
3914
1826
4121
6060
3990
3517
3866
1348
6406
6404
5392
6020
1359
3094
2194
4512
22
134
4645
5394
6854
1382
5787
7160
6029
6760
2225
5494
5119
969
2615
2744
5472
2254
2301
985
5799
4059
2620
5778
4057
6081
3077
2623
4055
3079
977
1829
2730
115
5048
1321
2628
4528
4118
4918
2796
3627
5307
2458
2911
7129
4428
3164
1204
3162
2549
6615
4008
5681
3468
4391
1666
6293
3157
391
5328
3777
2019
4017
6636
2451
3466
6835
6677
4314
3735
2412
2978
2414
3830
1781
4410
6587
1140
4794
660
5733
3003
6896
200
3174
3586
2444
4413
2432
3299
2480
5764
4618
1241
3474
1246
3422
5024
5903
1078
2831
5348
4695
4922
5542
6322
3133
5774
6875
7163
6765
595
3390
1357
3177
1044
1354
1059
4282
2539
4847
1041
3207
205
7082
6224
6226
4237
5379
6230
3485
2239
1269
4723
1358
941
6357
297
6205
6035
6327
2297
5397
6207
4837
275
201
2672
1821
935
4672
1230
2670
2416
6196
6131
1778
6211
3855
4662
2244
4664
6108
1816
2351
4354
3489
5310
18
1236
2604
3919
6816
228
3929
5377
6348
1304
502
2483
3920
4657
3851
3441
6087
4715
1825
1833
17
1189
4713
1005
4532
191
5166
3414
197
6834
6796
978
2602
6807
2252
3849
7017
5156
4202
2250
2693
6858
6729
6538
4112
6916
5529
2812
4911
3316
6874
5543
1676
4568
4253
5027
2045
771
4566
775
3052
4327
6928
2110
1688
5806
347
5944
735
6493
5045
6920
3786
6522
2793
5504
6525
4747
733
4762
6575
4798
2939
423
1649
1939
1623
2965
3943
407
1627
2975
1928
1930
1632
3764
2992
1927
4409
6645
5819
5012
4476
