7148
7149
2766
5338
4682
10
2255
2277
5075
5772
2608
4000
5584
6893
5775
5393
2767
4954
2614
2272
3585
660
4718
5557
1230
4688
1451
941
4689
5777
3546
5660
5412
4725
4680
1883
1947
3211
3962
4684
5776
5148
3730
3291
2404
6890
3987
1889
5076
5562
4681
5153
5771
1239
464
3841
5992
2829
6231
686
3259
3446
4742
2275
5504
2887
1957
2406
604
104
4180
4435
7080
1959
3746
3031
926
6729
3738
1438
6085
3178
3862
3296
2593
1909
2601
6514
566
1086
7025
158
3314
6395
3739
5669
2687
5663
973
5399
3349
3097
3923
2529
5565
812
3734
925
3731
4740
5635
4047
5575
561
1950
4011
5048
4842
3865
5874
3817
4209
5576
5023
750
5850
1938
2923
6951
2944
102
227
2402
2824
7023
5990
3760
1100
5529
6468
2279
5233
6770
2825
4201
1189
3137
4847
2351
2481
2181
1238
3316
3845
5259
3310
6892
1388
5057
4831
4427
3119
1825
4374
1437
7142
6412
3736
1458
2271
5665
3180
4066
1251
2469
4510
6891
3748
2136
5666
4651
511
4650
1459
1560
5797
1433
5861
3642
5154
3081
5818
5022
2490
1244
7122
2221
7146
4377
7081
1885
4546
101
2401
7145
586
5337
2392
5330
4540
3968
1949
5315
15
595
977
433
4655
4848
1088
5472
2189
4230
6471
2684
3873
927
4086
3846
3741
6354
307
6205
306
836
2737
2182
5819
3847
7133
3851
4370
6641
4652
917
921
2751
929
4338
3467
3463
2629
2270
3460
2670
347
5875
2683
5825
6108
4547
966
333
5857
4334
4544
1231
1248
2596
2267
733
1356
6228
6992
1864
5322
1849
4711
5342
6493
1692
2814
5573
5391
82
5577
3297
3958
5585
4019
78
4741
6418
3798
159
3414
3763
1609
5117
6906
136
1946
563
5132
3033
3312
3812
4833
1940
2174
1078
5398
3866
6993
6321
1047
6293
1621
2463
5508
2888
5492
2451
1087
3925
6024
1076
6608
3874
5115
5240
115
4424
6215
6213
435
831
3978
6677
1906
821
3969
2747
1882
924
2188
6499
1866
26
3842
4088
4968
156
4138
6597
2254
7084
4553
2765
2204
6281
2764
6451
5954
4017
4454
3661
3468
4637
1278
3240
5042
7163
3751
2576
6392
5778
2125
3737
4698
5774
4013
4244
3433
4654
1347
6889
2798
5733
1348
4426
4656
6367
4918
4692
1235
2589
4481
5542
1583
2479
2623
3461
3130
1561
1558
5879
3982
5872
3819
2209
2359
2607
2822
226
5024
2011
5185
1211
6329
6328
6327
7168
4462
3565
592
2802
838
6323
6343
3255
6410
2239
3530
4963
2266
3816
600
2768
680
2807
714
3818
2262
6348
6357
591
5027
3844
5198
1631
5196
1567
4032
5192
1553
1549
5190
1534
3909
3298
1509
5613
2332
4723
5668
3294
1453
5496
4762
1680
4770
5263
3311
1908
1944
4830
2374
1875
1819
3963
2037
4045
1804
4841
1958
5376
1961
1744
5415
3960
5439
2403
5156
3410
1432
6013
2278
3869
1045
4989
2681
2685
6126
2276
3877
949
935
909
3849
6187
884
879
2733
6223
6226
945
843
5991
3465
1431
4700
3420
3181
1352
5107
4653
5088
2100
3878
5808
1274
2597
5852
2609
2613
3271
2617
5884
4633
5814
3426
5980
462
4318
4237
6858
7078
3058
3762
7136
4310
4312
4319
86
6821
4387
6586
6807
2976
7082
4421
414
3733
6899
7089
6876
17
6996
6997
3743
266
3015
4425
6999
3537
1455
3406
1360
3411
1384
5734
2978
1436
4695
3732
4690
1452
2774
543
4314
689
3948
4768
6372
1691
7014
1660
5494
5498
3749
1637
1630
4316
199
3922
3852
1555
5563
2886
4055
5574
2497
3840
5630
5646
5662
5550
229
4323
5756
2664
6216
378
3484
3487
3868
4085
876
4379
4358
6092
6698
1079
2689
4096
4548
2929
967
4543
4542
4527
939
4089
932
923
919
4521
6020
4514
6018
786
2970
792
3348
5789
3887
3443
3445
305
3735
2753
3448
6258
2594
3450
3650
1254
2744
6822
5876
2616
1181
5887
2647
3174
1106
6010
6896
1748
1563
6169
2339
3578
3299
3323
4008
5328
3757
5331
2012
3218
2175
7105
151
4002
6585
3024
3135
1899
4408
1954
2104
633
7094
3094
4840
5245
5073
4835
7129
5197
6483
127
3980
72
4461
6494
3984
2228
2854
2408
602
3337
2036
5143
6393
5366
2052
6397
4799
4915
1776
2229
3331
3598
3602
2240
4907
4197
4960
2269
2268
6400
5150
2652
5863
1117
5989
2606
2956
3173
3988
4620
6804
3175
5140
6823
5970
3641
2631
3246
2625
5996
2953
5112
2303
2297
2624
1083
1110
4235
6105
6747
2688
6131
2180
2693
2192
6134
4988
2219
6140
6142
7165
2233
3253
3
3745
922
2246
963
5997
2678
3267
4596
5999
6004
6012
6016
6017
5069
1089
4189
6084
1081
2129
5044
6772
3475
3249
3872
2285
3485
7141
2123
326
5379
1242
1624
3924
3201
3370
5543
5547
5551
5555
5339
1575
4307
1556
4748
3021
5302
4309
1860
4311
5297
1625
1626
153
154
4792
1775
1740
3209
3676
3675
1777
4289
1695
1877
7017
3927
4765
1665
3677
2400
1651
3204
5500
1638
1790
1892
3903
4726
4657
6898
1998
5770
6877
2969
7103
4018
1774
4849
5801
5155
304
4016
4643
4329
2057
3449
1259
2061
5806
1237
6903
5745
2372
5265
3688
5262
1456
5260
4838
5249
2980
4683
253
1942
5716
4693
7083
4691
1953
1964
4846
1379
6917
3441
3702
465
794
639
2827
3747
6282
3138
2769
2816
3773
4492
771
587
766
764
6194
754
3601
469
4446
638
2759
875
490
560
4389
6399
6230
6681
6401
6224
3788
2880
4401
3557
857
6237
820
2734
2806
806
6211
801
874
829
3770
6684
472
2885
4476
4525
3848
1279
6862
4293
3343
3652
314
1256
1755
1246
1245
4332
3452
4156
2354
3645
7135
737
6651
3832
796
2121
2122
4422
