7141
6390
1459
6927
7146
5018
4759
3090
5792
2191
1359
5696
6006
6009
2194
6398
6724
2628
1231
1700
7142
2192
2197
1705
3088
1355
1357
3529
7125
2199
2195
6002
4024
5200
4618
2679
4607
2238
4615
5790
1934
3373
3878
2207
5829
6916
1353
2905
3399
6921
4711
2907
4021
3465
1343
4258
3469
6944
2193
4025
3131
2891
3079
5436
1351
3563
1347
2196
1140
5796
1701
5699
5691
3372
1704
3661
5663
5795
6474
3098
3753
2362
983
3754
3755
5010
1346
1110
1903
1340
1072
6008
6004
5698
2198
5655
5654
1624
371
6396
5625
5196
3763
2908
2906
3100
3922
6122
2229
6000
6948
5787
2190
1077
3151
3158
3415
314
3758
6155
1685
1686
3558
3562
5695
5820
3319
5798
1981
5794
2626
656
5011
6092
3757
1452
6931
3050
602
4020
5472
3076
110
2688
3075
7041
2374
5439
2169
4984
6924
6938
1462
3183
5665
6733
2902
3295
3843
6234
4934
727
6901
5256
6521
2622
1838
4881
3071
5238
5851
5875
2919
1620
2820
5772
2262
2257
4619
2270
2900
1044
6001
4180
5397
3928
4028
1358
2734
5470
6962
379
6943
1352
1074
358
1541
6123
3462
4027
595
52
3464
2878
3468
5809
5804
1468
6941
1859
5421
1467
3521
5960
5859
3444
7149
4454
3526
1460
6957
654
6934
669
6923
309
3401
391
1455
1683
652
4004
4474
651
4029
356
3585
3393
1865
1243
1195
3011
3225
4613
6531
5381
778
6835
3124
1191
3128
3133
3135
3987
3186
5633
3662
3162
2165
5048
3822
4138
5471
7098
2449
4481
2019
5429
6902
4197
3627
7127
1453
169
4453
5069
4209
4336
1540
6574
6925
929
5075
655
1626
6847
1627
6125
1918
1430
320
4450
653
950
6124
5395
963
6120
609
4609
2807
3083
5156
5166
5445
5037
4628
4621
1065
6832
3078
5343
4473
2992
1388
2825
2210
2501
1629
4212
1193
6911
5230
1632
5850
6910
1778
5694
5830
3347
5825
5819
6221
4831
1833
1198
5808
6905
1199
1864
6272
5725
462
1937
3312
6903
1928
5785
5810
7139
3057
3410
5628
3189
6335
3818
3182
4729
1651
6922
2596
1682
1641
2613
206
2686
2672
901
3728
6926
1249
3520
751
6262
4501
1119
3524
4564
3751
6128
4650
799
831
3566
6206
3582
4542
650
6812
1073
6560
631
3778
3981
6764
3554
3518
6664
4582
3978
1188
1383
6464
6397
1698
4987
3218
5697
2498
5703
2018
4367
2997
2496
2008
69
134
2620
1781
5844
1709
2943
1949
3009
2435
4983
3095
5002
140
4182
2293
5526
4313
5534
3077
163
3070
3503
3150
5433
3068
3161
2121
4420
1702
2594
6961
6011
6003
4475
2904
1628
2731
344
2800
3417
1621
2736
1691
1542
1538
6949
5924
7147
5147
5121
5923
2638
5237
1463
3466
2815
3066
2880
6777
599
3721
2828
2833
6469
5434
5456
3084
2801
3745
2380
5460
5028
2633
5112
2629
3850
4566
2659
4567
2621
2927
5222
2683
776
2946
3810
2593
2958
833
2575
2976
5323
5327
3772
2700
3766
2733
5044
2431
3756
1001
3519
2299
6129
1670
1674
1676
4713
3395
5893
5880
1706
1707
5858
3375
3333
6226
591
3606
3413
1631
1428
1437
6112
4749
4760
4765
3414
3528
1369
1532
1537
3441
1623
1625
6005
1006
1850
5793
1117
2187
4627
4626
4988
2242
5576
2244
2260
2276
2278
3120
2297
6399
2246
3318
3180
2086
1886
1927
1944
1230
1969
2000
5653
1225
2015
3241
1197
2075
4975
4657
3624
6779
1424
359
58
4081
4315
6939
6933
6932
4513
4482
6906
569
414
6909
4010
7111
6929
6818
7110
6969
4361
4074
4122
321
4425
4125
3396
3416
3789
4195
3805
3073
2853
107
6098
5016
3525
6597
4720
4320
1681
5899
1362
5025
4194
5509
393
4023
139
5988
6666
1547
1545
5952
5995
4317
3094
350
3093
967
1513
6007
5949
4176
22
5942
3086
3476
5186
5187
791
5446
2761
2897
2443
2579
5074
1084
3750
1070
2614
919
508
2675
1022
4219
4611
6501
2630
1009
6494
3976
5258
4600
4226
982
7138
5245
952
2654
6471
4223
7129
6364
6362
2909
2445
4322
4277
6582
6914
3578
3583
6220
6222
1246
4674
2479
1226
2893
2491
2995
6896
876
7126
2989
4654
7148
5058
6325
1144
3657
7145
6530
7121
4443
3210
5658
1772
5652
4087
661
5720
3378
665
1854
5119
1857
1954
7056
3389
5771
2003
1836
4153
5650
3340
4085
7160
4922
4929
4530
5816
3268
5642
4546
2829
5835
5646
4548
5813
1693
5872
6758
5701
7053
4360
6778
3394
247
3868
2255
3858
5533
4558
152
4974
4507
241
4135
5162
5800
3240
1913
6715
5878
723
210
2084
3314
5879
1880
5781
3309
5334
3181
5059
239
4653
231
2481
5765
3177
5341
3170
1192
5770
5776
5577
6900
4000
4652
1692
5291
4207
224
4220
3242
4221
6433
2631
4222
5705
2040
5657
1005
5086
6462
2045
986
5089
2058
5690
4969
5672
51
2624
4216
3702
490
5314
2563
492
1967
3677
230
6370
3014
67
4939
1081
5729
5079
1061
4620
6394
5265
1998
202
6411
5319
3310
5573
3021
3390
6956
3386
4830
282
2331
3458
6947
2241
3391
5852
1760
1497
3467
5543
6035
1774
5012
1478
1779
4476
5838
1566
5976
1695
297
1687
1684
306
5531
4052
5925
1646
5502
5525
2284
323
327
1609
1713
3423
5967
1718
5507
286
4766
2215
4989
5814
4726
4715
3044
4891
6920
5805
6919
4708
265
6918
3160
5400
6917
6915
6199
4003
3316
3315
6907
5040
417
3060
6928
4022
1466
2365
5831
1796
2368
1798
116
1432
5555
1431
3502
5824
402
4745
4986
1810
4191
5432
1816
102
3015
962
590
6536
6565
6749
6710
3943
4271
576
6609
2832
4587
5100
3825
2835
3736
2802
11
2739
3903
2875
733
3965
3851
3752
3848
5199
2901
3856
4253
4506
