7144
3581
3589
7140
2772
3580
3587
3583
3588
6112
3210
2775
3061
2774
2777
3254
3207
7142
3066
4182
3063
4158
2036
6110
1933
6392
3218
3582
4742
2773
2552
5225
2252
6482
4747
3584
3250
3764
956
6177
2611
4789
3504
985
369
2771
6693
1935
3299
4923
3661
6397
2779
737
1876
5567
4051
6692
6792
3650
2246
5910
3772
1939
281
3232
3231
6524
6796
5914
2257
7128
6695
5205
5414
3060
2477
2571
4212
4150
1072
1871
3213
6528
4121
6671
3996
2888
2778
3653
5235
1246
3586
3190
3585
2660
4685
3234
5168
5186
5202
6299
6179
5187
7120
1455
3195
4181
5495
4052
3519
5671
3962
1013
3816
3031
6096
3651
3065
1456
3255
6909
6953
1875
2665
6952
465
2520
5222
4745
6002
3030
4987
4985
4983
6864
6123
1548
4210
234
3068
3573
1243
6843
6280
3554
3552
4781
4774
5822
2872
69
2397
4170
2813
4126
4217
5498
2822
2490
952
5170
1024
5607
5642
3982
357
2738
510
5561
6902
4788
3219
3243
3191
7149
3212
6520
553
1189
2161
4517
3812
3810
2944
1475
3762
1240
6508
4571
4988
7082
4984
546
3178
1934
6008
1841
1606
4189
1821
1827
2396
1374
731
2784
5192
4168
5417
1849
6694
5493
6916
4270
2739
5163
7043
5672
2733
5729
3960
7034
2629
6475
4513
2625
3556
4712
2565
4731
2624
3071
1873
2627
6811
4772
1552
6287
6396
924
3822
3077
1145
6568
2311
131
360
2620
5033
1870
1022
2961
5935
7053
5189
6883
3401
6672
2498
4395
6003
5420
5054
5878
5563
5876
4444
4050
6820
5769
1782
5781
2720
1140
2873
6908
5131
7160
2753
2668
6377
3076
5419
2191
5492
2761
1124
6690
923
3852
3757
4836
4185
6099
7122
7087
259
4981
4710
4213
237
4655
7028
6513
6128
241
4179
1916
1872
4783
4645
1526
3657
1919
152
4161
6428
6215
5412
5234
736
2541
3072
2770
641
7143
734
640
7081
2615
6948
8
5233
5244
1503
6901
1879
1824
5236
5254
5246
3214
5497
2284
43
2250
5430
410
5410
3298
2320
3078
5437
5462
2398
951
7021
5343
463
478
1092
6697
1094
4254
6402
3215
3217
368
6391
6004
5898
1811
3067
6307
1074
3763
4895
2026
5616
2996
4570
3182
6861
7089
3035
6497
4573
4576
2000
1998
1988
4986
1812
6091
1453
2662
7086
4982
6125
5052
2539
5871
6892
2653
2826
3233
142
5670
2471
3069
4959
5132
6394
4857
4450
1069
1533
6178
5839
5838
1108
5830
6541
1897
5817
6486
5068
3251
2542
1822
4974
4687
4977
6718
2553
4397
3208
4399
5143
5133
2438
5162
1050
2682
5174
5185
1126
2434
2433
6758
1070
6950
5007
2502
5191
2503
6912
1104
2259
5778
2059
6222
1245
6498
5900
2891
3829
2890
125
7045
5820
6281
6290
2877
338
3914
1392
3553
2886
5978
6220
6009
1936
6526
6103
6523
263
1911
3656
6086
7121
1982
6175
1459
1991
6507
1902
6859
3579
1900
3257
5743
4797
6152
5673
391
3164
393
133
6791
3510
2298
4088
5463
5431
419
5406
3345
2776
723
5307
5245
2290
5522
4080
3517
365
1377
1781
354
7039
5550
3546
958
4017
6795
874
3075
1393
4785
3608
7093
3312
3074
3346
3114
4770
3561
950
4707
3513
621
3568
983
4202
3770
4606
3970
3977
4419
4012
2823
4356
3230
2817
4074
4082
4222
4221
735
1478
4175
6962
4209
3919
4460
4468
664
2663
3655
3062
3209
4577
3671
3677
3678
4626
826
2962
3779
946
3241
3817
3825
4470
2880
7131
3965
6771
1620
6842
5499
2285
5529
202
5166
5164
1891
5156
1890
2271
5535
2258
6407
5144
2478
5553
5557
2251
6421
512
6425
6456
5065
1874
5179
2494
482
6286
5411
6119
6153
2391
2393
1707
1932
2394
1291
5309
5416
2332
6173
1976
232
1237
6068
5439
5220
6221
6282
1247
6284
5198
5196
5183
5041
2058
5038
5676
6463
4942
4939
2091
6559
1649
4935
6691
5875
6793
1820
2198
118
116
4859
1274
2192
113
2574
1815
2577
4834
4833
110
6759
1556
6534
6533
265
4993
2500
6888
6488
6484
4996
6798
6525
5654
2506
547
548
6529
6532
5034
5644
5921
5037
3776
5835
3659
5957
6097
5926
5923
269
2018
2023
6071
825
2083
3811
5912
1211
1677
2028
316
6021
287
832
6006
5872
3665
2190
3038
4787
6863
3439
3421
3416
6422
3100
3112
3387
969
6470
1260
6797
961
6551
1828
3235
3187
927
6576
1382
6678
3228
124
6724
6742
6767
3444
6100
3447
6414
3630
3627
7097
1917
6170
7115
6172
1780
1239
987
3577
865
6217
1896
3555
3864
6326
6350
6364
6367
982
6393
6395
6812
3491
6420
3866
5030
3885
511
2675
508
2475
4439
2731
4418
4407
2449
5150
2736
4360
4350
4320
2747
4277
2435
2195
4219
1621
5208
4211
5215
5223
5237
4203
4197
2493
1066
1068
4514
4786
4784
4853
4855
4856
4858
4740
4730
2564
4922
2562
4929
2626
5280
1103
1079
4677
4948
4650
2529
4978
4980
543
4579
6774
2496
4553
4523
4686
1494
5188
40
5755
2786
742
2199
5418
5428
5433
4055
3978
5542
3969
2302
5674
1555
2294
3976
4089
5392
4163
4174
5816
4178
2196
5630
5786
5336
4038
4056
1027
5366
5367
5783
4008
5634
2390
2946
3183
2239
1593
2661
2050
1109
2399
2910
1578
2201
1787
1625
1097
2173
1816
1573
1373
1020
1184
2598
1807
1388
2508
2022
1847
1138
2740
1965
2357
2368
1944
2418
1700
2377
1531
1147
2406
1499
1457
1040
2734
1428
1134
1465
2504
2024
3154
2963
2972
1028
1151
1025
3137
2673
3103
2489
2685
2686
2482
1212
1065
2833
4462
3216
5319
5323
5341
5354
5363
5385
417
408
5460
5487
5490
5502
5525
5532
5554
5585
5590
5608
5665
349
346
340
5793
5831
5836
5851
5863
5261
5906
3201
475
622
