7149
7142
5876
5663
3962
1254
3546
1245
2277
2629
941
2259
6890
3968
3961
5584
1248
4450
3178
3519
2251
4688
2255
1244
2279
4183
983
104
4181
3757
5565
2611
3969
2614
1251
3846
5771
6893
3766
1252
926
2624
5529
921
733
3960
3963
2272
6896
5150
3978
5992
927
732
3778
6812
6993
6724
6842
6992
949
4374
5192
5249
6112
1944
3848
843
3211
4682
823
3771
1240
4327
1998
1692
5850
5561
2888
4681
3966
985
3461
6715
5661
739
4185
2766
5076
3259
5151
6392
502
6574
3843
6956
2278
3465
5075
3173
2275
2239
5495
4988
6541
5272
5338
943
5557
5196
1247
966
3762
1242
2683
3763
6892
1238
4289
4451
3467
1189
4171
5492
4921
2541
1243
1889
3526
2529
825
3468
5660
4985
4983
2601
5923
3038
5666
2767
3385
2684
7148
3841
5879
4377
3840
5328
5997
4891
1606
5487
2780
2000
335
6953
2250
5483
5027
1609
1825
1100
2187
5806
5576
5079
3255
6124
5772
3426
2622
3031
3825
5722
3847
5849
599
5415
4435
2944
7144
5778
5777
2008
5563
5774
1949
6784
5878
4173
952
2186
2449
942
5799
5649
3191
5575
317
1991
5818
924
378
925
2753
6889
2498
737
4288
5235
6118
2623
7130
1106
1255
4564
134
131
5337
5159
6523
3768
4293
4718
4283
2945
3081
5433
4008
977
969
1024
3583
3464
4689
2762
6585
6710
2596
2672
3765
439
4989
6307
3028
2887
3137
4177
2600
6198
1437
2686
10
2320
2734
1812
5805
5852
3533
1274
6700
2123
4652
3860
7133
1259
1453
3346
7141
1571
5132
730
1231
5875
1578
963
5999
2769
909
4187
5990
4254
5430
929
5438
4052
1402
3818
3399
3817
946
7168
4747
4201
2336
3298
3685
2271
2608
253
1934
3773
4772
4003
2617
3772
5260
6129
3844
5914
660
6326
736
6021
6427
3171
3873
2104
640
6314
4080
3661
4004
4009
3518
6128
2689
3885
3416
4088
2096
4050
6231
2765
2774
4740
6693
3363
1460
2616
127
138
2620
3517
1077
2626
6718
3578
3400
961
3401
3454
1914
4612
4276
5275
4284
3552
4987
1793
3521
3364
4971
4321
7135
6864
4560
1241
1360
4514
4294
7081
4291
5234
1249
6863
4360
923
4121
5815
3602
796
2676
3026
1691
1433
2401
3937
3585
3842
262
5941
794
5140
4707
4708
2733
5190
806
1779
6228
5874
5198
1778
807
1438
3967
4400
664
1356
6399
4975
4982
4986
735
2109
3360
3414
5766
922
5830
4693
4334
4857
770
5078
5851
5106
4338
845
4000
5253
1495
5551
5432
4741
5434
5437
1040
4742
5940
1886
3294
2637
5493
635
5499
6035
5507
604
6014
968
1075
1849
2670
2609
5991
5665
1947
6125
1109
4271
5898
4099
4005
4006
5385
5726
597
2663
600
2613
5980
6811
346
4570
7089
6433
4566
2257
2760
3027
6779
6468
2198
239
3849
2506
6777
6952
307
2880
6799
7125
326
4676
3479
3853
118
6484
3460
6996
6570
7139
123
3828
2654
4182
2208
5642
264
4076
2023
2607
3433
3322
6581
2036
1913
2579
6117
5562
3682
6113
2469
3012
3650
2528
115
928
4674
6579
4055
4056
3504
384
3696
6583
4030
5998
1572
1257
4137
802
4392
1368
1364
5798
734
6709
6751
5187
4299
2682
3774
5157
5807
4296
3512
1366
1209
3767
2778
3421
5781
5712
2020
7122
7057
5954
1246
3212
4510
4176
7115
5748
5763
4637
3369
2687
2009
4292
5197
6677
5143
1912
1548
2680
1902
2107
5509
2121
6494
6215
5429
1400
7147
3984
4515
2254
3982
1119
5503
2893
2240
1794
2247
4685
2570
4439
1022
3164
4703
5440
4687
3581
3911
6263
6957
5449
4922
4
5533
4980
3362
967
975
6498
2755
6395
5542
4981
4001
6367
6902
5412
6397
6123
6978
6725
5199
4519
92
5442
4237
5792
4365
4565
2631
5760
3390
4932
1874
848
4175
1108
2625
3317
1184
6727
2252
6729
1747
1877
1063
306
3572
6999
4128
5802
801
5744
4909
2478
2285
5414
808
4389
1045
3851
774
3410
136
5411
2270
3459
3246
3608
7041
5531
5265
981
2824
3013
7023
3812
122
4212
5263
4620
5262
6916
2276
4278
4282
6901
206
1909
6903
5554
1600
6899
6898
3458
950
6910
3816
4202
945
6877
920
5343
4189
3446
4568
1379
2604
266
5342
1890
3312
962
4902
3845
1946
2246
4383
1948
4633
3810
1940
5233
5631
6846
907
5644
4851
2406
2653
5655
2951
5675
5502
7021
4180
1841
3769
3015
1021
1085
410
2173
1626
3427
3901
7132
4956
5023
3175
1796
6119
6294
2026
2740
3683
6013
5944
3688
5996
4534
1531
3689
1786
6641
7116
3543
3463
6131
5922
4770
4525
6210
3903
2037
2170
2310
2768
4333
1533
3760
4309
7093
6161
6357
6087
328
6716
4101
6396
5156
2105
3181
6348
749
6370
2593
4984
4074
4963
5171
759
4440
2181
3651
5097
1331
6343
3177
1814
1375
2274
3009
579
4422
5271
4051
5072
4680
6110
2225
5085
6883
409
4675
5570
3325
4281
595
3425
1917
4677
7137
3469
960
1721
613
4339
4197
5820
2083
5064
2099
168
4929
7160
6451
1526
2256
1103
1384
139
2628
6356
6464
4923
464
4692
151
2970
1073
2978
1387
5392
2886
2752
3567
5393
6358
12
4505
6305
982
3987
2615
3555
561
7143
4275
7145
1377
5042
6491
3976
2519
1409
6267
4230
2243
3699
133
2735
1381
2764
2094
4903
3355
4686
4701
3172
6043
630
109
2591
5782
3487
72
4655
6773
3029
3593
7069
2176
707
2175
5872
3219
4170
292
6855
5903
3240
5202
840
1181
2810
4174
3863
3864
830
5859
4141
4138
1205
1211
5816
5833
1367
4405
316
3444
3415
2189
2467
5185
778
6712
336
2392
6707
5795
5794
4129
3598
793
5154
2004
2796
5153
5787
4773
6795
3827
856
4314
3254
1250
4381
6024
