4077
7151
3642
3648
5527
3649
3643
3645
4071
2202
7154
2208
7157
3640
2790
4186
1397
7150
3641
3008
6856
7153
1174
2795
2794
2792
4076
2797
4075
4188
4170
7155
2949
2796
1394
1656
662
2793
7159
1052
5529
4632
1395
2205
1312
5066
1111
1396
1399
1398
4405
5525
4073
7156
1986
5521
1314
4659
2799
7152
630
508
4206
4129
6788
1318
4178
5523
3647
3646
2201
4956
2781
2791
6786
1054
6622
2227
4
1468
1869
243
6787
5890
4204
4080
5461
4081
4175
4070
2946
1390
3000
444
5520
1287
7019
4172
6865
1402
6915
3399
2179
7158
2819
5064
5526
1179
4088
4078
5800
26
4477
4931
6043
4173
6859
3396
1392
2025
6789
3460
1190
3089
4122
2823
449
7104
2928
4743
5623
6848
1605
7107
4101
1462
176
3084
4404
1467
1351
3006
3087
1051
1311
1391
1288
1912
3507
4179
1106
742
2204
4732
3828
6033
625
2401
1171
6295
5390
4096
3004
6785
5757
2785
3393
6674
7014
1463
1176
1124
440
7057
5193
5459
4938
3321
2500
196
597
4079
4184
4106
1237
877
6202
2596
6816
5814
2170
6201
638
3999
117
6842
6459
5476
1000
6845
100
5149
4433
1662
5097
5427
3816
7131
108
966
6030
4402
5450
5467
1196
2606
2304
6205
170
2617
2672
1424
1465
3007
5442
2279
4016
147
2029
6904
1444
6037
1327
301
2465
4146
1323
4160
2676
7002
5455
588
6778
3833
6817
1544
3827
5447
523
5443
660
2766
1504
5398
2948
6743
2709
5524
6297
1447
2630
1751
1403
4087
341
4111
3609
6053
6051
3086
4163
6491
2083
2188
1103
1914
5860
4200
2200
7123
3284
6612
7109
3394
127
6436
3135
6000
1985
1984
5798
1239
6596
6428
1280
4448
1208
2165
4413
5283
1885
3308
4166
5
5701
2178
6905
6903
4900
2026
445
4880
2662
4012
432
4264
5129
5945
6917
6840
5452
5568
1976
4435
1393
4430
5044
7164
6919
2600
2608
171
4048
6429
5805
3018
5944
600
964
3222
2270
3945
1112
1639
1025
35
6493
3286
6819
1035
540
2789
542
1039
2180
5138
3814
4401
6858
1579
5078
5838
4417
4492
2069
2070
4416
3282
3382
2588
4829
5424
1115
3311
968
268
1178
5256
6034
6985
872
3125
5322
345
6684
2413
2399
299
6606
6405
2572
6968
310
5266
3083
4177
1886
6611
260
5776
3534
2464
4939
6627
1238
4108
4944
266
4687
1335
4686
4350
524
1528
4105
4346
4339
109
1917
318
1822
7117
3957
3614
3051
4947
651
3389
2072
2945
1666
6349
649
2729
4612
7012
4403
6635
5865
12
6031
4809
3859
4813
6232
4815
4438
2829
3093
6231
5135
1321
2166
7010
3349
1913
5478
6011
3258
543
1617
1030
1038
3292
7005
2176
636
4786
3340
2798
6843
1697
2837
334
404
2601
6070
2282
2012
180
5807
4888
270
2023
3517
442
204
4631
6934
148
6592
1742
4092
745
1404
4042
6332
1792
3462
173
3474
2566
2054
1191
6717
6960
2618
4629
4562
2585
3225
6423
3674
5720
4004
3750
5727
5375
6675
6598
4516
2346
4086
2664
789
6304
4085
5321
787
1089
1056
635
3106
5023
926
5141
3675
5130
6360
6780
3320
6623
1206
6337
6246
6779
770
1199
5253
3676
6782
3678
5250
3834
629
5285
1058
3110
2850
5300
2895
3377
5358
962
3283
5265
4943
5387
5032
2942
4932
1173
3391
1170
3746
5060
1141
1466
3260
702
3370
3812
3121
6610
3088
1281
5448
5052
6777
6519
1413
1277
883
1032
1193
6609
3357
3005
6772
3288
5195
6642
3818
1432
3606
1268
1108
3671
2140
3850
6094
6939
6943
4627
1789
2577
6965
5905
5584
4338
346
4099
4102
4104
4107
5639
4617
6992
2597
1763
486
6884
6887
466
5538
2663
447
2604
1729
2634
6107
4031
1752
6920
4462
2609
2636
2172
2081
4125
2362
1944
5772
5829
2249
4310
7065
4583
2321
5976
5802
1994
5806
5948
136
135
2310
2207
2375
4202
7003
5850
7110
6039
4319
4603
276
2388
2457
4318
2452
5684
111
1884
6025
4183
2456
45
130
6208
4741
6818
1580
4772
1638
2825
4440
1632
1600
522
3867
5485
5483
6226
5869
5488
2826
1
5454
1573
2156
3853
529
11
6847
5704
4803
1131
2228
4493
1284
3118
2408
1915
5697
2412
3116
4190
1911
2411
1278
1283
633
6049
5280
2775
2479
4138
2778
4142
1322
6792
1320
4608
1316
1315
4768
2855
1289
1313
2459
277
4992
1305
6838
273
4783
103
634
6367
3099
5160
3102
4157
107
3133
5451
5796
5934
4564
1159
5818
3838
5799
1195
3326
4817
5804
2289
4265
5211
5960
3210
6587
7105
2009
2042
960
2028
5946
1175
140
965
138
2035
2283
5708
6427
3837
216
1135
2864
581
5932
3527
3322
3525
3521
3400
5762
6495
5083
3247
6810
5774
911
912
4226
5030
2842
5788
3417
5243
121
924
3188
5979
4223
2941
4930
4823
2107
2164
435
6270
6104
1741
3009
6321
2899
2102
1078
3016
1754
724
2897
5861
5126
2894
4046
1400
6926
5565
1840
1650
5567
2886
391
388
7148
6936
446
5491
2940
5383
4710
1090
5514
5378
2930
2720
5145
495
1694
4843
6893
36
38
3749
464
3348
2111
5864
2679
2970
1449
6753
4011
1443
6902
720
705
6093
401
2587
1367
6056
6498
5320
5633
7121
1363
4109
4116
7119
4946
650
4936
3048
2774
4332
4118
648
6998
4322
1119
3070
7115
3080
312
3082
4948
2529
1368
1375
1521
4100
3030
780
4093
4478
5629
5480
3025
2578
6774
769
6577
1107
3672
6948
3285
2171
5852
2095
2043
5854
5913
1137
2260
1117
2092
1114
2182
1151
5175
2163
5901
3249
5867
3316
2158
3246
3252
5158
5870
6468
2090
5155
5132
6448
2169
6036
2015
5515
2683
5376
6131
5535
2981
2659
5333
3015
5379
1756
1760
2593
5327
