7152
7159
7157
7154
2069
3646
3643
4070
3008
1179
1174
7155
3642
7150
5512
1173
7151
4339
1176
3649
7156
5459
1999
4101
4073
449
4071
5524
5455
4129
3648
2792
5897
4333
4638
1987
1656
1287
4103
6030
3788
6699
7019
2009
443
7012
1171
1996
1175
5453
6483
2889
6416
3645
4077
2105
3909
2081
1845
4108
5078
3647
3640
3362
4173
7158
2256
2453
7106
3379
3619
5447
2795
5315
4100
5146
6978
2074
5617
6487
6576
1239
2064
1901
6031
2003
6419
1565
2790
5448
5442
2799
4106
2817
6827
5981
3233
5452
6488
6500
6509
1448
6781
801
620
842
5457
844
6682
93
2452
6094
7004
6973
2007
2070
895
2488
6037
5771
2204
3484
148
2072
5033
3367
4377
1286
6555
12
1479
2063
1172
6104
2541
2459
6902
5443
5526
3904
3364
4288
5611
2810
2813
6688
2918
7057
2004
1922
2587
3999
3845
3584
3780
622
807
875
1035
1233
1827
1883
1994
3781
2100
2253
2321
2456
2793
2923
3237
3446
3723
276
2142
3908
4102
5123
6898
6842
6694
5454
6541
7104
5709
6421
5858
5874
5922
6039
6373
5791
4492
5318
7165
4172
4462
4338
2082
6542
6544
5449
4204
4178
6557
3846
6674
2811
5311
6698
2888
3937
5336
1385
2752
5813
5773
3863
6490
5795
2102
2401
2450
5664
5612
5603
3852
1443
2465
5510
1397
2521
2536
4300
2559
2896
5240
6099
6110
873
1997
3613
3614
1889
5066
3629
841
835
4783
4463
14
4595
5243
5160
3785
2006
3080
1843
3117
3185
3188
6019
4011
6032
221
3284
3292
3349
5214
5788
6374
444
1846
1803
1842
6370
1673
545
1622
7107
7100
7044
872
6940
6904
1041
1054
1063
1064
1097
6485
6866
6844
6831
6291
1242
1268
7153
1293
1395
6537
1510
1578
6856
1939
2361
1983
5261
5253
2972
3110
3189
3231
5221
3282
5213
5179
5149
3418
2881
3471
5088
3568
3617
4956
4796
4743
4667
4632
4467
3725
4427
4031
3473
1947
5332
2797
6285
6253
6230
6038
6036
6016
2073
2079
5843
2112
2187
2202
5333
5761
4075
2364
2457
5521
2500
5500
2583
2667
2677
2703
5444
5356
5685
375
7169
308
68
331
11
1280
1011
3099
6441
1051
1060
1070
6388
3048
4283
4285
6256
1232
1235
2935
1276
234
4448
2883
6033
4528
4284
4170
6550
6020
3841
6964
543
3866
579
3887
625
181
3387
3915
685
3365
3354
3344
769
220
6675
6667
4065
4076
4078
913
936
4105
2796
5979
2779
1911
1924
5464
5463
4907
5451
2417
1995
5375
5022
5491
5304
2290
2277
2274
2125
5242
2134
5128
5211
5185
5157
2294
1876
4866
5518
4608
1544
5879
5842
2690
2682
5812
1617
5784
1677
1697
4737
2589
2576
4775
4781
4784
4786
5609
1783
1805
1828
2484
510
7042
5162
7045
440
204
446
448
5596
4659
13
3129
993
3119
5857
447
18
3889
6869
5867
4177
5870
5877
4609
5896
7103
251
7108
2673
3941
941
5584
947
4309
3457
4785
3618
5657
2509
5583
4770
2596
6540
5760
3449
1653
2651
5914
4112
457
6695
1497
4455
3040
1132
1296
2916
1282
1277
2932
4387
7168
6244
6246
1247
1237
6255
1151
3014
1206
3007
19
3701
6135
1116
6439
2768
4578
1045
5955
4566
1052
7101
4563
5918
2788
1444
3407
6034
1402
1071
2852
6084
4253
6105
3357
930
5623
1821
2271
3644
2090
2077
6655
6984
2291
3766
5259
3817
5309
843
5045
5031
43
6975
3305
2002
3641
3230
6670
7003
5178
7167
3654
7031
5201
5144
5205
5140
6679
5130
5218
806
808
136
2132
2241
2249
3522
803
4927
5355
3005
4898
5474
104
5476
6569
5507
542
3669
1879
2454
4868
3849
549
3481
3480
4072
5523
5520
881
5531
6561
1943
5560
3486
3183
1824
4013
4120
3012
4080
4301
3025
809
911
938
3186
3030
939
3054
6378
3567
7064
4213
6473
862
4050
870
3234
3112
4186
3235
222
4190
4069
4171
442
4121
846
3239
441
3247
894
6652
899
49
6426
4138
6657
4199
4053
6664
4193
6581
5927
1182
5440
1929
1925
1920
5481
2451
2455
309
2468
2476
1840
1823
1822
5561
2503
2505
5582
4816
5605
5418
2392
5393
4953
5207
5217
5127
2228
372
2107
2103
2264
2268
1780
2286
2296
2066
2036
5331
5039
5030
2010
4
1992
2076
3004
2529
4771
2798
6026
4518
4510
6097
3695
6111
4465
1328
6172
6192
6232
4363
6263
1218
6280
4331
4330
6297
2794
5978
7102
4574
2607
4718
3612
5782
5783
2660
2668
15
5845
3622
2701
4629
2715
4623
5878
5895
1520
5928
2762
2766
2707
3724
5370
3933
6797
6836
515
6979
3918
728
6805
3916
3487
32
3828
6809
3942
534
3474
3483
3914
6949
541
3306
3482
660
650
3507
6800
6785
3815
6863
3450
3291
6767
742
3290
3348
3964
5848
5866
6888
2685
6882
2705
5825
6089
1394
5853
6061
3428
5831
6072
6087
1390
5905
2832
5884
1523
3427
626
2758
1495
4602
5974
3902
5898
4536
4534
6013
6015
1421
2816
3603
4517
16
6096
4423
6837
1138
1137
4278
3924
1127
3366
6401
6410
1093
4280
3062
6425
1059
1056
3085
3096
3932
4188
3106
4181
4227
4282
6789
1154
2895
1314
2912
330
5814
2934
1263
4388
4370
1240
2981
6804
6288
4310
3001
4307
688
4305
1170
6340
4289
6840
3884
3288
4669
2297
5302
5057
5317
5052
118
6972
5359
3651
3844
6966
1986
2394
2400
268
2402
2406
5445
1953
113
382
108
5458
5288
1938
6983
3506
5176
7037
2182
5155
2179
5204
7026
5206
2217
2218
5209
7021
5124
2138
5241
2129
2244
2251
2115
3519
3808
2088
2085
376
600
3485
4887
3875
6915
5668
6909
2593
3615
5711
2604
3451
2636
5767
2637
2640
4688
1658
4684
1655
3111
1652
6894
87
86
5803
2551
10
2547
5619
