718
3651
3568
714
719
3663
3659
142
6694
6255
6447
5862
716
3669
1092
717
3235
4789
723
5498
3233
729
711
463
3654
6550
6241
2821
728
3652
462
647
2880
5236
1670
3658
5492
5494
3650
4784
685
6252
6364
6758
6810
5861
713
6244
5493
513
113
467
3810
6814
3536
2520
3664
5612
3657
6813
5786
3656
3166
6693
706
6712
4323
5881
7011
5235
5497
2787
4209
5994
5973
902
5671
6432
4774
1601
208
6498
2829
2822
813
1542
6764
6066
6717
725
3731
707
3653
721
4069
454
5119
5417
1072
5495
687
726
5232
712
6249
6108
6156
201
2673
7169
1549
6318
2181
6734
6714
2833
1841
465
452
6531
4260
6873
3980
5868
3777
5888
3734
955
923
3749
3068
6762
887
6217
3739
3542
3389
200
2475
119
3730
2786
3668
1565
3665
5306
6258
1900
4516
1993
4645
2571
6763
205
2826
6440
2574
7144
3383
2784
6713
6448
512
2740
2678
702
7142
3545
2870
3738
5892
5156
4172
5182
5396
5490
5496
1675
5499
2431
1533
78
58
5880
1849
6062
6025
2001
929
1147
5875
4189
1025
3655
5857
1128
441
419
6530
453
4267
2032
4292
4320
3975
2184
3145
4360
3873
2390
3748
2433
2434
2438
6768
6769
3020
6556
471
6081
4650
6065
915
5677
2714
5674
5666
704
5544
3331
6247
2525
3661
6254
6502
1377
6320
5071
5070
6390
571
1560
6110
1698
1741
4710
514
4655
488
1483
543
5153
6883
199
7033
7060
125
28
547
2105
56
6869
5874
3897
4982
1684
2966
5889
3762
6431
3060
1067
130
3605
1061
2884
414
2056
5479
542
1644
540
5473
6439
2746
6442
5745
6456
3346
4406
474
715
3565
1883
2823
1091
6017
4642
6823
5363
3862
811
2091
3096
5140
6058
6085
2430
5636
4834
2403
456
468
466
1953
206
5424
4462
5175
5639
5940
4820
459
4808
5959
275
6700
2881
2427
209
5366
544
5593
5614
5615
451
5116
3132
464
2404
485
1548
1145
3541
1561
6893
6465
4685
5679
2059
2432
3218
6240
4836
3226
722
1951
734
4475
6222
4530
4802
1755
4777
4598
2785
799
2523
1781
816
2798
2510
6242
3555
2755
5872
207
2435
2888
6377
140
3737
2882
3567
5815
4290
4291
4301
2748
3735
2021
1660
2014
1024
4848
2008
6251
4350
6551
5024
5534
3050
2302
3026
2366
3982
1378
114
1455
1334
3881
316
5188
5187
3061
1246
3442
5186
6835
3813
3417
2960
1632
731
4460
5044
5749
2316
533
5750
7048
727
3180
1453
3601
6679
6287
363
4825
116
2717
2875
5080
2718
2539
3736
6218
5537
4818
5535
5938
203
7017
3880
3743
5529
6901
5319
971
2057
682
3965
677
5867
591
675
674
5863
2013
6253
1028
5233
2370
6351
4235
2741
4969
299
1110
3321
3773
3222
2428
2312
2157
5504
97
1696
4841
3556
3023
3557
2369
3052
560
6554
1236
5112
2332
1247
2783
5989
5545
2937
383
1486
5180
439
6521
2710
3103
457
118
823
5173
1158
2336
3075
4603
4772
450
7127
6511
4622
2211
879
70
5585
5644
1771
1726
3861
1230
6496
5148
5966
7080
2396
5183
6534
4770
1216
922
916
1753
5648
86
2
4735
5163
6184
2361
4626
5987
5859
1305
2522
3852
3904
1776
1371
3440
812
5245
2359
641
5841
2747
5237
7050
2813
1303
1817
2749
4322
6114
4324
4740
6280
6760
3291
2020
198
2018
2352
3660
6257
2340
5957
681
5928
6167
5935
2664
49
2782
4822
121
924
4510
1743
4515
748
3466
3822
4523
2837
6215
6213
7059
3469
724
288
720
7123
805
3491
6767
5401
7062
5876
5879
3024
3717
4771
6765
3328
3649
1311
1376
2311
1885
4610
4839
6229
5924
5927
3327
3585
4276
4298
6445
6444
1572
6443
2595
5755
3985
357
1583
6520
2732
138
5595
3981
1211
2102
6875
5769
4211
3079
2097
127
139
2679
1232
2205
3076
2899
4067
3537
5673
484
3774
4064
2610
4097
69
3063
5087
2194
460
2154
4025
3126
5168
3540
1459
511
2188
5734
5131
4299
3355
344
6423
5778
1284
2883
598
6526
5207
2676
4268
4269
6349
4908
6736
115
6336
2053
3573
1046
4286
4287
5471
4037
4294
4296
4297
204
4265
6991
4047
6715
3972
415
3964
413
7118
412
3363
2383
2738
5580
3974
6528
3519
3294
2650
918
5137
5166
5641
845
157
110
2807
1478
43
869
4712
3530
1233
5404
6068
7066
5142
3386
5597
4715
1507
1207
3296
5553
2612
6996
111
1764
5557
1485
904
6004
2724
5670
1271
6994
2759
5254
1690
5201
1085
6965
5779
4957
3644
1674
1074
6990
1015
1016
5204
1065
1307
1064
4860
5810
1033
1641
5829
1045
1649
5470
5839
3398
5921
4831
5270
3538
1539
154
4800
4801
5089
943
5690
6999
5706
2773
5711
7110
5075
2713
1562
6962
5415
3471
5735
5196
4824
1129
2598
5754
4828
5520
1450
4830
3549
954
1833
6135
6429
4571
367
2137
362
4362
6524
3670
2860
6173
6522
4295
3078
2250
7052
3977
785
2171
51
6158
2202
6328
2406
6892
213
6315
4606
4327
6194
2481
749
2155
6536
3676
6877
6876
3733
2162
680
6562
4052
2478
4028
2393
3071
3069
7141
3204
3686
3066
2391
3058
3746
1939
4609
3042
6335
3770
71
3883
6119
4256
4252
281
3877
3872
6515
2334
6234
4659
4060
475
4063
563
470
2437
473
4228
3267
4222
820
548
2192
3919
2055
6731
3252
6733
2380
6500
4274
3929
2123
6745
3886
4419
230
4272
6250
6347
3027
6438
594
3816
6343
1972
536
4126
1159
2164
5098
476
219
5660
1526
1543
1563
2153
2122
3741
6437
3339
3548
4200
5762
530
1104
5002
2809
6426
5774
1098
1095
4981
2589
5746
3544
6449
2149
2145
3539
3157
5720
137
3162
6467
510
