7168
7165
6951
6953
1606
4980
6956
4071
1991
6396
5609
5459
5240
2198
3286
2622
7167
4851
3250
1171
440
3519
1656
1551
4857
4853
6172
6674
5048
3287
7157
1889
4985
2411
442
5124
5684
3418
2007
6952
6047
3844
2624
444
6399
2077
2070
5246
5466
4850
2228
1637
4855
1630
4983
6751
2558
7160
6033
7155
2614
985
1512
4740
1174
1175
1916
1176
1322
5603
1078
1065
3646
4741
2073
3860
3283
7021
308
4854
400
2508
5415
6176
1875
4423
1444
332
4988
4079
6173
4052
447
68
1998
3475
7164
2295
983
3194
6321
1280
448
443
4367
2066
446
2496
5561
6950
1076
4144
4138
5878
6790
4514
3846
2240
4608
625
899
623
2626
3254
6029
7149
5775
7106
5033
739
7158
3517
1782
4858
3299
2548
5454
3298
331
2825
6796
1287
4106
6958
4742
4107
4747
4108
86
4511
4070
7159
3640
622
6035
3836
4986
266
3667
6799
4609
603
4604
3110
4683
2545
2179
3745
5519
4748
445
1820
4175
3285
4421
710
2069
1473
2067
5416
6532
6699
122
466
6030
6545
1778
6524
4149
1779
2471
5241
2081
4132
2625
6008
6792
4918
4856
1911
2004
4293
7148
5524
2540
3515
4592
5378
2792
6175
6893
4285
1876
2706
4109
5451
3942
4141
1400
4147
6791
5455
4426
2485
4422
5030
4088
4086
1919
4185
5348
334
4516
4058
2888
2417
26
4037
5039
4030
4574
5268
2872
6397
5923
2009
3674
3803
2028
199
5835
2144
3768
5605
4717
4730
2549
3291
1286
4752
5053
3289
5050
3197
1555
2076
3210
2072
2071
3238
3679
4793
1107
5876
2190
4395
222
5161
1327
894
2557
1066
5154
3643
1792
3649
4451
4638
3209
3288
6727
3460
4427
2418
3530
5310
1173
1019
6288
6747
1770
2095
2251
1230
4450
4139
6754
1943
2271
2092
113
6759
5437
1692
4390
6691
4270
4398
4949
3493
5999
7156
5896
4404
6541
3282
7019
136
3449
5414
1477
1247
946
5648
3230
2552
5831
1608
1609
6171
2629
6121
5554
1010
2565
3211
3746
4112
6488
6811
5093
6230
878
5354
1987
2372
2546
5588
6124
1629
3309
3808
290
4387
5824
2593
4383
4003
5502
735
1646
4599
6433
5203
2596
7150
3549
6129
4513
3747
559
4801
4743
1620
5195
1658
335
6130
4808
3834
3297
3543
5672
5458
4620
3545
2406
5031
5457
6224
3478
6004
4389
3919
196
6355
1576
2541
2544
1888
6170
6037
2543
6585
6576
722
5308
628
2227
6398
2221
4660
1697
5126
6371
5122
660
5115
2247
2036
873
4816
4739
6117
2078
6281
1772
1776
6270
2064
4787
2154
2526
5165
2280
2518
4403
6149
511
1914
6045
1917
2476
1844
2463
933
2272
5242
4510
1805
1628
6464
5229
588
4579
6447
2290
2006
6423
2412
4528
3488
3540
4146
152
3800
2777
2775
369
2774
5979
5635
4143
3734
4176
5419
5954
7002
5418
3542
4089
4197
6881
1260
5617
3512
3208
7143
3997
3741
3995
3193
2829
2819
338
7140
4116
1077
4121
3839
6774
1447
3991
1276
5618
3990
5786
6979
7151
2978
3910
4077
6671
3101
3863
3431
3749
6010
5501
3476
3645
6795
3642
3048
3852
3350
4377
3840
5894
5600
3086
3589
7105
4038
4324
2647
3257
5733
195
3439
7152
398
3284
3468
5563
4056
3866
5412
3030
1070
5784
5582
2664
4051
6698
1372
2151
2150
197
875
2685
3138
1075
6943
6940
4916
6938
3812
3106
5140
5877
3823
3831
5568
6027
1747
3772
4776
3764
3686
5659
110
5806
7065
5836
3675
1115
2024
3670
1240
4834
3664
7100
1787
746
7107
3346
5829
7110
3617
71
5045
5742
1108
3255
1296
4898
177
6959
2119
3743
6221
1762
2100
6105
3740
3195
1277
3738
3207
2079
154
3214
1100
7004
6223
3231
3253
5608
4658
5558
4453
397
2713
2717
4202
2504
2500
2734
6711
823
4180
2758
4425
5250
5249
3511
2457
1448
6757
6770
35
6147
4459
5244
6534
1879
6041
6039
2560
1862
2551
4984
5324
2568
1552
5326
482
2582
1546
4944
6662
1874
5309
1537
2608
3473
3467
4401
4402
3463
7153
1877
449
2416
4859
1653
1638
5164
1389
1388
2312
5452
3993
5520
2291
5531
3862
2966
2246
5897
3909
7131
3865
3869
621
286
1331
827
2905
4101
2402
4933
2396
3066
2835
6475
4072
2875
2242
1627
7142
4032
1632
3062
2222
5469
4576
2239
6833
1928
1209
5035
6144
1179
1211
5771
6139
1172
1826
4987
1182
1822
6148
1181
4992
5728
1828
1561
5700
6057
924
1621
1022
932
6048
5247
1469
1607
1474
6042
5271
1479
5283
5413
6000
1491
1494
1501
1516
5352
5329
975
6031
6023
5464
1633
5486
1650
5686
1795
5664
5661
5837
1246
6123
1106
5642
1101
6110
870
5707
1284
5066
1751
5120
1073
5153
5567
1679
5565
5168
5169
5534
5935
1288
5162
4527
1871
4213
401
2714
393
390
4210
4179
2770
4140
6773
2796
404
4120
6794
2845
6836
4023
2911
4001
2924
3982
2938
3961
270
341
3006
4288
4317
2467
6514
6523
528
4415
2505
4407
2513
510
4396
4392
1863
6568
6583
2553
6589
2562
6664
441
6667
2611
2615
2623
6676
2542
3873
3038
3061
3695
7053
7069
7077
7081
3648
84
3633
3348
3623
3600
3259
3586
3567
3546
7121
3541
7135
3516
39
3461
3464
3503
3472
3585
3243
3728
3729
3838
3081
3828
3097
219
3116
3805
3130
3804
3802
6944
6948
198
3777
190
3164
3171
3759
3748
3739
3199
3737
3735
3731
3730
2449
4477
1157
4852
6392
6393
4813
2199
737
2245
4788
4842
742
1996
4637
6231
2289
1970
2255
1968
2059
2193
4732
4751
2419
6367
689
2094
2195
4687
4685
2080
6280
4783
2060
651
4782
6432
669
6215
2401
2337
1931
1910
4501
4537
6179
4553
4479
5777
4954
1912
1913
4922
4930
1882
2075
1771
3605
3773
