5222
1936
3107
1935
5223
1934
2620
6912
1933
6907
3587
1932
6918
1930
3318
3582
6913
2738
2730
3581
5439
6938
6947
6948
6931
5431
6123
3580
3103
1937
1939
951
6916
2772
6929
6933
6112
3764
3312
2325
2754
2750
4182
6122
6926
6633
6610
4841
6968
2258
3588
2621
6924
6591
6179
2628
3589
1876
3319
7140
6927
2745
6937
3100
5822
6914
6919
6917
3269
6120
5665
2807
6928
2257
5225
2686
1873
2639
2603
5770
6911
6656
6617
6592
6598
3586
5369
6571
3518
5170
2736
2778
4051
2747
980
6398
7120
3215
4605
3772
4453
6925
2446
6920
3310
2368
3317
6932
700
5090
5437
5537
6900
6807
5824
5825
6623
6618
6127
6611
6600
6599
950
4989
6915
3584
7144
7070
3516
3212
2562
6630
6628
3469
6177
7097
7075
2626
6526
734
3337
3504
2191
2194
2195
602
6594
6934
237
6944
642
6115
5778
6651
5784
6464
5245
5307
5207
6659
6677
5607
2756
2445
4023
4135
6826
6930
2760
5470
5435
2262
2260
6584
2271
4365
1067
2252
3381
6650
4759
4221
5711
6654
6634
1274
1967
7100
5564
2665
6609
5851
3066
2751
5576
1472
1969
1453
2320
2624
3529
956
988
2447
6129
3848
7086
3747
6124
836
888
4626
2731
3248
2438
3639
4774
7129
6635
6820
2190
5912
6923
180
3387
2196
3101
2434
958
6603
64
2711
4842
1249
6902
5433
1241
3526
4277
5827
6644
6624
6646
6724
3299
274
6629
1140
7081
6128
5995
4153
3700
5237
6002
2449
6961
2761
3401
2749
4444
2753
4432
3268
3724
2259
3263
4501
4020
3314
2964
4360
5949
1931
3260
6394
1862
3783
5473
2739
546
7142
6463
1940
7108
353
2712
6658
6638
6720
2000
1960
5511
5180
5144
4012
2969
2965
5497
1441
2741
5587
3688
4380
2801
4712
19
6538
6590
5967
5227
3113
4599
5982
5228
2266
4427
4683
7091
5238
3129
7093
1061
4667
6072
4664
2567
6121
7024
4638
2230
6632
3380
116
3049
4849
6620
5810
682
5434
6905
5414
4549
3530
3810
6604
953
6910
3755
2629
2627
6132
5322
6965
6921
3930
4545
6622
3757
751
5412
452
1517
6461
887
464
6612
5846
6144
6520
955
1701
5872
5820
6593
985
1098
6583
6582
6003
1084
3873
3109
15
927
3345
5539
5567
3266
721
1454
6692
6657
6619
3254
3247
3011
6320
6640
1279
6111
3047
6377
5267
5748
4835
6936
2245
4710
4744
6908
3476
4848
2084
2083
2268
4275
4967
4232
1980
2732
3454
7143
1910
6841
1872
6883
1870
2269
4674
131
139
6991
2443
6989
150
2425
4500
2412
6946
4505
4395
4542
4543
4548
2542
189
2339
2553
2554
4540
6824
5367
2779
5258
5189
2775
2803
2777
2774
4195
4525
2661
4830
4189
5829
1225
4845
7136
5417
962
963
6605
4192
6906
4212
4961
1201
3718
3816
6091
3967
2835
6631
2681
4130
553
1682
4506
4520
558
3511
954
4868
3414
6799
983
1199
6586
5990
3119
6939
4621
6943
5333
6125
6004
6559
6035
6575
4148
6952
6566
2565
4374
6126
2250
2586
4503
5875
3078
3083
2192
5914
4591
2197
5201
7127
4729
4714
2880
2238
7078
3316
18
5326
6637
1020
6639
2514
5080
5479
4022
2743
4021
1700
4984
153
5063
2740
337
1927
5047
3249
6845
349
4216
5277
4425
459
2773
1707
6997
1508
470
5553
2828
6770
1875
1877
4028
482
7141
1379
1918
2804
861
6641
6642
2416
1979
5698
1352
3001
2910
2517
6643
2734
5688
5741
5005
3456
1659
4618
6414
3191
885
2340
3240
4481
4454
5331
2469
5336
6113
892
2498
2473
3758
7121
4504
6191
4448
3213
4381
957
2432
2433
3778
969
2830
4546
977
3777
7087
5330
3190
3776
6254
4523
4521
871
873
4497
6389
6392
5229
6395
2442
6275
5498
1188
2566
5630
5642
5660
5663
4002
5681
4088
5689
5699
5701
1968
4219
5719
5186
5728
3020
2720
3022
5773
5073
5775
2961
4025
5505
5152
5508
5509
5150
4055
2755
1871
1516
5534
1511
1547
5562
2940
5570
5489
5099
4027
1459
1900
6110
2016
5436
4214
3072
2193
2872
1783
5977
5978
7119
3910
2264
2265
5366
2286
6009
5350
4675
1051
3882
4666
2616
2019
2619
2145
4258
4923
2684
2065
5789
3043
5797
4879
2679
4276
1730
1243
4298
2654
4324
2638
1204
5855
2144
2147
7145
5172
2491
6596
6597
595
226
3336
229
6608
6649
3355
3472
7161
6671
6891
476
3583
3585
3672
3629
3300
3627
3633
6764
433
210
3656
3389
3444
336
454
6709
329
6750
208
6652
163
6963
3541
160
182
3510
200
3326
3748
138
137
6568
3313
207
6949
5531
465
2921
5507
3334
5538
6580
1499
1490
5556
3329
473
474
1477
7101
5500
6727
5488
3402
2833
3320
3850
5300
2834
4151
1031
5356
5362
2871
5385
5396
432
3883
2885
67
5456
5462
3330
1064
3903
2944
2952
2950
5806
6621
6613
5838
1215
1207
6606
6602
7076
1192
1121
1189
6588
3912
5905
611
1156
3333
3928
5943
1142
6627
548
3970
3033
2956
2958
1110
5645
5655
6661
4006
5671
4000
5690
5989
5694
5709
3986
1703
5722
3010
1113
3014
5749
3021
1293
6653
408
1798
2820
2263
7030
230
2253
2251
2248
235
2244
2239
239
2233
242
4715
2598
4742
2198
3489
6922
2182
2181
3572
4760
4337
4776
2625
2270
2155
4364
4369
2481
2477
2471
4446
4450
2511
2515
2426
4529
4389
4382
185
2545
2546
2552
201
2561
2563
4662
205
206
2297
4673
212
2285
2278
2151
2150
2631
53
5065
5086
5089
5091
6842
5110
1879
358
3608
368
2759
6823
6818
5163
5194
6558
5196
5198
5199
5218
5233
5256
1726
2817
333
1938
7113
5052
278
4812
2653
281
2113
4833
2095
2093
293
4280
4860
4864
2826
4874
4254
4250
307
2710
2002
7114
2725
1973
1964
