4579
5229
5220
5224
6691
6696
2690
5226
3062
3232
548
6704
3074
3064
2212
3231
2378
3494
1329
1874
981
1877
6837
1752
4738
6706
988
2177
1750
5590
930
5014
6839
101
287
6690
6260
6177
1322
6790
1742
279
1832
2704
1326
350
6697
3932
2370
3513
545
6831
3067
3497
1815
1938
3951
6711
6833
7082
35
7156
6084
4899
6699
6408
5347
2070
2627
4576
5375
2042
987
541
2071
3425
1106
5340
544
5352
7121
3139
933
6692
6794
4904
4049
5601
4054
288
1872
1759
2540
2989
4922
780
59
6144
937
515
765
5015
6791
4884
3230
4753
4755
4873
5227
2739
4778
547
2836
1100
6173
3167
289
576
5941
6142
5922
6153
1456
3060
2827
4652
4750
1023
2041
1961
2043
3428
1879
3357
6702
3353
5341
6328
2100
2040
1994
1974
3831
5659
1647
1977
4112
3549
6137
6392
1384
4572
3016
5533
4929
4562
572
894
195
2938
5007
4663
39
2731
1755
1761
6735
2698
1767
4754
1817
709
1834
1313
2777
1839
705
4721
7157
4040
32
2842
36
7005
1871
2415
5998
7033
3359
2411
969
338
3421
3203
3140
6188
4316
7085
645
1589
1617
5828
5399
982
5413
1336
537
357
72
354
4367
4342
518
1369
5356
2583
2217
1627
5284
1624
1764
1725
2110
1736
5338
4837
4868
5566
1608
2046
1444
5043
6538
5500
2369
5675
5502
2365
5836
5530
5013
4990
1505
549
5379
5376
2561
6710
1873
1713
5536
283
5955
4902
4900
1719
5490
3812
2737
3356
3352
3305
3304
4336
1049
6224
100
3196
1102
3113
6180
4445
4452
4482
4508
3154
3382
3386
4227
6537
3879
775
3934
6468
3647
3644
7159
4041
698
3569
3480
3478
6330
3449
3427
966
6134
7019
1756
6623
4607
4756
7013
6637
6096
2840
2743
960
1997
7134
3476
4732
1318
1978
3482
3483
3488
5632
3499
4120
2607
3445
1208
3431
4685
2062
5353
1272
1385
6057
7115
6311
925
6838
2044
6836
6049
2587
7122
6042
5371
961
1659
3438
55
4317
6718
4809
1830
6436
586
3649
1802
1366
788
1794
12
6732
3931
589
3863
2702
3957
1724
3642
3635
1902
4098
52
3558
4095
896
3578
3586
1870
4058
893
6795
1715
4819
3620
5605
1840
5501
385
1650
2851
1095
6086
3164
3159
2232
6885
3150
2277
1603
1107
7069
3145
3127
7012
4413
6897
2337
6138
633
5053
4472
6145
6148
3212
2401
2376
180
3061
2363
2360
2359
4457
1070
2136
3221
994
252
4345
4341
4680
5321
5336
4335
6872
3303
5279
6082
2117
2154
2130
6254
663
3264
3258
7090
6258
285
6853
852
6127
6107
638
1478
5929
5986
1325
622
1747
6140
6102
6529
6730
679
574
577
6340
5638
6348
6701
1626
986
1013
6288
1324
1173
6186
5682
6300
5814
5964
1714
6178
5830
1058
5831
6584
895
1712
361
1758
2987
2976
4550
4568
4570
4571
4573
4578
4722
2793
4724
2760
4745
244
2734
4758
2685
2659
4896
4905
2555
4909
5027
5032
5047
5093
2379
320
2361
4506
3001
4502
4470
3986
18
3646
3640
3638
7154
3571
3545
3498
4175
4225
3383
4256
4282
2355
4319
7104
3224
3222
7089
3217
3216
3201
7071
3137
7049
4416
3071
3065
4459
3307
5130
6552
5456
1842
6793
2242
1833
2045
2231
1846
5357
2170
2167
1835
5452
6871
1797
5265
1768
5568
5532
1763
5450
5424
6798
1766
1760
5132
990
1876
4339
6197
1858
4408
3128
4284
1836
5561
4347
3272
4348
1027
3266
6263
3262
3146
4403
6256
3202
3210
6229
4346
1720
5751
967
892
6400
864
3643
1754
835
3648
4039
6476
796
6501
3954
3923
3874
3866
3838
810
4281
4042
4077
1801
965
1746
4173
4164
3487
6341
1773
5580
4129
3541
6356
1748
4092
1781
3574
4142
3429
4458
5451
2245
2559
1381
4903
1621
1367
4815
1364
1362
5242
1360
2689
4803
4775
2176
2283
2491
5161
5954
5125
2352
1501
1584
5143
1487
5146
2735
2294
2410
1442
1440
5154
5926
5035
2290
5903
1323
5269
1319
6099
5402
5408
5677
2986
1996
4509
2054
5419
5420
4477
5647
5643
6149
5788
4456
6141
3099
6093
1250
2767
1316
2776
6018
6022
1757
2153
2111
5283
1276
2843
6081
2854
6083
2896
4611
4686
6029
5508
643
6857
6825
644
531
7084
30
37
6936
6581
453
6792
396
364
6963
109
708
6778
7001
514
50
107
634
6982
6615
580
360
699
356
555
7077
199
217
193
6703
660
2472
4289
104
1575
632
4271
5913
106
6147
3075
578
2389
2219
5097
2413
1667
1488
2358
3338
6154
4310
5918
6157
4419
4683
2860
1388
1904
4693
4255
5373
445
701
1881
6811
3032
4735
6116
3435
898
4188
1939
6121
3432
3424
3423
3044
1812
5359
4723
2797
1374
1816
4239
93
4706
626
6136
7040
5908
2214
7114
4503
963
680
6181
6292
3204
7080
6253
4373
2993
214
4378
6284
5403
1114
1020
5351
4575
4384
6648
3176
3170
3168
311
4400
5380
1413
546
3143
2345
4534
2299
7083
1445
5019
6327
4653
7008
1162
3275
1838
5377
3265
326
1680
5538
7048
2895
1652
890
3260
4351
4356
6929
671
4620
3237
992
6171
132
4366
5944
4605
570
1651
4168
6126
800
3939
3943
6819
6741
1762
4870
6747
5758
6956
5430
1770
1987
4861
4838
6716
5291
267
5411
266
5285
2056
2055
6632
539
4808
2150
4070
711
4071
2683
5288
3936
2119
4874
5346
5772
6564
2572
280
3788
2588
3834
3836
380
3844
3773
6642
2092
3853
5325
3
2613
763
7
4880
4881
486
4938
282
3869
5779
3754
1314
6536
1732
1731
826
5910
6985
4154
2158
2733
6434
6089
3479
358
3481
1602
1510
860
4988
2488
4741
4139
1791
536
1804
869
58
1948
1623
6405
2156
3522
6971
4159
6815
2489
