1908
6329
1888
2400
5140
1082
1882
3866
4016
4927
2407
660
4655
4204
2974
4018
879
1905
5022
5296
5295
5024
3291
4925
2402
4818
4567
5021
1230
38
1239
5294
338
2809
4013
1887
4928
5036
2405
1885
1501
2855
507
3370
5144
80
1643
1904
6237
6323
157
1883
1881
6410
771
4010
1232
503
4595
666
4415
3349
3995
3135
4813
3981
4238
175
5013
5101
4228
3992
5149
6288
3865
5297
1237
5626
4819
6797
6791
1524
7102
158
3839
1868
5290
3130
5321
1427
3649
3642
4306
4481
7163
6321
1080
6332
2859
1480
4737
5368
6325
5298
6856
3742
4810
1233
5362
4653
5057
5520
2860
577
6194
6973
3816
4337
5291
5023
3862
1421
4520
2500
877
5467
304
3250
6208
4015
5078
2403
4905
7065
1999
4309
1994
4017
6160
2856
4522
4527
3509
5128
4178
5126
4174
2460
3720
6512
1529
4163
5464
3643
1645
6042
4821
4811
3133
1748
4814
3051
566
5122
4656
4654
5367
5320
274
4011
6297
4926
3990
1902
6416
6792
4918
6413
2204
5305
627
1393
1413
3206
6347
3341
3869
1234
1002
4901
6479
4734
3993
3746
5059
4315
1031
331
6798
245
6044
489
242
3641
1986
5299
4380
4706
1034
6207
5465
330
4389
5527
4073
6830
4386
6291
1884
2850
4167
6236
3983
4559
5838
1523
554
3373
1527
770
1711
2858
881
6412
4175
5129
4467
5622
7107
3564
5685
3628
6166
6880
3998
2773
6173
2010
1218
5361
5915
3954
3997
6040
4321
5146
3186
504
1528
2419
2411
6175
3054
1498
3239
88
3087
4739
2404
3093
4205
4733
4732
4208
5066
6048
5208
4865
4244
2518
6755
6523
4924
1275
4730
5686
32
5127
1088
6290
1906
6495
2053
2866
4413
3208
252
6053
659
1030
3205
3450
4463
4458
3202
6674
5526
1038
36
6428
5147
5119
5
1749
6415
1866
4554
1107
2779
2854
4069
780
3219
1757
612
4014
3271
3508
7100
4735
782
1444
5141
4470
940
4525
3375
4502
89
5688
7040
3719
880
4956
872
5705
6702
2057
6517
7066
1108
3255
2631
6695
6327
1100
6330
4364
2599
2593
5761
5452
1216
1137
7068
3958
35
1007
4419
4220
4338
5031
3449
6284
1039
6459
7071
2919
5028
5347
76
3413
6286
2953
1369
1739
4792
5327
3723
3110
308
2321
3214
3999
1909
261
6391
6105
5124
3342
6233
3201
6381
6201
1819
5621
6789
6849
1867
337
6887
1525
7101
383
6187
5102
605
4343
3648
3272
6232
2054
3546
4816
1078
2594
3109
1834
1326
6393
2216
6543
6737
2226
5039
7118
889
886
6560
2149
5562
4116
3116
3417
1990
1751
6614
1213
52
3155
3127
4418
3634
7126
6106
6678
2012
5293
5544
3344
1241
5629
3374
3376
5053
2978
6944
5461
2224
3443
1279
6319
6043
198
6788
5364
4160
2412
442
2796
1586
1889
4528
6350
4199
6000
2800
4194
6304
3136
7106
2099
4190
1880
1521
3292
5365
3053
4138
3431
6298
6295
5514
3892
37
2415
156
1520
247
4523
2147
2473
4510
2114
580
334
3438
2229
384
3268
1980
3994
6311
2144
1383
6414
5025
381
1865
1788
1752
5148
1753
3377
1764
2137
1033
2056
1035
5123
3347
1777
1054
3599
6977
4387
5105
6282
7159
246
5106
4417
191
6540
2092
1864
3180
3522
3182
4873
7032
178
836
878
2797
4529
2098
176
6840
6844
3505
3502
6300
2827
3500
4012
2095
662
6541
883
5032
3204
1014
3200
4440
6861
1797
5272
2700
5179
4460
5553
4462
6017
7043
5414
702
3835
2069
4490
5403
4498
6488
1835
4596
5377
3430
3605
6922
3667
6265
3725
5469
4112
2428
6756
2169
6524
1285
7125
604
1271
6943
5459
4307
3295
2362
300
5457
3125
5573
327
1219
6884
5344
2409
3867
4139
5107
4188
6888
87
3040
3089
4130
4791
5302
4902
6915
1508
1609
2474
4222
6047
1395
82
3059
2171
332
6041
3305
5667
1127
563
266
278
5454
4378
2142
2605
51
1215
400
575
4063
1607
4516
2467
1769
6206
1737
2052
1131
6698
1385
4355
4509
2465
5058
2776
4363
1392
6457
1084
1843
6863
6450
6886
4173
2632
1522
1487
6174
2408
3504
2035
4186
5702
3507
5120
5703
3987
2453
3868
1589
6169
2795
835
3700
1746
1371
1745
4385
3959
5762
4145
1920
1900
1036
973
976
4301
2576
3741
5418
5421
4077
5630
4461
1659
1202
6478
4147
6707
3592
1235
2018
5455
6802
2417
6824
2350
5794
6835
4300
5643
1694
1730
6787
6926
1171
1179
1336
5550
1313
2301
913
6138
2165
4488
5113
5620
2378
2716
2579
1710
3645
1634
4146
2134
4158
7001
6728
3737
5054
288
6270
3128
4930
7042
7064
531
530
4584
294
5353
272
2857
5349
4562
5345
40
3004
2846
4793
336
339
7109
5042
3132
5303
4815
663
650
6235
119
4853
3445
2918
3174
6281
3452
6051
3453
107
4907
2891
4608
6037
4651
2890
7062
3238
705
255
4962
4948
3203
2843
451
3378
438
3025
3024
3273
7075
4725
5281
2829
4736
6045
5947
6260
3379
3086
6264
779
2905
3701
4369
3427
6696
5523
6783
3184
6565
5448
7048
214
5430
1116
6529
215
5195
6865
1032
569
3134
4755
4753
1756
6870
4352
240
574
445
1507
576
5765
5516
6772
3196
4184
5529
154
4860
7092
4019
192
2645
3042
4191
6684
3045
1860
3177
7091
2651
3181
2440
3183
1879
5619
1845
4867
1109
6534
3434
5318
6038
1173
2635
2253
5902
1503
6972
2636
2637
3055
5709
5706
1505
6171
560
1183
492
3106
3655
4271
494
2418
3410
3111
6882
5086
4688
1642
3285
4227
1402
3647
6939
3105
3119
4264
1331
2406
7104
1591
2398
1600
5477
1605
4119
5948
6343
4253
7103
6925
6246
4115
2514
1557
4263
6722
1646
6720
283
3636
5363
2568
1718
4328
552
4071
280
1736
4812
