2676
928
920
2662
923
924
2672
2663
2399
2675
925
921
5849
2278
104
5235
2664
4171
2765
2274
4080
1254
4688
2944
1662
2660
6523
6822
1111
3517
926
3583
5661
2256
2277
107
2721
3234
3239
4320
6547
2180
4215
2279
5485
1258
2670
7150
2780
2391
2571
929
5898
922
5140
635
5202
1869
4634
2766
6043
6812
6841
5618
2666
6392
2564
3004
3841
1256
3968
3578
2259
2502
3512
4142
1567
1998
5529
6861
941
1162
4772
1825
6285
1000
3211
1987
5847
5668
3962
4682
5499
2673
6570
5495
6119
1531
2667
6866
5473
2873
4848
4584
2272
2876
4076
2209
6864
6893
5561
6491
2674
4017
5292
7149
6258
7148
2752
612
1568
5301
855
689
2529
7130
1550
3653
4173
5234
5231
5960
2188
2573
3650
3573
3829
5478
7158
3246
6244
5590
1416
5078
3501
5079
5080
1402
3505
4115
1861
3230
4693
4131
5547
2148
3069
940
5205
4209
79
909
4172
520
4181
535
6574
1595
2548
621
2608
2577
108
1495
6233
2276
1821
2824
2787
4834
5843
1015
2275
6869
1796
4575
3869
5582
3389
2498
1037
2544
4790
2557
1106
625
4121
5544
6693
5281
6367
528
4781
2786
2298
4832
4097
2888
5215
2038
2813
485
3815
1205
2083
2392
5666
3857
915
1594
1913
3240
148
4954
121
1666
1844
1780
109
3164
7124
4156
1501
1822
1914
2681
6756
6102
2253
1824
4614
4427
6757
3865
1569
3066
4845
597
6992
3167
592
5277
741
5585
1386
2520
5338
5265
2170
4956
346
5130
4632
6014
1562
6720
1497
7125
5493
6842
2768
949
1552
5233
455
102
459
907
1503
6044
5884
2270
2299
4749
5176
2686
4576
407
5003
6865
6061
1559
857
5496
6541
2789
1556
4177
5880
300
81
626
3002
1958
2086
3820
2555
7007
5068
6691
637
3561
715
16
3824
4672
6198
5110
599
2621
236
5084
2565
1259
1219
240
2561
5822
6863
4276
5786
1663
1560
2689
6452
5185
2566
521
5007
3081
2405
12
1916
6095
6273
5663
1251
5881
3190
6543
84
4061
5214
1716
2335
2339
927
4921
5480
72
4397
225
6854
5200
4331
5489
1621
233
958
2978
3135
636
114
830
3213
3917
2579
5422
6093
3681
4514
2553
3852
2549
1664
1586
3061
6365
1408
1403
28
4002
1599
2089
5337
4321
4806
1597
2526
4461
5050
596
2897
5328
4694
6993
3828
3238
1843
2301
1214
4040
6758
2680
5392
3488
5950
6415
3192
2945
4681
3149
2080
19
2582
2602
5230
4743
70
2605
620
527
4043
5941
3960
3963
3195
3129
839
2685
483
6770
7142
3977
2683
664
2545
6696
3943
6793
2671
854
1578
1613
2466
2669
3651
632
2394
2560
3178
622
4201
2677
2661
1593
2546
2368
6738
502
2482
1551
3949
4180
2494
4628
5387
5955
1314
6265
1886
2202
3860
3862
6107
4568
3486
1354
3237
4112
3536
3867
7058
379
1161
4084
6882
4571
2258
6878
3760
6877
5839
5023
4270
3231
6354
3037
5124
4519
4704
2907
6971
3856
5613
1417
1421
6116
2181
1884
2182
3851
3854
6307
2912
1465
179
3547
100
6848
6482
239
7044
2320
3242
4996
5178
1959
966
7107
2304
105
450
3719
423
2999
6230
4896
5006
118
6858
3576
5914
1330
5497
3557
6079
1982
663
3598
1970
3827
1971
1596
5992
3682
5617
2028
4464
1598
2036
3979
6191
5763
1917
3985
1241
2066
1912
5635
5704
1997
1603
1889
6293
1996
1659
5708
4687
6160
4612
4350
3507
2411
6546
3923
6451
1468
1795
6458
5860
6067
4405
1558
4733
3914
2296
5471
4399
4744
5936
942
5890
6060
4610
3693
5917
4739
3454
1526
2255
2130
5942
5406
2525
1391
3374
1400
4562
5837
3188
2166
3846
6579
1668
1425
1538
5954
6406
3859
5840
5539
1831
2200
2216
3483
2227
5398
4718
2247
3411
4784
4004
3680
6867
5122
7155
7010
2753
5289
4086
4174
5207
4123
5008
4091
7069
2767
5135
7077
75
7027
6843
4971
6739
4096
4129
4998
503
5237
2657
4962
5212
6891
5082
370
85
593
6737
262
3158
181
628
2764
2914
4170
5172
5033
630
5161
6692
4217
2679
4093
4326
6950
151
5167
2819
7061
4275
2796
5087
441
4803
2961
4890
826
4778
1410
5893
877
3606
5411
6535
3293
86
260
4993
6899
4994
6777
824
5834
851
869
852
5675
6402
4045
3110
525
6892
6121
844
4386
1739
526
6408
7015
6401
2037
529
1092
6540
2393
833
5250
4388
2727
4997
7018
5490
6488
6438
4649
1841
3460
962
5513
2996
2781
155
5853
6846
1025
6237
2297
6847
431
978
2292
4404
2790
986
2291
3608
6463
4068
1852
2834
943
1240
5474
1059
6519
6062
2349
4746
5875
1774
486
5671
2728
2737
3294
1846
6504
1788
5621
5667
5213
6429
6503
3901
5203
935
1040
1845
2321
1097
5766
4559
1156
3173
717
1151
1975
4188
600
321
6017
4846
244
3346
3370
5729
6357
2646
4445
1881
5760
5945
6363
750
2507
2874
2504
245
4127
4676
1266
5557
712
2550
2599
4800
5623
5765
5996
3360
2592
1193
3671
4329
5963
6694
2980
710
3181
1614
7162
10
4333
5610
2568
6248
4132
13
6699
1908
4099
5806
1661
4897
1714
4114
6772
4094
1112
3604
3392
4976
337
2173
1115
4792
1379
78
1374
4036
4468
4041
1534
2678
4356
803
1557
5262
5549
3559
1127
770
6958
771
6586
1125
1554
6151
1537
7014
5795
6896
1090
7012
1027
4439
1840
5612
4913
2909
5174
1398
1318
3072
6450
2811
150
3006
5094
4118
5503
7059
4424
1829
6326
5062
4725
3261
6280
204
6336
1434
5832
4554
162
4095
4466
4709
2883
5126
1872
1885
3054
4656
2877
4088
5632
1055
1377
5835
1367
3292
3577
1415
1411
3842
2206
3864
1404
5542
4518
4680
4698
2890
287
377
1426
