5026
6325
5116
663
5029
4652
4653
6342
561
6319
1383
6220
5025
5020
6327
3295
601
5115
1364
4083
167
6211
6224
1676
4588
1360
6472
4496
1366
5119
1385
2959
5543
2952
1380
6323
177
2950
4726
609
4959
3958
5028
6214
2953
4205
6155
3868
6341
6305
6217
4582
4978
6390
1084
6221
1230
117
4965
4642
2957
1771
1904
3637
6361
6345
4596
3170
1478
5291
326
5259
608
3055
3139
1880
3494
1362
5147
2954
4085
605
661
669
6167
6222
665
1887
4516
4725
4320
4650
4918
4585
4494
6349
4656
6346
2955
5117
1005
2622
1340
3867
60
558
1580
6219
4581
6318
169
4766
5260
6156
6153
2040
2367
5343
4583
5069
4745
3057
1777
3441
3523
5027
6228
4976
6226
823
5023
817
5779
795
5540
1009
1361
4580
1588
3698
5181
4457
5024
572
1387
660
589
2229
6332
1818
4499
403
595
2381
1101
6299
3562
263
6800
4322
4931
3050
6308
765
2995
5649
2491
1615
1487
1347
1427
1704
3579
603
2
5930
1838
4723
6887
548
591
3556
2330
5557
3604
3605
3075
3624
2332
6733
6347
5515
5499
5940
2931
576
361
2908
358
590
594
2975
1273
1270
97
6521
6315
1148
1365
4847
6828
6183
4849
2477
6626
6187
4433
4431
1198
6203
5112
5397
6239
4969
4938
767
110
1456
2489
7032
6151
4248
6154
668
4762
178
4495
1418
4201
797
4169
4490
4807
5017
6449
799
411
1709
419
413
1460
1008
1781
4598
364
4163
357
830
5832
1836
5856
1839
4654
825
4645
4242
796
772
793
5492
1367
551
5159
1368
4690
1582
564
4024
7005
5421
4491
656
652
5186
3496
5528
4592
6723
791
3524
4089
3525
4249
1882
4086
3577
760
4054
1344
5103
5111
5571
1359
519
2532
6825
6074
2584
296
139
3094
138
6344
99
2904
2390
2595
72
88
6362
2106
2213
2900
3470
6343
3478
1700
4246
424
3088
838
4533
4240
275
1253
3449
4231
3436
3435
2828
4702
2814
7131
3373
4586
417
2022
6479
3744
2998
5577
1626
2215
3606
500
1616
475
5980
246
236
4765
7074
1515
1675
4870
4881
545
5638
4899
4498
560
2409
569
4932
6955
6745
1102
6005
1770
3565
4599
3965
6387
5793
6348
1352
2159
4622
4597
3115
1309
1021
5869
1357
3236
1837
4657
5182
1017
1369
6505
1847
5114
3163
6438
3307
4646
1778
1345
4628
3138
2068
776
1346
6223
4806
6403
1561
134
6216
6212
7001
125
160
565
6316
897
4420
4044
541
6215
1617
2124
6465
4456
2101
2697
247
4442
514
1563
4937
1419
163
7087
5016
3922
3938
7028
3946
4803
5275
3950
3989
2810
6152
1425
3953
5001
4203
5007
2490
667
6822
1426
162
691
2463
1372
1513
2200
1420
2154
596
4962
166
1381
5022
5188
1384
6169
606
2892
2891
2011
1484
6690
2078
1382
1885
5077
3563
3520
6358
3521
9
4613
4671
6998
4761
6413
6329
1830
2383
4655
1677
5629
360
7160
3291
977
5962
412
418
3092
1749
422
1708
1702
3384
3095
1773
995
5946
4589
6321
5614
3239
976
6371
259
3133
5924
4647
1118
5923
3558
5578
5895
1027
4767
4644
1669
3928
1424
1271
6814
6158
3033
1753
764
2347
3347
2170
763
5010
1085
4072
5081
5255
4587
6561
2355
1740
3934
4063
1435
4578
5319
5726
2478
4567
839
2364
766
1451
5274
5729
5273
6150
4074
5948
6394
1903
5175
290
798
2645
4615
3154
1048
323
4125
4658
4128
6826
5925
1355
295
1356
794
116
2098
2625
1374
2079
749
1413
4591
3096
5018
5232
1287
5084
363
3277
758
1343
3275
1004
6351
1006
5808
2026
165
6969
3
5220
4167
2180
3869
4876
1575
5628
6454
6408
1571
3677
3678
6895
4366
2934
5974
4236
5644
6405
4755
2430
4753
3498
2431
6952
6300
2377
904
5667
5516
5608
5558
5573
4805
2980
4778
1618
478
2218
4452
4825
1142
512
4830
5547
2387
5993
1602
4643
1600
58
1150
5535
4846
2210
1695
1170
4939
3835
1486
4241
592
6287
5400
5690
6289
610
4243
4719
3814
4532
1488
4957
2915
5410
3825
1505
4972
5373
2919
7055
5671
4239
4731
3771
3078
414
4475
6366
4133
5074
4226
83
4716
4493
4481
2302
4223
119
4095
1029
2610
937
1036
4696
4827
4631
2366
4434
4438
4411
2526
2199
1202
4908
2525
4945
4258
4922
4323
4940
2497
2341
1103
6378
22
6852
2445
1176
2462
4158
61
6385
6528
2581
1169
7073
2314
32
4522
2448
1174
85
2536
2175
4878
2327
2283
4069
5550
509
1610
506
3614
3611
248
5548
7000
1657
5601
1668
5603
1672
5605
3068
5983
1598
1592
530
1997
6053
1535
6476
1548
6404
566
6022
556
3694
1572
3673
544
5494
2938
3663
6007
3070
5409
5624
5637
3228
3227
3226
5820
1832
1834
292
1809
1854
1865
316
3142
5900
3136
6963
305
1856
3257
288
3099
5660
3492
5662
5669
5673
428
415
3093
3422
3389
398
5731
391
6743
5746
5769
6750
5634
5406
1589
6067
3981
3974
1489
174
3957
5243
5252
3987
302
666
6817
2770
2776
1423
1446
1454
6163
633
4020
4033
769
762
6213
1341
2108
5113
149
168
5120
2679
6829
5145
724
5174
1376
1378
1350
1455
3959
2018
3864
6803
6801
5402
1480
602
5399
2353
1072
1458
1370
3366
2923
6749
1787
3754
6962
3371
2574
3388
3386
4594
7037
1747
4311
4563
6741
1744
1541
6734
4547
1292
4536
6995
4043
1058
1988
3090
3798
1891
2613
4245
4062
2901
4247
2132
1864
1044
4624
2312
3167
1849
1892
1897
4124
7006
3256
3251
1358
1353
6696
2088
1302
1819
6761
4616
3201
1833
2653
3781
6731
2524
1974
4365
3951
7013
4451
3949
1606
4209
1147
2956
1265
4445
3638
4441
3647
4436
4216
2947
