5255
5334
3395
2509
5335
6417
3006
1982
1193
5623
5621
3392
6863
4123
3391
4764
3394
3009
5804
628
4126
3371
770
1465
4464
1469
2503
5293
1861
3398
1464
5250
6491
5627
5618
4121
2956
3505
5806
6479
1461
620
4088
1989
1914
2502
6784
5620
1984
5253
4743
3603
5760
3374
6494
2682
1468
6865
621
5256
4127
4469
2972
5251
3600
5506
5624
1913
6978
623
7126
5796
3399
5766
622
626
7006
5411
2501
2504
4015
4128
4467
625
7146
5798
6864
6477
6499
5131
1195
1863
3393
1981
1985
1460
3396
6533
3584
5257
1342
1462
5767
1864
5248
3005
5626
1000
3504
3397
4013
4466
631
5392
4462
5205
6219
4018
3002
777
1466
6210
3500
3419
7027
2978
3004
5202
1463
6472
2459
7129
4014
3696
3566
5992
6476
1421
3098
4468
5790
4253
3810
2784
6411
4124
1467
1865
1912
1917
1980
2405
3507
2909
5258
3503
5429
947
629
1190
1393
3561
4763
774
3069
1703
3007
2996
5319
1987
5179
5299
1196
6482
7054
8
6480
6478
2899
4928
7028
5696
6567
3509
5237
6495
2445
4921
5786
1489
3094
3379
6212
6213
1455
1351
5505
4920
1542
2780
5849
6539
5670
5497
2900
5826
3608
6695
5765
3090
5792
5495
5676
3019
5602
6474
1199
5493
5414
5300
1552
5519
1649
5180
2571
1040
2391
4932
130
2500
949
946
5098
6797
3372
4463
5580
5390
6419
6795
5769
4163
6498
5212
673
6470
5629
4017
4924
3864
5794
6723
3238
7122
1550
7059
2484
2527
5883
2676
2755
2782
2786
2891
2979
3076
779
3093
3166
3197
3092
5809
3074
943
944
945
3377
2507
4934
2396
776
1849
1799
1614
1600
1595
6456
6430
1531
3255
16
1343
5458
7162
941
2567
4746
3078
6818
3060
635
3502
2915
6547
3434
3781
599
880
2789
3895
4012
2787
4083
2783
4122
3249
3390
2673
6481
2663
3137
6475
2781
3816
167
5628
169
245
5671
5547
6119
5803
291
5625
5825
5555
5499
5791
5793
3376
4771
2813
5840
4011
882
6859
2288
2589
5214
2570
5252
7009
886
4612
3657
5116
3444
4761
3063
5998
1840
1484
259
7011
1781
3708
4686
959
923
5800
2968
5207
5842
3186
5691
1857
1869
7158
1870
344
1872
2913
1051
1597
5795
4320
1910
6403
3136
1191
3517
3240
4217
4200
4156
1868
787
6215
2083
3440
6860
593
1919
2675
7061
2523
3585
681
2564
5312
849
1594
2540
3227
3287
6415
6066
1642
4812
3856
920
2454
1812
7055
4229
6503
1874
4388
1867
741
5974
3370
4570
7074
1811
1860
1855
6008
1619
4619
3983
1988
4649
3962
3926
3181
1838
733
6541
6869
3246
5318
3701
6244
5204
3457
3683
3651
6866
5216
6245
3489
3547
3037
6408
2075
3617
6448
1167
6027
232
5507
3556
3588
5297
3560
5332
5249
627
983
2905
5805
3787
2399
2672
4956
5877
4989
230
5021
1591
6752
1566
3762
3568
3066
5068
2907
2694
2733
2506
5442
3756
6574
3451
160
3324
6693
2390
7005
556
3515
3247
3553
1962
3520
6032
114
2072
2373
6753
75
2522
3827
5781
3751
2505
2525
2206
2498
2208
6677
3699
2255
3981
3987
255
3621
5650
3611
2306
6717
3595
3586
6523
3581
5634
989
6326
2566
1702
5077
5296
2822
1583
1596
1118
5303
1610
4926
6812
451
3122
2785
3158
1738
5292
5290
1915
305
6867
6857
7145
137
3050
138
378
784
1483
3061
2967
5121
1400
5822
2763
901
5157
4769
5215
1363
1336
2837
7060
6489
6349
1866
2888
4454
5441
4437
229
2562
2557
867
1911
4281
4257
505
4593
2914
6810
2585
772
4689
3192
4650
4744
493
495
5881
6217
2569
2867
2799
688
2898
2470
851
2946
2906
2944
2826
2880
2916
687
2477
6236
2836
2546
6887
2494
2598
6796
3178
3180
953
2575
767
2645
3222
321
3297
5896
253
3253
2560
2555
3224
2520
6766
2683
3479
223
3031
5867
824
2768
235
3065
3441
5819
3430
3423
6744
2688
712
3410
3089
6847
3230
5829
4643
7008
4641
7127
6068
4628
4616
498
4609
4599
4597
1075
5622
6484
1841
118
1873
4357
11
535
4255
5545
7141
1424
1417
4125
6509
1138
1410
4460
1965
1085
4688
420
5124
5106
5096
5091
6198
5079
5551
1562
5018
1593
5166
1482
482
4927
6076
298
1673
7086
7083
6209
1739
5201
4772
402
6401
4745
4691
1611
1166
108
5631
346
2132
2163
1242
3719
6402
2171
2201
5698
5416
1231
3709
5456
6035
6625
5705
2231
5470
3624
5479
5484
2284
7167
326
3604
2364
2371
3565
5469
5339
1515
5314
3971
1986
7015
3754
3893
6535
7017
1045
7013
371
5511
3818
276
3786
5259
376
6454
3766
5516
2050
1452
5832
15
1396
1398
5868
1384
220
6204
1378
1260
12
1366
1364
2819
1350
987
2753
1036
2526
1991
1995
2005
2042
2890
2076
958
2089
2099
198
2104
2165
2166
6893
6957
7001
2209
2493
6006
2256
2363
2480
2160
2765
2529
7020
1516
6170
6095
6092
2630
1686
1103
2594
1721
1772
1780
6885
924
1844
1876
24
2544
2541
1055
1922
942
5962
1047
5968
925
2066
5494
6232
5763
6342
3510
3552
5046
3575
3578
6692
4983
4980
3619
3620
3648
5552
3653
6698
685
686
6743
5174
6280
5162
72
6790
3400
3417
6690
163
3445
3450
5113
3453
5064
4465
5062
703
6471
4925
3714
4067
6513
4720
4120
4718
4133
4645
4640
4197
4283
4284
4348
4360
4381
4493
6392
4007
4773
4777
3722
5571
4923
614
5600
4843
3750
6549
3785
3822
461
4790
2894
3892
5662
4784
3793
3367
3484
4461
5247
5406
6853
3159
3157
3151
793
6413
6444
799
5807
5360
6822
234
5336
3363
6443
802
6437
805
3039
5508
3080
5820
5311
5422
778
5821
5539
393
5211
5208
2911
6260
3226
2943
399
3239
