5244
4741
5241
5240
3197
7167
3257
5609
4740
3251
2508
4746
1847
3253
5242
5247
5605
4747
6399
5416
6172
1844
1849
2734
3252
3193
6950
5415
2198
3250
3890
4745
1475
5430
5414
3667
6956
6678
5243
7016
5246
6679
6173
6004
5178
6396
3255
7083
3381
3666
7160
987
7122
985
5821
5781
6671
3585
3494
4853
2938
2496
5412
3572
4748
6008
4570
213
5897
3764
5411
2705
1661
5608
1845
616
1938
3195
7082
6783
6534
6955
6561
6952
7089
2774
5662
7085
6698
1455
3258
5534
4456
2611
1544
5812
6795
1408
40
3355
765
6416
6385
5131
3707
1846
3137
6953
2500
1999
3408
2406
4270
5132
4450
951
2507
6781
6895
619
3405
5334
4722
2836
3511
763
6183
1472
3069
3522
6184
3523
3816
7023
5578
5601
4219
6006
4217
4213
6009
1982
768
4279
3185
3476
4360
3406
924
5420
5419
4579
2525
4537
1843
4277
5071
6177
1997
7120
1560
1561
4197
6523
3199
510
2071
365
4091
1576
5818
4995
6567
3194
5008
2767
4158
511
357
3961
3254
6475
6935
4538
4578
2155
2079
1842
5176
2517
851
4606
3066
5175
5171
3180
1987
1841
2504
7144
4599
3178
3031
3129
6005
3818
5573
2733
3033
5671
3170
1606
7086
4107
3173
4365
4378
2635
3023
4263
1473
749
5852
122
2552
2634
981
3032
1444
1812
376
3956
4210
2490
4011
3443
4146
3123
4218
3980
3038
2985
3583
4499
4523
4530
2632
2527
2526
4465
3937
2519
324
4574
3650
835
4681
4686
2707
3813
4291
556
4689
3954
1042
6883
6553
919
6560
1443
6797
219
6170
6792
6791
5280
1368
613
618
1840
5349
6071
5935
1471
1793
3186
6743
706
1586
5133
3291
1991
6672
1187
1239
2199
5689
4923
2196
2096
1664
5119
6299
5607
959
5562
5822
2005
2265
1527
3951
361
1540
5892
1488
136
1477
3983
5805
4130
2898
6631
1578
2784
5896
5819
3962
1499
3383
6105
824
6515
467
3529
726
3576
6347
1247
1248
3065
1281
3641
3646
3471
3664
785
823
499
3753
3470
6156
3773
6129
1448
2972
1456
2936
5984
3895
6670
829
1624
935
5254
6999
6796
6811
6818
552
1934
5192
554
6907
242
1998
4531
249
3386
898
6966
4743
6962
2494
3182
4753
4808
2398
4834
2396
2372
284
5767
5286
1815
5668
1665
1700
5588
2740
346
5577
1706
5557
3267
1770
1774
5288
2703
6714
4471
2622
622
5404
4460
4452
5520
4999
4382
5465
1786
2636
2639
3188
3155
3187
3102
3192
2493
3080
1794
628
1723
1708
1704
958
1607
1582
975
1574
1548
657
1283
1246
1011
1107
1098
948
1996
2076
2193
3072
3063
3041
721
3022
2845
2786
2775
3081
2753
2682
537
2536
2505
2503
896
915
2327
2752
4100
736
3234
5579
5561
5528
5335
5305
5289
5281
5275
5234
5229
5167
5146
3219
5058
166
5009
4981
4980
259
4922
4848
4836
4819
4809
277
285
287
292
4687
4560
5000
4539
5642
5774
7118
7081
7028
7027
7001
6982
6873
6790
52
6724
6676
6675
6647
6563
5724
6555
6270
6195
6103
6066
6003
5939
5895
5890
5868
5856
137
5828
5786
5784
83
4457
5098
4367
4267
4260
4182
4155
4121
739
4092
4044
4017
3876
4268
3819
396
3751
3649
3592
3526
3520
3510
3387
3238
3235
3815
4290
3793
4324
4298
4321
4800
6176
1402
1380
3120
3479
6274
6279
6351
6440
1237
1227
3446
1148
1116
1114
6312
1412
1413
6171
4534
3605
3599
1533
4533
7168
5898
3528
6468
1482
5981
6001
4506
6017
6062
2546
4492
6157
5980
6508
1072
5849
6983
863
6995
3298
7006
7007
3271
4470
795
7029
7054
7055
767
766
7080
3189
4467
3317
1097
6951
921
1052
6521
6535
3441
3414
6590
3409
3407
3402
956
4476
950
6729
3181
3342
930
6858
3183
3719
5824
4772
4693
4989
2077
4993
2075
2073
2506
2058
5003
5006
4688
4099
5093
2700
5117
2815
5201
2168
1892
4935
2197
2489
2483
2422
2399
4742
2737
2739
2345
4874
2323
2267
2266
4881
2263
2218
4905
4309
4726
1566
5213
4605
5555
5556
4328
3814
4425
1689
2520
5654
5721
1651
5722
3771
5725
5732
3763
3761
4362
1739
5220
5530
5500
3960
2910
2934
5282
5285
3958
4602
3825
5343
5346
5351
5357
5380
5454
5475
5482
1785
4601
3584
7169
58
282
328
245
379
130
43
104
231
938
936
2522
2280
1513
3586
4424
3957
6174
2274
1145
6113
5223
4592
6923
5121
6707
4294
3319
2146
4408
2877
5508
2143
4292
3964
6073
3974
3024
3554
7002
5053
1474
6991
1483
2706
6046
4764
6392
344
4437
6961
3029
903
64
2691
3573
1772
5498
264
6069
6963
551
923
6070
925
2702
4296
4297
4458
3344
103
6862
2190
3657
2620
1588
6527
6175
4832
5187
3350
4332
1660
5159
6813
372
4610
4013
5165
234
6835
5571
1062
3091
1066
1621
1070
3068
5627
49
3056
4651
1709
1543
4775
6123
580
237
369
1699
990
3048
1130
2883
5151
5524
6889
2886
3982
6149
2557
2888
1563
6280
2564
1669
2186
3050
3661
3668
5269
2701
3263
3517
5795
5428
7099
6593
5783
5001
3462
5002
5782
7088
5946
5947
2441
6476
5962
5769
2341
2964
2748
2747
825
3891
4907
3447
288
5743
5915
1376
1970
2983
4504
2810
3190
5827
1992
4985
7149
2395
6507
5399
760
2785
1360
6501
1364
1366
5402
69
5366
4521
1306
4992
5413
5418
2960
6238
1460
360
5720
4145
7020
4262
6011
2314
2731
2736
2074
1848
4685
3429
3262
3259
7059
1452
5728
5988
7025
3440
2567
5410
5377
1216
1562
1453
6283
6793
5487
2981
1481
4731
5255
2488
6789
51
5400
2492
93
1369
1569
5462
4763
3013
6402
1233
6815
6248
1332
4128
1600
5179
78
2590
2389
3071
2388
5543
3074
2477
6533
