2526
915
1847
4832
1841
1845
7114
2523
5406
6553
5676
6534
5670
6285
911
913
2525
2787
5176
5668
5485
5897
1987
2274
2503
2521
2522
114
6950
5857
5178
2524
622
4846
2786
2564
2775
3061
4324
1922
899
2505
4839
2785
2440
6869
4834
236
4743
231
1020
7167
4746
2391
7015
6476
5242
3387
1982
4744
3068
234
862
1844
1843
237
2288
5219
5243
5234
2527
3619
3072
2553
4571
2349
117
916
869
2508
620
621
4849
6793
4847
2353
2304
6119
2552
4731
1846
5414
2797
1842
5671
5411
5175
7051
3407
5847
5241
2660
7158
5247
5119
5214
2813
2888
3650
3979
6299
4848
6063
2502
4598
5420
4363
6723
1997
6247
6717
3350
6195
1504
581
4841
3380
6955
1647
6184
1026
5930
3392
6312
4364
2784
3381
116
5588
5171
4722
698
4365
4845
2321
6731
2789
2520
6756
5416
5892
3669
7006
5250
5623
6895
2781
861
922
111
5843
2996
4747
6515
5621
4668
3517
5574
3264
5053
4784
238
6465
3257
1469
3515
521
484
430
892
2461
3354
3708
4584
6172
6177
3197
3972
3355
6698
1996
3192
6576
6647
5618
5419
1863
6188
6436
5237
924
6982
3239
7010
5240
1757
3649
4210
6790
6070
6567
3657
3004
3006
2256
6100
5269
4118
5215
5353
368
2780
2758
4741
2815
6958
3383
3386
2783
7169
6076
2661
2115
6713
2058
6695
1994
1892
6317
1747
6554
6552
2156
5244
3971
1386
5257
1421
6485
1464
1465
6481
1527
1537
5355
450
956
3697
4672
3471
2590
2577
2568
5047
2509
626
5991
4568
2182
6842
3608
2348
6796
5093
5110
3655
866
5487
3686
2198
3603
5626
6811
3069
5729
91
4941
4837
5672
7144
3233
230
130
70
254
551
4121
7059
6998
2752
2118
1443
7001
760
2397
3287
84
1992
2298
360
3499
1991
263
5674
1989
5627
990
6665
2152
6555
6514
910
4173
2036
4174
6523
233
5162
7121
5352
4685
5083
221
4671
4856
6432
6978
1060
1735
1306
5661
6491
3635
396
896
7009
925
6560
2293
259
2346
4557
628
137
4866
1544
6446
1576
2283
3213
7027
1840
3258
2496
7011
6443
3234
5786
2188
4937
3512
1543
6863
2117
4444
5861
5697
1984
2441
1333
3977
1332
1092
4270
6757
7082
1861
499
3237
482
3066
5248
6291
3405
770
2113
4068
1895
5994
5499
6529
2672
5434
6533
2665
2663
6525
513
5805
5980
3556
6766
4897
2396
3559
3572
3060
2565
5685
3260
4227
993
3564
5055
1821
3670
2547
6361
2112
5213
3522
2488
1156
3301
3676
5759
4597
1301
874
632
895
5564
2119
56
5556
629
1999
3005
2494
3849
6488
6062
1052
4807
3195
918
1499
1497
1614
829
2173
278
3712
5319
4734
2869
1054
4801
5608
826
2068
3236
1573
2724
1056
1475
1579
921
795
4125
4016
5871
1562
1028
6704
4949
6459
260
6511
6952
5255
2170
8
4748
2180
1014
7044
113
4462
4723
2040
5114
3129
3761
5673
961
5860
3567
959
4813
5278
5390
5642
3199
6065
2543
344
7062
4233
5161
2519
1990
2544
4110
229
3079
6297
6743
4448
1520
5067
6457
835
7148
5293
5421
5422
2455
4797
4853
5425
7130
867
6000
5769
4058
6175
64
5122
2796
822
2798
7079
5116
623
6841
2165
4781
1572
5624
2282
277
958
2819
5977
3665
4592
6640
6718
2810
5128
5167
897
6671
6101
6672
3656
1305
4464
745
3101
1722
6528
2083
6825
6103
6417
5328
7160
5589
4803
6167
3161
2664
3051
5595
3238
3600
6073
4017
1334
5599
2720
7057
2049
1748
1781
6703
4858
3577
2558
5133
4171
1677
3653
1607
3406
6912
2566
4163
2569
6097
3491
3994
4665
5609
2134
6794
4705
6667
893
3092
460
2345
999
6814
5080
5079
3769
2436
71
766
5069
6185
4519
4361
2332
5163
1122
1085
6669
100
2377
3590
3745
6198
4328
7107
717
2085
3764
731
2057
3059
4492
2073
2371
2370
6068
851
4838
3658
1063
6643
824
2319
3049
860
1094
6211
6208
4851
2364
2393
6096
6287
1393
3398
1649
1402
5266
6105
4989
4440
4130
4128
3388
6434
6438
2733
6968
1619
232
5254
1342
3677
6283
2670
2673
4401
6505
1688
4175
4172
456
3716
1374
4162
5898
5017
3678
249
3689
2799
1575
1488
319
2814
2868
5849
3318
1567
3701
110
3320
284
3704
1616
335
2788
4805
2163
1606
1605
3311
4112
7013
5705
7007
934
266
346
1472
268
1600
5709
2667
2645
188
3253
3255
619
4961
2507
3075
3667
1820
3671
5233
3271
5907
4228
2517
875
185
2500
4578
5760
5993
2253
872
2477
1201
6865
3523
1849
3071
2489
4895
637
3250
2546
5387
4900
1789
2548
2598
5716
529
898
5684
6561
522
5357
6383
5918
3105
5914
5597
4810
4854
5558
5682
2550
5667
567
4905
991
3493
2556
3675
5379
3231
3706
103
6719
6137
2074
985
3717
2154
3715
3726
2096
2178
1022
4397
2146
5471
6755
1036
1415
4133
1634
6428
3117
1664
1371
5251
4170
3996
5335
6415
4928
4179
6543
1336
3973
28
1720
1303
3947
1743
1745
4129
4126
3159
1617
1526
1548
6451
1558
4057
6470
6447
6477
6478
1492
5304
7157
1582
1594
4034
1454
6487
4116
1610
1612
1615
1436
4123
6490
1588
1749
1751
1754
6252
4300
6241
3815
5440
4320
4321
6657
3191
1995
3193
1913
3775
4355
4945
6690
4360
6693
3194
1062
3046
6707
3757
4951
3053
6174
1912
1182
1286
5720
5375
5679
6342
6341
1780
3916
4238
1241
5231
5429
1822
1829
6304
1831
3076
4262
7151
1209
1195
1869
5418
6295
5223
3077
1535
2185
2318
3396
4558
3634
6852
3393
6795
5561
7097
5822
3235
5881
3542
405
6003
684
2448
5954
5774
2290
3573
148
2890
5823
825
4806
6784
2573
4740
3374
7106
2607
5580
2615
2666
720
