4380
5688
3725
4448
6106
4447
304
5267
889
302
1277
1524
5646
319
80
1726
4440
2098
1490
2017
5686
3726
4387
6186
3493
2646
850
1744
4385
1278
5375
5320
4637
1720
7078
587
6187
303
6759
87
300
532
7104
4529
4383
3839
5361
7134
6104
7102
2136
2476
3723
2095
5687
1201
1207
306
307
3636
2142
2113
330
2147
5701
897
2144
3728
3633
6053
557
2143
318
6755
6101
871
1769
584
5894
5681
582
1523
2132
782
7091
1499
1979
489
1271
5266
895
313
4520
4386
1895
3014
3058
5358
81
1215
1722
3639
3592
3492
5702
534
2149
5128
1498
976
822
4562
4444
876
6188
1321
5058
5302
824
2651
2048
884
4864
331
3352
3357
898
5385
6189
1270
5355
6827
2151
1496
5093
5357
7100
553
6105
4567
2057
4325
978
1725
5090
4432
2643
3351
2010
2467
7075
2049
4821
1217
1205
301
1203
2154
4793
1272
1327
586
5336
787
789
3724
809
3722
4908
3684
3635
891
537
6054
3594
3595
436
893
7095
1109
583
1035
2141
6158
5091
1892
5739
1014
3353
5052
2092
5096
4446
5693
1379
5359
2015
5685
1973
335
4441
478
7070
4812
7108
6519
6844
1274
7093
89
5707
3300
433
5581
438
1734
6206
3634
1136
5269
6092
5700
7097
4238
2594
3354
896
6290
1323
4442
1208
4034
973
3499
2020
556
2018
3495
3954
4557
2516
4813
1036
1491
4556
13
82
353
4352
5684
4236
3746
4231
4976
358
2231
4899
4220
6821
3475
6209
5373
4699
2155
310
3721
1495
7040
308
2159
3382
4389
4729
639
744
5277
4829
6747
4728
1740
5044
6880
4528
3322
5647
5378
979
1748
496
5418
3203
2229
388
1218
409
4521
4449
3053
2469
1275
1992
977
7143
3598
899
2770
355
3350
3632
2730
2014
870
1276
5366
3472
4918
2386
784
3169
4553
3302
3264
613
1630
2114
580
3882
4111
5988
4720
2134
5748
699
676
1520
2146
6458
7099
2518
4343
2859
3727
5350
6982
5331
5353
5328
2800
5949
1320
5950
700
5059
3015
3490
6200
4119
5230
7111
1329
423
829
6181
6201
2464
1509
4388
3497
872
3591
2313
576
5426
4309
5013
4895
6343
881
3027
1790
888
1273
6131
5032
559
6288
1413
5966
4222
2980
1635
3869
741
1752
5351
4891
4828
5741
3206
2128
361
298
6984
3200
4667
4525
7096
2158
972
2642
7166
2025
3250
4776
2051
7101
3309
4734
6734
4638
5683
3470
3305
4693
3204
2138
4503
305
2756
6098
5054
1634
1633
2021
3496
3444
5276
1011
5952
6746
1517
5614
5611
5268
339
1130
4507
471
5365
585
6750
3099
2059
5540
1038
3268
1751
6376
7062
309
7119
6737
1522
1535
1182
5048
274
1640
4967
2130
6393
3308
1582
296
2473
5098
3359
6182
3991
1887
7094
6261
430
550
5565
3384
7105
3959
7106
2412
5589
2341
5533
886
4558
4001
1372
3859
1899
3866
3126
810
892
2450
3131
1896
4856
2716
234
518
6282
5323
785
6833
2514
4328
4563
6985
7076
6834
6310
6826
6819
6939
2123
6185
5081
7047
6394
3951
6591
3958
2137
7092
3999
4711
2923
6744
7051
6454
1625
5017
2055
1033
5709
3831
7136
1039
6337
757
1639
2592
1632
5272
3740
1629
1627
4727
291
827
2315
2024
1756
4393
332
1750
371
2291
6837
5382
5380
43
4036
3052
2470
323
5423
51
1206
7071
5587
2236
3037
2718
3631
2645
890
3320
2233
5467
5513
2751
2013
2279
3587
879
2275
5377
5379
4550
6655
2047
2656
549
2477
1333
2045
3125
6208
4753
535
2998
1897
6171
4758
4369
3599
4861
6849
1891
4382
1729
68
2218
851
4770
4489
1241
4866
40
6197
2654
4522
4811
4472
6074
4066
1214
32
4095
6123
2711
1487
4803
4698
5120
2528
4178
2647
6478
780
4275
4915
4381
4554
2878
5025
4303
6204
2778
2856
4360
4964
1008
4560
1322
1202
4226
856
6051
4526
4892
4138
4174
4894
4527
4223
4973
873
6195
4420
2381
6238
858
6494
64
4044
642
329
5311
2954
3263
3597
109
6443
6825
435
6824
6822
1669
598
5368
5295
3558
3127
294
2097
6278
1888
3122
7135
405
404
6879
6998
312
3621
5692
5364
3011
3720
1735
3707
501
1727
3094
3016
126
5421
5352
1757
2988
6912
2286
6841
189
3729
5428
1792
5899
1699
5480
5321
3306
5283
515
3376
384
3911
2012
3995
672
2011
1576
3947
3205
2028
3324
5563
3474
3957
1990
1588
2131
5185
2153
2042
3202
2145
6152
5643
1935
5724
2225
6345
883
3638
964
6205
135
6600
4538
6622
327
6610
875
167
3677
974
1021
5628
5694
494
4421
7067
5584
7068
499
4534
4898
4535
6623
276
4425
5469
1230
1797
290
3428
6618
6157
34
2482
2040
1890
2598
1939
3121
4825
2210
4485
2257
4502
1932
6202
4552
6515
6151
432
962
1798
1799
2252
1977
6633
188
281
2271
2511
5893
6159
2488
6330
6328
2712
6658
7107
5682
1796
1005
3059
5354
1064
5123
4068
611
242
3835
1649
2140
1418
4229
5040
1665
2769
1412
2921
5810
6884
4241
2090
5019
5129
4243
6749
4653
4247
671
5274
2157
658
2362
6459
3935
1580
1089
3913
4691
5086
4114
6338
2932
6184
5063
3909
1600
2148
2898
3867
1622
5723
5982
6253
5222
2908
2950
4357
4965
5964
267
2981
823
1133
1532
540
4963
552
1525
3000
73
4942
6193
6727
5951
6194
1138
5943
4594
1325
5980
4354
1345
3260
2953
6868
3301
2867
257
5706
5318
2957
3747
1034
554
1370
1510
4697
1357
5770
3743
2807
3201
214
3742
1346
4329
2510
4690
4695
2595
7090
2052
2053
7077
4580
2174
3303
4611
6889
3158
3136
2096
2591
3118
6612
4651
2044
2116
2039
2221
6585
6589
1529
2019
4205
6452
3830
1664
