5260
5744
4114
4034
3552
2398
741
4725
5673
7061
3056
1582
2175
4181
3317
1156
1332
246
2148
3556
1480
1364
572
3054
1368
6067
2616
2982
1366
502
3667
6756
1418
2304
6506
3576
6345
6907
5385
5117
2050
3059
5655
2094
3578
168
2647
1663
1299
5544
3053
2714
3550
1363
5128
576
5898
2051
2980
3559
5543
6754
2663
164
3557
4364
2026
260
4895
3529
1714
4183
5426
5586
5110
4450
1417
4587
823
6068
6153
1374
749
2330
5192
3967
1571
6059
2489
5548
3778
6358
5191
5429
593
6523
858
3954
1367
1361
2479
133
126
1157
129
3100
2463
2147
5095
317
2339
4971
1561
5026
1664
6060
1526
6071
3653
3521
6724
982
4038
3454
1414
2301
6299
746
6519
2156
4417
730
2987
2639
2624
2718
829
2464
2629
2637
3962
4393
827
733
857
7006
2058
251
3637
6187
1499
1413
1412
1402
1379
6158
5114
3825
6125
1177
3901
3958
3960
6840
1606
311
326
5495
4383
6992
6910
3084
1661
3089
6702
6343
5741
108
3456
3652
254
7075
4360
3957
3016
6052
6122
6054
6128
4344
6152
3082
2945
4439
3577
6308
6427
442
6064
3639
2638
4322
1205
3961
124
2186
5050
924
1780
6735
5212
1487
163
4656
5542
1572
1574
1588
870
7149
160
1376
5440
5743
121
1245
31
1334
5422
1249
5421
799
1936
6723
3572
978
1605
5849
1665
6265
3341
5499
983
3522
7086
3307
1786
559
1025
1580
7047
6055
1248
1266
1270
6109
6121
5761
1333
34
3771
431
432
5092
6183
6186
6789
5038
3666
6062
335
1531
1567
1847
328
1575
4976
71
6001
2539
6720
4731
4389
5462
4691
6604
4398
7095
161
6505
2030
167
2334
2367
2377
4451
4452
744
5427
2622
6515
2645
4746
2239
6725
123
1206
1934
4325
1948
261
1944
940
1998
1940
3086
3750
5436
3727
1105
3228
828
822
3197
1489
742
1360
377
581
2576
2594
1260
793
821
2618
5528
3109
1298
1306
745
2404
3914
6857
1997
855
1709
5492
1027
3555
1668
2031
5652
5658
5713
506
1603
6646
6728
3573
5361
6993
3443
1576
5643
2199
989
3155
2878
2873
6420
1563
6774
1945
2711
6501
2988
6788
6366
4210
4977
72
4396
4973
7077
103
4434
6057
4035
4786
4037
259
6069
127
128
5240
137
4732
4582
4710
4690
150
4631
4639
7115
5786
4095
5082
5998
4232
285
6083
5186
263
5116
7160
6511
2617
592
594
4498
5945
591
6361
6008
2609
3018
3114
6533
6309
2396
820
4586
3311
6575
560
843
2309
169
2504
5914
2633
2634
3019
5974
4390
3055
622
2969
4337
242
2895
4400
6418
7093
2835
6456
5688
2733
4416
165
6503
3083
2653
2652
4430
3088
5990
2641
4445
4446
2636
3110
6956
2478
5549
45
1431
5088
5084
1556
5793
1416
1578
6770
1056
1622
1629
1667
6747
73
1705
5090
1369
1216
1258
5198
1273
1290
5201
5106
1162
5142
5765
6848
1147
5766
1365
1302
4658
1014
1770
4757
1974
2040
5665
6643
6641
941
142
6266
5892
6929
155
2252
5450
2140
5493
943
6700
1771
1774
1778
1779
1787
986
945
4808
1824
6722
6721
7142
6711
1879
4807
5547
5753
3651
7058
3683
6244
3890
6228
3691
5322
4187
494
6200
4130
3564
3903
307
6076
6225
4107
3919
4083
6120
2381
6582
5962
3656
1337
3567
316
3657
5662
3574
226
5605
927
1991
7130
736
5301
2337
739
3579
4456
4457
1992
4472
919
4442
1348
4422
5736
1941
6426
1555
5691
6046
6436
2785
4066
6078
1303
942
166
4135
5151
3650
162
1538
312
6472
6963
125
1949
6961
6693
1335
6689
5752
751
5030
3659
1400
5425
1401
1408
2462
2461
1409
2221
1463
2455
5428
3682
2184
2193
4584
2213
1411
4675
40
6222
4585
3627
4589
41
825
4716
6113
4537
2136
2023
2620
5125
3582
4740
2610
6217
5115
6422
2032
840
2052
5419
4730
2063
6597
5942
778
1375
1130
458
1377
2496
6518
5211
4625
3698
6261
5489
5992
3123
5215
3996
3102
6367
5217
6732
272
4326
3554
6167
6893
302
264
3524
3050
3038
3029
3024
430
6737
5995
6356
6352
1209
5533
3415
1633
5193
4230
4017
292
4199
85
1795
4233
4
1669
6750
6342
3193
6155
4974
1586
6349
5540
1666
3526
6050
1826
4392
2940
1294
1560
2978
2877
1570
977
250
4784
2964
3751
3758
1297
115
5712
5234
948
258
979
952
3011
1085
3763
3760
1676
1100
5511
5722
362
7055
4927
1946
6772
6616
6156
1707
4938
120
6706
3755
5541
333
4019
417
6759
157
6757
1109
81
82
5893
4005
3677
1654
1553
4963
3754
6609
1569
5483
6075
87
6126
4032
1015
4028
1816
6892
4738
1775
5323
1812
3773
5749
4741
6727
5027
5852
4875
4753
1979
921
6202
1988
4830
1533
5843
4031
5790
6786
3692
4891
6157
53
4975
1072
5653
1740
5241
1955
3685
6888
434
3766
972
1744
6129
4726
5814
7065
5465
2067
1820
6196
974
3689
3686
6127
5093
851
2963
655
2966
304
517
1295
1293
6845
1292
2994
1291
1285
6994
3528
3023
3052
3057
6847
6091
5645
2955
5625
5277
5396
1301
679
6412
2871
1300
2303
2874
513
6410
2887
6102
2898
6396
2947
2959
2784
3069
3075
4264
4254
1252
4243
5190
3449
4237
290
3430
3420
4231
5357
6268
1198
7007
6842
3386
1253
5163
3178
6348
5576
5166
268
3508
611
610
3505
1268
604
6090
275
3485
6245
6248
3459
299
1189
6346
5205
5973
4532
2406
6224
4581
1616
2470
2474
3963
5929
6968
4524
2508
6112
5112
771
7043
4583
6510
2403
1410
6584
3878
332
4106
6570
479
836
2365
5249
2369
5250
5684
5910
1117
5651
2399
2571
4956
7110
4471
2627
2625
2719
3908
4431
4119
366
753
2621
