3851
3260
3853
965
5265
3854
966
5262
963
964
962
3859
967
1631
1632
1630
961
969
3015
6779
3850
6092
3855
4566
4663
6778
239
306
960
6777
6772
3677
4941
1825
2238
2297
3263
6776
5708
5704
5701
7119
1637
3858
4949
5266
968
5287
4795
5709
1765
6649
3016
6098
2897
1636
6846
3671
1947
3676
1688
3014
5802
1638
2024
1829
3679
404
3268
3726
6604
4943
2291
1948
2875
7100
1451
1490
486
313
1760
4564
5702
6960
4501
4637
5022
1722
234
5818
302
871
1759
4560
6651
5099
3210
1882
6842
6609
6601
7070
303
5732
2
5584
7093
6832
1231
4503
2299
6605
1940
3259
1278
4836
5104
6206
5700
4973
405
5643
1191
5707
4790
3681
5375
783
2997
6629
112
6624
5193
5320
1769
6646
5280
6656
5670
2026
1497
319
4609
1973
1639
6198
1495
1763
5665
5676
2292
4165
5852
6234
5705
4638
3869
3878
4231
6323
1944
5739
1768
4635
5749
1274
5850
1946
6607
2870
6650
3675
3269
6632
1023
5322
3281
6654
6909
4711
6916
6648
147
7108
6770
3692
4942
604
800
4275
6501
5809
1422
876
5788
3684
5782
4138
2145
6839
2017
2021
4500
1734
3461
1767
6659
5058
4166
4205
1898
1504
3994
1949
885
2020
1520
1335
6397
541
2461
6886
2859
2432
6428
4077
4481
889
3729
1087
487
2468
2298
5646
1203
3414
6653
3856
1892
5190
2426
1967
2784
5356
335
3745
4207
5930
4765
597
6511
4993
5003
6534
5006
1142
6759
5034
1729
304
727
3463
2517
5055
1034
5069
5282
6831
2167
7104
6610
1428
7078
875
1424
7076
235
232
230
6965
1331
1339
884
2991
7095
5829
1432
6224
3725
3721
6233
1277
5286
4447
111
5291
4168
6643
2820
2025
1363
1545
6820
1347
660
617
887
669
6612
409
4293
697
4323
4556
4516
6635
1491
4244
6232
1194
6608
4285
6382
2121
6110
4998
5292
5328
5451
4668
5784
1671
2269
2293
5030
4636
2322
5703
5799
3469
2401
5681
7135
2684
182
2679
180
5147
5514
2535
5197
4013
5295
3061
3012
5787
2798
312
4799
5
3868
4835
4840
5406
5422
3728
3682
1894
1899
2127
3672
3674
2052
4161
5845
4163
4991
4685
2028
2589
3602
274
2915
3062
872
6633
2944
5316
4019
6634
4016
3027
2980
2952
6622
6697
5288
3790
6834
3908
3670
3628
4975
607
3571
4994
4997
3945
5005
6645
5023
4387
5041
6741
6621
3467
5057
6658
3316
3312
3232
5261
4012
5028
907
2739
6611
5706
1304
2303
2260
5785
2218
1379
1388
5792
5808
6847
4272
5851
2029
5687
5920
5944
1503
1942
1509
1890
5986
6196
5990
4201
1575
1587
1799
6151
4569
6214
1273
5683
1230
2871
2828
6606
2827
2826
5439
2791
2788
2783
2718
2710
5487
2688
6590
2670
6517
5515
6394
2464
1200
4653
6410
2515
2906
5587
1100
4336
6493
1089
5519
1071
1134
6882
2235
224
7074
423
4453
117
116
7125
227
185
477
6888
110
34
333
4446
187
432
171
106
6985
4431
1327
6329
1046
2144
4954
4751
5336
3468
3466
2023
5526
5800
3452
72
3443
5061
4623
3011
5067
7134
3464
7057
5016
2019
3579
5882
7042
4974
4164
254
4444
3558
5840
2970
932
6321
7148
5000
6603
2800
3947
5008
5361
2120
2126
4281
2766
7064
4737
3416
2451
2455
5509
2674
2484
4322
6640
6451
7122
1143
2510
5669
846
3139
4655
2657
3124
6476
4330
5276
4086
3079
2610
1088
5268
2209
4721
4121
2229
3017
5771
5764
4399
4040
6367
5734
3025
3359
5724
6652
3349
5331
1226
3322
3314
4367
5486
7090
5697
3303
5689
4477
6690
5949
2133
4947
294
1781
6051
4208
4553
4204
566
3782
6000
2843
4768
6926
585
2935
1901
1906
5995
595
6836
6841
5381
2909
4042
4
6144
2911
1645
1754
6122
1524
2866
4046
1727
301
4842
5398
6106
6597
430
7014
5364
613
1941
1415
3941
308
6918
5195
5196
3217
1190
3214
4315
775
2437
6203
310
5209
2686
161
2955
3903
4944
5317
5511
6938
7128
2431
449
86
600
6286
3786
5141
639
5694
3295
4603
5688
1744
5327
5682
3283
2402
3988
4220
1201
188
1736
6655
4433
3599
3601
3615
2488
2672
6642
6627
1083
3110
6479
100
2577
5285
3060
4462
2802
6983
5551
6481
877
879
4018
3932
2613
883
3640
5948
4525
2631
1117
861
6176
5564
4416
6438
6105
3625
136
5626
838
6638
5263
6454
1532
3311
6282
3845
2912
4957
6194
5272
6911
3862
6618
4241
2652
6187
5610
300
2353
7089
3513
1370
3697
5427
5817
1421
2998
1881
2999
6928
2733
2158
2163
2927
3465
5980
6599
5803
5056
6974
1766
2181
1928
2751
6920
4388
4389
4594
1430
1020
2095
2975
668
658
3685
4999
4502
1040
6595
6324
2113
4678
6533
1021
5857
1044
6771
2816
5018
1897
2823
2022
3723
6932
1796
7068
482
553
6933
3358
4071
5953
6695
2355
4370
6691
7153
4578
3909
5129
2362
4127
1225
295
6602
6361
3761
6368
6975
3423
6919
3760
4873
609
3746
2231
2239
5407
4757
3018
567
5772
559
5770
6351
2775
2675
2857
5522
4687
6548
1022
1030
6560
6542
2756
7098
2714
4047
5498
2805
5394
2708
158
2872
4249
4793
2619
4546
1896
4442
1900
1910
1912
1427
1919
5971
1887
1420
4542
1954
1966
4540
5924
1990
1997
2004
5899
4543
1880
5977
5978
6165
1588
6162
6160
1617
324
318
1686
314
6103
1522
6998
6078
4437
6054
6052
1822
1832
5998
350
1857
1366
1361
1351
1350
6400
4313
1204
6403
4314
2429
6415
5663
6423
2462
2463
2467
5647
4321
5629
4656
5589
6471
5562
2581
1106
2381
5533
2360
2325
2103
4448
2116
5827
1337
6963
5822
5821
1319
7060
2147
5815
2165
2166
2196
2203
229
225
5774
2272
6356
5718
