5279
3953
537
2380
3145
539
5591
3957
3956
538
3143
3955
3142
5275
6982
1753
4722
5380
3140
3946
7099
550
530
1011
1483
1858
5961
616
2150
361
532
2383
598
370
615
3950
2153
531
579
994
6305
5274
5351
3936
2112
4728
3356
4726
292
3937
5269
3954
4720
891
2096
1487
1323
243
1851
6303
3357
996
3366
1488
321
3951
352
3591
3605
2177
6306
6300
2387
3952
3494
2382
6137
2117
6342
1854
699
6362
656
555
6182
3635
3051
3707
5946
1102
295
2384
619
554
536
3498
3148
93
558
795
798
3590
898
6156
2159
267
3934
3973
2386
7118
1749
2152
2154
3169
3596
6316
3050
1328
2111
1757
5278
1036
896
6188
2130
3264
5589
2803
551
3354
3499
6343
803
5357
1600
6302
228
3278
5355
5093
4753
6347
6180
1012
4898
2801
4861
1728
1325
363
4826
323
320
1855
6345
1532
3276
2157
2155
5010
3147
5598
4482
2840
5444
4911
3551
3403
6318
6346
781
5350
4694
5352
385
4347
1856
355
1746
4408
5689
6311
2842
2174
5491
7059
6801
256
252
3270
3592
2849
1857
1535
7036
894
3384
3732
5058
3931
1440
5025
98
890
4897
2389
4899
671
489
1010
2388
6837
5377
545
999
3939
5288
253
826
1591
6340
3958
2284
3437
5465
1413
2092
434
1778
5395
4912
6189
3432
2156
4624
6983
328
5596
1860
4445
6181
3277
5359
6985
6136
1785
3279
6838
6314
1383
4761
5264
657
7038
296
589
77
6195
580
4144
4143
325
1720
4480
61
5169
5160
6197
6319
1372
4904
3445
652
381
586
3324
672
3369
166
1446
4610
3438
5812
796
6341
4339
1893
792
3274
3350
789
1506
5072
4306
3597
3488
2220
6293
676
3139
2843
4918
1603
3144
990
4721
2845
2354
1601
5184
6312
574
578
997
5640
582
6127
3352
4857
3806
3655
3733
6804
5941
4905
4950
548
1007
993
5925
4902
483
1837
6309
6296
5545
6130
1764
1121
6761
376
6710
5583
7040
3983
2310
6706
4723
1918
5897
6731
757
2151
2158
674
7114
4149
4727
2212
4724
132
4487
297
1355
5224
5907
3638
327
611
1481
1329
1507
785
2115
91
3273
6587
5509
716
1577
2847
485
4595
4598
788
5540
1027
2954
791
6243
1536
7077
4703
451
5353
1859
3495
5348
5313
1443
709
1320
3172
4515
636
1243
631
3406
5447
4483
1349
613
3385
1745
1743
937
5188
596
1759
1650
1376
6862
2846
828
6836
6298
4582
3328
1604
4371
2844
3483
4915
4914
7033
1615
6247
1634
673
897
3706
415
4133
4120
1997
5715
2360
4288
5903
3149
411
2134
6666
413
412
2381
3802
2314
4054
3130
3171
4091
250
6736
2510
435
378
3959
324
2343
273
4141
134
2370
2374
3052
3013
590
2093
2367
1075
5683
2993
2422
5221
1345
549
3402
6525
97
2379
2051
3480
3404
3286
2885
2884
5470
4409
6475
3935
820
5310
6439
298
3434
2137
6253
4596
5730
5374
7116
3216
1580
3271
678
1611
1608
4578
4043
3449
5722
3275
326
4440
2806
2807
2110
794
7107
3196
6348
6107
1670
4693
6887
7111
3430
6716
1676
5659
3408
4239
1170
1850
3236
1006
1005
486
1017
3644
490
33
5940
494
992
4901
6168
2757
1148
1026
5584
6153
1116
5590
5963
1895
6142
3702
5091
5020
427
5019
1862
462
5101
2635
4378
4575
3059
3543
2981
7159
63
5182
68
6184
1994
1777
5360
3888
5777
5778
1286
4044
3421
737
5103
1921
4671
7005
5002
6104
6344
2893
1153
3122
1524
893
221
5900
6737
1326
1080
5746
5968
1588
3359
247
6527
4827
3397
1584
1582
5756
1313
899
3737
6987
5757
720
5915
2224
5773
736
1164
4692
5243
1447
2540
6390
2460
4913
4908
6555
821
5136
7000
1241
4903
6553
830
3136
3822
2359
6937
2363
3141
1250
5167
4892
4754
5816
4925
6897
2877
5947
3748
3749
2277
3699
6024
4014
691
5315
3620
3948
3994
5181
7126
1476
1182
3300
799
5942
1405
1272
809
6583
3990
6441
5581
258
6325
4407
2005
4298
4457
5480
2750
2143
2755
1742
3440
1993
6299
4557
6095
4299
6597
3482
3492
6809
5604
4489
3461
354
6259
3079
6742
2118
5594
3520
4137
3262
5548
1723
4296
6803
4304
1801
5468
6839
6829
2794
6808
279
4375
272
2063
572
3239
504
6794
4290
1727
5701
4098
595
6332
2799
1740
1358
1747
5270
7037
3560
1845
358
3637
6700
2058
5541
3282
349
4766
6697
4756
117
5682
3740
575
5248
3949
1852
5266
1379
6211
7067
7035
576
5672
546
3559
3875
5918
3244
4351
6089
3386
1789
4256
3064
991
3856
3175
4376
6552
6434
6133
4373
4919
4264
3799
3085
3317
4369
42
4357
4909
3808
3880
5521
1999
6183
96
552
6696
5905
3232
5220
4825
5910
5513
6317
3156
6780
5913
1762
1324
6194
3377
6173
5209
3490
3383
3646
3647
3545
73
6679
4248
3884
5273
499
4419
6730
5404
3441
5358
4048
291
2604
7055
4045
6330
6030
1525
2242
1643
6532
1644
2248
3723
5347
3446
5344
4672
5341
1151
1112
5081
3347
3436
1508
6154
4309
3353
251
1071
2600
698
6147
677
5754
4588
6745
5059
4104
4068
1579
4571
5972
4569
1063
6150
2588
6880
4594
2215
1566
5047
3572
5970
5768
1904
5964
1658
4327
2319
7048
1655
806
807
1461
4459
3970
1445
7096
6701
2349
1137
1435
3014
5953
5984
2356
2358
5118
2079
4729
6564
4165
4139
2710
6584
629
3044
3463
1486
2113
3045
5566
5808
4513
2123
3105
7125
639
1485
3615
1120
6805
4981
2584
3800
3801
6167
1832
3518
2771
4301
1159
3730
6149
4268
1119
1130
4266
4332
6304
3739
6461
6413
2553
3735
4341
1123
1101
3708
5009
1748
3803
2680
4033
4522
4514
4512
