5027
3867
4086
3869
4089
6231
4085
4918
5929
5023
1230
3294
2672
4483
3989
3169
660
4658
4657
5028
1005
2482
6224
1117
1886
5029
2227
1885
2945
5501
3987
3698
3860
1881
4726
4653
326
2062
1101
663
4551
3732
830
4435
4248
5693
167
1571
1270
2993
4652
4619
6233
6858
1413
4702
4125
823
1888
3957
1887
1813
1889
4480
115
3164
4913
3597
2401
4486
4035
566
5887
601
1102
4704
4700
5776
3098
5499
117
4916
4838
6237
609
3763
3478
2980
3862
539
759
6017
1662
4519
4708
3338
564
7149
3546
624
503
5927
139
4111
5928
5386
3868
3003
5026
2819
2767
5632
1191
1408
4914
1364
5635
2855
927
4510
1347
174
4514
5115
6712
6319
166
4929
4516
4223
2458
2986
4226
6893
2638
6226
2992
6236
4010
4919
1063
6405
169
4074
1838
5920
6244
5922
6521
6230
4081
943
1345
4659
926
2177
795
814
3746
3301
3295
4445
3293
1190
3647
2046
4440
1680
5097
5584
1339
1438
2645
1112
6588
5021
244
3565
680
687
5140
688
2680
4908
1060
3535
3539
2491
6854
4689
4705
262
1214
248
4701
1603
2616
3749
403
288
3767
2853
2614
2691
4915
4420
5275
7151
3024
3029
1489
5757
1315
4146
689
1383
6890
5718
2386
1335
2189
928
4331
4345
1368
1401
2042
5565
4438
6390
2196
1869
5478
5876
572
5885
4922
4921
190
4645
5883
4940
5832
3462
4917
3985
4076
3988
4338
1732
5636
3769
806
794
5886
920
914
7051
603
7078
5302
1161
3747
3743
3740
335
3733
5557
834
1058
3986
4383
7080
2780
909
929
2215
536
6729
6877
4616
6878
5424
2372
6704
1883
6479
6701
4122
6706
450
3849
3843
5750
2332
3818
4084
1977
4555
5495
5483
3814
6711
698
981
3983
6700
5925
1100
2622
5852
1619
3330
6818
1505
5259
1338
1432
1431
177
179
2885
2974
5059
5198
4911
4910
6345
6780
5069
236
6408
33
2905
5114
2951
3459
6340
3428
6318
2814
3090
2824
110
5142
3426
1314
6855
6857
4326
6314
7022
3948
1818
3524
2186
5924
5116
6222
506
6523
3070
4681
1082
3558
2160
435
3840
2892
6443
799
796
1318
793
247
3087
3863
458
5960
5649
3887
5661
216
2948
4613
6332
6873
5846
3429
5696
2255
691
119
586
2404
5727
1024
593
3454
595
5119
137
2442
4488
740
1535
211
6229
681
4489
3984
684
5197
2200
3425
4925
530
531
1830
2350
2982
1978
5669
2226
1105
4145
3633
3748
3632
3579
3731
3592
3735
4709
2044
7134
5315
6993
1210
1360
810
3794
3778
4340
5601
1387
3620
3739
1169
4341
4725
1376
3292
317
5563
4335
3727
1375
2679
5426
3628
2045
4079
2400
4976
7156
2402
1975
4620
749
1728
1539
5875
1052
2040
2223
2737
6708
1160
3137
1437
6871
6899
291
729
5850
3346
154
5415
4622
4969
2743
6328
4615
3644
5772
2357
4114
5766
5765
6565
2315
5754
1003
3255
5274
2088
3236
1310
2336
2793
4831
7083
298
695
4201
6702
3458
3738
4368
1500
4614
3736
5496
5613
135
6876
3388
4565
6641
5484
4568
3033
5045
978
3435
1014
132
1729
3689
3901
1236
3533
1786
3320
671
1424
4909
6434
6448
4336
1611
4333
820
6171
2599
2669
253
5338
4676
3167
5385
3865
4476
1358
1231
4482
2646
1764
3824
4905
5955
5389
3899
921
6727
4912
1788
507
6183
3604
2612
2141
758
1605
5407
5640
5639
7162
6076
753
4649
5884
1150
3826
4416
6466
4891
5319
2884
1402
3790
3505
1114
1141
3570
6001
2008
4403
2021
3225
1319
4434
3323
1460
6325
4411
4197
3093
3326
2165
6316
690
4160
37
5126
4424
1468
4443
2175
4346
1349
2035
891
4276
4491
1400
2237
5663
1433
2229
4375
3291
743
2209
1372
6362
2213
828
4379
5660
1409
5731
3162
3099
5492
1378
2277
57
4456
781
4560
925
3150
5077
5550
4381
3122
50
821
1949
3393
4457
1502
433
1251
2484
3484
4920
6054
5193
6829
1548
4855
1545
3768
285
1834
1734
6261
6262
4744
4024
1840
1107
2995
2735
561
2505
5923
3797
673
4703
1119
7146
252
2655
3846
4894
2580
6436
3548
395
4044
1792
4686
1232
5952
6717
5330
1076
2528
3942
2519
3959
3517
6204
565
6825
1118
3648
3737
4610
3734
129
6596
3720
5752
4129
613
3445
1882
7138
6305
640
3730
631
5781
5025
1699
6299
1870
5153
134
1312
4054
665
1859
6267
6270
1181
3461
1163
1865
6875
3741
4141
1868
605
1164
1501
1009
1180
5112
5351
1618
7041
1670
1758
4834
4723
4430
1197
5249
1374
4766
5256
1162
4760
4854
5558
1740
1168
5551
5260
1744
4727
1642
890
2048
2029
4870
5270
1379
5325
996
1609
5166
6648
7035
4965
4552
4624
7071
5155
6516
1444
4561
4609
5488
6524
1478
5444
1918
1884
7068
1007
4596
1002
1908
1309
4597
1897
1892
1849
6606
945
1048
1608
6538
5543
1600
4697
4895
5377
1789
4902
1356
1816
1819
5204
1110
5535
5397
6535
5199
5117
1988
4502
1546
1541
1540
1833
1430
5175
1835
4487
5395
1386
3970
678
677
6105
2739
5745
358
2734
679
3460
3760
6399
635
5779
6292
4099
5801
3018
2374
5744
6454
4273
3335
4271
165
4256
5710
4236
2998
58
60
5726
6151
6821
3138
7139
2781
4224
2694
2388
607
5889
95
5999
97
2506
502
2621
2640
3943
2606
434
5951
5953
6850
467
2590
2617
535
538
4003
604
6323
597
2406
2407
6834
3399
4063
6874
6870
4036
2656
3058
2454
91
3089
4005
3334
293
457
7153
6227
7091
797
6190
2105
2182
774
2123
6187
3321
2180
7142
3531
3479
5628
3282
4376
178
3317
848
3304
785
214
6239
6348
7089
826
2955
6754
2150
6253
286
746
2908
6228
2880
833
