5285
4994
4995
4997
5006
5282
5280
5003
4999
4996
5008
4990
5286
5009
5289
5000
5004
4993
4998
5001
2874
4991
4992
5281
5005
6820
5007
2876
5099
5284
3672
522
4154
1371
6778
2877
6919
1324
1370
1391
2879
5161
6149
2307
4407
2287
1013
283
5265
4115
3159
4049
2071
1399
1334
59
404
3161
4477
2850
3154
1379
7072
1097
1821
475
3850
3936
6684
5536
1394
5195
171
3150
3116
6664
2131
6660
124
3221
3645
3653
2660
25
6428
5911
1822
508
7160
4543
287
6251
4579
2028
2038
516
4436
2991
2871
6905
5945
2815
5382
3341
27
2375
3167
5659
6861
2249
5262
1873
6547
42
6832
2634
147
45
5196
3064
6699
5530
5532
3855
3237
289
3851
2870
407
3799
6929
3791
1
5588
3854
4090
6178
5123
1876
4862
4866
1029
226
6067
3273
6060
55
222
7119
4964
6144
6751
515
1494
5595
2853
2023
2455
3609
2011
5582
4716
6692
521
1335
4663
1204
285
1337
5533
2872
589
5589
4206
3070
6553
5700
5707
1323
3157
4836
4781
5333
4168
6090
282
2488
3853
2115
875
5134
280
5309
5596
4165
2024
2168
2875
1825
4041
3878
5523
2077
227
2139
5665
5585
1850
4048
2500
410
4583
2309
1390
2568
4588
1332
6779
6777
6771
4533
1456
6741
3641
3114
2399
3222
1393
6697
6695
6691
3658
4972
6686
2583
6939
4573
1653
3423
6928
3788
1189
4576
6909
3312
1023
186
4631
4017
2117
3804
4580
4512
2591
30
4546
3208
2145
6737
4080
24
3359
871
3447
4539
6843
887
5066
6746
5064
5234
3155
5522
50
4039
1336
3482
4585
2410
2298
4937
1538
1106
3234
6336
2731
4161
182
6043
6238
1823
2296
6232
3796
415
4155
413
6145
6069
6141
615
2949
1668
1780
6197
4931
2845
4163
2411
816
5226
2873
3623
4754
2846
4481
910
5701
5713
967
1476
1896
4840
6460
7115
4890
4892
396
2302
5822
1872
2126
4446
2577
4492
2201
2560
5043
4549
414
4956
4949
4944
2681
2671
4864
2631
4758
4746
2603
2299
5041
2418
2292
2291
2797
2278
4581
4180
4575
4571
5124
4547
5182
3231
966
6722
3513
106
6645
1395
6631
6622
1418
1430
3631
6558
6540
6536
639
638
3062
1509
6440
1510
6421
1518
2179
962
1546
172
6725
3677
1339
6761
7131
7065
3260
1032
7052
21
3220
7034
29
6997
6968
3201
3165
3357
3380
48
3418
53
58
6904
1268
6888
6846
6830
3156
6757
627
5779
930
4012
1824
2858
5986
5332
235
2070
5434
4045
6072
5838
916
2025
1878
3919
293
5710
1928
5590
5587
5829
322
1974
935
5194
183
2817
3232
6161
6159
6157
3790
6130
6096
5302
5310
3228
3229
2792
4457
2534
4042
3240
4040
3213
4164
4066
4110
4098
3429
3734
3915
2775
3741
4290
3025
2964
2697
3029
2690
634
3801
4358
3803
4372
4002
3809
528
3643
3876
4405
3911
3144
3914
3607
3152
2709
4420
518
3663
4141
4418
1871
5890
6667
5815
995
5718
5664
1898
1900
1951
277
1993
1997
288
2004
6698
5481
2036
5464
6776
5399
5381
5353
6790
5321
5295
1502
1321
2513
1829
1828
5977
6471
1504
6542
1560
1582
141
1443
1586
6579
6280
6261
1636
1650
6862
6593
6164
6163
6162
1677
987
1398
1715
6628
6052
220
225
928
1392
6188
5231
6792
6988
6963
38
1024
5219
4853
7033
4816
7050
4788
4739
4736
4717
7079
4685
4668
2421
1130
5
4572
4548
4542
4540
2461
4489
4479
2346
4936
6513
5083
5120
2178
5186
6923
6960
2290
2294
2176
5188
391
1267
5189
6926
392
6937
419
357
2306
1208
2205
1331
1092
3065
1450
1044
3067
1206
1132
1441
3113
1432
1133
1266
1137
1139
3163
3153
1388
1264
3160
1293
2517
3044
2276
2791
2787
2739
2733
2303
2317
2696
2693
2349
2670
2207
2367
2665
2651
2635
2368
2370
824
2413
2426
2436
2457
2470
2667
1458
2202
2138
1533
964
963
3001
2999
1587
1661
2972
1667
944
1687
2172
2946
2921
918
1874
1897
754
2029
2045
2112
878
2132
872
1807
2140
7169
1049
5261
143
4401
526
6537
6532
4378
520
3233
6486
5802
6424
4462
4467
6505
4471
4373
5263
6662
6642
5078
4243
4245
4255
6080
4271
6605
4328
6602
337
6601
5266
4272
4188
5244
4531
6339
4938
4942
6284
176
6094
4933
397
368
5141
5037
5047
6107
5065
179
4513
5183
4795
4544
5233
4545
5224
4607
4662
170
6401
4684
6379
4712
5184
6374
4780
5198
6681
6637
6682
5898
5538
7054
281
7026
239
7093
5906
6985
646
6962
4132
3664
3670
35
5525
5616
662
3
3241
3277
3278
260
7159
7107
5657
3352
3356
3404
668
7
664
3316
3671
3655
5984
6694
4131
5356
6015
5987
4072
5450
575
5460
6759
6786
3951
5477
6793
5080
6831
5490
3676
5521
5516
5485
6938
3807
6911
5495
6925
6884
1857
6051
6046
6099
6048
6098
1681
6070
5821
5828
6073
5845
1781
5962
1826
1724
6093
1866
1746
6086
6467
6192
6735
6739
6742
6775
6787
6800
6836
1320
6859
6902
1262
1250
6707
6950
1194
1152
7039
7056
7057
7063
1131
1126
1104
1103
7134
1082
7002
6138
1378
6657
1659
6240
6257
1640
1599
1594
1576
1544
6377
6382
6409
6414
6703
6415
6420
6457
6492
6555
1442
6594
6596
1422
6603
6614
1396
6636
1519
5799
3238
5769
3874
3905
3918
3933
3976
3978
4011
4064
2862
2857
4092
4116
4118
2843
2842
4166
2794
4197
4211
4213
2752
2714
4296
4299
4321
4342
2675
4348
4350
3858
2940
3802
3800
3227
3289
3212
3210
3354
3445
3468
3474
3488
3573
3602
3610
3612
3139
2668
3117
3620
3629
3112
3101
3086
3082
3652
3061
3673
3022
3679
3681
3731
3794
3613
5784
4371
4397
5135
2206
5146
5170
5187
5229
