5288
3933
5683
6836
3354
5278
3356
3931
3362
6839
990
579
803
5287
2113
98
1488
2505
1320
2152
841
1893
5689
4981
2543
1842
2115
5682
5277
3360
1631
100
4102
1577
994
1898
4967
5589
5701
2130
3635
5895
5243
3955
6837
2112
1897
1324
1581
3357
1845
4117
4531
2233
4728
2934
4539
6982
1246
2554
3262
3938
5998
3494
1896
5269
166
5242
7099
3306
3264
2111
2117
5588
2936
4982
5266
1762
6985
6745
3671
3366
2218
5427
2852
4532
7007
5416
3939
552
808
6154
5980
1892
3934
3773
5716
7167
3935
3936
5247
1483
7130
1574
4105
5717
1572
555
148
5714
1734
7036
2811
2810
2234
3369
1637
4299
3365
4296
532
165
2347
5897
4104
1825
1579
1040
4678
4373
1639
178
3788
4755
1333
7132
1665
6727
7078
5964
2026
2267
2788
4376
4370
2158
3260
807
2167
4506
2932
6346
2163
7070
5711
4581
93
91
1473
115
2121
809
5509
4839
5971
1118
7009
3139
6675
1124
5522
5381
221
657
2938
4298
6356
3198
4915
1182
1536
1288
4339
1175
6742
1544
4050
2935
3258
2078
5611
1326
4945
3351
4120
5275
937
2954
5279
768
5268
1829
6950
5757
2918
1011
5425
5422
1997
4721
4675
6182
6490
6885
3652
430
5546
1113
5317
2304
6747
1109
2457
1750
2548
439
806
6561
6180
3143
6225
1890
6673
4128
5432
4052
6210
698
6486
5274
502
5475
5158
1891
700
5241
3252
2818
1530
2129
1673
3428
1674
1532
1339
104
4533
4534
2551
4633
4638
2590
1406
4722
4893
1247
4747
1622
7128
4327
3571
4420
6563
6555
1921
4259
4580
4574
1636
5486
7000
7001
3777
1996
1783
6592
1621
5234
5240
1720
4740
4109
1060
4
6617
3882
3492
2510
2896
5315
6067
3940
2318
913
5542
691
556
501
1570
509
1576
7062
2680
762
1607
5815
2615
3707
2997
1588
4292
1561
1560
896
7137
4512
5612
846
1519
5715
3776
6172
2153
7045
1543
2690
4437
5947
3263
3197
5159
5095
4164
4853
5046
1107
6838
2544
3367
1101
4940
4977
6746
2778
2265
1283
2558
5217
4947
5214
3830
2535
6117
2237
5212
4773
63
2355
4873
3678
7076
3368
1573
801
1575
6324
3770
2814
2939
6821
3231
1482
4274
2817
5598
4048
1510
2477
1282
4845
2348
6361
6357
5112
800
291
1540
3667
5667
1578
2454
2358
3008
3765
5920
2388
4935
3963
574
1623
1624
6799
2079
1661
3762
2029
7165
6036
3631
6781
4963
3945
1625
4988
6766
5017
795
2612
2128
2456
2483
3179
4433
1178
754
4911
5830
741
733
538
4430
3170
3557
3168
3382
7116
3697
1580
5583
4944
6972
4099
161
981
1789
4652
3498
4594
5411
966
1020
4578
6679
6613
361
5415
4597
6564
1785
6956
3723
2508
3884
1416
5178
5355
2629
4103
3467
6584
6958
6697
5310
1428
4106
1998
5176
4072
3352
5201
5263
6695
6655
2489
1331
5244
2734
7015
5249
6827
307
6481
5545
4538
3637
4264
328
5216
2000
5474
4215
5273
4746
1999
1746
5311
2186
2247
5890
3048
5885
1848
6101
4651
4985
4208
4971
1663
672
2243
1664
2082
4720
1396
3495
3956
4970
4371
6060
1106
3499
4372
1323
6063
3234
1119
1243
3194
5704
3364
4543
3363
4472
1470
5113
3359
1471
1517
2343
4754
1511
849
2124
5607
4840
1474
4521
2165
1757
5578
5708
3598
2261
4078
5841
2294
2203
1840
5352
5821
995
765
5058
769
5799
1844
5756
4100
1306
2225
802
2120
2209
967
1754
5419
4832
5429
5167
3350
2632
6118
6576
6557
6548
6527
6487
6451
6428
2480
3885
6413
6305
1899
515
518
2450
2074
551
6174
2467
3020
365
2849
9
61
7060
3774
7042
6998
1995
150
355
3785
6801
6794
1949
2542
6690
598
2846
2847
234
581
4306
3052
2828
4131
7034
3471
4770
4958
3951
6306
3587
2073
4756
7031
3269
4753
7019
2105
1485
3646
185
5709
2002
3353
1356
2159
4196
986
988
4455
3850
5351
4941
2452
7044
1005
6228
2365
4459
3806
4950
4125
5213
2757
3251
993
4130
2361
92
1515
1329
1330
6562
1651
486
5013
147
3511
1799
4616
3388
2931
5587
4254
323
2313
1424
2119
4683
6485
2187
4073
3604
449
1386
6899
2242
2550
1987
4596
3890
4697
4587
4535
1358
6999
6347
4536
2050
1122
1904
2345
843
2249
2696
3932
2246
4577
4045
6975
3220
6394
3786
2739
1117
860
5438
4724
5218
2090
3493
3960
42
1158
6710
3545
1035
3027
3761
4419
6606
3853
2380
575
5981
578
5118
6089
3760
6604
547
2685
5261
4378
3153
5961
671
18
1156
1939
6168
2025
2652
2024
4295
4107
1154
3763
1613
3015
1940
6158
4450
1173
1934
228
7083
224
3338
3855
6214
6831
735
1021
591
1838
1656
2151
6729
3407
2
6846
4165
2150
731
6124
3293
1675
5220
4108
1846
545
1138
1569
3686
6084
5055
7074
7072
5848
1
4162
4076
3784
915
3491
6507
354
5463
254
1765
5501
5505
3947
2557
5252
6476
5480
1387
6657
3602
4218
3488
5471
4692
4892
4973
6902
5219
1051
3673
980
4952
4929
6825
4951
6883
4842
5375
6603
1328
1929
2052
6872
3469
5215
2762
6070
2293
1769
3809
6542
4922
6890
1077
2920
3425
6778
3328
952
6614
4206
1245
1935
4205
4210
2496
4137
3937
6803
3594
370
4195
1278
4751
4160
973
4200
961
3633
5540
1568
739
5143
1563
7057
1839
3775
1677
2691
5818
4456
83
761
2126
85
2455
2698
6267
789
3095
1513
3248
4024
737
4023
5788
4489
5151
3518
4279
4465
2005
1502
736
732
5
651
2401
654
580
1634
3102
5072
3562
6164
7157
7152
6167
7149
20
5071
30
1143
7077
3026
7084
5882
1582
5840
550
3994
1669
699
2620
3621
1152
3953
7033
1514
3192
4054
6453
2245
