5284
5001
4996
5007
4998
4994
5282
5289
5005
4993
4990
4999
5006
2874
5285
6144
2879
5280
4997
5004
5003
4992
6707
5008
5009
4991
4995
5281
5286
1370
2055
4685
6145
515
1027
6897
5000
615
5099
217
2876
3672
1371
362
7072
5309
3939
1324
1330
7016
1029
6988
3870
3262
4350
3876
3339
6746
1715
1635
5346
4154
2603
6962
6130
5659
522
2871
2168
6294
6537
4728
2058
4868
3874
4836
387
4951
3011
6311
1442
6457
3541
4721
3623
272
3061
2415
2410
6141
5707
1717
4512
6776
2877
430
2873
396
6149
5420
392
3100
38
5700
69
4110
5653
1013
2870
3110
1310
2399
76
2413
6911
3935
1097
5838
2875
2634
1714
5356
775
1441
1976
6284
1189
6559
1713
878
4112
6691
935
6157
1728
4115
1807
5964
3065
4224
5967
1339
7034
101
389
5718
3145
354
350
699
1313
6060
315
3280
5033
2411
6045
4478
2842
4420
263
6428
2721
3141
3150
4116
994
4816
6188
5161
928
598
2193
4863
36
6553
4739
516
1755
7124
2071
2708
6742
5911
1848
6137
2878
1250
1443
1950
3583
6963
1334
4302
3323
2573
5002
1204
6834
2024
6307
5585
2471
5194
380
5490
298
106
5598
5341
6919
4568
5476
1718
1092
2667
6438
4470
3320
619
5382
4455
6005
1752
6849
6434
3531
6759
2670
3217
1979
2418
5277
366
4305
1072
3014
1546
2045
34
5839
1647
1338
1712
3329
3712
2999
1482
4506
5654
202
1112
5682
2633
4607
5038
5907
1444
5124
1067
4139
964
5224
2015
6301
6538
7112
6830
4359
5047
397
5144
2991
6983
916
967
1663
1664
4518
5283
4903
5528
2853
3542
4308
2342
5046
103
6778
4879
5658
2307
3976
2607
4663
5229
5077
4118
5226
6251
3325
2872
4579
386
6513
1669
355
2862
5219
5715
2028
3112
2960
6460
1857
3535
5278
6769
4572
2052
5708
4871
429
2196
5701
1449
4432
4300
1078
37
4407
892
1336
2199
1640
7010
3802
3161
6409
4135
5128
6177
4862
1337
6033
1101
5837
3548
931
3229
4040
1951
4174
3336
5630
1650
3029
6002
4507
6546
1378
1586
3803
3086
1077
2414
6941
1741
3997
3873
3871
5704
1576
5160
6931
2417
3488
6985
4844
4758
3790
1532
3121
558
1711
3064
7013
35
7116
431
4667
4870
5829
4180
3534
1285
7128
3060
2242
4727
2739
4864
154
2070
962
2068
3260
1216
1578
4729
6136
6697
874
51
4860
2696
529
2207
527
1719
5220
6704
517
7164
5747
5906
5092
1125
1071
2590
5389
6910
1379
6904
1973
1644
283
2428
1873
4485
3304
295
1346
1983
3380
310
3831
322
3001
5671
2663
3936
4373
6921
798
2514
6386
6940
205
206
803
4328
750
215
6459
1325
1955
3368
6935
1099
6929
6928
3631
2488
6922
2662
2658
3042
1799
1331
6080
4893
3111
5037
4571
677
1200
3075
5347
2921
2635
6503
6089
6508
2291
3745
4877
6793
6250
1026
6497
5672
1661
1332
6266
2860
3799
2599
2858
5773
663
3332
4878
5071
1809
4840
4843
4968
4098
6579
4850
3805
1436
2731
5820
4086
6660
5016
5774
4093
3859
2059
5890
3355
1375
3804
3537
2060
4906
3858
2930
5827
1876
4096
1214
3544
6432
3800
1208
30
5822
871
6435
618
5083
5413
3574
3707
6502
4954
6416
6543
804
1513
1997
2039
5882
3809
6406
4964
3210
1267
1858
4892
613
3830
1872
3327
4456
2660
2997
2302
1621
5835
6820
6803
2847
2690
4418
1708
2510
1710
2273
990
2692
1319
4190
2513
2883
200
4324
3264
1721
1723
5917
6138
124
969
4509
4155
6860
3308
6067
2851
1311
6040
1218
3933
6908
128
4375
6843
1668
357
6839
1538
4120
6664
6836
6081
4560
3447
381
3629
1677
5301
3116
6018
6042
5461
961
537
1066
2412
5353
158
2184
4752
6692
1376
3759
3715
3619
2190
2591
3126
5165
1784
4809
152
6191
5433
2419
6192
2130
1318
2570
550
6009
1316
2194
5208
4321
3022
1320
2439
1735
2706
1076
4694
3072
2707
6146
6879
6006
6945
1743
1746
5689
5965
2206
1754
6949
521
6703
3495
528
2195
7036
3931
6310
6309
3792
1638
5374
5989
5479
5499
6328
5351
5961
6004
6324
5889
6317
1115
1114
1611
1620
6016
1624
1625
3655
6041
1608
1023
5793
6121
5913
6140
1846
3023
6142
6143
3670
3754
6233
5830
5118
6120
3120
930
929
883
3710
921
917
3617
905
2965
5130
5134
1797
5966
2993
2958
5410
819
1061
5450
6062
1652
1653
3716
5475
824
5587
1044
6068
5080
3018
1485
6084
5052
2953
3590
6087
5456
5265
5457
6090
6102
5516
1665
6127
4857
424
456
1295
4673
3479
6786
4603
4602
3456
6827
2869
2319
2884
1386
4555
2349
4550
4549
6847
3435
4535
4534
337
4517
1314
2332
2388
2885
2246
3869
6669
3879
4756
549
2177
546
545
4746
4745
2192
2249
2197
4722
499
5645
4706
4700
6734
3676
6741
479
6749
468
6711
576
323
4492
4235
2577
4222
7029
132
7040
7043
100
98
1374
2672
153
4131
70
4130
4119
7113
2705
2713
3347
7127
27
4102
4026
2677
2398
6986
6975
6900
276
267
5711
6909
4386
4376
246
6920
3388
6924
1333
4366
2827
4351
218
212
6939
201
192
179
6968
2815
3951
4362
2128
1503
6516
616
4949
6511
3571
2050
4876
653
687
3834
766
2022
6486
3854
3853
4875
1952
6485
1959
3530
3543
3231
6519
4944
3232
6510
2075
3690
6505
2043
6662
5779
1268
6534
2821
4326
5035
1326
6297
6290
6467
6003
4285
3319
5328
3575
4299
6946
1996
193
4914
1327
2008
1107
207
3082
3937
6256
673
2846
4486
1068
3140
1317
288
285
1073
3139
6258
277
3212
835
4394
4894
2468
1323
254
1636
4372
4371
6923
1896
4367
3385
6019
4913
2011
4262
6991
5589
