2870
2875
2874
452
6251
6252
6250
688
681
6437
2871
468
460
6242
2168
684
5007
685
887
5001
456
5005
6257
4998
5009
6247
7113
7072
4069
4996
4994
4064
1055
6241
6432
6434
5285
5006
683
713
1330
6431
5618
2876
3145
6449
961
6446
2373
6442
4060
1641
5636
5004
5621
6249
2196
5281
2190
5995
5289
2188
1371
6991
4992
1403
4995
6364
1404
2741
875
4999
4154
710
6661
3745
2905
2182
6253
4250
21
4845
7112
4468
6997
4997
2599
2740
5990
5639
6157
5284
4993
5282
6776
667
1869
5542
969
1476
6002
6443
1422
4164
6256
5280
3972
1596
6240
6060
1483
4516
707
4113
1594
4065
5008
453
1204
3620
1087
5666
3483
2193
1489
4543
1973
420
4990
1092
1593
966
4729
2602
2192
6904
3002
165
5003
6440
2217
7017
1331
929
3856
6754
4849
2287
3021
1379
6244
1252
6328
4614
2197
1662
2590
5889
3704
6694
4553
5360
1425
4548
4964
4799
6447
3438
441
461
3429
25
615
2011
1663
6320
2021
3016
5061
4039
2359
521
4572
1568
4040
5067
6403
4420
4991
6476
6923
2660
5862
2573
2121
1409
2995
94
1029
1898
6009
6006
3679
6719
3672
1407
4840
2584
5150
4120
1669
1459
2736
5099
816
305
6494
2732
4096
2195
2730
2873
4237
483
2211
2669
5496
407
1370
427
3233
5549
2332
5996
1680
5499
6158
2633
5857
4619
2603
4045
2214
2742
5553
2086
4455
729
2219
4603
5866
5880
1530
4165
4609
2683
5585
2727
964
5180
680
3738
6921
6438
1632
6448
6919
3862
1016
6401
5263
5110
6905
2826
5286
6900
164
1000
1282
5265
3669
6396
6402
3565
2759
2999
6310
5184
4830
1161
3606
4844
1339
3691
3603
3285
5495
3283
1585
3658
124
3663
3600
3653
5152
3623
5887
6860
2184
458
5911
1851
5917
5635
1062
5855
2191
4542
3302
3020
1506
3011
606
1152
5062
3401
634
3421
6946
5756
4379
3445
3454
2648
2206
1772
4345
4558
3455
813
2564
5104
2989
2194
454
4954
1084
4230
6259
4066
5268
6546
174
2822
4634
6514
6445
5392
3873
6404
288
734
2366
5539
4685
2805
2016
716
6243
719
6275
2008
928
5498
725
7079
3774
2256
4110
1024
4203
2381
5185
2591
3731
5589
4126
7158
1866
882
2130
4612
4161
714
2563
5194
4547
5490
675
2474
462
622
4714
1416
1418
3103
668
2481
1485
445
522
1435
5262
4824
687
5572
5232
3165
4575
8
529
4957
741
5653
5654
646
2577
5547
5114
444
4722
4841
3055
5711
1040
6713
2884
1608
6565
3249
3740
6554
1930
3743
169
3810
3824
2828
3848
6522
3849
3853
1595
3057
1590
1963
3877
963
962
954
235
2802
2780
6744
1342
6745
3654
3260
3027
27
7058
1158
3388
6992
1714
3392
1150
6977
3398
1259
3428
3001
6938
1758
2993
1110
2992
6911
2975
1807
6865
106
2907
1285
3651
2906
6772
6255
4115
6001
6159
2047
4127
4271
2663
4112
1539
2661
2093
4224
293
5819
297
2087
5810
4356
5779
6034
916
4209
6230
920
6246
4453
2223
2158
4398
335
4235
2250
1047
2960
4285
3656
2909
3622
1378
4848
837
3665
4290
3086
4297
4541
4497
4486
3323
1251
624
1165
4442
3396
1405
4296
630
3009
1257
4348
4342
4340
3447
644
3469
4298
3488
4350
4299
2879
673
4789
2607
973
4663
4049
915
4677
4771
4751
960
958
2601
955
4721
2744
2764
1337
3987
728
2747
2745
4033
4037
4790
4839
740
910
4600
1036
2886
3235
4156
3734
4137
1229
3737
4123
4121
3161
3247
2731
3811
3833
3838
2738
4076
1318
4822
2821
3858
3864
1423
3141
6165
6111
2084
5492
1664
509
6160
5472
2350
6169
5446
6177
6110
7057
1628
6188
6778
528
2038
5312
6746
6270
252
6273
250
1666
1576
2329
5544
6926
5799
6550
413
5755
418
5861
2186
5919
5927
5928
6098
5677
2298
1542
54
1637
1636
2145
6026
5552
5550
99
6069
6948
1668
404
1617
1443
7084
7085
166
5077
593
7119
1586
1599
6356
151
1916
1592
6526
1604
6560
6471
6444
6453
5070
6326
6465
1910
5188
168
2442
5165
6322
5993
5814
1113
5994
1937
176
6004
5806
3760
6014
2156
6481
5801
2944
170
3855
4162
6882
3530
1097
2678
6915
5906
3489
818
6920
829
5825
3769
4252
6913
6922
5941
1112
179
6538
1099
3746
167
1273
4241
2181
6085
1546
295
6818
6184
291
3716
1324
4043
950
2045
1864
956
6233
922
3664
6749
6269
2797
2789
944
3986
6307
2900
6239
1028
402
2806
2718
2724
102
6282
872
6090
874
6846
4119
880
6407
2088
6569
6828
3625
6586
3631
4090
1354
6156
898
228
1063
6027
7169
6924
711
549
23
3286
4820
2374
4812
1466
4798
527
2370
3317
5434
1665
5249
7052
3346
717
718
7023
2349
5500
5535
7018
1482
5545
738
5546
486
3463
1661
682
4825
1222
3113
5028
609
7164
1444
5079
7132
592
4958
2507
4942
5112
5220
4911
5117
5155
664
5156
1688
5163
7074
671
1458
1193
5182
5196
2399
3098
3386
3792
4658
1658
3427
465
6935
2634
4571
2222
4568
5656
3005
6980
1719
4469
3435
4545
5750
1497
3434
2278
3432
2251
3426
6962
1486
6940
4604
5559
5555
6996
2644
5551
3451
5759
6914
2894
3146
7099
2872
1306
1911
6692
69
1118
1220
3715
3149
3484
3492
3431
3466
3109
7161
6672
160
1759
6556
6934
1303
3442
6557
3108
3159
3741
1671
3174
162
3157
3150
7121
3448
3225
3102
1913
3229
7146
3440
1876
6693
3650
3541
1286
1169
6824
3351
7027
3629
1278
3394
6836
3359
3361
1858
3374
6988
3610
6841
3607
7014
1159
3563
6854
6998
103
1659
3495
3339
1715
3699
2899
3425
59
22
1823
3268
6742
2983
3046
24
3668
1865
