5292
5062
8
1596
1593
6407
1425
5068
1429
664
1594
1599
5067
1422
1597
1421
606
6160
6165
5061
1000
6233
4169
1457
6402
2206
6415
3892
3004
4249
2943
4208
5629
1671
4468
1040
4460
1595
1590
6403
6162
4163
4161
1427
176
6236
3002
4165
6161
175
5626
5627
0
4464
2405
4466
1592
4200
4203
5065
5622
1234
562
4207
626
4168
5291
171
2947
2200
1598
6495
1907
4469
1884
2671
6695
4012
6169
1420
4461
5295
3868
4164
1426
179
4082
1591
1867
106
6239
2409
1428
5704
4355
7027
2203
6212
4156
5708
5064
5066
4121
6365
4013
661
7028
665
2808
144
608
609
627
6865
1393
2201
4162
6405
1424
5102
6237
5621
4462
5060
6232
151
4205
5618
4465
5145
667
5
6494
5522
5147
173
174
4204
669
5506
1423
6235
3507
4166
1880
6168
620
1386
2500
170
7023
4019
3178
3398
6410
2972
569
4127
3502
6408
2297
3005
2905
6479
6401
3392
6417
3135
1312
7012
1398
2579
2390
1123
4463
3092
4481
2502
4017
1055
1982
2399
3606
5262
1465
668
2394
3894
1662
5265
3851
607
5179
2548
6971
1120
4433
2
6285
7150
6569
6974
155
4090
1986
6151
4083
1451
4959
1798
622
4958
3816
3505
2126
1522
528
6419
6784
561
2940
7130
1793
1087
7123
2578
2205
7158
4705
4179
2792
1392
6492
1984
1857
5762
4915
6491
6863
4155
4011
5833
1914
2066
5837
1869
2675
2978
1885
2575
5297
4167
7019
7054
5474
4081
4184
177
178
4508
5596
1881
3519
5411
1127
4566
526
2230
2555
567
4356
1886
2509
888
3370
1861
3561
5476
3941
2077
239
3242
3865
1676
6779
4743
3295
5963
2396
2942
5545
1158
2067
3850
2440
4672
4201
4957
4956
2353
2946
4941
3256
5546
2944
4806
2918
3379
2102
1800
1738
5478
1887
7009
5960
4244
5620
7014
5965
4799
5104
521
1516
628
1906
2540
1153
4505
3198
4078
2708
7059
5392
1989
2209
645
2581
7061
1981
5113
3852
4087
2573
5664
4059
1910
2060
4275
660
4663
3158
6854
6428
6961
4123
6859
4160
4312
5069
3551
5388
3869
483
1674
1675
738
3501
4015
4041
4429
1154
1146
1987
1963
4389
4122
1943
5560
963
907
5623
5572
920
5602
5250
3608
3949
1193
2330
5479
3671
4575
520
1613
5109
4240
6230
6227
4227
5141
597
5495
1016
5525
4502
3853
662
3854
6055
4812
3500
5396
2791
7055
6898
5043
3182
2678
2870
7125
1579
3413
6958
2572
2663
4943
300
2644
146
4791
1
2495
3304
7026
3294
7
6783
3360
7021
1552
524
1159
5832
1733
1901
6270
5701
1912
1610
2544
3133
5293
5294
3374
4889
4142
1131
1917
2513
4137
841
1941
5271
4790
2558
6860
3268
1494
3864
1195
2587
2204
3898
2630
625
4954
6092
4955
4501
6098
663
3263
6802
2660
1351
1677
4007
109
2065
2232
3488
2072
6841
3726
2676
1469
2078
2080
2570
5131
3006
6243
5617
965
967
6344
5561
2949
3600
6364
4331
7090
1572
6400
4206
4330
378
3552
4320
4804
3483
3504
6478
4308
4314
1053
6553
7163
2395
6501
4317
387
2909
5384
1047
7050
3815
356
4580
959
3648
2338
1882
1866
7020
1106
1909
3927
5238
6973
880
1342
5248
4247
4243
2087
2086
2996
3246
4236
2875
5678
2908
3260
4884
2075
3007
5606
4310
2801
6757
4305
5665
4315
6771
2129
1083
4255
2797
6977
4792
6976
1044
2906
3035
3265
10
2907
1821
6972
2784
2727
5554
3181
5806
5557
974
3098
5558
5705
3096
5709
4384
1965
5732
966
1125
143
5738
172
4337
1151
6869
962
5255
1825
6842
6846
4209
86
2867
4005
5496
2605
6861
2688
4032
7003
4334
1418
1855
3237
4431
4333
5871
3486
1557
529
592
6328
2398
1573
3358
3641
1238
3603
3371
6324
621
552
2574
6351
2391
2276
563
3556
1310
6430
525
6219
1503
6291
6214
3718
6509
6226
507
5140
5044
5023
5028
2299
382
6481
3399
3458
6368
5105
4506
1219
960
4069
189
3191
969
5868
4190
5915
5135
1856
1555
5552
4014
6215
6349
3239
2038
2036
568
566
2689
783
2020
5881
1863
1126
2264
6254
859
3681
4650
523
1913
1118
7001
5312
6251
4572
887
4793
2298
508
3012
506
5663
5660
6987
350
4843
4788
4126
1617
1615
5569
4399
3166
5800
3144
5570
3132
5600
2542
3367
4097
5574
1966
4655
4120
5743
5582
1078
5769
3149
6217
1851
3289
2584
2448
6423
2449
6797
6213
2589
2913
3917
3462
6413
4217
5235
2657
705
2914
1086
623
2443
1079
5406
6477
6726
5169
2904
5058
648
3842
4500
3344
3509
4300
3477
3518
4316
9
4556
708
1403
2227
3455
5518
596
5372
5983
6839
2664
1400
2873
1823
1397
1396
3952
5542
1822
6206
3566
5937
4803
4335
2229
6808
6541
6309
5608
4795
6296
2464
93
5334
2999
6357
6302
1587
4581
1731
4615
5616
5403
4311
5547
3
1766
5553
3675
4628
7008
7076
4307
5100
7078
104
929
5556
7004
7007
2355
5055
2975
5458
1804
4805
383
1811
949
2966
968
7043
486
953
1864
2375
2962
1860
2874
2349
1739
4216
7128
4319
5484
6418
944
6355
5459
4248
964
5590
5585
2446
4586
7024
1001
1041
4318
2331
5473
5576
7029
363
1412
3617
3463
1736
6986
1639
6198
2085
2571
2088
2100
1343
2223
2222
604
4944
1184
702
235
3926
2577
6008
1505
2672
2081
5974
2050
1466
4006
4927
5138
5257
2560
2128
2069
5953
6176
2567
2568
6166
4706
5972
3999
6856
295
3760
4949
6068
6720
6722
6090
280
629
3312
2202
3342
2603
2602
5164
2596
637
2617
6770
2590
3297
3895
1497
289
3283
6134
4467
3285
3919
3861
4704
2631
2588
3855
2629
4700
1648
3860
5908
5943
5259
4073
1533
635
1527
6269
3697
1142
