5029
4086
1005
5027
3867
4918
4085
5026
5028
1191
5025
4652
2332
5023
4653
1230
4516
1009
1887
663
1865
3869
2908
4658
1662
1505
1881
1112
5397
3090
1006
609
507
4615
3953
3698
660
211
6321
4089
3094
1859
767
1357
3373
5543
2953
6226
2905
5499
5779
400
5628
4657
2622
3604
6325
3445
3279
4921
4613
2226
1888
2224
1347
4024
1008
4976
2957
4619
6017
1004
3565
1190
4596
1007
1002
5391
3638
2902
6233
1346
6237
6214
3098
576
1708
4906
3668
4491
5696
7129
5692
506
288
6231
1773
6797
3732
3093
5544
2011
2200
5290
5147
3600
5757
760
1868
38
765
3579
1349
1427
6362
6494
633
2227
631
1102
4909
4555
817
2672
4617
7125
1838
5621
3375
6327
2641
776
1003
4010
408
5031
4201
6224
2895
1886
4745
4476
1864
1109
5536
6454
3746
1148
7162
535
3295
1345
117
4726
6323
2900
3983
4511
215
3740
6332
3558
3562
4138
6344
32
255
1981
976
5305
5571
3461
4111
1501
6042
2855
438
4656
4420
1524
2770
4554
530
3987
5832
689
2401
4494
6576
1101
5695
6822
561
656
6523
381
1669
5115
75
3864
4483
4320
3512
2220
2584
503
4971
398
504
3372
4978
3662
5302
850
3478
4826
603
1988
590
2955
597
2998
599
2959
3505
2950
3347
3170
2992
4912
5961
4911
5929
4919
5324
2993
3435
5021
680
4895
3412
6005
320
6711
834
2372
3119
2362
3277
6355
6479
6521
5555
1837
1835
6588
6488
3637
1035
2824
5765
2582
6154
4048
110
6575
2418
6525
1231
4383
1546
6171
3943
3624
972
4616
3958
920
3606
1904
5516
4122
1481
2606
218
1413
5691
1668
4281
2314
403
652
654
4457
4458
2945
5807
2225
6222
1885
4739
4733
4510
4486
1666
2954
3957
4326
3994
7146
5167
572
3145
2904
2337
2679
3228
3070
1545
601
5320
1315
605
1214
509
5119
85
88
5036
4908
4572
6206
4970
5669
6329
5589
761
174
769
1831
5478
3376
5563
428
4922
3440
6095
4686
6967
4915
5552
4914
4913
3099
4634
6449
6319
2819
4732
3169
4618
728
2228
2062
5629
5950
3091
3131
3374
1084
3660
1082
5259
3096
6236
4018
5959
4271
2215
2223
2222
4081
4079
1339
4043
5284
4234
4248
1307
4084
6346
3201
5012
6370
4628
3377
4965
1014
3413
4659
798
1833
6102
4916
3617
4727
4893
4891
1975
1974
3557
1908
1918
6952
4575
4567
5049
559
4357
3939
5142
6696
2150
5129
1606
4430
3835
4338
3250
1676
5091
3275
3786
1161
671
4490
3294
2091
3305
1198
6456
5020
5496
5790
6517
105
402
5850
5852
212
86
2975
6606
328
244
6475
80
5698
2588
2650
5766
5469
2407
283
2952
2951
2355
295
300
2919
58
5893
2928
5925
5693
327
2739
5323
5638
3868
5126
1615
5120
1610
5471
5464
5392
1603
3925
285
287
4929
1350
2414
5618
3462
1882
4438
7050
5165
3737
3095
6341
6550
247
430
3503
2800
373
3494
6353
6048
4069
5127
6746
634
59
50
5001
3997
5007
5011
4146
3302
6393
6854
6512
55
706
54
699
3291
5077
2674
2106
4940
2579
4033
3727
784
4962
2948
5686
768
6473
2028
302
5816
4268
669
5643
7106
1663
6349
4144
973
3663
2229
1180
4725
1181
1036
2995
2199
2327
1776
1830
3140
2209
975
4645
1848
1387
970
1381
1468
99
4499
5275
5181
6577
4475
1053
5533
3171
5578
5279
1378
4123
401
3133
395
1858
2221
2978
4957
785
298
1012
100
6561
177
1591
3689
6565
178
297
1015
5591
6956
1058
6953
326
3667
2384
2669
5018
1065
3743
2388
5672
2825
1141
738
6519
4597
3371
3993
6328
746
169
6733
2915
4975
5744
4336
6844
3690
3424
4445
6173
6330
1641
3502
6761
4576
214
4429
6969
82
4807
4452
3862
1197
1648
3736
1085
918
5515
3826
6289
5858
6827
3576
4734
6497
1665
5819
257
1674
3865
4854
3430
290
6300
1001
289
6821
4588
3733
3441
1770
7107
5556
4382
3426
5467
3823
4693
4393
5688
3449
2413
6573
4869
4700
852
1240
1852
2791
1771
3928
3949
6399
560
2330
2169
6396
2331
6207
2974
3217
1358
591
1355
3232
1374
5385
2958
35
2956
5118
5117
3252
7040
6205
4045
637
5101
4239
607
4083
6691
5785
7083
3078
5801
1424
4132
1418
424
6871
3110
5948
4112
6228
502
407
3138
5230
397
7065
2599
3143
1389
5963
5203
3154
4202
3163
5199
4240
655
5667
2098
5424
1541
5081
53
687
6408
1309
7032
2663
679
5750
3307
725
3620
4690
5550
977
2856
1840
4695
4694
1839
317
5528
4696
3142
5960
5565
2463
6188
6960
985
723
5214
1834
3822
1487
1836
198
2853
1188
5200
3157
2595
1664
5927
3578
3577
3995
3598
6081
83
3203
4080
7118
566
5514
6863
2034
2540
6478
5787
2467
2386
1542
1383
5197
315
2193
3166
7143
2445
5067
550
5928
6162
4698
7105
4093
6011
5321
5296
1419
5039
6578
3739
6458
3680
3024
2300
3673
3741
4611
3009
6220
5620
707
3051
704
5837
2767
5649
1118
4142
4528
6311
1103
2776
1755
705
7134
2078
4557
1794
3122
2491
411
7161
4479
4644
5348
1169
1818
3789
4143
2829
406
2318
5421
6491
7126
5842
1164
1813
2490
3127
6217
5605
2381
5328
5258
3665
5024
6216
1806
2479
1037
2383
4480
6390
2891
2166
5122
4980
31
4885
7005
1336
4883
262
6040
3257
4413
5489
6698
3881
6470
3422
1970
598
1351
3419
3464
595
3254
4418
3468
6045
670
5924
4258
1498
4894
6261
4377
5733
1990
3378
5111
624
5461
4925
5082
630
5463
37
661
36
3239
6364
3431
636
665
6264
3989
7109
270
830
1254
5480
3866
5998
4249
2417
1645
3521
6556
6857
867
893
301
3208
1914
