419
5323
412
415
6456
3228
417
6107
5182
2357
411
4710
5957
5188
5187
6475
978
1264
746
2650
2478
3338
4712
1309
5186
1243
3227
1262
4859
2091
2470
2644
5945
1033
3609
4855
65
3225
1364
1368
418
5748
4946
1245
4716
391
3581
5111
6128
2166
4037
4030
5215
5181
4254
5199
3671
3624
5299
5198
2539
2482
322
747
5183
1269
753
5180
5166
968
774
5738
2477
3965
473
6486
6482
2656
1500
7144
2624
3485
6096
6425
6110
393
7109
1914
5481
5728
4858
1912
4411
7120
5428
4782
4774
4773
4732
2165
7140
5189
1022
3389
2620
3009
2654
2647
1104
3226
1267
4920
403
2532
4924
3589
3673
3607
413
4974
5201
2030
1475
1049
89
2157
2640
2037
4770
5940
4032
4662
6338
1300
4976
4975
5196
3390
6777
6500
337
2784
2653
1271
5766
5586
414
3919
770
120
6710
3685
2719
2371
1266
3013
6727
265
627
4854
5311
6841
6864
6491
1721
2899
5271
6097
3579
6100
3881
4038
4211
740
3910
6423
398
6280
2032
2967
2968
6775
6735
316
743
1991
4926
124
4850
2716
2475
1297
5050
2505
4787
4852
2480
7060
4890
4343
4528
4940
4928
2479
1244
2782
1691
4631
4655
1494
2755
1502
5722
5490
3134
1838
2365
6956
4969
2251
1619
1108
3631
4416
5092
7066
2515
3154
3810
5951
1986
5725
4988
3855
1934
823
5684
3886
4451
735
5031
2312
6952
2336
7030
4984
6533
1988
759
3906
3850
733
2520
6112
4125
4036
1064
6194
5298
6842
6184
6292
1160
3519
424
4018
223
6898
2645
1025
5354
4565
4031
6337
475
4524
4212
6771
7142
4891
6330
244
6124
2629
2966
737
24
4585
748
2521
2213
4783
736
6467
6576
6197
1279
6333
6422
4736
1361
4985
4515
6086
6081
5786
1366
392
1376
1572
1378
3627
2655
1542
49
4971
6118
4856
7053
39
6498
4980
421
5950
4981
2714
2036
2031
2611
5876
6113
6550
5958
779
2960
4349
4185
899
5392
5054
2502
927
5486
4141
133
942
1232
2461
5226
4403
1830
5466
1124
2891
1130
1024
4051
6773
6774
4346
5160
6358
3012
2873
6857
3118
4205
2872
816
5731
1917
1697
2311
125
6689
1095
5258
1902
2513
3840
1260
294
6690
481
5322
5221
1161
1787
5236
5363
4052
1109
4851
6109
1141
4209
2162
5302
1075
4189
4743
1069
3475
3481
4776
6312
6131
6318
4177
6190
6185
6331
558
4198
4731
1687
2179
5385
1974
983
3912
1304
4429
1891
2026
2025
5898
5623
3903
5875
5631
5806
853
3883
3762
5721
1247
744
5021
749
1268
4433
777
1308
4563
3929
5517
5395
5184
2095
1373
621
2090
3587
5767
3588
5410
4368
629
5427
956
951
947
946
4965
943
3651
5976
1833
1835
5535
4220
3584
420
2651
7044
2250
123
6796
3107
2295
232
3114
2910
7127
7068
2320
7133
2671
3115
2642
2418
27
118
6953
7043
397
410
6700
2238
3277
6480
407
2239
6433
2646
2649
2974
6811
230
42
3044
7041
6466
293
4391
2020
1363
2021
4392
1367
3682
707
2522
3693
6528
4885
2259
409
406
3273
399
5290
1400
4339
6054
6051
1051
5329
3611
47
2059
5306
5143
666
1544
2039
4377
4080
2038
5150
3698
5714
2682
1933
830
1829
262
7042
3020
5634
4983
1294
1255
1900
3904
4987
5614
5612
5498
3984
287
3974
3914
3917
4439
112
1868
3947
1823
3706
126
3866
4397
2945
3191
2562
4921
742
2096
3164
2290
3159
5799
3157
1792
989
4029
4023
3133
6624
3846
131
4004
5727
4428
2715
813
1822
745
5533
6875
5229
6192
4788
6336
496
495
22
3416
3299
1698
5202
2438
149
7149
4794
4717
7115
7145
4777
6320
6179
5185
2626
4298
4199
3306
1693
6392
1080
6420
189
2484
6332
1414
3322
4705
2434
163
6217
6461
480
6378
595
2102
593
541
2476
4660
428
5191
6476
6123
5235
5210
1696
5726
4003
5195
7048
1820
3772
6244
2169
5705
2965
2962
2713
4404
4406
4028
3825
3467
4949
4022
1332
4943
5765
2454
6766
4016
6607
239
2500
4419
2501
5093
5097
4942
1939
4573
1240
6339
5495
5218
5205
1682
4261
4450
3913
5499
3971
3970
4462
281
4436
1852
5554
4669
1134
4280
1263
1855
1861
5536
5530
2514
1128
96
5220
818
6894
1670
3113
1147
3428
4476
3309
3880
3471
6680
3884
2625
3889
1499
845
6721
4431
6682
1606
6335
2512
1292
1602
3901
512
4181
758
5194
6135
5981
1198
3670
3246
4886
3244
4114
5966
2420
1201
4785
6508
4196
5326
4383
5921
6521
1021
3236
3232
1207
2024
4583
1369
3655
1048
1412
423
616
6848
6858
6094
4183
6485
4571
4333
33
1072
597
4192
3580
43
3605
1056
1189
3293
6126
45
6938
6129
6178
6519
7083
5112
21
4390
5248
1551
4772
2942
4895
7082
5824
546
4519
729
6574
730
547
5249
1162
6193
3686
5250
6430
3764
6880
1365
6918
5257
6541
4599
4766
6588
3222
2847
4182
6970
5039
4290
4140
6937
6712
4405
4025
4145
4399
5170
3978
5197
4143
5366
5177
5168
1679
5491
238
234
4438
2977
4050
5103
1828
5421
3011
1826
5071
6748
2904
1239
180
127
3003
4057
1209
2463
4193
190
6743
5305
1720
4360
2467
2859
6948
3026
4126
2366
5350
1011
2893
3017
2421
121
1783
1205
4020
4277
5844
2006
3696
5856
7081
3680
7085
3503
4892
2027
2523
1372
2679
6464
6520
6460
3488
3735
6204
3472
1982
5783
2298
1561
4925
751
2035
2684
2147
6579
5800
4666
3198
734
4769
2149
334
6465
1547
4853
3539
3272
4839
625
2094
4835
6095
6152
4580
3292
3582
6117
429
596
1521
3270
6487
6057
3504
2256
25
3674
5975
5977
4883
6507
4882
3518
4564
652
4781
2643
6046
30
6170
1335
1563
3150
488
