5312
1840
2912
3788
2816
1051
2883
5174
5318
4678
3849
2261
2917
5518
2602
3884
7162
5316
3626
1056
3781
2811
2450
3789
5311
2300
3889
3617
108
6539
2547
5512
4672
3941
3603
3883
5511
2173
814
4128
2817
2814
2454
5712
5152
6557
3785
2451
2945
3623
3619
4773
5315
5714
5033
2918
6032
4339
4120
4616
4376
5586
5839
3780
6223
4334
6481
3005
4633
2677
1040
1041
4370
6975
6882
5313
5788
2521
1783
4952
3227
1516
2844
2209
1055
5840
4156
3567
3009
1054
1000
6977
5317
1613
1100
1531
5259
4638
3786
5047
1987
2916
2650
5100
3503
6885
2979
1984
6864
6542
2439
2535
2027
3488
2104
1780
6487
6513
1901
1592
2009
2003
2390
6555
7057
7027
1047
3881
2307
5833
5835
3863
5611
5832
2911
936
2186
5876
2302
3840
967
3620
1425
2256
5713
5715
4676
4433
803
2788
4679
3478
5084
5761
6997
5802
2303
962
8
223
3388
4183
3772
4957
2456
5848
4893
1045
6898
2241
1881
328
934
6899
1662
3845
5516
6504
6509
5479
6466
5469
562
1587
3880
1330
4547
5262
6479
5300
3007
3848
2658
6570
2652
6326
4771
3887
5217
5372
606
2654
2459
2458
4777
5392
5301
1511
6490
5214
3842
1617
2647
4023
3846
2888
5618
5718
2913
5733
6548
2533
2782
3004
370
3882
1829
6212
2708
1053
1630
3421
4203
3784
221
2401
4371
4284
4377
114
3145
225
2166
4438
4675
99
155
5213
2703
308
1339
3862
3878
2919
3481
3853
4333
1595
2242
2105
1618
468
3886
98
6244
4932
3156
6714
2163
4310
4544
5256
118
1431
5253
7015
4112
2368
6480
321
1552
1553
5473
4253
3434
4122
2885
7072
7074
4398
6845
2452
1688
2305
3260
5710
3787
3237
5078
6842
5877
4189
7150
4373
4041
6840
2309
7156
2818
963
6781
3486
5889
5171
3
3744
5124
4770
5791
883
5005
5982
239
1058
2267
2590
4435
5067
568
4546
4674
5234
6477
1717
1715
6499
428
515
2373
429
2573
1599
452
6460
3610
6854
6978
812
815
4434
6045
5756
6022
5786
1101
5998
2810
5958
4392
4381
4379
5842
2813
939
4372
3782
5666
5303
5634
6164
602
6398
4543
1423
3621
666
2675
4500
3629
5440
5463
692
5471
5046
3888
2935
7020
6215
7028
2237
3512
5717
1781
6805
4065
4705
378
2004
4709
3367
2505
6867
1893
5022
3429
4249
2540
4951
2445
3474
4755
6425
6996
2887
5319
2168
5309
2472
2251
7078
5711
6401
2506
5277
4969
6782
3001
1585
6972
1573
2604
2115
6500
2007
6485
2613
4177
3473
4338
4614
5218
5785
6973
1112
3692
3606
1825
3615
135
5274
6442
6087
3616
2233
3851
1354
4934
5477
3855
2915
1345
6166
6250
4943
3856
4468
3293
5583
7031
97
1331
5555
5499
6226
3294
5591
5623
4125
2678
1167
3230
4536
1437
1435
333
2963
818
6328
291
4127
7013
807
806
3624
5395
3926
5411
5653
4436
3628
3844
326
626
5974
5519
3561
1653
1020
1712
177
416
5858
5834
4181
941
1789
5951
2815
6653
1676
5201
2002
4068
2304
4356
1052
1593
3163
5176
4201
5173
6655
966
661
6388
5704
4316
3613
5661
5662
6320
3552
3149
5935
6365
1645
6364
810
5335
4375
6088
2343
7129
2419
6329
628
2762
6344
3947
1671
5165
6860
4317
6746
1716
309
5073
965
2929
5062
5887
184
1327
1898
5510
94
2484
2544
4330
6216
2485
393
7036
5660
2701
5077
948
1209
7073
4208
5429
2240
7158
1912
5624
1989
4439
5915
685
2690
3425
1360
4121
4244
960
961
5708
6970
2527
6420
2306
5289
1794
3581
3974
2845
2308
5278
2800
4656
1612
4391
6472
6563
2522
151
1079
6449
2102
7106
6019
4650
911
6419
6011
3092
3483
1544
2455
1594
37
2247
873
2008
2006
2265
2876
6549
5800
1621
4663
6979
6809
3611
870
3600
3612
6406
3095
964
878
5997
5996
4455
5792
3391
5831
993
4462
6894
7029
5981
1063
3224
3872
7132
750
3791
3869
1069
5884
3783
6799
872
5585
3426
2297
3267
5830
3760
5801
4916
2881
4431
5747
1141
3766
844
817
6827
1142
5852
2471
5836
2424
6826
6821
1154
2769
5849
3686
257
4378
5843
5705
2246
3854
6039
7095
3398
6846
3850
5914
5621
7
2906
5847
3217
4868
3423
2001
4875
5930
5780
7103
5759
2211
1193
62
2841
2874
3168
5444
3967
2351
3960
2640
6421
1616
2073
1619
597
2972
1465
6574
5180
5314
1998
2509
3998
3315
6990
6383
1631
2969
620
3949
5178
117
3565
2603
1430
1428
456
608
2633
1614
2403
2524
1571
4632
1581
5206
6503
1557
4255
1590
3002
1803
6493
1551
2119
535
4282
6538
3571
479
5199
1606
2361
4329
2389
1820
3471
147
3346
2109
3479
6488
3179
3021
2501
6595
2944
420
323
5080
5079
5448
4319
5474
6253
1890
6245
5089
1891
5065
2932
6237
2931
402
5500
6224
93
3637
91
5517
712
6283
2022
1578
2574
3924
4261
668
1667
2672
2043
3928
178
1389
1654
179
4318
2571
2955
5127
5126
2819
1991
5883
4677
4775
1669
1754
5039
1640
4835
1738
4698
5104
5113
5873
4185
5879
4067
2383
4195
2562
5162
1610
5122
5076
4040
5202
4637
1759
1598
1755
2453
2005
4636
4670
1596
2213
5211
5629
2679
1914
5635
2498
1214
4737
3839
2755
3933
5393
4945
5663
4514
1857
1420
5669
1384
1856
2682
1241
4488
5509
4321
3866
3864
1336
4917
1337
5492
4123
5600
1347
4940
1366
4443
4913
3921
2234
4842
3832
2761
5251
5781
4089
3973
4288
2619
1809
2616
1543
1806
2461
1555
2796
1800
2798
5212
3991
5769
2184
5764
4554
2183
4313
5378
4540
1848
2502
4885
4954
2503
4335
4955
1476
5292
5751
4878
4548
5252
4558
1460
2301
3393
6437
3374
6797
3550
6213
2853
7137
3132
