5314
3095
6539
3945
1355
5252
1542
949
6999
806
5316
6326
5555
2613
5959
5079
1345
4622
3008
4616
3692
3091
3940
5085
1460
4098
3565
4026
2906
2703
2788
5018
6990
4638
6038
5793
3090
1789
2895
1359
5699
1349
1348
5315
2979
5611
2005
778
3696
1818
2392
6885
5840
5809
779
394
3173
5475
5808
4766
5997
136
6899
1814
3481
2816
1358
5080
224
2454
945
1343
2501
687
6474
5155
776
3985
3290
5781
5714
2782
6388
723
650
657
2003
5717
6023
6867
3966
2897
2261
5827
1344
5174
4257
3102
4195
2260
3045
2483
118
2955
326
5158
5037
4938
2150
2631
2885
2900
2677
6947
2368
655
5675
3780
1356
5805
6210
3963
1142
6708
5766
6729
2827
671
4532
6782
1143
65
6026
4085
3024
2455
3396
6991
7038
5200
3885
1341
6979
652
6945
1194
2929
6011
2638
7146
6316
835
3022
2185
6853
3482
5763
5769
3563
1806
3225
1783
1548
2189
5443
3660
5823
5873
3474
4768
5947
2269
150
6933
1653
6850
594
2681
943
5516
5056
5047
6481
6493
6878
733
729
323
5986
1944
6992
1947
5253
6898
6028
6039
2266
6905
5198
6939
6911
5192
535
6943
1199
5802
1197
2537
2452
1654
1190
2586
2588
1186
1185
6969
5233
6279
1540
5319
3786
4876
3983
7044
3603
4763
4932
4632
4619
3410
3744
4941
2975
4378
3560
4972
2186
4764
4258
2265
3162
4771
4488
4251
5390
656
3668
4836
4438
3048
5217
1043
4865
6441
4871
1781
1140
32
2184
1347
5882
4377
6857
5696
6852
3665
5669
6864
1517
1840
401
2008
5998
3758
5637
3662
4636
6934
6083
5471
6893
5782
1901
6739
7025
5152
728
3996
773
2584
2924
2767
810
631
5162
4953
2535
2945
772
927
6678
5011
936
4931
5512
5465
2887
2007
635
6870
1353
6874
6780
4935
2652
1466
5623
6968
4693
3849
3781
5483
6783
777
4315
2109
5520
3788
5490
2971
2688
5996
4124
2850
5780
5803
3615
4122
5768
6996
457
1811
3
4435
5791
463
5012
7100
2818
1903
5990
3753
2181
771
5693
4357
1571
1934
2743
1928
3479
5922
1918
4125
1651
2000
4274
6892
4416
6930
1196
6519
6916
6734
6918
3924
2305
6272
1167
2270
1052
2926
6920
3098
1054
308
6383
3088
5249
3078
902
7139
3023
5256
6129
6910
3000
2487
5460
3883
2919
941
6901
4765
6965
5100
2262
1222
2267
2957
6935
942
721
6384
6375
6812
3991
960
1708
1716
3989
3994
4076
948
3663
5800
7145
6372
5816
5859
6476
3882
7151
6577
939
3887
6122
6204
1251
1363
6746
6581
4029
3785
6037
4007
6000
4138
3922
7106
6362
3981
30
4349
1545
1544
6371
4067
4024
762
6487
5992
3942
3757
4339
734
2798
139
2415
309
4840
314
2401
5308
3093
4817
5328
2308
2439
5399
138
2254
5429
3186
4737
2183
5550
3319
5633
4623
5788
5214
2484
3009
6993
4951
5039
2882
2697
2886
5076
5077
2888
2632
2619
2587
2585
2570
5151
6960
5157
2930
2933
2528
5191
4878
5197
405
406
5634
1836
4491
5695
5713
1980
3521
5679
438
3518
5733
4564
5719
3993
5171
1674
1983
5852
5765
6532
1675
5854
1658
6538
5196
1656
3511
2477
956
2472
6466
4545
3042
3988
5230
5889
2958
1712
814
824
4975
2852
4075
2787
1825
3626
726
2880
4128
2881
4400
750
754
4021
2884
4492
5817
774
1838
4934
2901
4045
2636
2908
2634
5829
3523
5891
3651
5248
1927
2001
3878
4714
4273
5667
1352
2173
5479
3825
1357
3305
4659
3316
5529
5989
4601
5584
5631
1431
4334
3771
4336
3760
1462
5991
6012
5651
5654
5655
4620
5448
1611
5698
1285
1085
1932
2364
5951
1937
4830
1566
5322
1147
3949
2331
5967
1183
3926
2304
1189
5387
5395
5397
5973
4252
3134
4255
6234
2263
3446
1546
3441
2252
2238
5785
4101
538
6904
6882
202
7156
167
6907
34
7127
358
6903
6849
6922
402
333
7103
6725
447
6876
600
2
6847
502
5799
5796
3131
1784
2918
6891
6843
7069
3132
4145
3980
4147
931
3784
937
5312
923
7060
5820
5818
210
3504
5872
3503
2521
1701
6546
1351
1350
1702
4542
4769
3483
4937
2883
2491
6530
7001
1335
3476
2480
6931
2892
4546
7002
2458
1317
6926
5234
3774
6471
1839
5335
5704
1936
6855
3995
3997
3012
1954
5528
4297
4269
1103
5552
3003
7120
4843
3029
3864
3863
4611
6872
5612
2019
3362
3363
6728
3364
5666
4732
5708
6385
1830
4321
1832
6113
977
2301
2300
5394
4262
6851
6912
443
2264
5422
3325
4313
5440
4027
1224
1046
1047
6896
4903
2176
4023
3092
3829
3314
5879
901
6970
2853
4698
7094
5113
5072
1640
4399
1436
99
4405
5895
716
1570
2810
2811
5952
3185
672
1511
1467
2654
751
6045
3699
4120
2800
3174
768
5058
1547
5975
5029
2855
3567
3751
2709
661
5016
4960
1543
2856
3928
3315
1269
4627
6198
2814
6190
5711
2705
4713
3798
2658
3096
2310
3437
3436
7048
4433
5343
599
2936
5716
678
1061
3189
679
2820
2362
455
1056
320
1819
4261
1416
3690
5317
946
6846
6357
3252
4762
3390
5955
328
321
2299
2696
1259
3986
1012
3105
3826
5427
3683
6219
1938
2973
5049
1940
176
1023
6977
1444
6411
5981
5495
1541
6380
1892
1034
5439
1842
3338
4577
5776
3007
359
4263
5982
6370
4473
6721
4393
4658
4310
3686
714
1248
2823
3889
4215
6975
7141
3654
1005
2683
6900
5300
2571
2639
4436
4544
105
1707
1346
4845
4772
206
6942
6940
5613
3175
5659
1713
2781
6997
1718
2609
1719
3765
5892
4609
2478
3224
203
6673
100
2517
3754
3756
797
4074
4956
5636
130
6955
6566
67
807
808
4950
1141
3168
1481
5858
7089
2530
5625
5850
4131
5848
3371
4942
764
