2933
2932
5129
2483
4484
4815
4532
5986
2931
5042
1511
1514
2818
2936
2488
2401
659
2935
2855
5842
4810
5041
4416
4567
3340
5983
2810
2811
5321
2346
5126
1510
2413
5043
5032
5981
332
2895
6898
2049
5035
6332
1528
4811
2945
3258
5039
5046
2308
1046
2414
2939
6887
2934
6600
6394
4417
2852
2791
4537
5509
865
2307
184
1521
3118
5788
4732
4413
4411
38
5699
4479
937
5460
2817
6727
4441
2309
3780
2969
5362
1994
6653
2613
4760
934
3647
5761
3007
2025
5310
2119
3301
3889
5984
6894
5056
5047
1237
4533
5225
6882
3471
5314
6283
7092
573
2850
3963
6330
4550
2045
877
4402
2816
1628
1037
2247
6746
2851
2455
338
5934
5214
5217
5036
6261
3210
3136
572
334
3474
6487
6513
1517
2343
2451
4819
5368
6657
3995
5022
1042
39
4477
32
1783
5100
2110
3305
2908
3845
4899
2418
1253
2170
6939
3788
3884
5080
5078
6181
4622
627
5049
5037
4938
1642
4873
6590
6613
6622
337
6658
183
2348
6669
4536
1044
2305
4549
5317
4240
2
2315
4353
3588
4374
4370
5706
4488
6931
6585
6048
1053
4448
5703
4813
3126
2779
5115
2300
20
3662
3994
3589
3990
6414
4432
3095
4422
152
6788
5029
6755
1512
2964
5053
7094
1513
2857
30
7140
5212
3805
1204
1250
2411
2176
5714
3802
2778
4736
6652
4481
5174
36
5305
6659
181
1034
4750
4755
3998
5584
2631
6509
4012
6639
2814
6633
1049
4122
6595
6618
1031
4818
1571
4447
4831
6631
1523
1518
1515
4759
6599
7044
7065
6207
6383
5980
2141
5964
3347
5948
5944
5175
35
3806
5142
4400
3478
4329
1197
3786
3498
872
5802
878
879
5838
7068
5987
45
4956
3992
5013
576
1787
5017
7096
3945
7100
5141
6226
3587
3580
1355
5685
7125
3307
5467
1309
1300
5648
6041
3175
4225
188
1675
214
6925
6965
153
2858
6730
1629
4228
4638
2658
187
186
1747
1625
605
4098
3801
5145
4111
5947
2607
1203
4777
787
2410
4558
3292
6619
4557
7060
5865
4195
5207
4931
4205
4443
3302
690
2117
693
5111
3882
1679
6057
3308
6053
6049
6592
4814
2480
2124
6032
1538
1306
5122
1303
4442
2486
430
7129
2856
2883
841
2930
3582
2720
5014
3574
4739
2021
1057
1645
5463
2800
4530
6787
2796
5011
6886
2535
6891
6651
1101
2288
4472
2692
2229
3135
3729
6628
6629
3581
4733
5015
6914
182
6667
180
6852
2302
5312
2344
6398
1829
6764
314
4686
2341
4878
2774
5773
515
5681
4659
6411
3880
266
2651
594
1647
2793
3960
4429
3211
6228
3223
6223
6219
7107
6210
6202
6201
4198
6187
4653
5012
3900
1431
3935
4310
6131
3867
3502
3506
185
6938
3564
5710
6933
4534
4357
5465
1725
2304
981
2238
2285
1004
3
5515
1056
2270
5577
2267
1032
1035
4246
2362
1329
6850
6845
700
4222
3865
2860
1302
3315
5997
5139
3844
5982
4934
215
3352
3817
4559
3814
3807
5213
807
3410
5218
3470
2375
5850
5848
1198
5974
4247
2586
330
6468
6650
1508
6611
3090
4872
4021
4867
6741
331
117
6610
333
1632
6609
1620
1540
6488
4026
1541
6655
4473
4734
2900
6602
3064
1760
4081
6601
6696
1947
4735
6621
3096
308
6761
6997
6539
4016
1481
4187
4876
4470
6620
6627
4471
1526
6019
2111
107
6123
6728
6812
3290
724
5103
1717
3881
3863
5406
6640
5375
4754
1327
6596
7126
912
2118
6576
1630
6644
4817
3303
3726
1529
691
6571
2770
4449
2587
6040
5120
2938
6594
4377
5147
1547
207
2853
5912
405
2178
2842
6624
4118
7138
1241
401
847
1565
846
200
398
3477
3804
5840
2643
28
3472
1906
395
5258
1255
4223
1813
3809
4226
4085
5313
4680
422
6851
5971
5425
4258
6636
873
2145
2708
3833
1621
6630
3348
5170
412
5172
772
6835
3494
6612
2153
208
464
2417
4428
5526
2065
4193
6295
3648
3145
5016
4346
5
1902
5030
1504
6169
3586
3947
985
1391
3583
982
2237
7102
6229
6800
5528
3133
2259
3132
1038
4339
6666
4903
2891
4922
4929
7064
6762
3099
5567
5680
6406
4242
6397
5562
1051
6473
6767
4725
505
6692
1433
2261
4244
4293
393
5468
1678
1519
1516
3674
636
2485
2484
6934
6960
4618
650
2754
634
356
661
4636
5085
5074
3887
480
5747
5297
2179
5291
5462
4241
918
861
118
2772
4727
1711
2233
5711
6645
1718
1903
320
5427
834
6840
3686
838
4125
4159
147
930
2172
4724
1206
5266
1847
6848
3640
300
4555
2276
1146
2815
5792
310
1158
5479
2231
966
3771
4231
5473
5790
6973
4706
3655
3779
5316
1093
2621
3781
5785
2823
6874
5355
5793
2696
371
105
6654
5358
5523
1067
5516
353
1886
1623
4373
3493
5298
996
5485
6697
2825
5309
4319
2241
6
6638
5469
2244
172
4167
1215
92
1353
469
6180
4261
2489
3033
2492
2495
6804
1635
4274
6208
479
6218
655
1944
4311
2481
4183
2001
696
1918
3001
6570
3869
236
1680
3878
5091
2781
3883
3252
2953
2788
6818
6224
1879
2724
1877
4875
4975
4658
2561
2041
1938
4019
2029
6763
4896
4902
6463
6466
3134
6225
6327
6481
7103
4191
7101
1388
6500
1789
67
3163
5020
5019
2804
582
6786
3138
1654
6323
6729
4838
4570
1689
5124
4467
3370
3808
7003
5989
2672
5201
6834
5951
400
1236
6832
4776
6605
4770
1986
6943
212
3460
5961
5254
3473
4583
1307
4762
100
1627
1231
2677
5123
4482
5930
4404
1756
3316
4229
3816
1079
4116
1949
2245
3866
5026
1084
4639
4528
4500
4027
5200
3957
3642
4650
4720
4014
3803
5245
4937
1708
1226
2166
5215
5264
5514
4730
1209
4317
2060
2062
1060
4194
3643
4651
4865
4852
3969
4773
5161
1506
