3309
6738
974
5676
5487
1799
6662
3687
5670
4668
613
3694
2670
2927
3018
230
5722
978
2598
122
6199
2019
339
484
2861
2519
1722
6664
3979
3355
5741
3685
6669
2512
81
2236
4368
7108
470
1646
6109
3358
3010
4941
6071
3801
6502
6666
4665
3809
6074
5882
6822
3911
6514
1211
6843
1279
2094
3821
78
4524
4380
4519
472
3970
6055
5059
290
2712
2867
1796
4431
4473
6135
1689
979
2518
2460
2468
975
138
3803
3682
1526
4973
5054
6384
3804
5673
5094
1699
3684
5703
1723
1205
5731
3706
296
6841
5366
3978
374
312
6667
4794
889
4701
6064
2442
2175
6092
885
1644
6731
4702
2552
5354
539
6198
3806
3808
3807
4966
3686
7095
4667
2710
3689
5705
5325
7101
3069
6132
346
1014
2965
2313
6351
3971
494
4520
5322
4867
2981
2466
1274
1275
5681
4782
2711
2059
84
2715
6054
2691
6204
3800
6191
6046
614
4528
2052
6195
1926
2988
3594
7059
911
2385
4625
7094
1724
6435
1492
1491
6100
2462
3728
2469
2899
4414
3593
5942
2296
908
2798
4793
3727
5271
4666
617
618
4439
7098
6748
4799
6382
6736
1576
4369
2238
3599
5385
6312
236
5685
881
884
4664
4094
4669
4895
5709
2695
6454
827
6830
1236
2898
5132
883
4506
1841
611
3944
4436
1493
6511
3725
5088
3066
991
2057
4561
4830
570
6984
853
2436
7114
7091
3014
2336
4834
4800
857
785
1527
513
1438
4130
1499
1688
845
6047
2148
6515
3671
4256
6105
3705
848
6355
3703
4364
3141
6426
2893
4363
1209
6436
1498
5421
2864
2863
1522
6065
4687
5720
3068
5121
3802
6585
1691
399
6596
1679
3411
405
5748
5486
4344
5950
585
2985
3813
7147
6572
1640
1633
3303
5083
5082
471
4971
1436
4385
3805
876
6635
919
722
83
2097
2096
238
2516
3996
2775
4832
1922
2553
822
2522
2526
64
2549
182
4560
4660
4863
5329
3918
2133
5328
5885
1823
6740
924
128
2136
126
5881
5235
970
5234
5200
4438
926
2371
4545
921
3675
2030
5990
5089
1649
3333
1651
3683
3676
2980
2546
410
5671
4798
5920
1495
3701
5241
6463
3709
3129
7104
5645
4220
3719
5233
4808
972
1432
5057
2998
5668
4565
5867
5511
4961
3912
3856
3028
2511
553
5576
5896
95
457
3810
3089
3456
3977
6058
2726
2737
4898
6248
4386
359
2422
1225
6620
5739
2903
5745
2807
4068
5171
3458
5729
6834
299
3551
6061
1206
675
4682
335
2868
353
319
5726
2717
2958
914
6844
4365
231
1964
6811
6706
4366
5323
5326
5759
71
6627
2426
6771
5943
7139
3405
2239
1504
3871
3698
5024
831
4014
789
3099
959
3778
4067
3700
3123
6628
3517
3827
676
784
672
781
1024
6640
6665
6893
3332
3976
3974
3819
3917
1316
5215
6578
3674
3350
6582
3657
5471
3916
5384
4153
3454
3724
3858
1408
3554
855
976
557
6649
1022
3768
6659
3726
980
3910
3300
871
4035
433
2960
2099
6113
1829
5899
413
6352
5674
2118
2984
134
2986
1645
4803
125
2465
436
2463
114
6989
2147
6097
5662
6366
5894
3012
6128
4564
5775
292
4434
316
5786
2767
7053
1889
4493
6314
4510
237
2638
2889
4395
1993
4515
2031
2557
370
372
4925
5702
384
451
6267
4974
2423
1570
4764
4730
4681
3072
1582
4686
1529
6066
496
6063
31
2397
5935
1583
1528
2425
2445
4661
88
6390
3081
2787
1942
4749
1953
6686
295
3818
1965
2624
879
674
2396
297
730
5857
4711
6190
677
2278
5175
5178
291
2783
861
4735
2295
6842
7054
6245
4746
5806
293
4891
7058
1927
6157
4795
4529
6799
2494
5898
3766
902
5256
70
5238
5230
6072
89
6777
6079
2150
6779
96
3716
4628
929
6770
2515
4833
4864
996
5886
746
3869
4861
5891
4552
2407
2545
3824
44
187
2058
836
757
758
2517
7093
5875
512
2784
1609
3459
5096
479
1439
5772
1212
5462
4361
5721
6430
4172
639
3223
1201
1690
5130
3058
6334
3418
5684
5683
1725
619
5706
4189
1729
2915
1602
1430
474
1230
1692
4389
6610
2865
5723
2994
1156
3523
2812
5086
517
1490
3304
1147
1332
655
3021
2992
311
1496
6573
6439
1189
304
5037
431
5415
5770
1825
5411
6433
4430
424
1149
2438
1411
6743
3722
6518
6078
1401
2449
2448
6376
6083
3022
928
3720
1409
2434
3537
2178
5952
1535
5977
873
2274
2277
2280
2282
2283
1520
2288
2293
3079
6458
2298
5635
6432
5611
1455
2183
5276
5574
2188
3194
5579
1574
3029
5593
6069
3708
5932
2415
3161
5609
3061
3038
3051
2505
6359
5737
1794
1202
5349
1951
2643
1888
2888
3627
5844
1217
1218
2628
6712
6689
2747
6243
1182
6636
6630
5381
1157
1844
6647
2785
6443
5369
5368
1103
6624
6656
6261
3583
1751
3263
1997
6164
6592
1693
3385
6583
1685
1683
982
1681
6106
2983
6567
2135
2461
6098
6350
2525
2527
2529
2594
2010
3440
3439
2032
3681
3433
1727
2039
1249
1254
6598
2543
6597
5692
5860
4744
1152
856
4396
4924
377
4367
401
425
437
4323
461
4238
5053
5058
5085
612
4061
5152
4004
3997
3972
3959
736
3915
5237
783
3852
4397
4424
318
4432
4733
4721
28
4703
49
4680
74
77
112
119
121
124
6775
7099
4551
210
4526
4522
4521
7061
248
4505
4504
4904
7050
301
4835
812
4968
3828
7086
3590
73
1638
5183
905
1963
2550
33
6661
4796
4325
5925
5109
6368
6369
1619
5363
5272
34
3414
6953
3013
450
4191
6599
6076
6508
5847
4704
4569
2181
6701
2966
1271
2646
5142
2645
3615
4943
5342
559
1959
417
4236
2524
420
4707
80
4949
423
2024
712
904
426
2022
6821
6823
432
1497
