5327
271
3993
3125
1643
1030
279
3975
3999
4793
2856
7102
877
1523
2890
4737
4733
5461
4865
4558
3990
4341
277
3564
881
7103
2596
872
154
7100
3114
6194
2592
888
7109
886
1275
1521
274
2595
1694
4556
4553
1529
4814
4343
2460
2866
278
4357
306
6330
4388
658
2402
1271
7101
4328
5057
3992
6744
4732
1645
329
4813
109
4811
1885
7069
5720
1698
5305
3728
2859
5707
3128
1522
2133
127
5700
1604
3110
6882
4734
1089
330
3723
3998
1883
400
5324
5852
331
5943
1034
3122
5321
3054
4348
2404
5514
5365
6098
401
5368
5320
3994
1140
4111
4340
3700
876
1218
2473
6881
4415
3348
586
2604
7049
1602
5467
7067
1788
4905
2138
490
4552
2600
3869
276
4810
7107
80
2362
2098
1221
7104
5945
405
1501
4516
1528
318
7002
873
315
4347
1520
4345
6544
6050
438
1498
4510
151
6095
4033
2857
663
4954
4730
6332
7106
3017
3995
4228
5090
4048
1222
5020
2593
3787
4229
4897
6331
1354
5504
3862
73
879
2403
4485
1035
6849
3129
3835
5685
5203
1696
408
5363
5032
5362
2547
5941
2609
1128
3721
462
6105
2807
2095
7108
1695
5688
481
6278
485
661
5491
1046
4332
2134
1524
433
913
5054
1990
3722
4842
6043
2016
385
6597
6989
5724
973
4047
2809
7056
406
6040
4894
531
2224
2174
4208
5030
6400
915
2805
870
1084
4232
3953
5267
1351
5390
1452
4671
2479
4639
5303
7146
4768
4521
5364
5366
5369
1459
2594
2607
1480
4530
7065
3644
7040
838
1907
492
1225
2927
5687
2987
1892
5059
5031
2013
2858
3725
7092
1673
5034
6600
3181
332
5091
498
2644
3052
4520
3736
1215
2641
4559
1345
1641
6564
6517
6884
6202
4315
4676
679
231
2840
874
4673
1976
5325
6360
4473
6200
423
6954
2906
1081
2081
591
437
4046
6843
5120
4554
6797
503
4156
1691
6512
5360
6513
5307
4294
5844
660
7151
484
4306
4097
3300
5122
4634
2643
2800
720
3051
4344
5971
5128
1693
3714
3053
435
391
1992
2899
6635
5686
2034
4819
3259
302
3991
2012
5542
5771
3981
294
3946
3634
1640
5378
3462
233
3461
234
5796
887
889
6629
5799
1088
3610
1802
119
1224
4238
4413
6247
2018
3729
5478
2017
1130
530
3727
2019
4414
1685
2601
5036
1769
828
6388
1059
4231
6178
1684
161
4735
3761
4221
2907
5636
1160
5858
2069
2901
577
1644
3399
2833
4896
1461
1682
1356
4184
6094
5462
1110
2033
155
2875
536
1462
5129
6610
563
4550
6156
482
478
500
477
4237
4909
5140
6858
3783
5648
3719
1065
4309
4353
6310
3058
5772
3121
1740
5028
3430
916
3059
1201
5723
1886
4638
2426
5545
1580
4635
4043
5729
5516
6844
7068
1223
1230
2219
6274
6282
3111
5069
5549
1216
303
300
5037
4010
6780
7017
5517
2734
2806
4427
1017
4112
4338
895
1946
1370
5709
4691
6418
1508
7141
1016
2331
4861
2482
1450
4084
1012
7048
5052
6658
5976
3701
1168
1412
883
1006
2420
5616
6762
3476
1660
3131
5540
31
5952
5904
1082
3980
911
4695
6271
1401
3123
1414
4674
3973
2914
5048
5328
2014
5066
5126
74
3857
6169
4138
4630
4736
4145
6197
4629
5615
709
1954
1027
4116
1036
2411
6659
1905
4058
831
6329
5643
6325
5524
4001
1757
6768
1749
3898
3169
2010
38
5024
1055
5859
6674
6251
7117
5807
5977
334
3717
6000
3558
3345
5311
5846
395
488
1228
156
1143
5764
497
3720
4293
2610
506
3349
2229
6042
4288
3401
4817
4284
336
4283
1163
6048
4360
398
4775
1313
7079
3393
180
409
3308
5211
4350
1317
2792
4346
4342
3657
1205
6518
2165
2164
7010
5733
1211
3135
6049
5703
3724
210
6103
112
1279
4802
4486
2891
273
7097
4233
1276
2894
565
566
5398
5800
4219
6437
3737
393
1124
2108
3592
7105
3732
4562
4739
3730
367
3428
1507
5044
884
6380
2470
6013
1389
3626
3175
1418
5515
4678
4401
6226
6590
6015
6025
3867
5583
1265
757
3958
5199
4378
1585
261
4380
3685
5248
4697
5023
4386
5424
368
5829
6272
4409
820
227
946
4672
6012
1764
4713
333
3640
4423
4657
3467
6455
2238
6276
6408
4511
3599
2537
5551
2310
4412
7066
6402
6529
3897
880
1744
6239
1554
5741
6681
1490
1525
878
275
875
5726
6782
2374
1908
5322
1670
4555
1139
5484
2577
7089
489
486
1148
6616
1150
394
5460
473
4310
1039
6856
456
4969
2407
1031
5123
1458
637
6151
4220
4222
6887
2895
1342
2908
4575
4587
6880
5853
5645
611
1646
1649
89
6335
6135
6338
4243
6870
1625
4567
2916
2993
6645
6187
6317
434
2170
2336
715
3216
1944
1943
6203
3014
6201
175
4626
4101
4354
2169
4860
2172
3296
2999
5705
2622
2157
1953
2905
167
1481
3185
6319
1316
3767
6372
6314
6333
1598
3268
3313
3948
3374
3612
6551
5501
1086
1260
3852
6549
1715
1467
1506
6557
5304
6556
1588
1349
1409
5185
1172
5169
5083
6270
5350
3566
1489
3562
6321
6494
3284
1157
5455
6290
1164
1603
6293
3162
5329
6295
1686
3385
3574
6277
3384
3594
3292
3735
5235
6705
3734
5443
6344
3596
1375
3443
1319
1672
6304
3433
6651
5058
6275
1671
6678
1408
3954
2099
4265
4281
2855
4291
505
495
6093
2131
2135
2136
471
2843
4317
4349
403
2808
390
4381
593
374
2911
613
4979
2990
4126
1981
1985
1989
6167
4948
656
6162
652
5632
641
636
4918
5646
4917
2035
2922
2913
3011
6981
5762
209
2322
4518
2339
166
2346
7094
124
4572
4582
5949
4623
2410
2564
5872
5942
2540
2453
2534
5818
6053
7064
4489
4424
2226
2227
4816
4815
7045
288
4442
5788
5794
5797
