2419
7106
3997
5124
7103
6040
2410
6041
5469
5460
2416
5035
3629
5464
3998
4816
5126
5033
5122
3995
2855
6488
573
6882
6150
5613
3119
1113
6044
3992
5127
5039
1716
2417
4725
4730
3617
6849
2482
2895
3993
2412
3996
4418
4415
7109
2415
2692
5315
128
308
874
1712
5847
5991
3138
333
3999
5616
2471
6455
2474
2969
6892
4638
400
4813
4814
3871
1046
3639
7102
4894
2607
1901
3991
2401
5036
4739
1143
32
942
6360
1711
5031
594
4473
4597
4676
4364
6228
2418
87
275
5155
5120
4865
5053
3164
6746
3874
5630
3990
5022
3546
4238
2890
3840
5975
2307
908
2414
6451
5611
2300
4737
338
4675
4396
4111
1118
6045
4089
5466
6053
1218
1717
4698
6513
82
3114
2355
1035
6977
4236
5685
1585
4237
2509
3430
2177
6887
1718
1719
5462
5041
4390
5500
5324
2413
4398
3963
4568
5013
3059
2223
5129
4470
6973
2173
5982
6898
5307
5311
5463
5330
2680
6356
3730
401
3947
6860
334
5076
1645
2800
5635
2411
6384
6740
3948
4819
1255
2518
3623
2964
5433
2301
1802
6019
5321
832
1027
835
1029
602
406
5128
1484
595
5563
1710
4085
2859
936
4651
1256
274
6453
6576
5784
5112
4693
3110
940
943
5404
2658
2604
4975
4112
934
1100
4239
4235
3960
6330
6363
947
5142
2651
5467
1642
330
4325
838
5203
3001
988
6208
2472
2852
770
6638
2180
6653
183
4380
3626
3481
6091
2182
167
5322
380
5318
2537
3744
4810
1952
4587
4337
6844
3736
3740
6868
7100
597
1110
2
1987
5631
4417
5356
4412
214
2641
5766
1814
3058
4596
538
4338
600
384
6382
405
2302
6891
388
5842
2190
5085
855
5833
430
3910
4973
4971
5394
2245
1526
2243
5030
4636
5740
36
5778
6388
1528
6487
3619
4335
3887
6293
3734
6074
168
3732
3954
2008
6970
1679
4709
4363
4413
1414
4411
4817
6979
1980
85
88
2480
190
2585
6619
5949
2532
4349
4306
6350
6896
6897
5509
2339
3097
1757
5510
6273
7075
7056
3433
5712
6305
1715
3331
799
4395
2811
2619
6639
3889
5314
5316
5057
560
604
1958
6631
408
1803
3943
2109
3884
2901
819
5512
1877
5106
5516
482
1747
1643
5423
2051
3486
2142
6480
795
6799
2887
5543
5545
5645
2885
1675
535
3883
5541
599
3296
3580
4632
6133
1804
332
2818
331
3307
5996
4965
4873
6248
2612
7107
4614
2804
7101
78
1041
6347
3168
4868
1248
1481
4012
3780
304
3170
1486
81
6345
4963
164
135
1417
3743
879
878
382
212
4678
2464
2685
201
1014
3125
4074
394
1134
1410
2814
2788
3618
2231
6157
4697
43
5836
5830
2252
5974
6992
172
34
3747
2850
6975
215
4901
1372
163
4811
3757
4478
3942
2945
2462
4558
1971
1384
1381
5312
2779
555
3484
181
6652
6993
3056
2778
1376
3748
3735
150
6139
4098
1870
4701
6144
4692
38
3907
4385
31
6155
1783
7143
6169
4677
2687
6581
2698
6572
5371
4804
1084
4717
3339
748
586
6018
125
6042
119
1315
4733
3739
4732
6630
4554
1254
5337
6473
1724
5548
4718
3727
2455
2453
3174
454
6885
3994
6889
3586
4952
4257
3582
831
1589
5150
5719
1601
272
6344
3092
5912
3839
329
4977
4479
393
4484
3126
2195
2191
862
6857
5773
2247
5070
5073
5074
4265
2277
3112
6366
3401
810
1806
793
6709
4230
2918
250
977
6705
979
973
2922
3610
3072
4322
970
5234
5251
6321
2439
1411
3863
211
3881
530
5923
6202
6201
6515
5636
853
877
872
6509
3293
1541
3111
6516
3986
6370
881
3949
1416
3924
1523
5628
866
6134
6524
978
861
6538
3301
1380
4356
1626
5761
5584
5914
6340
4333
1450
4016
1331
750
1021
1713
946
6279
2703
6343
1613
6411
6288
6346
1424
3052
6072
3267
3437
844
3309
3312
5741
5871
1215
798
1575
4202
1578
6355
1219
918
4117
6380
6268
4250
4669
1807
402
3817
5045
2860
383
5038
2858
3560
2187
2260
2276
2279
4520
3788
323
321
4961
2313
2275
3588
3825
5065
2000
3501
5254
2923
3865
2912
6720
2068
2171
2908
6749
6752
3849
3845
6772
5105
5091
5089
6738
3880
6894
2823
3655
102
3733
2582
2583
60
7116
2627
4731
3723
4652
4682
4679
2681
2693
6
7162
3
4700
6899
3738
122
2351
4912
2817
265
2816
235
3763
4846
7070
187
6997
165
2504
2773
147
7044
4770
7055
6996
3294
562
658
1955
1930
1940
610
5342
6622
4382
3692
5395
1820
567
1860
2957
2992
2965
3912
6600
1947
3899
1904
2963
1387
3172
4008
229
2798
1868
5954
6512
166
1876
3344
6319
2451
4392
1404
1420
182
1391
3343
3627
193
6651
6502
6614
913
5876
4953
2983
1480
6352
4948
630
4929
4924
4921
4917
4915
6322
4914
1748
3598
5917
5369
4903
6608
4879
6332
255
2397
960
4806
961
6325
1893
2777
4592
5501
75
65
1213
1210
6546
3308
1209
7117
5425
2628
7124
4086
37
2654
6152
7135
1101
6164
6550
6174
4076
5461
7148
4377
3694
3291
3016
3915
2697
4611
5998
3259
4046
6002
6281
4590
312
4771
133
6277
129
3741
6026
6275
7061
7064
6043
6271
3737
6048
6267
6049
4173
4160
1299
1276
3661
5421
6081
1060
7081
5468
3731
1487
901
5159
5119
5157
593
5239
1672
2929
867
2017
2103
4314
6420
398
5731
2101
6728
2009
395
6452
4483
5565
605
6422
4302
6812
585
6788
5103
5763
3981
5095
3842
5094
6636
5214
3980
3051
2052
6457
3866
2039
796
3116
1617
6886
6458
3376
5632
2228
6646
5167
5303
894
5345
4399
5615
1906
1501
5714
4521
4967
6571
3136
6615
6406
5713
4522
1902
6644
2273
4301
3131
3054
564
5275
3130
2935
1588
