5041
1881
6237
5129
1229
1228
1220
4480
1224
4657
1908
7046
4663
3272
2853
2855
4572
3127
3411
1049
1012
1010
6272
6846
5265
2951
6276
6274
5070
4634
5035
5501
5510
6671
4926
1545
6487
4486
4342
4483
2858
2969
1227
4476
1223
3250
239
1048
3298
3703
5031
1031
1023
4241
6265
1013
5362
7068
4745
2599
5929
5137
7090
7088
6275
3024
3205
1550
1905
5126
3429
3453
3087
1427
2044
4930
7073
3270
6886
3219
5305
4914
5301
38
6683
3858
4397
5652
2533
25
6409
4819
4326
7039
4890
7042
2429
6656
4913
2857
6776
603
6663
4575
3276
4622
3260
408
6870
4271
3251
3277
6654
7044
1540
7048
4910
1065
4487
1032
6269
710
1015
819
4084
6607
3851
3854
3855
6226
3850
4919
3214
2418
1883
2400
5530
2365
1977
2850
2991
5124
2214
4370
2269
928
885
1887
5717
832
3118
7084
4249
1882
3452
1165
1880
1455
3466
4906
3468
5308
4407
2863
4415
2846
4790
4488
5630
6277
6404
2103
4306
6270
2414
948
3116
936
1349
4346
1501
3966
5072
3279
1765
3274
1761
1759
6792
6048
5466
5464
487
4518
3210
5103
3187
5386
3968
4510
1521
617
5120
5008
689
3583
562
2737
1109
5452
4374
2881
3900
6399
4032
6391
4209
4844
2617
1160
3853
3604
5246
3628
6631
1074
6638
3710
2703
981
5299
6565
785
4154
5469
6442
6431
5262
2482
5665
717
968
5484
2403
3712
2402
3451
6324
2992
2993
3182
6284
2999
6171
1290
1293
6279
213
1961
5144
4470
5986
3177
4934
1810
7065
1541
3459
4248
3456
186
4912
6102
6173
3253
1680
1768
1766
1764
4901
7080
5080
1225
1234
3209
5758
571
3254
716
1834
4023
5000
6164
2761
5085
2619
6644
2496
3344
1568
3961
6095
4681
3273
641
6678
5011
3995
3268
3202
3208
2687
2668
5025
659
2535
6235
5127
2990
1082
1088
4811
1244
2864
4816
6319
1232
2265
6398
3629
5751
5215
3619
6320
5714
2160
5245
1180
2964
5122
6423
4917
3832
4736
6596
1426
6329
6240
927
1888
1894
1042
961
969
4783
4928
3717
1910
5633
5634
5290
5281
1901
1181
2186
158
4500
6988
4474
4489
4420
7098
7069
4211
3670
4031
1221
3666
6653
3296
2860
2242
711
6090
3457
4508
4713
2492
4246
713
3281
6193
3252
6429
3255
1230
6041
5487
729
143
4714
726
1222
157
3278
2561
4378
5705
3341
5003
3023
4357
3889
6166
4838
6779
3021
1505
1166
2515
1168
177
3413
3414
2217
2179
6777
5004
1034
2865
6116
6418
2238
1451
5028
3034
4808
2998
5175
4873
1108
4482
6402
4818
2407
2409
7083
5536
4243
3755
940
3173
2483
3180
1788
6876
2299
3742
5750
7082
963
2631
5282
775
6524
5286
4544
3818
1346
4747
4933
1343
5415
7096
5309
5953
5955
4502
878
6266
5414
6882
5450
2974
573
1003
3709
3201
1779
3206
3705
3089
563
4916
3215
6639
2852
2266
1259
6645
3528
3711
3420
3719
5140
1308
6288
3713
2635
1292
1763
3716
4678
6321
7060
2491
5704
2165
69
5703
5755
5718
643
4871
6332
2484
6728
1297
2442
334
4686
624
4922
5708
644
5252
2892
4348
3859
6629
6628
2280
4782
6624
772
965
960
780
3708
4497
4774
5605
5280
5289
5609
3797
6603
2350
6577
3813
813
784
2196
287
6640
1169
1164
4709
7014
6393
2883
1104
1096
5689
3881
1080
52
1077
2240
3663
2862
3681
5677
723
6651
1038
1037
2765
3700
1076
341
3829
2062
2031
5104
3197
6163
121
4992
6170
6174
6175
528
425
6191
3425
1769
4279
6778
3186
4523
1911
3455
2630
4424
119
4456
3094
2580
2562
1954
3257
1950
5481
5472
4047
5165
6820
3292
3376
5167
6093
156
204
441
4623
493
3349
5029
1733
5508
4515
4411
3259
3169
1899
561
1806
1407
1853
112
566
1868
3477
1822
3152
381
6241
193
2983
4655
5202
5935
4936
4929
6238
4242
2497
6740
7064
5937
2493
6260
3957
6017
3702
5089
5616
3088
1688
2372
1713
6986
4273
1849
282
3083
1944
6440
280
136
4430
7100
3200
5925
93
966
926
4180
964
929
1039
930
5270
3184
935
3178
1904
3176
298
921
6474
5107
6008
5134
3090
3792
1002
1819
5118
1760
5996
3163
3718
120
4785
1808
7125
3207
6600
5032
3692
2912
1248
4902
6239
2168
4893
2169
232
1263
4942
4473
6233
4247
7029
187
5241
6227
5706
2172
4911
224
3465
2966
4240
2962
4471
2091
5213
2944
5738
6282
5780
1301
1296
1295
7049
5218
6286
4245
194
2919
183
5149
7066
1456
1566
3033
1091
6134
3342
1591
1075
2001
1097
5854
1626
6421
1974
1643
1967
5155
6425
2260
4261
1099
164
1549
3002
1186
1185
5192
5190
1500
175
1161
1158
2211
4993
6159
2884
3638
6396
5834
1125
1546
1114
3570
1354
6176
5555
6761
6781
6602
2495
4010
6637
6782
4706
2507
2634
6956
694
696
2454
3862
3867
800
3909
4570
4169
3930
6680
6935
4735
2413
6965
5397
3877
715
3960
5318
5363
2506
5410
4609
682
5338
4606
379
6772
2672
5543
4653
5344
3860
817
3886
5432
5430
5610
5346
4545
4607
5832
2854
57
2189
55
3714
765
2261
6981
4257
721
1047
5666
2190
1383
4998
3715
2917
6453
2410
3904
7063
2844
4405
6813
3041
5033
4345
6261
2859
4217
2851
2185
1564
6432
3361
4372
6445
503
2404
6646
4788
6630
3025
1377
2411
2861
3997
6160
3419
2228
3422
3985
5191
2199
1408
5368
5700
6660
4314
1415
4954
1452
5364
3461
2995
2071
2216
6665
3450
4651
4836
7120
4843
5696
5695
4654
4478
692
1528
3417
2053
663
4134
3022
2193
6791
5197
4156
7022
5046
706
4853
1511
1078
3610
2984
523
1084
4244
3989
4197
5691
4542
6790
667
5185
2419
1098
693
3613
4705
4786
