5330
3162
3948
4255
4160
682
4718
3097
4651
3484
2900
4167
2683
4755
6474
5630
4126
5337
5797
689
2585
3164
5508
6246
5504
2588
1353
3644
3138
7056
2589
57
3401
6413
4488
1235
2277
2273
3133
4166
3483
7123
4093
5342
102
683
3743
3480
2487
3485
1675
1352
6013
10
5394
6229
1906
5147
5501
6231
5153
4454
4654
667
3546
605
3130
150
6446
2830
3942
901
454
1784
4624
6016
13
5810
2583
6405
5772
3134
3746
4334
1670
4620
6328
4000
5339
1234
1358
175
771
4760
1083
6165
6322
1755
6235
4692
5924
3482
3566
3864
3873
4096
4244
4257
204
4331
4915
2401
5022
5161
1956
5634
5795
4709
6416
681
6443
1239
6583
1078
607
2751
1000
5069
60
4959
3502
3500
1904
5922
2501
172
6248
4016
1591
4127
6017
6236
1758
4707
2586
4700
1674
3167
6180
2907
1233
5584
5155
680
5334
1393
1314
2905
3
3137
5395
1957
1750
688
1451
19
5144
2971
3748
5146
4695
5294
5295
5185
4703
6144
5331
2254
4088
6029
4200
6018
5503
5170
1980
350
7129
3136
3741
5157
1084
2529
5145
1313
4751
6585
1889
364
1866
5251
6241
686
6400
4208
4590
3379
6298
2689
960
3080
4085
1504
3344
6389
6478
6860
3887
1455
1672
4137
1678
6437
652
115
3740
5013
5028
2276
5023
3945
1072
2279
622
23
3560
5622
5623
5055
6625
3646
4081
3293
604
2
6898
6713
4247
5332
4248
6412
5338
5344
1421
4256
2969
5388
1959
6722
1445
4684
6641
144
4312
600
1343
1237
3106
3877
63
4759
66
3353
4652
4791
4833
5803
5982
6538
214
4911
1819
1259
3246
5780
58
7128
1864
1907
5639
3506
794
4018
3463
2416
6136
4658
5776
3481
53
4259
3127
4655
5162
602
2945
3839
2185
4205
4701
2943
1251
4301
4953
2756
3749
25
1278
2340
4179
2419
3132
2458
2687
5033
3866
4481
2264
5067
4843
2255
566
4790
4195
4954
1088
458
4907
4014
3730
6258
666
3139
6464
4121
6281
1945
5618
6257
1348
6615
5635
5756
5771
3504
1383
5778
1671
1901
1748
5252
1885
3487
101
1880
5927
5928
6557
9
2831
287
3622
3466
684
5345
4164
1318
3135
3629
6415
1423
5524
3291
6395
2062
6432
5526
2083
6376
4074
3204
106
6239
188
774
4253
3441
4682
178
2759
7017
1752
6161
4139
3849
6468
3297
1424
6462
3005
4337
1478
1045
3271
6870
3352
562
2923
1756
1110
4227
940
6250
3342
1559
569
6818
2612
1114
3318
455
153
6407
3872
5259
5853
1777
21
280
5546
620
5536
2271
5535
286
289
5532
3738
3736
5500
1952
1958
3647
5148
5149
4012
5391
2222
5379
1986
6643
2007
3733
2055
5196
5224
382
6134
383
2278
8
4715
5940
1884
4762
4779
1886
5817
4831
6586
90
3817
3816
1310
6607
5791
5558
1081
1940
5626
5631
2482
2380
1071
1909
627
1166
68
4239
4066
2920
1118
6441
724
673
3339
3351
3270
3245
3240
3419
3444
3166
7126
630
1076
3643
3734
601
3737
3739
3793
3832
3833
580
3838
1086
1087
3094
3093
4089
2412
4091
2003
5335
6169
6494
193
5165
6717
5143
2227
2228
6514
2229
1311
6764
2298
4973
1660
107
2381
1617
1359
219
2240
173
5393
5433
1834
1840
5873
6049
1905
5775
5774
6608
1351
5717
1327
1925
5565
6145
5539
1949
288
5533
1951
99
5472
5468
272
4794
1806
6890
4153
6451
2745
772
4330
2498
4314
6364
2821
6372
6377
1171
2766
2774
501
1427
2798
2682
2808
1408
4595
2581
64
6788
6419
1404
4656
4514
1407
55
6964
791
2618
2619
2855
2680
54
1067
1044
1059
1356
3249
1429
1450
1457
1485
1058
1486
3168
1490
1534
1541
1549
1585
1428
1593
2045
3160
2609
2621
2688
2743
3055
1231
2965
2947
1230
2793
2812
2814
2902
750
1158
1133
2885
2602
1867
1253
1258
3154
3153
1946
1329
2001
2880
2085
2161
2168
2270
2351
2355
2409
2437
1277
2495
2500
3119
2093
3584
3295
5141
5156
5179
5222
5248
5297
5333
5410
307
5452
5458
5496
284
5636
5760
5793
5826
5848
5920
5961
5970
5124
5063
5044
5027
4615
4619
456
4632
4693
4704
4708
4724
4749
4750
6012
4756
4909
4927
4934
4950
394
4956
4963
5010
5012
5021
4901
468
6041
6158
6479
6588
6642
6648
6772
6865
6876
6899
6903
6996
7004
7023
7029
7040
7048
7051
7070
7080
7110
17
6
6469
6466
6448
6418
201
6168
194
192
191
6199
6218
6233
6249
170
6089
6253
6286
159
6323
6324
6354
6369
135
132
6410
6411
6282
469
5291
4467
507
4169
4168
4090
538
4041
4015
3977
3958
3949
4487
3912
3867
4241
3836
3747
3744
609
3505
3486
638
3460
3382
3370
3357
671
675
3296
3831
498
1028
4333
4307
4462
6409
3623
1422
3573
1420
3507
6417
2607
1398
6444
2761
1385
4666
1381
2744
4464
6531
6553
3417
6614
1349
1426
3494
6404
6619
1568
3842
1550
3841
2754
4420
1516
6319
3794
4681
3731
6325
6326
3732
6362
1452
4680
6371
1449
6393
1443
6403
1476
6630
6636
3394
1165
3372
6998
4618
7022
3359
2698
3349
3279
3343
3243
4611
7087
3314
4610
7122
7143
4509
7145
1057
7146
7163
3284
1169
3374
6897
1326
1319
3169
1317
1315
6703
6719
1312
6726
6769
3203
6773
6784
6810
6812
6813
6841
6852
6863
2723
3218
6891
6893
1584
4391
6242
4923
5136
4142
4134
2221
5172
2491
4087
2117
2886
3292
5135
5293
5296
4080
5315
4076
5336
5372
5375
4850
2904
4065
2066
2497
4161
5072
4928
2762
2405
2764
2383
4952
4921
2373
4918
2776
5103
4977
2337
2302
4233
2480
5015
4197
4249
5042
1043
5066
2339
5480
2909
5510
1761
6045
2995
6155
2997
3003
2566
3925
1723
1716
2755
1679
