5332
6027
2831
2926
5791
2487
3379
3622
6379
1393
6210
6219
4252
6212
2924
5337
2589
5157
2100
4469
3569
4312
2971
5259
1928
5331
6023
4257
2107
4717
5252
2920
6216
6499
1391
66
6695
5760
2836
1138
5996
3506
5342
1448
4713
2972
3560
2923
6218
3601
4778
1983
5809
5401
4465
1251
6419
5293
6026
4629
6020
4466
3097
2839
4015
750
3391
6211
5339
4932
2925
5334
427
6013
944
4620
4779
949
3861
5253
3484
3487
5372
3504
6471
4695
3968
14
5962
6365
5634
5992
5177
6863
2254
4764
2899
3863
4698
2894
6417
6416
4953
3394
3397
3136
773
2682
3162
2585
6477
6846
19
6354
770
1864
3249
4684
4719
3606
6474
6016
5997
904
5985
2685
3480
2683
5623
4780
449
4467
6374
6024
2896
4120
3287
4611
5304
2573
959
5508
3885
6213
4718
3942
4464
2687
903
3130
6715
1634
6750
2383
6531
6019
6893
4259
579
6029
1476
6800
2326
5335
5251
4539
2003
6011
322
1258
4662
6012
4531
4693
5018
4462
4334
353
4699
1867
4255
1356
801
1354
1343
4177
6861
1958
1850
2168
102
2358
3241
5590
6346
5622
2583
7132
600
3856
6439
1537
2758
6545
5333
5651
3605
3377
5730
100
941
5475
3390
2109
6294
2299
6904
5735
2091
6547
2788
3289
5756
3374
849
1677
3248
1449
5505
772
4014
1468
4790
1519
309
6717
6326
15
969
3247
2929
4703
3004
5633
4463
5620
4666
1469
7147
5627
649
6514
4136
6867
4251
5330
2273
2328
1893
6998
2108
1901
5146
1980
6389
5159
1348
5733
4316
1235
4001
900
6376
3509
107
3483
6896
4011
4200
1341
4066
4314
1784
6469
6462
1485
5891
5179
1259
1252
4864
5776
1324
6681
6539
5382
1238
1121
1092
6496
1421
1158
5759
5519
5262
5341
5079
1441
5555
1167
1196
4956
402
6537
5631
5843
6699
4993
2180
1862
3357
228
4253
4250
3690
1909
2500
4151
3398
6383
3432
3436
3441
3485
4060
3608
3934
2093
6028
6924
2129
4845
2279
6983
6025
3740
3718
2267
4318
6804
6387
13
4664
4667
2956
1652
1591
1692
11
8
4591
7159
2659
3134
2
2605
807
3173
1
4581
6447
7005
699
2354
5751
6257
2277
413
961
689
1174
6464
3240
5637
6145
65
6215
2584
2529
1043
2689
3362
2513
3367
2715
3384
6495
3396
3047
2459
6435
906
7027
7152
2587
1136
109
6530
4804
3741
1323
2272
4179
1863
1385
247
6427
6660
5001
6784
344
4592
4623
846
5983
4651
783
6760
4754
1502
4761
1506
4907
6719
4782
5143
5151
4173
1255
6371
2188
5775
3916
2106
2072
3948
6891
6872
204
4080
2008
5200
5734
493
1985
1993
1286
5794
5161
1284
5185
5897
907
6282
6198
6084
5980
5819
599
5875
869
682
680
6015
5989
854
5780
6199
4691
966
2351
2348
2347
3646
2275
2252
3788
3816
3817
2355
3850
3878
3924
2069
4041
4074
2007
2001
4128
1959
3872
1953
3603
3500
2869
2834
2832
2901
2934
3000
3005
3036
2665
2375
2621
2572
2509
2489
3386
3392
3395
3399
2452
3446
2586
947
4227
4310
1388
1379
1358
1353
5163
5182
5184
1233
5255
5004
5285
1139
1133
1116
5400
5482
5502
5507
5529
5545
1151
1860
4999
4996
4319
1821
4362
4535
4596
4604
4616
4624
1670
4997
1655
4714
4743
4796
4801
1505
1464
1445
1439
4972
4669
578
3584
18
6869
6438
203
257
6463
6868
6892
10
206
92
6580
6
3
143
78
323
104
6778
4595
4598
3208
3419
6372
2978
6021
2465
5268
6375
390
745
4608
4589
2723
1723
5398
1857
3507
5393
6812
4324
6104
4358
882
4437
4585
3172
6526
3448
6069
1187
255
3445
4541
1195
3401
3203
5336
1727
1650
4663
2525
7087
2532
1320
2578
3324
1440
5094
364
4991
1513
4992
831
4998
2967
1411
5008
508
5077
5895
2765
5899
4995
4661
5150
6583
4668
1870
5239
2922
2753
6743
2486
1256
7045
5855
3363
1257
5188
519
4771
1577
1280
3243
4806
1550
3365
3245
3378
6501
5062
2343
2066
3969
633
3976
5539
3829
6478
4013
2344
3030
3609
2359
6890
5526
4088
2126
6359
2888
2038
3080
6217
598
2125
2882
3621
3918
6235
2114
3093
3092
3643
2103
5642
3873
3864
6336
3104
2083
2340
6341
2322
2006
2009
2004
4178
6444
2897
1920
931
2283
965
3696
1090
7130
2392
681
1910
1900
684
6139
6141
6860
5777
4163
1050
2294
1981
6191
5681
901
4141
2293
1080
3699
6978
3094
1951
5503
6149
2822
6443
945
1346
68
5109
1370
1365
5134
5676
5644
5114
5123
1287
6586
1099
5626
2667
1193
3201
1069
439
6532
416
420
5374
5476
1127
5065
3137
6503
5442
6481
3204
5286
5274
455
380
7125
1261
382
6558
5606
1277
5602
3237
2681
3230
3111
1097
1040
5265
5596
2649
4994
1390
194
2002
202
3590
4139
6866
4154
3571
117
2388
3561
4188
4209
4215
4239
1878
1861
3508
4307
239
1827
3502
4354
7019
105
2356
1778
4005
3945
2278
144
3687
2263
2284
3697
2287
3743
3746
3786
2211
6972
3875
2324
6986
6928
171
2105
3616
3926
3927
6909
3932
3936
3939
130
3285
1775
2437
4792
1541
4849
6697
1518
3358
3356
6687
7054
6686
1486
6682
1465
1456
2551
1430
342
1418
5003
5012
2555
2556
1395
1394
6637
4791
3470
3371
1581
4455
4460
4534
3437
4549
4583
6779
1703
2454
1690
3404
1675
1673
4646
7029
943
86
2488
4711
4729
3380
1593
4763
6725
4765
6716
4682
2276
683
2932
2931
491
2787
5877
5981
6087
3015
6246
2880
6034
771
5990
5991
483
620
6030
2797
6196
5851
627
5772
6380
6373
6351
5964
2900
499
494
6411
6130
808
6142
6286
5803
688
2875
2820
2870
6324
6136
2913
4574
1131
3205
4580
4582
724
3006
