3247
15
6374
19
3240
3249
5505
4718
5333
6379
2271
10
11
18
686
13
16
66
5337
3484
2083
5185
17
6013
5507
3245
4717
3248
2340
2832
6014
4684
14
3622
5771
6015
5760
5339
5336
2762
6377
2831
12
5442
2834
5332
4779
6586
3841
2763
2839
6010
7145
3241
1242
5204
682
5342
2161
2765
1901
6389
5508
3246
4289
770
600
4627
2255
2277
2298
5210
6978
3487
5503
2830
2924
6677
3401
3243
2837
5806
2320
2244
7054
3893
801
622
2685
6482
2583
2996
1909
3916
4011
2753
3306
4286
6441
2766
6719
6583
2541
2003
3097
2585
1956
1351
5565
3397
5153
5778
5804
6392
5449
5539
4282
6462
2867
3296
5334
1541
4427
4620
941
2835
750
4682
845
6496
2836
6012
2659
2683
2276
5502
2509
2085
3848
3480
2254
4698
2761
2964
805
6416
5878
849
6018
3444
6893
5775
2562
3517
5335
3507
2838
1235
5331
2529
969
6019
689
4126
4121
4283
2107
4463
4001
1870
2391
5158
4667
3617
3608
620
6779
6868
5531
3485
2972
6846
2971
2923
1928
4247
6016
2299
5767
281
6027
7132
2760
4715
4621
4741
3895
4778
1775
808
3391
104
4467
6722
1448
2279
1421
3460
3267
2278
262
5506
5798
6717
6192
6020
344
6029
961
876
5663
6773
6011
6491
6257
1469
1169
4137
7009
107
3642
4437
4454
4629
4651
3504
3483
3419
1545
3911
2687
1468
3362
6867
2920
3287
1391
1400
6863
7122
3268
5207
1241
2990
5212
7152
3164
2489
6474
3861
2230
3856
2504
6230
578
6354
2768
6580
3399
3360
2673
2688
486
2500
3919
1861
3962
5338
5257
5623
966
5205
946
5201
5149
1393
5090
5040
1461
4956
5849
5851
4864
843
2123
1958
4333
5500
1827
4469
6025
4626
5955
4743
4776
4792
5897
4833
4688
4581
3584
102
6823
6888
6729
6924
4611
846
1914
7149
2066
6336
2689
5822
6553
1348
1917
3643
1195
3915
4331
4695
3006
5797
7057
5441
109
5756
2576
6812
1363
2984
5809
6743
4123
1913
6051
6049
3585
1876
6417
6026
4321
4358
1844
6444
3130
2792
2664
6458
4004
5383
6375
495
493
4284
6767
1910
4464
4466
3948
6860
4080
802
1911
2589
6495
6751
3367
1985
6715
5611
2293
4140
5070
5447
2296
3363
1560
57
3365
1982
3656
3815
1080
3657
7130
4197
649
5472
3379
5529
2833
6468
1798
6766
4462
6199
3601
2733
3576
4576
62
5297
5898
4074
1485
6869
5253
1804
3713
4989
3392
3178
6865
3380
774
2100
3244
2944
1168
213
6411
714
1874
5504
4354
6225
6425
6781
123
1441
741
130
2129
3688
4015
6448
6096
4006
4005
3230
6710
6105
4177
6463
688
6439
3912
6682
4099
68
4711
5262
4132
4713
5791
3418
3002
6210
6842
5772
3571
240
239
5759
3850
3569
7111
6818
7159
1569
1959
2267
3816
4798
2487
947
6625
108
1556
1551
1957
3572
3211
3015
6680
3395
635
854
63
5166
353
1342
6541
4101
869
5255
4693
6547
4188
3298
2565
5259
439
5640
2219
4252
92
1000
2825
875
4255
630
2484
6097
1981
6104
4288
3558
1945
3292
6069
4251
6231
4314
3135
681
7011
5231
7059
1865
5794
4740
923
6891
3191
5708
1577
960
1563
234
5704
5695
1550
1520
2607
65
5630
5627
3364
1022
3394
3393
5563
3387
5526
46
6824
3376
5480
897
1299
4703
7137
6023
6784
2513
1165
5988
2682
5979
5978
5962
150
5942
4465
791
4501
1772
5394
4539
4574
4580
5883
5879
1335
840
841
4625
6802
2566
1666
4692
5157
6238
3369
2103
336
3864
7053
6683
1260
6376
3004
3904
2036
4014
579
3852
2256
3076
2311
2405
6740
2125
2208
6367
6437
2979
2465
6427
6419
2121
2985
6640
4
4142
2961
5330
3699
3695
6494
3917
3918
7160
1232
2877
2459
3937
3649
6477
3648
6471
5293
2114
3708
3829
4146
4034
6464
6256
3650
461
6501
6413
2354
6602
5792
884
2567
4714
2235
3854
303
5780
1354
6574
4729
6248
5810
794
1774
3926
807
5893
5892
2187
5884
3265
5178
5874
3909
3465
3014
3463
2769
159
3902
1690
1258
1138
5853
1673
5163
4683
3890
6559
6565
7104
3897
3441
2241
1462
1464
1466
1040
1233
5590
5012
2926
6681
5298
1379
1496
3762
5263
1490
3386
1456
2956
1402
1092
5493
1089
5096
1227
3667
5479
2681
5075
5265
6713
1063
3709
1451
5631
242
2399
3788
943
6915
940
6916
4772
5921
2906
3446
5744
2251
4749
3851
921
4742
2253
3847
949
2263
5300
2603
1531
1537
3812
1552
371
2292
2981
376
2275
964
963
1567
4812
1373
3489
3669
3967
1296
1967
1850
4362
1973
1166
1845
6004
5250
5225
5997
4148
5996
632
4149
4419
6459
629
1986
4356
4003
1961
6208
553
2069
683
2464
7017
6346
6373
6094
6986
4312
6386
5114
3106
6412
4127
1952
1953
6770
1864
6772
4183
3557
3561
5232
491
3500
4447
1304
3971
6956
4435
7023
7076
498
490
1160
1161
1824
6234
6469
4171
987
4120
4170
1529
1912
6841
7126
6726
4242
2408
5661
233
1941
1519
5481
1516
3659
3238
4924
3259
2273
5664
6839
4866
3575
965
5494
3118
3080
1124
2009
373
1558
1919
2468
5696
5094
4093
1924
2294
5143
6724
4129
4257
6326
5372
5686
2978
3374
4186
1375
6902
2031
4141
3378
5561
4178
1042
4195
4144
1463
1047
6262
3213
6764
3099
3662
2729
6259
5022
6693
623
1066
1449
1060
1447
5240
6760
5478
5570
602
3093
2038
5296
2736
3396
5243
2822
2948
5242
5620
2018
5618
4173
4213
4981
3726
6270
2004
3661
2392
1968
2272
1476
3212
2810
4781
3577
6514
3464
504
6800
3905
1828
4623
3030
2011
4413
5251
2130
4665
3619
745
4680
4363
6544
6778
871
2764
1255
1669
3194
6556
2122
1663
4687
7143
