6189
3492
5355
489
890
1720
2134
891
2113
896
6101
6188
2155
5358
3493
1323
3495
580
3322
6105
6181
5093
872
3497
1488
3498
582
5357
6104
3351
5366
581
2012
4557
3499
2643
1272
3594
1011
2025
2092
3591
361
583
5351
4221
6186
3323
3634
534
3574
5269
2143
7097
613
2010
3354
690
6982
6103
4722
474
532
881
5266
3357
2095
895
3353
6759
4874
6183
335
3320
6669
6747
5685
2132
2646
4226
614
4442
2288
2510
584
586
1524
4223
4448
3300
5367
5894
2706
899
1634
3635
3592
5352
2341
6755
1405
537
3385
2878
6742
3537
1895
3321
4905
5359
306
2098
3058
1201
1496
1726
587
4222
3636
7096
2048
2013
4899
1271
5380
1277
3352
898
4228
4447
3496
1208
4551
2130
3264
3324
3325
3326
3327
5364
5365
2146
1036
7099
1529
2154
6106
822
5283
1535
3979
6146
893
3491
2701
2014
1320
5267
809
5098
2049
5017
4896
2141
5310
2137
539
3631
5513
1128
1523
695
3335
481
850
91
1325
4567
4309
2159
5706
7092
7058
2138
2336
6194
6131
4552
3037
6107
3059
5354
1379
4727
824
829
331
2700
351
1207
4525
5688
2734
4293
973
1371
5361
1498
6668
1278
3359
2847
2282
3722
3355
1521
6736
252
4091
4610
1372
1119
3350
1528
6453
892
4044
889
4414
6182
7062
5268
3938
7134
3548
1275
2135
2136
2691
3959
5264
3332
1751
3990
3595
5368
2153
6889
529
5964
4550
2645
4440
3934
4723
5747
4117
715
879
5175
1847
1647
851
6109
552
478
4388
95
4529
3033
473
300
4831
80
611
2236
5415
4225
4380
3599
2151
513
35
2936
4895
1016
5363
1499
358
1575
6157
4891
2119
5682
3490
6184
353
3572
2128
3570
6185
1744
6883
484
3145
3494
2892
3532
5320
4111
3439
3633
2879
3109
5015
436
6946
355
396
399
6053
391
693
4879
28
4892
4269
7138
2174
103
5540
670
3937
4537
4046
789
897
2118
615
3871
5890
1582
2144
915
3837
3727
84
699
6195
821
5386
302
4832
781
1409
1699
6715
1408
585
3384
5934
5683
6727
4748
4152
1740
4325
6521
1892
1729
5741
4728
2123
2642
1696
5426
6700
87
1752
89
3534
1891
6684
3533
3023
5059
827
7167
853
1094
2651
3965
5091
2140
4231
3725
2158
6330
1532
5770
1525
1790
3356
4897
7034
6837
3075
4383
3723
6833
337
944
6108
1270
3382
2932
2332
6312
5373
4220
3814
6939
4837
3330
4753
3334
6741
6731
2868
787
828
5328
551
6967
471
1068
2707
6305
6937
5306
2738
5420
488
911
3126
4558
3306
4432
2716
886
3336
4644
1030
6342
3337
514
518
6332
3051
3389
1284
2018
3649
2152
3630
2011
2147
3627
6825
7137
40
3707
5686
5242
6836
4819
4813
2131
6717
1288
3980
4034
4303
3729
5701
1749
2386
1502
1446
2165
1526
1289
329
4232
1506
1583
3726
1367
4922
7130
2114
4095
4720
429
6737
4343
4092
4908
4340
5904
4297
422
411
5589
405
403
1633
5649
4287
6100
3953
2344
5646
7118
2286
2096
4846
4867
6711
6331
1445
1444
5929
2285
5527
3250
73
2281
4861
2656
3818
834
877
1635
884
5598
6158
3301
848
3309
3869
2024
6984
154
6816
167
6187
5687
6132
6819
619
4224
1413
214
2156
7095
5546
7091
1508
1503
5362
3034
826
319
5173
5327
7072
2807
2804
4400
3052
4487
4643
1762
42
6730
4119
499
5776
5976
3067
2530
5020
3530
466
467
5277
469
522
3129
1177
5270
757
5648
4734
2531
1150
5515
5753
6120
820
1756
5483
2372
2371
4389
1934
6713
5056
2937
6036
1370
3383
4295
307
818
540
5092
2426
342
700
2840
5221
538
343
1329
6880
4489
5014
6414
1754
4917
6987
3029
4109
1757
3022
2042
5752
5053
4512
1693
3056
1844
815
1742
1962
1745
796
5036
3123
5881
5136
1636
2522
4752
2518
5977
2516
5321
2523
6579
2803
4631
2476
2473
2460
2425
1286
2849
6936
2527
1130
1136
5279
5275
1163
2594
2526
1182
1202
2730
4733
5303
2752
2756
5971
873
1328
2856
6824
4556
2149
5116
1564
1572
1483
1576
2120
2117
2116
2111
2097
2089
6432
994
5360
1447
2866
6873
4793
2891
5811
6461
6526
2346
1375
5353
5172
2283
6843
5150
5350
4483
6753
6295
127
557
556
4443
3642
703
4306
6267
3433
3597
385
4449
3954
4171
3973
4300
691
318
6088
4267
5542
3302
4238
264
3274
634
3579
3720
180
294
296
5581
4294
5582
598
3328
412
4262
6049
4008
505
5489
435
36
7147
6057
4033
437
433
3558
3169
20
722
5830
1448
5930
2751
1114
5261
610
3721
4683
298
1406
3536
7041
935
5274
1115
5288
5139
4365
2177
883
4893
2981
483
888
4421
253
479
1458
4272
1490
4887
2980
6985
6663
7030
590
2726
267
472
303
4824
2315
996
368
6884
4756
3428
3432
7066
5984
5238
4386
1017
5244
400
2806
4741
6564
6942
4724
5325
4726
3590
304
2860
6310
5183
1156
3380
1033
4569
498
6317
2348
3470
6307
1160
2388
2769
332
7076
5273
2592
3640
2436
4264
6627
5943
2488
807
3253
7136
878
759
3027
5052
6720
5684
5739
169
7114
2081
1750
1753
3223
3252
6151
797
6135
3042
3078
2087
696
694
1622
2090
7139
122
4520
4196
6704
6347
5742
3085
6180
5568
698
3222
6209
2998
2163
7154
4898
2157
2070
710
1878
5867
4062
4538
33
4248
5032
1644
5118
3269
749
2057
3271
4104
6340
7111
5379
6818
1648
3831
1642
875
3783
4740
2020
1250
2054
398
3585
5247
6801
6800
109
6095
5237
3598
2063
2019
4929
7135
4014
6563
4042
4979
1899
440
1140
3535
5958
4345
6527
5885
461
1809
2709
2711
1896
6912
1746
1164
1991
4732
