5367
5366
4228
4523
488
5363
6883
1962
5354
4221
6663
474
3706
3439
1529
2018
484
3634
2864
2865
470
3719
6736
2012
2863
5368
6668
6135
3703
881
879
5706
6669
7101
2868
3630
6989
2425
3537
3714
3300
614
2097
3722
4504
2643
2861
5752
5362
89
6132
3701
5052
5173
611
478
3355
3717
2434
2890
4232
2427
6981
2866
4527
2438
690
911
2137
7092
996
883
2119
3711
4525
4550
877
5096
2013
6105
5497
3631
2426
472
4867
694
712
2165
3990
2516
4813
5703
7097
1528
2442
2019
3979
2862
873
3729
4344
1275
5386
910
3720
2014
6100
3713
513
3716
3709
4222
3702
3253
5943
7030
3114
5537
3723
3705
1271
5750
2371
872
2336
1643
1642
1523
465
5645
6713
5059
5057
4909
926
2436
2700
4905
95
4863
6693
3715
5775
5977
915
1751
6719
6813
2423
1809
4819
2460
1526
2473
4814
4558
5364
4551
4811
461
1521
4789
5615
4839
4733
3700
6665
5267
84
6489
40
4238
119
28
2053
5228
4727
4273
4529
466
467
3704
539
6108
5741
6047
473
477
3037
6194
337
4606
3033
1207
2726
6823
2833
6661
2807
1201
1389
2033
6685
4380
6830
2181
3710
1499
3296
154
3570
5770
2420
4734
1883
408
2407
695
1964
5245
5208
2702
2856
4269
6103
2518
4526
3813
1260
3632
2620
5777
2716
2891
557
6889
787
2534
534
984
237
3727
2118
3708
6936
6074
5881
1699
1279
2282
3532
973
5121
3627
7064
471
1524
693
3077
4557
2859
1202
1539
3599
2332
2428
5685
6880
5021
4309
4860
489
5914
4874
6731
3862
2403
6249
3536
5687
2422
6312
6508
5137
3184
2365
1033
479
6126
5467
1160
4386
6171
1508
1094
2090
1128
4520
1332
4559
2281
853
3059
6430
2860
2258
7035
4328
5753
5270
874
5086
4567
3103
1788
5233
5504
4818
2867
916
2155
3712
5202
893
4879
384
721
891
5599
1645
1683
6010
4740
4343
2054
1956
885
5440
4287
4171
889
5276
5783
2010
2052
4510
5349
451
3583
1498
3724
3323
3303
4730
1036
3594
4832
1640
2174
5461
396
1501
641
1163
6483
1520
5235
2738
329
3128
5939
5365
274
6066
4303
5498
4262
1950
1337
3126
3229
7102
5919
6088
6073
3657
613
4774
441
1772
5369
6987
3387
2435
4363
736
5083
3904
4226
2709
2433
6582
6101
254
5860
4223
20
4297
2701
5487
6766
5886
1137
3121
1525
5867
5884
6818
4364
3071
21
3761
29
462
1527
6209
3129
591
3783
6246
2511
3180
463
552
5175
4800
647
5875
3718
56
5222
1635
3060
2140
1965
2974
836
3992
3380
6075
7103
1934
6984
2087
5132
5676
2315
3970
5921
1967
819
5656
6686
4673
863
87
5358
4571
2869
1895
5088
3304
2132
2161
2163
5327
5324
1295
2169
5754
888
6014
1841
3267
5938
7024
7091
3346
2728
820
711
4270
3023
5414
1166
2705
6733
349
2138
2402
5616
414
4684
5415
343
1957
73
1680
5450
2712
7114
2599
2598
6124
696
3188
887
5219
697
3112
5185
3327
6450
3274
3582
3326
1164
3585
3322
3592
5210
1165
899
3332
5443
3554
3454
6520
5187
3020
6712
1018
3151
6377
813
6671
3152
5378
4925
4924
6717
6241
2706
3661
5170
4816
5053
1209
6432
2721
3349
722
4793
1211
5420
5215
2510
3985
2289
2286
339
5935
112
497
158
2283
3997
6170
4773
138
2280
6175
4014
1794
294
5936
6886
4298
4211
49
2340
5862
5942
2421
5661
2131
4752
3959
3822
3775
2135
2429
2432
1737
514
403
429
5720
5595
88
4267
2189
5894
238
4493
4385
2146
385
4528
4395
4349
2144
4500
7039
1720
4521
6053
1889
354
6104
4033
2255
4522
5888
2725
972
2057
327
2958
2734
782
7086
6506
983
351
6109
2098
2998
3497
2980
3908
3903
1725
1718
345
5236
4235
6317
5857
3330
4224
1016
2722
6700
3010
1200
5668
6360
7071
5709
4175
2266
2840
3318
861
3321
2257
2250
7017
3999
875
6044
6025
4552
1878
6015
2197
890
4503
6004
3335
7049
2858
2946
3998
844
6620
7083
5655
6369
1236
7080
6480
5389
2927
1908
3276
7072
951
2646
6085
5670
6412
299
6986
3381
284
6072
2880
3993
4189
5140
368
6511
498
5495
5493
3052
6245
4770
4369
492
490
3049
6157
2041
3769
3625
2574
4756
80
3791
6888
1644
2592
6574
5221
45
1503
4838
3810
4846
3156
4772
3814
6811
4365
3089
5209
536
6203
5530
5205
529
5204
1562
3683
7144
587
1559
2531
2494
2492
6833
6189
1549
5201
6185
10
2472
3666
517
5513
6816
3058
6877
6878
48
1641
7043
1682
2642
2641
3034
416
4295
1168
3181
67
2635
2056
3183
71
6516
3831
3835
2400
1961
400
683
682
2627
1684
715
2600
2391
3163
6288
1496
1972
674
675
2603
4407
919
5879
7062
4345
924
3026
3087
3109
2143
4515
923
3073
7053
3221
3068
2147
913
5135
4332
1030
3187
4341
5133
1188
2011
5931
4268
2089
3030
1124
1885
4276
5122
22
5352
4299
1902
5098
5153
54
3047
5778
1906
6567
6629
2044
4414
1213
3150
1214
1235
7137
2114
3159
3043
4321
3248
156
3308
5353
1084
6596
5131
3053
4182
5916
2136
2134
2878
2094
3235
4294
5126
5264
3299
7094
1145
5152
2879
3185
5054
6447
1693
1691
720
3842
1679
6281
1694
2397
4862
2404
5593
2626
411
6740
2628
3539
2660
1698
6336
4928
6098
6709
1730
2711
3491
6329
6715
4920
3905
1710
2166
4701
3888
5466
419
685
3579
6177
2468
516
6824
586
1560
1564
4784
4802
2496
6873
537
571
1583
3728
505
4681
6810
485
5592
5472
425
4737
6912
433
437
6259
4744
4836
3793
2595
3776
642
1634
493
2352
2691
822
2765
2774
4645
252
2779
6054
6967
