5363
484
5367
6883
2013
2018
5366
4523
1962
2010
4228
2420
2426
2856
2421
2425
2014
5706
2371
5362
879
4800
5364
1809
5703
2423
471
5365
488
5741
3835
470
6194
7097
88
2427
889
2866
2429
3627
877
474
2927
479
5056
6884
2436
5059
1034
3719
5183
274
3729
3717
5349
329
6824
4360
5593
1640
4922
2438
7039
2434
2433
4558
1279
4526
4222
481
4712
1641
5749
80
478
2336
5404
477
6108
1271
5515
472
577
1129
2858
872
2700
493
4287
3720
2165
4736
4710
5615
4787
4323
2352
2479
403
3387
6881
5121
5381
3579
396
1691
1693
6989
2859
5369
5305
1698
6321
4874
5057
5676
6888
5037
2645
232
3624
5709
4473
5354
6047
1964
1965
6058
81
89
4419
4221
2033
3125
473
6823
492
6511
6517
4223
7109
4238
4267
2534
6390
4232
2620
5646
4929
2518
4226
411
2523
3994
5846
2864
4813
6128
4814
4819
6088
3537
979
3634
5755
3979
4521
5702
571
5888
388
3782
1030
6074
4836
2189
1143
1157
5304
1950
5361
2366
2435
2460
5368
5054
1275
5466
1645
1501
5403
5270
6521
746
299
3381
4706
3114
2169
3023
2963
4365
7065
7091
1128
4795
245
3599
6062
3618
1507
4229
400
1682
4220
558
7030
6663
6621
423
5943
5976
1644
6685
4388
5327
5323
3703
408
2393
712
5644
2428
6334
2430
2531
5670
6318
6330
5020
971
1334
4732
4730
3123
3714
748
4716
31
3068
391
2654
989
6889
1694
982
734
1335
595
6098
6071
3592
2706
3904
334
2019
7075
4871
6053
1260
302
4522
4592
4789
5187
2891
2538
254
1521
437
2892
4322
237
5116
4407
419
184
4269
2397
406
2178
5024
5408
6788
2595
2468
4268
4389
611
3773
4327
482
3783
5497
6878
475
4552
3725
3791
4909
3903
4567
5041
1338
1820
6877
991
7049
4227
1696
5645
1649
540
6634
5052
3970
4032
3993
3992
154
490
371
6620
4254
4524
591
983
491
5324
905
5209
6918
6338
747
4860
2087
6131
883
6132
4833
2236
6335
4673
2211
866
2807
3129
4876
2163
863
4734
7101
6331
2171
6323
5685
6105
3010
2658
1231
1976
2398
1201
1033
4606
142
3570
2365
1934
2865
71
4808
3625
2369
1409
2862
7060
2878
6295
856
6329
5820
6420
1046
4294
2475
1528
6787
4346
2533
6784
2363
885
6659
4306
1526
2282
496
1119
2857
6936
2709
1817
3985
3984
1202
5971
2701
736
2012
5977
6051
3700
2432
3706
1244
1243
3657
3439
3990
6629
3022
3026
3063
2166
3124
1685
6512
1697
6825
1734
5881
1737
6635
2089
4044
1769
1776
1144
2491
6755
4865
415
4414
5208
405
5781
5211
5679
5401
7088
158
5674
7138
5050
38
4480
40
4486
4553
5030
339
5098
5752
4987
5428
5143
5219
4504
49
5642
4500
4917
5036
112
4739
294
5461
5186
4786
234
436
7069
4802
4363
119
5189
4385
5513
4010
3398
2637
7068
4018
2214
6219
43
6459
570
4368
5770
7032
1499
3616
6627
7089
1786
5920
467
3110
6632
4715
3467
3182
6370
4697
2860
303
2217
7114
1478
7076
5553
1891
2511
2470
2403
5753
3242
6606
3977
6516
6610
2539
6396
2567
5726
6616
3184
6380
1215
1833
881
2239
3701
2
6834
5750
6932
7086
2826
5407
4261
4805
5688
2912
1646
6830
4274
6061
1643
2642
1642
5198
498
2181
417
3761
5196
6917
4825
424
1629
4295
426
6077
6684
5785
6654
4361
1744
4380
5671
5886
6645
547
546
2656
33
7092
5852
1690
2712
6653
87
6135
2212
3536
6430
4309
6650
6347
4225
943
1108
2739
2447
2737
6337
1503
152
5058
4640
5120
2404
3461
3466
3469
2386
6114
2385
2360
4686
4671
6100
5724
312
6873
4689
5643
3415
847
2809
6290
2829
862
262
864
865
5686
915
871
4783
873
2894
910
2854
908
2893
7094
248
2890
886
887
4811
2861
6332
6875
4862
4737
751
2462
3411
5720
3385
3323
2490
3303
5632
3273
2522
4985
180
4979
3188
2610
2611
3152
3151
3585
3122
977
973
2647
4863
3020
5188
6923
4516
3959
5949
5950
6656
20
5406
6665
614
413
5321
6652
5308
4475
1990
6668
6560
5303
1211
418
83
421
4403
6813
6651
3982
6612
4111
4088
5386
4061
4034
1802
1805
1683
52
5844
1832
7042
392
316
393
3989
1839
1337
395
398
6614
399
401
2032
2034
497
2052
4631
5215
661
7135
2122
461
6498
3684
2147
2160
4629
7064
1492
3630
4343
4349
6981
4655
3614
3611
3607
4665
5202
4321
2127
6649
5815
2084
1583
4297
3722
6518
6774
1529
5463
6678
2094
641
2053
6901
34
7104
5389
1689
4867
4872
27
968
1432
1437
2705
1622
1509
4818
4837
1647
2823
4831
7100
6317
2850
1496
2852
5427
4820
6780
6722
5435
1493
230
2741
1602
1332
2238
35
5106
5091
5086
6858
5551
2057
2422
6535
6815
82
6564
5034
1221
1967
1200
2477
1184
6515
116
2210
1117
2295
2313
110
2090
6828
6440
2332
2138
2362
5220
2389
2316
6638
1944
7144
1269
2617
187
56
1812
45
4966
5511
986
4897
981
4895
6637
4891
5648
5616
1838
183
6590
1032
2506
1236
1904
4988
6381
6599
6601
6607
1014
6613
2563
1841
1021
4359
4838
3584
5999
3901
3307
3297
6173
3909
7074
5959
3253
5754
4529
785
3222
6200
6203
6209
4525
275
276
4130
6228
4735
4073
3341
4031
3998
3163
3175
3181
795
310
575
348
5721
758
733
330
3683
731
4810
4635
3687
7080
320
6112
3604
694
5725
3564
4649
542
735
3459
4566
753
3766
3765
6124
3763
655
6036
5747
4596
3716
337
3711
3458
4571
3058
368
1430
4801
3034
3028
4325
4369
875
469
4237
4421
5694
394
6301
843
434
4412
4393
5690
4409
