3126
677
312
4360
7102
3122
2890
471
3952
2460
5423
3120
73
3121
2386
672
5267
451
4034
3125
7104
1271
3129
330
5327
5688
1034
5362
1644
888
6074
274
318
3994
2518
6071
1640
3300
4306
5121
6705
74
2516
4174
757
5741
1490
674
5645
1523
7092
6884
2641
331
3992
3993
5744
3723
154
6131
881
4380
670
3857
3017
4694
5128
3123
3592
613
5888
2397
4793
531
329
1218
1694
3991
315
1275
1030
2800
2809
6005
242
431
2420
3014
5426
6847
6834
5404
554
7100
6317
558
1201
3835
5356
3059
359
1148
7049
4606
3114
5086
4328
327
4635
3556
4520
5428
438
5421
5120
3700
5978
2052
5646
5724
4238
4813
7109
1854
6053
1633
1722
4865
5673
6513
2096
5366
2859
7106
4558
1528
6350
405
788
7069
6885
2595
1645
2099
6829
394
295
321
300
1908
304
6882
499
827
2511
477
5091
2098
249
2092
5967
1481
6849
482
261
6001
267
1499
2512
2051
6330
2137
2712
6744
5051
5749
1527
3725
4800
6055
7103
4389
5272
7101
1788
6187
1016
2974
2860
730
5359
2426
3721
5363
31
889
1992
4522
5098
3981
3128
1480
3158
1027
401
5702
4340
6755
2053
3729
3594
4061
3959
6009
789
3724
254
6988
336
676
3789
673
6064
2224
5581
5461
6290
294
3990
2144
6502
2147
4557
5720
1009
1029
1520
3768
4556
825
3722
1130
6299
6881
6098
1529
4784
3726
1376
2133
3727
1501
1809
6582
137
850
4369
3110
5031
3111
749
879
4525
2058
5034
3999
3599
5037
4364
4559
1600
1413
744
3183
352
6047
478
479
895
4895
4220
6233
6887
559
5709
4222
535
4861
4860
4891
7043
4745
5723
4587
3590
3564
1725
3551
5685
834
905
2700
3018
1973
6157
4697
5803
1998
3023
3761
2192
5403
1215
5407
80
3869
5943
5081
7066
245
6783
6515
5096
71
271
1346
5140
5357
3626
5057
2148
2403
87
5467
2138
581
6106
3954
2020
3632
6889
2893
3956
389
6006
6117
3554
1524
886
913
4814
5361
430
787
1375
1926
484
3144
4385
2149
4914
6319
3657
2473
2803
1050
2805
5882
3308
5122
1498
5971
2226
5208
3634
1202
530
5368
5939
385
5965
5904
2094
5002
4303
6512
277
6384
3595
4341
1157
112
1727
1769
4424
2423
339
6003
4690
119
654
3706
296
4363
3053
4268
4262
5320
5614
5276
3822
3997
2195
3056
6000
4067
7097
2930
1744
5687
1026
7091
1892
1270
727
6186
2371
671
7107
6702
2804
489
7108
2801
89
4327
3060
1206
308
1017
567
4231
3716
3719
2898
4727
48
616
2431
6207
5142
5354
6209
2919
577
2428
1003
4706
653
5705
2858
7131
6068
785
164
6517
6995
1867
4228
1248
1006
5938
2992
1021
2142
2807
4068
6151
371
1102
4063
1635
7065
2658
1081
7040
829
1646
6733
1976
1649
6109
366
363
2627
3591
4417
6124
5047
877
1139
2284
323
5106
291
3983
335
6132
853
2050
2575
5021
2057
6844
3058
6880
6309
1507
4175
5583
1503
6302
2364
3182
2140
4024
2986
2626
4894
2988
3975
2199
354
2136
3011
6066
1709
272
2421
6843
624
1046
372
4553
976
1698
760
7118
3950
5083
4056
4267
5894
5727
2196
4730
3973
2146
4733
5030
736
856
3072
1757
4637
3051
5305
4321
2143
6086
4322
4415
1136
1588
1749
6981
1748
6678
3068
83
899
6989
3728
4348
5703
4347
1246
279
5422
292
4671
7061
5035
5296
5528
6801
3714
1720
4483
458
1699
5349
5401
828
3946
4819
6243
1213
2434
1211
556
6518
3627
1996
241
4111
4925
6103
557
4980
1306
1209
3127
1888
6883
7135
40
2455
1491
2846
3186
2855
2856
4145
2450
234
5574
2438
4510
5408
1082
2785
6002
388
2190
503
4803
6436
4527
384
6435
2917
248
6426
593
2017
595
49
5364
4232
2193
1851
4550
4469
767
5400
4388
1273
2396
3181
4336
3119
823
3069
6430
4552
3309
3317
2236
6935
4529
3347
33
1642
4373
4387
4357
6153
2332
1580
6669
1285
3189
3217
5424
1643
3780
5325
5721
782
5322
6105
4423
4421
4440
82
817
6156
3318
3783
310
6080
457
6310
6301
473
2482
4905
3655
6720
1035
491
5893
1031
1907
5515
1200
1895
3437
2402
2171
533
4854
3436
6248
6245
6519
1004
1002
157
4876
6830
6334
1496
5052
306
5038
2055
5032
275
5999
3624
2639
2645
4084
2095
2013
5129
2661
3628
6008
408
4114
3497
4119
4130
7067
7068
2710
874
230
4942
400
4810
872
4807
1810
2981
6062
1799
2197
4699
5460
3019
3701
3703
4673
1763
5671
678
679
5672
3042
2215
5747
5318
6076
6061
6202
655
610
4236
4805
974
1532
5469
2430
6203
6058
7095
4801
5953
4735
3280
3775
4044
970
1244
3376
3350
1446
3562
4027
1155
6822
6768
1313
3979
937
3619
1401
1243
3995
6762
876
6123
3996
4020
4343
4345
1522
1517
4219
1317
3439
6723
4269
897
3720
1257
1362
6063
1276
3871
6092
4300
4304
3953
4233
5952
1484
4134
1335
6736
1208
3495
4346
6054
5923
973
1008
1018
1143
6206
2108
1843
4809
1857
5095
259
6247
4839
5085
6390
2861
6560
2857
1882
4856
586
7062
2918
2010
2191
156
2433
3029
3022
650
644
5245
163
5219
6195
4732
4737
2476
5169
210
5264
4863
2843
350
7038
4948
5579
360
1982
6342
2632
2638
4983
377
4987
871
6353
406
5540
2591
2049
5036
506
5589
4892
488
1920
485
2607
301
6314
302
6316
5054
5053
4917
6332
1962
2194
2655
88
4584
835
822
5311
3187
3185
84
2229
6174
38
6417
3109
77
748
751
5328
5367
4526
5686
6167
1691
4499
780
61
47
5304
3079
4507
5419
7105
2339
5701
2419
1751
864
1607
3615
6565
