5033
3617
2817
5124
5122
5464
7106
5214
5616
5469
3629
3619
4816
4775
1901
308
6860
5835
2813
2414
3623
6509
2677
4638
2471
5318
5206
6576
2417
6487
5611
1517
3119
3110
2418
5834
5031
5830
1987
4597
5312
2450
5617
2889
2883
5127
2811
5217
2918
4894
4709
2245
5035
5218
5205
5203
6559
4893
201
6882
5309
4678
5317
2482
4485
3114
4707
7103
4700
6767
3610
3061
4917
2247
5208
6513
2419
6867
5392
5773
151
4415
2302
5836
5831
2991
2999
6488
874
3788
1310
3608
6570
482
6866
1554
2416
3473
5460
3999
6868
2241
1138
219
1070
6551
2855
6045
2412
5311
2800
5304
5463
5202
6019
2300
5501
6018
393
4514
1055
2240
3112
6470
152
2160
5168
1621
4219
6760
4737
5030
1971
4285
4661
7124
6970
1806
5610
1593
5672
1330
4770
1625
6285
2509
5216
6324
5213
206
202
4010
6421
3998
6869
5356
7107
6041
1450
620
3001
5766
4669
4356
2816
5953
5974
5981
1541
4704
6973
6455
2818
8
6955
1386
3293
4517
6537
5055
2001
5123
2937
6480
1827
3848
3626
3963
1066
6546
1422
6490
221
5518
5433
69
5832
4418
2401
2410
5842
6557
5873
6765
1053
923
4730
2660
3995
6099
5126
3991
689
5510
6556
5165
859
3602
4512
6769
4554
2008
1795
3997
2243
5167
7152
6406
2307
6400
6550
6032
2294
5211
204
2293
1391
4089
1076
6549
6008
4470
5613
1065
276
875
5583
1389
2000
6975
3780
6541
2656
7043
4236
878
2875
1072
6547
2850
2681
2686
1497
7100
7144
5512
5838
5516
1074
2574
6234
6888
240
3486
5209
6230
4082
63
3993
6296
1626
1629
203
5284
6485
2291
2297
70
1714
400
1620
2309
2248
2571
6799
3960
3296
6505
3388
2470
6425
5142
2242
6845
2454
1035
819
1595
7168
3231
2961
4488
602
2938
4813
5207
3785
5070
5169
4814
5039
4176
3829
3164
4705
3234
392
4703
5330
3401
4739
3091
4771
2964
3072
5074
4392
4397
4773
373
3613
4781
3546
369
430
510
5121
448
5876
2573
6768
6222
2439
2451
1783
6812
2459
1828
1780
6863
1678
6886
6037
1599
1596
6010
6854
2607
6762
2397
2913
2082
6553
6555
6457
2206
2256
1840
2259
2290
1919
2337
2339
2373
1848
6746
200
5978
6530
7056
924
2692
1425
7057
2675
5879
5784
7053
5833
1218
338
2707
6695
4571
6699
1551
7156
6
4999
1421
19
4511
7150
6655
2007
5065
4568
4536
6539
3747
5078
3744
5089
4513
1071
1067
6532
1064
6694
3884
3967
4412
1552
6940
1531
4758
6899
4772
4328
1510
4207
535
562
153
1712
4112
4362
4041
82
4664
1503
1820
622
1821
1457
573
3992
4635
7029
621
1451
4624
5110
4450
3568
2333
2394
3138
5511
2396
2693
839
235
5877
2428
6223
6161
2678
2472
3312
5920
3298
2662
934
408
2641
2547
6044
2621
946
6038
2590
5847
5839
6013
2087
5685
2086
2105
5164
5780
2163
3616
5653
2962
6508
2912
332
214
2249
2768
2921
1061
5558
2992
5519
1544
1545
1594
1327
3116
2876
1171
2888
4233
2995
1516
623
624
1501
2810
2697
2997
4464
855
1398
835
4335
1512
832
2761
4279
2822
3728
1716
1677
3873
3863
1911
1996
2166
3583
2165
2003
2006
3589
3876
3782
1077
1046
2084
3739
2083
3734
3730
2009
1068
1060
2164
942
3885
3915
4203
3186
4121
2526
2036
4069
4065
2503
1717
673
3914
1782
3996
2453
3476
1124
3488
1829
3982
3504
3512
3961
2455
862
1228
6542
5062
6483
5795
5067
5786
6507
4790
5061
6523
148
5708
5704
5666
262
5658
5618
150
4685
5837
4518
6007
6172
5928
5927
6277
4951
222
4832
5307
6388
208
207
4890
4866
6417
4836
6364
6705
6066
5429
446
7022
7027
5446
75
85
404
4651
7064
6787
406
443
5143
5353
4675
6724
7140
926
2575
5871
3478
3475
6005
5897
2651
5323
3471
3233
930
2669
2663
3182
3318
5324
2658
5849
5523
2696
2974
2972
5546
5517
2963
5623
2916
5654
872
2996
5496
5493
3170
838
3019
5473
5761
2820
5462
2814
5459
5458
2772
2739
2994
303
5479
4519
2321
2488
1810
1811
1814
6777
6766
6763
1807
1845
108
1927
1963
1983
1093
1998
1113
6793
6861
68
1263
7165
7162
1331
7142
13
17
18
1472
7065
7055
7021
51
1622
1656
118
2002
6575
6558
2207
6434
6411
2246
6381
6283
6274
2398
6236
6233
6227
2420
6187
6120
6096
2173
6075
2168
179
135
1075
136
6538
6536
147
6516
1056
1054
6504
6486
6484
2088
177
2161
6456
3493
5870
5041
3587
4916
5091
4333
5176
4614
4841
4626
5166
455
4072
457
4398
3618
567
3825
3781
4382
5156
3651
4388
5129
4128
4603
4796
5013
4575
5081
3912
3736
3856
3889
5005
3919
3580
5201
3880
3564
664
3738
4994
3745
3743
5021
4080
2264
2074
2080
6409
4085
1051
6416
1050
6447
6453
4046
6458
2089
6403
6398
5301
6397
6060
2562
3887
2505
255
2473
6097
250
6122
247
501
6177
3933
6229
6232
2415
4955
4952
6252
692
2395
2338
220
2335
2329
6320
3973
4929
4922
4915
4788
4689
4171
6873
1664
1155
1660
6875
6883
57
1598
6941
4461
1511
32
7061
1195
6864
7102
606
1411
7109
4478
4593
1337
4592
7155
7158
1317
4527
593
1254
1232
1423
1781
6829
4656
145
4784
141
4777
1073
1078
1079
4238
2004
6652
4286
6698
1989
112
4331
1101
1922
4660
6784
628
1826
6774
4385
2017
1844
1876
1896
1906
1912
1914
1916
6739
4998
0
5522
3789
5162
2698
388
3248
3840
5466
3842
3737
2687
2917
3053
5478
913
5022
2745
2680
315
2771
3598
5076
3748
5763
5764
3185
452
3695
5771
2886
5661
3117
5085
2774
3239
2891
5878
5712
5592
5308
3484
3881
5128
3662
