5380
537
699
1323
2092
6982
896
582
598
898
890
696
6189
1325
3264
2146
3324
489
1895
3357
5355
7096
5093
352
891
2042
691
693
5279
5357
695
3591
694
1634
584
6104
690
580
1720
3350
1011
3953
3279
698
95
5359
5358
3278
4728
4722
361
616
3270
697
3707
2097
7099
3594
4908
1208
6987
4720
2143
5264
5269
3384
4551
5352
788
1699
852
3934
3936
5591
4861
5096
6181
4351
3570
3638
3382
5961
539
298
1372
2130
780
1272
3950
556
3956
2111
1535
550
781
6188
6182
1858
1326
3492
3327
3495
3140
1413
5351
4898
6837
3275
3277
3352
532
5266
619
2155
6584
4369
3497
552
3590
4440
586
2136
3592
1854
656
579
551
892
1320
3300
6305
3419
789
3273
3959
3954
296
3946
5569
5267
3274
2096
809
3145
3935
4753
2151
6880
6183
797
2710
3599
363
1099
3321
3271
6186
358
3493
300
2177
4899
3359
4557
6577
4610
3494
3104
3351
2154
40
3499
3496
1392
6195
614
1321
6668
2716
3706
4907
3635
2134
3952
3630
3142
6736
4146
1036
355
1524
893
615
3354
894
1746
899
6873
6303
722
6133
3143
5274
5092
1496
2128
1488
2090
2095
6153
2098
1725
4905
4880
2141
6985
1726
5754
538
6185
2330
2332
1852
6309
3353
6107
1324
5964
6439
1753
3712
850
829
89
3939
2646
1270
1355
610
6312
2159
1374
5750
4400
3356
587
6193
554
499
4624
553
2958
2386
721
724
2117
6362
2510
822
7033
4721
5015
6665
6981
496
531
692
787
4141
4144
645
643
3555
2131
1375
2114
2120
828
6106
3172
1564
5239
1851
5491
6103
5306
6800
5942
5594
77
1723
134
6753
5386
6862
61
3409
3408
3951
2137
2139
3032
5590
7092
3386
2123
1729
6158
5753
4884
4887
1329
5568
6157
1013
2113
4826
4748
5270
6180
826
820
5377
5374
851
536
3704
2284
93
4327
3636
4529
1750
1201
2218
895
4586
1740
782
3551
2942
6381
5730
6302
3490
353
4729
2142
349
5086
2140
3147
2384
2387
328
6833
3304
6127
295
4910
1482
6983
726
5090
4665
1761
6197
3235
2595
6859
4213
3262
1636
5002
5098
2144
2382
6101
3272
557
3197
2153
1187
3593
4761
534
3144
3169
2691
530
2283
2794
2460
858
2314
2643
4448
3708
5350
5103
613
617
5689
1577
897
4579
2203
2849
5695
6589
810
6319
6341
4143
243
2012
381
4153
6989
4888
4883
5752
1096
5136
657
3355
3328
3955
4140
6100
1565
2118
994
6163
3978
6967
676
1115
367
5344
5693
785
3089
4881
7111
483
5648
1001
1756
2047
5488
1379
351
6540
6876
346
7035
3664
1012
2671
4482
1064
2380
1766
4487
4891
1644
4309
1394
6721
2645
2635
881
5101
607
5221
1207
5640
1539
4247
2981
2751
6994
4169
3470
6547
5925
6171
1532
6135
3013
6168
5382
3276
4406
1655
6345
2093
5387
3814
6819
4760
410
2367
3405
909
1790
1102
1918
466
4245
5742
2025
3536
3534
1569
2129
1611
2881
6187
583
1237
7113
3498
1849
5373
701
4149
6433
5450
1600
703
3815
4347
3837
5384
709
5567
6390
2516
2528
4034
752
652
2360
2553
649
648
3938
3937
6316
5468
2289
1582
4044
6299
5634
2327
783
7134
784
1856
5428
720
1857
792
716
1344
2383
1405
708
3515
252
3525
2948
6066
2888
5135
5278
7118
1745
4964
705
5868
6489
6726
6046
6587
5962
1727
2149
4803
6889
411
3047
984
4767
1447
385
1970
4863
1440
3440
1536
5746
2984
4408
4889
501
1659
1749
3632
1563
5
1502
292
1677
4424
2752
846
3726
1506
1376
3727
3732
6750
2750
5674
7147
1377
4507
6243
3633
3634
3139
6717
2280
1130
3320
3059
1081
2546
1687
4062
6516
1016
3148
5908
3078
6521
3236
3083
3216
4060
2422
5560
1031
1091
2511
5758
7167
5948
834
3404
1762
5682
3641
2651
2825
6448
2780
3702
3875
5966
2700
3716
3823
7026
6816
824
5656
2737
811
3631
884
6641
5596
3424
3037
3432
1277
6811
3480
5739
1273
3890
6818
6558
5725
7037
3528
3569
2868
68
5688
3058
6815
7169
5341
4423
1973
4271
376
558
240
4874
4256
5224
1974
5236
1429
4220
1977
6306
4693
253
4447
5138
2158
463
1850
4441
2015
4421
4336
4727
4724
576
2287
4368
5272
1874
2138
1373
5244
5415
5395
1530
236
7083
590
4808
7082
7089
4702
4828
4829
6173
646
1370
4168
5132
4617
1490
5490
1553
1892
680
2061
512
4099
4588
2379
297
1847
5521
4538
4573
5530
2212
491
6109
5081
5091
4570
291
7055
2024
4938
4152
2371
4148
321
2370
662
4159
5485
55
6949
464
4666
6179
5275
6191
217
6064
6582
1538
64
5336
5727
480
5728
5720
1159
1743
1742
2968
2967
6583
1931
3595
3597
1164
2174
5283
5313
2949
2941
706
3029
2099
5812
4915
5818
5131
1709
325
5931
264
6836
317
1489
6737
5009
3239
5011
2053
5904
3219
294
5046
2044
3146
6748
5072
3149
2071
3322
3326
2011
422
5247
4754
412
4777
3406
1528
1131
4809
2126
2124
1312
3086
6960
4866
39
5748
370
5188
5782
3345
28
4892
1520
1992
3332
4904
4740
3081
2220
3613
1584
2338
778
3888
2328
2322
1576
790
2630
4269
4303
4306
596
6712
6235
3858
589
5408
585
3822
5649
3819
2288
6853
3813
2286
572
2579
6376
5480
2578
5528
2468
6794
1588
6332
1801
5498
5494
4035
4135
4014
2476
1795
1672
1328
5489
3973
3961
5580
3957
6810
5589
2363
5604
644
5605
6314
3931
737
2729
138
2237
5371
1560
1397
4426
5968
544
1561
2753
3722
4522
5353
5965
1381
1378
1387
2756
5677
2273
6936
4472
5364
3801
5375
1385
555
5383
4461
6259
504
1400
2282
6261
564
