5394
3943
3622
3481
600
3945
1952
1958
1954
2385
5737
3947
631
5503
630
2016
1225
102
5732
6580
6868
5730
5942
4396
4160
6384
719
3466
5057
2973
5322
597
3856
5166
3927
2683
4833
1542
3925
5797
3948
6585
7060
5330
2468
5165
4195
2227
791
728
1087
2945
970
6729
4019
1081
5772
2828
6017
5880
6354
4122
6014
1083
3501
1034
717
727
3346
4632
1045
2992
6015
6255
379
6493
394
4453
4167
4724
5697
6367
7146
6592
2451
4651
2277
3483
2798
5795
2689
3942
6359
6352
1086
6583
908
3268
1914
2897
5508
3996
713
6828
122
5407
1231
5694
5850
5636
2908
3949
2783
3568
2780
1944
3865
622
6012
3008
5342
6586
729
6848
2270
3463
3654
3
2181
2685
3618
3418
4390
7103
2609
5504
5810
5735
3727
4164
405
2226
3419
3166
4953
960
3578
5022
7147
182
3464
1211
2985
7145
2581
5674
6885
3411
1191
689
3344
3133
6364
6322
1913
5104
1145
2692
5734
233
2195
4804
2419
7064
3401
6169
6382
568
1024
2979
901
3454
585
786
6608
4086
2298
2929
129
5846
5840
3946
1716
437
655
6772
4398
6573
1091
6351
5262
1862
6369
5300
6374
1937
5038
5037
5250
647
2902
2368
3855
5023
3993
1820
2791
3347
627
629
5376
5343
1799
3137
2588
7110
6001
3615
875
3267
5847
3536
2688
718
5959
1674
3697
3249
4026
6918
4079
5839
3005
6899
902
175
714
4295
6013
904
6834
5400
10
4721
4835
5
5169
2922
5809
3259
2924
438
1008
3829
3400
2505
4331
5303
2502
1544
2382
14
1672
3006
2619
4166
5143
99
3665
2273
4395
6389
906
979
5695
485
886
1717
4397
3555
4787
5733
6362
448
3586
6422
1917
7057
6353
2829
4197
5800
4814
4123
2920
6222
2538
4314
5036
3164
5337
4399
237
3235
6649
2983
656
6010
6891
5461
2990
748
5381
6881
1984
716
2943
150
2970
633
4088
5054
1047
2782
790
6204
2585
4718
1802
4612
1783
181
3972
5046
2601
4625
652
5685
2393
1056
6108
5196
4012
474
6218
3138
946
2187
1796
6439
5631
3066
6058
680
1804
6425
2975
5670
1688
3414
4239
1712
1192
5676
1190
2901
6380
3027
639
4256
3120
757
6265
4075
4248
1670
3428
4060
6248
3970
811
2998
806
2927
3000
5316
5496
2501
4318
2422
1860
1719
983
6368
6360
797
1044
3920
5982
5760
3021
4132
5515
5792
6346
5793
3992
750
1001
5961
1649
6249
943
1388
6648
236
135
4682
66
3850
3640
230
4831
2586
2826
2681
4911
2238
261
6917
332
6782
6650
6932
1236
6708
7107
1918
353
4473
2737
4868
1485
4669
6938
3601
4566
5012
86
2788
3309
4693
2733
1959
6915
1953
6605
90
2852
4435
6821
2
1314
2650
6633
1465
1986
6607
3506
3465
3824
6827
6627
3854
1221
5089
7055
3853
4412
1942
321
1464
6907
4615
2604
2244
3823
3994
2794
6659
1840
5796
5815
1043
5799
2196
4323
5813
6165
5053
3292
103
6179
5328
3262
6629
5050
5331
4126
1949
5804
6810
1098
6026
5480
4076
6023
2254
4917
6020
6019
4636
3488
2108
5406
3768
6841
6843
1989
723
4292
4257
2986
2984
4269
4948
1046
4610
5882
1491
685
3484
2019
3680
4306
6934
6118
128
3789
5501
4590
3197
3247
2614
2381
6069
6066
5390
4908
4085
5486
1640
781
1517
2997
6458
3995
3784
3662
4330
1181
6395
5197
1228
2191
1905
5113
4392
4391
6377
2229
6375
6371
3132
903
1422
1912
3130
1565
4379
1564
509
372
2830
7148
4161
3866
5160
2535
5604
3566
5145
7161
6437
3462
5630
3558
6426
2893
2228
5632
6502
393
1224
5193
390
3573
965
3857
4474
1235
987
2325
3923
5315
6321
530
3020
325
4689
5771
4142
6262
3022
329
6275
4137
982
5707
7059
3921
5700
5703
2127
3610
5514
6587
6231
3162
2673
3358
3067
5479
5785
2602
13
5596
834
5802
3277
940
1028
4800
1774
1732
5467
5613
5623
159
6871
4719
5974
4127
1342
3296
5955
4169
1729
5512
11
993
1481
2996
1466
2279
5529
5848
4756
3547
5817
3275
2276
3671
6933
3688
1014
978
2295
120
4247
5690
7113
7128
2409
1490
2424
918
5665
1453
4743
3271
142
6965
4755
5483
770
5485
3028
872
2999
4083
2391
3691
1424
907
877
7131
4626
3584
5987
5314
6604
2362
3936
2361
2504
328
6606
5090
6276
5273
4338
6599
4351
2923
3926
4487
535
570
1932
3426
1947
6645
607
2802
5339
5338
5069
1946
1534
3971
2364
299
3297
6620
1934
5333
4315
5100
4353
2906
6510
2900
1575
3460
2895
6429
465
439
6479
434
1199
3861
3862
1886
6456
408
6595
3895
3897
525
1556
5257
3129
351
1158
5109
1904
4384
3851
5199
6516
6396
6515
470
2223
2834
6673
6207
231
658
2969
232
214
5439
5391
671
4972
1646
6818
224
3779
5395
4975
213
5396
682
5427
621
1644
1973
4609
6028
2781
4606
6771
3096
4620
3098
5452
6133
4619
2963
6747
6125
2577
188
1093
2315
6849
1957
6722
635
6757
6008
3760
4454
4952
5153
2311
3131
1239
1169
5526
976
3279
3331
4439
3095
5429
4629
3225
2224
4929
1318
4205
4725
4971
5136
1645
4737
2401
1511
3092
4973
4265
2209
4484
4472
4987
4802
1303
1489
1084
5067
5066
1636
4680
1284
5335
4564
5336
2383
2208
4865
2293
4663
1526
4489
4985
4681
4244
1415
4782
1155
1492
4480
4786
3097
4974
1143
5239
1405
1403
1022
1399
2193
4339
4296
1306
1351
1681
2328
1205
720
3461
1795
6065
6864
6859
3757
654
651
3767
173
6123
4004
2589
6812
6806
623
2949
6784
6163
3487
3778
3750
2458
2445
5978
5979
6926
737
1784
3696
6003
1793
725
721
2745
156
4040
706
4039
2607
6024
2744
2988
