5401
5405
1690
4801
4800
4802
5408
4805
4808
6334
4807
577
5403
491
2370
2369
5404
4803
2378
4809
2371
5735
5755
2099
2363
2377
492
570
2224
4174
2220
4324
4806
6071
1509
4419
5363
4469
4369
1976
6353
2094
2421
1694
2977
4466
6502
484
705
5593
2441
4804
708
1962
6131
5407
578
4460
3111
1644
2622
5726
5723
4565
4228
278
6307
6207
1001
3835
2511
5553
2056
4617
1157
5734
4214
493
6427
1992
2866
571
5837
704
374
3898
1776
2352
856
5720
2576
2034
4341
2133
154
6301
3412
4229
6386
2033
1031
5943
3599
1006
5725
7104
2858
490
5721
499
4451
3667
4635
6143
2358
7068
5467
701
271
3413
6130
371
2389
1002
76
6195
2032
6042
4954
6881
6321
1699
3361
497
2968
6385
2967
2053
5466
4347
5674
4461
6051
3387
222
709
1817
7046
5724
5364
1853
3700
1805
2898
575
6962
4884
2568
3701
1815
574
3216
1975
1972
1134
3894
971
3895
2393
1682
1812
2384
197
5732
5430
2860
3424
6401
1752
3297
7049
6317
4735
4818
2440
4734
2426
905
616
5060
3773
4365
6363
554
1647
7026
4468
3927
2316
5272
1238
3770
1448
4909
5602
1221
5568
2359
3416
2360
3017
4863
74
2135
4862
2354
6144
5894
3657
272
270
7020
3422
2366
1697
4871
4413
2054
2052
1990
2408
1724
4360
4057
2423
7160
1596
2443
1008
5575
2448
2096
389
2397
336
2518
4592
5627
504
1691
3411
1144
495
2385
2386
4696
4053
3191
1030
2894
5121
1501
5409
3516
1751
6762
1748
4342
6795
1920
5979
6707
645
6081
740
1078
2342
158
2893
2859
4323
3805
3975
4523
4302
3802
2206
908
4348
2704
5402
4308
4814
4361
3576
1692
3875
6198
879
6209
3719
1602
5400
4990
4881
6517
4599
2375
5107
1215
6408
3143
2055
4887
383
472
1635
3508
6798
7091
5559
1649
4073
747
1139
702
1261
6796
2399
6952
4747
6815
187
6823
4384
6980
6194
5722
857
1496
6142
5051
6884
6140
4524
3285
6331
2015
6634
2546
1023
1
276
7024
1444
2875
439
1049
3288
5391
2910
4175
4471
5644
295
2219
6847
2547
6984
3897
1247
1505
4188
1779
5484
3690
526
2212
2336
1775
3018
6983
1969
738
2436
4387
3013
6291
6147
3572
6974
3019
3110
6290
5774
3550
4367
5125
3870
4983
1721
633
6297
6128
6048
1931
6145
1742
1951
6099
5728
6139
6138
3607
1741
1737
5642
5643
5094
1843
780
4301
6148
4340
1442
1095
3717
6050
706
595
1073
5822
1921
3593
5677
5971
3809
3800
4992
4358
6160
521
4304
5856
3830
5737
2553
4465
1681
4732
294
2978
2989
3011
129
128
2122
5371
3080
5367
1246
6989
334
4020
1249
6512
4882
1693
2578
277
274
273
4479
1009
4507
2846
2225
4173
4137
2687
2684
5451
4025
156
6883
4474
906
6889
4736
6676
4819
6664
6647
4178
1663
7027
2809
2534
4396
47
4395
3876
7069
7063
4056
6350
3280
1409
6417
4960
387
7122
4579
2460
3261
5542
1698
3190
4671
7163
3564
194
2593
1643
192
626
5741
4738
2396
1269
196
4311
2420
5325
5744
3547
3543
3721
159
6819
2667
1908
2257
6041
2700
6047
4520
5052
2403
2512
1264
1242
6058
3601
4706
4234
7007
5362
3685
1846
1770
1841
1624
5907
7023
80
1252
7040
5106
5374
6958
5063
4119
2310
4576
5730
1039
1059
7067
4602
5297
1874
5347
4591
5999
744
7168
1867
3590
3591
3697
5573
1456
362
3065
3232
1960
2128
1127
3249
525
6569
785
1994
3256
311
3032
4861
3381
382
5134
1537
201
4869
3125
3893
4898
2068
1393
4988
5141
481
2073
3836
6407
3175
5525
5621
5622
345
6196
4880
5519
1973
3010
1953
2972
1421
4462
6722
6733
1081
3282
576
4389
6080
6302
6330
3808
1010
2236
3304
3501
215
567
3341
3943
1370
4368
6133
5458
1665
6685
6686
6108
4390
2207
3342
5560
6691
5454
563
5665
5151
4206
4059
5562
3891
5321
4055
5617
5618
5570
3874
1772
4030
5345
4058
4163
5539
1664
3803
1743
903
3804
3946
5692
3954
987
1745
1547
3978
761
4161
3979
5646
5348
1640
748
4027
5727
5350
970
847
3896
3828
5368
5136
1633
4186
3801
743
5276
913
3990
1730
5304
5762
364
2339
4889
1244
1313
1773
6492
2072
350
1315
339
3123
2559
324
4866
6957
2554
7009
373
377
3299
3289
4518
3287
75
6336
2039
6382
7028
4906
401
88
2540
390
386
4415
381
6567
315
312
2154
209
6790
2829
2610
2615
4739
149
195
2623
2655
2255
189
1211
4516
1213
182
2786
2228
3323
2221
6748
6612
4463
2930
1322
1176
279
6644
1326
6677
2879
2872
4813
4733
141
4477
237
4478
2856
57
2523
4608
4690
625
4670
1900
3520
2411
1902
2410
3510
6052
3507
2468
6060
6064
4343
2014
581
3562
630
4687
1872
1038
1801
5820
3694
5888
4674
3645
4300
4345
5939
3592
1055
1866
3585
643
1870
3578
4680
3595
572
6074
6098
3417
3415
1926
6197
36
496
7109
1594
1995
6263
3379
3378
6295
4629
1993
1440
1970
1086
6100
3476
1449
5007
557
6117
2405
1446
2272
5000
528
1950
1443
4715
4555
5282
1240
5270
1590
4673
1234
968
1333
5298
4107
5286
1268
4568
1248
4421
4508
4198
1116
4386
1525
5149
1013
4966
4364
4986
4989
1100
5140
4220
4352
5129
4327
5123
4312
4307
4305
4264
5097
4256
4409
1129
1527
1003
4139
4498
5244
4792
983
5232
4495
4812
4476
4473
4470
1219
4829
4864
1532
4450
4873
4423
1388
1390
4891
4897
1394
4900
4184
1216
639
1595
3195
376
3178
3177
367
6438
6440
6468
3147
352
2085
2087
3137
2090
3129
2093
3115
3113
6562
3064
3059
3031
3014
6602
6613
2942
6633
3217
6412
6402
