5400
5409
6733
1143
5401
5402
1644
1185
1144
1640
1148
1481
1958
1140
6353
4802
5404
1340
2957
6749
1952
4800
1145
5239
5408
1157
1818
103
3123
437
3822
6493
5270
4693
2236
5644
474
6828
3943
5407
6761
2950
1954
4395
5734
908
6502
3694
6389
4953
5737
3071
2466
3927
2959
2374
6515
991
750
727
500
1142
6108
4239
7132
1953
6058
6351
6248
245
6780
1681
3634
2924
886
6359
7138
3363
4322
3126
2929
5016
970
6390
4768
6385
4613
2016
2218
1147
4807
1774
4234
5613
6503
2068
1189
5391
4805
4778
5730
3690
5075
5482
2369
3697
1690
367
236
2370
416
1236
66
2235
904
5322
1149
79
3066
249
1346
2367
6360
375
1186
5343
1006
6362
1187
3325
3406
3076
4396
3073
1359
5394
519
7016
1831
1029
5461
3124
3095
2220
6748
2920
5674
2922
2194
2108
5679
3660
1009
3558
364
5002
3186
7117
7135
2185
7146
791
6851
2344
4363
5724
6053
360
5083
6002
4804
2468
4262
4803
979
5662
3925
656
1374
2267
231
3075
410
3023
2670
3180
3052
3408
7131
5735
1695
2606
5259
6731
2180
2
3368
1667
434
907
2210
3572
5038
4473
2939
2393
600
2834
4713
1684
680
2422
1729
2923
321
5577
310
5694
4074
1183
6935
326
6044
2192
4801
2804
763
3441
327
102
1034
6023
5381
357
365
5200
5939
6305
305
4267
6825
5420
4960
318
3332
3323
2892
4496
3185
1347
802
5406
2042
5304
2224
3188
6026
1349
4530
4767
5234
5580
6376
4439
3622
3447
5077
2595
3068
1583
5736
7097
5680
6382
3954
840
2385
6375
3520
521
1859
3433
3563
31
1784
3365
3577
5098
5812
3717
7137
6137
3612
3077
4443
5231
1685
4725
4004
1436
2952
6012
3920
366
1281
5776
5636
3897
767
5671
1571
3929
6747
91
2919
5667
993
3360
2925
6834
2347
3753
570
6849
795
2368
3170
1647
4726
6673
2436
4719
3798
6017
6429
5750
3028
1696
1700
2319
5084
5690
6287
2928
78
5332
844
1001
81
4765
352
3576
517
3301
520
5852
5808
5969
3473
6516
6517
2958
2814
5117
6368
5529
2524
4617
683
4616
2820
4398
6783
224
3078
3402
4115
905
5430
1170
5938
5516
7015
6211
2058
3547
526
1841
3120
1976
3569
7032
741
1525
1808
323
2377
880
5819
7031
4833
3065
4224
2955
866
3079
2382
6822
2293
6071
2363
6138
4410
3051
2988
2346
3130
3128
6693
3122
2234
4434
5115
3102
585
6764
6742
5026
551
2232
2341
2954
2019
3668
3444
6998
1454
1452
4091
430
3891
900
901
4698
3445
1950
903
238
241
697
247
1702
5699
3364
1391
4174
7094
3574
5542
2638
3573
4674
5818
4806
862
3578
4809
4811
4681
2786
3630
3976
3991
1773
1836
889
1564
1853
1854
7005
4066
893
1781
5947
128
2012
2011
1315
5368
354
804
3247
4269
6006
3240
4251
6009
2133
3187
7148
3727
1666
4350
6678
3751
6843
6020
6316
7147
1686
3302
4761
1360
4223
1341
314
5703
315
3322
931
4226
3326
2857
5971
4937
4936
4906
803
775
826
794
4766
4734
4731
2994
4729
6203
4699
4532
6534
2631
6566
2508
4555
6310
4552
6301
6345
2953
1003
2454
5017
6279
5019
5020
999
4594
6348
6354
863
6387
2612
6510
2598
2388
2812
2973
4615
2823
599
4846
5052
2836
5037
1081
2356
2140
2348
246
242
4117
6980
3407
5475
6986
1959
5485
3436
1456
5884
5871
1478
5848
1838
5892
3501
5460
1983
4264
5987
6917
5982
5389
2040
1338
3366
1343
3305
295
5403
5959
284
281
2353
1345
6901
5839
169
7091
3667
56
7111
1689
3687
1687
1740
3691
7136
7141
3702
1648
1649
1682
3719
3692
1833
1578
5801
3523
3529
3533
5831
5829
1803
7037
3601
1527
1532
7041
3557
3561
1799
7058
3958
5825
5356
2013
6001
3184
3183
3182
2148
3176
1231
4353
1222
439
3129
3125
3121
1178
477
478
6789
2244
499
1156
3069
6133
536
6757
1134
3042
5081
2323
3189
6868
801
5333
6027
1285
5338
5341
3251
6008
3249
3253
353
5777
5104
1586
1741
1577
5794
5429
5348
2632
2390
1795
5813
2265
5152
5820
1165
5822
5393
2237
5775
5774
5692
5103
1672
1657
6162
6155
1683
2343
6444
2342
5733
5071
5677
975
1118
5085
5095
1318
831
4979
2049
5751
2378
1709
815
1289
6319
6263
4907
1459
5398
5508
5505
5245
5478
6367
6065
6021
1419
1951
2099
2018
6350
2014
1411
5303
1962
4862
6352
6040
5313
6371
6103
1470
2190
2519
1805
2522
1809
1180
5593
2229
1514
882
1030
1188
6377
1288
4840
2462
6000
1834
1839
1840
2196
1484
2195
5574
6372
6083
1669
3796
3896
6762
2985
2829
661
3063
7011
2982
6583
2805
6514
3614
6512
3950
3072
4629
7038
316
4281
312
6501
2904
4020
6881
259
3665
3593
3092
4302
6571
2839
4499
405
3898
6563
3274
4474
2866
237
233
3627
4595
568
3272
4472
3955
229
485
3979
7115
3259
94
3684
150
3575
325
7118
4558
3257
3797
6746
6549
7124
4238
3443
209
4303
3657
3946
3562
3319
6717
6447
107
4320
4360
4323
12
3947
3455
4035
3197
3146
6945
3324
2723
6450
3491
3972
269
3448
4024
6471
7010
3874
4694
4332
4306
6862
3472
133
4033
3337
6698
4385
74
332
6199
6266
5685
1370
3333
275
1725
2015
4201
3334
2424
2426
2389
6734
1796
1067
5057
597
2976
5676
6932
1059
299
2998
1732
2384
5040
1352
4524
5032
5814
320
3320
2033
7055
3559
5678
3275
5849
4490
5327
6821
3137
2212
2214
2215
5319
462
3209
100
4388
3111
4390
4393
5183
5317
6826
2181
5274
3181
5263
1562
5255
4336
3156
2161
2163
5244
1227
1225
394
5233
4361
2231
472
2233
473
6136
6005
5347
