5406
2353
2526
861
5485
368
236
2288
2426
5254
2393
2577
4152
1703
2775
405
5674
2433
4832
5219
2521
1094
2394
2391
3536
5847
5909
5826
4937
484
3994
4414
2298
84
20
4938
230
5918
5671
5676
6368
2488
478
4566
6285
4847
2367
2364
483
991
5497
5316
5670
72
5784
3577
865
237
7062
2779
6092
5234
6240
1504
5881
114
641
3573
2421
911
229
6958
6534
6842
6882
6463
2163
695
142
3037
2287
637
6814
646
29
5869
2520
332
5901
4159
4227
6283
4569
4795
7055
866
465
1922
2114
2385
720
6843
862
4163
995
5304
3235
3152
364
2282
2283
2564
2558
4158
5933
5170
5751
3650
2152
2922
1145
4744
2786
233
1140
2866
7064
7050
5916
3032
3036
6072
6430
5462
343
3163
620
482
2787
5749
474
1370
2598
5930
5921
2524
2517
5906
2950
232
2952
2377
5610
2773
5608
5602
456
6580
2368
1503
6245
2726
2725
2361
283
2724
2292
21
4642
3256
4436
993
3744
5056
4150
4131
710
4941
717
4068
3501
5017
5134
5038
6887
4412
875
5055
3761
3812
6731
655
1034
1020
1019
2085
3224
3943
7037
5865
6886
2490
234
3996
1090
3829
263
1996
7059
6912
2423
541
3607
5904
2019
6513
2525
2891
4866
3979
5932
2859
4013
1454
2856
2462
4623
5919
5895
5823
3558
5580
703
4064
4153
3239
6098
3238
2280
4205
6243
4210
182
181
2557
3159
6739
341
2559
5364
6758
6808
4687
2232
2397
453
2935
5977
5135
970
25
2542
6247
5231
404
5604
4069
1645
5600
4632
6091
5910
6061
4571
2727
1493
4221
4018
918
1093
4012
5974
3817
4431
5969
3220
4697
2957
5183
3398
3380
567
5597
3297
5564
3005
5559
3010
5255
1393
590
5259
3241
5479
5476
5427
3237
5417
3233
632
5400
6203
3222
3165
5175
3486
5130
3561
5871
1796
4760
5867
467
5866
469
5863
3779
4778
479
3760
869
4693
860
5825
647
4831
3719
3704
3676
5710
5690
4935
5685
5019
5672
3572
2834
2560
4746
79
6625
6219
6953
1841
1562
2253
7015
7114
23
1847
6816
2180
6828
2396
2420
231
6289
6517
7032
261
6733
7144
2507
187
342
6673
2297
7166
2
281
340
6869
6959
6214
832
2468
2165
3722
4931
4806
2166
3575
3674
6432
521
2127
2872
5861
2863
5783
461
6934
6446
3681
4991
4811
5822
496
5868
5827
6415
5864
2838
2888
2809
690
5077
3234
6748
5335
659
2311
6719
5365
5367
3221
6703
3192
5393
5394
3101
634
6690
3124
5305
3567
5567
5595
5703
5697
2429
5122
5136
5145
2498
3439
2395
5217
6810
2237
6560
2373
2961
3263
2256
1405
1427
6426
2522
5911
889
6376
2660
2518
7087
4213
4410
2071
4197
2523
5937
910
913
2675
915
2720
3947
984
22
7042
4493
7057
1853
2538
4610
2544
6217
3775
965
6144
1022
2595
6195
360
1036
6392
2777
4789
4275
867
2080
2569
3768
6979
2510
287
864
2503
4529
6209
6793
6796
3392
4498
1026
3307
1028
3329
5263
3156
3153
6815
3368
1845
1825
3
1014
6713
1799
5363
1015
4225
5362
5356
2285
3223
4247
4441
7165
6752
1821
6761
6766
3167
8
6770
1001
1824
6696
5274
5333
81
3538
4016
2161
4972
4966
1206
4956
3783
6951
2077
817
819
4932
7006
70
4742
6669
3697
874
4798
3701
838
2088
4841
844
848
6975
86
6977
2112
3677
4993
3608
4738
4597
7074
2169
117
1253
1987
863
3977
5090
3945
2040
6866
916
3569
113
3571
6884
2167
2045
6888
1233
5020
60
3576
2162
3580
5005
3790
3587
5205
185
347
2812
481
6431
486
498
499
2440
5793
6462
517
6497
1439
2912
5706
6515
2932
2934
5626
6552
2956
6558
6569
6611
573
475
470
6407
459
346
6198
353
2571
2662
2673
2556
6076
6255
1500
1497
2996
5970
6327
5914
1490
2772
1485
289
449
5889
2780
455
1593
416
6642
4270
5511
3034
3035
3129
5532
5535
3096
5488
3092
2723
2120
24
3717
1176
6419
6023
846
847
4067
6232
6403
3708
1594
460
3726
3210
1564
3727
2117
1565
4061
3213
2341
4497
4852
6057
4962
4004
3656
2461
3660
6950
3665
2855
94
391
5841
816
982
6053
2813
980
5860
649
4123
6659
270
1599
3699
4496
6712
2126
5890
868
2107
6698
5939
4590
2527
912
2296
1506
4598
6280
3852
6257
2543
3857
3917
59
4671
3933
7039
4665
5979
4656
7079
5463
2034
2732
4645
5408
6251
5409
4014
5934
4698
2065
4799
4797
2774
6389
2307
959
4058
605
3767
1096
4556
2078
886
4051
7097
5912
2306
2072
6692
302
7094
6349
5931
7020
5998
1103
2300
4705
3811
3072
2442
3012
2308
3354
6553
3030
5215
5617
5212
719
6817
721
4397
723
724
6809
2668
6671
728
5189
1275
3443
6820
4979
7148
6822
6825
5165
661
5635
5147
1536
666
2346
5307
3151
184
2964
2274
5292
5321
4321
3133
3229
4323
6212
4326
4330
145
3226
2566
3299
6567
1668
2573
4355
5245
3324
5609
5599
238
5174
3515
112
5053
3157
2674
5046
657
2432
1829
5743
5026
6649
516
6073
2434
5015
1843
6065
2857
4442
2438
4998
5518
3619
5813
5821
3645
3649
7138
2917
7060
2918
543
6097
121
5133
4418
3532
4166
998
2425
6737
3550
3554
3542
5708
6647
5704
1822
5066
1849
1860
4154
1533
1527
3154
2547
1820
4005
1092
1873
2639
1878
4122
1052
2565
4165
2568
2665
1515
1930
2722
1507
1097
2575
2550
4108
3721
1948
2182
1277
1421
3471
3513
2170
3528
1429
2424
1431
2919
3564
3570
2430
1237
2869
4250
1450
2436
2281
3606
3381
2330
2349
3231
1688
3242
2963
2962
3269
2252
3275
2238
2371
3301
2959
3317
3330
2235
3334
2231
3356
1638
3998
3618
3654
