5401
5408
1690
5404
4802
5403
2369
4800
5405
2363
2370
4801
2378
2352
5402
5400
4805
4806
1157
1644
4807
491
5409
6353
4809
364
6071
1853
577
578
570
2393
2316
1139
2358
4617
5644
6502
1131
5239
1144
2384
5332
4419
2137
6733
6051
5755
4803
2220
2408
4804
2385
1992
2354
6385
2383
1815
2138
3943
6379
6681
1133
499
1013
2371
3576
1001
3560
2420
5382
4808
4696
5734
4323
1920
6748
2359
3822
4629
2094
519
571
5593
4565
2858
4780
201
1138
157
1352
6749
5735
2389
5123
902
1533
6684
1393
492
352
6207
56
2090
971
1976
1952
575
1149
1850
4406
5690
1132
5730
6301
5467
7135
6390
3896
1990
2576
3573
1030
6148
2704
6389
4044
1123
3577
1905
1900
5466
3593
3694
374
4871
2133
2366
495
6350
903
2224
5677
5371
47
5674
4465
2122
2922
1135
4174
2099
1146
2959
905
992
4327
6058
1148
6547
1374
6209
4469
4581
3065
6047
3177
6041
197
6108
3557
5081
4706
2379
2377
4699
5333
6334
3773
2093
2058
44
2033
5407
526
576
574
1860
7131
7166
5297
5101
2374
3655
2466
6686
1509
3875
4778
5893
6414
5642
1951
4862
2786
1993
5615
3073
1454
5894
5617
4466
6139
4784
3661
6382
572
5428
2977
1854
2866
1818
1817
3627
1050
504
4589
3472
4303
3166
195
882
5189
654
389
4463
6762
6764
1326
5296
2397
4301
6492
3955
5331
4410
484
496
1140
4363
4360
908
4866
5724
3379
3816
3897
3762
1067
6228
3770
1061
5921
1006
554
558
567
5671
5374
5363
5694
616
5344
5298
5254
5232
5107
5038
1034
4958
4870
423
6055
4460
382
904
367
4305
4254
991
6133
4119
6140
6142
747
3690
5519
1121
3485
2387
6815
3508
2375
2361
3412
3543
6386
245
2356
1623
6917
6374
6888
2212
2426
2511
1388
3071
2953
2939
2921
2898
6469
3143
1340
2804
2710
6497
2571
6734
3147
3601
2380
3605
275
7067
1909
7091
7104
7026
1129
2055
6351
2
2056
1127
1852
6994
1841
1786
581
5001
4992
732
4960
4920
1743
1748
2553
5979
2595
2896
6688
2829
5820
158
1446
1776
1902
2846
7062
2468
2462
5087
1691
74
2273
1694
2342
6890
49
493
2054
2034
2360
94
7042
4695
2465
36
1962
5737
2410
5294
6765
1742
2421
2423
2433
5151
5143
2443
2448
2131
7045
832
1801
4304
3245
3950
209
4133
906
6081
6473
3273
4014
4395
3595
3343
4059
4358
3361
3378
1009
995
3509
3578
6417
970
1187
207
6377
6435
3063
1257
4324
3406
6376
4302
3243
3656
316
1130
3126
6195
3130
4472
3891
3092
1143
200
1136
272
6316
3657
3717
3700
858
386
6297
1122
5359
5342
2313
1002
1094
1867
1134
5347
1092
1049
1081
2236
1703
1158
3927
2068
552
3977
5391
583
3654
1031
2139
2157
3667
1137
1752
1928
3572
857
5341
2665
1481
2712
3216
2823
3182
3180
1456
4467
879
4766
2598
4735
4713
4712
4524
3075
4583
4684
4635
2976
3013
3059
854
1120
3536
4833
4864
2364
2367
2368
3506
947
2394
3436
653
4307
1562
5179
4851
4325
4369
5020
3342
5013
714
3271
2487
2508
4887
3249
1532
3347
4719
3584
6368
194
192
191
6515
6545
6682
159
6685
5768
6503
6697
472
6757
5741
6834
5725
490
6892
79
500
143
6500
206
449
376
375
6068
6062
353
6044
6131
410
323
6012
6307
278
5938
271
6363
6381
6411
6412
5892
5891
5880
6980
6984
6080
5622
43
5590
48
522
5602
5545
7032
58
5588
1724
6507
199
4995
5841
6989
7039
3247
3248
3306
4066
6144
6467
3344
6464
1320
208
6141
6145
2879
2924
865
5539
4163
859
2032
4158
4155
855
3068
1376
1844
1371
6138
998
4097
1341
4055
6450
4580
1153
3898
1145
7117
7123
6336
5965
4710
6359
1126
5978
4716
3870
3830
4761
4754
4720
4752
3668
3905
3634
318
1255
4034
4025
1232
4665
3487
3504
6416
3516
3520
4011
1954
1741
7050
3550
1038
3979
1746
3946
222
6052
2985
5293
6857
1693
521
5534
6825
5304
6824
6060
887
5736
1449
6768
645
4308
6099
5751
6056
6760
6775
52
1831
932
2097
384
901
4415
2135
4413
2149
2154
933
5364
1634
387
5348
2344
5720
931
497
6902
72
357
6243
125
524
1506
2623
5161
5159
4238
4523
1483
2578
2687
1702
2805
2809
2822
5121
2053
2036
5098
4214
2529
6707
4267
128
2476
2523
4300
2518
133
5231
5237
4368
3893
6225
3879
371
6130
1816
4188
311
310
4191
6143
1846
4198
1810
3878
7127
6089
4015
4016
4022
6
934
1023
4028
6183
4312
4220
6084
4216
6186
1778
4311
6199
3924
6147
4159
1003
362
1007
4209
1242
6255
2436
2057
2524
2593
1493
2624
2625
1486
2700
2422
1450
6679
2860
2950
2952
1418
2957
2962
3052
3060
1448
6761
6763
113
1684
1670
2128
6974
66
6962
2219
2257
76
2284
78
1687
2351
1689
2355
89
6861
96
6833
2391
2396
6540
3064
3066
3067
236
3561
3568
6407
1939
1183
3604
7068
7110
276
281
6318
1128
1125
295
3669
3697
6294
3719
3721
6287
3556
6248
3547
3473
3078
187
3111
3129
3134
4421
1983
3297
1287
3341
1282
6462
3375
3402
3410
1252
3418
1682
1240
3441
7043
1958
203
5523
700
525
527
5270
4626
5263
4621
5754
5051
5086
4986
6030
573
4588
5010
5430
5224
4861
5898
869
4876
5587
439
5907
5018
5987
4997
610
5362
5356
4715
619
5343
5721
4779
6015
627
5651
4693
5723
5732
5396
4990
5322
432
5052
4877
5105
474
4993
470
4451
5149
5482
4933
5760
5034
5504
5521
5144
5019
1249
2376
4922
6644
1251
3218
748
1256
3411
5939
274
3221
3663
2628
2626
1246
3235
270
6808
3238
