5418
3206
3742
3205
3202
3200
3203
3209
6286
3208
6175
6282
3204
3201
2776
6391
6393
6171
3250
6174
6792
6524
6791
3746
2770
3743
6797
6281
3741
3214
3740
3749
3218
6284
6288
2773
3219
2777
7143
1052
3747
3255
5416
5903
6398
6000
2775
3811
2668
6170
304
3733
4609
6285
6995
6004
2051
5851
1185
6279
1875
4821
3210
1545
556
6477
5635
2053
932
4768
5417
1102
5791
4748
7071
266
6173
4112
4404
7156
2919
450
4829
3207
4617
4950
4382
5776
4430
674
6027
4401
6084
6172
1180
6304
2199
2920
451
6817
501
6385
1103
7001
5812
3257
6023
32
4219
1107
5702
6270
1452
7146
4213
672
3739
2108
3748
3131
5412
676
1734
1616
4352
1413
1581
6300
6201
6248
3999
2881
6340
7074
4402
1579
6798
6208
6815
5246
883
43
4568
5414
5424
1142
6429
2172
553
3744
2179
6671
5058
5524
5717
6483
6271
4871
4405
1893
1722
1896
1576
1229
5988
939
305
6179
4363
1341
6528
6526
3730
6073
1436
5954
3092
1612
6322
2423
551
1781
1181
5252
769
6053
4501
37
1544
3729
1980
2465
6106
6998
6007
4764
7073
3076
5642
893
5787
4824
319
1345
3305
6561
3321
1227
875
1614
3920
300
3678
2972
2590
1190
245
3007
2772
1167
4941
1216
6440
3066
3826
3069
5636
457
2705
5667
6348
1054
6287
6493
3182
677
1014
1456
380
2665
5108
2597
3215
2688
806
2218
7047
2173
7154
6180
6205
2170
6200
6176
1975
1739
1897
6072
136
4534
7093
6277
3789
5956
1174
4178
4827
6417
5689
5724
3094
1145
4505
1136
586
4527
5701
4211
7045
6755
4522
3072
5419
344
4840
2346
5420
1104
3873
1836
436
1792
4054
1800
1321
4945
7094
4078
1805
3957
1809
5887
6829
3954
6278
4767
4478
2190
3922
1213
4771
534
5882
5881
1715
1834
119
6794
4385
5393
6298
5733
6042
4260
5777
5781
3732
3731
7151
4296
7140
1607
4350
3254
728
3661
931
1978
259
255
5267
3442
3597
5245
3589
4554
673
5952
5372
315
5375
649
4813
3737
6707
1050
1899
1798
1247
3381
5300
1330
7168
1338
3640
4531
4031
1972
2958
6821
512
5059
4747
4745
2192
455
3388
3403
5959
7139
3449
6347
5089
5555
465
6662
466
5164
6047
5379
1270
6733
2925
6383
3998
1883
3818
1215
68
6702
3184
7144
3849
5034
6085
4550
4933
62
3738
3181
6448
2167
6105
1108
3179
5051
3052
4742
1183
6714
1212
3253
6529
2140
3233
536
2981
5359
1946
7107
3692
2996
4679
44
3725
117
5996
116
3745
727
2048
242
1223
2388
2315
5668
5745
6246
394
4386
4361
4359
5808
1435
2703
4309
4900
303
2669
6276
2368
1499
2608
2606
5852
2599
6274
2345
2592
2347
4236
2348
327
5687
6253
2565
4763
1386
4356
4380
6159
1346
4074
2797
5801
1356
7078
2421
3440
2562
5818
3431
1047
5378
1043
4539
1677
6717
4540
74
241
4542
1984
4265
3415
3483
5083
3122
5399
3563
6264
3517
6100
5168
6260
3512
787
1865
248
4340
1519
784
3595
781
4823
6040
6478
4931
4822
4788
4546
2143
6709
6560
3174
2052
3696
4324
6048
6514
4322
4611
6009
7005
3243
4623
4348
723
1617
6024
2018
269
3259
3663
7009
958
3266
3291
6006
4347
2460
7002
7025
5152
891
302
670
6664
5815
5813
4806
5769
4671
1018
681
3734
3194
685
588
5782
7152
49
234
2074
6002
5293
254
2846
6447
1220
6810
1802
1830
4407
1214
530
531
4948
4892
2293
1208
3959
2983
5861
541
2988
2990
1194
4123
6280
2419
4134
6375
1818
2930
6893
4085
1741
1737
5609
4472
3947
6825
2286
3938
3991
2968
5696
2970
1276
809
6376
1228
4111
6290
2763
550
4116
1327
4853
4381
4908
6790
5550
4174
1336
365
3839
1489
6155
3011
4448
6350
6167
1840
5686
4761
5915
5563
1182
4438
2856
824
2420
6539
1277
2015
2454
1649
6315
3513
3265
1339
3523
1618
6306
5233
2926
814
6386
5204
5803
2022
2833
5520
1643
1797
2895
5273
5802
5525
874
3436
2007
2212
3441
1639
1638
3377
907
2422
2902
914
5259
5255
6151
6580
2431
2001
5317
6374
6357
1803
1647
5244
2816
2013
2934
5785
1808
3021
5467
5725
1682
2171
3008
1845
3096
6482
5980
3125
1890
5941
6486
5940
1891
5729
6474
1692
1527
5444
2161
5944
2602
6187
3071
6272
1860
6439
1150
1156
6459
6434
1523
1525
5465
3090
2658
6184
1186
1895
3195
2402
2406
1438
5493
6005
2056
2955
2953
1605
6008
1608
6515
1611
2456
5889
2040
6080
2024
1230
1908
2547
3170
6245
1033
2508
3173
1573
6087
6496
3180
1219
2100
1222
6202
2180
2487
5938
1729
6479
5858
249
4935
3646
4547
147
4369
6999
4723
7040
7153
4944
4849
6783
4753
462
34
6996
4846
559
5028
763
6954
4436
4435
4949
4844
306
7076
3654
78
3658
680
671
6895
683
668
4902
6713
6697
3723
6685
4353
4492
4070
4102
712
5124
228
4792
397
431
6906
5057
4535
6759
3806
3808
3810
3878
3879
4714
678
532
3902
3908
6826
4229
5173
3909
308
178
7167
4826
4672
4779
4255
4673
322
4431
3601
4770
797
770
535
800
3894
7165
3093
4968
5885
4915
2929
5578
4793
4341
2961
3099
2967
6382
6751
5593
2188
3981
2191
3079
3077
511
2386
2935
1101
3955
1106
2289
3803
7069
5067
3784
2415
2178
4403
488
5392
644
4349
4077
1832
6715
2771
2174
7106
4067
4355
2954
3127
5070
2195
497
1826
4907
2779
3782
1735
2185
5409
1839
1828
2924
2989
7097
2890
1210
6352
4001
204
4011
1175
2261
4013
6428
5542
4783
1217
1218
2876
1776
3864
6247
1749
1748
1751
6371
2984
5890
160
6852
4946
1205
1746
4437
5862
6358
5899
4367
6436
458
4937
