5429
7061
3151
5978
118
1156
5974
2050
5671
5849
3550
3067
320
3074
3556
7047
4128
5793
3076
359
327
1786
3060
7055
5250
3655
3075
2396
6068
5421
3554
7121
5335
791
6501
3552
5422
2397
6723
3578
5212
3602
2398
5716
1998
1556
3223
5479
2781
323
4125
2663
1072
4731
108
1334
2277
6507
2883
2837
4372
354
6182
4689
3363
5237
7057
3325
6885
369
5960
6709
3006
1211
5399
4088
631
5804
3029
2503
4034
4546
6570
1056
1231
1402
2598
376
5880
4726
4544
4545
2364
2908
1964
567
6887
3798
4746
4122
5766
5260
7041
5201
1567
6210
6847
4315
3084
5497
2489
6729
6840
3069
6244
3878
5893
1552
1465
806
2621
6484
6747
2780
2464
1562
5215
4126
6740
5763
3009
5234
5717
1027
1347
3328
4375
2395
2570
2340
2573
150
4321
4287
5030
6693
802
3072
254
6032
3575
4526
7130
4197
2261
3828
982
3555
7138
1984
6086
357
3050
3077
923
2813
437
4363
3392
1431
1481
3559
3547
3576
3572
5084
326
5158
5760
5171
5761
5178
1531
246
5808
6509
2150
2828
111
110
4547
104
6014
600
3849
3059
7141
1718
6479
3153
4376
6508
4659
6503
3951
3962
1236
3967
6062
527
7127
5623
6486
5411
3066
4723
4180
1662
4473
2391
727
5898
1189
6643
2368
1569
2787
5710
5300
1578
5493
2058
5938
5470
5485
2304
5690
4616
1332
4831
3517
6784
1840
6417
1780
4543
2521
2526
556
6070
6732
1997
6758
1513
892
2160
6660
1558
1560
2390
2003
5899
901
1577
5935
5878
2308
6585
4281
840
3585
3583
628
3827
2259
3577
2468
4686
3573
2237
6513
2229
2216
3937
6724
6064
4773
595
5695
2889
1051
2785
3022
6982
72
5046
5788
3415
3061
3362
5085
3166
6864
4339
6222
3197
5381
2798
5783
2945
2676
2774
3213
1914
4371
5202
5214
3099
2878
3290
5673
5718
7059
3150
3091
5313
1971
3073
2767
5715
1213
3651
1713
622
2393
6626
6929
5218
526
5395
1044
3189
774
2733
3763
6348
1338
7044
2278
801
6574
6511
5675
6515
2266
6008
1849
3843
3848
5667
5314
5317
7043
4729
795
1100
620
2007
4838
1740
3168
1644
4758
5255
5694
5356
4450
3083
5641
5343
2816
1324
439
62
6918
6537
232
2947
1946
1533
6821
236
4417
3380
2571
5460
5785
988
5078
17
597
5086
3395
4506
328
2509
1515
5802
5444
6109
576
6430
2956
7142
5584
5427
1478
5515
1540
4383
6869
3603
2931
6347
1779
3617
6783
2932
5613
5502
3071
5414
947
299
635
2672
5805
1023
3087
5650
593
6523
4475
2083
4491
1717
6123
5331
3100
2232
3123
2988
6487
572
4024
2911
1751
1843
4020
3972
523
6397
1773
7126
4579
2165
6489
2152
6490
4542
4548
3056
4121
790
5440
1794
7149
2154
7137
3079
1844
7147
3051
5375
6457
4195
4085
515
2810
1709
3558
234
233
1536
5781
3365
6857
3364
5774
5162
5771
360
2675
1538
4923
4288
5873
6359
372
6390
377
1982
1548
985
1526
5820
2541
5033
2562
4174
6812
5016
6824
6825
5002
4294
2579
1455
1868
2502
5795
3453
5841
1519
4437
3440
6336
3635
5764
2410
1857
2415
7025
3159
3158
4331
3822
4725
5998
5303
1854
6572
6571
2839
2019
1679
6563
825
107
4690
5312
849
6597
3161
1337
6305
384
4379
5210
2401
5211
5714
5713
2778
1563
139
6960
6728
5247
2005
6628
4283
5923
5942
1846
4370
712
6203
1855
6147
4446
4387
1918
4373
4445
6187
5017
6121
5142
1428
996
1438
986
981
5770
5081
5079
5075
1456
5806
5038
5021
5792
5767
5204
5205
1193
5588
5591
5397
5655
5318
5288
5273
5256
5711
5236
5216
5744
5209
5206
5018
6125
1499
4989
4700
4693
4688
1712
794
1739
1675
1747
6075
6079
4549
750
4532
1814
777
1674
843
4743
4956
920
5852
5870
1541
1551
4909
1571
4877
4870
5944
1606
5955
4749
1654
941
1940
5511
3971
2784
6965
6966
3530
3531
3533
3183
2299
147
142
2119
2783
6759
4068
4114
3534
2817
116
321
431
2087
3137
3551
3120
2115
2537
3519
539
3856
2241
3391
3366
2631
6533
6532
2253
6506
2670
2260
6505
2673
2677
3334
2693
6907
6826
2271
2399
2737
525
529
3826
3825
6733
4127
244
3671
2980
18
11
6374
6641
4327
7125
621
2981
4289
3008
6313
16
3557
6669
6317
3023
2367
6355
3615
19
362
2887
3085
7078
2
7110
2987
1944
2912
3000
3783
4181
4196
3005
4336
387
3484
2623
6666
2585
5796
5895
896
3454
264
2616
3444
259
3393
4928
3503
3494
4929
2484
4951
3562
5840
2505
987
356
937
5832
6690
2522
2439
1469
6775
2435
1543
1487
5883
4922
2535
1480
378
3633
3650
5035
5809
6668
1542
3537
4344
3369
1254
1260
5402
2914
5394
2896
5336
7060
3094
5662
99
2849
3139
5674
114
5624
61
5618
5420
2989
5508
5505
1195
12
5570
1214
7042
5589
2940
46
3070
5425
5609
7124
7122
5436
3155
5691
1328
2721
2707
2706
3324
2698
6893
5200
6931
3336
217
6867
2660
5143
6863
5125
5095
5769
989
3240
3238
137
140
5696
1335
148
5251
152
1366
6978
2782
1359
3210
6950
2762
2761
2753
6970
6664
3567
2082
2018
2269
6378
4454
4540
4720
1995
779
6003
6342
4123
6579
6436
6582
524
6063
588
841
448
773
3797
2089
3841
1809
551
799
4651
2078
503
1730
4671
4493
3863
4484
4521
3795
6043
1704
6037
4675
4681
3852
6544
3842
786
3956
6053
1738
442
6316
6304
3784
5947
425
2301
3782
6264
4840
6303
4843
4335
657
3778
762
4878
1583
1945
4014
6636
3751
3662
1561
3659
4007
6066
796
1621
4598
3793
2125
1640
2306
430
650
4392
6314
3996
4784
656
3794
2116
5954
6065
1825
4082
