3551
5429
372
5893
3951
376
378
328
2050
2058
5084
5896
6068
3552
5978
3857
5423
2396
2398
5974
5422
3952
5428
3158
6885
3578
377
3550
654
5963
5010
5849
5898
6505
5081
4114
5421
3056
656
6243
5998
3554
6501
1997
6507
4694
7077
2380
359
6503
2784
323
321
7055
3556
3559
1998
2304
7043
657
3946
3553
4158
790
5882
1856
1857
5425
5650
1584
5900
2570
1480
6342
2397
370
1855
6887
5877
6153
2387
6533
6537
5201
4693
7054
326
327
1578
4452
986
5744
6079
261
291
982
369
765
3653
5968
515
6064
6358
5237
3555
296
354
825
5962
1709
5960
5935
2844
1420
365
2306
5278
530
4457
5605
531
7045
556
5832
1914
250
1924
1213
4690
6182
809
2390
7061
1513
6161
2947
5908
2981
1566
5034
5938
4239
539
7047
1189
744
320
5967
5112
5973
2115
5356
2399
6289
1789
6125
371
1428
6847
6840
3962
2571
366
6819
5142
621
93
257
2384
5260
1515
3934
2817
5591
5291
358
3366
352
3433
3583
7122
1995
3416
1577
1425
736
6406
4686
258
1027
1487
3494
6435
1574
5713
292
1538
2395
3950
2813
61
4955
2152
6829
3956
2675
3144
1921
6232
1096
4
1854
537
4494
1863
5662
4493
628
648
791
2473
1926
6319
1362
989
451
799
5609
4335
3051
1925
2005
6070
6723
555
2392
985
1177
6154
6433
6430
5411
4362
3655
2150
4068
5830
3752
322
297
4628
3763
295
3817
1325
4586
290
6062
1310
6084
3486
361
4524
431
3935
806
1706
7125
2024
1587
3168
3153
6626
3148
1606
996
2489
1620
6
2508
3084
3083
3057
1654
3005
558
2678
981
1700
3437
5250
178
2167
6747
1531
4758
2051
6508
3405
6506
5426
5427
1551
3383
2573
4321
5131
669
5002
1843
4339
4161
3953
5212
2753
2153
948
360
5673
4375
357
5522
802
2845
3954
672
5883
2510
6167
4153
72
5664
5604
7118
1241
7050
5312
5899
2848
4121
6982
6970
6964
2503
4034
1858
5601
5878
390
4491
6460
2234
168
650
1423
4367
3086
4773
6690
987
6069
4784
5764
5712
4843
1607
3620
6066
3151
1051
5370
6359
3937
4866
1558
6052
1708
256
768
6736
1704
5835
2941
3488
5279
6303
6305
1727
6086
6056
4929
538
567
4726
548
4728
4699
4722
4723
4450
4729
4570
5088
4941
5288
4944
4587
4959
512
6075
5038
5905
4549
5078
4547
4633
6109
2112
653
535
5984
992
1417
417
5672
6821
1768
2737
2783
620
5541
5497
5493
1718
2931
155
5476
2987
3031
5475
5473
6714
3065
3069
3074
3089
1627
3107
3137
3138
5300
5566
6837
118
5671
2241
7111
2249
7086
1955
677
5608
2389
2391
7074
7034
2409
1897
6643
1895
2466
629
6952
1852
1850
626
2512
1846
110
2598
5577
2663
2673
5596
608
5448
1573
3721
6313
3754
3756
6309
6306
3812
767
3884
343
345
347
6245
3939
6233
8
3967
6225
5351
5346
1253
4124
4128
4130
4132
4234
4278
3671
307
3678
1402
3217
1552
3269
1540
1532
3317
6509
6504
6486
1499
3402
3617
6475
6468
246
1473
1472
1465
5382
3528
6394
664
2162
5264
5436
840
5313
5335
762
5578
5624
5420
5455
5162
1347
5136
2676
1783
1780
2810
2811
1746
2837
2843
2847
1724
1702
1671
3050
3123
3139
3142
3161
1589
3187
3197
1576
2611
3226
1848
2498
2062
2117
2135
2006
1996
1992
1989
1982
2261
2273
2327
1945
1941
1917
1902
2434
2435
2438
1894
2439
2486
2502
5143
1548
1544
4372
4439
4458
4579
1070
1062
1053
4687
4720
4725
1011
4885
4892
4922
4970
4973
5014
5064
5082
5113
892
4371
3262
1155
4275
1519
3362
1484
3440
3491
3495
3520
3558
3566
3575
3585
3635
1361
3828
3885
4007
4013
4109
4120
4135
1211
4360
652
0
324
6803
6083
5633
6742
148
6311
615
514
6737
7115
7121
6735
7129
6063
6724
605
5714
602
128
6397
421
6392
5786
6864
263
259
5933
255
7033
6341
7059
6490
6164
6316
595
254
6060
606
6032
631
6660
6222
355
356
7138
9
350
6264
5971
6597
3066
553
1138
2627
5216
3430
251
6055
4451
3434
6482
1788
4459
3060
6484
5171
2722
2725
6827
1779
2670
1017
6866
6147
5831
3522
6953
98
5261
104
3519
826
827
5836
6005
4826
3067
6418
6150
108
6008
1629
2574
5238
1626
3456
559
842
1456
3371
3490
2726
3360
3055
4731
1063
3179
1714
4975
2932
6738
3042
6038
4956
4880
1567
1705
3037
6570
950
4884
2946
2974
2980
161
4688
4887
3019
4881
1072
3232
6605
4495
1585
2728
5132
4861
4864
1771
6642
898
6816
1763
6515
1533
532
1662
4544
6532
3044
5817
6087
5068
439
4578
5909
6641
6121
3523
3498
1861
5558
5559
5410
5560
3826
5395
42
1369
6296
4187
2394
1324
5747
7067
5479
5761
3856
2151
4063
750
3603
2345
700
1975
2246
2242
27
2252
1987
3753
712
319
5444
2284
6186
1352
5683
3772
2330
1332
2159
2158
2156
2132
2155
679
4256
2464
4263
794
2474
3590
5793
2488
801
2079
6157
6156
5621
2499
362
375
2067
363
6236
7144
2055
4327
2494
6244
6971
674
5659
71
2431
3889
675
6345
6158
5341
5485
3
476
6259
3210
1621
3758
4061
1586
4675
1570
4655
3870
3882
6067
4020
6581
3759
4677
1323
1050
6646
4696
4681
6571
4680
1610
3973
1334
3815
3931
6293
4692
4754
1572
381
4689
4546
1565
4230
4208
4205
4203
4437
3421
3415
1483
6476
3602
1208
6137
3406
4456
4194
3582
3623
1460
3567
4320
6403
4308
415
3521
1426
6417
411
6155
6152
6398
4363
6426
1414
1411
6356
3397
3374
430
1536
6177
4543
3526
1543
3750
4574
442
4584
6188
1077
6542
6549
325
4123
6169
