3578
4693
5893
5429
656
5898
376
5978
4699
375
5849
326
802
6507
652
5422
377
3168
328
5974
5428
5771
6501
657
6503
2058
3390
323
2931
1578
439
2271
4239
2932
1189
360
372
2896
3553
7045
1347
378
3433
790
6585
654
5713
5795
7130
3158
307
5423
104
5356
3951
2384
4729
3559
3551
3410
3446
5808
2050
5084
1998
3550
5237
2397
1857
6069
5331
6435
5336
5421
4437
2753
1513
796
3552
6742
5816
3362
255
7145
4620
1855
6079
2923
2784
4549
6508
320
4524
3366
1799
358
794
5671
5395
3074
3067
1481
1138
5852
5793
1259
2284
3066
6515
5081
2380
5880
42
5322
6225
1231
4626
5382
2198
3445
6724
3406
3419
1211
2889
4454
3566
3364
4761
849
2277
5878
2455
2005
1997
1995
4690
6891
4651
7121
2124
365
6864
1577
650
5764
5998
1854
1856
5381
5971
840
809
5348
5201
5274
627
5772
6411
3402
5112
5427
5502
5802
3436
3437
5806
5078
845
5010
6012
4473
321
4532
4534
4587
6068
807
806
4128
297
801
6109
371
3962
3869
3867
6248
4711
5877
402
727
5819
5018
1673
5613
6537
2683
93
2685
3075
2398
1356
1353
1345
6847
2832
3057
2598
7133
3360
1873
2936
7141
2813
804
3887
2929
4126
5962
4546
3942
6182
6812
5983
3948
4066
6751
2845
1341
4375
4321
4281
3952
4034
901
6885
791
1870
579
5340
1876
7137
1921
5252
1584
5788
5789
7129
7061
2006
1519
5813
7042
64
4921
2216
6970
5859
2306
390
2392
4725
2486
4692
2505
3885
99
987
6806
1256
3484
3367
3365
1027
3488
3164
3384
3325
166
3076
3444
3416
1251
6359
3442
3079
750
988
741
4766
3432
4956
4975
3430
7034
2233
4728
1242
4726
803
1379
2621
4621
3069
795
2387
4624
2556
6898
4688
2488
2129
2396
2571
6605
3148
7043
5342
5343
17
1862
1860
13
1620
1850
1623
1625
535
1740
5547
502
5591
5711
3301
7139
459
1515
1552
1947
7125
3408
6484
1932
3418
5250
3189
5255
1150
5261
3230
5288
5300
3183
1253
3467
808
6747
1343
6741
2760
2769
4383
4370
4338
4336
2783
306
1325
1044
4187
3671
3060
257
3878
3027
3798
3763
261
2934
1072
3963
940
6140
6136
6245
291
4114
3965
246
3565
6840
1358
4538
4544
2739
3560
6827
3557
4547
1348
595
5312
4121
4123
5278
4537
1359
1925
628
2554
3212
4197
2810
2541
3586
5234
1914
5328
3750
5335
2945
2675
519
970
3051
1783
3841
3555
2573
1366
1858
3976
3354
939
2594
3363
4042
3494
2628
2798
1411
5210
2503
2778
4973
4971
4521
3063
3123
4777
3447
4439
4443
4764
2234
1480
3094
4695
5609
2273
1344
2755
841
5002
4377
3573
4372
3061
1574
1945
4294
1971
1982
886
1993
5177
5159
3438
5151
3151
3575
5095
3554
2078
3563
3881
4339
5072
3448
5143
2010
832
5899
128
6060
369
7135
6083
430
6414
437
5646
6305
6316
296
7149
6862
6367
6362
6390
6608
6737
5883
6709
6964
252
354
6594
6264
6523
150
357
12
5992
7078
3752
5831
5817
253
3572
1551
5814
11
251
3543
1852
3655
5034
1533
3490
5780
7055
5238
2051
3356
1629
6541
6533
6509
1531
6506
7074
5792
3392
3404
6486
1139
3409
6462
3434
3753
6380
675
5086
6505
3788
3906
3851
4132
4180
7116
4628
1943
4327
4362
363
4373
4416
5955
359
1877
1940
4446
327
4467
5967
843
6008
5997
1928
5984
1675
4535
826
1897
4691
5896
5891
1983
1861
6211
986
1192
7111
6186
1964
18
1952
3960
6154
3971
4765
947
945
5858
4758
19
1874
4006
7142
6125
4702
1948
1566
6087
3850
1825
1587
5400
600
5551
6641
6909
2148
2482
1357
2835
1258
2483
6821
2508
7166
522
2885
2992
2132
6682
5683
6680
108
92
2965
2818
5690
525
2545
5341
6888
2139
2887
2980
165
2466
6716
5555
1478
3156
2244
1346
5262
2368
1518
1456
3179
6725
2304
2251
5426
5257
2267
621
79
2389
2631
5310
1352
6720
5744
81
2141
2241
5277
6759
3107
3978
4120
2680
6122
2152
3994
6748
4014
1949
6801
2706
6758
1364
4061
4049
4288
2595
4526
2308
4515
4491
4472
4463
2401
325
2410
6991
1936
2435
6019
2479
6040
4371
6046
2229
1484
7115
2549
4137
6067
6863
1570
2761
309
7118
1414
2502
6902
6064
3969
6581
2767
1514
3072
6426
3068
6388
3443
162
1538
7060
3468
1257
7036
6649
6366
2125
233
6651
168
3056
2117
3400
2062
1187
3185
6592
3259
7056
6542
3169
3166
6597
3155
3369
1157
3130
3117
1232
6502
1143
3966
1996
61
6243
2883
3852
2877
3882
989
2837
6583
985
3904
3933
3937
3946
3950
3953
6723
1334
6690
5612
259
1299
2130
6293
2982
1991
3577
2133
3581
3582
1051
152
3598
3610
2933
3639
1037
3653
3661
148
5611
982
2259
4689
779
5402
5251
5663
5662
5650
550
5399
5787
5841
5223
1888
5214
5797
5634
5503
5798
5649
5394
4696
5669
5313
4773
5315
5840
5842
401
593
1872
5748
4843
5876
5714
5337
393
615
5882
1781
1780
4698
1848
530
1843
5508
825
5007
4539
4974
5589
7147
1621
5968
4560
5085
5533
5150
5799
5960
602
799
663
5169
528
5832
1069
1134
5038
5075
6599
5265
2113
6363
620
3175
3176
3568
7047
5222
5761
3569
3120
3405
3576
5291
5298
2115
6626
604
3580
1532
6482
6604
3138
3533
1149
5163
3357
2024
3428
5791
5205
427
3311
1842
1624
3275
653
1183
230
5801
3470
3231
5810
5260
3184
1815
3211
5190
3181
1100
4533
5088
3217
7067
7054
5767
5766
3523
3014
597
2489
1417
6899
520
87
2509
91
5513
1700
6995
97
98
6868
1388
2624
2651
2652
1374
6887
2688
2477
1428
1465
2278
2252
1662
