5428
1130
2058
4034
4238
4114
2050
2098
1499
744
2138
1201
2371
5423
2397
40
5361
2147
6071
372
2149
1992
6052
5421
1271
4524
89
7043
5081
6079
73
4699
6061
5893
2539
47
2516
3904
49
3158
4061
4343
850
6075
1139
2137
6456
4861
376
5744
4063
5646
411
6078
6069
5420
377
5581
339
2473
471
2136
3068
2144
5210
5186
2057
1629
2095
7111
5088
3551
2835
1132
1744
6337
2132
2784
6059
310
6506
6055
5966
1072
6047
352
44
2396
6430
87
265
6209
81
257
855
5128
6518
390
2131
4690
4522
825
4537
5189
4360
6507
1524
1990
5267
584
2985
5741
303
4220
746
1998
71
375
478
6508
3114
6497
363
5323
5426
5984
2512
6686
6186
4327
43
2142
431
2140
6109
829
5688
1625
2420
6888
558
1133
470
472
48
3443
2146
5673
3384
4696
4777
5978
1211
2143
5748
1392
64
496
858
3053
2518
4908
3891
3896
6100
3905
74
360
3597
6051
6054
365
6502
6056
621
6225
587
2470
3951
499
2531
242
616
701
2575
2139
4635
6433
6455
554
3970
6533
6505
533
851
3490
2304
4452
5963
371
2833
4529
379
2316
3599
986
4380
397
261
295
6096
1137
6786
423
424
281
6132
5898
5896
2284
4621
6194
4691
1134
6515
3069
5385
1291
5086
5359
5354
5725
1490
1551
1623
1346
5541
3115
5404
5965
1361
69
6705
915
4856
2052
1095
889
451
1131
4521
421
3684
6197
859
5349
5601
6689
5168
4458
419
378
4863
6063
6064
1991
1920
7053
1018
2010
393
399
4472
3592
152
6737
3433
5988
4784
409
7061
2813
336
292
6097
1037
2838
1334
6390
1294
709
263
1136
4710
256
1205
3911
1279
5724
2094
2595
2135
1724
5181
3112
5167
3852
5894
369
1157
1155
3061
2479
2712
2656
675
4891
6301
2422
4010
2334
3913
7095
477
978
5272
6484
6486
2644
4236
4389
2641
619
577
67
3060
4860
6245
1496
5091
3906
5326
5351
5032
7091
842
2398
5034
3875
1855
45
895
2387
5357
3909
4119
1810
5038
3725
1510
1622
5059
1852
1815
6559
33
4036
4368
42
6248
3435
2090
2994
311
4702
4525
3430
6880
1270
290
6058
5849
2037
1332
1369
2051
3590
6830
4563
2249
5705
2161
4800
366
4534
249
2647
2421
1621
2039
3974
5121
4527
4512
5727
4526
3978
88
2035
5353
4044
302
652
656
254
6755
1275
296
1299
5237
5071
1298
5720
6414
6436
736
248
3155
2469
5002
2460
3072
488
5649
5647
2837
484
2587
4530
6862
593
3726
2427
301
4479
1203
1691
4892
3627
6074
6070
4625
4432
5569
5401
6067
3612
3594
2296
391
3431
388
3918
3472
3439
4866
1982
128
3273
1411
4695
1720
585
4692
1050
899
3116
1502
6358
5728
1096
5264
5950
436
6137
623
3117
3639
5366
430
429
3578
2363
2027
5764
4363
5971
618
7135
418
4775
6748
3634
413
6083
3959
7075
1786
1412
1740
5084
679
677
5723
5220
5216
2598
1266
1264
5184
6503
5183
5182
6509
1206
4062
826
4712
2389
5943
2244
2384
2377
4325
4328
5363
1518
1509
5382
4897
1074
4485
4776
2336
1033
1014
4383
2313
1394
1988
4869
4854
1964
5521
1976
1413
4780
1189
5356
5938
5838
4628
5257
5690
4561
6338
741
4731
1605
759
6312
6309
1309
5940
4536
2056
5019
795
4533
2437
1850
5645
5341
1552
6187
5587
5583
6178
5671
6076
3107
512
300
402
6516
275
3685
3301
2645
2981
3471
3901
79
253
3153
251
6704
6700
56
552
3723
3721
230
3437
6685
539
6887
6680
6554
7112
2642
6710
6759
7166
3591
3019
7051
330
304
328
368
2710
3013
361
6681
2783
2832
168
1926
748
2053
6970
1921
5642
2468
847
5612
4739
6299
2071
3272
743
1480
4182
137
2036
2475
1997
802
501
2982
2438
3234
6238
1362
3017
4883
4233
6736
4232
5528
2433
5593
4199
480
3727
5422
790
2203
2922
406
6775
2216
3550
392
3611
4385
3553
5927
5928
385
415
3554
6723
329
4461
1068
1022
6046
354
4457
2290
6735
4442
2314
274
6098
6099
871
4321
2096
4694
4322
6829
4665
2120
1484
4639
3657
3440
2134
5786
3444
5789
1213
428
1202
5816
2352
4631
6106
6104
2175
4716
2124
2434
1487
1828
1586
4973
2655
676
1576
1817
5329
1857
1555
6567
4065
5350
705
1856
5364
3994
5271
7134
3952
3954
5208
571
3141
1607
5082
2611
6492
31
41
650
1610
5229
6378
4444
3226
6350
2534
2391
3434
888
7054
5749
7067
3432
6153
6541
1811
1602
662
898
6521
3825
232
1816
5092
2394
6847
4966
1293
6682
1292
3497
6062
3403
2319
6756
1932
2092
111
4976
6500
2399
6684
213
7066
3065
1128
2317
2649
6475
1644
267
6482
6105
4624
3493
2646
4587
4366
420
5250
4538
5063
1150
747
2157
3066
2155
1624
1129
123
6819
4884
5407
5224
7104
6068
6706
291
1138
1207
5260
3977
3470
3963
1620
6072
5309
4513
5380
6727
489
4467
6313
1016
1374
4419
5205
3897
3899
6984
82
1013
3309
2571
1019
2431
5558
3052
3111
4447
6005
1048
494
5502
6511
4833
7144
5358
3275
2817
1026
7034
6287
582
823
331
1642
5967
5198
2950
2048
2241
5201
7093
843
1333
4758
3556
6193
4886
473
6339
78
2426
4881
853
6318
827
6317
854
3110
70
321
4449
5983
4448
2800
5160
5904
2809
5177
2205
316
5899
3499
2859
1123
2247
5968
1694
1727
3144
5962
5098
5116
1668
4456
294
6773
4889
5188
1698
5957
9
7109
1741
5119
1066
4862
7062
1519
3302
2986
1375
1936
2023
3212
2028
163
2977
5604
77
5614
5340
3355
1899
1851
5352
3054
1876
7022
5466
4922
4858
1956
5481
7046
4940
4850
