5435
3776
4059
5437
4214
4056
6954
6568
6562
3510
4055
3775
952
954
4982
2554
4057
2615
4051
4983
1243
1246
3770
731
6129
6673
4984
4052
2447
3847
5431
5607
1931
955
3518
739
2910
953
2250
1934
5438
4212
3773
4210
4987
4985
4053
2556
6958
3511
2449
4277
4218
4217
2443
4981
6117
980
3198
958
3774
951
5999
2187
6035
6124
6112
735
2258
959
3777
6672
2441
2542
2543
5600
3199
2558
2569
5553
3779
4986
1247
5432
3769
5851
6796
2506
3765
6123
3582
5419
7120
2626
6948
6957
6128
2444
3515
5855
3768
2544
7000
4988
6670
5249
5602
4108
4189
6959
4216
2320
733
6677
957
1471
7001
2748
3193
3512
1249
6528
3514
5859
2557
1175
2559
4276
1245
737
3313
2611
3038
4176
5223
4050
2620
4215
730
2548
1242
2629
3195
2446
2740
983
2565
6799
3762
3761
4266
4284
4454
3526
3940
6520
3190
3778
4980
6993
5192
2555
1833
3196
6952
5411
1837
1930
6524
5204
2637
3772
5434
5606
4274
3844
1703
5576
3766
2507
1707
2545
6724
4054
7020
3985
7009
4185
2493
2732
4967
2684
4970
2442
6914
3469
4058
2540
2448
6118
3319
3454
6961
5575
6875
3757
2194
3524
3767
4213
4574
1255
3101
6464
6582
3986
6892
6850
4615
3988
6566
3381
6569
2546
6564
2550
4830
3251
6522
5246
2621
5222
2551
5985
2440
5989
6525
950
3588
2520
3489
6953
5608
1240
738
7008
2075
5040
2257
6992
1473
5572
3480
1069
4254
6529
3516
4257
2831
3043
4774
3191
6927
5567
5574
5579
5603
5811
3840
625
5923
2268
2191
4203
1470
4882
5172
189
1492
4219
2689
667
2778
3194
5116
6114
6404
6527
3462
3464
2867
3688
946
2746
4989
7006
6924
629
6915
2788
3763
1477
3402
4450
3182
3178
1435
5564
2665
4107
6972
420
854
2586
1357
700
6947
3036
4273
3760
3580
2552
2624
2636
5184
2639
3587
5166
7070
5397
3242
4106
3189
5810
3771
5874
3529
1838
3967
1252
3845
5853
6804
6878
2361
3413
3248
1914
6290
1916
5111
6182
2502
3466
4979
1359
1839
6988
438
2580
6050
2564
1834
5992
6174
1917
1043
7028
4303
948
6617
3627
3589
4290
7140
3846
977
3095
1446
1936
4670
6644
4258
6647
4768
6526
7075
1022
4879
399
1479
3482
1512
389
1542
2425
1164
2549
5503
6872
732
5822
631
6945
5872
1691
704
706
4886
771
1248
2093
4851
710
1173
6925
7007
3945
4845
3963
6302
2758
5055
1493
6296
6294
5749
5086
2742
5102
6734
2956
702
1464
5722
949
2501
3631
1342
2483
635
4427
3181
3848
4455
3107
3403
6574
592
4566
4280
4278
1439
4619
4622
348
6561
3019
5625
941
6661
4841
4747
6877
482
5537
5416
5414
43
275
2625
5507
2215
1835
2251
3318
5228
1507
1110
426
3256
6014
1824
2560
5892
3467
2661
2653
1355
2264
5979
4275
4618
3656
1836
4625
4636
6563
5331
3039
4029
3517
5365
3340
1832
3520
2553
2076
6890
1188
4782
3003
7081
6923
2566
3050
2286
1962
4428
2513
2480
2032
1425
1511
2063
1993
618
4486
975
2072
5433
2289
3842
4286
1547
1592
640
4564
2562
6572
979
9
387
3639
4279
4306
5369
5162
5569
3972
6398
4199
5856
4024
3387
1489
2616
5570
2961
4977
4027
4025
3968
3581
1491
5565
4002
6785
3961
1863
6165
2638
3219
2749
5189
7046
6864
2878
1894
3562
3898
4852
5844
1080
2668
2935
2680
2918
6665
3474
6676
2682
3504
3472
3982
1257
6802
4211
6461
6883
4885
2904
2164
4289
4003
3843
3636
3360
3519
3408
3513
3241
3894
4130
4028
4252
3718
3912
3347
4270
3928
4006
3485
3252
3711
3810
4192
3941
4021
3481
3215
4181
3463
3584
956
6047
2266
1918
5993
1199
2312
4307
1184
1308
6793
5863
98
6871
1649
142
1591
1151
1559
5698
5694
5653
343
5648
6918
6930
349
175
5556
5555
382
331
2253
6116
2222
6554
6541
185
6521
6519
6469
2081
6456
2086
6430
6394
2000
6380
6310
6613
2128
6301
2210
245
6634
144
6633
242
5456
6210
2168
232
6618
231
6616
6292
6623
6951
1533
6975
4762
3002
1004
1005
2966
2939
4742
4857
2912
4859
4881
5439
11
2832
535
1418
4715
4711
3184
3183
4533
4536
4538
591
3088
4597
4599
986
4621
988
3045
4662
3037
7086
1466
7142
4963
4961
6980
5232
2598
5253
2597
6986
5300
2567
6976
5363
5391
1120
1121
2568
7024
5156
2759
18
2801
4969
483
1475
5045
2073
5049
5051
1985
1597
1514
1743
1297
1910
2049
2031
1423
1422
1348
1303
1980
2014
3563
1818
2021
1420
3444
1262
2505
1144
2518
1136
3397
3372
3362
3361
3596
1104
2628
3243
2708
2754
3212
2803
2830
2838
2843
2909
2941
3011
3012
1153
2074
2498
2485
2078
2080
1254
1251
2114
2118
2149
3477
2186
2190
882
2195
2209
2254
2269
2327
2350
2382
2423
2433
2445
1172
2453
3411
3597
1400
6784
4671
6873
4787
6855
4856
534
6794
4640
6791
4971
4974
6743
5048
6675
5121
6671
6179
5150
4610
4539
4182
65
4193
4205
6934
4300
4304
4585
4308
4397
6912
83
4422
4444
4466
4523
4322
461
5188
452
329
6465
5794
5798
5820
316
6403
6467
5840
6384
5894
6377
5983
270
6303
6270
309
5699
5697
5642
5231
5251
422
6585
5383
413
5436
5506
384
5528
5539
6577
5562
5604
6548
5627
5629
4157
4145
6191
7062
7099
708
707
7027
3717
725
7118
3979
4020
3665
4023
4097
3947
3873
7042
7145
3715
692
7079
3722
3892
3896
778
6979
3910
6989
3815
6950
383
6584
3505
5483
5415
402
2068
5488
368
5596
3935
1428
3883
5377
3913
5445
432
2046
5106
2725
1293
2722
1292
1472
2710
3470
1932
469
468
7067
466
6637
5182
1939
3977
5203
2627
