5434
6923
6914
6926
6916
6934
6939
3469
6919
4989
6905
6938
5792
6932
3667
6928
5851
6925
5872
5431
3101
6922
5437
5439
1928
6915
6933
6920
6944
6924
2686
6943
6930
3312
6968
2681
6947
5223
6931
5859
3516
1936
3468
6948
5855
3100
6902
3764
6525
3664
2631
1944
6918
6911
6929
3464
1191
1931
5818
2752
3518
6122
5811
955
6123
3313
6949
6937
4176
2684
5579
2449
6112
1932
3786
6129
3414
3310
1707
2733
954
2788
6522
2661
5654
2000
5195
2815
3776
3461
6677
2164
5807
4214
6912
7160
2615
6751
2554
3660
4057
3314
3319
2748
2829
2758
3533
6965
3460
951
6035
6759
6562
6780
1190
2250
2447
731
2780
6906
2740
4215
6900
1231
3772
953
3318
3666
5435
3848
1930
1495
6234
2732
3109
3514
3774
2666
6927
2441
7161
6945
4275
2782
2448
6936
2766
3512
3367
6527
2120
1024
4414
2528
6582
6568
3354
6471
1188
5436
6528
6921
3465
5810
1557
1379
5448
735
2665
1927
6910
5802
3027
5438
6904
6903
3195
3511
2789
5785
4278
2258
3107
235
1937
2253
3244
6119
6756
5892
2634
4729
5228
5227
6940
2928
6782
5556
3083
3463
2331
6959
5006
2637
6783
5850
5824
3688
5003
3677
3823
2667
1918
5994
6724
5815
2114
3029
5782
4066
2961
6864
4056
5794
3775
1935
3778
5899
4059
5799
6275
6820
6321
2761
4970
739
3340
3827
6784
2753
6128
2023
4276
1164
4781
3582
6577
4636
3681
889
5570
2897
1630
1992
3290
3668
957
958
4454
3086
6520
4484
3650
404
5447
6526
5331
3108
1181
4313
5280
5663
6464
2443
2444
7145
6908
2564
5649
2121
2330
1969
5490
3458
2768
6980
4615
2783
956
332
6727
950
6127
2214
5005
2375
4617
2270
1192
5286
2759
1934
2552
5445
1005
4994
1556
2826
4605
3865
4006
5414
5694
6268
1999
5483
4019
2368
2825
962
5456
6754
5282
1266
2742
5222
3770
1430
4746
3878
5588
4747
2741
3502
4315
5192
2902
3216
1161
5805
4310
2820
6564
1201
5874
4711
6807
1307
2520
6757
3941
1631
1635
3007
909
5997
1641
1654
4273
6955
2915
2015
6574
4857
4975
1653
6913
4566
3914
6398
2736
3444
3462
5207
6267
4367
4458
4475
4477
4505
3259
4530
3257
4612
5289
1479
1371
5054
4960
5042
5039
5009
5008
5000
4998
4983
2632
1933
4332
4317
1900
6206
6188
4051
4053
4055
6106
615
4138
651
3365
5812
5795
5787
5781
5695
5679
4284
4290
5658
849
2638
2745
4987
6961
6589
6946
3679
7149
2754
3472
2117
6957
6853
6960
6587
3504
131
3524
6988
2764
6758
3661
2856
7099
3785
6750
6672
6941
6778
309
3540
6891
4826
6265
3214
6534
3522
111
4455
2129
6901
6210
5194
5196
7093
5158
963
1388
282
3557
2362
5109
4212
4412
3513
1173
6972
4289
4986
6279
6975
6793
3817
3084
4101
2266
7095
3615
328
5858
2870
2688
2769
6749
1877
5266
2297
2299
2198
3781
5263
2073
2251
1559
3014
4045
1092
5285
4471
6186
1437
2963
6729
4984
575
5225
4621
2291
5450
5665
5511
2320
6954
4353
1796
1222
3316
6953
4270
6952
3945
1726
3196
5653
6907
1302
1979
4555
445
5572
1824
639
178
2787
6584
872
3103
5584
843
1497
6469
807
4999
4327
2919
4354
2483
3967
2895
5801
4993
1025
3
136
668
5101
3847
1031
1940
6842
2823
1300
1946
7141
5553
764
5657
5397
5080
3113
144
5655
5986
5957
5995
3104
3361
2209
1517
2866
3364
1022
4146
7081
7075
1526
3362
1520
4548
3777
4316
1545
1636
1745
1637
3322
893
3684
2154
3717
5574
2786
876
6867
2122
2445
1681
3510
4291
1701
5674
4358
5879
6841
2620
1548
1783
2194
3633
4481
3020
5842
980
979
975
4193
6785
5820
3345
5813
959
2882
5804
4213
5526
2796
5320
6011
3966
3454
3982
3985
6364
4879
3199
6352
5087
1941
2562
2038
2822
3474
5104
1194
2516
1916
5115
7120
1913
6270
2510
3577
4786
1968
1348
2256
1229
4985
2542
4991
2004
4992
2747
3466
4995
1279
6563
6567
1303
6204
1306
4978
15
3921
6473
3546
3190
6467
3193
1243
1241
2259
7146
2339
1433
4286
1829
1491
5251
5308
1494
5258
6046
6117
3415
64
4631
4143
7085
1492
602
3602
4144
4613
1498
3254
6113
3003
4600
1436
2484
2633
1324
5316
4619
1237
5056
7091
4532
5317
4337
5063
1338
3143
1530
5576
1
5357
2481
1692
4996
1301
1069
2207
6909
3529
2446
6917
7089
5018
5586
2545
3175
6956
2440
4319
4607
5041
898
2816
5272
3286
4844
996
3628
4715
5232
2168
2511
3089
2230
5488
5164
4446
3215
3590
3217
3088
51
1428
2235
974
3587
2464
4845
7104
2517
4409
5079
2295
4741
4881
1472
1216
2867
6958
1632
4854
5253
2556
4374
5102
1199
1001
5515
3250
1197
5106
4658
7132
3569
80
2456
5507
2746
6028
5829
6124
4198
6786
3787
4052
6721
2956
6198
6200
6207
2951
5808
6799
733
3812
6694
3044
6621
1938
6845
2760
3845
2669
4216
2784
3824
6287
4010
4012
6269
6296
771
6120
3023
5989
307
310
6761
5999
3005
1821
1825
5955
3780
635
3001
3000
5943
3386
3390
4183
600
319
4073
283
3409
698
4191
5852
3408
4108
6090
3771
3403
3357
2323
5761
2781
2653
2739
6586
801
3936
3716
803
2734
3311
473
806
3045
808
1998
5716
6410
3467
4272
5683
2128
6396
6536
6620
5685
5676
6865
4558
6523
3910
2272
316
6543
5001
2269
3597
6114
1467
1512
3133
6115
1463
6572
1993
2325
7163
2019
3784
1106
6571
5
4080
3004
435
6531
5335
1826
1828
6530
1997
2294
1073
4285
2076
4
3400
1991
6548
2014
405
618
446
5295
6546
5336
7098
2020
4718
4665
2549
5393
381
2513
1914
6278
1917
7148
5113
6414
2948
2730
6295
2854
