5431
5437
3776
3772
6112
4989
4051
2449
4055
3518
2615
954
4212
1931
4056
3775
6123
4987
6562
951
6914
7120
6035
6129
5438
5435
4986
4984
3318
1934
5223
1246
2444
1243
4214
2443
3101
4057
3313
6672
2684
4052
1707
6124
3770
2250
4278
4189
4176
952
3510
4983
4985
731
4982
5222
6928
3587
6796
2447
6954
5434
3319
3100
955
4050
6912
4059
739
1936
2620
733
735
3848
3847
3107
6952
5855
3038
4053
6128
6568
3757
6118
3526
3582
6948
3581
6961
737
1249
3504
6677
2320
3588
5576
956
5225
6953
5999
3310
4254
3779
5824
4450
5432
3516
5574
6945
6931
4185
4275
6117
3768
3777
6582
4981
6957
3589
7140
2441
3109
6938
2506
5049
3269
6925
730
2446
5654
2758
1932
1812
4263
2629
3580
4988
1240
1247
2661
4577
2686
3773
6807
6947
2626
5575
4219
4277
5433
6944
3314
5579
3043
2753
3778
5607
5872
3191
6908
5663
3041
6520
4182
6926
218
953
2812
1703
7142
983
2624
2251
2483
3312
1472
4841
3766
3764
3688
2440
4412
2187
5653
5439
6924
6930
3511
2772
6929
5430
3045
6933
6916
6910
6571
5570
2164
1935
6572
4980
2445
736
7145
211
3454
5658
2325
2448
2554
2004
6934
2761
958
4279
6949
3512
3769
2788
3042
3251
3941
2637
2956
3529
4184
3103
4455
2520
2625
4451
3771
3315
2963
3761
4273
3584
4742
2046
5445
2000
5572
1930
1918
5874
1796
6120
2230
1477
6525
1067
991
6911
6915
6918
6920
6922
6932
6519
5204
5192
4830
1474
1933
2616
4960
3840
2611
5876
1894
6864
6578
2897
126
2872
6032
6802
3656
1245
2861
1255
1701
3933
1423
3830
3213
4501
1470
4284
2562
1479
5207
7020
6526
1471
6927
2116
4574
6678
5413
2442
2732
5042
3263
4210
6122
4426
6923
6559
212
3762
205
3752
2633
3667
7092
7086
629
6959
6951
6943
4503
6919
2514
3545
3252
3195
6907
1473
2258
3178
1242
6720
2305
2815
2565
4012
4270
1736
5994
517
1475
2791
2253
4181
5657
473
5553
2252
4215
5851
1979
2801
3967
6127
6125
2233
5106
5065
6091
2910
3929
3844
5483
2194
2118
2191
2152
751
2638
2232
2961
3254
1968
984
1765
2778
1630
1328
1420
1548
1436
2941
1492
1491
2748
1516
3842
217
3982
4158
6855
4203
4258
4276
4375
4396
4397
6724
4564
4856
3914
4865
5050
5054
6464
5268
5331
5337
5660
5736
5923
6114
131
128
5048
3758
4422
3546
3682
3660
3695
3524
3577
3514
3474
3586
356
3706
3472
3469
2464
7128
6575
4502
4508
3333
6770
4532
1430
2295
2309
6738
6588
1352
4859
4857
3215
800
4606
4605
1428
3572
3763
2238
7144
3413
5985
5982
1635
5871
142
6119
5792
5655
5631
1967
5531
1969
6121
5456
3519
6302
2067
2110
5263
5249
2552
5195
6541
2239
4429
2481
122
4280
2639
997
6921
992
6980
6844
2712
6913
2713
2717
6850
2740
2556
4183
6903
6900
4006
2760
974
4082
6874
2636
2867
950
3765
4425
2598
1706
4421
3845
4417
333
2621
2973
3812
1061
934
331
2631
6898
3843
668
3817
4374
6902
892
1598
1512
1637
1697
1511
789
1241
6364
6808
6785
6784
6809
6748
1182
7102
1279
7081
6836
6589
6222
7028
1024
6587
998
1433
6563
6420
6398
980
7143
6395
6392
7126
6936
3362
6003
2796
4030
4038
4155
2754
2749
3976
4217
4266
2647
4303
4339
2632
4395
2689
4414
2842
3846
3365
3540
3575
3198
3194
3126
2847
3650
3102
3047
3724
3003
2883
2879
3681
2585
4428
2521
2190
5301
5320
2065
2063
2032
5258
5436
5522
5811
1902
1848
1829
1730
2003
5231
5162
5111
4454
2518
2502
2467
2461
4556
4598
4636
2339
4923
4926
4967
2272
2256
5011
6113
651
0
329
198
452
216
387
4068
5057
2969
7024
5045
5038
6524
3836
206
5063
3040
6573
215
4963
6586
3083
3085
5013
4389
1437
6430
2681
5246
2693
5238
1559
2718
3928
1556
2733
445
1508
5166
4187
1495
764
3894
1464
3884
7031
3879
1457
3089
1307
3781
738
888
1007
1005
1004
6956
6878
3691
3687
4468
4520
972
6892
4427
4423
3631
946
6905
6939
4390
6906
3683
1048
1069
6968
1290
327
332
6673
836
3214
3217
3760
6695
1215
3244
4682
6747
6972
1147
3347
4658
4615
3403
6804
4353
1302
6283
5075
1593
5396
3986
3992
5414
1766
5546
2361
1820
1824
5651
2278
2276
2271
2257
2235
6028
5698
2015
2030
5829
2068
5810
5943
1682
2093
1937
5986
5989
5990
4108
1890
1939
4148
1816
2603
5346
2665
5316
7070
2634
6210
1595
1638
5277
1900
6806
1080
5995
6838
6002
2736
2738
1124
3361
6021
5740
3343
2213
3257
3266
6736
2255
1172
5679
6764
1157
2755
3336
1876
3337
3339
3476
3325
1914
6417
4527
1594
2054
4392
2692
5827
3632
1596
1597
1599
2076
957
6891
4438
5786
4543
977
2117
364
3562
133
990
6875
6263
6314
2735
3542
3541
3521
4505
1209
2104
1916
2259
2542
2473
6528
1371
5440
6543
2459
2480
5443
5145
1767
6110
3048
6579
4977
1738
5528
6513
6397
6422
1668
2541
2543
5369
1683
5419
1425
2856
2948
6165
2849
200
5046
5073
6583
6585
4951
1636
6671
4815
6388
3193
4811
3190
1498
5335
4789
2795
6054
4787
4786
6692
4852
1592
4855
1783
6389
3086
5562
4928
1793
1306
1303
2328
1297
2326
6082
3130
1813
3133
4774
927
4955
7129
4027
314
3866
3759
7148
3693
4377
4304
867
7161
4126
3921
6950
6989
3708
7038
4308
3887
4161
876
3700
7075
7121
7119
3940
4020
6937
3910
3767
4029
4285
2966
5659
3849
5052
1700
1696
3317
5665
1177
6749
3276
6734
3311
2266
2275
1158
1184
4729
1393
6510
853
2971
3945
4216
2915
6783
6786
6789
4622
5080
2903
6799
2530
3404
2182
