1658
3105
4608
6942
1655
1284
3046
3286
4604
1280
1650
1286
4602
1652
4262
6033
3040
4455
1440
3048
6904
1448
4601
1441
445
446
1449
443
440
3047
4264
3049
6558
2070
6038
1282
5476
6034
5651
1171
1289
3284
1287
2069
1285
3042
447
5520
6031
1288
6037
441
4600
3108
4136
3287
5458
6036
3044
6940
5657
6935
6930
444
3288
1653
2081
1281
1178
5459
1657
1443
1442
5453
1283
6543
2323
449
1170
7155
3289
1659
5455
1476
4265
5443
6949
3043
6908
5907
6900
5448
7164
1406
2321
4139
4104
2007
6039
5659
3045
3109
1474
5664
5933
2066
448
3080
3041
4109
6674
3106
7019
869
3023
5490
2667
4280
2324
5457
6030
1656
6127
1445
6545
1444
5911
1317
6447
4951
3101
1677
5903
5449
7012
5934
1313
5441
1311
4595
1176
3102
1755
3148
2055
2724
4151
1718
5227
5134
4605
202
4577
1712
90
5918
6783
6786
6789
5913
5902
646
6921
1319
3952
6446
4297
4105
6936
6937
5226
2745
6530
6531
2003
6256
4141
460
2082
1179
243
544
2326
2328
6860
2415
2580
269
6853
4133
5447
6785
5524
3280
5917
3104
7045
5932
5939
1749
1565
1479
6045
4285
5451
1475
203
4159
4606
6766
2671
4603
3285
4175
6
5656
3283
5908
4459
6819
1116
7150
750
2633
2456
5901
5896
267
6903
2312
536
345
205
3608
2079
6910
6920
1097
2073
6704
5454
4070
6084
6706
2727
3646
6922
2698
6926
2821
1107
3082
644
4100
384
1090
1105
2729
588
912
4173
3645
7036
673
3327
6946
7028
5868
2570
2004
6498
6449
207
6432
264
6259
200
6258
1950
1858
1817
6254
1446
1757
6019
1717
5916
1710
5904
5727
6546
6551
515
77
2485
4330
4426
5002
2327
5873
6769
6768
541
2314
0
4817
6581
6703
2074
4694
680
1714
1711
653
2394
1692
1654
2457
1673
2725
3107
2728
2351
1719
3103
1753
683
3085
2349
1807
2669
1017
1314
2840
1102
2075
1091
1590
1472
4072
5452
5568
6315
6894
4643
6877
3983
4646
73
4271
5866
4101
6725
6713
6711
6710
136
5961
4578
6924
4884
6087
3383
7066
5424
260
6966
5450
261
3506
5047
3644
4307
5516
5566
4492
6637
1513
1577
6081
5926
5968
6104
5704
5882
453
1920
1767
1761
3130
5472
1748
1741
1716
5633
5652
5658
1678
6110
5708
5912
6111
6311
6115
1101
1098
6941
1068
1066
1057
1042
990
899
7010
789
752
7033
719
704
7069
645
1111
6806
1174
6775
6139
6215
6240
6241
6242
451
516
6316
1447
1372
6419
6445
6476
531
6760
1195
6762
6765
1363
5413
3262
2632
2076
4842
4709
4654
2723
2107
3891
3030
2280
4647
4644
3950
4572
4465
2329
2888
252
4392
2882
365
4339
3955
4304
208
4260
4259
4179
2690
4135
3649
4882
2721
2005
5077
4903
5121
4904
3643
4883
3397
5076
1985
3477
2009
3350
6782
956
2827
6856
3386
2789
1173
6780
2758
629
4073
7111
4079
1238
7153
4107
3282
7159
671
677
6919
6895
917
1016
6990
6973
3721
3834
1061
3638
853
3944
3590
1093
1094
767
3568
3473
3018
7040
7049
678
3879
5332
6708
2085
2077
5619
1713
4898
5502
1747
2056
1752
5465
1763
1766
5723
5079
5444
1816
5430
1903
5164
1937
5417
5224
1955
5228
5374
5346
5445
4150
5745
5877
6702
4172
6584
6534
6448
6431
2663
1355
4273
2547
2530
2520
2092
2471
4356
2375
2361
2333
1450
2331
5963
2156
2142
2123
5909
5905
2452
608
7169
554
538
251
206
1
545
266
4840
5860
5895
5862
2301
2306
2322
4888
6945
5846
1583
5919
4754
6872
5936
5937
3782
2968
6855
2967
2383
5977
1516
3004
3063
5816
805
1795
5048
219
3476
5661
5662
7005
743
1765
1759
1742
5712
3550
761
2206
1715
5743
1708
6979
3602
5774
3622
3623
3642
2392
4889
1512
1470
2419
4007
386
2822
4040
4269
1235
1055
2704
1073
6556
1078
2842
373
6526
2792
1096
4076
555
551
4147
6443
4144
4143
6457
6527
5988
2843
2844
6007
2152
1460
6795
6784
1423
3933
6767
250
2886
6113
6257
3956
4424
6726
6718
3973
2576
388
1328
1326
4367
1316
2847
109
716
370
5283
3379
3369
1919
4
706
1910
1893
2121
7118
5264
5275
3438
7077
2072
452
606
1924
1916
7099
5466
5136
669
1968
676
1915
2060
1805
5440
5383
5135
7053
5151
3431
6089
56
2494
1413
456
2499
714
6120
6091
6102
4469
3951
966
1394
1388
1386
6741
4429
4425
4423
3939
2488
1437
2067
1552
3781
1551
179
5462
4707
7052
2387
902
6005
4641
6015
4632
6025
916
500
1477
6068
2481
3897
4412
2474
5442
947
2472
4586
246
4607
6815
1473
6028
249
6153
6193
4400
2726
6540
2719
4180
3271
542
3293
1959
5270
2705
562
540
2699
4048
2713
4071
6522
4075
6469
7165
1122
4112
5317
4149
1146
4152
2743
4102
4094
4082
6510
6434
2001
2695
6157
4045
1215
6218
67
7
5403
1324
1325
4361
3244
6716
1553
6189
2868
2572
6721
6714
1019
1987
527
3265
2652
4278
5257
5254
4295
1041
1263
327
366
5220
1928
4334
1026
6700
380
3764
921
1556
3432
5808
4902
6962
4905
2249
803
3640
5780
5084
6974
483
5559
3435
2241
3654
5529
806
826
2109
4860
6928
6929
4870
1651
4880
4886
4887
3664
5519
5527
4899
807
1695
353
3436
7029
5654
5653
7013
3485
3481
1810
5038
2162
3449
7023
3170
718
717
2150
5060
1812
1815
1768
5747
5560
5742
2207
3437
763
2128
759
6999
2129
5020
1756
5668
462
5065
7168
5848
6250
4778
3704
5930
5495
2310
2304
5922
3753
6876
1624
1595
1593
2332
6459
674
6909
3390
6870
6911
5867
834
3712
6869
2319
5092
5906
3754
1611
7037
5889
5592
1172
458
2390
