5453
1280
1171
3288
5458
5457
4604
1650
4608
5459
2070
1176
5455
3106
1282
5454
4600
6033
3280
3289
4602
3286
5650
5451
3284
440
5452
3105
1441
4070
449
2069
3282
1658
1287
7164
1286
1926
6037
1179
1449
6034
447
7019
444
443
7012
6531
1284
3080
2081
445
1655
6942
7169
3285
5659
4072
3283
4603
6530
2066
1440
6806
1443
2792
6900
6904
2077
3646
4607
6558
5651
1652
3040
4455
3049
1444
7004
5657
3287
5524
2072
5965
217
6031
1922
1656
6789
2633
4073
2075
5619
6038
4139
5656
5456
3085
6030
7153
7159
1116
1173
1448
90
1920
6446
6256
2322
220
3086
4135
1172
4144
446
3750
645
3047
7152
6409
3046
5441
5121
2329
5476
2067
3932
545
2324
2079
4071
5445
653
6910
5448
3044
3045
1445
1170
4149
6921
4264
3256
2727
3640
1653
4601
608
3104
6927
373
544
6949
2578
6403
2851
5603
703
3643
1446
1447
3082
2074
2071
1476
5413
1479
1701
1078
2060
6924
6922
4884
6036
2572
4079
6227
902
7150
3528
3944
5654
5653
5602
4101
3412
5134
1421
4108
2007
6940
1099
4459
5896
2207
2321
6847
1003
702
105
3048
1596
2809
454
3101
2821
4572
515
6703
772
5979
4147
4285
1095
3117
5061
3496
4233
1422
4136
5978
6160
2702
6908
4866
372
6417
5443
2064
2062
4882
644
1929
704
4623
5370
2395
709
1442
3645
3525
5229
1919
903
4457
4889
1175
3088
5897
5568
646
4453
6984
1310
5060
7154
701
5374
3281
549
5559
5554
6962
6831
7113
7029
1285
352
4452
2575
4867
2073
6503
4880
2942
6545
6025
5908
1590
1591
6127
4609
2349
6637
1091
6929
6193
5963
6716
1705
6259
2082
1311
6400
684
2152
6378
3649
2328
2268
681
706
2326
705
442
4883
6419
6860
4143
4140
6674
1911
4095
1916
623
1923
4078
6551
7161
4064
5383
6543
2065
719
1283
7157
6416
1565
4754
5652
5627
5633
3109
3108
6110
1174
2745
1155
5828
541
6003
5933
2808
4593
6957
5664
7155
899
4367
5570
2576
5916
3397
4595
2977
4465
516
837
3042
5560
7166
1199
5019
4535
629
3000
6001
3160
4366
1593
4702
4280
1093
4240
1089
620
1673
4575
1766
5967
6686
1907
6039
6584
6721
4062
547
1028
3756
2168
688
5484
3709
2316
6911
2667
5470
542
3608
718
3647
2457
4886
4887
3644
6218
7156
5010
5909
1358
3383
6536
6869
2921
2869
7
1002
2868
6407
1450
5450
7067
7003
7013
540
1281
1329
1178
5388
4539
4640
1599
4262
4751
2899
862
896
2630
2587
2503
2465
2444
2264
2199
2101
1467
995
2076
1135
1469
2003
1925
1924
1910
1055
1657
3043
3102
3262
1425
4153
617
4092
4087
1289
4069
650
3980
670
3828
1195
4330
1317
685
3758
725
3622
3527
3521
3484
3482
752
3384
1405
1319
1400
4133
1226
6881
448
6769
5067
6581
6555
6546
421
6544
5162
6235
390
6229
64
6182
222
5447
5449
369
360
356
6007
5882
5526
5845
5823
5783
5658
5446
460
5604
7033
7064
7077
4888
4790
6964
7027
6941
7158
6246
6249
5902
2197
5901
3096
6324
4082
2312
2466
2263
1196
6510
2488
6537
6516
6973
6505
3183
6433
5877
5866
5206
5520
177
5870
5519
2162
2085
5918
5333
5325
674
2875
6089
682
869
683
1314
2850
2833
353
5474
500
3967
6120
2725
3018
2671
2560
146
637
7018
202
5376
4075
3721
2583
6005
4798
5444
33
6015
5423
1017
854
6540
1127
1703
6713
562
5558
1700
1406
1081
5825
73
1019
6730
5051
4531
1139
106
6909
79
6905
5723
5017
4898
3590
3392
1478
1706
1071
4333
6708
144
6935
1026
4563
507
4605
63
4245
66
1726
4255
1983
3413
6580
1815
1146
1884
527
3242
5829
5843
3475
6959
5086
4775
3006
1313
5647
3472
2967
6019
7105
5719
3229
3235
2920
3186
3166
3162
3124
5873
5827
5899
5904
3081
5796
7151
5762
5919
6000
773
3344
3394
6937
2523
2889
6437
6443
6449
2032
2006
2004
6553
6961
6589
6594
1900
6726
1082
1678
1088
6732
1096
6773
1598
1597
6853
1594
6854
1536
1516
1407
1474
6926
6931
2080
858
174
2089
1326
2864
1327
2857
6093
2842
1351
6111
6113
2795
892
6141
204
2584
2580
2579
913
2559
1157
6240
6252
6254
6263
2216
6372
5617
2160
2133
2107
2084
2193
2968
3524
4109
5210
5211
4100
4093
5268
4077
4066
5436
4042
4039
4007
3933
673
676
3759
3724
5491
5506
707
708
4113
716
5169
5146
4816
509
4931
4951
4551
4953
4507
4497
4477
5002
5011
438
5030
4458
4456
4331
4283
4259
4249
5125
4208
4141
339
4105
3642
3619
324
3553
5539
3611
4256
1032
3569
2061
4152
3382
4148
1015
5164
1979
1977
3249
1039
1937
1928
6552
1044
6562
5108
5107
3395
6623
6625
4307
4312
1811
6509
1943
6474
4315
2452
626
2431
2409
2398
2394
5250
2333
2323
621
6334
2299
2287
154
6335
4094
5224
3342
179
4103
3522
2092
6401
6431
5204
997
999
3352
6337
4328
1714
2456
1457
6916
4958
6919
4538
67
3473
1150
520
5626
4927
4861
1402
1380
3485
3490
4791
1343
7054
7065
7066
4704
7104
21
489
13
1207
11
4706
5655
1719
1138
4495
5665
6711
5068
4447
4451
1684
1674
3398
6731
552
6766
5044
3418
1654
6814
5018
546
6866
1115
1537
3456
1534
1493
4469
4470
6903
3470
1132
1133
4498
6245
4780
2884
5922
3710
5485
2724
3705
2717
5490
3089
6136
2678
5504
678
3265
2659
2649
898
2639
5531
6203
6207
3113
5966
3115
218
5984
235
5553
368
2973
3823
5566
6035
3002
3755
2865
3834
3875
3879
3008
3754
3930
371
3753
6008
3716
376
5973
5780
3781
2605
5332
3120
3701
3690
6236
3654
635
4060
3664
