5987
3474
5985
2481
5983
4530
5044
5049
6807
3314
5824
6575
3477
5048
1511
1516
5042
6925
6786
3471
3310
3475
5526
6931
4718
6571
4422
2483
5981
218
6965
4187
3312
4429
2249
2791
3848
3502
3516
5207
1391
6764
5872
5988
6944
3417
2932
1388
5523
5989
6915
2825
6481
3460
2788
1986
3558
3472
6579
4815
5115
3340
209
6222
2444
4426
4428
3319
4698
1043
6572
1512
2933
600
1198
1810
1675
2931
2835
4425
202
6968
6763
2828
2000
1451
5225
1510
6939
5397
6938
5040
6943
5848
5829
2247
1517
6914
5528
200
1514
5842
5217
6788
6260
5431
2684
2795
6018
4200
1848
1857
4615
4577
281
2820
5023
3042
4715
6208
4532
6749
2936
6234
215
1629
6823
5834
4841
203
6933
1979
6789
5180
6906
2686
7026
6922
1450
212
2895
205
6917
6573
3315
1067
1061
3473
6
4447
6559
935
656
6556
2209
2205
3504
219
3518
6879
1783
2383
3004
5161
6406
2935
6414
6471
3302
6934
211
1055
2796
6787
404
4636
2829
5677
2831
1668
4484
152
1628
4631
602
6760
3922
207
3898
1057
5505
6578
3896
2021
3478
6947
4307
4989
954
2631
1417
2612
5012
5063
1418
5080
5038
2539
2276
4184
3926
3
6850
1903
1627
1625
1623
1959
3899
6588
3897
6928
1587
6874
5893
6804
5339
2267
6479
2464
6913
5142
5982
6924
5391
2804
6929
3410
4621
4633
1044
3007
4393
6014
4374
1277
2956
1178
2953
2116
6587
3648
7158
5433
3567
15
2339
1053
1172
314
3891
5522
2065
2126
2114
6927
6926
7011
2978
3566
2343
5231
4002
6104
6101
3757
518
585
3440
5335
2941
378
5147
5145
1256
5894
686
2204
4448
5383
2484
2486
2011
3578
6945
937
2753
3158
1931
6238
2708
103
5762
4951
2811
4804
6765
3507
1046
3166
4
5658
3048
4474
5764
4954
4275
6767
5679
1051
4475
4321
3923
4654
1864
1861
6554
6734
5790
4567
375
770
3217
5776
473
4019
2330
6845
4759
5640
5358
4682
3893
6868
3040
1058
1056
5470
19
1958
1957
5898
3088
1541
3945
3138
5396
2996
1918
445
2001
2202
2975
1952
6503
4533
904
7133
4899
6036
874
201
4180
5108
5100
4423
5984
206
884
4209
6921
4943
5075
2688
62
4412
943
3557
918
4261
2681
4780
1354
7111
5013
4421
5117
5114
5994
35
2379
2823
966
5969
4081
4776
3691
3688
1410
2939
6920
2934
2826
6038
6919
2834
4441
4168
6916
4435
6351
332
6997
5141
1420
6762
1666
1419
6400
6321
6748
955
6395
6758
1068
1657
485
725
5952
1359
1513
1470
6495
6494
6477
1255
1519
6476
5924
508
6169
870
871
6784
504
6806
1086
1278
1492
1283
6585
1351
1066
6216
6768
1621
5992
6229
6499
0
5696
6961
4396
2615
5029
6941
2585
2573
302
3419
3313
2502
5159
2451
2411
2390
3476
4314
2381
2346
4308
2485
3279
2765
3258
4695
2964
4680
2949
2948
2945
3101
208
3118
4777
2920
3149
2883
4813
1784
7022
2847
2822
4488
4479
4461
5301
7119
5212
5328
5494
5508
4057
2012
5562
1981
3974
1954
7147
4109
3840
1914
5646
3947
3873
3933
1829
6841
3892
9
1936
4163
3987
4176
5337
3633
2237
3673
2184
4164
4716
4388
4555
3949
4107
4189
3119
3878
3936
4311
4312
4310
3536
3894
4247
1129
3927
6223
4684
6625
4329
4318
1092
3844
3352
4083
4398
6519
3588
3311
1040
3275
4104
4165
1059
3470
4462
3667
3045
3211
1034
872
1000
1028
4820
4729
5850
2132
5434
5432
2201
2219
2233
1531
2235
2244
1518
5322
2270
5300
5291
5467
5500
2029
5836
1790
1804
1819
1825
1695
1850
1855
2331
5653
1632
5648
5621
5586
1624
1622
5529
1653
1509
5259
1466
2787
2812
1394
2817
2818
6035
4812
1416
2908
1281
2942
1258
2963
4758
2976
3001
1300
1167
4860
4956
5961
5964
2413
5110
5109
2520
2524
2733
5089
1430
2633
2649
4982
1428
1424
4957
5084
6643
5577
367
213
306
310
6834
170
6766
6840
10
562
6844
303
6905
6904
6856
664
379
123
6738
658
6876
18
7017
34
629
7070
6827
517
483
81
257
3140
2306
6231
6235
5268
4098
3240
2341
2344
4472
7075
5237
3109
4466
5295
6206
1079
3972
2679
2647
2203
1191
886
387
1169
3100
4137
2643
381
3270
3102
2256
131
4478
4061
5064
5036
325
6362
5039
6404
2505
5119
633
5054
5082
969
942
3146
961
2521
140
3777
2480
6724
4634
2414
4059
36
7061
3775
1042
6948
6908
3767
6409
4160
5126
4537
4161
5392
5381
1730
3575
5733
3577
5724
5968
5701
1780
4320
5695
3598
5681
1826
1423
1422
3444
4330
6797
1411
5756
1491
1582
3546
6805
5873
1589
5840
4279
6802
4302
1660
1664
6824
515
1678
5794
5777
5775
5947
7143
6751
6011
2020
2027
7134
107
2060
5478
5464
3325
7137
2104
6122
1241
3306
6155
4650
3290
6875
3650
5663
2014
4391
1399
1398
1396
1856
1866
571
6019
1880
4358
5630
1912
6033
442
438
3367
3361
1992
4392
4970
3921
1572
3910
2983
3925
4720
4784
5
2854
846
216
4865
3940
2766
6557
2897
6487
6583
4842
761
2878
2842
7020
6478
2859
2982
4952
2752
4856
805
6998
652
3859
4717
607
5238
5248
1083
1240
6129
1236
1085
1234
3676
5430
3935
1215
6161
4162
402
2128
2841
5515
2040
108
5493
2069
5479
6570
3675
6870
6566
2850
4427
5230
803
587
2362
1069
5385
599
2187
3867
4127
4455
5323
2275
2278
6218
6201
6219
502
5310
6525
4108
2305
7076
3252
3244
2836
2248
4847
6283
5373
1193
5250
3963
6186
2211
2320
2214
6509
2230
2348
5338
2790
382
4467
4846
2238
7093
3347
522
3500
1690
5792
5785
3912
1499
1495
5760
1684
3481
2923
3580
5730
4319
2921
529
