5461
4865
5467
5057
3125
1034
6849
4814
877
874
3128
4558
872
3993
1644
6881
7106
3700
5036
4813
7102
2856
1640
5327
7103
274
4737
5037
5052
5685
1641
408
831
886
5030
4111
2890
1030
6040
1976
7107
5645
5460
4550
3943
3110
3992
4559
3999
3120
2858
3126
5703
3308
7109
876
4733
3645
1218
2014
4811
5679
3116
4554
437
6843
2016
7104
4818
879
3719
3119
2013
3428
2336
5032
6744
6205
2593
400
6207
658
3641
2809
127
2607
4562
5368
3649
3025
4265
2410
6043
6053
3268
329
4350
2855
3642
2857
3122
2017
7117
1809
1148
4309
883
577
1643
5636
332
5270
5129
2368
2244
4473
2332
5838
479
4222
5527
2927
4734
31
4556
2795
2798
2411
2133
4739
7151
2012
1046
3054
5950
3857
6388
2385
5035
152
2010
2878
406
3303
433
4793
4413
5126
4948
471
5305
3975
1217
7097
1694
405
1528
5321
5083
4819
1335
1954
2018
3348
4732
4816
1035
6025
4567
2238
2214
2835
5750
2860
1013
971
6694
2270
2908
2833
73
5462
6121
1212
474
478
1231
5195
1958
5124
6348
5096
3121
1340
5362
1952
4386
3451
366
2413
6917
5038
2202
6749
330
1973
4353
5400
5031
1039
1450
680
1215
3920
1713
4239
5772
3114
2182
4900
4860
1629
1649
4228
3267
2170
1646
7101
878
4738
5328
804
530
388
2473
4332
6359
1029
3727
5463
5464
6095
5700
2479
4817
4730
4537
401
5707
568
840
3653
3648
1645
7138
6406
4363
5632
4186
5954
5643
3643
2792
1086
5053
1962
5646
5394
3421
38
3417
5942
3907
5002
6311
6290
6824
6698
4478
2174
1211
889
5686
6049
4489
6002
6970
2205
1501
2601
4238
4403
1685
1681
4267
6502
4405
6000
5673
3361
1144
2019
5022
6310
6386
1081
1700
7065
7092
477
1883
3564
6828
4552
3183
3647
2617
473
1221
3129
839
3479
7100
1892
1128
6399
4404
6856
1285
5322
132
5078
5325
5236
2790
4388
6565
1690
3624
536
1957
6564
4172
5363
3457
2658
2428
2592
6015
4909
2138
1620
5407
3028
5839
662
3021
5976
5854
1523
1791
7154
1216
5469
4555
6004
7034
1747
655
2895
4606
1578
246
6072
2248
3754
5694
2231
4632
276
2180
2236
6980
6915
929
2987
6202
2192
6201
5955
6194
3427
6747
5396
5523
321
6012
2369
591
4357
1625
6156
6041
5034
3423
4867
1205
659
3127
765
663
5809
4789
6332
2692
913
3135
1800
3527
6498
4698
2630
5154
4474
2922
660
4501
2800
2846
4786
2829
865
1905
5066
858
6367
40
3455
3453
728
3185
586
3447
1776
6755
4553
6400
4077
5127
1784
751
4634
760
3491
4629
4089
1140
6344
5120
2854
2853
6426
4725
6352
6788
6787
1027
4564
4526
3991
101
4415
3657
1526
1966
6020
6018
3634
2194
2191
2190
5365
3717
5526
2178
395
5320
2165
1316
5977
1601
3659
3660
237
341
1990
6103
3720
5451
3728
272
1434
1214
3750
1604
2247
318
5390
6066
6045
334
241
1375
1372
1521
259
2496
3714
5231
5303
2053
1956
128
6295
3922
5235
5865
150
5243
7069
4046
7090
6263
4129
4408
7094
1798
5520
5690
4657
1886
6448
4772
4568
4167
2219
4048
1525
2048
6580
2045
2850
3924
1014
5493
268
4328
5675
5831
2253
3368
135
6684
763
1797
2246
5814
4225
142
826
3059
4901
4248
202
881
880
2172
2171
844
5641
7032
1624
5616
6622
5543
2140
4735
7047
1908
5644
6511
6509
231
2919
7108
2210
3305
4270
4956
836
2994
6482
6493
838
6016
1648
1719
1647
3278
4741
6488
6517
1764
3998
2474
1110
5324
1961
6884
1338
5347
5852
6226
1959
375
2418
4387
1083
4384
3640
1964
1965
3644
6208
5056
402
4520
4401
465
462
2609
2608
3576
3536
4470
6834
2604
2636
4417
6844
5149
5144
5203
434
5138
4503
5284
6345
4402
2797
3654
3459
271
4351
570
597
5391
2823
2362
1974
320
587
1986
1943
2372
583
3703
299
6105
5041
5389
4380
3435
1031
7110
2374
331
1885
1210
821
5193
4839
1174
2282
1709
2687
2339
6138
5800
5208
5234
2255
1902
5677
4836
3087
1228
1459
786
5029
1686
1468
5775
1235
1683
1179
5894
6299
4815
1715
6293
6316
6321
2052
2595
5662
1038
5245
1968
1145
5016
1802
5011
6375
2417
4908
2988
5861
2986
2415
6512
2412
6019
2891
6382
1077
1538
2401
5720
1529
973
6453
1084
6513
2224
2866
1757
5835
4862
1621
5593
2127
5733
1792
3024
1313
6247
1794
6353
1415
6437
2859
6006
1498
2232
5846
2766
6009
6231
2103
5122
1853
4671
3994
254
3579
3574
4321
3996
3300
6762
720
3445
4322
4736
4086
3450
3452
6768
4323
3680
4443
4226
3188
571
3259
4381
190
3123
6879
4674
651
4645
4308
3349
3822
7098
4407
4011
381
243
3279
112
377
4557
435
3629
438
3981
4385
4613
3186
4170
7056
158
3169
4486
4219
3146
4483
4047
4223
4346
4518
7157
3124
4477
4480
4507
4061
4783
6731
1149
2694
6847
2820
5023
7091
4235
6702
1021
3897
3528
5213
431
6001
1032
5678
6733
1028
5967
1281
1539
4676
2492
6330
80
4673
1622
5688
5687
2901
5003
5006
5529
983
6861
5302
2665
1173
991
92
5141
2865
6440
423
4617
6816
6255
2661
4234
6418
1642
6821
2634
1662
2728
5107
1089
1125
1219
3456
6793
6374
3449
147
5059
3869
538
6789
6307
1608
5944
5097
2627
5424
7067
4224
2139
1222
3862
5577
1112
4419
5999
2600
7030
5613
2169
573
4511
6757
5665
2804
5156
6840
1237
1234
4513
2606
6317
490
4168
4221
560
6313
4231
155
6380
594
4984
6360
1370
4847
727
33
5850
3669
2241
715
1374
875
1939
3233
2403
5730
2212
5741
253
1774
3658
888
4869
1953
7136
6906
2235
1955
