1913
1863
1342
5618
1869
3394
1000
5806
6865
628
3393
1984
1989
6494
3002
3395
1193
1465
1464
3505
5250
5992
6784
6863
6491
3603
5621
1462
4743
7054
3600
3006
5256
1461
3404
3392
2780
4464
4123
1468
4121
1463
3397
1982
3400
6533
5255
1860
1862
622
635
3399
5392
1914
623
625
631
6862
3004
3827
1469
3398
7006
3005
1190
5411
5248
621
1199
3405
1861
5796
1195
3396
1596
1917
5798
2503
7021
5623
5065
4468
2781
1595
5257
1177
3403
664
1466
3402
7162
3824
3317
3098
3391
5131
4080
378
5293
5807
790
7146
5804
1467
5561
4126
1912
7027
7158
4612
4769
630
3406
2198
5765
3823
4132
3818
2981
944
2399
626
7150
2797
2391
770
2396
1981
1985
5620
5478
2445
4915
1910
1400
3620
3009
3828
2206
1594
2502
3507
5696
6477
6499
606
6802
4088
946
943
5068
794
2500
6401
1867
7051
638
3371
4003
629
620
4462
2372
8
6532
1219
1196
4469
5496
3407
5805
2683
1593
2905
3409
2571
1552
2066
4744
4764
4610
7155
3503
7149
2983
1865
5062
5160
6864
5292
5335
1597
5946
3517
3454
1351
3259
5627
1916
204
2914
3842
2943
2405
2519
3829
2573
4466
3937
2888
2676
2601
2274
2675
4320
2909
3458
4172
1421
806
6236
1827
2504
920
4082
2622
1386
4122
5495
4236
5253
3519
4127
2672
1609
2600
3606
3849
3420
6842
5415
1184
2678
33
3641
2653
3408
2963
3977
2201
4015
1918
4467
2222
4383
2917
1599
129
3973
2209
4788
5489
6546
3778
1592
1460
5390
3254
5786
3453
4137
2259
3166
3566
3553
4179
4438
2961
305
6278
390
742
740
1826
1403
6162
5067
5832
6160
1420
6478
2819
6577
4004
372
4146
1425
2226
1103
3657
6417
144
539
2906
5596
2665
6535
7055
3967
86
6285
6190
2789
909
5997
3366
5941
3962
5898
104
2695
2783
3971
359
5790
1161
3970
4128
2223
6682
6869
5397
4763
6983
1590
2596
3137
1987
3664
4435
1946
1559
5249
3089
2915
5551
3691
1821
175
7111
1886
4356
2996
2330
1553
3608
3255
4547
328
5525
1402
2173
2609
4619
2150
3249
3551
1864
3820
6580
4177
4799
2227
596
579
2984
4540
2392
2911
2785
6471
6392
1915
6514
4405
2290
2794
6270
1924
1926
2063
4787
4696
4461
6422
4171
6243
2679
1187
5480
1191
2616
3279
1211
1548
1213
2666
1447
4142
3504
1422
4170
5563
4173
3158
3322
4210
3030
1828
6212
6165
2505
1792
2774
4120
6043
6011
5237
3093
1671
2526
3661
5251
2540
791
5506
0
160
151
370
7145
7028
7161
6859
88
7053
174
1600
253
1591
5414
290
4649
1162
3590
5792
291
5391
3949
3181
6421
7168
609
1016
6407
4785
5233
3283
266
6035
376
4162
2061
941
6061
4010
5300
2085
5334
1619
3557
4005
1606
4672
6161
2202
1265
6210
1266
6292
6291
2364
3031
3021
1263
5555
3013
5556
5557
2440
3787
5576
179
177
759
1261
2336
2501
1986
2548
2546
2545
668
5473
6968
679
5488
6818
1457
2925
2509
1435
170
3083
6992
5671
6198
349
2662
608
1855
1953
5184
122
3390
5084
1705
1820
7156
1943
3459
1026
4956
3346
3386
3460
2696
1884
450
1824
5199
6871
5164
5884
4099
3360
5781
2893
7118
3583
1911
1558
6100
1526
5727
134
3609
3699
6724
1542
7059
745
2178
4294
6415
5775
4392
5115
262
4293
3602
5064
4206
987
2585
2200
4286
3846
85
3087
3840
6204
1260
1411
4439
1858
6316
1857
4076
1254
3076
5968
3415
1800
3852
1262
4403
5960
3131
1489
2948
5720
3421
5664
3350
5697
2682
6822
3653
4505
855
2687
2528
1484
830
4007
959
1111
6553
5840
6693
3239
6264
5313
799
4783
435
5609
5998
6946
6512
216
1022
6809
2979
6544
2395
4348
5570
4161
6495
4033
4014
4347
7129
4092
4035
942
3462
958
6476
2031
3455
7160
2009
4381
1921
5169
3199
3972
1691
3483
7057
6805
264
4391
3573
6579
292
1923
4687
4665
3450
1970
589
7143
1945
5181
924
4866
4671
1079
975
796
5800
2611
1925
4786
2027
2942
801
2946
6209
2947
5608
3810
4114
78
2717
795
6233
2477
2474
6804
798
5963
2966
4031
836
2604
155
6783
6754
105
5801
2617
1075
921
108
2663
929
5826
6096
6068
2784
2627
5849
2629
379
5857
949
950
111
2807
2801
6014
2799
2621
2499
2602
2669
4075
2699
2506
850
852
3856
6799
2694
857
1221
2537
6171
5722
4181
993
4043
5726
2552
6151
983
2575
6125
5760
2590
3929
1063
118
2670
4048
4374
1394
1330
1703
1706
5424
5426
3148
5192
3463
3457
1503
3456
3617
5470
1495
4902
1747
2258
5483
2262
5487
2086
434
3651
4916
5499
2310
7114
3090
1533
1438
3501
6866
3236
2067
1646
4683
1602
3253
597
599
6858
2050
6479
2123
6430
3200
559
4646
5385
6424
4741
4615
5395
2170
2171
1556
1662
1551
4746
3275
4450
6826
4445
3689
4402
4401
466
482
1379
3037
2370
746
3370
3377
4965
4404
3035
5547
455
2375
2377
4389
3010
5558
2380
7093
5027
5021
2393
3740
3688
5531
2081
321
5079
5521
3084
1875
2332
1877
472
6300
1393
4094
5511
712
4431
6588
5066
1899
1106
4740
256
1889
2715
138
5061
5278
5279
2062
1055
4140
1885
5846
5295
4983
1053
5135
5879
7036
1724
1795
1721
1859
4129
6890
4827
1929
222
1856
2660
5235
4781
4144
4145
4156
4771
4767
238
6936
5935
259
2668
5399
5329
2338
5518
2337
1251
168
5674
1436
1404
5691
2513
4276
2293
4493
2277
6824
2529
2314
1399
1398
4407
5574
7002
4342
1350
4341
2390
173
5552
5550
2448
5629
5632
2373
5660
4288
1267
1392
1480
4701
2541
1492
5412
1544
4379
5398
1576
5381
4178
2186
5795
1598
