5477
226
225
5841
220
6542
6549
5915
6540
3238
3785
2964
3613
227
3333
2324
2547
2321
5845
112
2913
2328
247
2329
2326
1057
6845
5948
245
751
2451
3104
5617
3054
4590
2322
6450
2457
5870
3781
1554
1116
5511
6030
4780
5517
3237
602
3124
3025
3789
241
3266
3612
4595
6037
6409
5313
2846
6543
2917
3787
3628
2073
5462
223
1553
1530
1653
5519
147
240
3088
2002
6832
3216
6547
1766
3788
4374
1587
5203
4072
2919
2916
4594
2915
2912
2636
5838
838
2841
2817
242
4167
1056
2323
5914
1348
1887
2811
6093
2911
3429
3524
3474
663
149
7073
3784
5353
7056
6563
3234
6278
6280
3239
832
4244
837
259
3024
3513
4241
6545
930
177
4220
3528
3601
5944
5583
1534
2605
6505
839
6807
3930
4378
6856
1054
1282
2367
5913
5213
3276
1031
603
6166
3382
5397
653
5907
1058
6559
2319
5512
6478
5464
1558
4754
948
5548
868
1046
1426
221
6728
6698
269
4039
1124
174
6308
1968
2453
2485
3553
4951
1677
2327
1882
6838
2845
2844
5214
1923
3274
1659
1880
703
2668
5217
5582
5073
2770
2414
6806
665
1761
2616
6879
608
6180
2316
2315
3062
3958
3943
3085
817
6176
2452
5216
4245
7166
4247
6014
2802
4207
6039
5205
6168
268
4083
5893
1032
2454
260
6207
2424
4041
5910
1192
7026
782
1541
4246
6418
6782
5516
202
6789
4354
1508
4370
6798
3744
756
5523
146
4818
5585
3615
4749
2075
5318
308
1329
1804
175
5286
2007
3317
1977
5656
3616
3423
3281
1676
6817
430
6867
501
5301
780
5312
584
666
661
654
6767
617
566
443
4344
5022
4242
1800
5633
1894
5712
6304
2023
3261
5720
2164
2184
5773
3127
2226
2314
3048
2338
6163
2442
2954
5899
5912
2857
2853
2848
2813
6033
5942
1769
3514
1746
3518
858
1037
1038
1051
1082
1086
1226
3840
5510
5514
1397
1411
1415
6751
1425
1480
3700
3681
4639
6470
1584
1589
5581
3575
5589
1672
5594
3526
1443
4656
6557
5074
324
4964
4786
229
222
7090
4936
4771
5009
5122
141
5125
4907
4767
5127
4904
757
5597
1546
3559
3564
1557
179
3637
5587
562
6876
143
170
3576
3618
5057
4508
6309
2000
118
6323
2568
6324
1942
5678
1904
1884
1879
6345
3418
3424
6361
6368
7067
1785
5616
7065
576
1732
1531
6503
6861
1141
1139
2639
4019
1034
5123
1006
5110
4094
5389
6696
6699
730
2665
833
819
7019
7015
776
3936
3932
2801
1216
1507
590
3691
6302
6509
1458
1431
2807
1406
1510
5020
3786
2617
3821
6036
1281
3848
3851
5482
6601
213
6300
5300
2043
4997
73
3256
7076
2973
3277
6289
3230
4578
2045
2969
5824
2470
2955
5802
2037
3021
2112
2218
5780
449
3113
2215
1326
6843
4377
650
1323
2771
3842
3857
4952
1286
1283
5828
4391
1427
204
6960
4458
1538
5147
6216
4725
2256
4930
3082
2809
1476
6513
601
2294
4631
4931
2300
3056
3759
3876
4414
3767
325
656
5463
6165
6070
46
965
2455
4133
5161
927
5372
5289
4093
5350
862
6019
5024
5904
5294
6790
4265
2897
6785
737
995
2445
5398
6031
2876
5468
667
373
1135
243
5446
2879
4002
4007
5280
1088
5422
4775
4047
262
6812
4080
7119
6808
657
1560
2889
2204
4918
5614
3610
3596
3503
1754
2131
3194
4480
3136
5000
4720
3577
1733
4483
3258
5695
3262
4509
3270
2186
3619
1737
6400
1592
3464
4890
5652
3525
1899
2581
2066
3273
6305
3550
504
3629
3555
3219
441
2224
1992
1905
3306
2851
1669
3407
1039
1562
4043
3463
5450
6632
1824
2641
6642
3244
4010
3427
5013
3426
5107
1852
3420
6351
4772
3260
120
6338
3310
4225
6744
5905
2001
4263
2670
4986
2041
3295
2671
6781
6090
5117
2561
108
764
5362
5028
6313
4184
1890
1004
6337
993
5655
2574
1138
6679
4117
1948
6129
6697
2046
6125
7
6315
3316
6730
6156
3909
2634
7096
3692
7055
5586
2606
6515
5521
3690
3059
1417
5090
6237
157
3761
1654
3771
1418
6558
2603
6205
3636
1569
6482
1580
3641
2248
3105
3089
6218
5003
3119
172
1525
5004
1585
171
3644
4934
2320
1355
5484
6599
5735
1225
3493
3217
2387
6595
6609
3927
5849
1185
6613
2398
1178
3473
3479
5930
3207
1263
1673
5101
5038
224
6565
1690
1325
6421
2865
1707
2330
2333
6038
3040
5741
6034
4959
2991
105
5520
5230
5129
6831
5209
4642
6959
6907
5232
6793
5285
6837
340
5970
6844
5291
6848
4446
6935
4588
5199
4587
4425
4648
502
4575
6980
4352
4657
4676
4678
4353
694
6815
6811
6826
4659
6017
313
6487
4457
1524
1536
7063
140
1511
3680
5607
4843
5540
5956
3693
3695
1517
3672
1738
1563
3566
1663
4489
2591
1693
6007
4497
550
6403
158
1621
190
166
5219
1734
1598
555
4507
6471
6472
5962
572
4481
7050
2808
1224
4790
1205
2630
2632
3931
1171
4783
4372
3946
5480
3955
5455
2798
692
693
1084
2796
4035
4040
1043
4049
3956
3881
6597
7002
2891
605
4836
5518
1399
2805
4418
4415
6395
6544
6851
5252
4802
1350
5099
2619
3839
7046
6583
1288
1272
3866
3868
5524
6393
3466
1759
385
4640
2311
2301
4630
3087
4623
3094
6212
2261
6215
3047
5783
3116
2203
6231
6232
3140
3146
6063
3149
4598
3166
2166
5174
4593
3046
31
2892
2893
6099
2914
2723
2918
5025
2938
2450
5873
4655
6169
2429
370
2990
2412
6160
2995
3003
2383
2382
6067
6162
5033
5856
3208
2133
6270
4530
1888
5208
3416
496
3421
3422
3425
2578
3452
3453
1898
3454
6372
506
1008
1806
3468
1801
511
1795
1793
6382
1780
3455
487
1901
4709
4914
2084
6931
4585
103
5136
3268
3272
4572
4908
