5043
5986
3340
1514
2939
5047
6852
4815
5362
2488
4488
4098
7068
5037
1675
2045
1044
4706
2
661
38
4558
1818
4556
1043
4316
3780
3
3125
106
6618
4470
6611
2267
185
5032
6658
6898
6652
5
4428
2935
937
2344
6746
5042
2346
7094
6657
2863
4484
4205
5803
4429
5179
6613
5129
6697
5044
3001
3007
4810
4867
3196
4402
188
878
2561
4315
6925
6601
6882
2481
1510
6590
4207
5967
3710
338
182
3139
3724
6981
3722
4817
1784
1832
3308
350
5699
4813
3132
2203
5035
4426
151
4472
1046
871
4355
6022
1769
3482
2480
6235
5983
6593
6614
2484
6619
568
1640
4739
5295
2818
6973
6974
6975
2788
6976
6622
888
905
1907
176
5005
5013
6394
4533
4307
6653
6602
5922
2658
3945
6591
6638
4227
6639
569
3992
2483
4012
6884
6894
1034
4559
6655
6201
5041
2041
1635
3569
5460
2047
3647
1983
5049
5949
356
5170
4317
3303
693
6851
1906
4507
6659
3124
4335
4500
1672
5580
5083
4557
5058
334
4411
1520
6644
1529
355
5368
6229
2381
1204
5703
6594
4481
3472
3706
6979
5466
4863
395
1748
2853
2176
7060
2414
2856
5039
4314
4811
2017
5126
7000
3131
3991
4814
2417
5386
2491
3728
5686
184
2049
5127
404
2708
645
876
1319
5842
4509
1031
4169
2413
4700
3713
2418
330
6631
1237
6633
2409
4421
6621
5626
607
6878
3256
1032
6479
3709
4333
4090
884
2347
881
879
5045
4795
100
6310
478
2865
1355
4536
1343
6381
6663
2046
5902
5196
6645
352
1049
5706
383
2560
3704
6654
3703
562
4503
6850
1500
3470
5291
6202
2919
2947
1930
5224
1736
3312
4555
2860
4616
1523
6977
5102
187
3850
4231
6600
4664
4229
1682
4550
1505
6610
5984
1540
183
5144
3473
1502
6656
9
5145
4306
1685
6820
4208
77
903
965
1275
3474
3150
6169
4116
5161
6332
2341
2587
405
3477
2564
4754
399
4474
5321
1316
2800
5820
1422
1628
4331
386
873
5147
5965
3726
7022
6755
4297
5823
101
6630
6629
3896
3302
6628
2308
3300
4663
1681
3290
6886
6624
5103
4313
5292
4922
1511
7102
4929
150
274
3858
5788
1501
3595
6931
5822
5669
6092
6987
5120
6415
1521
6290
2042
1047
6640
2018
2439
234
2855
1528
5947
5036
5098
4019
4566
6538
6529
854
6539
6744
2315
2309
4352
2575
1142
5989
1158
4240
4255
3480
2651
754
2495
5404
4615
4715
5141
6599
5403
6637
6634
4310
6605
5943
2814
6606
2437
4311
6627
2953
5925
6620
627
7104
2430
6607
1641
2934
5858
2348
2349
5829
532
2908
5982
5981
5980
1810
6650
5848
1127
700
782
4327
5853
2921
5282
80
5194
554
5388
1904
1041
3304
3305
6849
375
4506
4400
382
6939
2688
6301
235
5317
4388
1833
3165
5109
6150
4994
880
1518
6161
3716
4876
4812
310
3711
5648
3242
3894
5220
1035
5285
4476
2705
1048
6909
1450
3930
2699
3932
3941
3854
7032
4932
4447
3900
4825
4818
4826
2087
4999
3342
1837
4532
3701
5530
3134
3988
5747
4828
7003
1838
420
6914
1030
1512
2698
6989
1506
1598
2089
6206
4666
2702
6261
2668
2879
2071
5508
1143
4585
4589
4424
2411
4907
1962
1037
5048
624
3715
1155
5375
2859
1498
4595
3863
2419
6263
2891
3729
2930
4479
5276
5571
4978
209
692
4304
1839
5562
783
5365
1836
6048
189
4301
4449
3720
697
5540
6388
2933
709
6197
3822
3344
4661
5526
659
1522
3343
6603
2643
6414
5463
4613
6416
4432
3801
960
180
2857
6419
6776
6879
6118
5743
2343
1954
515
3070
2569
4059
412
4842
4343
5827
5122
6692
403
5724
5349
392
6665
4865
5162
544
1813
2339
6737
4775
6778
6769
2580
3126
3127
3118
3592
3128
7064
6311
480
3989
5809
4819
3995
1384
3997
4537
4346
7075
1817
1391
425
387
4737
398
912
7056
3947
2809
6855
4164
2229
4878
5022
1806
1742
5281
6298
5701
4890
344
5681
6350
20
6875
5121
4892
6636
6098
6635
6872
1809
5305
601
5164
2817
4425
5309
872
6386
824
1134
3588
4353
4567
4369
2646
5377
930
1099
4459
5158
6207
6
2858
2816
4502
5080
3502
2013
2667
874
962
2820
1688
1725
6168
2681
6407
4319
1023
3549
1058
4328
2686
29
1021
6077
954
2850
5089
4305
2586
6187
4552
6330
5078
2812
6178
2791
5316
1796
877
6294
2696
963
2758
1028
7136
5020
2331
5134
1435
3307
3993
6749
491
6933
4881
3088
1815
4041
3074
239
1814
5439
2171
3638
2170
560
2368
2212
5694
3027
4938
5791
2362
7089
1811
6943
6887
5834
6905
3705
371
5040
6786
3844
1508
3163
4860
394
1418
2257
1421
2238
276
1429
1430
2235
6911
1424
82
6834
3154
7029
3129
2291
6807
5124
284
3294
4829
424
757
2172
6832
3835
5123
426
4872
3014
5467
2931
5469
186
6877
179
178
5006
698
293
5961
313
3475
5985
4902
5238
1674
5516
5644
5149
4591
2874
4274
6521
5948
4605
4248
4247
3260
7040
6537
7007
6005
7034
2231
6595
6969
5564
214
337
5909
6632
6623
3224
4704
5907
5688
4713
6965
2140
4168
3458
6971
203
6874
2440
5034
2936
5056
5546
5687
6604
2436
332
333
1215
6609
4669
4996
5630
5150
1517
4465
2080
5016
5518
5364
1588
2065
5468
4998
4995
1516
4475
4967
2134
5579
5599
5601
2160
5111
5615
6162
1024
4477
1738
5751
4903
4680
5915
5046
5924
2012
1101
2421
4553
4554
1210
5054
1668
1671
2448
2542
2016
6053
5954
4654
5146
2533
2460
4636
6045
1136
1677
1678
2486
4579
5104
5634
4705
2558
5115
4894
5689
4883
4504
5067
1427
2589
5734
5740
1698
2265
2273
2302
5789
2579
2054
4793
5816
1313
1755
6111
1084
1087
1088
5846
4736
