2515
3018
3017
3012
4394
6198
968
5050
1491
2897
2239
6770
1495
962
6776
748
4799
3859
2032
5681
4564
6777
2295
3854
5735
3014
7100
6190
4566
4030
965
5975
2656
3875
333
6779
6772
4561
3685
2238
5329
4560
3858
903
1829
3695
5276
4663
5486
740
3997
3682
4399
3963
239
978
6834
963
1729
3010
971
964
2973
3687
1760
3851
4898
6058
2713
1158
1983
4638
7104
4957
2640
969
3016
438
2655
2977
4396
5734
126
6423
900
967
3607
2476
2578
4623
6054
5308
1321
5271
6092
4038
2031
3593
301
1638
1632
4635
2470
2437
2292
1190
5326
4565
5265
6510
949
2309
5742
5739
6519
1490
319
5262
6771
1493
974
4390
394
6842
3853
6846
758
745
4528
6705
1194
2145
2715
3696
5704
4636
5844
121
5120
4790
6384
5740
4037
5708
2882
1722
1721
3011
1928
5266
1261
2659
600
2963
6337
1796
817
2299
2649
2025
819
2572
106
3850
747
755
5316
6272
2613
2095
3676
7108
1820
3690
533
4389
2514
3697
5732
7095
2712
3684
979
1545
3726
2468
401
2657
5611
3698
294
1203
5737
3966
2960
5840
5398
133
4346
1910
5320
2979
742
6382
5073
7105
783
6111
6333
4157
3874
5035
4138
1363
2859
312
6098
1315
6847
2789
1927
3927
5586
6844
1263
3908
759
5129
6196
753
4032
2928
7091
5314
1067
4735
2092
330
7162
1031
1269
5107
310
966
2717
818
6433
884
3691
902
6424
3688
4949
3260
4943
3019
5749
1197
2681
4368
5097
3855
3015
2236
3677
5738
5041
1693
2094
5700
1822
6113
5746
4518
908
1697
6021
5748
2020
2467
906
2451
5702
3693
960
6321
1765
6277
3679
404
6388
1919
3594
3681
772
6420
1951
3994
6646
6422
2127
5707
961
1826
496
743
3539
4040
2097
3611
5283
1376
2899
2933
6988
1630
1155
72
2961
5121
2756
5614
1202
1087
6774
156
2576
129
1191
4788
1224
7119
7109
2948
4804
2654
1492
2966
6868
2260
1824
2719
2710
491
2969
5055
1268
5792
5376
3683
5031
1277
756
3766
4026
6199
2650
1955
2644
2958
2356
1199
206
1200
3098
2297
6207
5990
1201
3692
7068
3992
4036
2962
159
4563
4151
2067
6370
6662
857
3501
5951
814
1231
4393
1252
2517
1314
5693
2512
6974
2511
6091
6339
1688
2030
5272
1240
3000
308
563
3342
2024
352
1089
573
6386
2906
3845
5109
1225
4632
4398
5725
617
1255
2259
6353
6197
2970
4556
309
3995
5433
2785
1915
816
5882
1936
5952
3969
4395
2750
158
487
3911
1226
1902
2754
6473
846
2269
6960
4392
5422
1828
2213
5958
876
2647
6051
4882
2103
6019
5697
2463
4852
7098
6020
2461
390
6110
389
4781
6864
4600
5594
4086
3540
4783
5727
4786
6778
6128
4794
976
4173
2417
4787
5719
1279
2614
5301
3364
2039
1699
7057
3411
198
3757
1494
5099
5157
5731
6571
4660
5686
1701
752
3694
2027
2513
1351
4185
1517
5331
2469
1504
2108
1046
1143
3680
2043
6977
7153
6112
6983
2898
2026
4094
4231
4150
1973
7049
2816
4250
5342
2812
6015
5158
7066
7080
1393
2925
775
7092
2850
7093
653
5980
5195
2093
3945
4327
6234
3930
5199
1259
6131
730
6268
800
5362
3935
1692
4357
5038
1619
3110
6509
6910
2303
6493
3601
4603
4795
4605
375
6924
2703
6633
3330
230
3121
3590
2672
6975
2624
1147
4950
3211
6588
6884
4857
212
4975
6611
2642
1497
2651
3671
2652
187
2667
5438
6454
4902
4699
6373
6380
5080
1039
6968
1049
6645
2758
1034
4706
136
6354
1462
4416
120
6940
6087
313
353
1206
5803
3347
2718
3519
2751
1081
5056
2737
1074
2223
6425
704
6083
4850
5193
5552
1038
5305
4814
1043
4668
5197
4806
4803
4637
5699
1637
732
5714
5713
706
982
1181
4971
1923
1920
5408
5809
4330
1256
1916
1914
1913
1205
5842
5394
5392
5855
1901
5085
1251
4377
5381
5104
1911
1542
4474
4481
5160
5002
5728
5153
5464
4195
932
4562
5046
4477
5995
5782
4275
5784
5786
4285
901
5787
4497
4484
1195
1008
4067
2293
3127
3126
6649
3117
3546
3968
3991
3095
6926
2714
613
6934
510
625
4007
2414
2744
2261
128
373
2126
3964
3961
3947
190
3344
6750
6739
543
3308
541
3299
2227
3268
3264
6612
3464
318
216
334
3925
336
209
3837
3171
339
6891
3263
2386
2730
6427
7064
3768
2830
636
6513
6117
2930
3802
2300
2909
2851
7146
4080
2065
480
2894
2893
464
7151
2889
6478
2044
2042
6123
6436
3340
3674
2268
7038
2096
2968
2782
77
6993
405
2107
1725
3458
306
5665
4532
293
5645
5670
3675
1654
1646
1065
1799
2561
3599
4714
2368
4569
5676
943
1766
3764
3564
6653
5741
5705
945
6537
983
5716
4619
3745
3341
5750
2464
5688
2478
4609
6648
4620
2454
335
3329
2783
5106
96
5374
2781
5377
6972
2881
6965
123
1450
2743
135
1453
5063
1248
1466
6994
6997
2875
1338
5298
1342
1346
2858
1304
5166
5322
1292
2826
5144
2814
7048
5358
2971
4785
147
6918
4886
4873
4868
4854
5566
4828
5584
6848
3309
6840
4800
3318
6832
6831
3321
1129
1207
6870
4941
1196
5047
6913
3119
3137
2662
5460
5467
5005
1505
4976
214
3175
3178
470
1141
224
2880
904
6218
4280
6205
619
4406
2128
629
4417
5847
4447
4031
639
2262
6186
6185
6157
1825
6429
750
2266
597
5850
4380
4362
6335
6331
6330
5891
6355
905
3943
4337
6276
845
5966
2231
5972
2235
3929
3941
4336
733
4254
4090
6124
4503
6129
2291
4068
3824
2061
717
1988
2045
6881
3914
4948
2186
4960
1144
6875
1520
5965
1318
1267
7147
789
5463
2857
5466
6261
5251
211
5471
6263
2021
208
4078
1917
6275
204
