1165
1168
1169
1161
1164
1166
1160
498
1163
4033
5640
4445
3702
1162
1559
485
830
1265
1568
6095
1603
2033
3002
486
592
4619
5397
4043
1466
6818
2035
6802
3842
2803
5369
679
2801
590
2802
2906
90
1354
604
3787
2979
103
4634
5807
2484
2034
3524
7146
2755
2805
1564
7129
4006
3604
637
814
4957
843
5018
635
1231
2975
6729
3034
1918
2806
3820
6125
6770
3458
6090
715
729
3821
7017
6564
1058
6387
1878
4005
4003
1541
623
2084
561
6960
2853
3464
5660
661
5714
1506
2866
813
4042
812
2442
1604
6494
4047
497
3462
631
5719
2502
6801
5697
5757
6367
4001
1347
2340
6597
3888
1191
3767
5390
4650
948
2648
4332
4122
5204
536
5970
1342
6720
2783
6586
4649
1199
4083
1958
1531
1230
1534
2617
1190
5387
3078
1552
5850
434
2181
1618
3683
2086
4762
4225
1946
4498
1015
4209
483
3606
2908
2969
481
5391
6804
3867
2563
1000
6967
7084
602
495
2229
5809
5691
5649
1885
7020
2404
3699
4761
4773
5104
4768
3864
5696
3680
5360
3868
2122
6336
1767
3987
4035
2911
815
1119
4039
4718
3306
6683
6444
6499
2031
2674
6805
6809
6808
2983
1359
4293
3989
3400
4331
670
1550
4344
3454
6471
3122
4358
160
2429
1989
1220
634
663
2873
3503
1147
4633
2037
5373
2495
5511
5610
1110
6588
326
3697
306
2781
1112
3769
2768
5535
6574
4841
5376
2507
1948
609
4830
3413
3420
750
4189
1500
3451
3457
1507
4398
3463
3467
5069
678
1567
5572
597
1549
2907
5810
6196
5023
1019
1017
3242
1373
3528
972
5483
459
463
4128
2956
3294
4615
2085
2087
6868
838
5027
3246
2644
5300
3823
5638
3847
5880
6517
2718
5322
5249
2678
4048
5259
6230
2258
6239
5884
4019
6552
1763
3927
3988
6361
3843
1768
144
2857
2854
3558
3681
6206
5883
4630
6764
2012
5841
1583
1949
4142
1036
64
1612
6098
2808
2997
2021
1086
2185
3162
4496
5539
3192
5580
503
3610
1615
1351
433
1563
2909
3240
2584
156
2080
3322
2326
725
6864
3337
2126
5570
2897
752
2458
6169
3369
821
134
2451
786
805
1446
3881
163
5481
1558
4572
2328
99
6395
4249
6231
656
1400
692
6400
2964
4391
1759
6049
4046
4692
1910
5861
1521
3484
2283
3384
1984
4906
5303
4002
4543
325
5937
3811
4085
5386
2782
2771
3829
5840
385
2616
4086
2226
6563
2657
3024
2824
6462
1222
682
6265
2222
6566
3480
2603
674
3281
3760
5327
4620
6194
2320
1616
3460
4616
5338
3709
1611
7006
2634
1304
6521
3860
6181
6565
1676
5117
6609
3037
3277
6456
3536
349
6575
2973
599
632
3818
2263
986
4969
6670
1788
5545
5792
16
6425
17
2356
1193
271
6669
3276
3334
1012
7024
1740
4648
563
6539
18
1198
5484
946
3501
647
6807
6932
1569
3098
3949
5287
2424
3163
2804
1451
1117
5805
3160
2902
1670
1838
455
2996
3845
2925
2993
3055
123
833
6269
5201
3368
4643
4642
2659
407
1142
4547
6108
6761
2305
6369
811
6107
4114
4041
6405
3000
3424
1944
4374
1340
4646
4749
6493
482
4282
490
6354
5507
5166
4495
6249
5514
1761
3461
101
5025
5663
2089
1434
5441
636
2434
970
5629
958
3518
1463
2438
1916
5618
2945
3393
3778
2227
5029
4342
3389
3453
5778
4510
2135
3259
900
2762
1419
673
124
6403
5872
837
3419
2120
6649
691
1224
2948
4612
6024
3466
1420
6651
139
2463
5022
1941
832
4008
659
4979
2065
1911
5832
1536
4852
2566
1403
5429
724
3994
3527
4283
1181
2990
2721
487
488
4281
6603
6342
5169
505
1349
4284
4268
509
6957
3611
1671
4137
1350
1051
528
6320
6222
211
20
1057
2186
4004
2019
5503
3832
3693
4024
3145
5145
6217
2311
3838
1880
2200
5231
3827
3696
6273
4414
5632
6362
1637
3698
453
1172
1630
461
5960
4639
6093
1467
2831
22
2830
4690
1898
1560
6810
7088
2982
3717
2638
2493
1894
6162
2679
2863
2491
1297
4971
3248
2767
1945
2160
4953
4954
612
6806
5796
5635
4156
2921
3986
102
4312
6781
2561
5694
6661
6682
7162
2672
6663
6430
6102
3074
5753
3249
132
4641
4338
6124
3005
1295
1943
1961
2100
1461
1386
964
820
6129
2560
962
4250
1456
1292
1120
1242
4658
4487
5333
6119
6028
1056
86
1352
10
6442
5765
907
1010
3295
909
3088
5585
1302
7132
3220
1356
11
1032
1357
1044
7
3311
6276
4221
5553
2637
4657
2088
941
6058
6479
6474
2276
1290
6681
3090
1236
5324
5613
2501
4614
1808
4271
3317
1004
2966
1091
3346
7041
1680
4570
2880
4763
4045
3900
611
467
3824
2807
469
155
2266
5655
379
6227
608
3628
6226
7110
475
477
5396
3710
3711
4131
3851
5990
3880
3538
726
1553
727
4727
3889
4117
177
1539
3505
6965
2733
2612
4575
6599
3844
2622
5225
2139
5874
3688
5955
1532
6233
3675
5602
6985
5993
1632
167
539
4125
629
164
2250
621
2262
3718
646
507
4765
2235
2113
320
2168
3414
1886
5248
218
2214
3869
3761
2814
3861
5198
6014
2447
3786
3862
6017
7049
3399
3398
5442
5407
2223
2123
6573
2158
5411
4132
4798
6606
2355
227
3853
1619
2751
5973
5265
5112
2353
6641
2912
5444
1705
327
3600
3985
4926
2381
6800
1047
1738
5855
5731
5398
523
3980
3979
3190
2503
1087
225
6325
4276
3857
4134
1348
1859
506
2191
4126
1060
4288
6512
6776
5501
2395
3166
6020
1144
5394
3039
324
2337
2528
2763
7056
4698
3095
6146
1865
2554
5924
4087
4089
6572
6577
1832
356
15
3087
4009
1970
1260
5313
5699
3776
6464
2619
3073
4345
3077
4067
2618
3079
4064
7161
2341
1982
