5489
5488
4099
1115
216
210
6589
4140
1408
7058
6720
1401
5483
4149
1400
2940
4092
4148
4147
4144
2948
4137
4610
1403
4143
4135
6577
1407
5890
4003
4005
1666
1409
1315
4145
1447
1405
3462
1404
6721
6584
4131
4006
1114
2942
5482
1445
5480
2227
4093
1318
6587
3456
4139
502
2388
3823
6588
7161
1663
3080
4146
6724
2222
1918
3049
6623
1444
1117
1406
358
1110
4658
6865
4130
4091
3553
3492
4097
6579
6458
4136
3829
2941
2990
6582
104
4697
1482
1402
4132
486
3824
1227
6725
2239
189
6376
4141
3131
3454
4593
4677
3169
4096
1449
6543
630
85
4023
4393
1113
21
3023
1441
632
3967
2333
2571
3505
972
4693
2155
3002
3962
2477
507
741
2258
596
2038
1664
6946
6452
2335
617
2259
2080
4634
2195
6936
3109
4134
6571
6583
4920
699
4076
109
1053
22
1111
657
3102
3086
6489
1220
3047
5215
3554
6461
2163
6008
6565
1125
6570
1374
6475
6127
943
921
1974
898
6848
6289
1796
7054
6907
635
1566
236
6120
2292
170
5513
5164
4916
2487
2530
3576
4273
3604
5351
5300
5277
5021
2992
3820
79
5765
164
165
4896
4891
3533
2353
5388
2365
3106
4714
5559
3089
3572
3085
2399
171
88
3639
3573
6617
6546
6572
3828
5219
3495
5189
2298
3961
422
461
4670
4710
505
7160
4551
631
4816
634
4892
5169
25
4230
799
858
4142
924
4080
3482
4004
4002
1087
3994
773
4009
2339
1848
1869
1896
2648
1970
1971
1669
2034
5950
137
1470
6067
2296
5542
3123
424
746
2546
6210
5849
4712
1907
4224
920
408
402
6771
2313
6194
694
2334
5892
5893
2095
2391
2621
4487
379
4605
592
5963
540
520
2367
6014
951
3317
1005
3683
5598
6482
1569
1333
3083
1533
2994
1488
5389
2299
5554
3163
5541
3451
5426
5382
1591
5238
1258
5495
5068
2622
1814
6711
2639
5093
1786
6360
2671
1674
1116
5750
5651
2898
6456
2991
4094
1379
4678
108
73
7072
90
205
27
161
7067
7086
265
2995
1123
6264
3279
2997
3280
3284
2632
1859
2620
1502
1898
1375
5366
2579
296
3228
5301
5290
3226
2566
6742
3577
1506
2691
3778
3350
3411
4914
4505
2873
593
6581
24
1672
5664
6963
6366
3325
460
3452
1228
3455
1659
1793
1795
4483
103
2960
5757
4790
3322
1363
5798
980
3046
6162
3158
5165
897
4182
3938
528
1463
781
2338
855
928
4153
4064
241
31
2314
4414
7147
355
2208
6843
4061
5544
2144
4866
2031
3793
3797
5234
1584
5873
2193
2194
521
3199
5202
74
3081
4087
6069
778
524
2005
163
2473
3192
2165
4665
1331
4895
326
3353
3220
6516
1339
3373
4356
5527
6535
3242
1416
3165
253
1462
553
4357
5055
3167
4398
5496
3377
3420
3392
1026
5260
4220
3791
3792
5228
3825
950
702
5222
940
6770
6899
5203
866
863
5110
853
852
850
824
5090
819
4045
4124
4075
926
4234
3667
5324
4911
4912
6602
6606
6610
6611
3426
6618
3437
6620
5427
1223
105
3459
638
102
6637
3508
1166
1151
1146
3536
3557
4252
1109
4248
6673
3386
1156
6861
5549
218
483
5768
5628
5805
5929
5619
169
4715
2364
7051
5953
1665
2780
1661
482
5920
4616
2586
335
2789
1791
5871
455
2504
2725
5970
5656
2871
1799
407
2880
6189
2551
2555
1988
2962
2567
6276
417
2634
6102
6001
4575
526
7055
240
4728
7166
353
2207
2169
420
6248
6107
3042
2548
4798
5610
4453
3010
2662
4801
5606
2330
2086
2999
2646
2996
7091
975
1913
976
1929
5258
1924
6242
5251
6726
3720
2578
994
2573
2564
7059
3794
7077
2089
65
59
182
2301
4033
2084
4034
6098
6093
789
2225
6065
768
6857
4040
2543
2337
882
2542
160
6753
7057
6758
6197
6195
5968
162
5904
6164
3858
5186
7036
6778
5181
5212
3652
3532
3598
1396
7097
5486
3300
5611
2961
3324
1668
2945
1323
1319
5618
5620
1312
3355
3372
3376
1398
3247
3026
6465
3133
1524
1489
1526
6494
1480
1547
3104
3378
1564
1446
247
1443
3068
1582
3213
3054
1597
3082
2924
5633
3394
1801
5763
2706
3488
1159
1153
2664
6507
6635
5381
1866
287
3574
2595
1910
5360
3593
3594
3558
3632
5421
1224
6413
1691
148
2891
2888
2190
3421
3425
2730
1720
2859
3433
5689
2808
107
3453
1229
222
5661
1484
2510
4286
734
656
654
504
418
6967
4190
4126
4924
370
4572
4211
4744
4913
4793
4890
339
4926
6867
707
4540
428
4238
4219
4223
442
6883
415
399
4542
4970
4489
4226
28
4967
4257
581
4210
5232
5216
3160
6992
100
5906
4599
1532
4609
1177
23
2722
7162
6236
376
1934
6645
1948
2304
4485
5739
5613
6268
3075
3590
2683
3382
4791
1485
3168
2681
2098
235
4240
6904
1282
410
2319
1648
5901
2092
2550
3850
3403
2974
242
6121
280
3427
1222
4619
6506
3457
456
3027
2396
5551
4614
6474
1052
5298
3034
3129
1527
6309
400
3691
3690
4545
3688
6209
4436
2501
4972
5801
6633
1007
1497
1006
1508
81
3799
695
5410
3066
87
3430
2741
5546
3489
6227
2993
6621
4216
4274
6510
106
6626
4221
5257
682
6135
5263
3153
282
1963
3755
323
5166
5323
6274
2812
6844
7006
4048
1714
2874
6962
6842
2159
3559
249
154
2156
5532
5387
4529
1897
4022
527
1373
7070
6868
3561
6869
5729
3304
4893
3195
33
6407
6061
6654
6971
6858
6532
6266
6265
5766
53
6935
2192
7008
4664
1886
4084
3098
6529
3222
2603
5671
4884
5490
6486
6849
5063
5525
4068
2198
3282
5657
6381
1112
6363
5380
2466
5397
2583
6573
5462
7111
3182
4722
590
5452
3943
4897
525
268
5118
4180
2257
1314
