5491
5490
2596
2310
705
709
720
703
4880
7113
1012
6937
54
55
52
409
6905
2592
1939
5221
1763
2768
3107
4881
5530
702
282
1369
283
280
7119
2120
6544
615
528
180
4284
59
5971
708
7002
704
1096
4884
4887
5535
2331
4471
1173
1967
7169
5090
6536
6721
3115
701
3341
3288
2600
1106
3086
3717
4046
6467
1095
707
706
5762
158
1851
5443
6963
1323
287
5472
4888
6934
1565
5436
7033
5226
6948
5279
5568
489
5458
6642
5532
5448
3222
5327
5380
5554
286
3625
3667
5941
5034
5538
5972
4148
4573
5560
4168
113
289
5870
711
2024
58
6919
888
1873
1785
1768
6938
6947
1496
1441
2604
2609
1373
2457
90
1192
3060
7110
1010
1093
2826
3044
50
4992
5794
285
6677
6320
487
1996
4883
1119
20
1022
1604
5447
6949
1164
2164
5498
5522
5534
6981
222
4266
4865
6377
721
3221
2866
5859
3284
6560
2748
2607
3735
3904
3964
6358
543
4008
4100
3235
4208
2216
4194
4161
507
1370
3522
1300
1196
3391
4566
3370
2759
3311
1017
1019
843
5553
3241
1025
1099
5591
2095
5598
5687
2139
2637
3664
5517
4575
2367
1942
4103
4102
5086
2374
5096
1969
5209
2380
2393
1707
5309
542
1566
1999
5444
4165
4861
940
5459
950
4776
4626
5497
4159
546
1064
196
6831
6815
6761
6030
6126
7100
6469
5918
6814
6915
6650
6924
6540
6911
5905
6178
6694
5880
6930
53
6925
6913
7030
6564
4574
5449
5099
2322
6400
524
3268
2072
2762
396
2126
847
2074
1224
6914
3443
1857
4639
3397
4774
6530
6526
3385
3660
645
5229
4769
2562
5264
5383
1400
2578
4113
5306
4761
1367
2601
334
5336
1350
1793
2620
3415
3707
6240
4275
264
1931
2873
1702
1131
4288
5649
5650
1124
4286
4285
4326
391
4283
5784
1966
3509
5796
5807
6853
1941
4001
5841
1945
7152
2862
3080
4343
5066
4501
6110
2034
6489
2408
4166
4477
4039
6259
3152
4342
3144
6052
4244
1916
279
3526
4789
1911
6256
2330
1705
6274
2345
4898
3658
6272
4796
4874
1706
611
2402
1961
3752
4419
3753
4406
467
881
6920
6710
3799
6346
1948
4273
51
4282
4289
1883
574
1878
3666
6541
3704
6410
3711
3712
4607
4588
1850
3721
2219
6279
577
4563
2167
6412
4909
1379
4933
276
5536
6034
3154
4045
3183
6094
3217
17
5507
6125
6133
1199
3232
5457
6752
5452
1222
525
2069
1142
1016
227
714
1089
7164
6722
3074
540
6696
1026
2070
5675
7111
726
2947
6641
5587
2871
5940
5945
1223
2365
4274
3244
2742
1976
6959
3463
3465
2420
1532
6236
6916
4006
1559
5004
1600
3505
619
2375
1556
6219
3398
332
1309
1308
2605
5227
3276
5333
6194
2636
545
2577
664
5266
5236
6189
544
6531
3892
2078
2122
6912
3946
541
3953
3915
2124
4087
3828
6809
6577
3263
3248
667
3238
2752
2763
2764
3344
6751
2809
2821
3159
6750
3133
6608
725
723
6715
3212
3832
643
2503
566
2144
3750
3737
2245
3715
3708
2286
127
2510
3663
612
124
2404
3469
3464
2429
3447
3417
2459
3527
4004
4294
4007
5058
5030
5455
6172
1208
4931
6165
4930
1636
4889
5506
939
406
6122
4858
6097
1761
6095
288
6926
6066
1767
5378
4768
6270
4767
5453
537
1348
1351
336
1366
5307
5294
5405
1368
5268
6987
5242
5451
5223
1377
1378
1392
1398
989
5193
1228
317
189
6182
1520
1375
1195
6275
4671
1935
4674
5647
1949
865
7117
1956
4193
6428
6441
5771
7157
6445
1991
1993
4135
5804
1082
61
1036
523
841
6498
5609
4348
324
1854
1179
5570
4608
1018
6303
5582
5569
4518
1882
4472
4666
1915
270
6057
443
7096
3014
7159
2825
18
1006
2644
2942
1282
1097
2868
2870
2987
1225
2653
2751
1000
2760
7107
2807
1137
1523
2593
1807
6922
2281
2271
2222
898
1864
2168
6921
6903
1932
6910
2128
1937
1946
2123
6917
2105
1974
2088
2079
2075
1994
2001
848
1797
6756
1790
1778
6968
29
1428
1429
2456
1466
956
953
1497
951
1549
1551
34
6939
930
1616
1631
6856
1643
2362
2334
6884
1762
2316
6887
2287
718
230
3736
4063
4060
5141
6475
4018
4010
6508
6522
549
3962
3894
5195
5196
5206
4073
567
3738
5220
5222
5228
6533
5248
3723
592
3701
3654
5341
3591
5359
607
3754
4081
1074
6456
4667
4795
4586
4857
4877
4578
6249
449
6309
4502
4482
4896
4939
4942
4984
6713
175
5107
5101
5093
4154
6439
376
3572
178
6357
5060
176
483
482
481
154
5434
4772
6599
6176
3184
6168
5470
700
3357
6574
5476
3380
3078
3167
6096
6062
3310
658
5908
5551
6584
6622
5770
5966
261
3071
679
6708
3189
3233
6697
5961
3467
5709
6186
5439
3413
5659
3395
5559
3480
6558
5921
5674
6950
5064
7115
1543
1563
5061
1276
1577
5855
1765
4797
4855
5818
1720
1088
6254
5812
5809
6944
1704
6243
1701
5904
6242
1536
1612
1610
4970
4979
5778
7163
5788
1140
5620
5211
6232
4773
6195
5446
5441
5321
6192
1362
5210
1229
7012
5365
5390
1306
7016
1297
5412
1241
1280
5360
1385
5207
5533
1529
5603
1522
6238
6957
5136
7098
1165
7090
1169
1474
5147
5168
1176
6049
1463
1446
6960
1440
5169
6056
5642
3050
1921
4732
6802
6805
3313
6808
6810
3359
3367
2554
2535
3416
5872
3462
3472
3300
3495
2383
2382
3504
2376
3507
3518
6556
3520
2363
2338
3609
6548
3656
3499
3659
2610
2626
3063
3006
6689
6668
6651
2949
6646
3104
6615
6739
3109
2843
3157
2619
2822
6597
3226
3229
2756
6594
6589
6753
3243
2704
2657
3245
3270
6587
3188
3730
3734
6902
6349
4276
4281
1933
4287
4296
1920
1917
4340
4347
4408
6314
