5048
4425
3475
5044
4426
4429
5049
2481
3476
2485
5042
4428
4422
3472
4423
4427
4421
1512
5985
1810
5829
5824
3474
3477
1623
6874
5045
5987
4424
3478
6870
213
4488
4530
136
6951
6807
5040
2483
4476
1516
219
6787
4106
3252
3179
1357
7017
6925
6943
6876
7165
447
6409
5111
5828
1621
5383
5054
1172
3980
4815
4842
445
2825
2820
1048
7168
1627
6234
3473
3460
6999
1215
5180
4812
1624
1629
1625
1287
2480
2175
2792
871
6678
1042
3985
3891
5161
1043
3314
6414
4954
6875
1511
6944
1783
1517
2192
6956
2295
5848
5986
332
5156
3347
3770
3312
6789
833
4107
3897
7049
3286
2804
4052
7007
281
2835
4032
7026
5465
3315
591
6734
1353
1622
1418
1903
1451
1606
1819
1790
1816
6221
1781
1784
2964
3987
5505
5528
3982
2805
4055
6050
2800
4109
1084
1813
660
1697
3243
5029
1359
4985
6961
4980
440
1452
6934
3563
6372
6235
1246
4461
4574
3319
6674
3258
3174
6029
3673
2247
5872
4637
5827
2203
4654
1046
2204
939
5988
1078
3879
51
3310
1676
1695
7141
5921
1736
1355
3919
3181
3176
4713
6124
3945
2267
954
2953
946
3667
1798
4387
4577
3316
1044
4455
4988
1388
6939
6938
11
5981
444
6921
3761
6915
3772
6906
6903
1553
6223
5989
3410
7150
5225
3844
7024
5230
6877
4986
560
2081
4071
5577
2556
2790
6035
4354
838
2807
1089
1979
1986
5834
2802
4615
5836
5665
7094
7105
1931
1563
3833
1106
3340
5607
1256
315
2205
2795
4871
3873
3322
3419
1076
2021
4951
6676
3648
5995
889
3695
421
6321
2491
873
4516
5983
391
1419
15
4501
1279
5070
2615
1522
3524
1968
3775
6238
302
870
52
2444
7120
3193
4585
7016
1834
6452
4589
932
5501
5534
6568
5431
3048
686
2020
3038
1176
3975
2978
2856
5320
3995
2859
7022
3896
5526
4053
3911
5837
5923
937
5842
4002
1787
5013
2040
2447
2596
5535
5982
3588
5976
1804
2925
884
731
1354
6030
2921
935
3641
2374
3587
2939
2936
5032
5500
6858
5969
6922
1216
6770
1631
2801
3283
6562
599
603
2908
1725
1626
1864
611
3251
2791
6129
1059
2067
839
5972
1178
6856
3511
1282
2636
5555
5391
1580
2202
5323
5641
3040
2905
5430
179
4719
4180
4184
123
3847
4353
4209
4621
3745
7156
4581
4264
35
53
4567
3760
3771
4910
80
176
4745
4382
3875
3890
4520
303
3675
485
7009
3516
2684
4636
1055
2036
7102
2017
1066
1135
1068
5115
5131
6022
3248
4618
5646
3521
7119
6098
3518
805
3302
3245
6002
6006
318
938
7001
4176
2339
7075
3898
876
2449
2505
2467
174
3313
6675
5268
6879
5147
2301
5186
6902
2680
2647
4277
5615
1030
2626
131
288
5949
5939
4214
7090
5926
2232
2594
4381
6914
4811
1501
6389
3922
4472
3171
6206
6806
2904
3135
4978
4024
1420
3158
1542
1446
1459
7157
4558
4556
1288
4983
6945
3003
6260
2938
3989
1506
3633
5478
2897
3735
7148
4580
623
4385
5412
625
1769
4057
2803
1174
4051
1179
6979
6325
4955
1628
4049
1738
4037
1637
3682
6290
6931
742
6927
4038
1494
4821
4582
6332
2565
6804
7065
5432
5438
4820
3088
2506
2592
2545
4757
5610
2593
2734
775
2688
7037
2827
4792
2686
2875
735
2681
727
3001
823
2625
2906
5576
4765
836
4119
5520
3992
2612
2608
4762
6730
5742
2075
2464
6208
6201
4563
6394
1230
1219
1653
7153
60
1726
1729
1731
1732
6126
1763
4393
1198
1170
6224
1552
1352
1358
6324
1343
6328
1412
6337
6379
6338
1477
1493
1503
1507
4502
18
1534
1473
4388
1150
1812
5948
5944
2246
4715
5905
4188
2312
5966
2330
2362
5831
2372
4742
7071
916
2418
2331
4691
4274
5993
6438
4378
1138
1820
1129
1827
4604
6085
1960
4622
1065
1064
7108
6519
6004
2069
668
2470
3113
4532
533
358
3773
311
6850
3244
6969
3869
313
278
4881
5051
5377
5238
6878
4982
5018
3479
333
331
3182
5043
3471
6888
6966
6894
3688
3170
3766
5327
6953
5075
3877
3640
3255
587
3119
5038
5246
4984
6998
4698
5185
4981
868
2243
2518
4695
5189
568
2532
6556
2544
430
2194
6890
4218
5947
6891
998
3838
5952
2144
5965
6855
980
2254
6859
152
1283
1280
1521
6873
1278
173
5237
561
1275
572
7140
5777
1286
3372
6671
4865
180
4882
2318
4752
3842
5207
5894
4499
7158
4717
2268
5271
5231
314
6527
5968
1793
1795
1800
3737
1805
1217
3589
1792
1826
5058
5120
6908
4444
446
6082
7117
344
4454
6117
6422
1698
1708
6155
6926
3751
1693
3582
6423
1691
6404
1677
57
4396
5076
1171
1668
6923
4355
6464
3598
6009
2044
3468
6220
433
5160
3422
36
3830
126
3284
4660
1561
4258
665
1560
125
2012
4952
3776
7151
5122
3729
4343
1978
5128
6033
4322
5050
4320
1079
4474
7109
436
1070
505
2011
5165
6853
933
5686
1360
6948
2731
4553
4521
3917
6270
2989
5472
3240
5305
1471
6851
6364
3642
652
5669
1474
3012
3693
1479
6957
3914
6755
3679
3991
4039
751
1387
2822
4030
401
5524
5569
5321
274
4056
4059
5025
4066
6784
1367
406
5365
5016
1363
2933
5603
5378
1492
3257
651
832
4856
3118
4527
3947
3968
835
4987
3639
3126
661
602
3972
4118
5402
4528
837
7002
3097
3580
1994
6781
3721
6783
1340
1987
1682
2000
6166
5416
4328
1085
1620
5129
4583
1365
1091
7019
6481
1967
1684
6823
3677
2001
327
747
7100
6929
6219
5538
3189
4653
1247
6510
4943
2029
1072
7104
5531
6209
738
6503
4949
6330
275
2895
6150
67
4533
4419
227
1958
1356
6036
1824
6399
1821
1134
6913
1649
3125
81
4374
6112
82
6933
5107
3764
