5506
5767
626
3895
3006
6491
1984
4468
1861
1040
4466
5627
4123
1469
4127
1461
2503
2502
4464
1914
1465
770
1193
4743
1464
5250
4469
3398
1673
3374
3394
1982
3397
628
3419
625
1981
3395
3893
5255
4253
1342
5334
6408
5621
5626
5806
1466
620
7027
6477
1912
6417
5618
6238
6212
1917
1195
4121
1351
3503
1989
3004
2540
5796
6863
1871
1196
1591
4460
2501
2504
1867
5339
3500
5248
5257
621
2972
2987
3002
3399
3391
6865
1595
3892
3896
4463
3898
4126
1985
5293
2459
2682
5804
5798
2206
4465
3393
5292
4088
1913
1863
6978
5256
1421
1000
5040
629
622
6402
4672
6569
6625
1242
2509
7006
1864
7018
2555
2956
3371
7007
1613
4249
3504
3212
6879
2104
1916
1911
4764
5620
3699
3507
1617
6494
1594
6404
6260
6476
623
1468
2979
2915
1167
2548
7029
6533
1059
7054
6482
3470
3392
3007
5507
5545
5547
738
2944
5760
1557
1199
1418
3894
4462
3561
4202
3926
6691
2405
1382
6499
7126
6860
5624
3191
5629
1550
3038
2209
5800
3009
1596
6784
2978
6011
1516
4155
6470
3751
3091
1910
5207
3566
4612
5335
2060
5313
1872
3477
5505
7012
3400
6401
3502
1531
2910
6214
2671
2349
5590
5114
2567
6480
1069
1552
4961
1580
1553
2546
1041
5109
4245
4165
3249
1815
3232
2061
5411
5622
5623
1874
3608
1567
3897
3065
3603
3019
635
3005
2996
1614
5554
3559
4575
590
6695
3584
6757
6866
7023
7026
6850
130
62
4572
6326
3600
6235
6987
4562
134
6395
1568
6403
6215
2877
1422
952
1366
1869
6472
2914
1980
6495
6498
2920
5226
5062
5212
6549
2909
1865
1597
1463
4777
1704
5764
3864
3891
2103
3367
3921
4769
5809
3324
1172
5822
2585
4281
5962
2822
4257
1772
5550
3708
3696
1400
5542
3396
4640
3092
6160
5878
7028
2445
305
1915
1919
4156
4200
2542
2126
5113
1055
1600
3988
2050
941
6411
3824
2942
1812
4015
6448
7113
7021
3090
1873
5596
4216
4215
4441
6869
1343
5805
2249
741
2788
2870
4576
2869
5606
1987
3377
3606
6324
6346
7074
1983
4570
4942
1593
3616
5344
3986
6219
3792
1410
486
3451
1482
5456
3457
5602
2075
5205
1012
1700
1530
8
6947
5519
6779
4162
5732
1085
2550
3236
1618
3505
2551
6968
3847
1973
2320
6586
5553
6871
6574
6027
5253
1234
7008
5790
98
5179
4467
3230
4045
4169
5446
2657
1460
5441
825
2601
4580
4251
6232
3981
2618
2216
4039
6063
3379
5503
1411
5992
5508
6163
6165
3401
7129
568
4970
4258
5983
1610
2245
1599
4011
4444
2845
6998
4332
6213
2839
6216
6217
7061
6220
7158
6864
2616
1066
6597
6794
4283
1294
1542
7119
1298
686
6726
259
7020
2913
6444
1415
1870
1893
4120
4284
1876
681
5771
3149
7010
5696
1489
5833
1350
5691
1702
6344
6867
166
3003
7145
12
6568
6567
1709
2549
5372
3376
3247
3190
6556
6553
5336
693
6853
3050
1457
2826
2742
4791
696
7110
3890
3217
1775
165
1651
3246
2627
2242
5877
33
4679
4311
3941
3932
599
766
3754
3064
3753
5853
3386
3899
5849
5834
4747
4763
4419
7162
5985
1948
2330
5803
1173
2784
3912
7111
2781
4745
5068
6161
93
5166
949
946
3000
2568
1291
4986
2906
6661
953
6986
4643
169
19
3571
1986
6309
1045
3601
1827
2900
144
4508
1559
2937
6559
6913
3178
1026
6541
3434
5065
2257
6529
5216
7128
6971
1979
16
5262
6481
6479
5012
1875
2489
1590
6799
4568
1705
854
6102
6211
5118
2836
3115
6168
2168
2971
5484
3098
4445
1534
1811
6153
1816
1462
2500
6766
1616
1706
3285
2596
1062
3238
1536
4964
2322
2268
5202
1068
5067
168
1612
706
2066
6872
5242
3280
4049
138
5733
5061
5210
5528
5251
3361
3287
5169
2924
7011
2243
4161
987
1467
2911
109
5390
2819
5453
5607
5392
2813
5131
4058
2294
5600
4057
1047
4276
1589
786
5436
2849
2204
882
5384
2343
4843
4164
5580
4242
5491
5650
3923
3248
2844
2064
3243
1668
1169
2899
6854
131
2102
1577
4163
6859
5125
1664
3289
1348
5979
3552
4647
6022
4505
6471
1362
6489
579
4314
4313
5965
3750
4644
4677
3521
3520
3759
3070
3515
3509
5872
6802
6803
220
6560
6805
3526
4721
1367
3681
2581
3136
2584
697
3602
6270
4585
2444
1280
1813
6179
3567
1299
2573
1381
3097
3144
2589
4551
3094
3093
6392
6400
4347
1793
3672
6170
151
6797
4771
4399
2485
3192
6723
1733
3797
6839
7059
3444
1335
1921
685
6767
3846
1920
2676
3484
1425
3488
1419
691
6753
3455
4454
692
1738
6677
317
139
6576
6379
4083
1937
1373
4243
4538
5332
1292
1566
1855
4362
1569
6796
1860
276
1016
3001
2577
5416
6752
2575
4168
253
1510
6874
6933
1585
4573
4181
3207
909
6355
5385
6716
3195
1850
6954
4241
6699
1939
920
3565
6696
6680
6439
944
2069
1309
4128
988
6956
1028
3265
1532
4114
4201
5232
63
6506
5178
3513
6535
3424
6540
2547
1010
1023
6552
1020
4124
146
7013
2916
983
1963
1862
4225
4103
1331
291
1365
2123
3486
6455
1330
2560
376
2067
239
5265
371
3242
6488
176
164
5044
1308
5249
6909
7017
1703
5096
5435
5880
2201
2662
5898
2047
3074
5591
6868
2048
4688
3756
4837
3231
3736
2867
2633
2825
4867
1766
7131
2109
5989
4018
3288
5557
5555
575
3718
4255
5874
1652
11
1417
1190
3855
1429
4289
3851
2694
3850
5780
2683
5792
3360
2780
5793
4772
4318
3057
3368
2394
5659
2396
2789
3062
1736
5836
1170
1665
3315
6924
4310
2799
2391
4648
800
1611
6077
6210
5523
4959
1134
5458
1379
3216
6200
1393
3283
1797
5517
6184
2586
4963
1138
2590
188
3641
3113
4351
3413
