5505
15
11
3247
3240
18
3249
19
6374
16
2763
5333
17
5507
2083
686
2762
3248
3241
6379
5442
5339
2832
12
3245
2340
5204
2271
2834
5531
10
4718
4289
4627
2837
344
6377
6978
2562
5336
6496
1242
5502
2161
2760
3246
2830
6010
4779
2244
66
4621
4427
6586
13
2836
5185
2839
2765
6389
14
4284
6677
2835
2320
6014
3893
62
5158
849
6719
7145
2255
3841
3484
5508
5503
5210
5804
4286
5212
3243
1552
5987
5760
4282
6015
2996
5981
4684
6013
5500
5767
2659
682
3391
1579
213
3444
3517
1956
4283
5449
649
5441
2838
2766
3622
5335
5878
4126
6018
5337
6221
808
6004
3848
801
2972
845
6474
7132
5075
2565
6027
2768
2489
6482
5253
4288
5783
4123
689
1572
5771
4011
1124
6073
4981
6256
5447
1241
3367
1981
4437
3401
3476
2924
6444
5207
4773
7016
5988
5383
1055
1516
2541
5342
5259
4633
5334
281
5537
4792
6766
5493
6823
3584
5432
620
2241
3360
7023
7017
3762
2504
2509
3897
2592
3895
5824
2769
6580
2673
322
2920
3417
2755
6213
3369
3364
2753
6220
6417
6257
6495
6392
6441
2831
1047
2964
1051
2589
5048
1195
3135
2985
6743
6032
4463
5797
4466
4501
5872
5873
4057
1980
1550
5764
2003
2016
7009
1985
3477
5506
6011
2286
5539
3585
107
1468
3487
622
260
6729
5851
5853
5623
1059
1058
683
6411
5806
5479
770
6016
4620
5332
4247
4776
7037
1461
4667
3770
1531
3890
1388
6915
1624
2253
1625
1661
3176
3395
1958
6938
2501
2085
1421
4956
3587
7031
5300
1167
5255
2971
7021
3480
5209
2833
5201
5205
5012
2956
4982
5040
2944
7133
5023
1827
3397
6065
3387
3379
3365
3504
6215
2496
3362
2736
2792
6491
2682
6477
6419
3006
2566
2529
3190
3191
6262
6260
6259
2459
2432
3266
6217
3507
3987
2243
5794
1607
6556
4645
923
1363
1351
5798
1022
5077
5472
5211
5247
5313
5443
5331
5070
832
4444
4355
3648
3657
2082
1982
1968
5968
5393
1876
1870
4121
1784
1780
1772
4331
4332
5822
5813
2254
6567
2761
7137
262
57
7130
6893
6767
6234
6225
1193
2424
1967
3296
1045
6102
3373
1979
4747
600
2345
3398
4772
4436
4215
3399
3007
1393
4333
5166
2567
3066
2563
2547
1909
4812
5504
6840
2508
56
4433
6869
1987
1464
5256
3580
4641
3603
3608
3617
242
2167
1629
7024
1556
1567
3766
2129
5414
4599
3713
3744
806
1238
6714
7007
130
4742
3486
98
4741
3500
2267
7029
3872
5810
6008
3847
4715
3843
2233
2230
3557
3561
1864
5858
1000
6522
2817
6574
6439
6559
2688
4255
6448
5560
4253
6541
1787
5089
5044
5478
2208
6476
4651
6715
681
5979
3575
1348
4650
3815
3396
4438
6464
5933
5733
5217
3940
802
3577
6693
4539
3581
4258
5775
805
5627
2194
5777
5242
4251
5800
4171
3483
3474
2810
643
5624
841
6498
4960
3509
1062
5153
5071
3394
3393
4954
3306
1511
3989
2390
2732
3372
1517
4952
3374
5789
2729
7057
2346
2822
4530
5926
5756
633
6413
2764
2585
497
924
4051
1239
150
6717
493
3072
3642
5696
2664
2913
7126
7011
2498
3050
6557
4625
5661
1621
1391
1563
5883
4053
4823
4049
3097
2107
1917
2084
2503
5915
2505
6280
3164
5607
3158
7160
2984
4281
3777
1911
5446
1901
6416
5146
1912
3880
4743
6722
3489
5444
6012
7008
750
202
5100
5416
5870
833
5874
3701
6503
2263
2257
6916
1063
6547
6525
3569
3571
7156
5910
2202
4536
6888
4989
6814
4189
3588
1541
6734
4988
5918
807
3812
2790
3788
741
1557
983
3849
1623
5610
1789
6569
6818
2235
6529
1553
6917
1551
3816
2219
2733
4682
6956
92
6868
5497
3962
3960
4932
1953
3217
2456
5222
4943
5759
6219
6673
1451
3244
1957
4460
3926
6208
6205
1673
1846
5636
6289
4356
1861
1247
4124
926
6848
6412
6845
462
4880
922
6925
2932
1233
3015
2598
4125
3031
917
4354
5148
7111
5171
1234
3265
3230
1453
3366
3370
2825
3383
2823
5857
5792
7054
3913
993
3446
6871
6821
6691
1466
1056
626
3475
3441
2826
3267
3311
7076
5626
7150
2391
3293
3312
4505
1042
1995
5494
958
871
876
846
270
4562
6773
254
6998
5778
1060
5526
5646
1057
1604
6797
1601
5570
3891
932
5569
3842
1872
4276
4541
3915
2004
1666
1931
1840
6795
5611
5618
1848
1066
5816
1914
4195
939
5827
5828
3916
5695
4050
1664
5677
4055
5818
1663
4088
4350
5663
1984
1560
6212
3319
3361
5243
3376
4928
5133
6326
602
1460
2674
3419
5251
3443
2676
1366
1398
229
2306
3472
2296
628
5258
2288
6336
6023
6137
4888
3118
4764
2990
2979
5215
2484
46
3192
4774
1246
3198
3212
7117
2961
6022
7094
6427
7090
772
72
6428
7122
4768
75
3292
6170
3130
5237
6676
7033
2689
3586
4629
2166
2165
2569
378
6902
3643
3656
3038
2786
6914
7157
6812
1577
5042
4611
4592
2754
5865
365
4590
4585
6560
5429
6375
5066
6859
6019
6406
705
5189
7028
2829
4827
4740
6571
6499
2247
6006
1483
4717
4853
5301
3518
309
6378
4842
3567
3077
685
6365
5978
2209
1336
5942
2721
5163
5523
5525
1386
1365
5156
1304
1775
1774
1770
4963
1342
4959
5558
4881
5108
4944
1357
5132
6943
5149
4887
5529
1739
5553
5164
1091
5176
253
5263
1064
4517
5288
4729
1482
4531
4669
1515
1069
1138
5261
1525
4628
5343
4622
1566
5400
176
6796
1608
4591
1094
4576
4581
4642
1731
4469
5470
5178
1212
4798
4796
4361
196
4791
1430
6827
4435
5216
1199
4467
1196
1448
1690
5232
5233
1040
1041
4760
4749
5246
5248
1665
5250
5225
5297
1291
5590
299
3090
3709
2123
5866
5867
6348
2100
5875
3103
3686
