5511
3785
3781
5512
3618
2445
3615
2915
2917
3787
2911
3789
3784
3786
223
5519
5510
2913
5515
3783
5318
2451
3616
3788
226
3628
225
5841
6542
2916
3780
4594
5516
5583
5518
2654
3782
3613
4590
5312
5847
4571
3333
6620
3849
2919
2639
1192
6918
4678
5517
3317
7162
5304
220
112
1783
786
3612
2616
6597
5315
6699
2693
2002
2695
2912
5316
1056
3005
5802
5479
5477
3237
5870
227
1674
4973
6656
5589
1922
2307
5311
948
5611
221
6278
5313
6867
6608
2450
5211
6592
5782
4414
2459
6603
2186
3681
5300
2787
3624
2547
2321
3626
6595
3941
1431
3021
4128
1651
4616
5199
3341
4329
3821
6604
5665
235
6610
3967
1901
5398
5845
6204
2745
5846
3611
3614
1051
6659
5181
3239
2782
2914
5731
1409
5662
7057
2918
6970
2525
5746
6598
6652
5879
335
5974
5513
2324
4431
2956
5584
2613
3414
4090
1168
245
3163
6782
2454
6369
3501
4376
6323
6725
4370
4536
2303
4746
6645
118
757
6654
2073
6599
6590
3316
5203
6655
6532
838
3625
2816
2817
5914
3791
2309
3820
4315
6410
2694
6653
1507
6605
3318
6387
5718
2964
4007
3610
2455
768
229
2458
6471
3009
5463
2166
2527
5784
2522
6549
1087
7161
3442
5514
3453
3046
6583
5486
6593
3828
4377
3795
3794
2261
617
3238
5882
1678
2392
3621
5366
184
3629
5369
3619
114
5652
6635
6649
5024
4636
3503
3396
5873
2889
5942
4339
2326
2004
6629
6366
418
6574
6181
1785
6658
6621
5155
2158
2148
6166
6539
3528
5056
5497
2007
2163
308
6533
5322
754
5487
6627
408
2424
3617
2426
6631
2315
2969
6607
4957
6606
6632
5287
764
6601
2452
5222
5218
2457
6650
6210
1932
6811
836
3049
6584
1940
1942
5785
6545
187
185
2658
5874
5710
7101
4596
1534
1554
3755
5657
7055
1445
5761
2806
1609
2807
147
3420
1161
2814
1162
2699
3760
1531
1553
4332
4042
1630
3450
5617
6378
4771
2003
2005
3969
6698
2328
182
1205
428
2404
4971
1926
5998
2395
4344
4978
1935
873
1936
5022
6325
3101
6724
6329
4510
6388
5033
180
4438
2697
5307
4039
6472
2089
4287
5095
5712
5740
5818
5104
6596
3797
6490
6499
5193
6513
2811
2813
5157
2174
5783
2256
605
602
4640
2300
2701
6395
3868
6657
1558
2019
6651
5303
2302
832
5661
6628
4293
6624
589
3331
6449
5258
5252
6636
422
6191
6215
2929
4403
6886
2535
4135
6912
2484
3452
6809
399
6212
6857
5579
4134
4595
1163
3454
2523
3429
6066
2528
5481
6122
4835
2564
2533
6164
1872
2442
3132
2503
2567
5253
6842
5259
6623
4018
4638
337
5256
2563
2881
6625
1803
2885
5483
122
7054
2472
1040
978
6641
5877
5485
2751
4026
6637
2478
4934
3083
108
1549
104
5858
6190
4641
6626
1552
4632
3456
6613
5765
3156
741
5209
5205
6580
27
3601
6509
2524
6515
6586
2150
6570
6871
5770
1402
3825
1406
6558
5158
6540
307
3
5182
2517
1439
5216
3697
777
2952
2086
4234
1274
6898
5091
5843
7086
5709
5233
4569
5825
6882
6600
4649
1458
635
5810
5105
1448
2515
1777
4131
6125
2572
6370
1562
1944
1947
2652
5362
5356
5017
5021
3129
5434
5606
4446
5323
2603
5976
177
5613
4338
6933
6214
5619
5324
6868
1661
2641
974
2621
5395
1879
962
424
3817
5376
5587
3856
1676
6771
5586
6974
1927
4975
3107
993
4961
1937
1160
5456
6219
1032
4310
3970
5656
4383
5469
5655
4872
1116
4943
2696
4941
1117
1231
1619
6799
7044
3845
3230
368
2278
6807
2135
4481
5669
5406
1672
6403
936
4033
4480
6032
830
2023
1905
5799
5788
2165
975
5781
837
703
1576
1885
979
1913
5786
5773
1425
6267
1169
1868
1769
6019
3464
1082
1256
4153
924
5212
5666
5689
1603
4415
2084
1319
6037
2080
4171
1317
5571
3152
1316
1637
4371
6113
1829
5946
3555
5578
1840
1560
6229
5214
5763
1664
3227
3087
5807
6415
2009
4049
5876
1460
1086
3082
5429
3468
5713
900
1968
6426
2006
1738
1876
2160
595
6640
2265
2264
566
412
405
6630
115
6784
6790
3863
370
2463
7124
613
3866
210
6820
2960
2800
631
6843
237
3620
7014
3024
6646
3956
2888
3003
7060
3841
7064
448
2756
2714
4974
2892
2614
2322
5046
6692
4543
2301
145
3016
3020
2690
3623
2269
6647
435
2229
3840
2945
3602
2178
2519
6557
666
4655
3047
6567
2189
6926
5113
4879
301
4904
5127
2805
650
20
4656
692
6548
324
6296
5930
4083
7052
6929
4969
2357
4869
2703
2973
5385
4601
2416
1890
4868
964
3756
3960
1093
6072
3220
5555
4575
4048
6126
2561
2406
4591
4075
2991
5363
2372
456
5892
4068
5896
5897
2364
2980
5651
3766
6288
4876
3930
934
6105
1946
6120
2710
940
1948
4436
4384
3457
3754
3446
1825
4798
5462
6154
3451
2634
6205
6014
361
6198
319
2512
3686
1166
6972
5484
3689
3463
4935
6176
230
232
6030
4830
1156
236
1788
5576
2602
4605
3153
5943
3471
6780
420
4810
417
416
3752
4333
299
3851
2531
2670
2903
5970
2667
183
4357
5610
402
1762
1654
2436
6772
4547
5991
6977
1005
5444
3423
5445
1665
6975
1197
3458
3242
1495
6466
608
3561
4648
5817
611
5741
4006
3311
2087
6609
5097
2238
42
5747
5824
5732
6616
1333
814
3260
3085
6634
6633
7093
7095
1497
4019
3792
5260
2260
6454
2788
5808
3088
5805
639
5792
5768
5190
2818
7159
3044
5793
6573
3580
7
5180
5178
6547
4487
5780
2214
5201
4256
756
3564
3799
33
5213
750
5109
2802
3062
2113
4003
1441
6493
5766
6500
758
6639
1112
3523
5852
5317
4295
4445
3008
1546
5849
3963
6373
4643
872
4041
106
2742
3010
