3785
2913
5512
3618
5318
223
5511
2917
3784
5519
3789
3788
2915
3616
3787
3783
3781
3786
2911
5516
3615
2919
2916
5510
6542
3612
3628
3237
2321
3626
2547
5589
226
5611
3613
2459
5617
5203
245
6549
2889
4595
5304
2073
308
5802
5517
3617
5583
225
3239
3238
220
2450
6970
3619
2918
5315
5518
5477
4638
1192
3780
4594
235
6699
3230
5613
6782
2912
3368
5515
3333
6973
5308
5879
2453
5313
4415
2914
3468
3234
6031
1534
6540
1943
7100
2324
6975
2816
5785
232
6972
803
2454
1803
3941
227
1554
5469
1651
2007
114
3464
2066
5311
4730
112
5398
5378
5033
315
6728
3453
6978
2004
2445
3614
2003
7106
2326
6867
5713
1901
4678
147
1054
6974
5018
5434
3021
6845
5056
331
2452
764
1552
2817
5241
3993
5765
6509
3849
1940
4473
1948
6545
7150
2303
7162
6547
6603
5845
5794
3259
2896
1517
7057
5795
1769
4865
4590
3025
5763
4332
2328
221
5664
2009
2800
3450
5214
4733
939
5127
5422
7155
5085
5841
4293
2616
6043
5463
1844
1783
6546
3087
2322
1659
2654
5312
5878
5022
5164
1497
1507
6625
7107
2416
1530
3457
2002
1927
1999
3624
4632
6877
5021
3414
5791
1785
2320
6199
3083
6205
5124
118
375
2323
3561
5479
5316
6285
187
5792
6725
2173
3418
143
757
1890
3110
6279
2509
5870
2652
846
6596
3842
6543
832
4668
6567
6563
5303
1046
6784
579
309
2451
6064
4813
503
6698
4814
2458
2542
6853
1870
5331
6656
4817
6652
3166
6843
2089
6487
948
936
4098
1997
5307
4631
6473
6278
1051
2307
5775
5782
2301
2127
247
5035
5579
5582
2256
3623
5809
4853
229
2647
5464
2630
6979
5481
1577
4968
3514
1558
2813
3782
3700
6631
1942
6653
6410
1553
7091
3821
2313
6799
1441
1946
6655
4575
1551
5462
5460
1221
5458
5655
3059
1947
5129
5317
2087
185
6781
3420
4934
2457
2470
6716
5205
5513
6645
5253
5497
5780
2235
2850
4961
2760
1928
754
3983
836
838
3040
5233
4566
6757
136
2685
3119
5803
1556
3105
2788
1448
4601
5974
3028
6039
2148
6607
2424
3501
6868
3316
330
4818
1002
6882
4627
4289
6844
5551
5877
1034
5041
6620
2605
6030
6918
3446
5324
1646
5858
4377
5243
6726
4936
1583
2983
5514
6737
301
6739
3627
3331
448
5030
2006
3461
1840
2300
4564
6019
5251
2229
5627
5954
6926
4007
5122
3466
2809
1905
5120
7090
4768
3629
5039
2455
6597
5712
7102
1055
3997
2204
6608
5157
6649
4737
6891
1872
5717
1993
980
5873
3452
3063
7152
4143
6960
6548
1256
1996
3828
1780
148
6941
6204
2882
2528
901
1607
2178
2060
5833
5073
3512
5855
3840
3956
3047
430
1640
3621
5449
6544
6273
6271
1598
182
2862
6988
6267
5818
141
5844
4138
393
1430
1509
5587
1445
5651
3992
6595
3967
5178
1932
6574
5176
3960
2436
6590
1481
2693
6488
3971
2430
1437
5195
5623
5199
1439
2703
5507
5584
6584
4273
5665
4315
2617
5362
2563
5356
4591
5914
3008
1654
1653
5874
4180
4635
1186
2902
940
2551
6166
3005
1031
1688
2969
6041
2955
1056
4596
1109
3002
2981
1116
4616
1041
2944
1035
2613
1032
6047
2678
4571
5817
2471
777
2824
1562
4041
2456
5709
5760
4006
5218
3999
5685
3231
5213
4409
5667
1557
1789
2472
807
3085
5808
3088
3089
1796
5300
5806
5767
2865
6265
844
839
4711
5262
4128
5259
4672
6599
4544
6639
2291
6958
5078
3692
6771
6650
240
2351
2279
6777
6977
3766
6939
408
2396
4935
2233
2069
3924
6916
6909
3932
3719
3317
194
3703
2181
146
3723
4975
7054
2315
7055
3855
108
2297
3571
3851
500
5089
179
449
5086
6980
3848
3341
3705
192
3709
2362
3718
5155
1987
6842
2368
3312
2085
304
3463
6878
359
368
5158
333
319
6605
6604
6898
6899
7159
2271
6846
3465
3458
2484
5053
3524
5846
5842
374
3003
4339
6293
441
1191
975
5369
5375
438
6860
2576
2888
1218
5798
2412
5239
329
773
2467
3376
2176
1876
6709
4066
789
5466
2558
324
5242
5835
6099
2553
6863
5345
3525
2476
5252
837
1171
4174
4283
2954
6232
1103
3091
5421
2064
1050
272
2964
2397
6802
3081
6191
6805
2392
6032
4608
6812
6172
6037
938
3082
4816
4288
3419
3127
4173
4786
849
4866
4636
318
4840
4136
5899
5066
3759
1144
1038
5443
5381
1765
5441
5024
2261
4141
2535
3416
6881
6088
2277
5614
3990
5699
6471
5700
2290
3611
568
5208
1913
5211
5686
6614
7135
6450
5707
3284
1945
6660
2811
2296
6667
720
1336
1425
692
1949
2798
2234
1991
6628
6630
6624
2782
6513
3602
3964
7105
3268
2442
1526
3261
5200
2419
3911
7124
6640
3593
6644
2676
2675
3681
3933
2435
5600
4904
1968
4505
5788
4017
3866
2853
485
3361
2414
1286
4924
4930
6594
6395
602
7053
1469
7050
7042
5217
3362
4395
3198
2433
6417
6577
5234
3622
4023
1449
6598
6415
4771
6036
1003
3667
4425
2364
2238
2972
2598
2571
2602
6015
5055
6906
7165
7167
3473
2568
1531
2361
4427
313
4227
6901
2266
4467
6601
4469
4614
4932
7136
18
5588
2758
6068
6892
17
4236
1007
7132
2593
1020
2980
1457
5395
4446
2974
4547
6085
2699
1014
6044
2257
1465
2253
2686
3716
6012
1579
6990
2631
1578
5839
2665
5843
2667
4380
5493
5849
1567
1332
5851
1200
4337
186
4586
5847
7065
1225
6992
4901
4957
144
5474
2650
5473
2309
7044
5768
5476
3736
3712
6996
2885
113
5834
3456
1622
5824
3747
5854
7068
2278
4966
2275
3486
3479
2606
3601
5031
6942
2956
5972
267
5641
4278
5981
1690
5991
1692
1100
5659
2128
1661
1644
1185
5711
4994
2622
4997
1559
5875
6968
