5520
1284
6038
443
6037
3048
446
1178
1656
1655
4601
6031
6033
6674
1283
1658
3286
447
444
6935
440
3042
1281
6789
3040
1652
1285
6034
1287
6543
1288
6785
4606
6940
6942
2323
4608
1286
1443
441
5524
3102
4265
445
4603
6039
4455
3105
3646
3252
7040
4264
2325
4262
4285
3109
1449
5430
136
6036
4604
6030
1448
3023
202
4104
5450
1653
7164
3258
6675
1171
3649
1280
1657
1282
6904
2633
5459
6900
2758
1444
6783
4263
1441
1472
3049
449
4602
3287
1479
3024
448
2632
2074
5846
3043
4951
1474
7069
4100
4219
7045
442
6678
1650
6908
5658
2848
4078
706
4136
3106
6782
2081
4272
3085
1170
4175
6001
1477
6910
4280
4107
2312
5529
5454
3008
1052
4577
4073
7153
118
1402
5452
4659
1054
4297
2326
1289
1107
5223
4600
2301
716
1470
6936
6926
269
3284
3959
2329
1442
6556
1068
2327
1708
5441
4279
5448
3288
3253
3251
3640
6347
4071
6929
3255
2070
3045
1445
2636
2669
2452
2667
1944
1061
2456
4101
2324
4609
206
4271
1654
6780
6901
6089
4492
6352
6881
3082
5451
6546
4882
6254
2314
1174
6003
4173
6551
3051
1911
4821
4268
3782
6762
4260
6297
3046
2328
2847
5455
6527
3047
2576
5652
2842
5443
7151
4267
4595
1419
6768
4077
1066
3041
6937
388
6931
4109
5449
6498
4105
702
5457
5322
776
299
2841
4738
3000
1692
4273
538
2179
536
6584
5527
5948
3281
3058
4106
6300
5944
4328
6848
5559
6488
1116
738
5654
7019
5417
5659
1314
6966
3772
2840
3120
6919
4075
215
5655
3267
4309
6534
6566
2321
4884
6930
4490
203
751
2423
5912
6946
1111
2415
2419
516
2886
1029
152
6311
3643
761
2082
913
7002
3567
769
5440
4516
4478
5934
6447
264
4145
248
5873
1440
828
3280
6007
6304
1104
1027
1179
531
5680
217
1176
1313
1919
208
1415
190
4176
2859
6787
704
4359
4072
5838
5038
5902
5164
4278
1581
4735
4079
5913
5129
6798
4361
542
6545
4901
201
2000
5668
1473
3764
4820
749
6952
6955
1069
3654
5653
6221
5651
5424
2597
4261
7049
73
803
5458
6157
6519
1937
1940
2635
3119
6205
1067
767
5444
6440
6924
1215
6895
2069
4130
6459
1380
5745
5092
5749
6849
3283
2398
860
1091
7
308
7066
4132
5314
6922
6921
2007
4172
2815
5889
1890
2481
242
5465
714
834
5476
4139
6911
4632
6451
530
4258
2193
5071
436
6526
1098
5890
565
4141
4269
3262
6453
5842
5070
4174
3907
4422
725
719
243
4631
247
430
5720
1480
1757
705
5727
7109
1401
3128
2711
7118
707
3235
1318
1476
4592
3562
6032
65
3086
1784
760
4530
4499
4491
6949
6945
1925
3025
207
739
2003
2668
1749
5592
2438
1565
5283
7155
5952
3101
5030
406
4020
3185
6765
1377
4675
5821
384
6769
3980
3104
2930
3081
6703
2434
685
2872
4392
862
5977
3080
2076
3955
6707
4817
2846
312
4283
4741
6127
4841
1892
872
4824
6047
4225
4638
5047
746
5905
5907
1014
5914
1004
4362
5959
4387
1713
1955
6302
6283
2182
1753
701
2187
4905
2192
2015
6255
1034
678
6679
853
1578
5644
5638
6786
117
6772
4028
5442
6766
2637
3983
7023
6725
5117
1108
4070
6714
6708
3018
7044
2661
6702
3182
3676
3691
5656
3903
3028
5723
2471
6876
3110
2431
6856
6916
5244
6920
3945
1216
6826
3282
1475
3771
205
5667
5213
3044
3125
5657
6695
2663
2895
1102
5557
2717
7131
6558
5467
34
3410
35
5568
1406
7100
4183
2740
5848
3059
5598
1413
71
6637
1100
76
4102
200
2738
4784
6927
2004
262
867
3784
7152
4730
211
5461
5724
835
3876
2892
4685
2811
5712
7161
6912
3385
6914
1765
6081
4448
6113
723
708
6006
3193
7157
728
6000
4456
4823
3123
3553
5305
7010
103
4848
1916
894
7016
3219
1317
1311
3521
6175
7063
4842
3188
6174
5599
6177
815
5453
5632
6948
32
4822
5446
5650
7124
1250
3642
1783
139
138
1447
1257
908
38
129
903
127
4574
6941
899
274
1078
4025
5812
6788
4007
3186
6792
4350
3985
1659
6797
6803
1633
4360
3982
6449
3981
6806
6329
1701
4323
1660
4322
1754
437
4076
6436
5903
6428
3054
5048
6413
2339
4138
4287
2904
4030
6760
5035
6461
5926
6767
4321
476
6406
5781
6450
5011
5737
1741
556
555
5762
2386
2243
2897
3937
6531
2204
514
4185
4397
3931
1172
2796
2066
672
6843
6838
1077
4218
5002
2938
3100
973
5855
2786
6883
6557
5774
2052
2247
2196
4147
1647
5577
5490
1089
5056
1416
1035
3184
5097
4745
3183
1074
5477
4828
1626
877
1039
5854
1819
1065
5299
4860
5108
1148
968
5967
5225
5685
1546
4902
1481
954
4900
5706
951
1488
5346
5263
1173
950
1503
1752
5996
5254
1028
4886
5379
1670
5445
1021
1611
5831
3181
5140
3103
5817
922
5438
1128
5802
6028
1696
5951
1247
1238
4873
1237
5619
1651
3375
6704
6313
3315
6962
4228
3260
2572
6968
5493
3644
4202
3636
6287
2593
3062
4398
6510
2055
2617
122
7168
4453
4440
6515
2079
2788
2612
2606
3318
3608
2600
3988
3928
6315
6947
3967
2177
6340
583
2428
6870
6368
2424
6373
260
266
267
268
6877
6399
3902
2001
6334
2483
2807
3742
6643
567
6932
2388
2181
4378
212
6827
327
3825
3834
2488
2520
120
6511
806
7068
3473
2743
2246
7154
2919
3459
7150
4597
3568
4622
2348
3456
6731
2315
3451
7104
4635
463
6621
7116
6120
479
1903
4060
4673
3383
6747
2678
2817
744
2634
102
3381
96
3545
6763
763
3522
2310
3511
4552
3347
1953
3481
1959
6623
3089
4131
7048
2239
6540
2432
6872
3933
3130
6698
1528
4737
4093
315
