5528
1816
1810
3893
3478
6850
5040
1813
5119
937
6879
2485
1306
6734
2953
6874
1623
4216
201
616
3477
6238
4589
6404
4580
5988
3940
2058
1300
1622
4581
123
6187
5093
67
6183
3470
5357
1815
3891
217
2060
5433
5042
4530
3592
5128
572
4422
1385
5413
706
1517
504
1512
5677
6158
5984
1625
5426
4898
1629
5987
5829
1812
4881
4425
1994
5091
655
4471
4588
499
4622
2092
6763
6870
5032
3471
2641
5048
2938
5983
5029
4133
294
6572
6853
3896
6872
6875
6748
4585
6762
6163
355
4696
6155
3898
3707
6834
6789
2000
1412
5653
1999
2331
6876
6884
358
5404
2075
2156
5824
1847
1675
5964
7007
1811
6186
1309
6218
5793
6283
1061
6575
749
619
1819
1627
576
1067
5377
6939
132
5049
5047
2734
5220
2710
35
4447
3475
3590
3779
2575
4621
4587
4715
3894
3897
3909
5344
4231
2539
4884
4246
4243
6400
6362
6299
1244
1245
1483
1249
6220
3504
3355
7126
3474
1360
1366
1376
1378
1246
1062
892
1042
4242
6873
4277
544
4360
571
3775
288
6750
3757
615
6963
4432
6724
6723
4456
4474
822
828
1513
4475
263
4479
3598
6476
3594
77
1362
2071
2096
1844
5121
3068
5016
5328
1854
5842
189
2610
2216
5828
5046
180
5026
2378
2154
2383
2536
3319
2385
4784
139
2761
1857
5674
6727
5648
2001
6695
5284
6716
5260
2634
2639
352
3754
4753
2284
2155
4021
362
363
371
2556
4247
3983
3935
2379
3901
3895
491
5465
3890
6807
2330
6786
6633
5310
4400
577
3773
2739
1874
834
6185
1353
3111
2483
1365
1647
1374
3115
5986
4899
6168
4691
3244
4728
4735
1413
1418
4780
4745
4750
1518
3502
5721
3529
5031
6590
869
1932
5768
1624
1867
6534
950
5129
1072
6411
1092
3569
6345
2836
1201
3556
4538
5836
5117
5038
4563
2067
7169
6962
7092
206
202
213
51
772
652
5001
3061
5642
4266
6689
692
4991
709
2064
5658
6672
723
737
3882
2021
2020
3873
2004
1997
1992
4964
5724
3041
5601
2194
2193
6851
5099
2444
5428
4214
5085
519
2366
2363
2346
2339
7163
4258
296
2960
6768
5526
2982
6765
6760
2247
5540
6753
6746
6961
5740
2306
1936
1920
6855
6416
36
6414
4472
1446
4582
6982
3495
4477
6167
219
6177
1371
1367
1364
6332
1335
6195
6197
1305
6303
3597
3593
6222
1250
3476
3472
4465
6083
6615
4883
4882
1843
5820
5822
5823
5827
3258
1817
1741
1721
1931
6560
1677
1660
1628
6002
4695
6487
4442
1582
1576
4654
3419
1027
1694
6857
6235
2615
422
399
2800
5301
5242
2708
5207
6908
2580
395
5212
6934
127
4155
6536
3347
3951
281
5967
5118
1707
5930
5017
5013
3310
5587
5012
3770
3771
5892
6559
4727
3373
954
2645
2644
5044
6481
5515
4429
574
575
5523
420
2636
203
3110
2251
2633
591
4419
2249
4416
5985
895
2531
5981
4719
4776
884
5880
1939
6687
5739
5654
6686
3088
4327
5722
6639
701
1934
2073
4988
5314
167
767
3899
397
5659
2047
3113
738
4989
2168
817
4902
4796
888
5272
4393
4810
2150
5843
188
7023
5826
7048
2788
851
6600
2119
6609
2110
4891
5767
1903
829
7108
7029
558
4421
500
335
2895
5351
2309
5244
6933
215
212
2418
56
6408
1450
2387
2835
2910
5081
4470
1473
3655
5092
1132
5403
4533
3559
3591
2860
6309
6312
1307
1167
6189
6330
1346
6847
6181
1355
3513
475
2875
1139
5396
7164
4597
735
1496
4119
1490
545
1499
427
6087
2356
1510
5470
6438
5727
6019
2643
4457
3520
4572
6342
1535
4690
3673
1935
1323
3518
6617
6018
208
3199
1359
1361
1363
2638
3212
837
4488
5177
4454
5695
5701
3562
739
6467
4449
743
5673
2032
5320
1243
6260
6261
2704
761
1257
2005
4098
6057
41
3140
3595
1990
6457
4558
2684
6644
783
6049
4100
788
6071
1368
1871
6011
3649
2738
3440
4618
3443
6123
1727
1720
6530
57
1709
200
3758
1749
1704
1701
6556
4732
5965
5264
5278
7119
1471
1489
1487
1668
4720
3672
4120
5186
3776
1506
1872
6426
5243
4428
1130
2753
985
1036
1375
1377
1381
3263
209
899
336
3273
4426
1783
1391
6003
4797
6582
4394
1401
1621
6523
1105
896
873
3422
4889
421
2830
3994
659
2831
2134
6801
2904
4007
5436
506
2899
5431
2152
4267
5350
6692
137
5421
2414
5652
2838
6820
5159
4199
4037
6949
2094
2078
5463
6787
7102
128
5571
6889
6764
2985
2203
3950
5014
623
3892
2196
2521
2809
7056
3974
5589
5506
2294
6737
2525
3976
3038
6732
551
2164
5509
3091
602
716
707
705
2455
3101
704
6945
4059
4055
5116
708
6948
438
3102
732
6944
4044
2076
2449
6852
424
1012
6059
3413
2292
246
1292
2858
1291
3412
4128
4452
1302
554
3599
6307
4450
1282
1304
4635
5484
6080
4248
1530
2320
5051
6302
4250
3965
5519
5976
3001
6756
1632
2530
594
4417
3963
6759
1240
6529
2993
2635
1626
96
2987
1216
4060
1248
6994
3386
2637
6225
6005
2454
4699
2686
4427
578
1266
205
5379
332
2939
2898
5430
7167
6156
1333
3490
6324
6153
5435
1099
3485
4583
1424
6127
6194
5380
5241
3500
2871
473
1138
6840
5397
1369
218
7065
1158
4482
5416
2413
6370
6166
331
2334
6878
2631
5359
4603
1056
2649
3677
6096
2358
4561
4245
1048
3511
1308
2345
5063
2349
1441
1059
5347
2901
1444
1085
5238
5261
6924
4565
5080
2834
4567
3667
2375
5438
2370
1074
298
3107
3007
3064
1873
7104
2113
2109
5158
2481
4996
6700
3075
4896
827
4897
6696
5178
5020
2787
4860
6602
879
5156
653
1791
658
6918
1827
6913
7162
6916
1842
5625
1846
1850
3060
275
5291
