2566
5537
2089
5209
3514
2018
3241
2087
2084
2014
2891
2429
2165
2083
2169
2567
2563
6719
5208
5204
2161
526
16
2257
3242
3246
2763
886
2160
521
1962
4645
5206
527
5363
5052
2086
5610
4567
4222
2013
2833
5367
5189
5185
5170
5365
25
2562
2837
3822
1956
4350
7097
247
2080
2010
2340
1124
5389
2407
281
2428
2253
2956
70
529
5205
7072
2163
2768
520
4559
6482
1930
3516
5820
4176
3240
5539
2194
1831
2830
2569
6825
2856
3700
3447
5215
5211
5202
3466
262
107
524
1334
6450
12
6377
278
1965
6823
13
5059
1110
1641
1644
6547
682
51
310
5706
2396
6474
2085
6766
5645
5232
6734
5553
4352
6637
284
6888
875
4386
5333
3182
6108
7091
299
5270
6120
237
5783
897
2434
4504
2838
3985
4523
1498
3303
1501
3126
4558
2432
3720
4174
915
4223
4226
5542
6665
2166
6444
4286
6668
1524
2427
1737
2425
6336
3248
889
3439
1640
3162
6390
1951
4920
6010
2011
5071
2709
2012
274
6824
2435
5464
4823
6582
354
2864
6065
2438
3245
5447
5102
5123
2426
6733
5230
7024
4734
6731
245
4712
5495
4792
242
4818
4596
2661
498
7043
5442
73
66
2665
2420
926
5056
2994
6025
3835
5776
2836
6574
6479
3377
6525
3533
5829
3605
3184
782
116
3304
1976
3547
3690
5750
2834
3335
6834
4228
4328
6454
3110
3066
1003
3480
4220
2365
3010
2787
5685
4010
2258
5969
6203
7015
6948
2491
2498
3325
3332
3324
528
1601
3323
3186
787
3151
3124
5219
2017
3077
2019
6852
5125
5210
2866
57
6446
523
557
6883
1730
3989
3982
614
493
7098
4710
6489
3722
50
2878
2861
4784
4790
1118
4813
3548
3544
4836
3542
4355
690
3535
693
388
4928
4744
2762
1214
238
6006
5336
6009
5646
6018
6043
6053
5703
2417
2195
5505
5441
1359
5461
119
6114
5544
5304
5381
5290
2423
5939
5822
2867
469
2621
474
478
1332
878
482
483
492
2353
4550
4511
5527
6077
228
4503
2319
3269
5497
674
4627
2276
3183
4779
53
2278
5870
5488
249
2574
4731
4715
4714
883
4697
3628
2937
4684
6434
1271
5535
4446
1909
1478
860
7032
11
91
5921
2865
863
6004
5678
4062
591
2801
866
17
2364
6496
19
5749
3843
4215
3312
6459
6962
522
2320
5920
525
3713
3329
3330
6044
3334
6521
4359
1525
540
3719
3373
6878
6877
1739
5639
3725
111
880
327
321
408
4909
5362
5023
6374
1034
5021
3069
4837
6347
7141
6915
3125
2560
2047
1089
56
3033
282
6905
2561
80
2250
5467
6369
2033
5400
5222
2991
5410
4927
5218
110
6381
4812
6989
4163
3061
6353
1809
4111
4211
923
3389
4344
543
1241
4331
4321
3073
1521
6553
5661
2721
7011
2755
2467
3444
3378
7009
5643
3068
5629
910
4025
865
3537
2433
6923
5296
5217
641
3717
3715
3714
5942
5294
887
1119
305
3634
3632
6677
6551
663
3563
5919
5186
5777
6788
339
4051
4046
6465
38
1504
4020
5200
867
2237
64
3518
3984
830
612
3532
6778
5960
5949
1484
1336
2510
5251
2564
248
4917
955
484
485
3266
1922
1279
1694
6162
4551
4926
2049
4827
5420
6417
7138
5489
6723
2941
241
4862
461
3243
1666
2412
2660
2615
396
4595
4718
4582
3336
3247
1693
2943
4526
403
437
3326
4410
1398
7050
2016
254
2997
234
4821
4385
3188
7121
4443
6321
4793
3308
5534
52
4955
1396
4500
1164
4481
4478
928
3094
6143
6604
5938
6112
6849
6814
874
683
6925
2946
2999
6565
7107
2207
3196
877
839
3189
3545
1028
2015
776
3341
3505
6246
2921
7114
6865
6932
3380
6861
3318
3071
3375
3321
3120
3107
2266
7051
2976
132
3085
1212
5943
6826
3060
694
6517
1231
695
798
2192
1957
2218
3034
6529
5987
1959
1393
2231
3249
3265
3057
1417
6848
1507
1731
6430
455
1665
5493
4729
2568
4758
4759
4772
2399
991
4795
4798
4800
4801
4649
2197
6720
2262
43
1338
5538
3587
5530
2678
1530
1648
5507
1071
7058
2642
4569
4571
1680
2398
236
2210
4807
4824
2418
5124
351
7144
6412
5339
5182
972
5203
5323
6379
7076
6663
5216
304
58
7142
276
6351
4825
407
1160
4831
4860
4867
4874
5469
7040
1067
1166
5057
5388
5101
79
5110
1642
5549
4599
5588
2807
5698
1837
996
3988
1485
2241
29
1891
2835
3799
6480
3791
1897
2790
6793
3761
2260
6611
3711
3710
2236
3701
21
1451
2860
5853
3624
3604
5871
169
6463
2823
1340
196
89
4229
35
4236
5672
5640
4168
205
6749
4221
6759
6634
4380
2393
4130
997
6926
979
882
995
2855
998
2196
2750
2676
2421
2200
2220
1084
2373
2890
2766
2809
2255
2813
2341
2581
868
2585
6873
2589
2876
2082
1038
2765
2829
2344
2190
2414
2764
2269
1008
1046
6912
2862
2208
3003
5113
5119
5121
5122
350
5168
5187
5207
329
5212
5223
5231
6676
302
5295
288
5349
5406
5446
360
5471
5098
5025
4554
4557
480
471
4618
6717
1664
4709
6970
4733
4736
4773
4811
4894
393
4921
4925
1163
381
5033
5478
1547
7075
103
6191
6295
6556
88
7056
6344
1337
69
6389
6436
6443
31
6478
28
22
20
7062
6507
6182
6146
1210
1391
5548
5580
5592
5599
5615
5632
199
189
5701
497
5764
5873
1427
5977
6002
137
1409
6054
6070
6092
5775
4509
7137
4501
703
689
686
3539
1931
3558
3562
3582
3595
3627
3639
3657
4507
3706
3728
3729
3775
1906
3795
3517
3829
3504
3469
3050
3079
3086
3093
3122
3128
3135
3139
3150
3155
3198
3221
3229
1980
3376
3394
3431
7124
3462
3483
3859
1911
1865
593
4332
4064
4320
4279
4077
4080
4276
4087
