880
4113
1641
4792
1963
2049
4569
1648
4563
4798
4555
2477
1642
3726
480
6092
2891
884
3301
4791
483
5055
4447
898
1649
882
550
5365
897
4790
973
614
5739
7107
5056
16
6752
2646
1490
4795
2047
787
2859
7097
3858
4554
2566
6875
1095
4432
399
4410
3246
3321
4825
4828
4380
4667
4220
3309
1524
398
1520
12
5187
3300
403
1498
6106
422
3595
784
4595
1210
5580
3982
3594
5185
3720
3630
2716
5777
824
6759
1523
7091
5323
1201
782
2098
2976
1274
420
5182
1033
5180
5203
424
1016
6877
3965
1416
4236
4669
482
1497
4566
4062
4796
304
3859
412
418
4890
1722
4666
3811
5971
2800
7062
681
3061
428
2643
2166
3997
2296
329
4069
2856
4883
6843
1522
4813
4507
1535
1720
6204
6753
3722
5276
6458
3264
6841
886
241
6860
1051
781
6170
6103
4794
5328
6098
298
5598
3944
478
6975
469
6849
978
6842
5209
3358
408
5693
474
4898
4368
1798
5063
232
4886
5057
694
1207
4860
1587
1212
3854
6475
7101
3014
402
4386
1500
872
3001
552
1525
569
2165
6110
3984
3440
7094
6873
1218
4889
4894
2164
3991
296
3323
5267
4444
703
693
5054
685
3079
5121
1521
5386
5612
4670
5392
6074
4486
2010
3959
975
3326
3327
4558
4556
1037
1046
5269
411
406
2089
4551
2532
6857
4118
4793
4856
2341
4822
2516
2298
4110
2450
2518
2373
4775
5446
234
4777
173
330
1509
3010
1508
2092
1532
89
3719
3685
7017
6772
918
5610
313
2312
1435
2759
2998
954
161
80
3015
3725
5750
695
5059
3119
1728
1688
6250
7133
1647
5356
5043
6734
5324
2353
1799
3992
352
3200
1807
4724
3052
1891
3988
3033
5028
3631
2996
4207
4063
972
5705
5262
6442
169
1114
5670
4070
489
6882
4525
6135
2656
6878
6871
2539
4820
245
244
2257
7096
240
3493
5676
2965
527
5184
5889
6456
553
6921
1895
5164
291
2470
4664
4559
538
2746
2642
5517
2741
4222
565
1922
7129
2990
2014
6589
4126
612
471
613
1769
4661
2894
1823
5360
3846
3882
5855
5229
598
544
3921
501
624
7011
6583
593
5646
1858
709
5463
5872
965
3324
1414
4832
3328
1405
1404
5168
4560
1011
5174
1024
4553
4799
3350
2484
2562
1087
1294
4823
1124
3535
3532
1226
1217
4821
3466
2523
5581
3598
3302
5702
6073
6719
6007
7134
4443
2381
783
788
789
6737
1588
809
815
5311
1576
4590
109
2038
5147
4797
5295
1489
899
889
692
5782
1529
5614
3234
3227
3226
6755
101
2039
5381
6546
5420
5926
2764
2755
415
3985
7079
7064
5686
413
2104
2083
6557
7102
5418
3995
2143
2059
4733
315
2106
3320
6522
7029
1785
1585
4485
1424
1881
2758
5359
3884
545
303
6035
547
5277
351
6916
6918
3628
964
4770
4594
1890
2992
2279
5388
2994
3206
2278
1445
2768
1451
4387
2095
879
878
877
106
2598
863
90
3060
3856
3055
851
4861
6209
3853
335
838
853
3305
2163
890
407
7103
1579
5291
5972
6777
1855
3845
4854
319
4470
5810
6058
1796
3723
1841
2291
2292
6547
337
3713
2271
5626
6899
701
6109
4561
2511
1988
1330
1973
6187
5628
253
2492
1064
6108
1309
3460
3561
2048
228
7093
5994
5853
6131
2001
17
3111
1661
5204
6834
1238
4812
1094
468
4867
5351
6386
688
5685
6541
5052
6285
3098
785
5966
2651
2357
727
2740
3616
5354
4010
43
239
4884
6884
3590
7040
7035
2841
7100
2641
5183
4857
2481
5817
4891
4520
1729
6194
6972
5629
3144
338
339
6692
7140
1664
5714
2382
6742
3203
6543
1615
5478
360
810
1672
6388
812
4345
5098
5336
4782
1645
365
2144
4023
4442
3727
3308
4176
5589
1323
6188
5188
6191
2490
4089
6192
6195
3589
1047
3592
6426
6101
5181
5441
4528
4527
1275
3492
1194
2261
2256
6872
4814
229
4892
4238
6162
2510
6883
4505
3537
6886
4526
255
4737
4091
2469
5150
4906
6066
2439
6776
77
1491
2809
6054
1501
891
2293
876
5700
6470
4285
6409
4918
3313
4205
1375
3611
4488
2204
3337
2750
3332
3314
3623
2752
2194
1408
57
5707
2458
5160
2274
6987
4882
7053
1991
1896
1829
4120
6252
484
3974
3017
617
2960
7124
5952
686
438
1893
4685
557
690
6376
2913
2899
393
1898
641
2954
1809
4097
1806
4668
3979
4350
4133
5033
405
5366
4137
4665
5681
7056
2918
4663
145
667
3892
3094
4858
4952
7106
705
2326
704
4385
3956
2017
460
3881
2995
2668
181
464
2012
5958
4863
3946
5058
6668
568
1866
2011
5746
6602
7162
3338
2324
2742
7159
1014
2087
1874
423
3883
2321
3357
3356
6516
4124
6279
3909
2577
532
3335
5871
1004
4902
1410
560
2993
4329
414
966
293
2077
3897
6370
5918
4869
3329
3626
4127
3330
962
1897
3624
4327
3886
3638
5454
300
4000
6925
5274
2661
1005
1930
306
2563
6880
2241
5886
2239
5726
3533
179
4359
473
2509
4887
5205
265
1113
1266
1110
3970
1223
1148
5221
5230
6151
4818
3480
3475
4115
4357
1167
3497
2710
4881
5722
2246
4352
230
6874
6150
5877
1271
5585
4824
5843
1964
6105
4975
4229
1059
2937
5546
3588
1947
170
3977
7114
1045
2478
1041
1040
500
4224
4972
4880
481
7113
5196
7092
4536
1300
5586
4112
4068
6828
3941
6310
1977
6107
6186
1071
4550
1969
73
2860
6201
5037
2356
5838
817
2790
664
6538
5358
6954
5317
5318
5687
6959
2816
3745
7144
3993
4728
5551
2603
4851
4729
7072
6771
4389
3855
353
5754
6766
5776
1551
1804
5709
3850
3224
5549
5355
213
4633
5560
2802
6482
371
5766
235
1680
7066
5086
3113
6697
5829
4776
5467
