5557
5550
5669
1609
4968
1439
4700
5889
3523
4978
1433
4645
660
2204
5552
6280
6215
922
1432
1431
6214
86
1849
6402
2188
4249
924
5492
5578
3681
1604
2463
7002
3442
4201
4202
2180
1703
5075
929
926
687
921
5668
2672
3962
1437
248
2676
5574
1024
640
2200
2564
3868
6822
6216
7028
2442
6217
2189
1455
1384
2886
5660
1427
4491
7149
3004
4189
766
6327
4498
3255
4830
4834
5495
5667
3316
5999
5863
5745
5192
3565
1438
5148
2440
5825
3818
3816
2606
5553
5529
1028
78
5576
1021
1015
1619
5626
5573
1608
5572
6447
4017
4650
2616
5885
6397
4644
4835
138
6449
975
6672
4799
5235
1436
2490
2930
4414
6896
4496
2449
2448
2888
2664
5575
4848
6213
5666
5663
5571
925
927
928
6229
6007
3031
3820
941
3641
920
5577
4901
6992
2504
635
3977
3311
949
2494
3890
1953
3441
6966
4772
4938
4847
3814
5875
7023
6438
4652
79
2740
4643
6219
5493
713
144
4253
776
3443
5812
3024
3448
2445
4516
1598
264
5635
305
3450
5026
5131
1617
2493
3038
4200
4157
4499
5562
4744
4176
436
6319
3422
5627
4654
3254
6415
1460
4647
5887
1869
6258
5471
1029
4035
4640
779
4276
4320
2819
2519
4656
2614
5861
6712
4689
5652
2721
511
5661
3287
1981
543
561
2579
5872
3968
5662
3978
4066
5879
6451
131
2390
7163
4936
7122
4971
2329
2443
2327
4570
6858
2880
6226
3207
5722
5487
1963
1048
4127
4748
4614
733
6990
5079
2330
2928
2678
833
5765
444
3178
4746
2633
3457
917
2670
3449
6061
4450
6351
1600
1238
1237
1451
456
4961
592
6783
1274
1236
4649
5852
347
4841
6955
4963
6524
6203
4849
5499
450
1380
1886
5023
2372
2181
6396
5653
2622
5479
6126
4083
2613
4939
2806
3792
2182
6296
1040
2
857
738
4642
465
5027
5636
4972
4969
463
2398
2002
2885
4082
5417
1998
4659
3025
1471
2080
4842
4671
4680
4681
919
2209
3602
4687
4686
6560
6964
1459
6784
6698
3135
6365
2031
461
5632
6671
453
464
2774
4493
4703
5931
435
134
4952
1583
2283
6993
4674
3431
1103
6212
739
2062
769
2405
1949
4129
2796
948
7115
5412
6957
6514
292
5821
3981
2766
3767
2873
7084
6890
3583
3819
3751
3314
324
4422
2715
6950
3976
5818
5816
5565
661
6273
7016
1749
1022
2185
2184
6293
1885
856
1377
2175
1888
5478
4156
3081
5637
3123
1723
984
4923
5104
1793
1596
2675
2589
6432
6812
821
6810
6170
679
4986
3901
1075
680
7089
646
7080
4180
4019
2799
4838
6695
6119
3035
6405
4181
5244
1023
1593
5566
4682
4646
5613
3763
4000
3120
6566
4495
4209
6641
5255
2768
1613
4965
4022
730
5256
4172
7114
3242
6573
6205
2597
4653
535
3246
1616
5249
70
5559
3267
714
5414
5415
5584
7083
1947
2567
597
4648
4547
157
6440
1695
5411
5941
5450
7144
5452
3459
6224
6910
6815
4329
3551
6223
1252
5132
2944
914
1248
3451
2086
5140
5808
2171
110
3519
6892
2907
2332
6300
3561
5819
6832
4356
6236
1421
3825
836
1302
5045
299
2474
2717
1430
3812
4336
1393
1435
1785
2884
5520
3689
4423
349
4743
4742
5857
5080
414
1233
1651
3435
7131
245
4708
2814
136
5665
764
5654
945
4845
6211
3677
2807
5490
4844
2287
950
235
4476
3878
5236
4941
3760
499
2285
1503
2148
3426
2887
2662
3608
3420
4374
4462
5171
6368
5801
4641
2663
1219
4460
4273
253
4271
1478
5175
2900
124
4655
5498
4096
5561
4543
125
4088
4076
4011
6295
2684
4155
3186
5494
3188
6262
6403
3116
5440
722
725
6413
4953
728
4029
7064
732
6392
737
768
2404
1830
958
6395
1702
5441
2679
976
2395
6231
4069
127
4067
5398
4153
6322
6325
6326
3598
2674
985
1701
4836
7027
6349
1677
923
3768
5443
6800
7001
1548
4408
2872
2318
26
1555
4677
6817
5629
5833
4326
7117
3372
4205
4204
6597
4203
5152
4397
5823
6579
1257
2798
4685
3892
6998
5174
5099
7148
4740
440
5187
3657
2326
7079
2441
6867
7160
4277
2023
1171
3841
2808
2016
1297
3406
2008
5067
316
3030
3650
1950
5856
6908
605
606
6523
6081
4510
2767
4170
6946
5786
2183
3797
6495
3987
5580
7014
4163
2186
3796
3793
6472
241
3535
3537
4979
2444
3730
2174
6778
4977
5025
5292
566
5781
2503
5882
2164
5296
3961
7010
6546
6543
1087
5133
2591
1603
1239
3331
3521
3969
6528
204
1457
118
1456
2718
1458
6129
4909
1373
1345
5814
2400
122
1747
5817
3676
2915
5776
4365
1314
7
3154
1301
4338
10
4905
5847
4334
6237
4846
7142
1692
7112
5623
1110
3736
1102
3702
5554
5555
7110
5556
1590
3637
1595
4212
6062
1605
4935
6076
3088
3115
6102
5585
6120
81
1655
82
1017
1016
1012
1670
2952
4492
3137
2396
1234
5729
1230
1475
5710
5705
4278
2980
3744
104
2824
1714
4125
1553
102
2820
5930
3002
1183
3651
4566
3021
5970
2804
5991
5994
1539
1700
6001
4573
1108
5792
3181
1867
2499
2500
6969
5149
2068
6462
3432
5155
2506
5156
6488
432
2517
4658
3424
6983
1864
2600
2085
2629
6408
1833
3845
3847
1838
346
5088
2481
4741
6826
715
3764
3862
3253
4738
367
3256
5130
6506
6511
3769
6537
4688
5233
3929
4669
3398
4984
2001
2560
1959
3381
3899
5259
5248
3370
3180
6648
6994
5232
6535
3410
5343
2424
455
3312
1907
457
462
4975
142
2598
2596
467
5338
3872
2593
474
4976
477
6722
6401
678
6861
4060
290
3753
1796
6901
6900
2198
6399
3220
6898
5442
6952
6895
794
6369
6323
4622
3500
2452
3182
4594
2187
6287
4597
4599
3529
260
2683
3196
2446
1775
