5577
1700
3753
763
3752
3758
5573
5571
3754
1706
5657
5662
5578
6949
6122
3319
1702
3315
1709
6931
1707
6928
3523
3755
3045
3314
5436
6767
3520
314
5579
3756
6933
6120
2631
5439
6947
766
768
6809
3751
1708
6800
6945
1701
6902
3759
5659
6038
5655
5075
4490
1705
6911
6922
3310
3529
764
218
6804
4811
6941
6944
3102
5296
6325
2455
5842
6764
765
6316
2003
659
761
3313
5370
5658
4601
6763
1675
1670
5576
7128
3816
2633
1674
4607
6909
5523
6920
5651
6539
6962
3788
767
3506
194
203
4938
5101
6807
2815
6905
4989
6904
6943
1704
6723
4155
3268
2060
2444
3447
1313
985
1900
4496
1316
5575
3525
2445
3448
5899
6141
5115
2803
6531
6003
3100
5816
602
6963
5873
5879
5924
6416
4650
4204
5872
4815
6762
3526
1284
6037
657
6927
5669
3082
202
5989
2686
754
7136
2818
5667
4315
5974
6749
2000
2852
6411
2693
4130
4351
1173
224
3044
3049
3040
6716
2667
6030
5854
6701
7141
1192
5825
6001
5448
6034
5445
215
5460
201
5314
3779
3370
6916
5179
4581
6125
6921
6140
4956
6924
6942
6939
6786
836
6136
6894
3318
3312
2804
3502
6910
2812
4939
1543
356
2308
5574
4014
6137
4582
6295
6765
5650
6362
2810
3041
3047
6934
5703
3521
3091
5680
6530
1668
3443
2616
5652
862
6912
4163
4138
4463
5526
2448
152
32
3363
30
937
3660
4481
6801
4100
1548
5022
3668
760
762
778
200
5947
6805
6543
6715
1449
1335
2891
6471
1479
4135
517
2252
2850
5037
4264
2827
5985
5976
5117
5986
1626
2919
1947
1932
1651
904
2673
6219
1620
2868
2858
1655
4198
2235
4416
1515
6383
2696
3786
2934
1253
6940
1937
3932
2699
4115
2472
604
6783
3134
5519
3780
3781
227
5516
2452
711
4467
1441
2413
6323
4128
4131
4498
1237
4932
1567
1044
6789
4759
5346
6695
3522
6929
3441
2636
6287
3316
6925
3088
5665
3446
869
3107
3528
5654
1282
3615
1285
6906
6903
5613
3949
1571
1431
5656
5347
4266
3757
6040
4285
3527
4654
3750
5304
5294
5278
3290
5258
3303
5239
5223
4580
1685
846
5207
5191
4589
3612
4611
4978
3433
1657
901
4631
5042
4651
5313
5983
5321
3504
4332
2933
2941
1187
2978
5788
1179
5778
5777
3043
5699
1172
4817
5663
5660
4842
5570
5552
3379
5509
716
1480
1730
1538
3136
1053
211
7138
1391
3976
381
6742
2174
2449
1936
1396
4153
2008
6413
6665
6769
2004
2587
1371
6426
4011
270
2193
6451
2697
7098
6556
6551
2194
6546
2698
2325
6718
2063
6229
6897
6803
6808
3925
1385
1383
2800
405
2344
1317
107
4441
5675
2348
2634
2267
278
4159
6566
2621
3368
5213
2068
5653
5259
655
6900
1170
5711
3375
6509
3410
7041
3380
1183
5013
3028
5018
6537
627
5770
5767
5765
3042
5761
2637
3930
7034
5291
7030
5768
3090
1134
6973
6935
3669
5456
1485
1736
2446
206
6932
4016
4503
5142
6738
1667
5149
110
5343
6917
2321
4103
6919
771
212
1647
5462
5475
4596
2002
5090
1653
854
5584
6832
153
4588
2488
2483
6968
6913
6710
5819
6721
6938
861
5487
5479
3178
1740
2936
6558
2825
4719
6108
2817
4310
6214
4201
3486
4334
5871
7127
1197
2681
4876
1061
3939
1952
367
6210
4263
3538
1451
6211
2823
35
6324
4810
1918
1557
7159
5961
4278
6291
1355
3
1909
1562
6142
414
903
6824
2585
1933
6397
1286
3101
252
2829
220
2711
3907
1513
3139
1679
5978
3656
2573
5099
3104
2019
4190
6970
6011
7123
2843
4879
2191
4465
5
4213
2414
6666
5569
3132
3131
4475
3308
1745
5336
6739
2082
5146
6319
6797
6914
1558
3950
6768
4509
5368
387
4530
7146
103
6297
4595
779
5348
865
6149
6724
885
3186
5113
6937
1743
723
1677
1570
6806
6033
1926
4862
5119
3509
208
207
5443
2822
4777
1311
4501
2811
6732
6326
2127
5637
5303
128
5789
419
3378
7038
309
4262
4179
3038
6483
3804
3730
4193
7094
4321
3450
3981
4422
6477
4194
3376
4936
6549
2237
4721
3025
3732
38
3442
2229
837
1601
4355
2949
5823
4182
3789
969
3871
36
2232
4557
5846
1528
3558
4408
6513
5794
2675
3024
1460
3046
437
5736
1046
5039
6581
508
6583
6587
6441
650
3627
3365
6908
4923
1514
3345
4907
3343
3340
4613
6419
919
3095
3337
2857
5740
2302
4313
6452
5734
1628
2918
6553
5912
3050
4195
3374
1866
994
4437
2632
6567
4931
4066
633
4443
3311
7
118
5209
6
848
4583
1549
1
3624
1040
4975
106
1067
934
3473
1537
7023
3457
6895
4935
2238
4652
3449
3936
3565
5010
3547
962
964
3432
3436
2109
3437
2303
1507
4616
914
7139
2315
5155
92
7132
5141
5129
6930
2129
4723
4872
82
5110
5109
4015
5105
6965
3333
1099
1654
4905
5079
5100
1236
5233
5802
2972
5805
4400
2955
6511
4374
4362
3005
5817
5831
553
6503
2939
5843
4192
2678
2931
4361
5874
1815
583
3807
4446
653
6584
1986
1787
3084
2635
582
3806
5732
3307
5759
5760
6536
4180
587
311
5706
2603
5877
5880
2788
6041
2820
6121
6127
2816
6312
4222
4221
3772
6154
2801
6283
2802
6208
2807
417
6234
432
4319
1927
6012
4738
2915
5930
2908
2695
1450
2895
1864
1928
4311
5948
500
2860
494
5967
4305
1944
362
2869
6626
6547
1472
1711
2430
1388
6782
3271
2431
3267
4532
3275
2045
6741
2440
3244
1138
1725
3189
750
1731
4452
3183
4533
5339
5236
4555
5238
5253
5254
3295
3288
5287
5341
6861
5297
5298
3861
801
5316
5317
5332
1310
4073
6729
4715
5452
2466
5626
5520
3702
1393
5622
1395
3692
3170
5556
3825
235
205
4473
700
3176
2806
5640
