5571
761
5577
763
766
5579
5578
768
1700
762
5556
3523
5573
764
4490
5662
3520
1708
5669
2445
2448
765
6566
3319
2441
2440
3752
1709
1704
2068
5576
3315
5667
2444
760
1748
1743
4843
4989
4492
767
1702
1570
5946
4978
5574
2449
2446
803
1740
6942
1706
3529
5439
2939
5657
4607
1749
5552
3313
6931
5370
1479
1548
4842
5856
6945
769
6220
2895
2681
3310
3522
6966
1285
1707
5825
4264
4239
5668
5238
1170
5989
3040
5075
6804
2483
3770
3316
3170
1107
5872
5237
6941
3521
3048
3751
2886
263
4499
6325
422
5029
6961
3314
2616
4300
5113
6762
3525
1182
4304
6764
6672
4495
6969
6738
6933
206
1731
203
2481
2840
6383
1903
3754
7139
1674
6807
4455
806
1557
4305
1753
3753
4726
3045
2658
3779
6038
6922
3939
5572
218
6749
6287
3433
3442
3384
309
2229
6707
1741
6216
387
6213
1757
6908
259
5115
5048
2175
4530
4809
1574
6311
3472
314
4908
4422
3101
4904
2325
3784
4494
3038
6502
1668
4496
6563
4438
2935
5207
5816
3758
2443
2954
4266
2455
3789
5002
1657
3781
1937
3446
3473
2908
3388
5460
6034
5767
1333
6789
4935
4311
4309
3756
1355
3624
5010
383
380
1173
6900
6515
2315
6569
2915
6894
6962
1192
4536
4327
3744
2815
1932
5994
6939
902
1655
5967
5964
922
5986
308
2635
5985
5555
5981
2633
3949
2150
1578
6826
4532
587
213
212
6481
2215
3565
4202
6827
4723
6211
6928
500
6294
2466
1997
1660
389
6426
3933
325
6451
357
1042
5666
1538
6835
3043
3095
6806
862
5119
1601
568
4475
3166
6293
6737
3262
514
4509
6316
6723
5550
530
5278
4155
1701
399
2800
4444
4308
2738
5181
2005
6800
994
650
990
4428
5660
2060
5116
2136
5575
6769
4262
2798
1742
1659
1043
5399
6949
32
6040
3750
1284
3612
6122
2300
5903
7124
3491
1511
5082
1936
1172
5699
2587
6902
6944
3494
1443
1360
2382
256
5026
1316
7038
3614
3526
5381
2439
4953
1313
6957
5842
6351
2919
4473
6348
4810
420
1216
424
6763
5346
6925
854
5176
76
1156
215
2818
1975
4759
267
6559
4758
6301
3475
4216
5659
4870
245
5023
3591
6916
3333
3471
2431
1178
950
5456
5948
5314
6929
997
1952
6783
3312
3603
6030
836
4079
1600
2180
6921
2550
538
136
4643
6129
6214
5515
4846
5404
1725
6874
3436
6181
6505
6503
4961
5106
4498
2670
2348
3220
4359
4834
321
4969
754
3049
3430
6954
757
3692
3028
5824
5829
3432
2699
5940
2705
3366
3927
1675
3179
2936
7125
6904
6089
1861
6943
4107
4476
375
5665
4315
1999
2115
4201
367
4366
2447
5319
1044
6310
795
3562
7000
5947
5734
7005
2143
5024
867
5022
5128
3155
139
2842
1931
152
4491
1286
581
1933
6862
2052
3757
660
2383
1672
4313
5624
2074
7123
4408
6413
36
3046
30
1383
1385
5239
5436
1893
5200
4355
6470
5607
4367
657
2392
1336
5899
3142
103
596
3131
1607
101
4439
1311
602
7036
3785
114
3108
6362
4277
3102
5174
2917
633
2918
4297
4302
1328
5455
4434
3091
5036
3516
270
269
6215
403
405
5528
411
412
413
5077
2553
419
421
1755
6801
3337
998
433
435
1179
4595
3896
1187
6923
5658
3364
2234
1996
386
3931
1980
1981
6853
6152
6852
5679
6169
1784
4721
6872
1543
226
2684
4647
354
2706
6885
3448
3980
3981
4636
4618
4613
4611
1995
5514
6768
418
2174
4815
4066
6927
516
200
4821
6950
476
1101
2829
2525
1818
6290
6742
6308
1730
1213
6295
1813
503
6765
5652
1205
3514
6767
919
515
5039
2703
2112
2827
5854
5961
2955
776
2686
6140
2504
2953
4641
6337
2612
4646
5032
5656
2361
4700
1647
5801
4841
5613
6315
4976
2639
6313
4986
4829
6154
2973
4844
5817
4672
5819
2631
2667
5101
2347
5839
4963
4719
4412
5966
5109
5110
2673
4824
797
1001
5768
6221
999
4873
4433
5171
996
5930
5012
6363
993
992
1206
1183
6223
2788
5907
5047
1189
6036
5631
4568
5044
4441
5051
1215
1219
914
1032
798
1273
5993
1281
4753
1282
2816
4757
4602
6207
5654
5182
2387
5892
4818
4902
4901
4899
4599
1620
4425
869
4429
2524
823
4601
6459
5793
7023
3528
577
5396
583
67
6965
5566
1994
3511
7091
6947
7095
362
3105
3965
358
5516
327
6918
231
3951
5512
1860
3371
6850
337
3486
1819
3755
5475
201
1810
1705
570
2000
1744
6730
3547
1927
6734
512
3318
7013
4103
1842
3806
1739
4073
1845
3305
1676
7034
3788
6673
3772
3998
3347
5557
432
100
1838
87
3816
2040
3786
7037
6704
1747
4307
2058
2069
311
5244
1651
6898
1653
6906
6905
7136
1803
6
1799
6876
3441
6878
257
4353
3013
3897
3928
266
3
5230
5485
319
5450
6539
4310
6909
3935
6538
3689
6545
2
6506
5233
35
249
3065
313
3815
2232
6229
6797
3345
5965
429
4848
2183
2473
137
6113
442
430
5340
428
4020
2559
3813
4078
1289
2803
4784
5120
1843
3290
6755
4054
6760
3303
125
2237
6048
5025
5952
6803
4856
3925
5956
2580
6086
415
3362
2184
1046
5321
4091
1978
4644
237
5371
2542
3956
5998
2632
6003
1066
6857
1817
1218
5111
211
2274
3873
2194
3876
5331
1084
5042
3950
2540
6914
3922
3891
4640
2549
3355
2003
3447
1514
3921
3365
5968
1517
2480
1935
3445
5695
1470
1249
381
6970
4840
3898
1471
5724
6879
2615
2720
6964
5518
3376
370
7020
5713
5949
1367
4301
6572
821
2063
3633
1442
4426
1371
4303
2930
5773
38
5774
6568
654
1364
1362
4449
4903
3611
64
3135
3132
2378
1446
2385
1738
6581
835
6578
6576
6614
580
6543
1384
