5569
5560
4887
645
648
6819
5908
1096
1099
2281
4884
4880
643
912
5868
5136
5135
4888
6259
5568
5902
4885
4889
2729
5934
4882
345
3035
4883
5933
5932
705
649
708
5906
2725
5901
4886
700
2162
5134
5909
3030
5567
5931
641
5904
5370
3037
1094
340
2315
4715
3036
1091
6462
709
704
1090
642
344
2273
5918
3032
6468
701
4159
5638
2287
5137
6814
343
2727
2728
5139
5130
6256
5939
1923
3555
5864
5919
1095
2280
3813
5936
3039
1565
5916
3419
2289
5867
5905
2492
342
3179
2726
2495
5866
3176
2592
1097
5380
2499
5254
2167
6816
6815
699
644
2034
3187
772
5565
4153
7123
5860
703
2497
2408
5728
702
3511
2409
4881
4498
6569
646
2037
6995
3502
4369
349
4760
715
5430
2608
4151
2586
1081
5564
5566
2724
6993
5563
6585
2144
4009
4687
378
2576
2286
4454
5935
3758
5562
3586
4422
496
3950
6445
1249
2756
3819
372
2462
5133
4157
3477
3135
4155
528
1882
2720
497
5484
491
2925
525
3177
5339
469
499
3034
3031
5297
4247
159
3183
5913
348
3880
346
4719
7111
2285
3847
7125
4152
4154
3814
914
6193
10
1623
3752
3310
6126
1093
5272
4487
2722
3508
5138
647
1725
5132
2201
2759
3490
5086
710
4482
1900
4158
3188
1920
1392
3130
3199
4205
1385
6859
5903
5383
1887
493
1514
4463
5575
5774
5574
652
7118
656
2893
1699
3622
5264
5131
706
2203
6358
2748
7046
6414
6362
1547
2716
6365
1104
1709
2591
3487
2311
1854
504
6262
524
531
4458
5428
4011
4027
2985
6254
1607
2099
6303
5172
2948
2314
3416
4935
940
6189
2494
1044
898
4759
1083
2651
2033
359
4312
489
466
490
4256
1258
554
1242
4423
2119
2942
1352
4460
6008
6014
1357
4207
5149
4525
3211
2751
5075
6125
1620
5377
5410
5863
4060
4022
5558
7041
3818
1909
1453
1895
5573
5869
3865
3528
3816
1600
1877
1740
5415
4019
1878
7004
4637
6567
3174
3905
4093
617
4218
6104
3472
3355
4001
2254
269
3554
3558
788
3038
3158
258
5313
4530
4496
3526
4064
657
707
1502
2195
722
173
6464
2774
3946
6461
640
5295
2216
752
5294
5727
2941
1888
6409
4666
2674
3507
3411
292
5797
356
5900
1929
1022
2578
3707
530
1931
309
3300
3415
2322
2984
3104
5794
5983
6240
4929
5911
5
5267
2949
6367
2444
6251
584
2498
325
5570
4197
2288
2114
3313
3630
526
171
4021
1184
6673
4447
3449
3470
3465
607
4440
2123
4453
6986
616
6584
3489
569
4425
627
1496
4005
2981
175
552
2092
5483
563
6830
6522
3879
3641
5576
45
6153
6334
2572
2545
890
5694
2539
1048
5010
4833
6166
6168
2507
5602
3770
5606
2348
6255
3764
5640
11
2279
3599
1089
4693
4563
5554
1726
4581
4586
6466
2769
4621
6431
757
6418
7049
153
2742
3928
6109
5725
5723
104
1102
811
4664
1556
3591
1559
4684
5088
6411
653
5435
483
1986
4063
5930
4246
3370
3357
3182
1355
3189
5342
1959
1958
3347
5910
5391
376
5907
1904
5358
347
3288
4169
328
4167
1287
5961
1881
988
3948
3139
6743
2205
5337
2753
4244
5924
4625
6416
6413
262
5064
2063
790
1550
3351
5048
2272
3578
2706
219
2702
3585
4214
2779
3350
4611
2200
5937
158
4504
6037
1320
5147
1180
243
3509
3961
5748
1743
689
5320
1528
2810
3520
4258
3384
3952
6495
719
723
3378
2199
4589
4494
816
4213
2529
5384
3776
6182
4979
5364
2493
5607
931
938
939
4171
1601
5634
2460
959
6238
7163
4166
2443
2376
4922
2433
2405
985
3811
1098
6163
5361
384
523
3594
84
4014
7087
1902
7090
1564
3892
1702
519
4195
4194
7120
7122
5865
2594
4137
5042
4142
4782
1062
2554
4178
350
1511
1970
1446
555
495
4481
2096
2977
5292
1202
4479
4472
602
5947
4461
5508
6022
3978
488
5988
2035
6582
4059
615
614
4428
2120
4457
480
5778
2126
5505
4008
6011
1506
654
1857
2990
551
2078
5491
2986
6715
1257
3969
4131
4368
1451
520
4749
2047
2464
3040
3754
5577
7128
2597
4934
6586
5040
5032
3315
5344
3418
4427
4124
2965
5721
2276
2700
4307
1295
4902
4667
1874
89
4669
2673
6133
7166
2951
4048
5972
6368
2659
834
3753
379
6001
3893
6233
1215
5013
6871
2574
2330
1626
3044
6283
3244
1591
5880
2356
4006
3033
3286
5502
227
4874
1017
2095
5684
4972
1651
327
1010
331
4966
507
3709
4982
4861
1395
553
1063
5987
1058
2446
6313
2555
2312
2371
5465
5985
3410
3413
3812
492
1622
1908
1237
3779
6239
4831
6856
4150
300
5504
5351
2128
5940
6474
463
249
3529
711
713
1977
6496
1201
4583
3134
3381
6012
3951
5291
2202
178
432
4459
2760
122
3944
5810
750
4245
5102
7026
5101
5543
6017
4490
662
6036
5525
6547
157
2852
1505
4524
1998
3498
5144
6999
5141
1325
4533
5521
4536
3107
4289
1525
1778
4567
7023
7024
2187
4243
4374
1137
5951
5273
609
102
5559
1961
1969
1552
6711
2048
5914
7054
3932
502
3178
2244
5341
5964
6412
2271
5096
4452
2932
759
1810
3375
468
3902
1755
1312
5275
1262
1105
1962
1165
1926
1246
2121
1659
2346
1440
5165
5150
5394
5798
1741
5561
5795
4952
5979
5245
1924
5239
5528
5942
2344
1360
5649
1476
5660
4921
1784
1298
1634
1396
1400
1735
1535
2343
5600
1079
2229
5386
1053
1720
2066
1906
5185
5928
5927
1344
5011
2208
2118
1954
5695
5181
2209
6095
2306
2065
2227
1208
1057
5401
6009
1239
5971
2342
2341
5581
1880
1420
1724
5378
1163
2193
4981
6006
5601
2328
1568
1087
1086
6169
2064
2134
1272
5116
1043
1131
4907
2274
