2633
5654
5653
2444
6035
5658
4285
6924
1707
445
1701
2616
2164
6911
4455
3100
2443
446
2449
5663
4101
3045
6910
4278
6916
3040
4601
444
6033
2329
4176
3521
5431
3526
1171
6927
6957
5576
3772
3848
4603
3286
6940
7164
5438
5448
4600
5574
5570
1479
5453
3778
5876
4219
1280
6900
3283
1654
4604
2639
4183
1706
2637
5655
3941
6922
3288
3318
3967
5434
6034
2326
5223
2328
3546
2116
3468
5575
1176
2442
4283
3757
3454
5449
443
6949
4608
6948
3313
3101
6038
6562
5870
6001
3088
1285
5437
2452
2000
7153
1705
6807
6039
2251
6574
5457
5483
2686
3847
5657
1653
2324
4374
5458
6929
5450
6921
6920
3787
764
4071
442
440
952
6806
3319
2325
3314
6677
6530
6672
739
5652
5579
3102
2264
5446
7012
1327
2003
5441
1916
3846
5436
3776
3750
6122
6931
3310
6112
3316
6942
2481
6959
2596
5452
2168
5665
3315
3458
2963
4632
5874
2781
3085
4280
3333
4264
1173
4189
447
5439
5444
3766
6559
5445
1282
2323
954
6935
6030
1199
1656
2070
6789
2667
3845
6845
2081
2067
6928
3529
4607
1466
5771
2573
5855
2193
3602
955
1650
3109
752
3048
6785
6032
6544
6543
3086
3758
448
1286
1914
1172
3695
131
6572
3518
2060
6914
2062
4055
5050
3987
6724
4279
3840
7161
2619
1195
6945
1249
1658
6716
4566
1067
3844
1431
1884
4602
1655
3528
3106
1061
3745
6424
7142
4263
1242
3691
6933
3281
5520
5553
218
4082
3000
1472
6953
6968
3823
2187
2621
4986
5792
6947
635
4072
5459
1557
206
6120
5515
4989
1937
3771
5834
6904
6575
1531
950
203
4289
5206
6129
629
6314
4392
1322
2268
4284
5371
3290
3104
2445
6113
2322
6037
4636
2269
1697
5087
2076
1783
3524
6422
2883
1463
1066
2004
6908
2684
6923
6926
651
6934
3838
6941
3679
5413
7155
5433
7149
1491
2897
1912
1919
1926
1179
5447
3827
6944
5440
6769
3914
998
2196
6582
4786
3464
3043
452
4987
6556
5842
5033
4057
4056
3041
6576
2226
4275
6762
6546
6031
2961
3082
4182
6531
441
449
608
5456
1495
4700
6014
2815
2906
4984
2636
5659
1559
2634
5616
5573
5559
4841
2631
2870
2446
4577
2669
5204
5989
2973
2875
5507
3664
823
6730
996
202
4070
4073
4079
1263
1342
962
4175
1287
4212
2248
909
4271
1295
3412
4036
3522
3908
3640
3688
7150
1918
7031
7019
3779
1943
1944
6938
6930
3843
1825
1979
6905
122
3533
6433
2262
2788
6234
1329
6223
6339
4305
4450
4398
1310
5872
2886
3907
140
3904
2879
5125
133
6864
126
1068
139
6835
2889
6812
4051
4050
1630
5660
4035
6767
2102
3469
6774
3964
2082
4288
2066
151
1467
6256
4422
2851
5211
5370
3656
5329
7158
2795
3681
1351
6021
1637
1911
1915
7069
6011
7038
6007
3775
6003
506
1984
6222
565
5506
1474
1989
1476
6936
1516
1328
6961
5455
1098
3842
5666
3961
2451
2983
4100
1596
967
3024
1598
4367
4842
3025
2570
3038
5807
4138
3452
6568
6557
1284
6551
6333
1317
6352
4214
4266
5879
1306
1693
5856
6400
1283
2982
2911
2145
2979
209
4377
211
4059
1319
5965
4391
1425
1245
217
2458
1302
3478
714
5260
3834
1091
4606
1190
3089
3781
4003
1444
997
3769
1178
4032
5326
836
1177
3755
1290
5318
4282
3608
4272
3615
1441
3084
999
1196
5250
4453
3457
5106
3023
4412
1040
4875
2871
5142
4103
3008
3906
4942
3002
718
5109
2895
1069
3862
5089
5232
5228
4122
5227
3399
4108
5218
951
1268
3519
5088
4830
4619
3459
3945
963
843
4609
7169
6786
5790
6763
6337
6335
179
6770
2572
6782
5805
5572
2250
2537
5825
2331
5836
2530
120
5656
6903
2635
1756
6506
2242
6536
1590
2230
5723
6488
2625
6566
1700
1593
6584
2456
1595
5694
2148
6687
2299
6907
1714
2333
6980
2506
6975
1541
6974
2520
5999
5849
6965
7095
62
6121
2447
6939
6956
6932
7166
2677
2681
7156
6124
1632
6919
1820
2474
2693
1824
6420
821
4233
2259
3336
2448
1348
899
6404
5979
6451
5995
2256
387
6378
386
6254
1657
4397
4394
6263
4379
6128
4375
4345
4339
2339
4326
3280
4321
1678
4314
4477
4300
2785
6388
4287
6403
314
6587
919
2064
3933
3525
6855
2031
129
2008
3859
1077
1078
1826
6937
6946
3555
6809
6970
3789
6979
6988
1936
46
41
1931
3759
7119
7121
1913
1910
7146
1901
3795
4203
3948
3496
4185
2240
4171
4153
3359
3393
6578
2199
6583
3397
2190
3425
6674
2152
6784
4095
216
1250
208
990
204
1765
6748
6760
4037
2111
6768
4030
6776
3982
4087
2459
5478
4983
5796
5650
5085
5193
519
4815
5514
5526
5835
4781
1550
2702
2607
5486
719
4737
2977
3660
5633
2986
2647
2579
742
1545
3006
2580
2638
5795
3003
5696
2576
5603
4843
751
2989
1542
748
2842
1401
1423
5697
625
2933
5398
2918
5443
2513
5859
4612
2749
5030
5301
5680
5039
5846
5451
2837
5268
2838
716
3463
500
175
6772
6627
5108
3426
5045
5097
5100
3493
4094
702
2088
5577
6721
983
215
1762
5075
1760
993
201
5675
513
6749
1004
4026
1437
6757
205
1758
1240
2921
1556
2128
5060
5090
4052
4615
5156
2073
3824
3798
2718
3788
6973
2741
2832
7003
3770
1934
7018
5435
34
7041
7048
3754
3752
2806
5430
7141
1903
2789
3626
7
2760
7159
3646
2780
3667
5477
6962
2717
1197
2069
3944
5554
6842
2661
3932
5531
144
1791
6847
1054
1056
3902
3900
2075
3530
6874
3545
6877
1462
1998
1464
5192
3849
106
5519
5511
1198
2683
5496
3894
6620
3427
2575
2278
473
3021
4459
4867
6401
308
6036
5850
2266
1692
6410
1300
3252
4273
4648
3249
3244
6484
2334
