5573
5577
1700
3753
3751
763
5578
5669
3319
3752
1702
3529
3754
3523
3758
5571
3310
3315
3314
5662
6122
5557
5075
5576
766
3311
2448
5575
2444
6902
4654
3756
3755
3316
1704
5816
5579
3443
2445
314
2949
5574
5872
4314
768
6933
1707
5343
6947
6850
6140
6909
6928
904
3312
5439
5703
6931
4973
6944
3526
779
2449
6941
4843
3921
4066
3750
2686
1706
6125
4315
5109
1937
4311
5179
5665
5825
5989
5584
7128
1041
4019
764
7023
3441
2633
1557
4651
6413
2443
3313
3759
3757
2441
1817
5508
3340
1316
5663
131
765
3447
1313
4129
2589
5788
2023
6949
2616
4313
1949
4316
5296
5552
6718
786
1936
3370
3565
1674
2939
1600
5824
1134
4476
6405
5100
5037
6641
6807
5032
6648
4989
1044
4715
3689
6121
1675
227
6832
4334
3088
5829
5776
2915
5626
5196
6939
1932
3779
6925
836
2472
2446
5105
2788
6911
6910
1709
6213
1384
3981
5207
1570
2204
1360
4835
3132
3472
4481
4904
5797
821
4809
2684
2594
4011
3520
3896
2408
5514
5370
226
435
6531
3290
503
4923
1043
2587
7115
6715
6395
6137
6397
5022
357
650
901
2886
1249
4160
1239
1900
5647
3050
2798
6416
4155
5104
3500
771
6236
5732
4700
3
6906
5519
3894
35
6918
5347
6905
3926
1667
3318
3895
7141
6632
3446
4452
3502
5404
2109
4607
1183
5668
1189
3899
6408
3410
6916
2952
2955
500
4941
5101
5529
4361
6903
4969
1947
1023
5817
6412
1942
5149
1437
5808
4833
3045
6120
5651
4942
3107
3792
6943
6922
4253
6741
5023
3816
2000
5767
6858
2815
2613
3220
3521
4463
433
6229
6081
6498
1563
6215
4332
6022
3525
3748
4321
3797
6495
3794
1335
6400
6220
4408
4815
6853
3151
3150
5146
5813
32
3100
5787
5526
1784
5550
3025
2619
3024
6852
5294
6879
5039
2945
5042
5239
1866
5637
125
6945
5113
107
5119
6927
2800
2060
3161
3139
2344
5506
270
2175
5879
2174
6608
4650
3433
5924
6597
4631
1601
3448
4530
1143
5873
761
3343
762
2229
1701
3268
2205
2136
5143
3331
3303
5457
770
5543
6287
5192
3958
5291
5346
5517
4026
5314
777
5523
6214
4016
5986
5654
4310
1021
4319
5819
1028
6038
1040
4759
4757
1072
1192
4652
6030
4573
5985
1236
1274
5803
4938
4201
5657
4202
6142
5667
5044
917
4976
5987
6136
4963
4956
964
1237
6126
4901
414
738
2481
6920
1605
6566
1575
34
1567
3508
6536
3333
6511
3547
7127
6481
3637
3647
3686
3733
6411
2440
1651
1670
1998
6924
1904
1909
2923
6895
2959
1944
1815
1811
176
6965
6789
3115
6786
2658
1740
218
6749
2586
1478
367
6921
1393
6383
3790
5456
3791
3799
3878
1430
825
960
5436
5794
6344
3101
5789
3097
6806
3091
4907
3038
1954
1396
5777
4953
4251
3128
5842
7148
1317
3188
2189
1981
5822
3186
1024
5627
6764
3155
7005
1738
5812
3871
3133
1748
4842
3130
2614
3118
5237
5330
5064
6325
5066
2911
5680
3925
2164
6908
5187
6316
2829
6914
128
6923
5661
2821
5115
5658
660
2988
103
405
1809
4978
6963
4017
6957
1813
5024
1391
6897
1818
5
5736
5734
4013
5731
6934
903
5191
908
3828
1685
4736
3563
2203
4163
324
6501
30
7124
778
4138
1558
3793
3504
4438
4449
508
5331
6366
301
36
4182
3602
3612
1511
2101
6141
2208
4205
354
4204
350
4304
3732
1157
6419
3730
6390
3672
3648
2392
6083
4200
2405
772
6426
7123
1743
7117
5562
1311
3337
7064
3376
3379
2003
3474
4640
4087
1078
3442
1106
6583
1604
2016
4472
4475
2455
4477
1130
391
5856
6672
3469
754
2238
5334
5142
2539
2806
2812
1986
2531
1979
5341
2267
2407
2315
2452
5256
2201
2681
2029
2667
5180
2478
1918
2409
2631
5410
5385
5407
806
1948
3949
2823
1534
3531
4416
3522
1556
4453
1571
4318
3475
4473
3473
4490
3471
3457
1609
1624
4470
4312
1231
3641
3927
3897
4022
3853
4075
3848
3821
3806
4115
1285
4234
4248
3746
4305
4309
3692
1234
3342
4682
1653
4726
3028
4975
1810
1812
2972
905
2957
1838
5043
2927
5080
2895
1861
2885
2836
2825
1886
4961
2818
3040
966
3295
1048
3294
1045
1676
3267
3260
1705
4765
3178
3154
3137
1365
1747
4927
4935
4939
3044
3584
4719
6346
5653
6704
246
6016
6590
6588
7114
5623
6573
299
7125
6108
307
308
467
5613
6161
6516
6506
6503
6484
5655
6475
5948
5659
5772
604
6938
5790
136
5792
6904
6898
6894
5760
5801
82
6969
76
6847
5852
5854
546
7018
6783
5944
224
6208
5641
5768
711
432
6351
6355
6345
6323
7159
6219
7139
2
6357
1
6211
5525
3923
1371
4725
551
4692
6812
396
1047
544
4721
3104
3102
1730
211
6767
1737
6778
3135
4636
5903
4645
4647
1749
1086
1427
1755
6835
193
409
5818
4764
115
127
3892
5774
602
5778
5781
1868
1399
138
3859
4936
139
1392
392
5798
2930
4802
1029
3796
568
4811
1383
3003
4817
1830
5804
3898
4871
5800
152
1385
1126
4158
1366
6138
1319
3507
3477
1574
3735
1555
1476
6071
4029
3739
1589
4317
6040
6567
3509
1312
3518
4135
334
3567
6483
6216
3546
3535
1543
3682
4085
3684
6155
4206
316
6149
3444
1598
6587
356
4461
1449
4465
3784
1678
519
4474
1436
4488
6735
1364
4509
3795
6471
221
4454
1708
1660
4444
4331
6238
364
3440
4360
4367
3417
4377
2803
4392
6033
3378
6018
4428
6293
6011
6762
1433
5337
2628
1968
7147
5197
837
5528
906
5632
5630
7122
5345
2104
7160
5025
5472
7094
5348
5712
5649
5660
2004
1997
5121
2585
862
5494
919
769
2519
2017
7022
2480
2273
2206
6998
5099
5763
6970
5290
2185
5295
5328
