5574
4459
4452
2062
5459
5573
3412
5669
5570
3288
5457
4457
7012
772
449
5458
3640
3283
4070
5558
6001
7019
7153
2443
6033
2448
5575
6979
5370
5413
7003
5576
3647
6974
6976
1478
1041
6973
447
2633
2067
4453
3843
5848
4079
3947
5453
5455
6022
2060
1171
4458
6927
4314
2199
2193
4129
4841
4834
4715
6975
766
3941
2068
3847
4451
6910
6005
4072
2440
7004
3286
3294
3529
6716
3646
5452
1421
2446
5454
5922
5903
4608
4335
6006
2196
446
4316
2203
1176
4158
3280
4331
2195
2102
5383
1427
4456
6964
2190
5451
4078
5571
5626
444
6126
5377
136
6408
5075
4604
763
764
6233
6030
178
6008
5057
1116
3316
2409
1948
1287
1282
2192
7150
6972
4075
2788
1590
3523
3281
3129
2069
2886
487
5660
1683
3123
5446
6000
3757
2444
2480
1452
5579
3558
5578
6002
5552
448
1596
716
5680
719
7163
6322
1043
6560
4249
4156
6003
4923
862
4110
908
5067
5788
3948
2164
1280
6009
4054
5061
6236
6214
1700
3008
5944
2081
2996
2088
6035
6151
1943
1091
548
4470
1044
6411
1040
1127
1129
4700
1234
5088
5089
5100
5164
5220
5224
738
3945
3908
1682
562
5577
1658
3311
4455
547
3457
3745
1386
3766
3783
3845
5407
5557
6534
7169
7164
7018
6757
6815
144
6894
3187
2204
5823
3863
4317
5663
2619
5795
4589
955
748
1055
3750
5518
6403
1157
3987
2189
3284
4454
2344
1989
2346
1685
2988
6991
3793
765
4313
2792
544
7123
1446
6852
6879
2191
4326
4954
6409
6703
3682
913
503
3152
6957
6501
4640
1078
3038
2911
2065
6531
4465
2274
5601
440
6160
4304
5845
739
1598
3174
3472
509
4330
405
6426
3455
3135
4654
3898
6416
204
2505
3862
3285
1122
2324
2625
1048
3860
5474
5291
4307
5961
2466
5973
5343
1884
5986
5987
4603
2481
4605
4609
5325
6632
700
5410
400
3894
5465
6921
2609
1684
5250
3865
7068
1045
3743
5857
3113
688
3120
4319
4622
1595
4601
1732
4429
1994
5034
7023
546
2100
621
5668
4450
609
2187
6368
3746
943
1465
5654
3565
2167
5560
4073
6900
954
90
6407
5653
6971
5043
7156
3764
1689
7049
5803
176
4846
5948
4847
4119
5069
1703
179
4927
2070
7128
5044
5051
5725
3475
829
4600
1748
2857
5647
5629
7010
5569
1743
2502
2497
2855
1645
3150
669
1403
5478
4556
5797
5514
1697
1701
4379
4377
519
5774
645
4530
1087
5842
3006
31
4426
2749
628
2809
2819
2943
5664
2930
4488
3892
3797
5627
2441
2468
4160
4737
7061
4636
1597
5162
350
3289
6567
3287
2325
1949
1454
2160
2339
1426
2322
769
4057
4214
1995
4053
5048
1555
3344
6254
2194
4219
4690
7042
6365
1459
6854
4650
4208
4056
4013
6941
5169
4089
1239
7028
2918
6007
1422
1420
4842
6495
736
3482
2462
4120
1246
1637
3487
3477
2459
4322
6031
7121
903
387
5292
3469
6415
5295
5952
1914
2980
3381
1457
930
2975
3752
3753
626
4498
922
881
5551
2921
620
169
599
1527
3478
4743
7031
3413
4881
4886
5559
3436
946
5023
5037
6858
5040
5257
3096
3183
1039
5438
4586
5424
5297
4615
744
6814
1418
702
4594
1034
730
1653
711
3163
5346
2061
717
3160
6847
5038
4635
5179
4702
842
5045
3002
637
5049
5531
3346
3007
4691
646
5068
6826
655
3654
1695
811
1431
3040
1591
1593
5476
5155
775
6780
4602
5993
4254
4253
4240
6405
478
6227
6230
486
3861
2642
2658
500
6562
2667
6234
4389
507
4207
6479
5792
323
6481
3818
4255
6438
3893
2315
3944
1907
2431
2437
23
1314
382
5994
4083
4333
4334
6248
106
1146
4082
4338
3949
4305
445
1875
6410
6120
1947
2488
5963
3799
6402
6909
1789
6911
3770
2789
4052
3792
1986
4026
5665
2198
6291
5667
3787
1998
2197
2181
289
6294
4425
5744
4189
6521
4430
2828
7166
4071
5732
1248
4167
2329
6110
4044
3258
4300
1455
1476
3367
2327
6252
6352
4739
4987
4936
83
4732
3186
5278
386
6037
2188
5580
4623
761
762
1617
2408
1425
5025
5245
3229
6388
5042
4285
389
2209
837
1985
1984
4197
990
2206
1202
1565
2205
821
6262
985
1981
3331
825
6256
4695
3975
5111
952
7064
2200
356
1599
1954
5161
3994
4002
3684
6206
3602
6544
5126
6978
1968
5119
4011
336
1594
4930
1749
2108
2985
2986
5737
3004
5740
1106
4422
4096
1360
1702
1698
1817
2679
6998
3025
660
1511
501
5821
392
2614
2610
1047
3751
4580
2978
1781
4463
174
173
4118
5618
2063
219
4835
5567
3758
7005
568
606
2064
4477
5649
6908
6787
4848
7001
4491
4496
3789
1783
476
5472
3080
5394
1398
1516
6674
1650
443
442
6437
3921
151
2084
2101
1889
2183
6417
4907
2458
6413
2449
737
1155
1419
2442
3464
5301
2484
5928
5392
6712
6451
3104
4085
5856
939
3118
3874
2589
5927
3546
1848
4367
3623
2576
2485
3128
156
3896
1327
5868
4763
4807
4753
950
6947
1493
4124
4820
4825
51
1466
3531
86
3616
7024
4315
4719
6539
3875
6884
3872
3744
3869
3848
4566
6918
1393
3844
1032
1056
4536
1059
4440
4490
6899
3755
3780
3773
3762
3760
3761
4421
6996
4336
3740
6977
4708
4706
4697
1285
4678
4649
3692
4643
1000
1002
1003
4003
1429
100
4310
4312
76
4616
4318
1424
6995
3932
3710
1026
966
4833
3167
563
5651
6877
2825
554
6770
5694
5709
2757
2743
5723
2740
2858
2712
5776
2694
2688
2683
2678
2673
2672
5824
2624
5847
472
2703
5858
2887
2915
34
164
3058
668
5496
5515
5519
5520
7080
5530
1707
5621
5547
622
5554
6789
608
607
2927
604
2923
5566
1744
175
627
3105
5870
2537
6554
1979
