3847
4059
3518
2443
5435
731
3770
3779
4055
4056
5574
6954
6562
3776
5579
4052
764
4057
4214
3464
3510
5570
2449
4053
6957
2441
2447
5874
2446
4986
4984
1931
1243
1246
2615
2164
4051
739
5431
737
2444
3777
2448
3775
3412
4566
3845
5437
3466
5855
3469
4266
6528
6672
3415
3778
952
4983
3774
955
6948
5850
1242
4189
4982
3463
5853
954
3752
3418
5576
1703
1707
4210
6927
4377
6568
5872
3656
2191
4284
3527
356
374
4050
5575
4768
3462
3319
6958
5553
5572
3413
1247
4961
2629
1221
4989
5192
6916
6035
1934
5999
3692
142
3467
2440
1004
1940
5851
2320
3844
3562
2194
6677
1144
7042
3038
4176
3468
2918
3546
5607
3757
1359
5859
6961
6128
3524
2684
4615
3945
5531
1007
4619
1017
3688
2271
5792
735
3519
3465
714
5204
3195
6566
500
1507
6112
5438
6129
1340
3458
3088
730
3414
1943
7142
2068
3766
6933
2250
2187
4212
1048
3773
4288
651
3681
5412
6875
958
6403
6117
1949
5433
2484
728
5663
3472
1145
6582
3994
719
5419
3198
6353
7145
4985
3313
3840
7163
2611
4981
2983
3526
3417
7146
1427
1140
1245
700
3949
6524
5166
4374
4988
3529
6565
991
5817
4073
992
993
3658
6975
2637
5434
5439
5397
2742
5959
950
6269
951
6609
5892
5391
3485
1988
1918
4473
6947
3762
6234
6915
5432
3848
6959
6370
3096
1424
4841
1184
5694
5101
5507
5551
175
6716
843
3769
4830
1005
2253
3772
5573
4000
733
7003
2973
2361
6670
2368
6673
62
2902
3900
4293
2543
2558
6944
1046
4625
5600
2755
5878
3218
5879
6810
732
509
5307
5567
2620
2984
4275
4203
1880
160
4564
1834
3193
2986
2732
163
2961
6206
4475
364
1704
5550
3191
5503
4472
5563
1702
5861
6378
5660
6597
3461
4249
1894
3767
5697
3964
4054
6967
706
2480
6802
1249
2021
1615
4987
6640
5782
3095
4217
3873
2538
975
2442
6656
5039
2541
2445
2023
3259
6979
5856
2224
3768
6911
6918
1158
4108
2639
5749
4791
3410
4202
1234
3457
4762
5858
3843
2908
4626
5722
6953
547
5430
5625
3908
7048
1199
2769
2759
3178
1240
2746
5577
4969
5396
5395
5986
5665
3771
5445
902
6925
6924
4122
6972
5069
2625
4289
2565
3216
201
330
203
206
5291
3744
4307
953
6882
3664
4006
6373
7141
4427
144
3347
718
1001
717
17
2452
6574
6564
5041
3654
5055
2297
6814
4498
1705
1700
6892
6898
6236
4282
5075
2258
2617
6909
3941
1040
6268
2257
3196
6796
3660
1188
721
3842
4786
2889
140
4774
3132
1423
3904
5463
4767
1180
716
134
6603
1401
4219
4904
519
7020
1598
6724
2935
2325
1182
7000
3416
6760
4865
4283
7028
1545
1425
602
7143
3444
4304
1181
5552
1124
3663
2954
1783
3822
2264
6644
5571
3454
725
5674
6165
5794
2540
5370
4422
2542
6003
6002
5308
2195
6941
6366
5025
6021
948
3135
2120
2554
4185
2749
4618
4454
939
2562
4458
5294
1517
2190
6262
6275
1701
3166
6204
5811
2528
1384
976
6222
126
6494
3520
667
5807
4970
2102
631
4496
4002
2196
6123
2122
4413
2616
5010
7144
7103
3294
3318
5057
3008
1457
1986
5129
2000
3317
2996
3281
3189
4941
3028
4966
1947
702
5190
3249
3255
5203
1948
766
7065
1485
1142
635
3242
3998
5465
5045
5222
5470
771
5232
5414
5246
4972
3894
729
3183
3217
4976
5018
3993
1274
577
2198
6522
1944
6488
3865
3568
6410
6402
1061
2556
4450
332
6283
983
6884
6888
2596
6265
1559
2129
6125
2624
2636
6085
4586
1674
408
3755
1352
6004
6541
6586
1827
4278
3943
6757
2276
1302
1025
1185
2353
3677
2362
3816
2393
4215
1006
6638
6637
1003
235
1290
1002
6621
6606
6604
999
4327
2218
6842
6639
2688
2598
5810
4735
463
838
5824
5626
2910
1138
3977
1168
881
5654
2788
3963
2906
3761
3459
6980
3460
1231
4715
1890
1641
2773
6973
2760
3513
4622
2741
1649
5557
5870
5556
1421
3511
888
5554
2952
2740
1418
4902
4323
3411
4276
3455
4281
4814
4294
841
4936
1024
4322
4138
3815
1022
1420
3695
3442
4980
4024
5011
1348
3554
4465
4971
4178
3400
893
3525
4078
3514
4199
3515
3516
4974
4085
4640
3372
4160
3340
3474
980
979
4395
970
4087
4414
3563
3494
772
4428
3369
4439
4960
4258
3785
2569
6813
3969
1743
3868
2856
2408
2226
2859
504
1853
2886
5719
511
6646
5695
3976
6254
83
2557
1194
5565
2930
6934
2619
2566
6923
2121
6270
2584
2589
6624
6931
5771
6809
5787
6762
2274
1645
5876
6066
2290
6764
1678
3866
5979
208
189
2311
199
3846
6587
5833
2778
2385
487
2626
151
2630
1836
2777
5800
6097
1823
2268
1637
6773
6082
2383
2451
561
571
1492
5295
7090
1498
5306
669
6388
5331
665
2544
2453
6382
1241
7056
2003
686
6390
3235
1941
6483
2505
3306
1471
1936
5162
3263
5197
704
5210
5211
6404
1993
5231
652
2063
3192
641
6308
2982
6572
6563
3003
2458
3887
5409
1900
7001
6352
3827
2668
1176
3133
2479
1210
1526
7009
5436
3618
997
2370
1796
4370
6569
2483
6575
6599
1307
2481
3616
2409
6521
6525
4378
3647
1128
6642
1766
232
6616
6654
218
3628
6625
6529
1789
2251
1183
3928
3764
6952
4167
3765
6965
6976
2088
4151
7006
1092
2067
1904
4101
7044
3912
7068
4083
1999
7110
1969
3906
3780
1927
7128
3903
1937
1946
3902
4181
6682
4183
6938
6734
2291
2278
1301
1820
4280
1833
6798
4274
1835
1838
4254
3786
1292
4240
6844
132
1056
6845
2215
6877
2192
3883
3745
6900
6913
1067
6922
6932
4184
1248
5086
6497
5602
546
833
2928
5586
1120
836
2950
4872
4873
4886
4898
4901
