3752
3319
1702
3758
3310
3753
6122
1700
3754
3315
3751
3314
3759
3520
6945
5573
6121
3755
1707
6125
6928
3529
3750
2444
6902
3100
6934
763
5439
5577
1932
3045
3756
5436
6949
778
4654
5347
6903
6943
2686
6807
1192
4321
5370
1704
1936
3443
5579
6941
6531
6931
6920
3441
3370
6140
194
6120
6933
6133
3107
6925
6924
1705
1706
6922
3040
6536
6916
4843
6416
314
5872
3526
6083
3660
5578
5816
6944
1348
5669
3313
5703
3504
6142
6016
6910
6911
3779
5651
6917
4715
5144
3088
3318
6947
5341
5101
2000
4989
1239
1249
3668
5296
3109
1926
1935
901
1360
5658
650
3091
4153
1784
6678
4481
6739
4266
4066
6912
1709
1231
5655
1185
2631
771
7141
3446
6939
5657
6411
3502
6134
5659
6219
6763
1629
1675
367
4607
6906
3316
1967
5149
655
6850
6918
6038
1937
6789
4956
2244
5824
2632
5348
6141
3525
3024
3041
3043
3102
5797
5794
3268
5526
5695
5569
5571
3447
3343
209
2594
939
6764
3757
6530
519
1900
1701
5121
4204
1570
1474
6908
1359
6926
4651
1313
7146
5294
2003
6413
6316
158
2408
3696
2812
3115
3134
4264
6147
6783
3189
4425
3500
6904
6905
2637
4966
1624
5523
192
6921
3692
1081
5576
1134
1173
4757
1237
5107
1282
5343
6932
2633
3333
5665
2636
1355
5654
6915
2409
2235
2834
5179
653
517
2827
2825
3816
1944
2820
159
5985
5400
5346
3044
6648
153
5314
5445
3932
5448
836
2952
6034
327
5409
5431
4138
4696
5575
4923
5331
4768
5313
4811
4687
5223
3472
356
3521
4155
3518
4200
5443
381
3509
5491
5207
365
391
364
4011
3976
4463
5022
5528
3450
5042
5345
2949
3378
6592
1817
1920
1931
1933
786
6483
1981
772
6464
6419
768
2023
2107
6397
6372
2306
6608
6635
6715
1657
1022
7098
6957
1317
1344
6914
1385
876
2448
1436
6853
6851
1479
6808
6803
6769
6767
6762
1467
2449
1941
2468
3133
3135
3130
3101
3139
3095
5879
5899
256
3082
219
656
602
5736
226
6137
5662
2589
5647
5649
6149
1017
4278
4315
4361
1142
4765
951
1472
4763
3176
4616
3311
4473
1441
1189
4577
4601
1556
4602
3342
1285
3312
3341
1352
4253
4167
4234
1969
2919
2852
2836
2835
2001
2955
2823
767
2673
2129
2621
750
2586
2681
1557
3413
1918
3506
1622
1623
2466
4159
1625
1927
4151
3523
3084
1740
3083
1807
1867
1651
4833
3584
5462
6786
5619
197
5141
371
5972
376
6965
6938
5037
5803
5344
67
34
6930
5196
6874
6136
6913
218
6539
6510
6909
4963
5297
5792
6590
6211
6641
5749
6642
203
201
6599
362
7136
6108
6695
5825
5434
5291
6412
5261
90
6168
7128
1813
3558
5813
2614
5383
1854
5200
1857
6597
1923
1882
6220
6578
6556
5293
2854
128
6400
2035
3385
2064
5642
150
3363
3417
5646
6388
2216
6362
5789
2254
2322
6295
2439
2441
2445
3442
723
2462
6501
309
1949
5472
6238
5508
131
6499
3186
6471
3469
3187
5562
3448
5574
5441
5859
5146
5191
659
4611
7122
906
7094
5016
2774
4501
1279
4454
6936
1316
30
390
6927
7124
885
4637
6037
985
4815
2922
4767
4764
200
2941
1073
1086
409
7129
4689
1172
7126
406
210
1377
889
2638
5978
4160
6800
4135
6765
5957
6748
5947
508
5924
1678
2344
3964
6646
3950
6138
6809
6806
255
1392
4194
4244
6148
4205
6891
6236
6058
2605
6210
6287
2596
6234
6154
2446
2717
2481
700
2634
2592
2788
2804
2575
2539
191
2478
6068
2374
6738
1626
853
6804
1566
1477
1453
1430
6900
1379
1365
6919
1287
1670
1253
7037
7100
1236
1225
1197
7125
1183
1072
1067
1061
1044
3
997
6968
2393
1674
6632
2334
6327
2201
2109
6418
6468
6469
1998
1979
1959
1952
6503
1942
6637
6506
120
1928
6566
1909
2850
1884
6580
1816
1811
1810
1768
1731
6616
1934
1903
4421
4016
5040
3712
4467
394
5018
5760
604
5765
5109
4555
4012
4581
609
5298
5010
3295
3288
3569
5790
4621
4626
3183
4588
2867
5049
5641
5090
5457
5458
3522
311
5105
3511
5475
4239
5525
3486
5088
3666
3475
5529
5587
5626
5075
5640
3689
546
3410
3391
5272
5254
5096
3178
3042
4131
3179
6012
4729
4073
6028
4759
4927
4766
6030
212
2956
6035
2925
2923
206
2915
4019
2868
3962
5989
224
6001
4669
4941
5810
5819
5831
3781
5829
3137
3105
4693
4939
3764
5793
5961
3138
5113
1583
1577
4178
6867
1668
1574
1660
4029
1470
1468
1522
1563
1516
1514
4166
4179
4061
4182
6784
5143
6835
4195
5145
6805
4100
4158
2866
1396
4631
1188
1187
4650
4960
1179
1169
1157
7123
1088
4931
4930
4871
7147
998
4865
4817
976
4716
1194
4991
5011
4258
1391
5077
4275
1375
1367
4277
5064
5054
6923
4360
5048
4426
4428
4437
4449
4472
4507
4523
1434
1351
5337
5187
2459
2455
6260
3185
6263
2435
3303
5774
2382
2378
5773
6325
5737
2247
5696
5691
2229
6366
5663
3340
2200
5796
2469
5804
3132
2864
6052
4835
2929
2954
2782
2982
2766
2753
2738
2175
2711
2684
5998
3086
5873
6213
2619
2616
6215
5812
6216
6123
5652
2127
5650
1905
1902
3724
5335
5321
1866
5304
6589
5239
3784
1906
3829
1765
3873
3891
6615
1708
3892
6630
3896
3921
3933
1767
6718
3693
6563
3364
2076
2060
6406
2019
6414
3419
6426
6452
3452
6567
6495
5509
1954
1945
3527
3612
5390
6549
6551
3682
3684
1968
4842
0
57
301
9
324
886
126
821
932
139
378
503
152
551
497
156
804
765
903
180
193
195
241
561
654
207
544
5
566
99
316
405
6610
2046
2051
6221
3628
2057
2058
3939
6673
5204
904
905
2069
6208
3090
6686
