5588
5582
6950
1842
7167
7160
5242
5247
113
1845
2508
1846
830
6751
6172
1995
1996
5617
5178
5897
4851
5241
1509
4937
1843
6707
1607
4995
4199
2526
1844
4930
1561
1560
196
604
4583
5176
4999
1324
5716
5684
5682
1537
5587
2112
575
5288
4746
4992
3238
1536
6735
6790
4194
5280
5000
4920
4855
5240
4850
4936
6893
6070
5243
4853
5399
111
4128
4801
1778
1999
5497
6131
5285
3878
4859
6062
4870
4893
4731
5427
5286
6757
1201
6962
522
1821
839
1562
4939
3341
6504
6699
2880
1554
3605
6888
4996
3237
2079
1786
5289
7009
1780
5008
4665
6836
2829
4193
5405
618
1558
6428
2435
1543
6817
4190
6492
6825
1502
6902
114
229
6698
3354
5820
7062
2293
4998
1362
3652
6693
7039
7130
846
1993
4740
4788
2352
3585
1050
2089
4856
6086
1991
6955
6107
4588
1827
4854
58
1
6965
5282
5003
3342
6616
3678
4581
282
3667
43
6109
6679
3407
6084
4857
2567
4837
1787
2115
2560
4198
6696
5088
5123
5416
3338
110
5140
5434
3182
1994
2757
2291
5018
1332
1546
3311
4191
4990
1549
5006
4993
771
5485
1992
6555
6758
6467
1935
6457
4858
5007
2146
6660
4465
6805
6667
6614
595
2036
2004
4592
4803
2290
4806
2434
4593
1822
4947
4946
4752
580
1868
5191
2438
1997
2363
2147
226
5821
4269
3306
6188
3239
3234
1582
1563
1124
6321
3863
1371
3911
3117
4046
2130
5425
4017
2949
5841
4002
26
3614
4292
4317
6046
859
896
4743
3153
1369
362
3543
4933
944
3167
2163
6130
5558
3545
4747
4753
777
6756
4758
116
6599
6068
3912
6090
2358
4877
5532
2369
2375
6096
3062
6754
3176
3222
2292
3418
2198
6681
45
4808
4807
6147
4805
1200
3380
4800
4796
5761
2029
3189
2024
7168
6704
76
2420
3560
520
3231
3547
4766
6721
6722
3223
6727
481
3312
4994
2137
1624
1847
1530
6485
6943
2966
1533
4451
1567
1569
1785
1661
2652
4215
2646
1573
6956
191
2823
6939
2563
5354
4513
2622
4446
1803
1499
2629
197
1606
260
6412
6869
2489
4532
5414
1874
5105
5221
6905
1665
4043
2787
2457
576
6459
5415
6547
6469
1897
5244
578
6482
2686
223
4072
4032
6490
2124
5769
5349
1213
5306
6423
2038
5331
1136
6464
4931
841
1751
1106
1663
2078
6051
1776
1060
2084
1664
6065
1101
5429
1232
5412
5548
584
1396
6308
6542
5127
6232
6593
5539
5534
5420
5486
5009
5015
1454
5024
5436
6563
1923
5082
5143
5352
734
1366
1239
1637
511
2023
1267
4991
1299
5642
5367
1823
523
1576
5595
6523
1828
1334
5593
5589
6603
5401
6329
1367
773
6099
4514
2429
6787
64
3328
6960
6774
6773
4710
4204
6963
2354
199
2342
2335
2876
2889
4179
2896
4163
3247
2274
3544
4781
4783
2340
3240
2432
2461
254
4484
3649
6867
50
4580
2752
4324
4320
2762
2763
3378
2525
2510
2775
2778
4299
4298
2496
52
28
4639
4291
2465
30
396
4206
4078
3026
3828
7001
3053
6676
3964
4848
4852
2216
6664
3910
3870
2154
2152
112
2149
3516
6647
3915
2220
2675
3228
2234
6998
6692
2237
3492
4802
3230
3386
2946
227
3154
4312
774
6916
6429
5623
7015
7043
5299
6234
6925
3934
1540
4117
4073
833
1534
4419
5201
1388
1771
5205
1390
3402
5209
4364
5213
1394
6906
1750
7127
4409
6309
5232
2712
44
5523
6291
3960
3356
6183
3834
1605
3330
192
1264
4216
4005
6357
4209
6285
2681
712
4016
6343
3764
1268
6972
1618
1541
1619
5479
1189
5333
5338
3173
3671
7008
2815
3216
5351
2824
2972
1631
1456
2826
5355
1625
4036
6381
1458
5357
3366
3519
843
4770
2278
3549
525
2297
1998
2299
3471
2304
4756
2316
361
2355
3557
6036
4712
6591
2370
548
6030
6484
6008
6004
5060
5991
6143
1928
2022
2422
13
6125
2132
2142
2113
6094
2098
7165
3513
6662
2087
920
6085
3522
2073
4935
4938
4828
4943
491
492
4944
2055
6119
4949
3489
4792
6613
6691
6697
2426
2393
5980
1849
5938
4596
5921
592
4591
6529
2428
289
5892
5870
1824
280
4578
1820
278
2551
2571
3414
5843
6500
5195
5545
2625
2642
6534
3601
5163
3875
1032
2454
2464
6793
567
1879
4653
5101
582
2430
1044
3441
574
3192
3635
5567
3509
990
3662
3197
994
1130
5957
5832
915
3166
3514
3157
5743
910
3517
3650
5713
932
5784
3299
3777
6056
1038
6060
3245
5774
5773
3542
3487
5612
5609
5822
1182
1320
5895
6067
3221
1080
5872
933
3673
3291
1262
3387
3619
3830
4890
3876
2408
5039
1945
1941
2412
5066
1900
1887
4650
1866
2467
2469
2476
2479
4598
2505
2516
1839
1834
2527
2528
4582
1826
5187
1795
4705
2359
5001
2302
4892
6097
4923
4924
2094
4928
2160
2165
2083
2184
2189
2072
4546
4832
2052
2039
4974
4980
2027
4786
2259
4782
2272
4768
2283
2296
4945
2589
2657
2664
4217
1572
2866
2873
1555
4160
1538
4155
2961
4088
4087
4058
1574
4042
1517
5422
1506
4007
3979
1455
3077
5481
5494
3931
1409
3914
5421
1398
2849
4238
5208
5214
2690
4415
5215
1746
4399
5237
2707
2714
5251
4313
5378
4296
4286
2813
5340
5345
4878
4267
5353
1612
1610
4260
2837
1601
4287
5350
5211
6461
269
7005
270
195
832
6567
425
581
579
7042
259
6646
6675
6460
572
6944
137
7148
6483
571
6280
7157
551
15
55
534
508
528
121
7163
6677
6297
6576
262
442
6750
813
6690
524
47
6657
6390
6671
6594
3177
3848
2271
5473
2827
6725
3160
6173
6830
829
1453
2836
1756
1192
2295
3903
4227
118
4220
2279
2266
342
5805
2250
546
3220
4310
1500
1122
1833
2517
7068
3807
290
3241
3242
6686
3249
