220
718
222
719
7169
714
717
113
3233
3568
5845
4930
3235
3829
3654
465
5517
728
720
4858
3996
5236
5896
6255
3658
4854
3664
2457
112
4856
4855
4936
6530
4850
6531
1911
3289
6866
5031
4859
3669
4851
6757
122
4852
1543
5612
1922
3674
5581
2888
5861
3660
226
2673
4573
5485
3651
5583
463
86
1091
3285
5459
2091
5458
5457
478
5497
3286
5309
481
6953
2321
3670
5057
929
725
816
813
3663
4203
4608
4153
204
3668
3904
6549
723
5306
1993
5061
2822
2392
1929
1286
26
2311
5615
1280
1916
706
1226
716
1194
1596
5617
722
3613
5394
6533
5496
449
5490
6540
5966
3686
5254
5221
6455
4939
4933
3945
842
4857
224
4295
4628
729
5973
1875
4070
2316
1093
2353
3032
2394
2162
6694
2571
2802
3309
1638
7108
4767
1344
221
225
6066
541
5067
704
4696
4695
1145
6110
2745
4439
623
2918
2459
4630
3166
2475
2775
1171
2610
2821
2657
1542
4789
5307
4783
3238
2072
5390
448
446
5498
3659
7050
1926
1046
405
401
5783
3566
1880
1924
1783
2674
5455
5975
5393
5862
3750
6447
6423
2127
5406
2246
5233
5619
702
1554
6951
227
5417
6218
4944
5512
1373
2606
2539
5476
2470
647
7165
4949
2420
6135
2418
6126
5454
5322
5863
2951
3281
4430
6368
4201
4604
4159
3283
1065
1074
6285
3096
4151
4632
6761
3675
819
6456
3536
1593
1097
3676
1025
6269
1827
6536
1785
90
3757
1991
3696
3225
3815
1989
1426
5453
1996
2023
2660
1985
3610
5796
3652
373
1912
1915
1917
5603
5595
3665
3653
1919
3331
5561
5526
5524
1066
440
3827
1970
1042
1351
510
3837
2886
4631
2463
650
654
4636
4655
2882
1176
2647
2813
4843
2805
4835
1599
4769
1205
1565
1564
748
484
4623
4612
487
3942
1350
1098
2675
511
2298
5308
4097
4110
835
2322
5210
3063
5066
2383
4244
4947
4946
4937
3607
1558
5916
5937
7033
6550
6758
5979
7105
6382
6275
114
6817
6739
125
5911
6880
4150
3625
2577
6713
2605
3644
4167
4972
142
2650
7107
416
175
6497
1450
1927
6109
851
1942
6844
1943
2662
1099
2024
4669
71
3237
6532
1081
3288
5325
5323
2333
5195
3418
2391
4571
5199
4513
5248
3295
3296
3346
5196
3616
1314
281
467
2069
3606
1287
5452
7168
5166
3528
6015
2393
1310
4245
6580
4575
4586
2070
3316
6209
1116
4743
6425
6815
368
5880
1789
3820
3752
1788
1192
902
5641
1590
6178
223
2858
1649
1196
6433
353
7156
5672
6430
1461
6811
1225
4943
726
861
6236
1551
1549
155
6134
3677
4699
680
7144
637
2717
6249
713
3943
1546
4748
3114
711
6245
1311
3082
2854
229
3101
6277
5191
6748
3020
4510
3292
5197
4528
2327
667
544
121
6785
6576
1317
2390
669
2893
2421
1276
4590
4991
6281
6717
2626
2628
2771
6718
606
6280
3218
641
6950
2714
6149
6822
3171
721
707
6810
6349
2526
4593
2434
2438
2458
5122
6172
2479
6364
6170
6813
3239
2503
2798
6712
5054
5050
5039
6165
3488
2922
2059
443
3645
1659
1425
5491
5950
985
3629
3976
3811
832
831
3621
5472
3619
887
5468
2036
3948
3693
2064
7087
1637
5935
1678
5604
391
4042
7124
4040
3673
1913
858
6470
1459
1925
421
7152
4129
1780
5522
6542
3650
5647
6403
5649
438
133
4053
7053
4269
6426
3609
1022
1360
4320
3857
2226
5807
6037
1348
3384
1548
3349
7161
6970
6033
2221
1018
5784
5737
5239
5977
1612
3828
5451
7155
1375
6003
3864
6551
2106
2121
2288
5412
812
7042
4041
3105
3701
944
1141
1146
3716
3906
2973
6442
3897
3040
3049
917
3783
3927
3821
3818
3745
3333
4149
715
3608
1071
818
4603
4601
811
3519
4252
4272
3501
2925
3481
3390
4566
6558
4431
3293
4433
1562
4606
4607
6545
4620
3115
6266
4072
4081
6268
153
6276
3671
6516
3678
730
1094
3646
3298
1092
6284
3626
3230
3618
6354
848
5871
2678
512
2242
2238
5376
283
6012
2081
2079
289
2075
2073
474
5970
470
466
5469
6030
459
2923
2287
2334
546
542
2324
5198
5203
2320
2317
1342
533
6959
6061
6058
5238
5261
6038
7054
5477
1998
1490
5884
1503
1658
5670
1642
5676
363
1626
1619
7
349
347
1573
5875
1825
5610
1849
5608
5487
444
1986
1429
5513
1953
5519
2431
427
1448
7103
5553
5568
1465
1873
1850
5530
5148
3872
2685
646
6793
4869
2870
4941
6125
2850
2596
2901
664
2677
2608
2681
4956
6856
2783
2624
4959
907
4887
6108
2515
4776
6131
4778
5132
2724
63
4898
1222
5069
78
2641
265
5060
5068
4785
14
1209
1442
970
1474
7123
7135
1914
1889
6502
1901
3661
2697
1887
59
3680
2961
7157
1536
6774
3852
1157
6428
1594
1607
1159
1524
1522
3030
3813
1517
1650
2862
1179
1494
3727
1822
2844
7146
83
2792
5868
1854
3679
3104
1423
1966
1024
2256
2578
3397
3396
2557
2264
2274
1086
3348
1349
2518
3345
3234
6964
3299
6948
2496
6886
2473
1284
115
2382
54
55
1312
2414
6981
1950
2245
2228
980
3117
3133
1427
7062
6688
7059
3157
7056
2679
2021
3164
1224
1405
3611
6843
6726
6860
131
2103
2630
1377
3527
2164
2189
2216
6867
3221
1155
4505
3881
5942
5494
4709
4716
5033
4249
6376
6377
596
314
4980
5534
5544
4761
5956
6388
4764
5917
5582
4173
4171
4170
409
4164
4954
406
4156
4948
5589
4146
4974
5486
4703
703
4629
6325
5177
543
6320
5229
5235
5168
6045
5271
4639
6040
5165
4656
561
5160
5372
5466
6241
4391
5965
5978
5998
4144
5126
5127
5428
488
724
6278
5381
6258
4141
411
3964
5635
4784
4039
867
5652
233
4931
5786
