3339
3542
1189
3870
3541
1358
2278
3330
3538
5585
3534
3548
3336
3544
1548
6145
6144
3540
6130
2068
4334
4180
604
3335
3871
355
6146
2573
7148
3535
3325
3322
6087
2270
2624
5776
2629
2276
3531
3530
5277
2029
3826
4000
3549
6294
3323
2145
3874
1371
5960
3326
5699
6897
6086
1538
5633
773
4878
3332
3328
1359
3888
3539
2528
1251
3609
3966
192
1197
5106
1206
4006
1886
3543
2305
4997
4374
2266
4201
3436
1928
1537
1324
1183
4976
3320
194
3519
3606
6143
3329
1252
7125
4547
333
6725
7142
5286
5502
2713
2452
2887
2628
1321
2623
2570
6267
4377
666
5289
314
5099
2059
1182
5280
1257
5917
384
7149
5660
5174
5717
6960
5713
6139
6732
6141
5719
5007
4998
3081
4446
1632
2233
1100
2613
2874
2260
4990
3321
4005
3211
6997
4370
3347
197
3352
6994
2975
3884
1273
529
5284
1728
6136
1587
191
102
2093
6701
3545
3677
4999
4435
6892
1340
2022
502
6899
6383
351
4830
5079
3533
3084
7136
1638
1575
4996
104
86
42
796
816
4443
2023
5159
2006
3095
5150
2277
4418
5865
4038
734
193
3491
3327
2458
3673
6707
2467
1327
5666
3331
3620
4754
515
4379
3343
6585
990
7145
5589
3359
4155
900
5707
5700
2877
830
5899
2302
5348
4009
5085
2326
5712
131
640
1103
6896
4850
6890
6891
5000
5008
5283
5001
5731
633
4151
1352
313
1357
5906
1379
5282
5199
6844
1567
6741
1897
1578
1890
5475
3676
599
5496
2903
5531
4544
2923
1787
1674
522
1750
6771
439
3565
1918
3747
4742
5302
5863
362
380
382
6429
5285
6433
4021
2814
410
1485
427
4132
1533
4682
4003
2115
2955
6140
1258
4993
2670
4944
2582
2279
5006
4239
6125
803
1219
2252
3949
5003
2275
3878
7095
4312
7078
2257
4972
7072
2262
7070
2263
3945
4994
1259
7133
5986
992
3831
4876
1141
2309
2621
1004
1005
5198
5100
6354
172
5018
4311
3963
3334
5233
3788
3498
4305
2514
3698
103
3842
109
4995
2401
3563
3578
7038
5777
4030
4660
3864
1547
5757
3693
7036
1101
134
5015
115
1086
4381
4992
503
3011
3337
4543
932
1805
514
3925
2476
994
2989
4908
550
4610
4903
3354
4894
1755
1693
4636
3887
7123
2872
4991
5468
4098
1051
4968
72
4960
6206
2584
602
6715
3674
3885
6148
3672
6709
4856
7115
4024
4027
4752
4313
5844
3225
3145
2038
2259
2261
1320
4420
6970
2021
813
5975
6893
5890
2272
2273
4138
2735
5855
5191
2714
5177
247
5161
5157
1256
5879
6838
3482
1254
2063
4142
2062
2234
2237
4394
6333
2254
4448
5172
4001
6435
6806
5345
4316
2300
1194
5231
6423
1203
2654
1204
4020
6988
1181
2111
195
3969
2130
2004
2003
199
387
6021
2798
6451
1349
5337
301
964
1654
5938
5586
4252
4382
945
1729
4154
1662
6348
6573
3000
1345
775
6363
4387
750
4586
3547
5850
3390
1549
3418
5993
4495
1092
6244
6424
1109
1503
6292
1184
6266
3446
668
1509
1274
5730
1063
916
6538
3027
5877
600
909
5793
5851
5711
5819
6328
5969
6519
4440
6142
3223
962
91
171
3675
358
3872
2902
6706
82
6876
2128
1979
4965
2656
4854
2588
1947
4658
4949
6716
106
4837
475
2696
1907
4713
5173
2678
5426
136
5415
6996
6962
2880
2884
6898
3834
3678
7013
5473
2025
5195
3670
349
6992
2939
1975
2958
2760
21
307
7139
7141
3655
2816
1958
4750
3908
4028
319
3818
3912
2109
2055
2287
2769
2470
4620
2908
2043
2780
2483
5238
2110
1803
4859
1903
3929
2928
4726
1777
5300
4864
3928
4345
4787
2229
5113
6967
3948
2268
1250
2679
1249
5239
2708
315
6365
2756
2754
309
2101
1347
3503
2116
761
2117
5234
5911
3976
2269
6353
4773
5200
5197
5931
6341
3213
791
3218
1278
2184
2709
5162
3819
3839
198
2485
1024
2578
2579
6149
4946
4863
7119
4855
903
2591
4852
4970
4977
2451
121
6164
3384
6182
967
4258
4259
2534
7147
931
984
4913
3340
998
4915
4918
4921
7138
3822
4213
3863
6281
6367
6020
3254
3837
7014
1159
3830
4317
3468
190
1208
1213
1217
6293
6123
2318
3445
3422
4288
5014
5016
133
6106
3841
3433
6082
5072
5076
5082
2328
4195
2620
5275
5480
5431
3694
1502
1822
3016
5662
2831
6464
3082
6460
5652
6693
665
5748
5381
3546
6441
404
1856
510
5542
4546
4002
389
4076
1993
6428
4025
5340
5393
5746
3369
3038
2882
2878
3593
5718
6735
3682
601
1893
1896
595
3562
1898
1829
6750
6751
1558
4029
2853
5681
2849
1535
2904
5398
4528
1899
5637
2810
2008
2028
1708
3656
3730
4137
4725
1403
4066
3166
5575
6836
1387
724
1383
5281
3172
3652
6371
4141
1748
2945
1699
3741
2889
3734
6583
5331
6820
6581
4438
3537
5614
5328
3732
2020
5588
4851
4868
1620
5495
1760
3366
1758
2597
2936
4555
2598
3028
6134
6131
2606
6129
5004
2951
1021
4870
3338
1807
4532
5659
5566
999
6147
1003
4957
2586
1706
5667
1825
5596
5613
5590
6150
2517
1690
2973
2556
4910
2437
1627
5682
2906
3357
1044
3356
1370
2885
4760
5230
4770
1444
2793
5196
2015
2026
5194
5190
5944
4780
5948
5322
5175
5332
5192
2686
2030
4724
5898
2758
3173
5263
1356
1355
1353
4759
4756
1343
2046
2112
5854
4402
5914
4758
5875
5710
2246
2251
3177
3055
4310
1147
2631
1571
4831
1540
5027
1115
3293
6112
2380
1097
6120
2612
4506
5342
2313
1940
5346
4711
1972
3085
5382
2824
5780
1534
2827
1200
1500
1196
2295
2659
1946
2303
2665
5584
4899
290
6832
347
638
6738
4131
6588
777
6662
4041
6355
335
6846
6730
3879
6223
4149
3883
320
907
6369
3798
3651
533
