220
5221
5517
5845
227
6540
226
2322
112
2457
5581
222
3613
4835
5583
3821
2329
225
3316
3237
2802
1226
6817
832
6280
5610
2324
5477
6545
1785
1546
1788
1878
720
831
4930
4211
4890
3238
3239
4097
1929
1506
481
223
3281
4573
4997
2316
6178
154
5285
478
5587
224
4933
4072
5008
229
584
5617
5306
5615
2805
5514
6542
5378
5614
4936
6549
5412
603
839
1032
465
6085
155
729
2641
5006
4594
5004
2095
838
4972
1116
2321
1554
4593
1344
4047
2189
541
1659
6409
5398
2392
6543
1923
5281
3674
566
816
4995
2326
2857
5350
484
4979
5252
5589
6739
1882
6197
6170
813
5841
837
3116
6030
6126
2605
6368
483
4664
4079
756
917
2315
5129
449
1530
3114
6166
5282
5362
6721
90
2677
3820
2642
5972
5457
6536
113
818
6722
1192
5031
1942
4148
563
2424
5353
6726
4991
4510
2071
5612
4992
3104
1320
1164
221
6372
5783
2853
2866
617
4661
4858
1403
5127
4414
2892
4345
650
373
5369
22
1088
3621
4631
3828
2913
1082
5219
4349
6278
2578
26
2327
54
2328
4497
4141
6531
1504
4153
1209
2803
5637
1887
812
4144
5280
4143
3351
7105
2588
6861
2651
3242
407
2454
416
337
4005
4245
3523
1282
1927
819
4575
313
1653
3160
5203
4934
367
2545
3230
4994
4241
6832
4588
5286
3618
7107
7108
5619
3036
5530
2951
1142
3341
2452
3309
3862
2807
2287
569
1099
5970
4697
2824
5454
2850
2858
2025
611
2806
4159
5003
4996
2163
3282
6547
5519
6856
6807
4476
3285
1081
6811
2402
5536
3288
3616
6015
3296
1509
6876
159
1508
1507
5325
1356
4856
2557
2579
7002
663
4341
3829
634
5384
703
3801
3384
3442
4342
5481
4850
480
5472
1171
5471
503
3289
2479
2414
1163
2408
2404
719
4590
5239
3228
3785
1037
3221
5595
4703
725
3720
6325
722
6950
5719
1637
6367
2964
980
938
7042
3612
2628
3611
3610
4145
2800
1276
868
5965
50
4157
125
5009
3135
5000
3596
156
1350
2701
5491
4007
3117
4442
3124
1502
1400
5971
6050
1922
4113
5582
5797
3629
5120
911
1993
2023
2889
1996
2675
6109
2181
4583
2420
2418
177
5656
4990
679
1031
4993
2317
3591
2403
3088
4999
4453
3424
2681
2874
1186
3121
3120
466
482
5678
2436
2167
694
2431
3413
1762
4131
147
5322
4607
875
5513
3352
6269
5055
5358
6239
3358
590
646
1093
592
5309
1389
5057
2353
1418
1500
5005
4117
6034
4669
3836
2024
4154
653
6233
1089
4495
944
637
3333
4149
4070
2029
331
775
6193
423
3233
3493
1661
6558
280
4427
283
3528
776
3723
1225
811
4851
3497
2138
6418
7026
5485
5585
2606
1638
1619
3508
6699
2577
5261
1667
6761
5504
4795
5511
833
3490
5512
6895
4796
2470
5453
4666
6567
59
932
612
4078
55
3157
3525
4775
3980
3376
3837
3833
3429
6560
3190
4767
6149
5594
939
1124
5187
585
724
1323
5455
3989
1970
2630
4142
4140
3003
596
3197
4774
2145
2144
64
1272
3192
2882
4855
661
315
4782
4608
4528
1446
7161
2453
5422
659
2917
2228
6698
2120
2455
5122
324
5534
2918
4343
3811
6988
1086
4415
4600
1476
2286
1095
2610
1407
3524
2442
4042
835
2283
928
3122
2280
2134
309
2450
2451
654
5533
3802
287
1224
5958
2433
1155
2395
145
2421
6963
6598
141
1666
140
2654
2716
1348
3054
496
4518
3234
158
830
1165
3492
4752
329
180
4962
4585
4931
6191
1286
1341
7056
3079
511
7062
1169
2382
561
4064
3024
1888
5329
5029
4147
404
2674
6179
1949
3482
430
3679
3348
3349
2809
2516
4937
5524
488
3527
4816
4716
3331
4377
1522
1135
487
4918
3047
2643
5417
4578
6410
4604
3626
1049
6781
3806
3418
6309
5388
6882
726
842
1965
1039
6905
1825
1021
3460
1044
4591
6337
930
5333
4425
2162
1033
717
2139
5379
3702
3677
861
2158
4569
6369
950
4603
4513
3675
2086
1439
5825
282
2640
4225
5199
2650
5196
5194
3134
2639
4003
4006
2662
4944
1549
2671
7067
235
7068
5490
213
289
1600
2551
5484
4252
4854
4857
4859
2560
6710
1271
2572
2583
4240
5824
2592
3167
308
6686
4905
4243
4958
5553
5945
5973
5155
4139
63
6601
58
53
1456
5056
5140
5107
6632
4099
1453
5138
5137
5535
4114
5532
5969
5045
3032
7095
5182
6116
6108
5549
175
1353
7100
157
153
1358
146
143
1505
135
5966
5018
6079
4151
2539
1646
1631
6990
582
5458
6237
560
4712
3865
3872
5870
6230
5875
6226
533
1161
3286
2422
3283
2426
2334
489
2323
1117
4616
4620
1803
4624
4336
2260
2262
6497
6274
6272
4632
2281
5323
1097
3831
6744
5452
2320
2430
4271
1206
5482
3945
5884
1222
3930
1185
463
5241
1651
4798
6176
4273
6725
5606
936
1885
4136
5478
1205
3672
3673
4134
4244
1784
1636
4276
5544
4133
4110
4340
1426
1905
4346
4347
6753
3809
5364
4348
1645
1220
4091
1501
6635
3729
1046
1767
5446
1228
1144
5703
3990
3904
1275
4023
5605
1022
4004
6795
3995
5660
3918
6790
4049
5464
1607
1524
1664
3996
1119
6813
6690
1672
5486
5443
1924
3857
6787
3863
1521
5578
5603
5604
6594
6668
2200
3464
3422
4907
2607
3164
3166
3172
6160
3152
3411
5827
6281
4618
2254
339
6163
4625
5822
1442
721
5931
2135
6886
5186
2147
210
5189
5340
3496
772
216
2164
2166
748
5191
2648
7050
5932
4853
2549
3194
3198
5304
5904
2459
5264
3345
4705
5296
485
6948
5294
5290
5289
2378
543
4730
4751
3299
2473
7090
436
411
6273
4832
3202
4636
5837
641
391
5320
5911
396
3225
3378
2296
6934
401
2298
409
