5589
5587
3237
6699
3231
3234
2824
4575
5585
5582
5617
5221
226
5581
3239
3613
4049
2817
5981
5517
5583
2321
1625
1554
2401
4042
1621
3117
2322
5845
4007
3238
3230
2802
5974
4041
4943
5288
227
2304
6811
522
221
5022
220
6428
1997
3440
6698
2810
5612
225
430
2811
2660
5915
1882
7105
2813
5214
2343
4775
1887
1510
2677
1579
6540
1509
4433
3788
6547
1530
5356
3232
147
1044
2163
4594
1063
1676
6309
1546
2324
6224
1789
5477
4893
4043
4045
4048
1994
2818
3478
6691
4117
4072
653
5018
7015
6232
5788
663
3474
2889
6667
830
6549
4754
4918
703
5471
4639
2451
4931
355
4955
5234
5841
2690
2503
4593
1780
1051
373
3070
2329
3567
5289
660
1350
650
2454
2936
2568
1785
4576
529
1673
5203
4944
1540
2233
3760
5310
1629
3869
4999
6729
5023
2029
6166
7019
4370
1230
754
1874
6285
1054
6845
5205
308
6761
1788
3479
2793
679
3723
63
603
1345
2853
5701
6093
1517
5113
5226
3197
1101
3868
5360
1996
631
2028
4098
4481
2707
3354
4832
2913
1226
2805
2247
6231
3610
521
4133
1677
3258
2938
1543
3063
3726
5147
1840
1781
4244
6542
566
3614
4039
6795
661
5033
6690
2697
5773
46
5066
6233
5484
1424
6178
5519
2158
4128
7107
5511
2241
1566
4122
2694
3074
310
5964
1500
6697
1573
6696
5972
6939
4571
3432
5078
177
2331
4770
5059
5870
5194
3471
2115
6759
110
1035
6361
2320
3678
839
4653
3675
4638
6410
3671
5564
520
1192
5285
7
4446
1613
4996
5028
6545
4683
2470
776
1624
4722
1112
4994
2457
4993
3486
3807
5588
6032
6523
1194
5058
5077
5074
3079
5412
4915
4936
4945
4947
720
4995
5009
2395
846
2414
4204
4773
6487
6893
5280
7084
485
4516
1119
1106
6867
515
523
528
5983
1076
4777
3061
2450
4086
1060
6666
5353
2798
5174
393
4636
4656
7016
6095
636
6660
5211
5960
5015
1989
26
3674
2166
1544
3672
2708
6280
1506
6325
3166
6746
112
1929
1512
1922
5509
3621
3619
3445
315
114
3803
3785
174
4077
3091
5832
247
5835
3494
3801
5786
2124
1576
1825
6323
5123
6383
223
6154
3001
7076
1845
4772
1879
1600
2931
944
1878
6328
2348
2572
637
7043
4758
1875
6662
3090
1787
3617
3677
3233
1651
5687
1653
155
2456
527
2452
5198
5216
1662
1056
4588
5914
2025
3821
2955
1622
5261
4508
6503
2575
1623
4517
1004
1005
5241
4532
3176
6505
6509
1638
607
5984
2156
171
4941
361
3295
4869
5830
3475
1310
5355
3473
3110
5829
3064
1515
1927
5387
3999
2242
3067
4905
45
6727
42
3951
6237
5502
6418
6239
5831
319
4859
875
2002
5834
5004
898
5838
3352
2906
2367
2696
2024
2693
4083
6223
5836
4780
1062
7010
2020
3350
2327
2130
152
6790
5900
5024
561
2392
4631
6787
5707
725
4595
5700
1995
1720
5029
4948
4937
1885
3442
633
1872
2837
673
2918
5127
4836
4835
2346
670
665
651
3768
3499
2071
72
1888
5783
3492
588
5757
859
589
1769
5816
994
601
602
5067
989
628
2845
5796
6753
2891
2896
2935
4705
2341
6950
837
598
4634
2307
2228
6220
4275
2232
2234
3127
5315
5312
1560
256
1256
4330
4377
4585
6886
2261
5292
6817
6329
2675
5281
5279
1155
1538
7121
5348
2165
4085
6692
5422
4065
2189
2200
4111
2203
1442
4116
6560
4484
1382
1381
6563
4008
1347
1511
5505
385
4208
1513
1320
2226
5398
2283
4379
524
5926
1124
1082
5242
5637
1111
4572
3802
509
2459
7059
2455
3800
5624
1088
5611
3194
3171
1070
4201
3470
1648
3676
4207
6355
4616
1324
4896
4619
4246
4624
2167
2323
1947
6370
4241
6230
4239
3305
3316
1141
4935
3765
2022
4102
1418
3356
5005
4103
3357
3216
4578
3096
3786
1661
1388
2047
4114
1451
1656
2874
4949
3736
6856
2181
1505
1965
1958
4165
803
4857
1507
3747
1539
4272
3490
1197
1190
4513
1189
3513
4429
4431
4506
3269
2077
4435
4436
3519
2079
4425
6126
1849
3005
1609
1842
4447
3547
981
2275
1611
1804
1137
1138
1619
1142
4652
4741
1873
3851
3062
1085
1549
878
4633
3884
3820
4810
3493
1012
6481
1265
4315
4533
4359
3867
1884
6176
4748
1001
1587
3637
6680
860
2355
1762
1632
4376
1580
2073
2248
1627
1072
2932
100
5897
5973
2488
2464
5941
604
146
253
5980
7159
5044
113
2629
5250
5808
48
5817
2699
276
525
526
678
6030
304
560
6533
5716
5485
5199
5259
576
5512
179
5427
2801
5209
590
532
5969
5490
5318
244
2613
729
5591
5027
457
5302
7078
2662
7026
196
2612
5291
463
2663
2606
5286
176
2768
727
6538
5479
5584
2424
5824
224
431
5682
5819
2588
605
2800
634
5510
6470
3142
3804
6278
572
5629
2338
2152
3989
5578
229
4002
1467
5580
4740
3857
198
4661
3876
1572
2674
2164
1548
2698
1542
5942
7124
6304
7119
3828
243
6960
1610
1637
1008
279
623
2701
1607
2337
309
1250
2479
4320
429
5311
480
6160
6212
411
404
2288
4510
1312
5247
2756
5352
2243
6163
1191
6169
6494
6676
6172
6177
2245
3006
4442
4443
6885
4355
6164
1241
448
1323
2485
4528
6668
4095
1411
7057
5202
5429
5208
5958
1434
4067
5464
4046
5947
5191
1057
543
1397
4110
5243
2221
5361
2752
5240
3073
4557
3077
1360
4142
4134
370
4123
5390
5971
4598
5647
1195
1664
5873
4922
5764
2569
3518
2078
6033
831
832
2082
6751
5072
3264
4890
5878
937
1829
1767
676
3248
1783
3623
1793
7157
109
5887
4855
4858
3609
6988
5885
3612
6767
69
1894
2021
2027
7012
2607
2610
6732
2006
7011
3349
5840
734
5000
4998
