4556
300
5685
879
2362
5054
4554
6098
80
2856
2859
4793
2010
2460
973
4739
4555
4112
877
5302
5324
2048
4811
5036
4813
6067
5702
5646
1522
1330
3992
884
888
478
303
872
330
5320
5305
3720
1520
4116
5367
30
32
37
1030
4737
5368
1495
5056
4567
4228
6330
2599
3993
3999
1509
4222
1331
3598
889
1501
7102
5643
886
5058
1218
5707
2518
4814
3594
1524
5700
302
5321
6755
4111
4558
4553
339
7134
304
1215
7091
1109
4895
6844
3309
5327
5059
6882
5055
3010
1647
7100
1641
4529
3723
34
4380
4520
82
4224
1648
6759
1529
1275
6049
1279
3995
975
6040
887
5926
4478
5686
1715
1046
3579
6092
2467
2018
6414
2147
5361
109
3726
870
1645
2242
4221
3307
3688
2098
2095
4525
7032
331
7034
6135
3301
1796
2477
306
7093
6798
4550
332
1799
4115
658
5057
4386
881
2257
5363
1523
1497
3998
81
1490
4795
2658
2646
6194
6884
1649
4414
5949
7094
2866
5126
7106
4442
234
4526
6843
338
2462
1521
4819
6321
6889
5295
3308
3990
39
38
1498
36
871
2415
31
329
88
6053
407
4441
2852
883
4792
4387
400
875
3683
3909
423
1201
2895
479
265
6187
4568
6880
2957
5005
4220
6323
1033
1034
4552
3216
3175
2874
3725
3014
5323
7107
5709
5354
7101
6727
2590
1719
5362
2291
35
5272
1713
6697
2642
5309
5124
6684
2332
5726
5364
405
4781
2469
6548
2476
5234
3131
4346
4797
876
2144
4477
5366
5365
409
3445
1427
1336
6886
2298
6277
4894
7079
4223
2339
4842
3302
2411
2290
2419
5328
4321
4481
388
605
2243
873
314
404
1073
5799
4226
5381
1202
5147
6060
5463
4098
1181
2134
2890
5703
3997
6820
1528
6458
6045
1535
4017
4443
4656
4557
274
1722
4521
690
4527
4110
6668
4523
1809
7097
1717
5029
2647
4733
2961
4566
7072
6201
6209
489
5688
695
972
2297
978
1712
4559
6171
483
3685
5385
3719
4735
880
844
6925
5907
3835
6938
664
1964
5750
2248
4207
5467
4810
5318
874
1825
3250
6282
1339
4337
1271
4393
3001
4389
4388
313
2875
5037
1625
2656
5203
7108
6327
4997
2953
7116
3015
5028
5065
2712
6849
639
6828
5839
7103
1369
1212
337
5838
2368
1016
2825
7109
3800
2012
5418
436
4204
1205
585
3728
4732
5170
2019
1829
3729
7053
1720
2777
1209
2829
1640
5542
2854
484
1882
4173
2692
2684
5815
693
5461
6841
3852
4637
6452
789
2877
2800
1582
6057
4522
2245
856
1668
1337
3254
6290
5329
391
3595
2421
2412
7140
6788
4815
3589
5267
2296
3574
5281
614
6989
5308
152
1391
3439
6737
6883
3210
5743
398
1095
4385
1630
5952
2136
401
2121
5950
6329
4449
5954
1124
6271
305
4205
2049
1621
2226
3011
3208
301
3054
6720
1642
583
6711
1665
4168
4382
1744
4356
1714
6696
1798
1711
4225
1222
694
1388
1379
3295
6874
3275
1338
3214
3206
3200
2481
6519
2577
2592
2593
3125
3110
3055
3027
4417
2962
2927
2870
2661
1277
2860
2681
6410
1200
1223
3312
6279
6265
6888
1881
4032
4018
6968
1891
6965
1944
1973
1986
6940
1508
803
3808
6105
6669
3788
2025
2040
853
2047
2092
2132
2212
2249
916
3561
6200
3497
3449
3430
3742
569
2823
5754
5598
500
7104
7076
5830
4473
5554
5553
5706
4796
5063
215
7068
4482
5529
153
5091
7065
5282
472
7095
4734
87
3
5729
5382
482
4975
481
4996
4569
4898
5687
5616
477
7165
5739
7030
4563
2410
6792
6791
5276
4639
2417
5912
3802
3803
5264
4655
3805
3809
6937
6104
1383
4061
5378
2176
5349
4009
4004
3994
2227
4613
2229
6048
7039
6054
3947
6099
3923
3911
769
5755
6074
2341
3859
2453
3722
4685
3466
3461
977
5030
6376
6261
6352
6857
6275
3325
3323
5050
6332
296
4978
3303
334
3300
6311
4948
5837
4973
5835
6293
6278
2473
4832
241
5217
6513
5894
4730
6923
2534
3724
855
4069
5185
6473
5082
2643
406
2706
897
6453
6162
2766
1220
1217
237
2809
1194
7062
6589
3804
5509
4479
1628
1487
4113
1491
1492
5466
4397
1896
4516
4322
6667
4399
4320
4296
4163
1962
4528
4086
4293
4265
4505
2028
5386
543
666
4092
606
2011
5701
5649
5704
5708
1666
663
4176
4238
1866
5129
4800
212
1113
6823
6455
4798
214
5513
2688
3666
394
5668
4419
1532
4229
5490
56
3129
851
4891
1006
4243
7058
2565
6757
1005
5667
5999
3704
2604
6479
1897
2641
3114
2662
4778
6738
1273
7162
6920
1231
5006
2826
375
23
6196
6198
43
245
246
6208
5858
253
5031
6695
5043
367
5041
368
971
2912
3479
268
962
963
2928
2951
7074
4485
5090
6178
6269
218
2739
2740
1237
4881
2524
1718
4359
3628
2772
1129
6919
1821
3599
4805
1216
4807
45
2976
4357
232
4818
4860
4315
3570
6166
1953
3138
4847
4939
333
7092
3943
1643
7037
2299
5426
4175
6072
4990
6131
775
3903
6777
1503
3894
2336
1505
1988
3867
2013
2173
1071
7139
4615
6047
738
1496
5741
1661
2239
2241
4412
2244
3970
4628
2246
3960
577
6315
1435
4010
2252
2278
5326
2292
5358
5925
2418
6772
6878
2426
4672
3321
2436
169
1626
7078
4994
5462
1333
175
6928
6112
5776
1622
1148
6771
6770
5227
6524
5391
5770
3207
4517
6786
3217
6600
3850
3163
4191
6939
662
4447
4653
3854
73
5266
6877
5943
295
3807
3806
3232
5460
6541
4964
3219
4
2954
6724
1077
3133
1691
3144
3118
4998
5677
5658
6325
3061
1087
6362
3012
1082
5022
6852
1664
5025
6742
3202
1657
3171
2103
5035
83
1396
1392
150
2350
5714
6787
1371
2378
1971
1362
1361
2425
2429
2461
5774
