5606
2542
2551
2555
2558
2546
2543
2559
2557
3190
6958
2550
2493
3198
3199
3515
6569
2548
4213
2564
3192
5607
5600
3256
2560
6670
2569
4497
959
5822
958
2544
2545
2910
5602
2286
2080
4217
2549
4210
2553
6568
3195
953
6561
2258
3242
980
5604
3510
6794
5138
7007
5869
2568
2567
346
6673
4591
2280
3194
5821
7008
235
2552
2556
3511
3489
4216
5564
4495
1703
3036
4058
3193
3039
5931
2540
5820
3774
1175
6676
6403
4218
3517
5435
3814
4108
6564
2077
5246
466
3237
2492
2597
2727
6562
2565
2494
715
5456
2915
640
5162
3525
2917
1592
4064
724
3038
722
5634
5539
2729
2191
7000
5133
3789
2071
5171
6699
2928
4616
2499
4599
6239
1877
920
4570
2507
590
4588
2919
4746
4747
3480
3037
1878
2086
7004
340
6954
3358
5411
4270
4938
5867
6871
2285
4961
710
2198
5130
7009
4744
461
2072
4059
4582
6270
2911
2554
4580
3197
6179
5823
2195
2491
6790
5172
453
3524
4666
305
4214
4866
4496
341
948
5650
5864
2289
5865
3512
986
6463
4366
3033
3034
988
5555
6529
4664
5851
3216
4683
4667
5791
3780
3230
1333
4498
6292
4614
7029
2088
5901
342
2586
343
2722
3069
4844
6972
2287
5445
6379
6626
3065
7086
6811
4935
2639
4583
3035
4972
1099
5139
348
741
839
2916
5909
5608
3523
6174
4276
4203
4290
6073
399
6067
2445
6795
2329
7014
2283
6800
4251
6527
6567
4157
1876
5936
2831
5932
3238
2188
1090
809
1404
1489
649
5518
6851
3239
6950
145
5603
1144
3411
6728
720
5878
784
5609
3350
3324
4962
2735
5412
4782
1471
1598
2006
897
3819
3030
7001
12
4670
5827
3212
3784
2913
5252
3785
5506
3191
5135
2498
5639
898
3282
7052
6396
6959
5638
6793
833
6953
3062
3246
5416
854
6796
7054
7003
3413
3304
1125
2504
575
5568
6497
3781
7013
2447
3787
6171
1156
6173
1151
1149
3820
4005
6454
6193
2547
2724
3388
6431
3423
3424
5572
3513
1534
668
2561
3615
3618
469
6984
608
3697
646
4427
1533
5511
5801
4669
1355
5866
1874
4538
245
5134
4845
4760
4487
6005
6566
5918
2075
4594
5993
2073
7154
146
1406
4672
4609
5656
7113
5221
8
1553
4441
11
100
2087
349
5537
4576
5825
4748
1552
6613
6771
5999
4745
3454
2074
4717
3442
138
3455
2441
3989
4056
6514
6872
6723
7016
4585
1704
1454
6665
4053
6267
3354
2690
6817
4625
1784
5939
4768
4671
5292
6998
229
2497
3727
5567
5962
3776
5965
2541
1923
2513
4661
3462
5934
1872
2066
2630
3868
4889
4888
1425
1153
6520
1818
6854
2038
2566
1145
7002
5569
3619
2754
6273
1597
5580
2193
2089
6548
344
5828
2120
22
4454
7046
5578
26
6398
6961
5489
2273
3092
5859
4266
970
6692
6802
3254
4539
975
5605
6366
2778
4978
4136
6528
6791
957
837
1617
6372
5855
2918
778
2288
6046
6672
4277
3266
7027
185
2869
5132
7162
1591
3616
178
2563
5415
6285
6985
5814
4719
2939
3745
3007
3744
7165
5512
3032
6747
16
6986
2912
5178
3129
1879
6691
5938
5810
3220
3200
1482
5667
1448
5877
1457
731
6725
776
2726
6975
5672
6268
6269
5004
1673
2728
3329
1676
4986
2742
4939
3196
1435
974
954
3571
5913
5519
3528
4875
6680
1639
5863
3418
1052
1488
143
5045
1651
6439
6951
972
3250
3255
2636
5930
2971
2349
4240
4245
4250
4621
4511
6525
532
4641
6799
5319
5300
2158
6539
5499
2207
2281
3818
5332
432
4074
2353
6814
7019
2347
2085
2309
4152
4172
5553
6503
4536
2424
4531
7083
1167
4648
4581
5558
576
4329
1999
5793
6759
2002
2495
559
4369
3786
1142
2180
2197
4453
3769
5980
6584
2162
4365
5556
5783
1663
5313
781
7028
5782
5269
84
4551
85
4211
882
6003
6671
28
773
4078
2964
2985
912
4953
1677
4579
5563
5406
4967
1669
2084
2752
2190
762
2779
6417
4977
2306
2296
2282
772
6810
3280
4332
2194
1594
5832
5152
1506
5170
5436
6385
6009
2876
928
939
3047
2199
3131
1565
2914
5419
6376
2160
4466
6693
6069
4484
4293
5131
5868
3247
5185
3245
422
4516
418
6006
5067
3234
2272
1298
7081
64
2254
4494
5094
5846
2078
4493
1607
5845
413
4286
6023
6452
5662
6220
686
618
2648
6251
6979
3811
4853
2666
2668
1991
2674
6435
1103
2385
6492
2689
5384
3484
3520
1871
6022
1422
5664
3815
3863
3482
672
5503
259
3813
2458
6170
3622
3623
5933
1870
4675
568
643
1709
1126
6262
1840
4589
4049
2721
5281
1460
2584
1341
648
4055
1929
1104
4644
4027
220
3419
4001
5904
258
5505
6993
572
6657
596
3778
5919
5565
1400
2706
6464
134
3596
6620
2212
6462
6387
2022
2725
1554
2167
2168
1525
6604
2962
5507
2953
6540
1895
2934
922
2921
6697
1546
6826
1875
6547
1102
1418
1595
2670
6645
1183
6407
2965
2694
2291
1185
2292
2695
2364
2696
2710
2773
6522
2772
1674
6819
1705
6669
2079
6818
1120
1019
2358
1680
6517
2665
2663
2436
6440
1248
2582
2046
1291
1600
1821
2592
950
5495
6391
2600
6524
6815
1837
2253
1493
2602
1803
6679
1428
2263
6580
5566
1330
2446
1431
1652
6442
2466
1115
5241
4131
177
416
757
188
5288
4749
5929
6284
4742
4271
4713
3357
6205
3381
592
3755
3760
420
4887
4880
4154
4177
4202
7131
6291
5333
766
6237
6990
6286
4215
4849
171
4702
578
3402
4325
271
4586
3604
5644
3519
347
268
345
6977
3557
3559
3560
3561
7072
4519
678
3470
4617
3408
223
3412
4676
228
5780
700
3941
3436
4649
6055
5380
4626
3456
4409
3403
144
3770
5906
3165
3160
4084
5005
5908
6178
7006
3849
86
