5066
3648
2949
4179
4077
4204
6856
2797
4956
2796
5064
1395
2793
5525
4178
3645
3649
4208
5522
5067
1884
4184
7159
662
176
5527
4012
1312
1671
3642
3643
2009
7157
4087
4160
4786
5078
1986
4310
4318
2201
5023
5060
5069
2946
2799
7
1396
2401
4206
5145
5292
3130
3132
1716
6400
2208
1398
6024
3005
5065
5521
1233
3817
5523
1421
6161
1000
1
3647
6236
1390
2202
4632
4338
4244
660
1399
4129
4163
1715
4166
1572
2205
6160
4200
2792
5082
1313
4339
2795
4170
5062
6349
4672
175
4071
1100
993
4333
1556
4859
1573
1579
3641
1234
6407
6405
4435
170
2100
5259
6233
4319
3004
2911
3133
5526
3567
3164
6232
6415
1589
1422
4852
1392
1678
606
6043
1319
1565
4313
1885
4438
5
508
4
2587
5022
1311
7155
7012
4433
5376
3849
4168
3894
4201
3949
5100
4436
4016
5141
7150
664
4048
8
3
1052
1237
6757
4132
3096
2590
4248
4312
4943
3154
1719
4315
1238
2069
3295
562
5529
1593
1549
1424
3564
6695
155
3644
1676
2375
4855
4164
4850
0
5800
2003
2060
2200
6231
2589
6428
6162
1543
2794
6045
2821
2943
3051
5788
5635
6344
720
1391
3546
3609
728
665
6978
3866
7036
604
1886
1711
1044
999
1394
1173
4334
1310
1943
1674
4162
2583
2474
4082
4075
4045
4043
4165
3929
4167
4169
3788
3545
3356
3233
4188
2791
2686
4112
2547
4311
4743
4073
5149
4938
5479
7023
5396
6919
6425
7031
6239
5922
5291
4854
6648
6786
6130
6094
171
5248
4944
6365
1717
6403
1710
3948
6416
6693
5447
1544
1599
1425
1598
5295
1596
3868
568
4046
6553
5313
4013
4737
3487
2779
2415
6212
4783
2390
2383
6213
2914
2234
5873
2206
6280
2078
131
5743
6293
6304
5664
6329
1984
3290
1905
6352
6364
1880
1316
3483
3507
1840
6169
4946
4186
6859
7158
5061
5036
5024
4654
1235
630
7152
1171
1106
1086
5095
4945
1078
4316
4317
1055
1053
1047
669
870
4858
651
4391
663
7123
1082
1260
1179
5146
5113
1265
6842
6722
3329
6354
42
4932
5195
3463
2823
3294
1791
6176
5546
1718
5517
1465
3568
6699
1331
1045
6346
6255
2947
4851
3028
5839
5836
7154
2321
6369
7156
2588
4356
2673
1999
1330
1976
5623
3237
431
6402
5148
4255
5097
569
3766
1567
1428
1559
1457
6573
2600
3861
1551
5285
3867
622
3869
6580
4659
3927
5068
1712
5253
3697
3686
597
3637
1675
120
7167
1134
5476
6016
5109
806
2972
6178
3671
178
3675
2409
5105
2385
2395
6215
666
2458
6172
725
103
2585
6797
2204
6808
1317
6792
6751
1397
6690
6675
1423
1303
1239
1548
1558
6423
1594
6420
633
6419
555
1793
1914
528
1941
7028
7033
998
2072
900
2101
2152
661
1555
2798
3842
3614
5514
4203
3600
4954
4953
3499
5503
180
3348
4947
3292
4331
4930
3185
3166
3349
5491
5461
5443
174
5247
5211
4085
3923
5303
3863
4098
5191
5393
4118
4161
3741
5147
5104
3674
3663
5627
4335
4948
5924
2844
2945
4481
2842
4572
4439
4853
5862
6022
6146
4789
4655
2940
3050
3139
6165
2692
5797
3116
4709
4434
4090
6845
5140
1314
5164
4081
4122
6694
872
4785
4115
1332
4568
4103
4596
6716
6704
5179
4578
1025
1301
4927
4353
4430
1054
4328
4939
4941
4431
1092
7021
996
4227
7107
971
7019
4207
909
7004
4994
4202
4810
6865
4187
5075
4177
4900
4175
4172
4511
4559
4074
2604
4070
2112
6285
3138
6313
2007
6328
3167
2115
1958
3293
5583
3311
1890
3312
5554
3360
3249
1825
2150
3007
2693
2781
2500
6208
6134
6038
6017
3008
2841
2304
2249
2973
6230
2975
6234
5853
5973
3486
1789
1740
6529
3787
5327
2602
1557
5324
3860
6481
1552
6620
1531
3999
4019
1429
4031
6642
3936
1578
6479
3754
1739
3522
5536
5515
3606
1714
3615
6410
6412
3640
1670
1638
3654
3677
3678
1590
3689
717
679
7169
172
289
609
113
567
147
647
668
86
177
227
2
6422
4992
1175
4991
7010
114
3841
4645
2540
3857
4650
841
4677
1172
2558
1882
5841
6083
4656
6446
6413
3086
5394
3925
442
3006
2521
5406
125
1538
4768
5861
4595
3665
2690
5053
5039
5030
4612
2684
3054
3892
5807
20
1869
3680
5736
6805
225
4283
1902
2103
3379
1336
1906
3268
3699
3369
4856
906
1912
3291
5518
3759
4330
6615
3303
148
2106
6587
3331
6592
5468
3239
1427
6052
4314
3159
1563
1889
1945
226
1893
867
6018
3417
3186
5707
1894
3198
373
127
3208
4918
3397
3218
3784
2232
3396
6635
6960
6703
3025
5315
5756
5700
99
2581
6217
6220
3566
6229
5234
723
4007
2847
5764
2849
6251
7130
4564
3996
1679
1101
2876
2066
6145
4089
6141
6787
2813
1780
4069
6801
4049
2777
4449
5505
6809
2127
4039
7160
460
6794
5289
334
173
1749
7151
2808
152
1743
4437
5582
4477
5878
2630
1617
5946
4121
4405
5589
2117
4126
6314
1126
2961
1583
6037
566
385
1592
7073
6137
193
561
5135
2063
2913
4407
1822
1107
6032
5330
3933
4408
1636
6838
1996
3518
4116
1574
1570
1576
1928
1263
2596
6605
4741
3498
6039
4462
3366
6798
3603
5655
4750
4658
1058
5597
4676
1946
1184
1137
6754
3547
4679
3549
1083
5659
3418
4573
4575
6643
5497
2348
4642
1212
1167
1162
5484
2456
7168
1219
1957
4581
6627
6696
3519
3506
6079
3341
6291
5333
2908
2912
1827
2915
2916
1618
6317
5871
1656
6323
5356
1581
2963
5112
2981
5106
196
6368
6373
2688
1587
1820
2874
6147
2773
1787
5274
2424
2787
2790
6180
2129
1753
5257
6194
542
2815
5250
2428
179
5608
1713
2840
6244
5221
6250
6151
5021
3064
5018
6401
1393
3201
2081
3216
