5618
628
5621
5250
3392
6491
4123
4121
6863
622
1000
1984
3006
626
620
621
2502
6494
1469
1982
1989
623
5806
3505
6865
1193
4743
5255
4468
1861
4464
7027
3600
4126
4127
1465
2503
1913
6784
1863
5392
3394
1464
3398
1342
3002
1914
1869
3393
3009
1461
5623
5257
3395
5620
3507
6477
5293
625
1912
3004
2905
770
3391
3603
6417
5804
2909
6533
1987
4467
4469
2504
4462
2509
1421
1981
5627
631
5335
3374
1596
2405
1864
5334
1595
4466
2682
5796
1594
4088
5411
1593
2780
5496
3005
1867
7006
2399
3500
8
2972
4015
5256
5798
4461
5478
5062
5131
2505
5506
3166
6499
2206
3566
3503
2819
6864
2978
3397
7158
946
5790
2996
3608
5248
1466
2501
629
3399
3371
4764
1865
1195
1917
151
5992
6495
5292
4156
5629
7129
7021
7024
5297
3098
5626
2396
3007
2391
3370
5767
6401
920
6625
2683
5068
1552
1662
2571
6479
635
5786
2676
7028
1599
6476
4200
5624
7146
3396
5372
6415
2209
1468
5795
1351
3864
305
2459
6160
5558
2783
599
5388
2956
1040
3019
4763
7013
5180
7054
1199
2672
2781
7162
7026
2900
5760
3824
1386
3810
3297
5792
2906
944
2507
1884
2500
5312
4249
3504
4120
3517
3827
4612
4634
4769
3379
3419
2066
6978
5840
1516
1985
1076
6212
1422
1597
1403
850
5765
1986
2875
664
1190
7150
2201
4253
3067
2789
2499
6027
2784
941
1556
456
1590
6285
4460
6249
3561
7018
6456
7029
5473
1862
5470
4082
5458
2942
3501
5414
144
4619
4575
4043
1457
1462
6219
5602
1059
376
5622
4018
1196
4122
3852
3094
630
4039
6095
5330
4463
1400
4080
4014
4011
1398
1425
1463
2888
6822
2813
4330
4331
3068
1555
1568
6242
3254
2983
1921
5169
7020
1866
3287
5251
681
1919
5061
5881
1915
3696
2274
1165
5184
2494
3037
3568
4236
2870
2871
5253
3895
1551
3691
6695
6480
5519
3457
4045
2947
2944
2198
5476
7113
5551
2394
2907
482
3502
6691
2156
4128
6481
7017
3346
5849
3069
2678
2548
3294
6866
5021
1860
4672
5065
6869
3283
6035
2575
2627
4812
2625
1177
2663
6233
6079
1613
1909
1591
6402
1566
5114
3869
3617
3606
3240
404
3483
887
3079
528
7121
7009
3815
1079
3619
452
3092
411
418
7061
3828
1055
7050
3892
1169
6854
3372
4007
1191
2204
1420
2601
4915
1411
2570
2569
5033
5067
2544
6010
670
1910
5160
6065
5837
5807
740
2445
5691
2027
2421
2072
2102
5390
2373
2346
2227
5237
4771
2573
6437
4067
2943
390
6567
6553
1455
6478
4161
2675
2805
219
1542
1550
4392
6403
606
6252
4516
1617
3285
2077
2086
3181
2168
2925
2170
2173
1019
1015
3178
1827
2330
2281
2671
712
945
2202
1393
3390
1649
627
2555
1559
3255
2592
520
1875
2598
3066
2050
3250
3249
1161
1531
2874
1265
3242
2602
3377
675
1855
3584
3430
4202
6068
6094
6209
6210
397
4041
6227
6230
5896
6236
6355
3967
3962
6407
6408
6430
420
6438
3872
3977
5877
5857
179
297
4957
291
5044
5106
5130
4869
276
4749
4704
4576
3420
5484
5499
4423
4419
4398
5547
5555
4384
5672
6488
6532
4079
6552
6541
7168
3624
7004
33
7051
6858
7072
3745
6586
3475
3816
475
3601
6569
7156
3460
71
7166
5660
2523
5505
1078
2526
5518
1087
5552
1118
725
1047
7126
7014
959
2080
2065
5561
5563
5135
7059
673
5172
5214
262
684
5258
15
5295
886
2397
2395
5394
1036
5673
5429
2341
2337
5471
2277
7079
5489
168
1980
6795
1668
1280
6692
1610
6241
6251
6640
6583
1404
1671
6364
6579
6419
1419
6432
1427
6443
6471
1467
75
84
6365
1733
6797
1792
1970
1924
5832
1916
7010
1911
5960
6964
1889
1885
5968
1870
6006
149
46
6860
6175
1857
855
6217
1826
1793
661
2011
5007
448
2914
3846
2796
3158
2792
3842
4320
3192
4324
2785
3199
4379
3811
412
924
3680
344
4438
3259
3657
428
4294
4230
2821
3994
4033
2979
399
4065
3030
4086
4983
3917
4454
4097
3061
4142
4155
2883
3898
4163
2873
3070
3076
4137
451
3247
4002
3575
506
3484
3509
4593
2679
471
3387
3442
4799
4523
3400
4921
4843
4572
4493
3586
3623
3378
3444
6434
3897
3386
1493
7055
1056
3065
1012
1553
986
6245
6250
7167
943
6268
3971
3432
7144
3035
6368
6386
949
3434
3036
6410
3463
6475
6868
3519
3760
1389
6653
1354
3253
6783
3738
1167
3641
1248
1212
6799
1198
6969
3288
6588
1166
1402
3246
6482
7043
3651
6506
3137
3557
1108
3867
1112
3823
6565
3818
6574
1162
1418
3236
1428
3862
4966
6237
4658
5339
4633
5416
2349
2348
5469
2333
4459
2310
2285
5479
4453
2267
5495
2222
5497
4429
4389
5543
5546
5319
5300
2416
2665
2574
2547
5084
4916
2596
4893
5110
2600
4891
2604
4388
2609
5164
2622
5179
5182
5205
5249
2492
2640
2653
2440
5163
1606
2172
2694
2826
5897
4209
4162
5974
1874
6008
6014
4124
6126
6176
4094
2928
4083
1821
4081
2963
1673
4003
1619
3001
5867
4255
4312
2801
2717
2718
2722
5608
2733
5616
5625
4383
2061
4356
2688
5698
5766
5803
5805
5810
5819
1973
1953
1943
2797
5826
5705
2377
7169
402
86
108
111
130
135
146
869
155
710
271
175
668
188
196
527
875
679
459
463
687
851
535
525
526
3376
4906
4917
2618
1106
3122
2591
4971
2579
5029
5113
5115
1111
4954
4856
5121
4814
643
4787
4781
4775
509
2657
1123
4705
4687
2674
2687
4866
279
5162
2715
221
2485
1241
5419
5398
5367
5361
5360
5329
5313
5311
5307
5276
255
5252
5235
3289
521
5202
5189
2522
1084
5181
3239
3350
3238
2527
2538
5165
2540
3462
2765
2778
