2223
792
2401
5499
4971
6550
5894
6190
6351
4975
634
1364
2221
509
3099
317
4142
2229
2226
1495
4759
2355
2357
639
297
6355
5940
5778
3579
2122
2228
1366
2570
2213
5731
871
1617
805
4432
4636
172
4192
5758
3138
2123
6714
5966
4969
135
6363
5886
2903
4776
2895
3721
6827
922
1161
293
3949
2061
6150
1085
2067
929
1943
512
2437
34
1160
2975
1112
2124
2933
3016
4314
691
2225
5647
6078
812
4973
1008
2581
5661
2376
505
4019
1065
6821
507
5490
1004
3534
921
604
2908
914
1198
2374
679
5493
6433
4667
632
5236
1541
2037
4957
2210
6292
5156
306
3001
6224
638
1365
353
5022
6460
4698
2679
6422
2125
5818
168
6490
6451
211
3841
7147
1119
6320
602
1538
5271
5673
1524
3158
561
4096
4085
4046
1066
4001
32
511
5492
3942
1205
72
605
7134
2945
5095
1945
1949
125
6615
3012
2780
3941
4563
2362
6500
380
379
3606
2937
4619
4026
3865
3843
2719
494
3013
4727
3018
322
6339
2625
2599
4221
303
4383
600
291
696
290
3115
2644
4398
7096
7093
759
6369
6992
2880
3823
6747
6554
1552
1005
5387
1918
5543
1168
5198
978
6938
806
6711
6588
5385
2048
1265
1726
5117
6842
5500
5722
1777
5079
926
1787
110
5112
105
5610
1539
6641
5558
4965
2250
1431
823
2222
1044
1063
4847
5323
814
1531
5649
4331
6217
3248
636
1724
2984
5119
1087
296
4089
6359
6029
1367
1361
355
1060
4086
4330
4199
3227
3389
5276
7098
5692
3363
5962
4194
612
5226
5663
6740
6356
1306
5635
316
6164
6776
3355
4320
3487
6260
94
2417
3539
4428
404
5746
5486
3629
3639
4978
6556
865
2579
3662
6467
3695
4717
4725
2528
6492
6056
3727
2463
2227
2234
3728
3767
6531
4773
4777
4797
2655
3915
1360
3917
2877
690
4477
2021
1191
2008
6040
131
3563
5070
927
2798
5879
2039
3326
3918
5494
2749
2730
2065
5103
887
6576
6423
2873
3335
1147
6076
6868
3702
1083
1166
3565
3686
3685
3676
6818
1273
3465
3608
1072
1307
6211
478
2356
1121
2818
6425
884
2683
6575
6454
2653
6573
6455
6456
874
2622
6965
2571
2181
2215
6469
6486
2219
2471
845
6504
6538
2416
2377
2351
2353
695
3312
2030
2001
3295
3283
6234
6265
6777
1496
1505
3096
597
1553
1002
6749
996
1618
6729
983
1662
3010
6357
963
962
637
1744
1790
2965
655
1937
2887
1676
5584
5750
4779
4700
5685
7133
5391
5027
5980
5373
117
4240
5124
5973
4932
257
4236
4669
111
5993
102
4895
7108
235
4196
4833
4738
53
6016
6025
4614
4471
3889
4201
215
5224
3862
5991
358
5230
5754
4445
3861
5535
5875
4368
130
4122
4333
307
5738
4366
5238
5790
3845
4653
4762
5475
5541
4111
3302
6220
4193
138
3146
5113
6948
3164
5115
4639
1773
2691
99
6970
4171
5699
3226
977
1722
4129
2711
4113
3228
2851
5026
309
855
633
6358
302
301
2183
642
121
630
6608
2985
4516
2036
2020
288
129
2031
2948
4442
5029
2060
5757
2935
1829
2744
601
1859
1885
1906
5960
5775
5714
2811
2747
4974
6371
6349
924
4244
2782
3017
5946
5087
5774
1912
2130
5189
5633
1303
4782
2094
6893
5386
3622
3620
4819
3609
3910
405
3607
1359
3598
3597
3583
485
5646
5336
3914
5425
50
7053
3672
2121
2513
4
2519
6571
3757
1165
1105
2462
1169
4718
786
3868
3699
2102
2882
5480
6054
3684
793
2414
1278
752
810
1047
5666
1526
5681
2643
4666
1545
3387
825
6206
2648
4042
4661
5237
6398
3340
3336
6746
1612
4655
2904
2675
1522
6726
1520
5311
1403
2886
6787
1042
3548
3947
2341
387
6773
2888
1514
6022
7149
742
822
5320
6011
4692
3472
4979
3462
6019
2035
869
4731
7142
2464
4758
213
2418
212
4772
2365
811
5802
2312
6533
2270
6536
6537
2251
4869
4893
6947
4899
4909
843
5766
2214
169
2211
4949
5792
5109
144
51
1041
1428
5326
5324
6772
6770
6761
6804
1475
7162
1025
1497
1537
5260
1549
5249
5688
1493
1567
6900
35
5577
5576
5556
1162
5554
1189
1190
5538
1357
1197
5495
1264
1266
1274
1300
5636
5397
1309
5515
5012
1001
1616
5091
5090
1946
1948
5089
1952
918
1957
5092
1958
6606
6604
909
136
5023
888
5739
5741
1973
5203
5096
1909
5199
5190
1646
1649
6716
6918
5180
90
6930
6708
964
5142
6921
6924
1821
950
1824
6648
6694
5814
559
6126
3381
687
6396
3580
6208
6323
4060
3912
2826
3358
603
2825
4220
2824
4216
3902
2820
4561
2489
4565
6044
7051
7032
2746
2743
335
594
3388
3570
2875
6337
4325
3475
3485
3486
513
2980
383
2966
3015
4447
4246
2936
4453
3664
2925
6373
3538
6347
6132
2906
2905
6346
671
3556
4237
3919
2885
611
6196
4198
4586
7030
2602
414
4702
2572
3241
753
6481
6438
3330
417
3860
3869
553
3745
432
231
439
230
3267
758
4711
6090
6466
4714
755
6094
6233
3691
3347
7091
2678
2672
2662
3883
6230
6221
4189
547
4081
746
7070
2646
6994
3687
3689
4697
2520
4729
6484
4094
3320
6010
3433
6182
3308
5186
6179
3348
6197
3339
5231
3349
5210
5235
4066
1563
6735
1610
1558
1615
5686
4037
3396
5995
1637
3331
2485
4009
1289
6822
3668
1275
3674
5615
5466
3679
3881
5478
1262
1245
6841
3660
1209
1195
1194
3726
3729
1181
6098
6095
1163
1155
5567
6867
1123
3827
5533
3659
3653
6113
1494
1491
1483
3495
6024
3503
3948
3541
3554
3558
3922
1376
3916
6719
1368
3574
5329
5330
1362
3582
5361
3610
5372
1328
6812
3614
3623
6117
3633
6169
4110
6321
3287
4656
2676
2697
4631
4623
