5618
1000
5840
4968
1864
1912
1989
4330
6499
4123
628
7158
1516
4067
1984
6477
4121
1981
2016
3603
679
5248
4941
5889
1193
5256
2503
660
5786
5992
5392
6494
6432
1111
1604
2905
1342
687
3432
1609
456
6027
2501
626
5255
2996
5997
4060
7150
3878
3398
1867
1695
2906
6438
3394
3393
2346
3006
681
2373
4464
1915
4954
1022
2676
623
3448
4771
378
5471
2204
15
5887
3442
6449
4438
3474
3009
3240
6326
3566
1351
5505
1862
7029
5636
457
1431
5557
6355
1461
2925
7021
2672
463
2683
1345
3392
1430
2596
1439
1466
5250
535
1953
70
7133
5611
6437
1076
2674
2909
6514
1865
5807
1869
435
2883
3440
6443
3600
437
871
3916
3917
5885
2888
4422
4320
625
3431
5478
5816
5048
5312
1982
6863
5873
6784
309
2819
1199
1979
2304
5623
2885
4436
6917
6580
3740
7017
4704
3002
5987
4763
806
929
4127
2875
3008
5745
6328
253
7156
4743
814
6539
4048
3395
4462
6714
5044
5493
6533
6061
7093
1015
2663
1432
1012
1437
1196
7112
5233
5785
5790
1465
635
3437
5819
3445
5800
3915
324
3400
3374
344
1062
5788
6478
1078
2796
6476
4703
436
4350
3447
3864
6471
924
4692
3438
5165
6867
7002
6365
1103
835
6550
2502
6447
5669
7129
1235
3072
5632
6491
4777
6247
1677
2708
4516
2679
1280
4764
4007
4065
3068
4769
1460
4823
6033
4171
1617
5383
1436
4827
2675
140
2401
5882
3004
5398
3735
485
3435
1662
5473
3283
78
4949
6434
7110
2606
321
4943
1438
1435
3098
1428
5959
5479
1653
5966
3689
4334
5806
3005
376
3001
592
5996
4633
5018
4435
4122
5424
6481
914
5470
3446
4128
1958
4071
1019
5411
629
622
3869
621
5980
946
1539
945
944
5981
1531
2783
2181
6865
1314
3608
4659
3820
680
4667
6230
257
1789
5339
1860
5780
5875
7004
1150
4253
6625
6253
5531
1230
1167
7024
6588
2820
5848
3286
462
1069
1987
5089
4824
3391
299
1386
1356
4619
1354
2926
5314
5621
4180
5555
2907
5824
1028
2310
1063
2677
3696
6805
452
5612
5635
3828
2183
5775
2184
673
3852
1950
2011
3672
831
3503
440
650
3648
6864
5733
725
2682
728
5624
6719
2188
6822
3567
6560
5237
3483
4463
684
805
390
5077
1347
2343
4011
5883
1781
1784
1256
7027
6251
204
2485
5131
219
3287
4705
6322
4671
255
4903
1404
1411
1419
2985
1596
1583
4126
2979
7152
1544
5983
7146
2803
2392
2390
4129
7137
5960
4066
5042
2945
1433
5492
6026
3364
3918
4637
3419
1914
3922
1913
3406
1919
5812
5293
305
3443
939
3396
302
4650
5152
4634
1055
2274
2792
2766
1918
4433
3481
1608
1673
1676
1684
3434
1462
5253
3641
4956
3090
3640
3430
1692
6087
1613
6493
1552
1600
1658
921
2980
594
2100
5985
6505
922
5805
3007
6496
620
4969
678
5970
3460
6474
1616
3441
5705
6511
926
3366
2931
770
2832
1206
5857
5852
6586
2001
6573
1825
1190
801
3500
4700
2814
3316
1054
3346
1861
1064
1875
2129
4620
5817
6249
5100
3115
688
4467
4468
2923
3148
1353
844
2678
5808
1421
1343
6205
2887
5886
5884
4772
2884
3402
2784
3246
4627
6199
6662
3267
3862
7139
4131
2348
303
62
5459
4310
7013
136
79
5475
4356
6866
86
3919
431
3806
4045
5385
455
6999
2456
450
2347
2148
5262
3760
444
2613
3744
434
3926
322
6869
7162
7
8
5597
10
2575
3856
18
5499
4333
4125
4338
2600
4239
3883
110
2241
3849
7074
2765
2005
1840
2296
5503
6585
2813
707
2185
2808
6252
5833
5115
2505
1851
5335
4725
1171
7016
3248
2036
5757
4249
4244
3974
3284
7050
7057
2035
3948
7059
248
2307
1195
5846
1823
3947
6212
3583
6262
6557
2288
2584
3477
3417
6427
6946
3433
2762
6441
5796
2209
6495
6444
1921
6445
5160
3468
942
4331
2570
928
3461
372
3863
5168
1858
2200
1901
1859
256
1863
6862
3811
2805
5778
1107
3507
812
263
4797
1101
3362
2798
6553
3728
1079
5330
6372
1047
1037
2782
318
4799
3367
636
2970
4156
6095
7149
6717
3030
4915
1542
39
670
3135
7151
672
3136
2978
676
5928
2451
5927
1514
5952
4142
6810
7117
3079
6069
5704
631
5390
1468
3739
5235
5708
4069
2083
6083
3092
1511
5714
2920
3737
3699
5633
2060
4832
1349
2405
2062
6778
1572
2065
3166
689
5002
2618
2066
685
6011
5074
6802
16
1059
1497
5023
2270
2244
4132
1044
5990
19
5559
5554
5474
2571
11
5551
1618
6938
2230
2372
6368
3371
5596
3370
918
2797
966
1553
5476
2965
1656
1026
1567
6016
2981
5049
3420
5414
3037
4638
3407
5973
6401
2537
2971
1579
3404
2781
6028
4966
1927
3399
6442
5814
1573
4081
7131
2398
3902
3449
359
935
4820
7114
5112
7026
4252
4172
5130
4741
1212
7023
5442
6150
3138
223
3949
2825
1827
5496
1177
4748
4177
6245
6244
6210
3181
5507
4776
2900
2474
6219
1778
5941
6223
6227
4765
5342
7037
4760
2901
2345
3241
6226
1085
6102
1161
2285
5332
260
104
5484
1464
100
5502
5388
5829
2804
3360
266
2953
1091
2801
5547
6076
105
2287
4669
2818
5839
5945
5495
2817
2355
2504
6094
3945
5148
117
4693
4043
4679
2806
4673
4672
251
118
2481
5668
3564
4423
6761
2719
3606
2717
6532
3736
3651
414
4361
3565
6804
5792
6648
2202
2173
1957
2662
750
5259
3733
2593
3850
468
4353
2007
4445
807
3505
683
713
3676
2649
4359
3824
5698
3745
4575
5163
5180
599
2599
3781
2091
6818
776
638
2670
845
3686
2198
2724
3851
4614
2705
6899
2669
4429
6827
671
3457
553
2123
5801
3601
6901
475
2069
4388
7168
6149
