5630
5144
5508
5342
4680
5337
5562
4651
1904
1959
5149
1784
7122
4011
3344
3508
5504
6468
940
5797
5103
5330
5740
5013
4467
3584
1908
682
2683
158
1239
1455
4689
1870
1905
2753
2052
689
6416
101
1906
2682
5298
7128
3031
4755
4682
3816
3134
3119
563
2055
1810
6850
157
5339
3298
57
3097
3130
4922
2687
1951
464
2680
4928
4929
5290
1235
4686
2761
4681
6851
5146
7126
312
1902
6018
5331
3586
6019
4463
1900
1080
4654
2273
6412
159
5080
6418
6496
1957
560
5407
201
5810
4255
6016
6017
4470
6089
7086
3588
3506
2835
4684
3446
214
4706
4715
6248
5410
2969
7044
3481
1909
5500
6834
5107
5297
1234
6722
750
6641
5155
988
5344
4411
4924
38
156
5464
7075
1255
4687
3401
3484
5611
1802
832
5724
2855
4718
4863
1408
3291
3210
3444
150
3136
4014
6512
1901
1980
2339
4484
4454
364
3815
5335
107
1084
1088
2498
1232
1043
3168
935
4742
3211
4256
1393
3341
4234
6013
3500
321
6207
3370
1035
1233
213
6041
4016
4015
5622
4688
5299
5334
5631
3137
4760
2413
1849
153
6474
5179
2279
2492
5142
5032
5803
5346
5379
6386
6515
5469
7017
10
6607
5377
5639
5543
7023
600
6586
3037
1453
6631
6049
2468
3966
357
4047
5563
4093
901
2190
936
5634
4126
4158
4197
1954
2381
384
6630
6118
6764
3127
3162
5340
476
1516
3092
6788
3056
3053
3292
6678
2842
2490
3349
3376
3379
2774
6644
2754
2750
1848
3483
595
1868
2585
6875
6138
784
4314
3118
5349
4698
4921
4923
7129
5296
4952
4736
5131
4478
6462
3560
2407
1083
1343
683
2403
6876
3909
394
1258
3762
3763
680
3812
5148
5404
3836
5891
3872
362
3502
6201
3480
1812
1750
5467
1819
2944
187
7047
4753
2939
1670
2900
4724
6763
3296
2858
3342
6639
4713
6208
7068
6638
4873
215
4901
432
1973
535
1081
3744
298
1031
1039
4462
299
2046
7024
941
6898
4274
6015
1058
7103
4253
4337
3378
211
2594
209
208
1029
2254
2099
4217
1586
2830
4195
6732
2811
903
5703
5153
2779
3476
4424
6002
219
6765
4685
7123
4973
2240
5193
908
2859
2042
274
4782
2964
493
1748
2538
4350
6311
2986
5565
3024
182
7056
7060
3030
2277
7022
787
5170
103
6229
1660
5370
4725
1663
6640
263
1666
3258
530
199
1669
4257
6571
5813
4413
4903
1866
3509
5345
3866
5615
365
736
4926
4088
2005
5207
6501
6066
2689
5294
5632
1047
6608
5501
6464
5774
3982
1073
1971
3968
14
864
1086
5098
6891
1950
4488
868
6873
3957
6081
5544
685
5353
557
4920
4121
5251
36
6009
254
6010
2576
5252
3622
2497
769
4953
2735
649
5868
4655
2484
6575
5814
5101
2703
2971
517
5356
6411
6602
2561
102
2507
1867
2068
4902
2965
1952
2953
2501
6604
2509
4362
562
4895
5645
1983
5105
2737
2583
2670
610
7048
2504
2045
569
538
469
4831
6517
5780
3926
19
3877
6868
6861
6463
366
367
76
1236
5667
1237
5284
383
5430
1248
2400
1295
4833
1110
3604
1089
6925
4338
5338
5341
5613
971
4419
4239
4124
66
6012
6014
6503
4460
1045
5432
4090
1049
4476
1059
6044
5322
6488
6818
6150
410
3267
2275
3255
4735
6994
4747
188
785
2482
6654
6996
782
491
3111
6288
2483
627
775
774
1799
771
4818
6653
457
5190
1580
5225
1451
5414
5196
6772
6180
3485
2418
2416
5041
3441
7070
3375
4697
6720
2058
3410
2514
2191
128
2269
6520
2103
5042
6518
686
2195
6993
4360
6603
1326
1313
6839
1256
1251
1244
5295
856
6855
865
5301
6879
6886
5305
1082
1078
1076
1046
5328
1027
7147
985
938
835
831
6813
1376
5076
721
1936
5143
1894
1889
1876
1834
762
5185
6652
5046
1755
788
6671
1664
6692
1589
6707
6740
7143
1511
1471
6768
5189
2272
152
931
3871
3873
7087
356
6321
2938
2883
5812
3896
2777
3925
3858
2767
556
3504
3940
3946
6051
2702
3980
5394
6392
6397
3995
2764
6060
6297
4816
6177
3487
3573
430
3581
3583
3448
436
4703
451
4675
5463
3595
3340
932
200
5022
3266
4663
6082
3124
3819
3112
6069
4815
5433
6409
3507
2414
6417
4977
6006
5789
4954
6419
2529
7009
6426
6436
2405
2408
2412
4422
2404
2373
2491
2589
7016
6413
4251
272
4479
4335
4458
640
4091
2480
660
4013
659
4981
1253
6131
1259
4664
5261
966
3647
6133
1067
954
6156
6915
4307
3587
1353
4380
3580
4329
3523
6173
5222
5665
6140
6157
1013
4597
3935
1138
4450
6888
4099
6892
4469
5996
3958
4549
4532
4473
3986
3988
5705
4492
3963
3810
1158
1034
5967
4250
6068
6061
5972
1231
4587
3908
5982
5986
6870
3879
5990
3884
1166
3895
5985
3936
2285
4683
5745
1977
5644
4927
1958
6410
2651
5362
1940
2588
1938
2685
2688
5110
5129
6383
5132
2734
2739
2742
1930
2001
2586
5793
6510
2246
2244
5031
2398
5038
2197
5529
6570
2428
4963
4956
2090
6590
2500
6440
5075
2539
6600
4950
6605
6381
5584
2751
2758
3178
1725
6655
6658
4734
4727
6253
1626
4719
4738
6697
6209
3430
6734
6749
3475
1507
4693
5195
4691
3346
1731
5829
3125
2773
6634
6374
1846
2828
2852
6328
6643
5180
2976
3008
3033
3035
3062
3064
5626
3065
1752
6287
3110
3120
5479
6246
5610
194
352
7091
6965
68
108
106
671
281
376
333
594
558
275
726
183
218
308
767
186
78
6918
191
402
347
467
866
7144
905
327
203
2
87
622
4324
4330
4331
6404
4323
5293
5928
5927
5924
2451
255
1401
6797
4461
2469
2518
828
4420
4415
6406
2541
4385
605
4363
2587
6395
5718
5717
1337
4349
