5634
3134
3560
5791
4257
5252
772
4255
4624
4760
2586
5395
3419
3039
1591
3511
5869
6466
1352
2971
2273
1341
773
6894
349
2285
5410
2487
652
5717
3945
4074
6462
2814
6898
1355
6411
6969
5925
3780
3781
328
2007
4495
3849
1358
2682
364
5165
5157
3130
4023
1080
5508
3482
5718
901
2261
1455
3162
2484
3887
4953
4515
6319
3864
3850
2919
5631
4934
6474
4938
1343
1075
4125
6539
5342
5332
4376
4599
23
4271
3480
2495
4719
3506
4195
2280
959
4921
519
6464
5800
3858
2782
5046
4494
4496
4371
269
2497
1980
5809
5715
2689
5633
4651
4197
150
2729
2774
779
5133
5172
1344
3095
656
5311
99
6326
5330
3819
5170
6023
5162
2499
2501
4715
2816
5555
5922
1688
5171
68
1233
4152
4707
3826
2492
5334
4452
5793
3441
4370
3165
4334
1056
4616
27
3481
4253
5274
3604
2477
3523
682
3485
5780
340
5144
2900
348
7013
346
5606
3818
5134
6210
5630
4014
4663
3881
6235
7122
1840
5868
5278
3133
724
7123
4457
3164
3344
1460
648
4454
903
649
5011
4491
894
3797
5492
5503
3794
501
2328
2458
6961
3488
2465
2917
2968
5947
3092
1047
4158
6964
4771
5931
4928
3942
948
6179
2498
5251
2003
3974
4703
3030
5956
3104
1372
6979
5258
2911
4487
6846
1904
5639
5667
5766
1703
4766
4492
6725
1747
5047
5139
4498
5300
5760
6826
5010
1581
4620
347
4626
343
5262
1185
5710
6383
3883
2494
1049
4128
4022
2722
2726
5961
5785
5986
7004
3855
4252
3814
3028
63
3037
6218
6219
3489
7128
3168
3413
3371
3298
7037
5867
6626
4338
4451
5803
2409
2324
1142
5846
3038
1686
4377
4375
3025
7063
7060
3622
5146
2945
3696
6174
4497
3789
6026
1144
4499
3863
2967
769
5797
3097
3291
5337
3376
640
5331
2254
3421
1544
5312
4411
1550
3199
6403
736
568
2326
7120
2327
3108
7087
6325
3866
5789
1255
6371
6743
6991
1893
3950
5662
3956
4314
5714
1906
4907
2770
961
5740
1038
4088
4335
5933
309
965
2006
2186
4218
3885
6472
4546
4654
2445
6513
4668
5756
2490
140
1818
4686
4689
4926
5882
469
1393
1429
1475
6496
1453
1456
694
1058
5808
5512
914
5602
5566
5959
463
6102
6127
6171
6584
814
797
950
1345
5558
953
774
1353
956
1356
5711
963
750
6027
3584
6818
4400
4402
3816
7029
2287
3810
7035
3762
4459
4467
4519
4570
2898
2910
3692
2931
4708
3626
3624
4373
7068
3856
2788
4021
4151
6966
2658
178
2507
146
144
2454
3920
5388
6995
2742
4240
4245
4254
6899
3884
3872
118
3031
2555
6771
3224
5253
5254
3426
5149
3163
3160
6673
3424
1587
5084
3156
3137
5299
5213
8
3390
5314
5317
394
1897
5343
4935
4933
5377
654
4135
4126
3270
3978
2711
645
2720
2585
2755
3198
3225
778
2990
768
3583
3094
751
969
2886
2883
3487
3484
3429
6123
3136
6118
2842
692
3813
6020
2810
667
3585
5998
657
3132
5399
4213
2542
5604
1806
5607
4960
4931
4924
5067
4923
5695
4878
5699
4842
4782
4774
5652
1232
5567
5135
1476
5370
1547
1555
5264
1385
5103
5245
5159
1708
1349
1348
1721
5136
1681
2062
4674
5719
1104
5865
1084
4217
5878
4208
4259
2491
1051
1043
2533
2538
5927
5928
2493
5823
4277
4339
4623
5728
4595
4493
1180
5774
4458
2282
5781
4456
2300
2308
4420
1155
4372
5932
4709
3324
6419
25
7027
378
412
162
149
6413
6416
7064
61
550
6520
6728
7081
7143
234
160
229
344
6726
5013
5020
3625
5080
2651
3970
1184
3967
6561
342
345
757
5037
6107
5955
3154
29
4910
4916
3013
4079
2884
1141
4932
3423
157
4950
5802
6087
5801
4961
726
4972
3005
1841
733
326
729
3928
2969
6193
5380
1505
1500
1325
5415
3823
1478
108
1473
5346
553
6180
432
97
3786
5479
5487
3771
6161
1389
1386
86
2683
3853
5319
3936
3934
5817
1237
767
1684
3924
771
1248
1655
5622
2728
2740
3889
5259
21
3880
5291
3867
2939
5623
5316
777
1934
6741
7144
4545
2
2187
4216
2179
3294
2170
2168
6918
1045
5902
6328
4605
4189
2471
2482
2109
2105
4658
3036
646
6324
6900
5990
236
239
4365
2309
2305
4450
242
245
6870
627
3346
997
999
1003
4336
512
5920
6468
3357
1031
2281
4664
3
186
4693
4702
7125
1091
4755
5863
5858
2550
1108
1983
5851
3615
4868
3410
6519
2517
2515
4713
4169
6399
6405
2509
5877
4167
3035
3033
2091
5875
4669
995
1143
977
5569
1145
3555
984
5900
3621
5899
5562
5860
3611
7039
976
3527
2888
960
5712
6477
1140
2924
1098
3009
1057
5873
5821
5782
2964
493
3595
3589
5696
5689
1088
5664
5611
5915
5660
7046
1220
3623
3047
5864
1024
1235
2930
5620
3581
1239
3619
7036
1471
1384
4650
2108
2103
4671
4677
2066
6810
4687
4160
4701
4157
6795
2535
2005
4761
4768
4769
4141
4773
4136
4852
1951
4120
4203
6775
4205
4233
6885
2325
4437
2314
2311
2288
2382
2283
6864
6863
2383
2269
6852
4331
4484
4488
4489
2240
259
4514
4258
2213
4251
2174
4885
4085
163
1659
2736
3888
5269
5281
5290
1565
1563
5313
5315
398
2798
1511
2811
1502
5394
7025
3796
3795
3793
3785
5501
5510
5181
3925
3521
1709
4903
1910
1901
1896
4929
4930
4937
4064
4054
1854
4029
1383
4967
4978
4987
4020
2630
4013
1805
5026
5072
3955
341
5152
4974
1685
4379
643
5962
6362
3364
3228
6417
3292
6113
3509
7146
3504
732
3210
783
3425
3422
3379
784
689
3131
7129
691
7126
3401
617
7140
6305
3139
669
3280
6281
555
7145
6372
3262
551
605
762
765
821
3452
3187
936
24
3161
