5642
3387
3381
7051
4363
1362
825
4365
4367
499
4597
823
270
237
4194
3520
6347
4369
5619
2420
3013
4361
1483
3595
985
3961
5116
4324
4360
5088
56
5537
1369
1365
6221
6211
5722
5770
5272
242
5178
5921
5940
5721
3241
4216
4668
1361
1366
1702
336
736
2352
4592
1956
2763
2518
6719
1686
4674
1385
1607
76
1605
4891
4795
5344
5341
4599
922
2471
2645
6504
7144
4779
5163
616
7167
4191
3170
132
462
2910
6044
3608
6534
5897
6976
7053
3355
5978
6548
3112
2711
924
7039
3782
6717
6760
3978
1119
5119
6715
3385
6743
1991
4696
6647
6531
4199
6358
4174
6530
2096
64
2094
551
1368
2526
6299
7163
3401
1279
6195
6773
4277
3750
5728
2350
1812
5725
2257
4175
2700
6438
3066
2180
4531
712
6695
5644
3625
5114
5670
4280
231
5896
228
2284
4606
201
278
5204
5414
275
1744
6554
5723
5416
1815
921
2056
4450
6634
2371
89
4841
3825
2161
491
6411
2357
4898
3756
1967
926
4470
6318
116
4723
1891
450
6340
1897
749
4525
4702
5783
4842
2018
4219
3996
2580
3592
6376
6873
384
6192
234
6498
1990
2363
6416
6762
5293
5466
5593
556
564
5451
809
1383
2082
5418
2072
3248
4193
732
5401
2052
6155
83
4523
1360
4233
5367
6889
4694
4522
2423
6152
6467
1174
5151
6723
6074
1018
471
139
4539
3873
2438
3885
2775
5926
2765
6464
2434
2922
6709
451
446
1844
5070
1776
6078
6000
3191
5243
6593
5223
2469
1704
1723
2459
6948
1202
2590
950
3522
1201
1261
3970
1071
4189
3019
4192
3435
1074
6702
6373
322
6133
4198
3702
4202
1072
6047
2833
1026
6537
2710
368
5709
6469
5676
5875
5668
2712
6638
869
3605
3747
6203
5843
1173
6482
3745
3701
3860
492
1264
3725
6500
2705
6626
3584
619
4877
113
3285
5309
249
1998
2358
1841
2489
2040
1647
2345
5363
2058
2070
1965
2504
5254
4935
6983
4368
1875
3107
3129
5156
4965
7030
4963
4327
5213
7034
5253
1706
3388
232
1622
2013
4707
4679
4519
5459
1552
5493
4708
2198
4538
5487
1611
4628
4602
7149
6073
4527
6594
3619
4677
4923
4920
4580
484
1843
3583
1090
6071
1935
4444
2293
6449
1922
6518
6460
6051
6567
1889
4629
1042
1899
6007
2762
6319
2366
493
3707
4465
2107
3597
6614
2053
6342
74
6617
2099
2083
4494
2097
2886
61
3749
6659
4463
885
793
2830
4879
2967
2968
4871
1995
6172
2837
6378
2838
4512
4853
4848
6640
3706
1107
317
5702
6883
3443
1195
1364
2525
1367
1709
5304
2589
5420
4232
1701
3979
6768
5276
5275
238
1377
5784
1691
5778
5428
1570
5159
3504
5170
5271
6989
5153
5349
5528
6978
5539
2445
6875
5661
5720
5150
2448
5662
4284
770
4107
854
829
2898
3742
827
6315
1629
5672
2105
2075
6307
4253
1626
4130
4747
2508
2511
6343
4498
5086
1390
1499
1496
2212
6484
6485
6497
4626
4220
4561
4596
4568
4591
3646
6521
4569
5553
1486
1380
5519
1448
5457
4706
6234
4704
5608
4513
4691
6462
5469
5588
4524
4227
6433
2171
4534
4221
4229
1413
4847
2500
4419
1778
1770
2567
1740
5222
4939
5228
5244
5836
6076
4453
6084
3977
6087
1170
2446
1069
4406
5081
5943
1121
3913
1132
5980
2426
6089
1094
1845
1819
5051
2416
1811
3902
3901
5930
2051
6112
1960
2001
1296
3753
4849
2653
6209
1301
2487
5729
2024
5726
6219
5332
4792
6228
5744
5747
2658
2836
956
3773
1961
951
6132
1975
6135
1700
1976
6153
929
1270
5754
5753
2834
2835
4881
4427
4581
3380
6648
3071
7074
6880
558
7086
3588
3436
3052
81
335
78
71
6816
6815
6895
3617
7044
7043
554
6974
6616
546
545
3103
153
366
206
253
6918
577
6633
130
3398
7041
6956
44
3590
2952
3628
6731
1
6687
7141
7142
6738
6713
470
1246
531
6220
873
1657
250
248
865
6630
2774
2723
6040
2721
4320
5894
3397
1172
5364
2715
5366
3751
6677
264
6056
6644
5350
3598
855
4262
6619
6981
6979
3108
2443
5121
1062
4344
3526
1781
3602
6298
5168
4343
856
454
5962
3938
4582
6290
5210
5211
5215
3379
6009
1722
1721
5237
2468
6950
4335
2519
5413
5412
952
5620
4171
3981
5646
5649
2620
5820
2680
6113
3043
360
2628
1336
365
5789
4100
369
6099
5724
5727
6787
6665
3582
1275
3581
5773
6765
4013
5835
5409
3972
4176
6070
5421
5436
5441
5447
3757
2536
1535
511
5472
5882
6890
296
1513
6060
2562
6872
3968
2564
6740
5534
3431
316
6852
496
4182
6829
3053
2704
5860
5087
5935
6006
4521
6603
6377
138
40
2147
6490
4437
137
1920
6436
2089
1996
4671
6551
3212
119
6366
6371
4744
4499
2106
1980
3289
4456
6560
6414
47
1982
4501
1985
6417
6419
739
3657
6427
743
131
4514
4937
4695
4640
7028
3649
4977
612
4564
640
6452
613
565
6523
6443
1854
1853
7160
5077
2354
2255
690
5085
4784
3634
778
2421
114
768
2412
4983
4415
4978
2359
69
4560
2074
7079
67
4073
4727
4469
3441
2599
3449
6799
2085
1379
1374
4772
4766
5684
68
1402
4742
70
2334
4102
2090
7114
6823
2088
43
5739
2210
16
3962
5891
2218
3010
4621
3195
5920
431
4603
1128
1127
4594
1120
449
1075
2241
2244
6005
7165
5871
4535
3965
3215
1291
4060
5750
2661
2663
4052
5759
5761
4018
6766
51
2673
2048
2138
1242
1238
4676
6756
4673
4672
3971
3015
1252
4467
5091
5587
6958
2396
5236
3304
2389
6947
1703
230
3391
5255
5261
1692
239
1689
1688
2387
1687
4309
245
246
4295
5317
2377
2406
5209
5206
5020
3111
5096
2437
3114
5079
185
4364
1846
5124
5063
6973
