5656
5445
3528
3049
5657
1652
3525
4136
5652
4271
1701
1659
3046
5651
4830
5456
5450
3044
2442
5658
6949
3104
4497
4135
3524
3105
5448
4603
5452
5655
3088
2639
1449
2188
1476
3108
4540
6543
3047
1440
6546
4604
5653
2635
4139
6942
6904
1445
6935
4547
4844
4280
5457
6929
2633
6990
4608
3102
5650
4548
2325
2745
6927
5453
3280
6007
1650
3521
4840
4182
4879
2869
5155
6193
6910
3615
4607
5654
6157
2207
1441
6637
764
1705
5825
688
6911
4273
1655
3025
6003
6941
864
4541
3082
6450
4542
3527
2328
4543
2329
6946
5719
3288
4845
6558
771
610
4130
1706
750
1458
5374
1127
6900
6034
4544
2180
5088
1942
1406
6962
2197
6120
2321
2392
3450
6732
3289
5083
2630
3455
6403
5087
1443
5239
514
4262
6113
6936
3101
2702
1337
3109
441
3086
6002
3131
1454
5595
1709
516
2264
1208
5907
1448
6940
5645
268
853
4090
5668
3456
4175
1714
1937
1658
3879
3658
3944
5857
6686
6685
1431
6001
3755
5086
2815
6847
4549
4602
2262
2260
5476
6373
4545
6127
2634
4495
922
646
3705
5572
3383
90
5092
1390
3690
5228
2995
2564
1710
2616
1708
3526
3284
6322
508
2566
241
1723
5014
3080
6000
867
2821
5662
2851
5740
5550
5281
862
1538
6446
5481
644
4035
6594
3629
4190
2326
1401
4233
162
1375
4625
2185
6835
4595
6963
3758
2191
6948
4551
4546
2195
6931
2196
6908
2395
4862
2199
1447
2453
948
4096
4400
6300
2474
3089
3265
5389
6059
3282
608
3333
2670
758
763
3529
1651
6039
6038
2641
2398
6830
5913
4605
3309
3021
6089
6992
2865
6920
5527
5525
2868
6248
6921
6922
6924
2840
7164
4453
105
2885
6930
6907
6901
5487
1456
5477
2055
5619
4455
353
4492
1549
218
4498
819
3059
6014
6505
3930
246
4798
5993
3451
6721
267
3522
1282
538
4846
4905
2603
3424
4684
2177
4094
2315
1380
3085
5325
2309
6626
1280
4147
3784
2886
2107
530
1286
5846
1262
5571
4153
3043
2977
1724
3954
4493
5856
6033
4297
6923
6009
537
443
1284
5882
2194
580
605
2189
2135
3081
2983
5660
1180
31
1126
1187
5899
6964
6961
6037
3100
4093
2190
1326
4004
5800
2193
1704
6937
2032
1171
685
5443
5903
5446
259
3262
4572
2269
5371
264
4600
768
769
6352
3454
2298
6531
1425
3452
4816
4613
6413
3429
5099
6435
1391
3384
1392
3422
2268
1080
2576
1480
5492
5510
6262
1459
933
2208
699
216
6598
2843
684
250
5524
4962
119
2861
5455
919
2265
247
3591
3423
4712
4192
3669
4757
3626
5854
5080
3042
1692
4834
517
5901
1444
4841
5063
1227
861
1186
4849
950
4999
3114
3831
3409
1590
3764
5454
3787
1646
5458
5460
5462
3792
5606
3180
3106
1450
5511
5520
5521
4531
5530
1642
4570
3753
5659
3382
1540
3341
4264
3716
1058
5553
1149
5693
4609
1654
1653
3318
4606
4601
4412
1333
4591
3744
3420
3459
5638
2946
261
2991
1807
170
2457
6771
6584
2725
345
7054
2045
2187
1903
474
6516
7154
6786
73
2695
6968
410
1703
27
2671
2515
6540
235
1803
2867
2667
6730
5902
5905
5914
2263
6044
444
6669
2452
2919
6269
2037
6537
2998
2182
1719
6928
171
3789
4509
3287
752
773
4496
6367
314
2668
781
760
6926
762
778
1344
3229
1335
6257
5489
3155
3858
4344
3159
3161
3837
2808
697
1152
1597
1318
6277
2767
6281
1145
1323
2183
6304
6427
3815
5441
4408
5421
6719
5283
64
6437
1029
4668
906
2322
3698
2463
6589
1452
1011
4931
220
4924
4733
938
2415
4904
4744
3607
210
1926
6660
6665
1408
3659
961
4863
3656
3653
4790
3532
2204
896
3706
3774
1535
2256
124
5219
3389
3401
6843
6838
6256
2584
1513
138
2280
2282
837
2559
4611
2308
3453
2525
4640
1377
5009
248
2491
243
4661
892
4995
3150
984
6103
1746
3976
2913
4091
4142
534
5599
6073
4170
4140
4186
5890
3112
2990
7145
5862
4064
3904
6152
1755
2891
6122
1188
5975
5579
5789
5592
5934
7056
6006
5827
2842
5746
4095
5743
5822
5821
461
446
3024
7124
7014
2982
5664
2862
5977
551
377
3742
3713
929
7153
6506
5741
3013
6503
6903
1711
2613
947
1261
445
2266
6459
449
5711
6837
1515
6623
2955
2446
5132
2994
3028
2292
2567
2993
1402
5134
6545
6005
240
3709
4997
890
5996
1233
472
5994
2070
1032
242
1031
2316
5991
3704
3703
1389
6772
2069
1238
4958
917
902
6534
1266
4099
4641
5747
860
260
6783
863
5874
866
5760
470
5004
5052
4934
3497
2992
5021
4648
4938
2494
5765
3523
245
1488
4022
5843
6661
6276
4369
1146
5566
4847
6181
2740
3825
3220
6701
3902
2724
1332
6974
6312
6687
6684
3798
7055
6905
5387
5380
1258
655
513
4366
3153
674
5495
5490
3120
2850
2858
2860
4351
3641
5488
6266
6713
1156
3173
694
7030
4364
2787
3834
1605
4250
2333
179
5379
1643
6966
619
5891
2693
6383
4870
1003
7116
6402
6919
5322
6916
2324
3335
102
2934
4535
4875
5990
1541
2621
3352
4149
5665
6932
3285
4490
7083
5359
6938
757
756
416
1285
1700
2669
1432
1707
5357
753
2677
4470
2192
177
766
4717
6723
4092
4730
7161
2327
4087
4804
994
5
1404
6746
1009
3643
4029
6724
46
141
6776
3782
4157
4494
2038
2099
4173
22
4456
7064
3794
1336
2004
4194
4539
4410
7053
4199
4203
4206
2117
2146
2012
7036
4363
3841
3876
1159
6993
3907
3778
3955
109
4665
3708
3978
1229
1950
4647
4644
1371
2306
1057
4610
2301
2300
12
6817
2286
7143
3871
139
4141
3750
134
4143
6853
4144
4145
3959
112
3956
4710
1479
2054
4835
6100
