5652
4271
1701
5450
3528
3521
5653
5655
3525
5657
5656
5654
6935
3088
2634
1706
1704
5436
3526
3755
3049
4607
2639
2630
3758
6949
3041
1708
5666
4497
3422
6961
1659
2633
3089
3083
5456
6929
3756
6910
5665
1709
4843
4262
3750
778
930
6969
1705
3529
5452
4875
4844
2635
6626
7014
5660
3047
3046
6003
3524
4135
3109
2442
3086
5650
2325
3025
2616
5658
5659
3085
1707
6127
5079
4602
4378
2881
4280
4606
6725
5710
3522
4547
5445
3424
3413
6584
1655
4876
3753
5448
3456
4495
1654
3081
3082
3024
3087
984
2702
5370
3104
5085
6739
6037
1650
6809
2445
6936
4499
4153
4493
3452
948
3043
6966
6990
4830
3420
4374
6942
6193
3423
5747
694
5768
6120
764
6907
4872
4278
3451
3317
5651
2075
118
3044
3781
5870
6038
3316
3615
5566
6847
3084
1431
4372
1702
6113
2536
3280
5718
3964
3593
446
6963
4879
3102
760
6122
3450
5440
4840
4418
6964
3527
2329
3152
5014
6732
3030
2703
3333
2530
6911
6940
1355
4492
950
3754
1653
4022
6001
1295
5520
4934
1472
3965
4870
3879
4455
4603
3040
3901
1444
767
4370
5901
2323
1700
359
4938
5228
3042
2434
1470
2438
4491
2886
4375
1479
6678
721
443
5662
2328
933
4371
3961
6275
2451
2300
2449
2261
4696
3108
3101
1460
4029
514
4600
5510
3080
2326
2302
6543
5856
4157
5699
1098
4937
2638
5087
3187
2116
6088
5099
938
2701
5740
4145
3210
4931
6931
4951
2535
3282
5530
2884
6962
711
4942
6997
3459
696
3045
4868
5770
3457
2631
7086
5080
5309
5515
4221
6269
1703
2637
3105
3625
3626
6789
5031
4601
5753
3511
1441
5047
4757
358
5236
2677
1285
353
1056
3120
5557
444
2452
4933
6276
6975
6974
337
3028
5511
4003
3799
6125
6900
4874
1814
2617
218
1127
2952
5444
2613
4180
2067
6918
6566
3787
4273
3790
2515
5854
934
1652
5825
6904
1903
4021
2743
6157
2207
2700
5479
5088
4745
1540
5495
5487
1091
5008
6546
5763
3520
5752
4379
4496
1180
3429
5575
5413
3100
3229
6530
4190
6672
5492
6498
1657
2032
2579
5552
2618
6589
4422
5453
5002
5934
3797
441
2301
6577
4543
692
3707
4930
2989
4136
936
5664
2199
2707
781
6820
5595
5579
2533
5197
6032
3555
4020
6033
2735
1401
6086
4100
3956
6926
2183
5120
5633
5046
768
4297
1754
5727
5713
4339
773
6531
6433
3163
5488
5092
1937
5490
6185
2309
512
3023
4648
6214
4101
5641
5913
834
4939
6641
7096
4068
1097
6537
4498
6922
1173
6558
6500
6919
6916
5379
5667
2953
3772
224
2070
6574
2197
1125
517
6939
5465
5906
5905
4263
3825
6894
27
1185
2045
4476
7136
1120
4212
1402
4028
4240
6730
7013
6994
4605
4604
5963
3121
3519
776
6030
3628
3252
1944
6284
1477
1048
5750
3256
5765
726
749
6266
6289
5967
3967
763
5213
5976
5529
5019
3224
1456
4139
2636
5260
2663
6700
1458
6965
3281
4616
819
3536
1126
4269
2444
1360
2668
3796
780
1408
2708
939
932
6513
4494
919
4258
2491
3794
6314
1179
4326
1449
4147
5443
1322
4143
1181
960
6326
1377
1538
4219
5599
2453
6398
4411
4377
4093
2771
2883
5788
2463
6258
5634
2798
2570
6254
5781
1224
6409
1286
1228
1249
2738
2704
1188
6472
2940
4397
2619
2538
6320
5821
1368
788
2745
1051
2918
2679
1375
1057
1548
5947
5712
1155
3627
3221
4551
52
1683
6835
1783
2308
324
4904
5011
3681
6967
6853
3553
6948
3411
3150
3151
6873
6946
6941
210
4546
4936
3455
6709
7002
6776
4991
5283
6785
2280
1723
6736
1721
1941
2282
5239
4863
2008
6800
3226
6728
3112
1755
6988
6808
1699
6817
1660
3197
4548
1894
1882
2186
556
6587
5386
2193
3759
1854
6581
2065
6578
2196
3583
6908
516
2327
5153
1157
2188
6927
5152
2964
6937
2071
220
3751
2189
6598
5261
6780
5238
6920
4329
1934
6089
154
3170
122
1768
2816
5577
1932
6782
929
2260
4083
3107
5041
251
5668
5254
2446
6783
1032
2725
6928
3932
6992
1329
6930
1445
5045
4250
2457
2669
179
2740
6226
6219
6039
2772
4103
282
1811
6952
1812
5192
6882
2705
4649
6183
5086
6062
964
4026
4659
1803
4261
6129
4642
2537
5155
6274
5051
161
4755
3962
1282
2807
6895
3222
6832
4626
2710
5619
6977
5725
1918
3134
3214
6968
6034
4369
4149
3792
5761
3831
3410
1183
3834
3836
2919
1184
1116
5346
3008
6637
4544
3414
1546
2043
4545
1541
3845
6771
2073
7127
6663
5499
5909
2081
513
5477
4450
4201
7164
3791
2336
1148
6540
2959
1146
6545
5388
1170
2331
3783
2887
4183
3771
2357
4884
6475
1651
1129
6609
5457
3818
7141
4175
1658
610
4402
921
1052
6687
4989
5572
2431
5921
4849
5538
5559
465
6335
4159
5555
3458
3288
730
6721
449
3286
6685
246
4935
4376
4841
1049
750
5004
4972
5948
5576
4577
90
216
217
1888
6082
5103
1226
3219
4182
7147
924
4277
7161
1328
1145
5030
133
1144
3268
1172
5827
2062
5868
4878
3345
2185
2518
1029
1317
1123
5879
5784
7124
2580
5719
6970
3319
5074
6021
7118
1280
2031
4752
3419
2578
1208
6007
2628
5070
4170
985
4268
7085
2145
2005
1313
3284
3396
5975
5924
5890
7064
1220
1262
77
3453
1910
5916
1082
6960
5715
5717
5783
2584
3415
1378
2191
751
3629
1733
3904
2853
5280
2855
1474
728
429
722
6724
716
442
6705
3095
5534
3907
2264
3127
5604
6271
1765
1442
6802
6801
779
374
1452
769
1454
1455
2842
4279
392
5217
706
3048
2930
4456
6461
6473
6582
3795
2983
6490
3782
5441
6567
1633
5384
3785
1612
5481
5301
654
2917
5528
4392
697
5306
693
690
2307
