5825
6566
5452
3820
5556
5660
1701
5656
638
5652
4096
6120
90
5450
3451
4490
1708
634
6543
210
5571
2681
637
6905
4492
308
6921
5655
5665
4495
3316
235
6122
6926
1888
4093
4004
2579
1403
636
3080
4142
6923
6949
3828
7146
1546
6929
3420
4498
3528
4131
106
766
2768
2603
6900
2564
6295
6946
2325
2855
6937
3314
314
2745
760
6546
761
3086
6191
4157
6271
5552
3268
5658
4091
612
605
5666
4497
4134
762
6577
1938
507
1700
2631
1706
1707
5972
1907
6924
4759
5391
5970
5610
6947
5577
3265
5557
2969
3523
1274
3375
5490
5667
5445
6939
2802
5668
1445
5765
3119
1114
6922
3033
1937
4271
3821
6910
6190
6265
603
102
104
6279
6911
3456
4594
6292
3745
2662
6776
5731
4661
1442
3025
2948
5579
3131
4173
3527
5478
4147
3524
5296
5662
1224
3450
2491
2668
6277
3521
6275
3081
2886
2019
2023
2031
4744
2080
3284
1885
4862
3681
6002
2196
5650
3376
4496
2226
3758
5827
3024
2194
6931
3109
2191
2193
635
1032
632
6935
5653
921
5654
6920
218
6904
6090
776
3310
563
6274
6928
3318
6916
3475
1161
5055
1705
1807
4700
4684
4669
105
4547
4476
2222
3423
4148
2416
2446
4122
2560
2567
2633
3457
2661
2669
3459
2677
3787
2807
2824
2906
2965
3502
3242
1559
4563
5535
1541
1197
5456
1227
5572
6969
630
2648
3135
1318
3455
1545
3452
1111
2566
5664
2484
5480
3915
3453
596
5550
3192
1229
543
6452
1220
503
2873
3613
3525
6589
5574
373
3514
1262
2445
6273
5446
5719
1443
1868
1865
1449
5290
3319
6003
1702
855
4978
4998
5022
5033
5283
1407
5845
4611
2083
1351
4153
5436
2329
2326
2322
2227
1404
2185
2164
2160
5669
768
1082
5620
1051
1480
5099
6914
305
101
124
6908
7129
6934
6961
6963
6945
6944
3084
4615
1223
3255
4682
4667
4664
4662
1222
1221
4688
144
5576
4614
3085
4607
2067
2068
1190
2086
4569
1186
1166
5625
7072
6429
2192
5573
6865
6966
1927
5439
4957
5004
5021
307
1646
1731
5052
1441
3370
5206
5222
5225
5230
5338
5553
5448
5457
5657
5530
1918
4746
5520
5511
171
5499
4830
5483
4844
3098
6565
1804
5488
2223
1456
926
3755
3049
2481
3288
4022
6826
53
353
764
2635
2639
3865
6807
7125
3317
6925
2665
2667
2672
2686
6919
559
2759
3824
3818
5854
3690
3786
763
2362
6276
2928
6272
2440
2908
2321
4278
2305
1004
4154
6938
6770
2407
7150
2278
1000
3505
2850
5698
7162
5464
1447
778
1409
769
5443
1408
5398
5370
264
1400
617
5663
835
1315
5661
6941
1454
5691
5624
5728
5595
1181
1008
1188
1191
5774
1317
5821
5823
6936
5872
897
3325
864
1228
3323
862
216
3313
5481
5578
6948
4799
1498
2453
2449
2442
4135
4137
4138
4144
2392
4179
4197
2339
2338
2296
2269
2264
3411
2224
2221
2200
7106
4085
4033
4029
2964
3526
2909
3602
2876
2872
3662
20
2805
2195
2798
3827
3829
3833
38
3029
7124
2616
3987
54
3698
1468
2190
2183
3094
4842
4843
3100
4879
4890
1793
3101
3102
1738
1723
1709
138
1659
5070
1633
3372
3118
5258
602
4790
3091
4739
2145
4481
4491
4540
3396
2089
2084
4595
4608
2188
4613
4618
3254
1981
1970
1966
1950
4733
1929
1923
2039
6320
3127
6817
6395
6478
6676
6494
6867
301
6472
6451
6461
6809
561
4834
6962
2315
5631
1219
3010
6001
240
4841
3426
5284
4845
4201
4941
852
6205
6196
1655
4362
478
6729
2907
6943
2561
1374
2015
4638
6539
6930
2758
6720
1864
5155
227
1495
3618
4619
6540
2260
839
1431
2181
5300
3424
6918
4387
4603
2820
1790
1763
6363
2818
1458
293
4909
2806
1775
2804
2801
2670
2357
5322
1198
4570
3021
6955
3106
2511
833
2780
5080
3377
4864
5619
3312
4869
6119
758
974
2085
5792
3211
4224
3744
1497
6968
5460
6721
5675
170
922
4994
5232
3460
2718
5105
2951
3529
2418
5434
280
4989
1110
7041
2253
4738
4976
929
5495
3413
1662
6351
2262
4127
1946
1944
2266
6327
1089
5847
592
2207
1974
120
573
3252
5003
4999
2636
5905
6296
3089
6818
1503
2653
6906
1117
3753
1266
6369
5256
3088
3002
4658
1549
136
646
962
6269
2743
3104
1761
2750
2747
5223
2738
4516
5822
55
876
5011
6531
103
1087
4590
2298
5207
822
107
5301
1765
6822
6393
976
813
2800
5960
6795
4546
4007
3336
4326
859
958
4543
2687
4008
6927
5890
4285
3785
139
381
3374
5281
3322
6719
4023
4499
975
4300
5239
6820
4501
928
4930
5696
4931
4955
220
924
4542
537
2764
2578
2328
1165
1597
226
2414
3280
6290
2412
642
2940
3187
5127
1900
1997
6281
1894
6902
6278
633
3548
3562
661
6732
2408
4397
1009
4782
6262
2012
6254
12
5544
4092
2897
1267
5147
4666
6297
2444
1311
2206
2443
2448
3509
1968
3082
6325
2983
5122
5489
4686
601
4146
1933
5471
7161
1925
3117
2455
4136
5455
121
6802
7126
3859
1913
3858
1911
5492
7090
3583
5330
6513
2861
5804
4840
109
2853
3093
1822
5337
6458
6106
3629
5575
6726
5174
129
222
2232
6567
6678
7016
3660
2166
4414
1053
5795
1194
4190
3468
6413
4042
6217
1866
3229
1169
4086
2337
5094
156
3696
441
2493
703
6415
721
2675
5592
4816
3385
5589
4080
2229
4821
2660
1401
6671
2032
3389
2238
2597
5124
2621
5192
2606
3949
1049
5195
3410
6536
4393
6534
3034
1065
224
2239
1056
2634
5829
3358
3249
1373
2399
6965
5389
5388
5387
1237
1393
4180
1402
4075
4188
4048
4221
5538
1370
1258
1261
1310
5487
4132
5477
176
494
5515
2514
1285
3283
4099
4149
1268
2409
6771
179
