2445
6933
1936
5825
6807
3314
3312
5872
5207
6928
6918
2812
5824
1932
3419
3319
6739
4989
5989
1557
5665
5576
5511
2915
6947
3781
3333
3791
3310
2616
2449
6914
2917
4842
4843
3100
3681
2443
1701
5046
6931
2686
1700
6916
5180
5577
2820
5792
5515
6938
3795
3516
2911
5431
6471
3789
3785
2444
6934
3313
5662
3797
6939
6968
6943
6969
5519
3790
6925
6922
3792
223
4872
962
3315
3941
3107
6874
6509
6944
6941
6032
225
3337
6122
3229
4156
1813
5652
6571
5574
3794
3474
3161
2883
2675
5579
3526
6513
3290
5304
2800
131
6902
5585
5586
4253
2481
6214
6749
1192
3848
3799
6850
6924
6234
5109
3316
27
2075
1556
934
4672
1562
3471
3787
6566
1040
1850
3754
4641
6738
1236
5439
3786
5479
6587
1384
3361
6748
3340
5713
405
1511
1738
3149
3152
5658
2684
5718
3784
6578
3672
3660
3793
3757
6677
3612
5842
5703
5669
2913
6767
5666
1704
314
2796
404
6215
4636
24
1933
2382
6912
4326
1935
5518
4954
786
5002
2451
6879
2300
2459
4481
2302
5575
4640
4176
5331
5571
5312
5237
6559
2944
3410
5735
4351
3561
2952
2956
3502
239
1918
6035
5710
5194
1819
3772
930
2815
1031
4083
2916
500
6569
2297
5222
2816
6573
6575
5318
5497
3752
4492
6966
3753
5767
5987
3756
2215
4607
6921
2547
5573
4278
4150
3297
3878
5591
1812
2631
5080
3232
4216
5626
4159
4202
5653
5075
3163
1437
205
3927
5521
1388
4311
6917
2379
5063
7125
218
5523
6911
2665
5516
5517
212
6355
2658
4068
2229
4650
3514
3518
2237
2914
6395
3151
3472
3343
6398
2065
5995
7064
2204
1968
2206
3422
3150
2209
1433
1436
4668
4978
6853
1853
3525
1702
226
4275
3759
139
5526
6945
4375
3796
1668
6764
5506
6498
114
2383
220
6927
2448
221
5663
3921
3896
4507
2822
3581
2498
1709
1053
6549
4986
6112
1450
597
3988
3256
1439
4221
5049
4935
1431
4957
5100
4189
1093
5005
1231
3318
3529
3547
472
3551
4547
5930
963
3580
3601
3618
1048
4376
3423
5770
5512
1056
4374
4715
1059
5994
5434
3780
5456
5477
4729
5487
4315
5179
763
4833
5986
5654
3584
5055
3005
2238
1706
6882
6536
6786
2278
2973
6505
1453
6832
7026
1552
2368
6929
2517
6625
2919
2515
313
2377
6913
6909
2393
2524
1688
6905
6287
3156
7034
2787
2718
2045
2791
1937
6570
235
3220
2681
1618
6574
2667
1963
1998
2073
4170
2795
4155
2521
2782
2525
2798
2502
5578
6762
2542
6760
6765
5677
3841
2674
200
5660
237
571
3923
1666
5629
5734
1730
6820
5617
1733
2540
1708
4314
2439
7014
7020
7022
2232
5231
2164
2133
924
751
4802
5280
4804
4806
768
871
7138
5104
2017
7148
2004
2003
812
901
4562
5301
2261
1793
5510
4313
6926
1078
94
4355
6957
4371
5436
6961
2360
4372
2311
6970
4379
4397
5370
4414
4426
693
1857
5313
4258
5781
6213
4066
5879
2941
2886
1397
3521
3611
5873
6123
356
5835
6400
5855
3061
6362
1516
1396
6530
6567
3503
3575
6568
3266
2918
1454
6426
3477
5924
6220
6212
5804
4490
1852
6920
2270
4412
1810
695
4310
1534
1041
1032
4441
6062
4468
2972
5362
2939
6973
5473
4319
2361
3744
5985
4370
5437
4318
1370
5981
5493
3368
2330
5969
1811
6965
2959
6975
1061
5263
993
4841
5124
2068
4868
3269
1939
3178
4961
4976
7141
1952
4993
7162
6219
5012
5037
1451
800
817
5044
3224
5065
1969
1430
1928
766
764
6997
5291
4508
4566
3473
5259
3014
5256
964
2235
3031
1531
4649
5218
4688
1497
5199
4759
2086
6121
909
6324
3147
1927
2210
2912
1067
3894
6763
5641
5829
3930
291
1595
1173
1167
3970
2673
2814
6503
4012
6500
1736
3615
3616
2661
2560
5834
3899
5836
1703
6539
201
1707
1197
6782
5670
2825
2625
5657
2826
202
6766
1310
206
2613
2571
5870
5613
5557
5761
517
1665
6878
2788
5747
3766
3628
6481
1274
2758
2446
6588
2440
4128
6847
2394
3624
5732
2804
3486
5875
3755
2908
3626
2801
3695
4790
2104
3132
2145
923
3141
932
4752
2089
2126
4744
2060
5039
3158
3268
2752
882
1931
3613
3101
2676
849
3186
5042
1610
1685
2755
4809
2819
1226
3758
5033
3602
1249
2809
2023
4696
2385
4687
1385
1594
2861
1382
2326
2535
2949
3411
2522
4088
1550
1558
2519
2518
2888
2363
2366
4285
1570
1783
1360
1817
2455
4392
4316
4205
2468
2480
3504
2897
1073
3416
3859
1043
4399
4677
1900
1894
3892
4647
960
3593
3025
3476
3009
3336
3004
2619
4564
3003
1872
2615
2564
3982
1391
1392
1024
4444
4017
4474
4484
2265
2570
1399
1866
4501
1856
3751
4530
5147
5833
140
6414
697
6415
761
6579
6419
6784
5562
6769
5794
7160
6800
6572
350
5786
112
6875
5773
6472
6542
5567
6206
141
5508
150
692
7120
5942
6978
5271
152
126
5856
5406
6672
211
5413
6022
5422
5429
809
5214
7135
5471
5841
5494
6406
779
5965
6867
5746
5695
6857
301
6216
5661
5624
6499
5701
6531
5595
6843
1593
3528
4384
3845
470
4378
3519
5400
2214
7015
6696
562
4337
5460
4353
6411
6980
3854
2880
144
662
7024
245
5667
5668
2447
5385
4421
328
1001
1530
1004
1667
4469
5678
6734
3451
6915
5676
6394
3457
3458
1661
3812
1020
333
2426
1537
5943
6906
3478
4427
5675
5698
2717
4425
5914
6402
7086
6898
3893
5470
2207
3779
5790
1796
2807
5741
6994
4090
2823
5572
3687
5623
1614
3949
5621
2257
1142
2218
308
3977
4026
6547
284
2817
5590
3986
5596
5768
5587
2828
5808
5553
5843
1855
5485
478
2148
1193
3588
1553
2887
3788
5525
2389
1873
1186
3603
3608
5831
4234
6626
