5672
368
5056
4517
4513
237
1073
230
6828
1071
2353
5831
72
1077
4979
7053
5406
5835
5451
1176
2294
6199
7055
500
231
1509
1261
5839
3286
1001
2223
1827
2242
6363
6773
2378
6945
264
2363
2298
5408
2243
6099
5674
6748
2240
5946
6775
1070
6295
3645
149
4709
6131
798
5485
4707
445
33
2241
4569
653
2248
2370
2375
2377
2393
4566
4323
1286
5926
4397
3782
2213
4
985
3289
6464
4414
2036
4687
615
5348
1925
5016
2078
5526
2245
5409
4797
236
235
1287
6334
5974
5970
232
6292
1456
5906
3912
4150
4152
2806
1094
1097
2724
4511
4615
4693
4795
4798
639
1173
570
2367
2364
2357
143
2291
5596
434
5644
2246
5690
5830
2210
5910
6573
3293
6974
1515
7052
1448
7054
5115
5009
1446
5007
2803
7050
5932
3139
2366
519
2458
5135
2829
4157
241
1172
2390
3082
3767
233
3768
6615
1079
4936
3589
1782
1657
364
4608
1504
1385
2071
4514
448
2935
5581
2385
4008
5066
7059
7140
995
2745
1289
262
1767
6762
145
1280
1184
2170
4073
7019
5097
5020
5930
1688
4536
1497
4632
2575
2574
4700
4704
1690
4390
2802
4227
1656
3971
6234
2812
4122
4356
4561
2625
3765
6425
2292
3721
2372
5793
2369
3138
5400
1340
3618
6930
3175
146
6505
3275
1779
5519
5515
1006
5319
449
483
6339
1620
6411
5134
1242
5836
8
6558
1622
3298
1264
2379
3040
203
206
2394
1388
5524
7057
4665
446
5677
6843
6031
2614
2247
5692
1511
2117
5647
571
506
484
5837
2178
7028
565
1514
5145
4991
2152
6808
1174
2538
1513
1171
5795
4931
2433
5413
5954
4852
2338
2521
6760
5304
2350
7122
7087
1915
1919
3978
708
4001
4004
217
6647
222
4069
4076
7157
6692
4153
791
3864
1913
2977
3829
975
3345
141
3387
1697
998
3218
790
3577
7163
3649
1828
6427
901
6392
1479
3581
6229
3996
437
1678
6195
4496
2738
272
2066
2786
75
2732
6139
6113
2749
743
2805
6137
6115
3617
2577
6940
3106
1017
3115
3702
5343
6953
4402
5338
5324
3752
5391
3591
5476
3297
6868
1
3307
4605
3285
3283
1231
3368
6903
5438
992
1444
1134
954
997
5512
5511
4628
2333
5470
68
3771
4189
3781
2426
4070
4071
4996
4239
4990
4079
4107
646
4264
4151
1170
2430
4159
1093
4857
632
2804
2474
2477
4237
2834
5018
5019
5203
3786
3031
3817
3019
4401
2962
5130
3860
2741
2556
4791
3941
2742
3943
1061
4384
7051
4368
4851
4021
540
5224
1189
5619
5810
1281
2024
5791
5785
1953
6130
1943
120
6296
6307
6309
5729
212
6648
201
6116
6108
5905
346
5901
2162
332
1285
380
2201
6030
303
1268
6087
2070
90
5986
6335
1646
6616
6552
1578
1370
6534
6845
1758
6866
153
1796
6468
1753
6466
1785
1787
3102
4612
1743
2072
2074
2082
2610
4610
955
706
1126
6097
5617
6740
3444
6111
4522
3520
6117
1474
4484
2730
2628
4671
6033
1381
4937
5912
5915
4906
5916
630
2462
1650
3299
636
140
3363
1283
2486
1284
2513
6769
6617
3385
316
7056
6021
2557
1144
4716
2122
309
960
1403
4674
2736
1313
1111
1078
226
1926
3614
6471
2831
220
7160
3623
6303
2842
3643
1805
1922
3925
2924
3914
1916
1823
3857
2961
3852
1022
1902
3016
6372
6406
6415
180
4105
4405
4133
4146
2064
1311
6426
4395
6182
263
2771
4300
4293
4268
2792
7146
773
6204
1681
6220
1318
1319
783
4182
3607
6232
4179
4166
4164
4158
1996
7155
1328
1686
4203
4592
1708
2376
1209
5313
1517
5219
5658
2421
5307
1187
5042
5567
5561
2296
373
1422
404
5283
360
1255
94
5813
541
5067
5234
2220
1547
2314
5743
6934
381
5503
5773
5401
6881
2254
5154
5393
5783
393
1615
606
5823
4970
5350
5381
5697
6908
1577
5727
5189
1179
5001
2277
1245
6805
1628
391
5394
511
1175
3919
2875
3977
5459
854
2236
5726
2927
2931
3935
1253
6312
3927
6935
6920
5379
5909
7153
244
2807
240
6942
4149
6697
2825
2827
6673
4094
2361
1928
6283
4072
6291
4060
4043
1481
498
1450
2836
6301
1428
2936
3010
6317
3449
999
3241
1475
3498
3501
5583
3523
3551
6856
6900
7168
1593
5559
3615
6536
6842
5585
3437
5610
1386
7166
2250
6562
3288
7165
2251
1238
991
993
962
144
431
3408
447
2951
6904
3147
1353
3788
3036
3028
1874
3818
3823
3826
478
4168
5496
3851
875
482
3856
6394
3625
6407
474
3646
5521
5685
1695
1821
5517
1394
417
3103
6438
5513
3744
416
6424
179
6819
5374
4941
1626
4715
5869
578
6034
7067
6035
5858
5081
5850
2582
6036
573
4642
687
2612
1627
1674
4570
4577
2683
5156
5826
2653
2420
4601
6096
2069
5834
567
7013
4626
4602
5163
4723
4738
4939
4949
7041
4972
5907
7037
4902
4899
2452
4887
4880
1162
1282
5918
600
2172
4859
5055
4753
4756
4760
4762
4778
4731
6013
5987
5871
5880
2520
353
2511
359
2215
797
4336
5263
5300
260
4419
6959
7132
6203
5808
4409
5801
6133
2740
5814
1310
6733
542
257
6176
265
268
2380
4220
251
1192
7108
2772
4187
2780
6119
2068
7144
5817
759
1518
1314
4451
4327
5347
4207
4450
5262
1288
2821
2553
3228
2039
1256
2135
2221
2175
3240
2234
2423
1715
1519
2023
1492
2432
1090
1717
1724
2498
990
2443
2450
1095
2373
2154
2290
2272
1745
2435
2130
2337
2778
2873
1871
2232
2623
2735
1693
1876
1920
2911
1917
2922
2655
2383
2684
1691
2941
2940
1443
2721
2325
1857
2845
3041
3212
3210
1929
3166
1801
1544
3164
2723
2748
2554
1423
2559
2127
3123
2395
2063
2360
1856
2352
3043
2306
2020
0
4613
4855
642
4858
