5671
5674
3971
6748
2385
1211
5396
1602
2377
5690
3553
3554
2393
230
5898
4061
3974
3979
2893
4344
3627
6843
2382
2786
3972
5677
5880
3944
1850
2361
1855
236
1644
4524
417
5942
5679
4696
325
1163
3976
5237
1434
1374
1841
6828
2520
5183
3977
840
378
3158
263
1724
124
5186
2133
6376
3650
3996
5673
5235
5231
5694
5426
2903
78
2334
5052
5640
992
368
33
321
759
2389
3651
477
2357
6738
2787
3965
402
6744
2391
2379
2370
3389
6128
3385
238
5428
3653
471
3620
5177
6567
3123
399
571
6333
137
5593
233
855
3978
264
1856
1800
2475
886
1698
1686
6063
94
6071
5382
358
379
5495
231
4969
2807
5084
1216
456
5843
5893
5184
6380
2396
271
6307
6842
558
311
679
2478
991
3551
123
3913
42
7055
1690
3625
1696
1458
3528
1932
1791
3970
6736
316
6742
3454
4182
3384
734
6718
5936
6452
437
5328
2977
858
4277
4033
3421
2899
5720
2536
2522
1992
2352
7053
979
138
5894
3952
6829
1794
7059
1801
3975
2744
4321
6502
2213
421
1854
4710
657
2528
5087
411
413
3190
377
1853
3063
127
2175
6498
419
1378
1164
2458
6242
2376
2397
5234
1857
3331
6113
2785
5002
320
2367
7049
6682
826
3783
3962
299
2531
2037
7052
295
5892
570
758
5918
1852
7108
677
3810
6058
5990
3825
3490
3655
848
1160
7112
7043
1092
3333
4362
3317
2670
1162
420
122
1499
4506
1964
2148
410
3572
1969
1365
1373
1974
1453
4626
7166
4628
2710
4150
2278
6984
2336
6351
5741
7034
232
5723
81
5705
1001
473
97
2726
4094
972
956
5585
4114
415
2736
458
3657
453
3577
3610
6366
3681
433
3613
1926
1997
405
418
6303
6299
3630
3166
6097
1603
5369
5329
5301
1564
4396
5188
4414
1205
1217
5125
3041
2232
1249
1256
4521
4526
4866
2188
2186
3141
1401
4631
970
6103
2894
2854
652
656
1851
3510
2366
5935
3852
2363
2360
5868
2798
3950
5860
2338
3973
3453
3450
4035
4065
4066
4067
908
1691
948
5844
1982
6841
6822
2620
241
7115
7056
6867
125
318
2525
2594
256
7120
2527
126
6717
99
6860
2628
253
2394
70
5325
6116
5327
5323
2524
79
2727
5730
6430
7067
3856
130
457
1804
6245
2284
1798
629
2139
7054
3932
6119
3459
7051
6733
2050
2887
3320
2577
244
3368
3427
3021
2789
1161
4327
1695
1168
577
6209
4250
6990
6533
3036
6203
1739
5130
5250
866
6125
1552
5849
1559
5274
2236
851
513
517
1569
6338
6337
6335
5759
6869
1562
6892
2387
4861
4860
4712
986
7110
3556
3129
281
5976
6012
1478
2182
4869
6710
2910
3721
2916
1998
4691
5644
3624
275
2316
1972
359
2369
1965
3114
6503
375
4738
2901
2372
3615
3616
5930
4800
3590
3147
5178
6700
142
2384
3787
426
2330
653
434
907
2925
4965
3148
423
424
4632
279
778
3191
6896
3112
1257
128
248
802
1375
4671
3363
4259
1368
129
5958
1260
3218
5937
2096
5143
5150
312
6243
5939
1210
292
4474
1583
1243
617
5911
3082
2591
613
1414
3144
1409
623
3273
6043
2135
3068
6021
6724
4360
139
596
5978
149
630
6689
4343
5882
4612
1213
4340
5881
648
277
5181
425
3778
3520
435
2559
5461
6458
5408
2023
3829
422
3885
6437
6758
2034
7057
3917
5727
2035
2526
6426
3956
2032
7038
2845
412
5604
3578
3573
3566
976
5642
7138
385
3621
391
998
982
2878
1913
3659
3660
6551
3555
995
923
1899
3693
1935
74
3857
6352
2259
514
1693
1694
5800
1169
5189
4025
4042
1730
4153
1140
831
3401
3448
2256
531
3452
2521
6864
2523
1139
747
5232
2210
5511
4891
2912
2251
1212
6858
5793
1149
839
164
4849
1177
2880
4780
2898
206
205
3115
6720
974
6741
5521
2239
5134
5805
6866
1340
5485
4833
3103
5513
1013
2212
5236
2333
1258
863
5400
2927
5886
5322
1222
5081
3028
1227
5092
5090
869
1072
235
5374
1091
5086
2477
5722
5670
1265
1110
5483
4966
1017
2499
909
2832
5254
2214
265
5407
1025
5847
2219
5257
2624
5678
5448
5038
3066
1034
2215
834
655
5945
3428
6331
2733
6318
6317
6313
6312
533
2734
536
89
539
276
1700
3426
1687
1684
6194
111
6962
1611
4252
6980
6339
6670
4220
4212
2571
4180
4152
3423
6632
512
4028
6361
3538
345
6466
1892
3685
2685
342
6547
3603
1960
7142
1973
7144
3576
2539
2783
340
439
2058
326
2728
328
2725
3967
7095
475
3489
6564
44
1846
6456
6462
7058
2639
540
4384
1450
6028
4406
4702
2138
6708
4749
6686
4649
4648
5970
713
290
4495
6685
4719
6061
1531
6713
4693
4587
4729
2784
621
2181
2474
1534
2598
1533
4731
5955
4561
1438
7088
1328
5421
40
4716
1844
5433
1858
5409
5406
3842
5402
5401
3891
3911
7061
2290
1024
3550
1022
210
2888
6775
4764
1361
3581
1970
2549
1989
980
3609
1367
4784
3632
2538
3634
987
3684
4789
1371
3552
2005
5492
2595
5489
2503
4840
3768
3776
2016
1793
4692
3918
1157
1254
4091
1251
6859
1165
6993
1685
3261
1683
4483
103
4156
5187
1492
174
3396
1244
4233
4395
4238
3039
2127
4385
4303
2498
1577
3355
4350
1560
1245
5390
3226
4064
2282
64
4908
7039
6820
1761
1544
4940
4668
1749
4665
4020
1098
85
6946
4640
7020
1721
3429
4613
5243
5239
2616
1708
1130
1131
3011
1279
1471
3225
5268
6531
1172
5876
5828
5662
752
6195
5919
5864
2660
572
2468
748
2847
6093
390
5697
2618
6342
2701
2753
6240
2442
867
250
5755
5846
2383
237
296
2711
506
2729
2337
6762
6568
5916
2755
6204
6512
