3726
4794
3014
5271
884
6092
4667
3728
4941
5739
4447
876
5684
5326
322
4898
2965
2297
1490
3671
617
6191
4560
1576
1520
3300
5702
3685
5687
1496
4380
1016
4664
319
4796
4799
4666
4661
7094
3724
4432
5681
613
5646
1722
3350
3594
6841
1497
7093
2291
845
4236
291
335
5688
4669
1522
3495
5661
1823
2017
2039
4557
1275
4444
2960
5701
6750
3268
5058
3264
4797
4782
4793
353
5683
1523
1201
619
1967
5709
2292
6198
5055
3678
304
898
303
2645
3015
4368
2047
298
1498
7090
4113
784
2146
618
5686
1727
5276
1720
6243
1723
809
3263
783
2296
2298
2049
4505
2121
2124
670
5587
5230
5487
4502
2649
827
297
3010
559
1274
4798
4563
1825
4231
4520
3725
6777
1790
1927
239
4791
4389
92
494
2238
4949
7108
3935
5081
7133
3856
4943
1573
2147
3595
885
1829
4501
4665
4507
3053
3858
614
4660
2750
1521
585
3978
4790
7099
7098
1922
2513
3355
4442
2020
5320
4275
3158
6423
3918
2643
2293
5648
4795
2095
6771
5886
4729
2867
431
310
888
307
3551
1579
2048
7136
232
3013
4506
1798
6199
2511
4662
4566
4812
5272
2241
3590
1928
2258
2710
5966
2231
2646
2024
7100
2218
3358
4944
2768
2150
2129
1527
6834
4534
383
3269
1768
4559
5262
978
3721
2515
5056
6534
4857
3854
4207
4300
6753
4832
6755
5882
6981
3707
3937
1136
3915
6117
2469
3859
6192
2519
2259
5331
2232
387
4110
5471
373
524
2730
3722
3714
2754
2756
5237
1966
4355
4556
5581
787
1494
792
3012
234
871
3026
3469
3361
6875
5121
4637
1491
7102
1513
1929
1492
4548
1588
841
1529
6478
2984
7130
849
5287
535
806
6734
4561
379
3402
5091
2661
3147
7096
1963
371
1688
1044
2712
2746
529
5112
526
824
1261
6759
1071
6661
80
2353
3309
5705
4728
4727
1532
5358
2284
5355
1631
3265
3260
6938
5722
1638
5726
489
2603
1509
5059
6013
499
2239
1731
5729
1495
800
4569
1744
4235
6772
3704
5851
3688
6916
3686
4869
3677
306
6779
3018
2022
4891
4369
230
2026
4388
3001
3670
4386
553
2098
4351
1428
4867
848
5676
2128
1969
5670
2966
6381
2981
4220
4792
2758
1961
1796
671
2468
5883
3302
3598
3303
6106
5708
612
5714
6098
451
5421
915
3597
975
3882
973
615
5704
5509
937
897
2518
6923
846
3720
690
676
693
3144
672
6726
3385
550
6773
825
5486
2516
3169
5689
5811
5923
3679
805
802
3351
889
3017
5433
3674
3672
5582
788
3466
6152
3292
6615
384
389
2234
5328
4553
4564
4067
4363
2256
1691
2096
1851
5208
2094
6987
4399
1483
1923
6206
208
1858
1279
4449
1899
2144
2143
1920
4437
2127
7038
372
2122
4541
1767
1241
7097
6443
5350
296
1535
6172
4720
1524
4705
3973
1517
4303
4768
4001
4663
5054
4947
4308
1194
1960
2958
6312
5546
7051
4307
7070
3638
6343
929
4485
7047
5551
5596
926
5564
3930
5222
6752
922
1937
267
4384
6754
921
6296
7054
1930
4834
881
3939
214
4864
5090
3214
6454
4638
6463
7112
5063
1649
3223
6522
113
782
1632
4704
1625
1620
1537
3304
6486
3301
6816
68
5123
3168
3380
3465
7076
6347
6351
4519
4529
854
5118
1439
3107
5096
674
677
186
4545
5682
4550
1728
6529
161
1462
829
850
1338
5738
290
6623
6618
1063
5980
6209
2192
6230
5963
2717
6234
5997
363
1264
527
1266
5953
5274
2155
352
349
5266
2751
525
3716
2250
492
2374
2364
3913
5385
6109
2299
3886
2508
2512
3865
2252
6189
3296
478
6939
2266
2262
483
4036
3851
2257
491
3860
4222
520
5930
3676
6591
2051
2818
300
3705
5920
2058
2759
4902
1310
569
330
3687
7141
1105
5728
965
2918
5859
6188
4948
4945
1195
6457
4926
1671
6290
5756
2059
1319
5888
6066
2935
5724
1926
1188
3290
6123
5707
2031
2434
1577
2028
2036
2018
2438
2306
4940
1511
2476
1519
6494
1119
2294
15
5881
1514
967
2510
1636
789
3240
3266
6064
6528
828
927
3061
1931
1831
5809
1844
925
4924
6769
2099
2765
5946
1408
1857
2120
5822
2749
3022
1865
2997
2149
6557
1889
2136
5820
2851
6359
6316
2570
6281
1699
6298
3142
3141
1316
1080
1362
6264
6397
3079
5992
847
1962
6715
6740
2708
1773
6614
6719
6376
2715
5885
1765
6751
4767
5428
3632
3487
4223
200
3708
7025
4721
309
5540
4668
3911
3961
593
4744
4486
5612
3440
5264
5368
596
302
294
3633
5151
3682
7059
4116
7147
317
3657
5053
673
4226
4983
496
5677
3415
5384
564
4540
6867
4546
207
3699
5642
3354
5361
5337
3299
3593
74
7137
3308
601
3322
64
4302
4296
528
3327
7134
3574
4856
734
4443
5589
722
521
5700
523
5267
5699
2575
7104
610
2936
2937
974
2577
609
607
6609
5838
5284
611
6554
5086
5380
3605
5549
5298
203
2906
964
3855
1099
3853
963
6187
6965
953
6459
4895
5203
2962
1766
6186
2372
2869
1196
6434
5959
3747
2644
2713
6190
5493
1410
6986
4503
5490
1729
2263
5967
5109
6714
6983
5970
170
6708
4776
2688
7164
4305
4567
3798
1199
1726
2741
1485
3745
1074
1238
7091
3683
1482
4828
2599
382
5897
4549
5359
1676
206
3702
4471
4068
6918
1680
2769
6920
1413
6922
5354
4597
3712
3713
1687
6525
2253
533
1026
3689
4191
616
10
2041
71
5021
6474
4325
3912
5238
4327
5028
308
3373
7035
3211
4333
698
6655
3388
2356
6793
5685
1629
3143
455
34
95
3407
6310
6283
96
6819
293
3295
73
6135
5706
5224
3285
2380
6131
6294
3321
4861
6158
1435
1600
1430
735
5721
6565
6842
2025
7041
5698
