5688
5267
4380
302
80
1271
1275
6106
330
3725
1201
889
7102
5646
2147
3726
1490
4520
304
2646
2095
5361
4529
4220
1523
4389
2098
3723
4387
888
3685
2518
2859
1524
1499
478
1744
3633
2144
294
3728
5686
871
5320
2020
4637
4386
7091
6105
7078
2645
4525
471
3592
6755
1279
3017
4793
336
496
2476
2143
7075
3722
613
6290
2516
1205
81
7101
6186
5741
5091
4369
89
2142
6187
2092
7108
4891
1215
242
6519
978
5272
4325
3599
5302
4567
5943
4232
4343
3053
1520
4560
1720
2017
2467
2010
2473
4821
976
979
2643
6074
5054
3594
4528
1769
5058
4385
2149
3839
6092
2215
6880
1273
850
2511
532
5358
3058
7100
4383
3014
331
7104
6131
7093
5726
5685
3639
584
1498
534
2099
339
3595
5702
5098
3720
5276
557
2460
876
977
4444
2715
1202
6332
5722
5723
5385
1726
6884
300
3591
5096
4440
587
3493
1509
73
879
611
6759
1496
5687
5266
4895
303
1895
2138
306
2371
310
319
5059
6844
2132
489
5684
87
554
1270
895
1852
886
5700
5894
1992
4448
6054
1136
5701
5128
1699
4442
5428
5364
5724
973
5707
1217
234
1722
5720
5748
2720
7097
1522
4527
4521
2136
586
3724
1491
6841
7109
1887
4044
3598
3636
2651
1973
6330
4309
2151
5709
82
6194
335
4368
7095
3835
2048
7070
6200
5739
853
2141
7043
6209
6611
2137
1891
2057
332
5721
1109
5323
4236
2470
5966
884
2236
4229
823
5326
1495
5090
5081
1413
1207
877
5354
4447
4813
4360
438
2386
1899
6104
6098
5952
436
6912
5350
4522
329
5949
6472
5728
5727
2591
6737
2856
4553
4556
2730
1368
3634
2018
384
4814
5367
5366
393
5365
6651
1361
4908
4948
1203
1521
899
274
301
3990
897
3300
6614
3682
1218
4238
3954
1633
3959
3684
856
1691
6206
4034
2059
996
1412
3576
423
2257
2517
881
974
5052
4222
5123
2512
785
610
5362
6318
6158
3993
2712
6610
854
499
2656
6600
1035
6334
2642
4569
4119
4563
553
2148
558
5742
559
2157
6323
829
1014
6616
5327
4561
972
6655
361
3683
3958
4898
6202
6061
7076
3015
744
1379
677
313
6198
2402
2090
4861
2146
2094
1278
3011
3911
4730
3768
2647
6103
6101
2594
3579
5120
2097
822
6197
5643
5681
3026
3952
6152
870
5311
3597
1480
5321
3351
2096
5305
2412
4562
5904
3727
1372
1288
4174
614
4967
1214
3997
6612
5888
3158
4296
2469
4432
3859
241
891
1130
3994
6989
1204
7134
5181
4819
5950
40
5647
5122
415
1529
2213
3729
3632
6563
403
6889
3123
2226
5140
2362
4965
6135
6700
6343
1892
6337
5749
6132
6237
2315
2051
851
3721
1031
1897
2477
2171
3624
6302
4860
5019
898
757
6171
2231
7051
5725
639
6288
2514
2258
5028
5032
4828
2482
782
1908
2210
6166
4976
1930
1934
6077
827
4727
582
872
2592
824
3638
6827
3761
1006
4734
4864
6310
6309
5031
6347
7092
333
307
308
1696
4352
3033
5705
7066
3913
5706
352
298
1725
1740
5404
4421
2950
4429
5951
5359
5357
2898
5355
4393
1370
3059
7068
6609
3428
4018
4036
1277
1274
5616
167
188
3309
6521
1508
3970
1527
3244
5564
5556
4228
4231
3125
1629
1649
6618
6645
6849
491
4635
3992
4638
1890
5309
2751
4552
2655
2314
4557
4918
1376
1693
2954
5368
1517
1749
642
391
3126
1036
4811
6128
3056
405
5025
537
5755
1528
1362
3492
690
2039
4655
2756
2049
3029
3128
5127
5533
5295
6188
88
4381
787
5540
789
5433
2750
1366
4226
4223
1030
2053
6652
3700
6278
1896
4803
3439
5965
2716
433
4526
6117
2154
1501
1640
435
2131
5464
1888
743
5673
137
1935
6608
7106
6414
581
3995
7105
1936
2893
412
6053
184
1630
181
5187
5264
6644
6051
5189
4639
825
1105
418
419
6123
6122
5581
6736
3978
4739
413
5513
249
265
1600
6189
7125
276
6196
1642
1184
2113
1635
267
7040
5488
1625
492
6183
4941
3143
1503
7166
185
183
4106
3347
6591
6129
5086
6150
5628
6351
3381
2713
5645
6345
6702
3430
2155
6534
6157
6159
6623
890
6622
1580
5754
2239
4241
5274
1505
2238
2223
4221
3475
212
3250
6653
878
4697
2123
2734
4653
5183
2958
1753
4825
4826
5230
2313
968
6459
1005
3572
3719
5351
4388
353
2013
552
2015
4382
1979
2957
3010
6658
2807
2820
1847
4748
424
1089
2568
4770
4776
6654
6819
1964
4801
5363
5184
4812
2640
400
5222
1790
2952
3869
5203
3497
1033
2644
2367
3018
48
1034
6633
6821
6112
4963
4328
6517
3826
1682
291
1016
5694
3052
3037
3019
6265
3490
5467
5260
3814
2030
4909
2641
2093
4327
3027
5970
5426
547
4502
2629
1088
868
5844
1962
1276
1046
6750
1009
1008
5649
1082
864
5328
1882
5271
1645
5915
6824
893
5172
5425
1709
1321
1584
6064
1213
1267
5125
2014
1062
1745
5939
1243
1792
7094
1360
5186
6048
1104
2019
5269
3714
3012
2485
355
6478
411
338
4720
2462
2453
3550
3866
676
334
3020
2429
2626
3348
312
2425
3577
74
4892
3054
6512
296
2638
693
4344
556
3322
585
3452
6518
3349
4413
2610
4428
4439
399
6617
385
595
6319
6624
6453
4424
401
3957
4420
4822
2967
4443
2968
2620
617
3355
6321
166
4777
4784
6297
4794
6635
3499
3350
6458
4481
6646
189
3263
2280
3385
6598
760
6191
5022
504
5024
4292
6659
6426
3254
4275
784
6678
6423
207
4205
6829
4584
809
2878
2176
2175
451
2855
2165
4558
6615
200
2711
4298
277
4322
430
3306
4306
4964
3627
751
6656
6204
6657
2680
3376
256
4483
198
38
168
734
736
4485
4550
5356
