5697
5390
2781
1199
1342
1190
1912
5691
1462
1466
1545
3827
1463
2785
1351
1194
4612
3393
4619
5790
1541
4122
3396
5807
2782
5696
1191
1467
2906
1197
5796
1984
4769
1461
5166
2902
2270
3399
4615
1196
1540
1989
1985
1913
1188
2521
1917
2984
2780
6466
2524
5387
3090
7006
5805
635
637
629
639
2783
6011
5840
7146
4123
5809
6476
1468
651
2749
2909
3662
2983
1542
5692
2903
4125
2958
3824
6729
4566
1537
2789
1340
1161
5397
5256
1198
2276
5695
5599
2979
1612
2961
3400
6115
631
3558
1869
2522
2657
1916
2732
5694
818
3606
3688
3395
5690
1618
2659
1056
5248
5759
1464
5250
6533
6493
1195
633
5595
2502
4767
3397
2786
2213
5995
1894
2221
1765
5394
2679
1169
1981
5231
1914
3600
3415
4564
1544
5800
3660
2525
4391
2475
129
5798
379
2501
6234
2520
1465
1162
5892
1168
4445
5257
5792
2912
2925
5316
6354
1001
5017
5826
6119
811
4763
4969
5396
1193
3098
5951
1695
4837
3002
3503
1911
1910
4085
571
1098
1022
1348
1350
1008
4399
5592
4392
4009
6597
3947
5392
3708
1767
1492
1919
1165
7073
634
3328
5916
3006
5674
160
3394
5952
2897
5677
5804
2366
2528
5699
3225
813
3228
2982
5844
2225
5811
3853
1014
3851
4081
1789
5373
1004
2850
2993
1549
6869
978
2210
351
6907
2223
2828
918
3664
2214
814
1619
2577
944
2393
1141
3390
2963
4941
1569
2951
4031
3949
4641
5628
6361
963
230
3000
6866
3943
1918
105
5012
481
1610
1563
1536
967
1564
6111
1558
6073
2175
3466
623
4611
2340
4613
5011
6308
7129
2745
2585
6261
6222
2503
7161
2484
1164
2527
6420
6422
1347
6981
625
94
6128
6494
6491
6988
998
630
1434
393
7057
1361
1359
4475
4140
4349
4086
6927
786
1853
6660
233
3389
2111
3611
1754
6774
1840
815
1982
6057
3698
190
5594
3695
3996
5593
5977
204
140
3964
1915
3974
5958
5979
5204
1824
2353
1820
1025
1988
2733
2741
5227
1020
6771
4627
5597
1796
2746
6424
3333
62
2722
5625
311
2362
6818
5640
3414
698
6828
806
3498
6832
2612
7141
6276
817
2650
3391
2653
5641
658
5806
5010
5670
5969
655
6338
5069
2299
5108
4648
4642
3624
2361
500
3691
7031
3818
3821
6535
6159
3823
2211
6661
4108
621
3163
5287
2907
6552
2908
5945
1687
2173
6609
4026
6588
943
4036
3971
2215
945
5693
1559
3919
3913
3855
5847
3934
991
5596
1485
4390
3705
759
2217
1766
5507
1764
999
5470
5676
1760
5698
632
5531
622
6125
6454
993
2832
6730
5899
965
6063
5514
5957
723
518
642
5372
6054
6097
5950
5786
5933
4931
4979
5494
5679
5680
5406
911
1057
509
885
1051
995
867
6182
1228
1180
1693
2228
3972
1603
4035
4038
6578
6577
2864
1568
2861
1561
1560
7000
6546
2798
6528
4266
6499
6937
3829
2101
3076
1926
6825
174
1865
3609
6778
3668
163
3322
1454
3680
6760
1792
6748
3693
3696
3699
3248
3131
149
3681
4284
1538
3464
2747
7145
2714
7069
1224
4636
2311
2620
2730
2385
385
1262
4671
2666
6333
6400
6378
7151
1181
4396
4397
6260
7148
2479
1205
7098
2523
6444
1367
4449
3321
2367
3115
3353
3241
2377
2379
1946
2424
5810
3260
2374
2478
2295
3008
2784
5758
2787
729
747
2278
2841
1938
2759
2757
717
2238
2317
758
2235
2867
2868
2869
2333
2218
2895
2901
2942
2973
2998
3018
2718
3701
3501
4649
4646
5198
4621
1304
1310
4659
4506
1356
4431
1424
1450
1472
1475
5230
1495
4700
5089
4838
1160
1216
1222
4943
4957
5097
4961
4759
4757
4753
4749
1085
4743
1225
5262
4152
4094
3710
1763
5485
1768
3704
5496
3765
1166
1790
1798
3671
1825
3505
1903
3687
5444
3826
5411
4082
1562
962
5323
1602
4003
5376
1616
1631
1646
3945
1654
3854
3849
1696
1930
5851
7169
6575
196
6831
6842
6845
5973
6865
6916
147
142
6938
117
102
6968
7003
7024
212
218
244
6741
6218
6221
6265
6313
6168
432
517
7030
6387
6532
6091
349
320
6591
306
6673
6511
7035
498
7156
5930
18
7164
7076
893
1863
1859
4528
1327
1328
864
3607
3632
5992
1832
4584
1829
5998
1826
1823
5481
4480
404
4477
1800
5503
1305
3566
3562
6344
1966
510
5614
435
5603
433
5975
4195
184
2674
3462
1935
6164
6349
4639
2360
3468
6809
847
6805
3510
4610
6762
6758
6728
1783
3979
5306
5384
5383
1615
6603
6477
4020
5375
4033
4287
6478
6520
6572
364
334
6093
4095
4142
4233
2526
356
2581
5303
4288
1436
5217
1364
1769
1761
1759
1366
3715
1745
1738
1368
7126
3776
4413
1405
910
4394
5276
4358
3907
1422
3914
1426
3923
667
437
4647
5707
2226
2224
748
6960
2220
4937
7090
6957
4885
628
5145
2165
1978
6179
5701
5700
2153
2989
506
5167
6923
2227
2736
742
4946
5932
2298
1103
72
644
2293
719
7038
721
2288
2126
2795
5016
6204
4971
5755
5751
2843
2851
2854
2862
740
2744
3009
4210
1046
2076
1217
3124
2116
5956
2038
2032
1226
2458
5647
601
3263
5861
2016
5633
810
3268
812
3319
4761
6864
3118
4787
2053
5186
2720
3094
614
3091
6275
6277
3100
6425
11
4282
4503
4966
6200
5018
2507
6519
1365
2506
6421
1265
1473
4765
4482
4762
4248
6274
4245
6331
5040
2431
4965
1186
6429
6223
6283
4902
2446
6227
6448
1142
1386
4605
6245
6374
4412
4949
2515
6456
4473
4374
4622
4938
4632
6430
466
6289
4289
6279
4471
6335
7054
7154
144
146
3078
2334
3103
3106
2075
6900
3244
3249
3265
3269
143
3335
7112
3347
2678
1974
6848
3380
3386
3392
2356
2677
3398
3405
1986
1934
2115
