2366
6828
2214
2360
2854
2220
1853
7035
5759
2379
2370
94
5751
2352
571
3972
7039
5677
2212
3943
2369
2211
99
2363
2385
2382
5679
5396
5758
918
5408
2229
3979
3974
6362
5674
1340
3147
5694
991
2393
6733
2210
6980
5593
3146
5756
5755
2237
4802
3558
2045
320
5750
2389
2902
6156
4765
1001
4729
236
2374
97
2368
2356
5591
2361
5690
6353
6364
2892
3145
2381
2383
364
3141
7038
4904
5025
2224
1328
1009
3124
411
2217
2524
775
2377
655
5274
5270
2215
698
5403
352
6734
91
3143
1034
6832
2041
1954
1140
4420
2628
550
2376
1144
786
5016
5304
1180
6825
519
2359
5401
5402
2857
3717
2042
3611
1687
1850
474
2953
7037
5705
2958
2959
7032
2807
4735
232
1186
6749
3536
2858
639
3501
1083
2046
4351
2828
2841
297
1031
1028
4753
3935
5019
993
1854
5615
1754
6748
2378
5599
1858
598
3361
350
3266
5405
659
4395
5409
5595
4551
3630
3634
1359
4486
3126
893
2016
2221
3668
2525
4806
1164
2809
4803
7073
812
2851
2421
995
2893
1008
4720
5083
4871
1036
3958
3570
2804
3971
465
5010
992
6807
570
1695
5470
4353
1644
1003
5741
416
1004
1006
1142
2219
5020
5754
1904
2881
1146
6834
4808
2955
5183
5400
4807
6731
2367
5397
2903
5886
2372
5880
5377
5391
1753
4756
1530
3498
3624
2
7136
5404
500
3277
2112
321
367
6368
6207
7030
1852
2900
3347
1564
2829
2988
3627
3274
1962
3621
5977
3950
2014
2019
4024
2111
4410
3953
1024
2154
813
2853
3562
5942
1586
2011
1517
837
6002
2213
998
3955
5231
6471
4752
3922
4214
5699
6737
697
3142
5695
4665
1188
4480
4754
6735
6736
3574
435
1145
6987
4020
7050
1672
6557
1226
5014
3719
5671
517
6744
3625
1729
6763
817
3497
363
7141
1032
4801
1641
3637
5517
1942
2825
420
1667
1680
1903
6334
6345
5467
999
5785
997
577
4719
5597
861
2040
1690
3949
2387
2976
3021
3356
2951
6918
5004
5180
6269
1324
1453
4617
224
3930
295
1352
143
5969
5316
2950
230
3615
5230
5985
245
1358
6547
5892
1355
2110
5012
3333
6938
3783
3304
2358
4225
2874
2357
2362
433
6578
3858
3122
141
5703
2954
3700
5200
3822
3957
6824
3127
237
1681
4733
5386
3830
3389
4761
6390
4472
5098
1801
509
1818
504
2904
6188
6982
6382
3139
2354
6542
2350
6560
4306
3923
5692
1857
4811
2879
3340
1341
2803
5697
4483
901
4489
5752
1037
3635
2989
3466
6927
1415
1046
6664
2153
325
1588
3268
2533
1584
1487
3613
5002
4960
2126
4556
3811
5353
2178
5306
2986
644
693
419
1636
585
1640
3094
6841
3095
788
5393
6941
5009
5394
6741
3163
1044
1762
6381
1539
6554
6159
6135
820
1493
5875
6310
4453
4068
6183
756
757
4247
6116
954
727
6632
711
4167
5722
591
1158
3312
1141
1649
1002
696
717
1353
5706
1127
6282
5976
1020
1023
1618
1185
5967
6351
6730
5994
5829
1025
3353
3490
3616
3528
5753
583
3316
6826
1977
4715
1976
2787
1969
4805
3078
3703
407
2218
1764
5513
5515
2650
2957
2952
1918
4750
2741
95
410
5585
5291
3058
2119
4873
3944
323
5344
4594
4724
4615
5373
4818
5380
5382
7096
6907
3826
4847
2047
6876
283
379
2148
212
5232
5080
5644
4482
1849
5063
3977
459
142
5640
1841
7068
5590
2880
5037
6821
5005
2870
4762
4226
7090
2184
690
288
5008
4059
7094
4223
6195
815
7098
2491
4725
5011
3279
1459
4613
1163
1454
780
4721
3784
2145
6344
792
2475
4058
4631
6216
1434
4035
6934
716
5001
4259
4954
1335
2581
226
6988
225
821
6063
2856
4166
6981
211
4991
6321
5279
810
6998
2216
2450
2445
6252
3595
5007
2917
1383
2225
4914
1372
3324
3328
5103
2232
2844
5120
4908
2117
4865
5015
1899
1742
5548
4751
6739
957
1745
3837
1659
3474
415
6740
4804
4507
25
4448
6742
5571
976
1686
6764
4475
1831
551
4443
1856
476
5614
1859
3128
5594
3959
1698
5589
572
3956
452
1693
3698
405
5737
4086
3663
3946
1535
5381
4584
7163
5371
1504
5501
651
3264
5368
2674
5026
1767
315
911
3272
5369
3947
4767
1992
3166
3535
3632
3633
4809
1612
1993
886
994
3660
6881
1800
5406
1746
5481
916
3423
930
6239
6396
1128
1116
3426
3418
929
2641
5006
1005
4867
2639
2812
6338
4902
996
4837
2797
4745
2840
6354
6361
4933
2598
1039
6330
6369
4800
2645
2742
4755
4990
4169
4997
5003
1093
4780
1099
3427
4969
5676
1148
3071
1973
5485
5477
4550
5793
3057
3055
2073
1562
5497
5857
5363
5362
1485
5357
1481
5356
5907
3276
4607
5920
3028
1961
3204
1952
1766
1760
1774
1777
5670
1779
1798
1819
1725
1855
1891
1684
3111
4425
1676
4490
3096
1937
4503
5730
1646
5735
1635
1458
5017
1451
5961
4271
1273
2384
4248
5117
2921
4240
6180
5090
2910
6108
2908
2454
1197
5057
5056
5052
5049
5047
1168
5043
4700
4227
6085
2927
5166
2151
1418
2993
2992
2197
5986
2223
4760
1374
2238
2270
5224
1343
5196
5194
1329
2316
1325
5182
5178
3352
6077
2939
4619
2231
4759
4083
481
6663
3939
275
3936
3716
478
6943
6661
782
368
472
3628
3626
3690
6562
819
646
6639
3631
3618
3571
7110
839
313
836
6922
6761
3543
558
298
560
3704
3538
3791
3718
576
587
826
6713
6536
3644
597
818
4019
6638
231
423
6575
713
800
3927
6986
3601
3854
3856
694
695
408
214
7125
7104
3831
6522
6968
6637
3712
3877
6830
5647
514
413
2878
6835
5574
3429
6258
5580
3417
6204
518
1776
7056
1769
5592
398
3162
1204
4066
1205
7059
