5709
3725
4521
885
4795
6105
234
5701
80
5687
5059
5287
5702
3720
876
5058
5670
4524
7076
1965
4566
5676
5276
1686
5646
2018
3268
1275
4526
4563
1967
3723
4380
3269
303
3260
232
1964
5739
4569
2017
3263
889
1722
302
1498
1922
4520
5943
6842
1799
3129
7091
3970
3265
2238
6883
2856
6981
6092
3724
2010
1962
3722
4560
4564
1520
6989
1682
800
1688
883
7078
3599
6610
1798
5487
3014
5705
371
2867
6759
4220
7108
230
1270
4525
1490
3010
5706
1631
4505
4381
3726
5451
613
7138
2468
4522
617
3728
4504
614
7098
809
3303
339
871
1218
6665
1769
5384
6652
5689
6841
4437
5361
4500
4793
3719
5688
1890
1527
6658
4382
1219
3267
2218
4387
4898
7030
806
5685
1212
5967
1895
7100
1960
964
2431
7104
5363
1687
6844
3971
5318
5055
4227
6821
4927
304
81
83
6106
5054
88
1217
6755
1894
3956
979
1888
5686
6659
6593
5267
6657
6458
1213
238
3595
1738
1544
1734
1211
3684
1966
2019
4385
1899
2460
2096
3385
3630
1522
2516
4668
977
6567
5381
5720
4561
1495
4368
3380
310
6823
4236
6655
7051
1215
7074
1897
6884
1587
2233
3358
7070
319
322
4010
6623
4667
5726
2661
3701
5969
5096
7034
87
1499
4130
482
4506
888
3018
6533
1972
6830
330
3685
1891
785
872
6601
6620
2712
6937
2518
5067
4367
1723
1679
1422
5899
1681
5366
4321
5978
1480
2918
4523
2127
1640
6668
7057
1898
7060
4527
6635
2462
975
7090
7097
2432
7102
5320
3594
3598
6192
2660
3714
6667
233
825
6656
2893
873
1279
4232
1809
2016
7152
3729
405
897
1800
2859
4315
6869
1274
6537
3107
6600
6599
2440
1271
3932
4012
6534
6590
2128
306
2464
2865
6643
7041
1523
3721
1465
3713
7054
6135
4222
494
2814
7071
3705
2253
4635
1503
978
6618
3687
7093
89
7095
6198
5411
2257
5723
1496
6233
5317
3590
4503
5056
3761
553
5678
5683
1689
2517
5684
2524
3625
5556
4384
4386
6479
4389
1731
2013
235
3626
2903
6747
472
4941
3783
1532
2297
875
5896
6983
6410
5272
5512
827
2331
5642
3308
5022
461
3300
2268
1491
4171
3142
2256
5095
5703
5650
1524
5727
3123
6660
3266
5680
5661
3996
6666
6629
1691
965
2562
1737
1210
1735
3554
274
237
2960
2522
3868
5304
2684
4343
296
2526
6333
1195
6824
6110
184
2014
3602
7039
1997
2861
6359
1765
1989
6103
913
4737
6066
1985
4335
4637
4501
976
2469
5593
4330
1630
5599
4557
3362
2147
2745
3681
4285
6617
4284
4978
2425
6204
2459
2503
5960
7094
2785
5579
1968
1671
1843
5725
1020
2645
3147
3148
2271
2758
4638
2768
1071
6203
6351
2739
6132
6335
4678
6196
6317
2784
963
6627
4450
6112
4867
5770
3015
6638
6637
5052
4895
4905
4328
6604
4289
2391
619
5037
5806
6633
6632
2357
4256
4502
1264
4864
558
3646
881
879
2869
2603
848
6047
5057
2898
6454
1221
4369
757
6654
6653
2512
6650
1201
5722
7169
1825
1969
5354
4018
231
353
3941
239
2230
1732
3628
3766
2113
1973
5693
2098
6975
6847
7101
1961
1937
5201
5203
5270
1846
95
5140
4068
5511
2212
1579
5218
2024
71
1845
3788
1744
3591
6985
3869
3395
6744
5327
478
2236
3856
2070
6701
7035
3392
470
5553
6888
3381
3054
789
5595
2523
6603
6598
4363
1694
5611
6936
2535
3450
2039
6074
6619
3639
3707
4661
4287
6051
6195
784
3974
841
5208
4355
669
3976
6052
294
2899
3025
5952
3387
5570
736
2118
3558
1727
2052
5365
3006
5574
3011
5965
3708
4665
2674
3029
3706
6518
2049
3397
114
6594
2473
1823
2450
4925
5421
2133
3355
703
3350
6191
4
436
2298
2234
2232
1896
5681
6651
6314
1882
3778
1926
886
2229
593
1924
2228
3108
6640
5292
5441
6329
3592
3158
2265
7053
3715
6128
4174
3537
2756
5481
1467
1008
1996
6742
7130
5390
484
1529
471
4100
3782
2160
3785
6987
5643
3804
2866
2864
2863
1982
6628
6820
5627
5845
3801
5024
2620
5784
5663
6098
5278
6197
6388
210
128
1089
1216
5261
3851
951
6334
2868
2667
3850
3854
3853
4469
2875
5273
7047
5250
5255
4473
6068
1988
6125
4697
6124
7139
3855
3845
6166
1225
6986
4669
1728
2646
5274
6433
6430
2567
1768
1739
1199
4798
3615
7
3712
10
2048
6323
884
6973
4446
6120
2640
6972
3522
6331
6330
6061
844
1788
5458
2015
3760
2817
5288
1777
1736
2561
4436
2642
6055
854
1482
276
6639
5671
3106
5668
2223
6634
5655
7154
6285
3309
3993
5031
4270
4597
5021
629
5843
5178
4602
82
2783
2371
3066
6826
1963
43
1703
6621
2163
3285
1421
4019
1430
3160
5721
7133
1016
1472
1500
4565
1509
539
542
6669
479
5091
4070
5870
5090
1448
6662
2235
3120
1537
7114
6766
2299
2231
5065
1435
6236
1432
6781
2291
5204
6622
5205
6564
1648
335
3019
1649
5886
6547
730
3913
735
5564
6190
308
6565
3908
293
2511
291
3616
4861
6909
1975
2974
1696
3418
1238
278
2077
4333
1644
5576
4549
5897
5898
2710
5206
5209
2426
2430
5216
6602
5597
7082
6595
359
363
974
6849
3570
972
2129
2446
351
5222
1310
1046
5328
1098
5412
4663
1984
4660
4655
4666
5443
2749
6164
5349
3643
5406
2747
1911
1051
5428
5311
1082
1857
1243
5449
5844
5185
5846
5002
4987
4977
2165
1607
2195
4973
1335
2423
2434
2438
2445
2458
2131
4918
5878
5798
1584
5783
5104
5098
1492
5724
1504
5120
1519
5094
5728
1901
2296
5697
1538
5755
5674
2225
2322
2325
1570
4907
5942
2124
2099
1194
6054
4775
6064
5271
1157
5491
4721
4705
2632
1906
2638
1783
2643
5295
6117
