5702
5058
876
7100
3723
5646
5276
3724
5709
6884
5272
4557
884
3725
1520
234
4637
6092
4793
6889
3726
3263
1967
4380
3015
4529
4898
5487
3014
4469
80
5739
6844
1496
5687
5701
302
2460
1202
3594
294
6883
3350
6098
1215
3683
5726
7108
6695
304
1523
1798
553
1509
677
4389
1109
5059
888
5688
5368
5686
871
4505
83
1469
6863
4813
2010
3300
1498
5054
789
4432
1244
3720
1722
336
5293
613
4895
3260
2171
4635
335
5706
7078
4462
4891
7093
1539
4520
1503
879
6880
303
306
877
499
6655
3685
1201
6171
1490
6175
5364
2386
7094
1491
965
4522
3397
889
2859
2856
1529
7102
5681
885
4174
2469
2017
3303
6290
4553
471
5366
2518
6414
6494
873
1863
3592
977
4013
438
1275
330
883
5363
363
4387
6770
300
949
6623
1532
319
1495
4550
1016
7133
6842
1482
1527
963
881
964
3267
4567
2592
872
4369
806
3392
4506
5626
491
71
2712
1216
7104
5564
3398
4228
4222
276
2500
2013
2645
554
1881
3704
800
5684
4460
1962
6657
5328
5904
493
6797
1857
6987
3579
913
4173
5412
3961
2144
5708
5704
5418
2147
4466
5949
1245
5367
4464
4360
5361
6652
1699
912
6057
3729
2412
5881
1522
4501
6106
2541
3595
5888
2467
4523
2099
865
4894
3011
6640
4863
1535
5267
451
4526
5264
4504
388
6665
4679
4795
5685
6819
4388
4386
3835
6602
5897
5806
2331
850
875
4638
658
6650
6283
489
5598
492
4566
6600
4018
2511
3395
2128
3851
4236
6669
7101
2095
6654
3999
3380
5721
1908
5123
6541
1799
6798
968
1895
3766
2297
2048
5287
6983
1964
3250
81
3960
4525
1973
6201
239
3712
3721
4559
6846
6209
3703
3705
1897
4503
5297
6622
181
1090
1865
4321
5899
1809
1691
496
4527
1306
2960
3782
6792
5627
3715
6635
4560
6329
2720
3722
1829
1391
6750
4507
7106
4521
2864
3012
4639
672
670
3507
3969
6755
666
784
6104
5620
405
2020
3355
3859
4116
4556
3268
6619
4185
3026
5320
5939
5926
5689
3439
7036
4558
961
296
5419
4067
1769
7028
1640
7098
2405
5121
339
1279
4178
189
856
1630
2018
2465
2096
5700
1050
5707
5056
4229
2705
3377
3214
6995
2898
1274
4361
4015
1649
100
4220
6399
2646
2239
6286
671
6711
6200
4748
1212
2512
494
2688
6609
6610
4713
2402
1631
619
6653
6459
6237
2517
3713
3148
5621
87
3381
1247
3719
1248
2972
34
6198
4697
3894
1307
3850
1797
6627
5430
186
3599
4535
6334
869
3992
3742
5262
3253
1421
5255
3854
6368
359
1744
5302
1796
5980
3035
6621
4177
6772
5414
6823
5996
1518
4563
962
966
3909
974
3069
5317
3761
1725
1097
4534
4401
7076
2724
2172
3853
6253
3505
6643
4941
1395
2599
6370
2391
6105
2867
7070
7074
1983
1413
2875
6518
969
973
723
6656
3499
3682
5561
1241
6432
783
690
1305
1303
1501
3978
3728
3707
4677
3768
6644
5076
705
2711
5703
4330
2779
2708
3708
1260
868
870
5208
5463
5271
2103
5642
649
3968
4814
6981
4811
1195
2108
3657
787
6617
1427
1372
7050
1576
3714
3504
864
2094
2862
6795
1633
1442
5661
628
6629
3598
5131
6651
734
732
6614
2516
4163
6886
6675
6259
6457
1686
6100
6110
3379
2232
4656
4516
1899
3219
109
4500
6491
4121
4655
1793
3378
2978
3004
1720
1920
389
1727
2183
329
5933
4437
4564
436
5950
5952
6896
4675
5992
254
3287
4442
74
1858
2417
4465
6659
3202
6452
4098
49
6238
7097
5724
6206
3304
4354
298
6205
291
7047
2652
290
5416
5065
2007
2192
4828
972
3037
2667
2797
5966
3701
5358
5967
926
5997
6208
4175
3564
3688
3173
922
6173
2658
6228
4597
6227
2173
4792
5055
770
5889
2399
3178
782
6759
3010
4810
310
3519
6524
6638
5907
6634
3018
6632
5914
2464
340
5918
2182
333
866
2565
371
3570
6410
6685
1094
2291
2231
2250
44
3711
2233
1129
2725
2015
4467
1148
5179
4965
154
6697
2238
3216
5130
95
2025
3147
3716
5140
1193
3206
82
7154
6611
4988
2713
5334
6706
3608
3962
4168
1790
2257
1464
5086
5091
4447
5096
1461
1965
6779
3590
4864
6618
4867
3200
1969
1435
188
185
6830
6196
2593
1891
5274
4309
1252
5266
5265
5309
2170
559
6282
4421
733
3436
3479
2524
6318
730
1680
2488
4714
620
6661
7091
6590
1614
5803
1648
6288
5754
6663
5622
2345
4221
609
2996
5843
3816
5750
5749
6454
5758
639
5723
6658
1682
4734
6595
5725
674
6302
2515
3866
4385
1990
4381
4980
3072
5311
5818
3385
6667
911
4176
6612
1483
915
4050
6791
4171
6117
5329
1893
4623
2882
305
1210
6123
5751
6624
5135
706
3892
6495
704
4285
1679
4262
2889
887
274
6649
6788
1887
3974
4283
2476
2709
6417
5170
1985
6666
4832
250
636
5185
6742
5349
6232
1984
138
3868
1765
2890
6020
976
2715
6989
1136
2893
617
5794
927
3308
4204
2028
3234
3653
5755
936
3639
2146
6356
1463
3142
2034
1218
994
3858
3956
2176
6477
3706
384
5894
6215
5728
5787
5895
4111
1278
3517
378
3393
2178
5563
1805
373
6885
543
184
5934
4249
4799
5062
5784
4155
5629
6478
7020
745
409
2863
4764
1565
4674
5275
816
6593
4789
5868
4200
739
5053
550
5782
3997
736
1882
4219
2118
2591
3254
1528
5774
1243
7134
3973
2097
2052
1734
1971
4705
5915
2682
1735
6978
1088
4007
5433
5122
1922
1524
4819
41
2127
6784
4737
3017
4463
3158
2280
2009
2019
4593
1251
5565
7090
5911
3593
4721
4663
3349
147
2051
3251
130
3110
2292
1092
4524
2047
4902
5253
4531
4150
4711
1412
500
490
