5719
2260
2269
2263
2266
5717
7025
3888
2262
4023
4540
4544
134
4543
4542
4548
2268
4546
4545
5716
2261
4547
3626
5315
2264
5714
936
3886
136
729
3798
5317
1358
2882
4840
4773
138
4541
4638
2659
5711
2885
2814
1940
6990
3162
3882
5311
2755
373
2535
5086
455
5656
2537
2816
4770
682
1021
4549
6439
5475
2197
2884
4714
6580
6020
2195
1901
2340
5611
221
5252
210
2930
684
3887
6991
2193
3884
1023
6474
592
1927
4620
4336
5218
6721
2305
1295
2923
6085
1803
1356
1611
6846
359
4252
3563
3829
6531
6435
3991
2019
6441
3468
6514
3484
2196
976
3482
3699
3532
5699
5637
2810
1159
4257
2395
1359
4138
5471
2831
6023
5152
773
6960
4497
5486
1051
6555
3095
5782
1617
4370
1081
4006
3718
6895
5423
750
4712
3414
3889
2613
1227
457
814
3845
4641
4697
2685
7113
1063
2746
7103
1199
5262
3821
4376
2267
1026
1089
5980
5018
2309
5638
563
1343
678
3528
3530
3883
3160
688
105
6687
5551
6818
6076
4149
2192
2317
6015
1020
5614
5695
4288
5707
1029
1923
7014
5633
1545
4349
3948
4372
3973
4047
4001
1851
4136
1783
1220
2190
2329
3622
3621
2185
5700
3122
2191
2194
561
1169
3525
2265
2392
5510
6388
6967
721
1224
4907
4754
163
752
516
2654
5336
1165
3259
5882
3280
5883
6144
5885
3881
5472
6277
7145
5390
4705
3289
4717
6367
4692
3120
3114
3058
2887
1788
2906
2901
2452
2456
4250
2881
4255
2880
764
6272
2583
811
3008
3163
3880
671
3877
3823
3820
3783
486
5857
3908
3745
3945
6996
3949
6995
1947
6992
3168
3705
5805
1019
5973
2198
5993
4099
3418
6001
3334
638
4130
3296
2313
6884
3692
1028
4003
6731
5554
5572
1168
1654
62
5483
1113
5158
5452
4830
63
4972
29
164
5233
4934
21
4844
5507
1355
5314
7100
5316
1071
6826
1141
4873
4771
960
1459
4790
3544
3524
5979
6715
3464
938
3609
530
2125
961
1993
4610
4611
4612
4623
4629
4630
3871
4768
3858
6444
4703
4710
5899
5570
1536
160
3629
3828
3461
3527
112
5125
2920
2442
6927
2889
1299
1298
2484
2404
760
22
2566
6778
2687
2589
810
1229
1228
2851
1341
2995
1347
1400
6964
6009
4592
4953
3339
1152
6372
4962
5481
4968
2296
3299
4974
6948
672
676
1163
3131
2254
3980
2620
4147
5634
5757
4142
4371
4042
4375
4067
4283
5746
4146
1558
234
1018
4379
1701
5696
4134
5775
5612
6582
309
1929
7087
4510
1769
5545
16
4495
5500
6013
3616
1150
6248
5555
6552
100
349
3386
3451
545
546
5970
1431
3538
843
132
6975
4453
1462
130
147
4845
2850
5966
2241
122
7131
6972
5982
3282
6025
4246
777
2364
4282
2971
726
4365
2925
1340
1651
2998
884
5222
6754
6770
6274
1304
1302
1296
1293
6279
1292
2921
1631
2347
4240
3285
5474
966
5457
3249
1290
7078
6039
3215
3173
3000
78
5051
2530
687
66
6903
3119
3113
1166
2517
5089
1785
6669
1291
6680
4289
463
5802
2068
1110
1541
1559
3786
2678
1114
5884
1116
2098
1117
1567
6842
7111
7110
5808
410
6685
1942
2639
1946
6227
228
4074
5826
6516
6226
5854
5322
1017
4619
4622
1549
6434
3854
5897
2588
4711
4529
512
3711
4713
3709
1928
5539
691
900
3123
2528
6149
2003
4120
3620
6086
3910
2326
3080
5718
4033
1348
4593
1542
5731
401
4553
5807
3225
6885
4493
199
670
541
1910
673
5748
4608
903
5451
4285
4377
3161
5441
3157
69
2174
3144
6890
3611
3003
3942
3925
2897
772
1060
4761
5398
5715
2682
4348
5713
5800
1297
6683
2463
2864
5712
769
2628
6278
4004
965
2458
3915
2904
324
816
969
2989
6342
6988
2979
2977
1544
220
5412
5104
50
1956
1924
1949
222
3979
3708
1077
25
724
458
5453
2031
4865
3539
7119
2245
3452
595
6717
3440
3548
4145
602
148
1408
3422
1088
1401
6550
7057
6000
505
1898
5887
3466
6589
2576
4135
6981
4477
6709
5975
5978
4701
3401
3730
6705
2101
3741
4696
6998
4140
4695
2570
4141
3487
6002
3411
4636
3332
6003
2536
2286
3322
6577
913
2122
1278
3842
786
5480
6860
910
3864
1387
83
4774
543
3247
2066
5660
5308
190
5652
4647
3336
355
1604
3715
4424
6007
6006
6179
6881
7098
193
3815
6660
3376
6011
6782
6626
6276
6234
2612
2586
6910
6901
838
6246
2572
1197
2515
1206
1763
1015
1655
1432
1495
1600
1909
2182
2168
962
1532
1569
1540
6448
6714
2081
6459
1109
6493
6827
1937
6522
1948
1102
1943
1553
1014
2055
6396
6716
1890
6771
1075
6292
2424
2413
1652
1346
2362
1352
6844
2324
1353
1354
1161
6360
1357
1789
2299
917
6565
1151
6729
6725
6373
6539
6584
1747
604
2625
4798
5896
4778
4759
6997
6999
5889
4749
4700
4691
3723
3849
3861
3862
4657
4646
3878
3879
4627
4607
4599
4594
3850
3900
3712
5535
4912
5994
3457
3458
5502
5991
5990
3480
3531
3534
144
4833
547
135
5953
538
536
3617
5531
3618
3625
5532
3560
603
4591
3944
267
4378
358
4148
4152
7041
4373
4362
5780
4361
363
5770
5683
5745
290
4236
4334
5710
4280
7058
7070
5693
5765
3928
4139
4131
5830
5597
224
7101
5598
3988
5817
7021
4000
4005
5628
4026
5803
394
4070
4535
4079
4531
5610
5793
5792
4125
2622
3424
5698
2895
2781
2973
60
2759
712
5080
2937
5079
68
3090
2828
5376
5444
5450
2751
727
58
6933
2820
2833
5163
2836
2818
5176
5107
53
2869
755
753
5427
749
6929
6932
5454
17
3121
5175
5318
2677
3346
4916
3335
3223
104
6218
2683
102
7162
3357
632
3311
11
2634
646
3236
6012
6014
