5710
5718
4371
4376
3799
4372
3796
4375
5715
3791
3156
3152
3797
3795
4373
3790
4370
4379
3794
3165
3220
3224
2261
3161
3229
4326
2307
3792
5046
2300
3793
4870
4378
4872
3157
3150
27
2305
6997
4545
3227
24
2302
3151
3422
5712
6570
5808
3163
5779
3223
3222
3154
3153
6486
1075
2308
4377
4510
4546
5713
4543
21
5711
3167
4532
284
7064
4515
3159
6581
5440
1101
2535
5652
5747
6504
3330
917
4868
5716
6480
2406
2884
1814
4412
4838
4544
4418
5821
5215
5788
3155
5212
3226
3221
4878
2445
2301
2533
6513
3863
6489
2706
4548
2883
23
5310
4471
1431
1786
5079
2816
3256
1389
5479
3170
4315
930
2887
2881
6516
3798
4831
5317
6475
2309
7080
4876
1433
6032
5773
1337
6086
5413
59
5763
5202
5781
5152
5717
2265
20
925
2451
3348
2945
4938
2814
4152
1437
29
4708
1236
118
1338
6062
4068
5566
283
6996
4646
5516
60
5171
4683
7083
2743
934
3346
1883
7127
1703
4338
6899
3965
777
3294
4333
5530
470
4875
6500
4495
5158
5766
3172
5634
3290
285
6817
4773
6371
2750
1717
429
3228
1868
2186
6991
5823
287
6555
2940
6314
1809
5856
1817
5429
4314
1053
4316
4647
3539
779
4937
5312
1570
2704
5787
912
4518
4497
1334
5008
6081
5714
4744
5552
4491
1460
1384
4128
6289
5768
1654
3137
6573
6535
5854
5495
2163
289
981
5613
2472
5671
1435
282
2150
4642
5075
6484
1785
3334
4950
6701
4271
5473
6370
4022
764
6485
5870
154
4511
3335
5761
414
4547
349
2936
3329
2974
2931
1439
5869
1812
2530
2658
2260
4633
6780
3423
2426
5465
3282
4766
2939
914
3424
5802
4616
920
5511
5538
6894
5515
1041
750
6706
3878
5020
1713
4075
3560
4125
228
4659
4707
2746
921
4658
4913
1232
984
1683
4496
2429
464
2209
5280
6329
2439
370
1708
4920
6280
2911
2970
5605
25
3964
1701
3025
5736
4689
2819
4411
4686
3921
3332
338
2735
5174
5151
3364
2708
4317
3280
3108
3429
3186
3535
4926
4840
5818
3291
4645
4835
3292
4836
2237
3299
5406
4029
3187
2562
5103
4542
6950
7130
1315
412
4297
2752
1536
760
1526
2080
6146
4514
2395
595
2747
3966
2876
3323
4879
6490
5492
2519
3181
3184
5986
5450
5277
795
5285
3189
4028
4519
5148
6080
2739
6079
2634
5417
1478
4643
5100
6084
539
1339
3615
4605
4919
1432
4673
1430
6214
4678
2703
5444
6323
6700
4933
3929
6224
6679
6283
2696
3134
763
5300
2932
1788
1056
3781
3338
6399
5537
2402
6955
4704
2323
328
845
5901
1728
117
844
4726
2422
2424
5536
4706
5218
1052
2324
3296
7003
3307
246
1849
6994
2303
1015
1719
1835
2368
5848
5499
1811
5497
1048
3321
3788
1947
6508
110
3298
361
5201
67
63
1718
2077
1653
1689
3388
2456
4374
6357
2198
5584
6858
5930
5559
5925
926
1712
108
5126
4088
5703
923
4331
2204
2732
982
4488
6775
5000
3995
2917
1442
5384
7036
7085
22
5800
5099
4928
6144
5095
7025
5807
7160
1455
5609
2104
3789
5575
6213
5399
1404
1408
5211
4156
6114
4407
5664
3339
3080
4640
4931
3940
3344
6712
5214
6088
4342
3415
3009
4340
4499
2280
939
3532
6507
5567
55
119
5740
5812
5895
4936
4680
768
3989
2415
5885
4701
772
3544
4054
2404
6020
2401
3144
6022
5443
6398
1715
1710
6857
5946
6350
441
4685
4600
2754
5165
6364
2765
2764
3876
2484
1704
5161
2930
1080
543
555
4953
1818
5820
6587
259
229
1805
6065
4541
2522
4540
4530
1882
1888
4013
6790
5077
5234
811
2705
4578
6574
2788
3551
5263
5259
6368
2898
6294
6588
3998
2780
5180
5206
2885
2919
806
5233
2959
2700
5273
1269
968
6335
4003
6331
2912
4006
1054
756
5216
5282
3008
2828
1045
2934
1230
1044
6626
4571
2812
1231
6545
6306
1233
2915
4018
2759
2734
6522
6669
2815
4602
3531
4549
5286
4016
801
2169
4310
3880
7065
3780
6845
3179
455
4253
3180
1609
5532
2471
3441
3183
7055
5826
4336
6977
473
4445
4833
3889
4702
7074
2488
472
2351
482
479
3342
3884
1578
6005
6831
1614
3867
3862
3449
7037
5003
1687
3849
5006
3028
6887
4688
4278
5047
1696
5906
7015
223
3843
400
6882
3624
3860
4997
5941
3456
3810
5045
236
1652
1655
5785
5460
3451
408
2446
3764
5078
3436
4672
3812
646
2613
6966
4196
2602
3064
5343
4435
6725
3414
4932
3949
2068
4628
3603
1369
1402
6969
3410
3818
2177
7162
291
6226
2672
2365
1787
2115
5858
42
5653
4614
6975
2389
3044
293
6030
1406
3366
5558
5411
3920
5557
1481
2253
2400
548
5027
4653
5427
3683
93
4939
4649
2561
2560
4935
4641
4492
3928
597
5564
6761
6781
5487
4746
1438
5672
4934
6898
2842
2845
5832
4064
2849
6419
1840
5827
4610
1894
5669
5662
5660
2882
2074
2234
5680
5570
2084
3699
5643
2200
2125
2165
5571
3537
5550
5719
5786
6435
5783
5219
5782
3784
2003
5534
2288
994
2282
4725
6460
5539
5217
5746
1681
5245
6110
2730
1436
2731
1211
2736
4644
6067
6305
2538
2527
1511
2513
6026
4674
6319
1538
6118
2496
1387
1363
5305
2675
2697
3994
2664
3575
3980
2701
2655
2654
6267
1250
4903
5290
2623
5289
3593
3596
1051
1560
1574
2810
2811
1096
1698
4047
1090
1727
1087
5900
5252
4582
1082
5890
5883
4703
5873
4705
1685
3887
3548
3552
958
4020
5447
5998
3874
2480
2479
3623
4023
4025
3870
2767
5947
1640
5931
1650
3627
1111
2888
5582
5208
6698
7084
3488
6703
7081
656
112
3046
114
4995
3482
6718
4197
5120
3343
4347
3337
3336
6735
3029
6690
7087
7088
841
840
830
4918
6567
3514
