5725
7091
6335
1687
6337
1689
6338
1693
1684
5326
6193
6334
1682
2643
1683
5728
6331
2210
4667
4664
7095
1695
4368
5741
6054
4223
5329
5952
4226
2213
4428
339
4220
2236
5270
2656
2965
5323
5723
3599
2238
5721
5720
1698
1279
1699
7053
4426
5593
585
4782
5267
7108
1729
2649
759
3687
4369
4561
7093
1493
1744
3913
758
4421
310
4563
2646
5092
4867
2655
5681
496
787
4182
7097
1262
4343
5894
4385
4862
4432
4661
5680
2878
5002
871
3684
4444
6775
1685
3728
3118
3141
213
5705
379
4669
1048
473
2215
4425
1207
2790
2481
353
1225
5049
4380
1271
4036
3490
2371
639
3358
2037
978
2425
2730
6927
1697
3558
5727
743
4527
399
5844
6262
1823
1226
436
4110
6191
3891
6571
3896
5481
889
6333
1681
3099
6074
3911
3597
3266
614
618
6755
1686
5428
4666
3126
2967
7138
6841
1521
3574
3858
2049
4625
6197
2968
5958
3630
2016
4429
5943
2642
293
3685
2539
753
5230
5945
330
319
304
7035
5354
1696
89
2357
81
3725
73
6777
5709
1496
5052
4715
5688
5685
5886
2015
775
4860
744
747
45
6826
587
6832
3475
5726
478
4567
5670
4520
4229
1014
1201
6339
533
3611
5320
3472
2977
748
2516
4890
2032
5599
1037
3639
3017
3633
4863
1524
3632
2094
1433
3302
4665
4668
316
3355
5271
1492
5686
885
6002
6051
2861
4794
5692
3150
5070
3594
6578
752
3974
5574
3720
3918
7098
3682
2314
2462
3706
2443
2175
4796
80
1732
2903
7041
67
6938
1438
4798
2316
5706
5227
5693
4729
2313
5019
6199
6759
56
2867
6301
7030
5694
5222
1646
500
1274
4569
2057
472
2431
2436
5096
4222
5091
2712
1965
4550
6135
5722
6834
4525
6900
6830
1261
1269
6821
6588
2440
2045
1798
1206
5045
5044
96
5043
7104
1690
4447
7076
4032
800
2235
1129
4874
746
2207
3129
4812
698
5676
2958
1688
5951
2531
2013
4361
3013
5362
1150
5829
2214
6984
5615
2099
1024
6824
557
419
3477
2480
1978
411
3308
897
2476
2984
1205
1522
1204
5949
4303
6989
3323
919
6908
2736
480
2427
2052
1721
1962
1809
6128
2220
2749
4556
4631
1211
2145
4551
3634
5646
2706
5846
238
5121
7090
396
1155
4521
437
4637
1203
3303
5950
812
7022
5301
2738
64
5466
3592
3593
209
4793
2948
2039
3595
1735
301
5186
2311
855
804
4797
1057
2879
1043
6073
384
6941
4474
3947
6398
3722
2195
2199
3917
6109
5089
2865
6738
6662
6559
2295
513
2921
4605
5090
756
2056
512
7164
1960
818
4094
2197
3854
5080
5684
2969
881
6685
1270
1979
6686
3309
5041
5907
2192
6292
3878
2336
884
1797
785
7141
3855
6771
4662
2041
1499
5678
1540
6096
3970
2047
5040
2315
5059
3930
7136
1264
2994
2218
2046
914
5687
4453
4591
2645
423
3588
6878
4386
6534
6911
2446
2511
4503
2447
2095
1215
1034
351
3716
5166
5759
5225
4423
1934
5738
3710
5981
1430
3591
4552
6381
1064
281
2641
6132
5576
4565
5363
2141
2719
4236
470
6190
2640
1437
3624
2426
474
2448
1992
6961
3539
1494
7039
5965
6948
2194
6092
2017
2857
6923
1520
1694
5703
6450
1436
6764
2018
3389
6936
6748
5365
219
6098
4399
3128
2035
3124
2468
693
40
2469
7135
2144
302
3959
6097
4904
813
815
4804
2136
5697
1737
2014
2591
3700
2290
5579
329
5755
2893
4396
4979
4397
3581
1691
5957
1095
4331
6071
2985
1194
6053
5383
979
6879
2702
1724
5083
1454
3011
4035
6263
3332
1813
6520
7094
1526
4449
4044
6873
126
1217
1228
5569
6192
4564
2491
5349
2053
2745
6422
1529
6006
4238
2484
6007
514
6009
516
5677
6436
429
216
2518
2191
1275
392
4478
3979
5977
3914
6046
5748
3915
3985
4504
1640
1828
2044
2442
5042
2325
6502
6773
418
7147
3978
5054
1769
3474
3272
2217
5357
5487
6433
2483
1340
2478
1156
755
5513
2515
1346
2512
3010
2470
3001
2992
1338
2520
782
857
4910
1033
1031
5573
2661
6105
2670
2671
909
5142
5056
6521
5373
2651
1003
996
1453
2700
2181
1216
2430
6575
5377
972
2743
2741
1227
1002
6456
5047
2362
2139
5287
811
6185
1091
2898
2868
2598
2161
848
850
2119
1039
2850
5183
5032
866
5182
1495
5180
5902
5173
6496
2814
1044
2644
1497
1146
878
2223
3703
1977
4440
4325
1644
3721
1972
3335
1969
6916
4328
5966
3766
3148
303
1810
5969
6734
5750
4224
6248
4221
3764
4779
6827
212
6047
311
3269
3265
3587
267
6044
6980
337
5758
4366
6877
239
236
235
5959
232
553
5963
230
4354
4352
215
517
6850
7071
6779
6894
4834
4833
4603
420
1796
3971
3049
424
4062
3018
1731
3121
4524
4119
7096
4615
4621
1937
3115
477
432
5729
3941
4513
3103
1725
1790
3856
1726
3919
2691
1452
5594
3439
1888
4528
2127
4411
2701
6179
5731
6182
318
314
5276
5774
6881
309
5647
4424
5988
412
5595
403
5614
401
4488
393
4505
2118
4477
4472
1030
751
2654
2679
5168
2628
4442
1933
1066
421
1068
422
5189
1899
5200
5207
4507
4448
425
241
3598
69
6320
6332
94
2366
1267
2190
1723
4211
2183
5386
5384
5381
1800
4232
1802
5916
3916
7120
4118
4111
1754
4030
6261
3995
1765
1361
2259
5486
7075
6277
7134
2288
1321
6290
47
2293
2296
2196
38
3811
2432
3805
2475
4363
237
248
1143
5353
1140
1853
6195
6981
5787
1123
5783
5781
2522
6949
3610
4394
5939
6458
2473
6390
4277
1826
4297
1701
1834
3729
6376
3727
4340
6377
3726
2450
1188
2453
5368
2460
207
5364
6378
6875
3012
2638
876
1517
1966
2036
3151
4835
1545
6769
6113
5673
