5727
743
5726
5728
4369
5721
1261
5720
2096
77
5092
3013
6190
6192
1699
1721
619
4561
759
5723
1368
6299
2898
3685
616
3876
745
2314
1264
4565
4368
1105
2099
4560
3978
264
2968
2967
6197
1267
1266
5725
1692
3599
1413
1412
3913
6335
4563
749
3591
1496
5272
5846
3017
6427
2655
6775
1376
2715
6314
4569
6334
3590
6459
96
7051
6331
2310
6337
6338
6300
5326
4898
968
825
1691
740
3041
1363
2032
5329
3592
6185
1605
3018
5484
2179
2656
5722
6193
827
3286
5729
2157
1269
753
6700
1438
6312
5907
1102
6315
758
747
3019
4220
1609
826
2575
496
2893
277
4030
256
5070
1686
5724
5781
3597
1694
5002
6358
4297
4403
4363
6195
6333
3607
6983
1682
5359
242
3901
6706
823
5097
6704
322
6339
6198
4361
5941
5945
4902
2645
746
1722
2960
1693
3389
3011
3957
4347
3012
5077
613
1104
6304
316
1375
3384
5451
5283
617
6937
5098
6113
4564
5844
1335
5740
828
124
149
4499
787
2178
506
1064
2170
1432
6940
230
6184
3014
6842
6292
1728
2001
499
6307
3490
5902
6309
2319
4229
4280
2257
2653
4130
2599
4400
6900
4520
2962
2236
1268
2649
5741
445
909
7091
4366
3687
3875
5684
7093
3381
1448
6880
2207
5688
1973
443
6457
899
5099
292
4340
4405
296
6723
2094
5912
1489
1195
565
5267
6743
2591
392
1262
1854
6332
760
7109
1915
6303
588
742
596
1062
1066
3141
1919
3595
6551
3596
5181
2097
5350
4343
1101
3043
3593
5276
4174
4885
7046
1279
294
1681
7053
1723
5968
2514
2719
4519
744
2717
6935
2092
5780
1238
3449
4726
6519
4659
3105
2713
353
5705
491
4891
494
3725
4325
4884
6157
5966
2478
196
4604
1108
1696
7108
1689
6848
1687
1097
1652
5374
132
558
73
2827
4406
1365
6107
4602
5385
629
5495
4861
1016
2292
206
5568
3010
6302
2155
4552
4036
6777
266
6456
267
5744
33
5910
6034
239
1065
5426
2171
610
232
5081
2663
1068
1985
5748
3108
5832
6556
3952
707
3954
6031
4907
1364
4696
4494
5466
5428
752
411
1377
384
5939
1090
4674
2977
706
65
4608
4037
7151
3961
4262
1992
3720
3976
2894
2674
645
1708
4173
2485
3350
3102
4277
3355
238
6152
4342
6776
6518
6033
1440
3385
2513
2133
5900
5773
243
190
822
4157
3009
1401
5926
788
4600
6546
6378
5652
3594
448
1275
4136
3450
6707
3911
446
4668
4145
1419
1697
1677
5680
6845
1074
4295
6734
5742
577
554
1505
2635
4402
5156
4404
6221
5709
4416
2669
3556
2671
6815
1955
533
4374
5027
914
4272
251
253
6345
905
3285
2150
6132
5090
1444
276
1602
4183
2511
3283
5901
3825
5520
5091
303
240
5096
5576
2172
5521
7054
4628
7049
1688
1338
111
1099
4591
1402
4880
4881
963
5056
4159
6153
1355
202
6433
5913
4566
231
310
4601
7095
1263
4060
7092
5450
5955
5951
1150
1815
4704
7156
3479
5130
4028
7162
4455
2710
444
1069
447
4271
7164
1380
4606
3756
1265
5114
4517
5644
820
5424
6318
2740
5854
3459
2081
2070
1462
785
1271
363
5952
1910
1070
1018
3289
5932
1657
618
5962
6319
5934
5168
1917
3609
1027
3521
4562
5965
4516
5119
2679
780
6048
6243
4432
3171
778
4979
705
2723
6011
4456
708
1176
1171
821
6709
6527
5975
1098
977
3308
969
1698
643
1701
6295
1520
4904
5085
5087
3387
6674
3393
1749
5774
3422
5894
2350
537
273
5561
2468
3726
3885
2458
1491
1494
3891
3682
2442
3907
4863
5177
139
125
3029
4265
6949
7002
2519
5658
4171
262
1436
441
1434
241
5681
237
2008
5575
1433
3707
3706
6989
4285
6991
436
5569
207
4290
3053
4889
2580
3840
581
2082
1378
2376
2042
2308
4100
61
1280
4341
46
1372
6908
2570
2638
5449
1470
4348
3767
336
6204
3937
1360
5447
4035
6760
4367
1361
5743
1460
3458
3771
366
6199
3244
6289
5969
6904
361
4495
5909
834
352
829
319
311
5093
2790
6505
4795
2148
4525
2515
5898
4231
5990
1753
6187
4513
295
1747
3388
6183
6968
6969
2141
2797
6921
4224
6294
3058
2284
6133
1658
4107
89
5417
1017
1653
1395
1026
4079
56
3282
3970
6301
1370
4603
1646
34
1644
2357
5943
5448
1054
4021
5047
5444
4114
5086
6347
7067
1435
4175
1314
922
4172
6438
5967
2471
2470
5559
7019
7021
179
1695
5351
3890
5527
7041
1690
7052
2251
4599
5377
117
116
5499
5389
5403
1148
3625
1287
1475
4327
6786
4707
5228
4401
6062
1196
4389
5765
1252
6782
6780
2662
6779
4900
6874
6701
6702
4409
2910
5672
2617
3106
6847
2705
3175
3103
696
4440
4731
5134
6856
1170
3721
687
5199
2592
2015
6816
679
2672
1495
4351
1852
767
2639
4362
397
756
4261
776
1215
3608
4380
1937
2637
6559
5739
1077
1702
5446
4775
3112
5153
1383
2206
3158
5160
7149
965
593
6217
1205
3648
2475
1076
1547
1513
3858
6445
216
4025
210
1856
4426
1857
7161
1387
3698
200
1208
6042
4882
5946
1385
5915
5441
6795
162
6755
6320
1214
5481
534
4344
5954
6762
3974
6773
2385
4360
1217
3956
3959
6298
6768
5755
4346
5264
3583
6748
5528
586
1911
4321
4141
4007
4322
141
6739
4407
2632
6146
3300
6785
37
1502
2325
6715
119
4589
5058
388
1724
5275
6936
2107
5116
2108
1136
4665
2721
5115
3802
5103
1286
3620
412
3805
5632
1289
751
4817
2176
3093
4892
2516
301
2873
2536
2578
5642
2035
779
2071
1260
789
5128
1467
5837
773
2736
4694
399
6544
3452
5649
4491
3082
2899
4671
3443
2752
1468
1254
3438
3782
6923
1284
3397
928
3396
6259
