5722
5721
5726
5723
3013
4369
4368
6195
5720
2898
2099
5728
3685
3971
6334
7053
613
3978
1691
4220
1649
4561
6199
2096
975
5094
6773
6204
6743
237
2968
3598
2967
5894
311
4961
2371
6312
4569
1261
6331
5096
5729
854
231
7051
4735
5725
4798
4969
4978
4732
5098
3118
4668
6314
3728
238
3595
4665
5727
743
1722
335
4891
3058
5385
3490
1496
735
5705
7108
2357
616
2645
5688
1205
1724
2986
871
1699
5642
4344
3191
596
3387
4730
3355
6074
4733
6092
2175
3706
234
6152
125
1275
4444
4343
2296
3590
6330
2157
3944
1682
1602
432
4451
6338
3381
5576
3019
6848
2292
3010
5325
1841
3309
2629
3687
6193
5945
6198
4795
6190
6347
1646
264
4904
2255
1447
5350
3911
4414
6303
1245
316
2314
2350
6528
6366
3846
4442
5383
1528
4979
1024
2518
6775
4232
1681
2594
5946
1931
3510
2655
2443
2513
1698
5748
3979
5942
7149
77
3592
617
6192
5045
499
4253
5377
2215
6184
1264
1021
299
4963
6200
230
4565
236
577
3721
5326
3725
1934
4202
1439
2257
6035
785
6738
823
4357
7091
5272
6622
6618
921
6611
4599
1609
1606
1605
4052
6956
1687
3913
611
4902
4898
2494
2477
2148
3890
4890
6989
2290
3801
496
2711
1209
6881
3775
6748
4677
6640
6647
2715
614
3961
1368
274
612
1401
1036
2385
3017
4214
4347
4057
897
3841
4053
822
1279
7002
3038
5433
2615
737
736
4145
1243
2553
4050
4817
374
6841
825
6843
484
2298
4983
5593
5567
6197
2893
241
2178
2133
3389
5305
1504
4562
6290
3596
4564
2755
4428
5306
1694
2094
5125
2259
4985
6299
1686
5150
4560
3385
6128
5054
5607
124
2624
5557
5086
6610
5741
1796
1600
2807
774
4329
770
6318
759
6135
6586
6335
2653
4747
6337
2609
6600
2504
5943
3608
7101
909
1688
6713
888
3591
473
983
478
7104
1703
96
6734
1026
6980
836
833
829
4450
3599
1747
5092
826
81
5055
6626
2377
4702
5487
4792
6339
1413
6077
2312
4421
33
2310
4380
6096
4965
3814
1201
3812
4966
3810
232
6842
4715
4563
6475
4727
2726
253
6433
619
275
4988
1973
267
5203
4984
242
4423
918
4635
6799
2552
4519
2539
5914
4365
1837
4566
6811
2910
6524
7054
2210
4742
2643
6726
2016
6043
1693
2538
5235
4811
894
4141
618
745
4056
4055
6875
1980
2873
3313
4051
732
1823
4277
4687
7120
4182
2626
3444
5258
4794
4782
6113
6100
75
6191
787
4701
504
856
5133
4744
6064
83
2036
828
4171
4173
6057
2982
1723
2023
640
3300
739
3813
401
2366
3681
6295
4424
5661
4625
5368
4340
6635
3700
3957
6644
7039
4415
5361
296
5844
1471
4341
2174
4921
5384
3657
2691
189
4598
6576
3916
2684
4463
6593
180
6597
6598
2176
1522
1254
3802
6342
3726
5872
4974
3594
5276
5778
4671
5419
134
2445
4014
1400
4674
138
137
3976
4819
2288
4971
4403
5267
3597
3778
6659
6816
2212
3195
2545
6351
3465
1838
3031
3856
1974
5199
3764
1847
5037
5359
6396
4181
6468
5323
2278
1495
3689
2223
4191
4738
6105
6112
1269
5897
3018
5246
3773
1373
3766
2155
6590
731
5410
1039
834
3970
5114
6654
5435
1643
1644
1023
1016
857
3106
1696
1695
978
884
1661
1692
4834
1689
898
5093
2447
6700
926
2478
6777
5941
827
6559
2336
4909
5298
3895
746
3129
753
757
758
2517
5081
4861
2511
6756
6616
6296
5132
3935
2171
4867
5090
1094
6633
6634
3605
6302
5770
5790
7041
4364
4708
4440
7086
6983
7007
4676
5521
4228
5625
5644
4409
5709
6954
7142
4591
89
80
2915
2734
6959
7111
6958
554
5628
2710
185
2981
5500
346
123
2641
4427
235
491
553
4520
188
539
7093
276
494
423
4362
2899
3954
4670
270
6719
6451
5876
6358
2376
273
435
216
6630
7126
2611
3509
4584
882
977
5740
3517
1372
3953
4426
5700
5562
5680
2529
4140
2462
5279
2147
3972
3593
1022
5550
506
248
2775
2985
1685
832
2984
1683
835
127
4797
6736
6260
3720
5329
6656
4592
1491
2620
2859
85
4977
405
5116
1362
1408
4484
985
4981
3562
94
1721
6427
7094
4411
6278
5103
1433
471
4980
1520
3777
2909
3401
1267
5187
924
5185
3411
6063
1582
2441
5528
2038
5707
1361
6316
3819
3128
2591
4345
5366
3416
1246
184
4924
6873
2580
4199
3376
4194
4832
1992
5207
624
625
5301
937
4360
5386
2014
6572
15
4363
3896
3858
6578
5677
571
1588
3254
6776
7075
5563
1535
4058
2977
550
292
4143
5481
1526
3228
436
6117
4144
3800
1529
1601
7079
6350
5240
3917
1306
3809
6822
6957
911
6889
690
6097
5992
4385
2293
2549
7000
6262
2682
3805
1119
6363
1002
3719
5424
4026
968
5031
4673
5416
2236
201
5910
4419
6682
6343
2440
951
950
2214
6684
5012
992
3701
5902
996
4003
239
268
2239
1300
3816
6602
2577
6606
3808
3807
3806
6488
2927
2291
293
4327
5867
5357
2372
6620
4622
1110
371
2285
7035
3825
3147
6565
3148
353
1221
4361
1227
1242
5648
5493
2320
3849
3848
3847
1266
1271
322
6595
6521
7030
2284
5351
4400
3103
6411
414
2962
2251
1028
5891
5892
4309
251
4667
1017
245
3977
5414
5898
1461
2965
1462
5806
7044
4404
1059
1365
5631
4664
3770
5484
6627
2271
6631
6632
3723
5483
3113
6638
5875
6639
6455
6641
3196
1061
5299
6456
5297
3371
2446
1785
3236
5253
5467
4753
3508
3501
6131
3500
5739
1815
3489
6900
2092
1827
5955
5556
6183
5260
2790
5097
513
4791
4099
6752
4704
5166
5470
5109
2860
1740
1744
1753
5694
6186
2506
4473
3032
3460
5222
3399
4719
4729
