2973
6359
3925
5095
908
904
1952
5732
6510
5736
4953
903
4334
604
1158
1654
5730
906
6352
900
6384
5104
568
3102
3697
962
600
907
1147
5374
3347
5109
750
964
3948
2897
6353
3268
960
2468
6024
5394
948
5468
5737
1716
6354
5263
6017
3924
3028
5376
5483
1485
3692
717
3949
1958
2922
6026
3694
5712
6375
5734
5746
4395
969
1470
555
6382
1954
3927
4398
5100
974
5316
3861
6980
3040
3856
6842
6848
6849
3943
905
2109
2093
6012
4724
4601
1083
3690
6351
4090
2409
3691
961
128
4394
1145
125
3956
3946
719
4314
4396
2229
6362
3016
1235
3130
3263
3698
2108
3344
2101
3681
4698
1318
2326
4076
3622
4098
965
967
1086
5544
1087
2451
2383
1854
976
2975
3045
5400
5848
102
1481
2923
6772
5105
6935
6770
6373
5101
2181
5847
3687
3018
1092
6899
4957
2303
3920
5738
3945
5407
4678
2885
3538
713
1149
538
5735
6058
4566
1003
4632
5322
966
1061
1148
86
781
3339
1408
6029
3859
3095
5855
5740
1491
2107
656
2300
5409
216
1401
211
7057
207
1474
3104
979
5067
3693
1316
2581
2578
6546
2638
5604
5239
1155
2195
6572
3976
1126
509
485
2196
6350
6776
2929
6021
3682
4251
6365
1047
2191
2945
2193
3654
6974
4602
6493
5850
6034
1001
1125
909
4060
1122
4026
963
1928
4019
1115
366
4006
6001
6266
5982
950
477
1081
5961
4132
3644
3941
4430
486
4455
3865
6369
1091
2239
3853
1240
6407
3823
394
2223
5496
3615
5106
6708
597
2582
1472
6868
5284
5277
1490
2633
2323
2634
714
1944
5079
6844
6834
2717
6828
2788
733
2942
562
563
2812
1331
170
6771
6757
106
1712
1729
1339
6910
3501
1728
3418
5438
3565
2388
4958
2517
3481
96
5433
1157
6808
3966
4166
2385
2382
1765
2893
4323
2328
2419
5635
101
4136
4120
6162
6144
6165
602
2535
1098
657
99
699
4144
1131
4066
2632
405
4145
1727
158
1359
14
5486
1479
6388
6389
2126
3942
5731
1880
2256
3343
1283
4971
783
4590
4906
1375
6582
6581
4799
4786
6473
4721
1315
6502
6543
1319
3483
5066
2298
2234
2979
4564
2127
5082
2985
6367
5085
3025
7119
2920
2943
487
4560
4676
5654
507
7031
4697
5839
2129
5102
5967
5448
2
5959
5474
1940
991
997
4327
1002
4606
6028
4338
2030
5651
1963
5265
5038
7116
1907
4565
5010
1890
803
1953
5144
1918
2061
2168
5871
5396
609
4390
4393
730
5739
2128
7055
5107
2368
6294
2639
2631
123
1314
122
1310
3667
2602
3676
3677
2667
120
1285
1281
6861
1707
2952
2332
3851
323
6983
6985
6429
6363
2670
6573
3023
192
178
176
6720
1796
172
171
3318
1578
1358
1587
2841
6783
235
1638
2758
4315
3485
6580
66
3536
3342
330
6418
6749
6955
6196
78
1112
4115
1045
79
4131
2572
4139
98
3929
2487
6924
1089
410
4187
1141
6932
6198
1034
3936
3939
1719
2197
6940
6253
4264
2333
6283
4188
4263
1185
352
1178
3967
1041
6255
4000
1901
2458
2016
2918
2940
5441
2924
630
2933
1717
1637
5381
1715
1710
5337
5328
2584
1941
2576
1615
2573
1671
1669
5231
2519
725
5191
2469
5153
5402
2692
1009
5076
3695
3699
3757
3778
3785
3815
1255
3829
4438
3940
2226
3991
2194
1144
4096
4137
4141
4142
4143
4153
4350
982
984
4208
4259
1043
995
1029
1024
2274
3674
1311
1801
3048
3092
1492
3235
3262
3280
2065
3331
3337
1800
3364
1403
3454
3462
2325
2103
3464
3466
2104
4903
4804
4790
3487
3512
3542
3546
4663
3554
4625
4610
4960
4951
0
210
6371
6385
6769
6413
301
173
5707
7038
5700
5492
5689
292
31
5679
6452
6514
579
5605
5600
6571
7115
5594
6748
5713
325
6364
6356
6045
6891
6020
6069
6071
209
83
6926
129
133
6139
6583
6141
6146
504
5840
6945
6169
6839
5797
6960
6838
150
5762
6145
6587
6979
208
605
606
7161
200
5922
2452
326
6977
3926
201
3930
3932
2270
2880
4169
6360
1441
4167
5475
4453
1186
416
351
4830
3963
6357
2887
5520
4949
2588
4248
6405
4240
483
4239
2902
3115
3310
4235
2603
3900
3908
2437
4201
104
2612
1495
4184
814
6121
4250
6716
5476
3970
1652
616
4075
1655
494
3277
5854
6203
383
2686
2317
6958
1947
4616
502
2365
2367
4605
5444
5445
902
2380
4099
4577
4693
375
845
2279
1448
1804
4149
6973
3992
2635
4738
6130
2789
6930
2299
408
6965
4555
367
1146
6133
2387
5891
402
3260
1258
6112
6846
3147
1532
3557
5314
6025
1340
3571
3779
5645
3551
3463
5488
6516
679
5155
1959
3456
3647
1374
6537
3000
4351
449
1005
6741
1983
3534
6575
1973
6901
5262
2515
6586
4318
1884
992
4312
718
3545
7113
2068
5387
1714
1325
1713
972
3414
295
3042
1424
1044
3752
1273
5056
683
3755
297
175
2466
6091
5343
5404
1393
439
34
6425
2512
6061
2105
5584
5500
6916
3670
3096
6016
3675
2971
2969
1477
2966
6013
6433
3426
468
6588
1004
4326
4135
3144
107
6703
4304
4321
6092
4244
4262
3229
121
4265
2579
4268
1476
6065
4164
6860
4160
4306
6054
3259
6051
1008
4283
1398
1617
389
6501
6498
1313
1312
1544
6458
2983
6441
2964
3663
225
1422
6765
1423
1426
2948
2941
174
3097
2930
1284
3100
2995
3620
3043
6589
237
1376
3051
6578
6577
3017
3367
3652
3361
3012
3539
6551
6548
1350
3548
3562
6646
3593
6724
1678
1257
163
2808
3996
3997
6801
6803
6806
6243
1143
2745
3969
1650
4047
4064
6229
1657
1449
6206
1659
1484
1666
4040
3109
3968
1404
1249
3842
6778
1241
6672
3858
1592
3868
156
3964
3874
6366
3921
