6373
6469
1149
1145
4958
2738
1180
1120
1154
1121
1140
2584
6465
4626
1185
1654
5087
1159
1123
1152
6385
6021
6353
6688
1340
5445
1151
4192
1125
6682
133
5409
1344
1359
1144
1153
6467
1155
4774
2922
1341
1808
6268
1352
6861
4196
416
1146
5402
4190
4960
519
6350
6056
1188
1057
2102
3562
1126
4931
5157
6739
6681
6685
1803
1358
2091
1186
1356
6733
6497
6218
1142
3568
2487
2902
4762
3690
4778
1158
2832
1122
4252
3660
3656
3942
1915
6492
3964
3527
3694
6460
1474
2185
1220
441
4771
2770
651
4629
6375
6736
4395
4930
2452
4877
2903
842
6055
6269
4250
6085
3096
142
4240
3906
159
2582
120
6338
6028
3654
7127
4766
1127
4280
3587
819
6971
3418
3390
1147
992
2605
5891
4254
4198
6930
4875
6276
6687
5959
4933
6282
3044
729
5010
3902
3900
2316
2896
6376
2961
778
1801
364
6490
4946
3166
1124
3887
4199
2325
1350
6891
3218
1349
2224
5468
7042
3589
728
4768
3663
4623
900
7140
6429
6932
2921
2772
1148
2105
4765
3692
3485
2139
1150
5791
6977
6466
3826
1074
5163
1183
5690
2652
4390
5261
2958
6211
6761
6087
5316
1707
3924
4939
449
1222
6039
1198
465
2368
2454
366
5213
1227
4601
748
3905
1470
719
3609
5957
6082
1157
4496
4625
3095
514
6179
5306
3668
3910
2831
5859
5699
1348
4020
6023
5762
5401
6029
3011
3774
2838
3904
5737
6384
5393
6388
3582
6389
3750
3864
1131
652
2254
4269
4266
4193
2453
4259
1251
4878
1933
6507
1243
46
2576
6531
6502
4100
4951
1224
4213
4761
1228
6782
3943
2966
6272
756
1943
348
463
2636
1141
3103
6274
427
3078
1138
3912
1690
2973
466
1696
1705
3920
1223
4398
2773
2334
747
5761
1004
3771
5462
951
3588
5656
5655
4621
4624
4757
3691
4712
4212
3669
944
3834
5400
5396
1132
4191
2323
6899
500
502
6901
6012
4605
4606
726
717
5874
714
5869
3436
5374
6673
5974
268
2926
4074
1242
6493
1804
4022
6442
6504
4662
6354
2745
3510
2749
6052
6787
6441
5769
4396
2771
1945
2473
1245
1805
3108
6371
5311
5443
5308
3102
2536
6115
6461
3073
6026
3112
4182
6128
2302
831
3331
2290
4195
510
3339
5372
4194
6937
3235
4802
3225
6520
3885
4660
2328
1615
1262
4267
5978
5865
3881
2003
5862
4787
1347
3447
65
6964
948
3104
4377
4292
4937
1479
3938
6735
1902
4339
6275
2983
4710
1009
5633
6683
5231
2977
4418
867
1098
1701
5503
4769
5239
6273
3665
6364
2610
5011
5177
158
4936
6308
6483
4754
3693
6271
5245
3607
1181
4037
5088
5863
3883
1128
600
6424
1129
6484
647
2295
4271
999
6935
6425
6500
3347
3626
1168
2123
4041
5507
533
4209
4785
5644
4032
6990
839
3281
5750
3576
5747
1006
608
44
2219
2218
6994
240
7031
3580
4776
5465
5448
6959
4779
7048
1373
6508
5502
6433
3762
60
2271
1002
5694
1003
1472
1389
2252
5780
2051
2181
2244
1475
3604
5123
2928
4830
902
6369
797
1988
6090
1934
2644
5173
6079
2685
1139
1655
6781
863
6789
4583
843
4691
459
3088
2906
4151
4006
5228
5221
3036
2574
6730
3040
1903
6360
1695
5222
2571
2651
5218
4513
4934
6136
3049
2556
2537
6125
1221
2834
4239
4648
2962
6391
5347
2637
498
349
2951
2814
4876
1354
2923
4028
5921
512
1199
2309
6910
2925
1357
5982
1616
1623
4872
6339
6383
3176
4183
5332
3209
1345
5333
2367
5019
1133
6532
6292
6845
3204
6001
4038
5191
5014
1165
3674
791
4767
5016
796
656
4040
4009
3918
1360
4030
5371
1283
919
927
1164
932
5073
1255
4047
5340
4786
3874
5223
4783
1187
858
5436
906
4879
903
4695
3907
4004
5481
3914
3700
1163
995
5408
740
4716
1143
6078
6083
2528
6111
3082
6123
1659
3063
149
3043
6148
1693
6748
1697
3047
4258
3172
3187
2329
511
3248
505
3243
5950
5958
5962
6829
4218
5975
3213
3208
2451
2465
2570
1135
160
6254
6390
6393
6395
2811
6420
2736
6422
6423
1806
2744
6530
6526
1823
2776
247
6382
2326
4251
2668
2578
3024
4257
6277
2984
2979
193
6672
2929
2918
6359
2882
1853
6594
315
1780
5915
241
2006
3454
2108
4323
2008
4291
3483
5815
2063
1077
5714
2234
5844
2226
5719
2184
5797
5771
1104
3581
3573
3578
5736
2213
5743
3520
3593
7036
6961
5594
1467
2097
3369
3659
3389
6948
2308
3345
5634
6949
4298
3299
5652
5855
6912
6670
4273
1263
197
2640
1820
4101
6637
6509
5018
2639
4669
1081
7166
2138
2137
7144
2129
1253
7136
2634
2677
860
6580
2719
7132
6600
96
950
192
1932
4181
2281
1937
907
934
5084
2002
6828
62
4201
6942
6833
2369
6940
2357
2333
6911
6907
6904
6952
2633
2495
4152
1184
2624
1879
6680
2617
2603
6714
6900
6720
146
1064
2030
157
947
6992
2223
2531
6975
2530
940
4938
3688
2887
244
5403
5825
3459
1374
5850
5391
1091
3414
3413
5387
5877
5382
563
1573
1581
3330
1590
5910
5914
517
5373
3249
4602
5945
3231
3903
1578
5343
3861
3501
3658
658
5619
3615
5651
5657
1481
4620
3752
5482
603
5475
3498
5474
5730
592
5738
4619
4627
3557
4617
3528
3836
1515
3845
1001
3764
6503
6013
750
803
5201
2963
993
6335
2919
4003
3664
814
1296
4642
2881
6286
6374
1790
1282
6421
833
5107
1161
1807
6482
6485
6486
845
4446
5156
6284
6283
3042
473
3180
4586
6038
5322
5317
6089
764
6091
6112
771
3045
775
3008
1092
1703
6249
6255
5225
1706
3027
6265
4519
375
3934
794
5216
5236
1105
4296
4262
0
4219
2657
2687
2689
2716
1828
1822
1818
2777
2778
2779
2798
2805
2638
