1204
2052
5082
6084
1752
2145
1321
1327
1206
2055
4417
4068
1200
1756
362
5014
254
1226
4899
4870
1750
3951
2040
4750
1755
515
1276
2154
1203
6086
1633
4751
5340
5264
2116
3870
5379
1635
6131
2712
2056
4447
3835
2110
76
2516
2989
6188
3126
5425
5352
6104
932
5015
5422
4448
4110
3635
6436
2153
6705
6707
584
5128
6887
6504
3879
3836
5309
1189
5051
1763
6833
1667
394
380
267
2112
246
6087
3834
653
1044
1277
2058
4387
6079
576
5944
6840
6075
5645
2514
1928
4628
5284
3831
4617
2476
6435
1751
5624
4951
933
4948
2401
2467
1754
4937
5514
1742
1050
3359
5713
4118
998
3830
564
5949
557
3833
2988
4556
6071
4637
5353
7062
4690
3838
6885
4752
318
1722
1741
1748
514
6056
5208
2136
2175
7134
72
2054
6382
3531
5034
6519
361
1638
383
6109
6837
2791
6730
6080
366
3493
1821
330
7095
268
1758
775
2090
2142
331
1072
3677
2092
3676
215
6158
313
2646
5081
2466
4635
3014
2051
3307
6847
895
4532
147
607
513
1329
5967
6430
554
2025
3352
5963
6167
312
5774
1704
4484
3099
1082
1757
3150
761
1136
518
6311
5421
1720
1322
1328
6082
2059
4685
6737
670
390
389
6423
2152
3351
384
1155
6578
3439
1313
364
2149
1316
2147
1319
1320
3525
1678
429
5375
1781
3729
3959
873
6460
2300
3997
939
2117
3871
5191
6206
893
3839
6817
6897
912
2439
5162
2335
6202
5238
6199
2095
3549
5084
3556
6500
6511
4364
675
1129
319
4231
1273
744
3655
5779
5357
2598
1332
6510
367
3316
3806
4441
154
6573
6055
881
1632
4315
6831
4699
2057
3869
6966
4949
2024
5682
2215
4492
7153
4944
6830
5382
2471
2953
5586
3353
6738
1033
1712
5744
2045
5424
6306
4119
5194
639
5948
5588
5266
2158
3153
2291
7092
251
1764
261
260
782
3744
4976
1039
1760
5017
5346
3412
4452
3430
5938
300
2115
1575
297
2790
4191
5019
4873
6187
423
6330
6186
5088
2029
6486
3875
3110
6313
2316
2023
430
1278
6083
425
1589
3350
4931
4375
6081
4509
4399
4449
3933
503
572
4528
4491
509
4527
496
516
3938
3118
6350
2039
1362
5647
3157
534
899
5413
6022
3017
910
6703
6053
2415
1524
4494
4415
5378
128
5120
1311
6428
1317
471
3914
892
1326
4443
3011
5428
6098
1384
1992
1182
5030
6144
1660
4086
1749
31
5748
350
1828
6518
5016
4317
1645
1708
2587
2714
6751
338
2020
4077
751
6825
1715
2234
7077
3857
3593
6152
301
3837
4193
6513
1157
121
4085
1078
274
1205
4892
1636
4034
6502
5890
250
2465
3876
5724
5899
1868
870
2798
404
5349
5903
1018
4918
3802
2473
789
3672
5571
1995
1208
1209
258
5882
6836
4695
2137
2132
1049
3222
774
2043
916
5558
5587
3746
1346
3935
5747
5729
1352
60
567
767
6355
5741
3382
6827
6706
5123
2068
1207
5667
6741
3357
5683
7166
4016
3436
5685
1271
3878
6880
4373
6977
655
4380
6704
5641
850
3647
582
2157
5829
2156
29
4440
5513
4272
2050
1325
548
4295
599
4305
930
6700
1201
6702
978
3807
6343
2252
2022
2426
1718
1725
6245
5356
6159
5358
431
5359
218
5078
2292
6515
2840
1979
2874
2887
1546
6185
6575
4607
4859
2026
5021
4780
6196
214
2696
6315
2713
6481
2295
2231
1646
5038
6207
1955
1994
4704
2672
91
4753
4757
6233
5047
4876
2470
212
2812
311
4875
1711
2921
6047
4996
4529
4942
6248
2959
2380
2974
3154
6438
3018
3134
4854
7013
6016
5423
499
517
6180
4829
6588
5427
6648
4933
1904
3200
5973
7034
2358
512
2362
3167
1505
3645
1107
211
2144
1780
1817
5024
5789
6197
2293
4238
5283
5701
5025
3210
3594
6145
334
1174
4054
4754
339
5219
4850
6148
5151
3809
6182
1101
3698
4144
6501
3724
6422
2591
3726
256
4095
6290
272
3741
2134
780
263
259
1043
4155
4856
2655
4835
4793
5787
6775
5320
315
314
4843
4158
804
5715
5582
4842
3674
990
243
1717
4781
4190
3679
3803
3595
6970
4301
605
6052
3339
4930
2417
6054
5681
6572
6067
4420
438
436
4636
4379
1272
4924
4663
4372
4367
2427
75
5686
4589
6457
6278
3226
5965
3161
3149
3116
4458
5988
6281
2111
3291
1920
3308
2028
5083
4945
6450
476
1502
3964
149
409
1582
1848
3384
392
6099
387
6739
6106
6117
4105
3874
5617
3482
6138
5229
1202
2720
357
5614
4720
3495
5200
4302
6097
7163
5161
6735
4346
1866
6467
4017
6723
666
5468
38
5894
2461
5345
6838
654
1892
2512
2574
6832
2384
6834
2098
947
2304
2464
2422
6181
6459
5688
1952
1796
6363
3908
6856
2119
5969
5710
3347
1523
1534
6059
2850
1270
1578
3370
5925
1268
3388
5909
5907
6337
6089
6731
5901
6328
1264
6686
1310
3329
3179
3170
3223
3160
6662
1444
3305
3058
3055
2046
2980
1486
2957
1490
2950
2939
1503
1508
1509
6091
1236
5893
1230
1714
3675
2649
5749
6506
6505
1753
2079
6288
6284
3743
1768
6503
1777
1031
2602
3790
3808
5711
3671
996
6777
3636
6323
1623
6130
6140
6142
2719
3497
1183
2699
1177
6756
3543
1156
1689
2658
1134
2656
5808
3631
3640
2355
5195
4310
7032
265
479
4124
4552
7104
223
4877
5426
4103
192
271
397
533
6895
4079
4495
4073
4072
4490
172
558
4927
4070
532
470
4587
4796
382
5351
7065
5354
4658
4702
4657
4706
4198
5343
359
358
4723
5362
5566
4624
4151
5536
4755
4756
320
7047
308
5319
289
4476
4939
5277
4943
5028
6984
5045
879
5465
80
67
888
63
51
677
4336
6969
5142
5224
5485
7156
5171
4319
3999
717
5063
6994
