1378
743
5092
264
746
4403
753
758
1605
5945
1375
2032
124
3607
1412
747
7051
256
1368
6043
1377
5727
5975
391
33
123
6456
2478
2719
5726
6221
759
1602
3907
7053
392
742
1419
2873
2872
244
2653
1609
4401
2171
2157
2156
2471
3019
1267
6152
6217
248
1376
6427
751
3876
4407
1494
5186
316
6050
241
2723
3082
5125
125
2314
1434
1974
5490
6096
3605
2091
4404
4406
240
7052
1266
5976
6710
6307
266
5323
281
3825
6331
1373
4139
6347
397
5189
1919
3609
1401
6551
5329
565
4405
2655
6775
5691
1436
1912
5720
6057
2175
588
6358
395
6333
748
127
3731
262
3735
745
3657
1691
3919
251
5741
6459
2170
4588
2150
1013
2645
417
6309
4400
6337
6338
946
3049
6339
73
3309
1692
6153
4390
5723
6312
1646
5091
6300
3608
242
3114
3721
1380
2656
5156
2179
3115
265
3389
752
3438
6420
6304
6299
4211
3916
4030
6332
6149
864
3759
247
6097
6743
740
894
2338
4008
6457
2463
1440
4732
411
3734
5307
4890
1260
436
1066
4730
5728
5168
5748
1724
1698
1697
5119
1601
5844
6556
7161
5926
4408
5773
3736
3449
616
1196
1778
1816
4094
1438
1374
619
1787
246
1696
4891
249
2310
51
6519
253
89
1432
5325
540
2539
2641
434
2312
5097
679
749
3691
1108
3738
3913
1606
5722
6684
5765
1462
1074
3013
2159
4576
3747
1496
5910
3285
5941
866
5166
834
7142
2474
756
2420
120
6127
4642
2239
6102
4220
533
6075
6315
1960
4615
311
3629
4037
2977
3996
6325
6295
390
5281
5283
1449
2715
3011
1468
2475
543
46
174
2968
119
4039
3737
2199
6843
821
4350
3401
3385
6048
3748
4592
865
868
4580
5950
6491
7002
6113
2096
1693
4736
269
263
4145
421
1737
3476
5977
3503
243
5528
3443
4906
6475
3895
2556
6533
2622
3685
2470
6448
3733
3754
2624
473
6044
6340
4628
5645
5568
4745
1216
1791
1227
4860
1263
1268
4900
4905
1714
1695
5672
1690
5417
5385
1365
5093
5347
5108
5117
5326
1435
1441
1448
5203
5260
5250
1309
3901
5675
1959
6335
6334
610
3983
2398
4010
2396
6292
2372
658
680
687
6218
6209
1955
6157
2207
4354
6059
3624
863
2155
4369
4561
5766
5742
5729
5721
1069
1072
744
402
5248
2898
63
6956
3403
3479
6952
2901
6711
2832
67
2835
286
3505
2910
3105
3106
6704
132
3044
7168
2640
6392
6128
3891
1372
3397
2967
2254
3852
3589
4716
4477
778
5116
4631
5099
4324
508
7109
1385
1880
1917
6432
3393
4286
4268
3394
57
3396
294
1865
334
1363
2337
2350
2714
3976
6238
6242
1262
77
613
1699
4035
4029
6773
6280
4025
623
4924
1244
6220
689
5503
1360
128
5369
5074
1826
4774
1195
3581
1364
6352
6341
1335
3566
5534
4136
6197
1794
3171
5050
825
1916
828
1985
2647
1452
3730
6946
5169
6009
6006
4585
3698
129
5962
5952
7143
428
5226
985
5268
4516
2107
5846
5915
4505
409
6908
406
2071
4478
2036
4363
1721
2904
3749
6476
859
3597
7140
1068
7124
2909
3739
1968
4517
4869
1747
2177
6856
5495
6823
116
4427
2871
2172
4114
1771
1774
1230
5516
4419
2037
1240
4898
6094
2070
4916
823
4620
4021
5482
2075
4028
6058
213
4485
1102
1269
3283
5839
3110
2367
2903
1264
5929
268
1798
1797
4743
3434
4181
4393
1064
4587
6004
4604
4591
4763
755
1864
4250
2834
6121
6866
6025
196
194
4361
4731
2874
4583
1017
1878
6193
4563
6184
5806
5793
2926
4571
798
5554
1006
4149
1198
5790
260
4575
2875
3375
3475
4581
6173
179
6541
276
6380
1465
603
3965
2694
6318
445
1410
1413
5424
5124
5299
431
1418
2713
5040
5031
2971
1445
1430
5163
3599
6681
1439
2695
475
2592
3058
5183
2993
2489
6434
2477
5090
1369
4965
2501
1705
7164
5096
2627
1379
2531
629
6706
622
5154
847
2174
1070
2831
5320
1124
1381
4258
1911
7126
5696
5627
6049
3376
4629
2990
6083
506
1095
2194
4323
6069
2532
3093
4618
2176
4321
3086
3592
2731
5679
1915
6855
4608
2178
32
4344
5637
1447
2899
1467
5187
5954
2028
2614
5290
385
3050
5837
4426
419
3287
3645
4512
2099
2097
415
2094
1513
1512
4499
6546
2059
398
2072
399
403
1542
858
438
1463
2562
5165
867
193
6033
6583
1980
3610
5743
6498
3073
149
6021
5762
2584
5177
6007
6512
1027
892
2878
5181
4391
2594
4582
180
5988
3693
2243
631
5361
5392
6748
3112
4135
5026
6192
4787
2961
3978
4140
5029
3521
6349
4051
663
1351
5383
5070
3981
4771
4769
1668
4979
1795
3911
5428
2066
3940
4991
2938
1677
274
5501
6215
3918
6375
3917
3526
2707
4980
4121
3914
4817
317
7105
4080
3208
1256
4044
2290
1249
1730
3864
6792
1361
4182
6278
618
85
1367
4767
65
6774
4962
2411
3885
6715
3213
6717
4717
3504
628
7059
2960
6377
2417
4925
250
109
5620
5466
5076
1176
1461
1739
4502
2958
4881
5462
3255
5232
1713
1252
968
3002
5829
5853
76
86
5780
1475
5199
4555
1518
5445
3018
7049
4570
5257
1493
4513
1261
1007
5484
1012
5456
7067
5184
4573
1134
4861
5363
5659
4626
1591
4742
4627
111
122
5651
7112
1162
3090
53
110
5641
1160
1150
1608
1121
4712
4697
56
1137
1903
4683
3098
4691
5625
4726
5341
1953
1837
5502
7144
4596
18
1770
5744
3170
3230
6959
105
1554
4602
1212
1972
1332
1065
4785
7018
5027
1342
1627
4778
1626
1566
1824
35
5547
4609
2987
5182
1670
2092
3584
4187
3399
836
303
202
6858
3771
853
1505
3435
857
6302
3764
3377
6700
4357
3441
6455
192
6799
245
