5744
2050
4034
6518
3556
5260
254
6723
2094
137
825
4114
6059
7061
1130
6064
6071
4690
3550
6068
5426
5034
246
3552
4174
3578
5421
6067
2397
5428
2147
5673
3059
744
6317
71
2057
2377
261
5423
6062
40
1027
3053
2052
2053
1375
1555
6299
3684
160
6511
2334
4389
4699
6700
6345
3559
73
2051
6315
44
5493
4387
5893
1026
4587
295
2784
1333
2398
1412
741
826
823
3901
1332
48
1998
829
559
3954
858
2146
3911
2144
168
2199
3657
259
336
4527
5128
2518
4784
47
5978
4238
1157
49
6456
5963
2140
123
164
242
366
477
1556
2148
2396
4807
1139
6005
6187
6153
820
1908
4525
7043
5038
5396
4524
2399
1499
87
4731
749
1270
6702
2371
769
6051
292
1411
5663
1377
163
1558
5646
6501
3682
1992
4360
4522
4499
5492
2463
1362
3554
3905
3056
1480
88
5095
388
1364
6167
855
126
593
6002
1368
3632
3191
1202
264
6155
128
4494
856
6054
6706
6209
850
3895
554
857
2663
1373
5385
502
1374
827
3551
1201
5359
4927
2539
978
363
5849
2252
3111
5140
3430
6001
7047
4628
1206
1025
2466
5857
1413
6047
1402
2980
2098
1338
5272
2624
1580
6506
6291
409
1209
1299
2982
5544
506
3904
5950
296
250
6358
3852
6523
799
2149
3891
6052
6060
6009
3639
6074
3653
5748
6308
5727
378
3815
1213
2390
5422
2647
1335
1366
2460
2175
5082
1062
6707
5119
4696
2196
5267
5405
2576
4521
6705
2193
6438
2058
4119
1551
5765
1132
1552
6459
4451
1777
1133
6888
1553
5741
5236
1134
6880
1744
7111
4808
940
587
1786
6125
1527
3114
1418
7058
4280
4963
5999
3436
4264
82
43
2026
5940
2464
5081
3557
3055
6055
4181
4361
4529
2048
539
2332
33
5117
4383
291
6681
851
6720
6721
2384
5354
1714
6080
6151
767
6704
2625
6770
888
304
2670
6075
4364
4606
5407
3913
2622
3893
6710
4233
4526
1997
6243
2039
859
3054
41
385
6774
821
2785
2195
4344
3376
272
2516
503
1363
840
6006
3112
4385
6314
6003
2434
6689
504
4971
256
3433
1294
572
1105
606
2438
4973
4363
5968
77
4625
1360
6319
1205
6457
6420
2591
5649
6452
4035
5361
6889
5743
5662
4793
6078
6065
1561
5724
4086
1741
6070
2226
162
2096
736
6514
1570
5296
3017
2873
3659
1378
4637
129
3594
1279
471
4589
1982
285
6063
31
4613
6152
4692
6436
1574
2676
2136
1379
576
1138
1216
577
567
4366
3311
6109
3333
1897
3342
4380
558
4869
1369
575
4805
3909
6008
5250
730
1740
4691
1573
746
3689
5302
5684
5671
3725
5667
1602
5729
774
5645
5641
1611
1331
5613
5410
3897
4010
854
5549
5495
3906
3908
905
4895
4440
3667
1432
3435
3437
5993
610
1861
621
4976
5021
4231
5069
5938
5086
1752
5092
1490
5898
1811
4175
668
675
677
1788
1531
5178
974
972
5801
1816
5114
1268
265
6302
2598
6783
2942
6887
6895
359
3069
2056
51
6757
6248
300
6233
2192
6360
2403
4469
2629
6840
2974
2963
328
423
81
165
431
2313
1291
6505
159
7041
3013
2599
6844
2627
2304
2330
2471
2137
2387
2783
4520
2673
6687
2391
1964
111
2336
2132
7142
2138
4495
6962
2139
249
1976
122
7162
6408
2374
253
2712
2142
6402
6132
2224
124
4110
339
2983
2601
6458
2066
365
1524
970
4694
684
6426
139
2216
369
3620
686
1203
5191
5832
1780
3595
2594
133
6428
4140
2616
742
3680
3987
1708
4491
2190
5429
2821
5642
3978
1633
3976
2191
5627
2648
2131
1685
6715
5574
6567
3896
6683
822
4493
3916
4085
2911
1334
2978
1586
4066
5720
4439
6512
4050
317
5696
5695
1722
2206
4158
3706
6801
4030
5669
6773
889
3726
762
301
4038
6964
1361
5876
4262
83
1260
2335
1870
3443
1050
5050
1131
6349
1866
6264
5061
2339
3193
6350
2462
1376
4391
1970
4840
3378
6290
4326
1401
1902
1995
1214
3116
557
1990
50
1414
1889
1217
4925
1298
7053
4584
6081
2461
2476
7022
3546
4787
2473
3280
1487
2479
3553
1489
2354
1822
114
7149
6128
384
4396
1030
6053
1211
496
2469
623
5962
6098
1924
1854
6137
1856
4803
1853
4834
5543
6756
853
2645
2719
1109
7091
2671
2358
7095
1156
843
4861
3230
4801
3970
2718
1113
2400
5529
2642
7078
6722
5430
4547
34
5519
1137
3971
5424
5499
2514
53
5257
1567
4099
2602
4201
7034
4115
154
1557
2590
4124
2239
4706
1477
971
2575
4183
110
1177
1016
2271
4130
4132
4139
2512
1006
5110
167
2641
169
5028
1263
4309
6779
7067
1248
2633
4905
1184
1092
6847
1605
1002
1424
914
4289
7055
1072
1438
4388
1595
78
921
1591
80
4263
4243
5027
4236
2420
4462
1665
2055
362
3018
6425
260
1812
3617
5892
3576
2037
6407
4635
394
1285
3052
5806
6430
1774
6515
5688
3686
3685
1240
326
5723
2987
714
3669
2994
3658
4452
5793
4453
2030
5929
6386
6363
6236
1988
553
6224
3153
6061
6211
3168
6196
4586
1967
6076
6096
3251
1942
6266
2947
6287
6300
3500
622
620
5973
609
5990
604
6328
4468
439
6307
3412
3392
1292
1304
6289
6517
3903
297
5556
5558
1667
3899
2923
3745
5576
3890
801
290
280
3875
1687
1700
4419
5554
755
311
307
3723
2141
6626
7124
3094
3100
4781
4783
6316
2009
433
74
4580
7050
2435
6311
5494
4283
442
4945
1244
4288
2363
6709
1426
4980
3439
6341
2657
6359
4190
628
2808
5620
5073
3448
2020
5965
6352
4232
1080
5062
1865
5054
1289
6122
7045
793
2458
3076
5030
3247
85
3857
1082
4924
3226
46
3291
1383
7075
2714
37
4850
5561
1669
