3685
3599
1721
2032
2511
2715
294
2099
1699
3017
1691
2096
3687
619
3018
6198
6196
2094
1279
312
1494
6518
2039
613
496
2713
4389
968
4565
494
3592
3593
1723
857
1438
5726
4368
2292
2712
2649
2644
3875
2239
6132
491
1260
2463
5727
5728
1275
4560
2960
1491
2097
336
1376
3355
6197
3682
3911
4799
745
1018
3684
3901
6770
4220
2645
2033
1269
4369
1266
6312
2515
1261
6335
1160
490
4898
6779
124
740
617
2035
6098
3607
1368
5720
4030
4037
6071
1262
908
2519
5326
759
3683
492
2030
2371
2717
6190
2710
2236
610
2037
4406
5943
1201
974
1609
295
3590
3013
6776
2147
2468
2031
3012
3011
6074
4863
2967
2968
277
3657
2516
4528
2442
1822
6090
3929
6983
5721
499
6185
3424
2512
2514
5741
1264
1265
6700
1271
554
2784
5021
3121
2090
616
4635
3010
758
6517
2438
6332
1363
2434
6512
264
2460
5099
1202
1992
1267
6993
1521
4925
6896
889
979
6192
618
1520
1693
2108
6314
1694
2034
2493
4344
4226
47
2899
3858
3594
3978
4223
6054
6051
4044
126
2737
6331
5645
4520
3528
946
5990
2807
2656
6430
6783
905
1728
4891
1412
3114
1495
1496
5738
2966
5725
5723
4250
2962
2958
2898
1646
5688
5945
5092
7091
1729
2640
1432
6193
6055
2517
6157
6058
3591
477
2295
5975
3422
6191
3876
2861
1157
2873
3905
6304
6502
2576
6146
3874
2529
3350
5366
495
493
5267
3053
6092
5276
3141
6100
339
1604
6006
6423
2643
6299
856
2655
3544
5320
149
897
6333
6427
3694
2601
900
6775
977
256
3819
49
748
959
6385
4838
6994
4662
3861
678
1161
5753
5744
592
4032
6830
1268
4236
6777
909
785
310
4800
5450
1252
6955
611
1216
5097
3818
5739
836
86
434
6183
2575
5140
2635
1692
271
2310
154
5976
6433
4561
6061
4529
2783
4519
6338
6209
2600
6334
2751
4388
230
2634
6510
6511
6302
7101
1493
5850
6094
89
3014
7083
1527
2372
5137
2494
5130
2400
5329
2133
6262
2404
4033
4407
2191
2513
2518
6103
6889
5364
743
436
2338
5350
2282
2578
614
3916
4862
3910
4403
497
5361
1455
2052
3332
1244
1254
3322
5131
5724
5786
1603
3081
5271
1375
1480
4665
1470
1408
4290
5121
2894
5098
6478
2666
876
6009
2750
4516
1970
3087
1910
948
5673
1888
2785
1823
4343
1080
5681
1698
822
3532
6095
243
4926
156
6989
127
385
119
40
7109
4890
7006
71
6685
6681
539
1177
2609
5863
2284
4524
4423
5051
978
7108
1453
5732
2336
1644
6772
3083
964
6184
7054
5052
3458
6189
2639
4697
1689
4667
6062
1462
242
6079
3413
346
1499
3392
6075
6105
5484
1490
5684
3564
2974
4927
171
7086
5742
6120
4746
5495
5359
1147
2402
1013
1117
3023
1132
2407
629
6125
1790
6337
5374
2662
4384
3129
881
5729
1908
462
3814
123
3342
6534
838
6858
3334
5363
80
2155
1338
76
2148
829
6386
747
3211
1602
749
3330
4271
2095
5272
473
1075
3745
6199
1263
3098
5705
2671
5132
5564
4563
322
3089
6194
2238
933
4564
925
3261
4360
3698
4794
4782
942
6822
5167
1982
2756
3597
4232
1492
2536
2564
1633
392
4787
241
612
6726
805
1989
975
3700
3914
5133
6052
2707
254
3968
984
4527
2614
5050
5736
1919
4804
2638
2720
4522
5939
5740
1529
6802
4907
4781
2579
2648
3299
3961
4394
4342
640
2687
5692
3706
928
6514
4928
2272
5844
5846
4042
6960
4038
506
1434
5392
2293
84
4035
1452
528
1454
5860
4424
3728
1436
2053
4454
3122
3193
315
3524
3767
6295
3537
6297
2146
3539
5822
5193
2175
1722
4174
4493
2190
4661
2195
2059
537
543
503
4510
3415
4408
3852
3411
2395
3024
1792
1155
4190
1795
3859
5481
5349
6705
566
6533
1402
2181
6249
6107
3335
6704
1523
4731
3787
2728
5299
2726
3877
347
4409
2056
5656
3856
3341
1883
1332
5091
4798
2801
3317
1374
1373
5993
7066
7043
44
3761
3531
6995
5059
2499
2092
5640
3519
120
3769
4609
2507
2140
2157
4460
1072
5244
2695
1110
3851
1230
6351
2641
1139
335
48
1200
5322
4503
972
7092
6173
1149
4387
1465
2617
4421
293
7089
3371
2377
4390
6133
1148
6237
4114
947
1413
1972
2603
4691
366
6780
6227
4445
914
3747
2672
7041
2258
4495
6124
1248
6309
3853
2281
3547
2285
179
943
3423
2670
6706
5709
1690
5407
4552
5765
5404
533
5770
5327
6907
1695
3125
746
3255
1687
1696
5805
5266
2928
4869
1849
455
5891
7112
4325
4570
3282
3297
1796
4094
6984
6880
730
4569
2965
5557
5155
4603
6849
4591
3002
4357
1682
3236
3177
5038
498
1705
5260
1643
3173
33
756
5730
3032
379
4905
643
1257
1704
484
3080
2893
3548
6753
938
5498
5704
1950
636
2660
4217
1211
3891
5575
4924
4497
2044
2632
2630
292
5911
3462
4518
6961
5737
6567
2618
987
965
2280
2038
4332
3990
6415
6897
4110
6195
5620
3199
3452
3038
3429
596
1165
1164
2469
6467
1163
3838
2983
2985
588
6106
5686
1159
4836
1794
6923
2397
3416
2429
1144
1685
1467
5746
564
5486
88
584
6946
1076
4979
628
6073
1204
272
3827
273
623
274
4034
4121
2337
2339
5544
391
5353
1498
2964
4405
5856
6472
3439
6723
2012
4515
2970
2502
3041
4514
6841
631
6494
1826
2176
864
7098
4769
433
2721
5160
1403
871
3681
128
2186
5369
3127
3344
1915
3495
5153
5073
4793
1730
6963
3126
3917
6443
6280
2178
3969
5995
3585
384
825
121
6007
830
2080
77
5384
6390
5950
2135
4786
3339
1749
4788
5652
4277
2174
2735
2853
451
2859
5103
859
4556
6795
3525
