4849
4848
2180
2188
4847
4841
922
4846
2182
4845
5994
929
5668
6554
5991
5667
511
5666
5087
5660
1458
5993
5996
5825
5990
4840
4832
114
2185
2886
5237
5233
1186
6892
6211
4830
512
6990
6119
3744
813
2674
6514
1454
927
2189
3389
919
2442
812
2888
4762
5557
3848
4834
1616
4189
2887
4648
2670
3173
3523
2181
6992
4844
6738
6534
2213
94
3979
5152
816
5861
2775
6822
6998
2525
4548
1612
4842
6007
5552
2526
6472
3810
2665
6537
6539
474
1162
6826
2740
6351
5863
5499
5759
1618
6955
7136
5417
4547
1619
5379
1849
5729
2440
5176
5875
766
4937
514
4979
5235
3314
3141
3583
5492
3653
5393
6280
4035
6290
229
6273
3972
887
4061
6217
955
762
3767
4540
4650
928
4835
5571
5574
6177
4668
3829
2475
2008
2738
84
6991
2183
1730
2668
2256
2666
2786
2736
2829
6891
2353
5080
5079
2598
3798
2068
5970
2605
6463
4765
3760
848
1273
2669
4545
6387
2210
2235
4643
2285
4492
4614
2002
5178
1562
5670
143
2820
5671
2903
4083
839
1475
1613
861
5175
1456
1703
5493
4498
1841
2001
6285
1892
5843
1873
517
6234
4277
2366
810
4320
831
4437
6896
4363
6216
4182
822
6908
4066
768
2873
2327
5677
5578
5575
7148
1615
5406
5372
5369
5245
5239
1856
745
28
5133
4968
5958
5977
5995
2274
4797
2288
4645
6074
4640
5862
2184
4546
2648
3668
221
3968
911
3337
2745
2676
2675
3987
2882
4017
1029
6281
138
6432
4036
5475
2037
5485
5487
6997
5745
5969
941
926
6995
2141
6462
4957
2148
6438
7114
3215
6938
3283
1638
1499
5075
3608
1161
1852
5869
5230
5259
368
5274
1803
5173
5171
5156
5155
3676
1439
353
5088
956
5084
3761
349
2681
951
2787
5857
920
2357
6920
917
756
3814
759
469
2944
4490
465
6827
459
5676
6310
3919
3977
5656
230
2814
6900
231
818
6287
829
236
833
5576
6327
2741
712
478
2653
914
2661
4664
4642
4641
5711
5690
909
3103
6368
2334
4669
5553
3769
1094
4605
70
3149
3384
1526
5550
1459
5494
5471
1152
5624
1145
3332
5599
1103
2803
1050
496
5412
1455
1610
2798
1254
3611
2664
4752
2311
4661
2325
4647
910
4613
734
2660
4541
2237
4496
2382
3914
769
4444
4203
2589
2448
815
2564
2491
855
2616
924
925
2234
3613
1996
5231
5207
3619
5200
5188
3650
1382
2732
5174
596
5070
5026
2019
3694
4953
640
2679
4908
3696
2107
1360
938
1344
998
4954
4542
6213
6471
6923
7137
6241
6465
112
149
7014
5968
5811
5662
5789
5957
6520
6764
5872
316
7163
429
384
6395
6946
141
6523
6002
145
6758
6258
6449
6945
5885
6196
2250
4329
2869
5892
2826
2316
71
4536
592
758
2952
5182
6566
380
3148
5847
5236
4365
5228
6943
5225
3013
2211
366
2236
4446
5184
5180
5114
4571
2361
6061
2520
5980
2524
92
5989
322
6869
2672
6807
5999
4746
2663
2662
4757
1206
675
6816
5997
2495
4938
2673
6713
347
78
130
5262
2431
6731
729
2743
1166
2446
2447
4628
6085
6895
2481
4646
4649
4941
2815
6966
6005
800
1020
3497
456
5597
3561
838
5415
3580
5473
3745
1847
4068
463
1845
845
1614
3878
7132
1825
1744
5497
854
416
6511
5572
5556
1688
1687
1453
1393
823
7144
811
5332
1374
3335
2057
6219
5346
5636
1575
1380
6221
7030
5322
5613
1493
1537
3310
1388
203
6244
814
6320
958
6295
923
6070
2711
4644
1211
6299
6502
6457
6021
6800
190
6450
6812
3757
6447
6073
3857
4685
6443
4744
4675
1195
3873
4666
4665
3842
3918
719
2782
2730
6692
3553
6212
1022
1024
3448
6242
1104
6672
4397
2961
259
6215
6817
6671
6220
6550
4303
3188
3313
3289
6192
3996
6191
140
1174
3660
6748
3659
3656
2747
3621
2766
1062
6113
984
6115
3610
995
4543
2813
2822
3581
6252
139
840
761
437
2591
6382
64
5881
5883
6931
1723
1663
5887
5888
2283
6927
1735
2298
1992
5116
72
2329
471
2373
7130
2390
1279
5679
419
5580
1781
7053
1995
1970
1933
5371
5370
1366
5340
2074
5783
1361
6941
1876
2136
6950
5486
6944
5856
5234
1844
5865
2209
5223
5293
464
7120
5635
433
1257
2484
6867
1596
634
2521
4936
1583
2490
6893
1251
2527
5956
5614
2493
4836
5642
2497
5950
2465
6841
4768
5965
2441
2519
5002
4998
1599
4771
4839
2444
5962
2522
204
446
5595
2449
5593
7037
1855
1846
3587
6459
7034
1875
1531
3571
7032
3765
3528
6525
3766
1015
1019
1937
1021
7035
3764
1431
993
6466
3704
3702
949
950
1611
3690
954
6504
3687
6505
1472
3675
3588
7112
966
1451
1593
7072
1731
3651
6515
3625
1739
3718
1740
1478
1842
3669
3489
2603
1025
2758
1274
1149
2430
2772
2393
2377
1156
1142
2368
135
6918
6921
2825
2313
6925
2783
6911
2746
2739
1222
6866
2571
2556
1201
2667
111
2508
2494
113
2677
6763
2718
2722
1261
6906
122
2870
2880
2278
142
6947
3195
2170
3233
2132
3312
2100
3316
3320
3334
7006
7013
3368
7015
1998
1028
7031
3180
1975
2625
3088
6930
2262
2260
1108
2926
6933
2934
6935
2950
2231
2956
2215
2214
2966
2980
3033
3036
6661
2187
3584
6193
4361
268
776
775
4441
6214
5741
5495
498
6187
6184
5479
4519
5770
6132
513
499
5400
4305
410
6255
5685
477
249
5698
6249
4128
5716
414
4162
4201
257
260
4209
807
4236
826
5801
4599
6109
4996
5227
5222
5213
5930
346
5898
553
5896
5880
5117
363
5884
583
5889
587
5874
4965
5254
637
6108
5396
4622
718
713
4652
4707
4731
6363
5326
680
4772
4864
4935
4939
4949
5261
245
