5752
696
694
3570
5753
5750
95
693
4551
695
690
5386
6668
4221
697
5384
5754
6663
691
4225
3537
1539
1295
692
4867
3321
5758
3327
6987
7039
5594
2868
6132
7035
5367
3326
3539
2865
1680
3574
6665
4557
5755
252
2863
3323
2864
3532
3324
2709
4874
4552
7030
3536
2599
2025
2013
5270
7096
6057
5960
3141
598
1949
2892
781
4223
3715
4226
846
5703
1587
539
6661
3704
4228
1760
45
3320
1112
2086
3710
698
3716
5580
7137
2237
3124
6753
2042
429
6628
2089
6758
3634
2014
3630
2701
5888
3579
6163
2861
2534
6728
614
3335
337
2703
5141
5639
7032
5387
3718
7092
1530
2980
6606
5706
3304
3533
890
2045
662
6135
1853
2012
6981
3389
2366
6267
6989
3322
4879
3303
2853
1535
6636
6066
3336
571
2708
5599
5751
6596
5615
2131
2189
3729
6967
6603
39
3837
5366
2706
6651
1117
5358
5354
4224
3530
3711
1496
7072
6816
3497
5537
879
6107
5559
351
5388
711
6077
6302
6752
6828
517
5484
2357
2356
2700
2129
2041
6700
5838
2391
6669
3242
3701
2061
5598
142
3705
6627
4550
7138
3874
5593
3797
5425
6619
6238
5595
1275
2127
2429
786
5264
6088
2533
2011
2702
3593
1202
238
3548
3700
6597
2616
6056
5652
3706
612
6630
6064
5046
1347
716
722
1529
1337
2097
4171
6735
2350
28
4504
6886
1809
184
6649
6960
3264
3146
6709
6889
1699
3332
2302
5368
3056
5776
6599
5770
6601
4036
6602
2841
1056
1613
5362
3712
1532
658
5450
4246
6607
6540
5057
996
6641
6609
6645
2605
6605
4032
6701
2214
7043
3571
3534
5373
2211
6062
5380
5487
1616
474
1439
6360
143
3276
2705
6965
5363
3636
5886
5309
5870
929
7076
6631
1819
5495
2568
416
3903
2140
3334
4220
2539
5389
4632
3163
4445
4062
2436
4222
1571
2567
1301
3148
6620
1895
7058
2128
2881
5137
1891
5591
1740
848
3862
2560
3901
844
2869
2563
4115
6650
2088
3632
3145
2018
4769
6660
2133
5364
4346
6647
3552
3274
5592
3583
2442
4523
2451
6988
1272
4211
452
5303
488
4979
3567
6624
813
5
480
7064
3804
6936
1367
1335
659
4111
728
6045
5193
4242
4244
720
6705
6608
5550
887
3073
1119
6612
2031
740
2065
7050
2054
2510
2619
2618
99
6629
3708
5087
2062
6719
2535
5036
4705
5757
5756
3053
4232
5050
6732
1538
370
211
6175
6792
2809
3325
6742
6078
5383
6635
1548
2854
5381
395
4863
411
6083
1528
3429
3337
3349
6739
3492
1504
1610
1941
7036
6314
317
6281
5355
5287
5723
2604
4569
2600
655
2403
335
4567
1160
6284
6654
2606
1948
1808
4872
6345
2662
7070
5852
7049
2043
1390
1389
3023
2047
5027
5527
2635
6662
2048
587
590
4273
3703
3486
6595
3236
6845
6368
1525
583
4708
2321
5260
7101
3792
5089
1718
34
6880
1728
4081
6200
6621
3807
1890
2530
6849
2148
5597
2139
6623
829
2457
6884
1253
3382
3380
6856
6789
2437
3719
5655
6190
3330
6899
2323
2671
1154
2860
6171
4090
6721
2571
4606
6610
5554
6611
212
6265
1712
1338
880
878
1325
6189
6811
3783
2156
6440
6269
6968
1614
6761
2379
5906
5277
6658
6653
465
3301
5221
2374
6833
3564
3965
5976
6090
3631
1508
5943
1642
4905
1643
4525
6309
1619
155
1629
6632
6980
6687
183
4370
4876
4390
5236
479
542
4162
6637
2365
5004
5889
147
3309
6054
1710
2573
3172
1634
181
3142
3737
5700
1350
5468
4343
3087
2876
1155
3439
2570
2862
4883
2204
3830
4951
2282
2866
4330
6432
6788
2566
4456
891
6852
5440
5977
6258
3595
3735
4116
2878
4819
1088
437
7098
3112
3152
3809
3150
6260
3149
3544
3801
2124
2893
1899
6024
22
1898
20
4908
3805
793
6460
5276
5677
2988
441
4418
6264
2883
396
5666
1584
2160
1945
6329
3542
4345
1561
6666
1563
40
1249
6667
6740
6444
6467
1564
6937
2344
4917
5965
5126
4811
6592
3503
1664
3308
6303
2395
5219
4639
4170
1521
3012
6052
1267
6299
6598
6567
4789
4395
1524
2016
1165
6560
4744
5365
3995
6046
586
2376
6656
7075
233
4293
7038
4725
3652
4493
5887
5015
6344
1205
924
6050
7014
2044
1169
5022
6736
2643
114
1209
7073
125
5000
5707
422
1164
1163
3714
2595
2341
5197
2010
5492
5306
2286
1693
896
6963
4391
2721
384
145
2080
6406
5720
1612
3202
4973
3521
4971
3730
3973
2329
3445
2352
510
7109
6657
5280
2298
133
7151
5281
4562
2289
141
3627
2234
2844
2945
4564
1882
2126
225
1257
1640
2707
2217
6626
6634
1016
2349
3988
2304
2201
7078
7091
2402
5530
905
4175
2235
2332
5523
1134
1168
2236
914
1054
916
6633
7065
2336
934
3943
926
4031
7074
1148
4117
5190
5410
5417
4063
1150
6783
2428
2212
4201
5274
5426
1116
3900
2210
2163
5261
2319
3902
1041
5485
6779
6642
2173
1744
5310
4997
4378
1687
2773
423
4895
6047
3207
1946
6911
6380
2781
4561
89
4881
4877
91
3498
366
2780
96
82
6391
4311
526
1417
153
71
4994
4975
489
1976
6986
473
5969
4571
4336
4959
6990
3059
6684
3599
4868
3470
3459
6225
6237
2937
4762
6255
4503
4519
1611
6224
3329
2958
188
187
186
1618
6312
3311
167
2957
3420
4453
6741
6126
343
6369
6907
333
4398
4400
320
6168
6994
117
311
120
3256
2871
2874
6337
1556
4446
529
3641
4765
3644
747
4231
1331
2092
5682
3742
727
6613
4243
717
3069
712
4614
1345
702
1719
718
2531
4227
5653
836
1271
827
820
3831
6772
6511
6940
5118
5117
6622
3806
2515
3799
5096
6456
3791
2577
5047
715
6878
611
4271
2040
597
3702
2669
3709
6974
2658
