5335
3136
4015
5293
5251
3371
6219
4014
2509
2972
4467
5620
1980
5255
5760
6210
1393
2956
5334
6477
3504
6417
3092
3502
6695
4462
5621
5626
5622
5623
770
4163
4123
6863
3093
3094
6499
6478
5804
5331
901
3374
4464
3379
2585
7126
6479
3398
1193
3098
4126
2405
3600
6784
5258
1866
4463
3506
6474
2952
3392
627
3391
2900
4012
5628
1864
3584
3005
4469
6865
3370
3137
1861
3816
5253
1860
4013
4011
1469
3509
3394
7146
1981
5012
600
5101
3090
5179
3505
3500
6411
4127
622
5766
4200
5992
5696
7129
6472
6494
3507
4764
5627
6495
5695
2589
4651
6326
6797
4018
5332
4755
6783
5256
3377
5297
3441
5767
1909
4124
3009
2753
5296
1865
5295
4928
1982
4921
4465
5816
5813
6413
5794
4718
2941
247
4088
2822
5630
1986
3395
5257
620
5298
2959
6943
1
5397
4831
6228
5819
5339
1343
4596
6481
774
6887
3926
4989
5698
3375
2504
2823
5624
4205
1868
4924
3566
7145
2209
5
3585
4466
7122
2273
3376
3444
1455
3131
4155
5812
5809
5337
3004
4121
4595
5330
1391
6491
2954
1468
4197
6419
4017
5294
2682
3133
5508
682
3557
6947
1421
1007
3373
7006
6925
2
3
2826
6905
949
1464
4016
4351
5291
4743
2631
4468
1867
4253
4167
3856
5299
4932
1167
5013
2500
1973
3312
1040
1849
3603
4257
3586
5147
4920
3503
5131
1545
493
1351
4066
4611
3520
4689
3866
1702
1191
3363
5290
5372
5237
5798
4454
2978
633
6944
6724
2761
3006
3372
1913
2306
3130
3443
3396
1863
5618
2909
198
5506
6915
1461
2996
5314
5344
1465
6939
1485
1190
3446
869
1541
5810
6906
6861
5961
6968
10
2270
5625
7127
5584
402
2683
777
6346
1237
5793
66
2820
1424
6161
2825
2828
1451
5790
5791
3817
5792
4128
2045
4460
3267
947
5105
3604
3690
3508
3601
5991
3561
3658
6586
904
242
245
3780
3565
1028
4618
779
3516
1396
1399
784
270
5103
7009
6397
4160
631
1900
3378
5157
241
7147
1336
2459
5983
4258
1348
961
728
237
657
4195
1384
6316
6319
1385
259
7062
5207
5842
5769
5077
2891
2003
3665
3925
3661
5336
6978
3950
6934
5252
1484
865
3696
1628
550
107
4680
1905
3319
6788
364
3091
6857
5062
1080
3314
5313
6027
4934
4759
5319
741
6208
4818
5525
5523
5667
4935
4956
5732
5079
5254
943
824
5470
944
1031
945
5479
5248
4682
6008
5801
782
1196
5772
1000
1192
5802
5808
5516
4729
5803
6468
2908
3315
3850
2907
2906
3560
2905
1675
3895
6818
3935
3547
2791
2788
3134
1515
3138
3569
3786
3608
6913
298
6917
1988
2976
1557
3031
2953
6850
3753
3754
2944
3756
6928
1886
3949
3007
1388
13
4255
19
2249
7141
8
2758
2501
7111
4165
7162
6374
2598
4312
3410
2688
2279
367
362
4419
2693
3297
2742
3501
2621
2275
1954
3268
579
903
3095
1854
166
1857
3203
1906
6825
1870
3199
6867
3208
556
4461
1985
685
5634
2277
2383
2410
2587
5562
5505
5763
772
2754
780
2774
1984
787
628
5472
2829
5429
5418
5399
2943
5394
605
2949
6931
2005
6914
5494
3361
5689
6723
4592
1519
1239
6583
6483
3864
4166
1398
4598
1784
3650
3660
6470
3858
504
1118
356
3668
4953
6051
6049
4120
3751
314
464
4681
5064
3981
3577
6216
4686
6212
4698
3397
5200
1513
6321
969
5998
6204
344
497
1392
3494
255
3955
3558
4484
6608
3518
3445
4509
269
5497
688
2132
2739
2787
2109
1198
2588
4619
4337
1339
5631
1342
1355
2276
2267
2388
2257
1259
771
2477
733
754
2590
4599
4122
2665
2681
4616
2686
767
2586
794
1138
797
2992
3000
1045
3617
1647
3588
1952
1928
1904
5114
1703
1983
3179
4441
971
966
5196
3399
3278
5250
3310
3380
941
1799
5262
4693
5040
1987
2797
2815
801
4742
5467
2834
5456
2880
2046
2919
5416
4975
5414
2946
2947
5342
2950
5341
3744
3692
2000
2973
1083
1616
4927
1862
4763
102
626
7125
6779
6918
323
5711
6004
6868
6016
6509
6904
6903
5871
7128
240
5806
17
6892
6799
662
578
5996
486
6532
6324
352
6938
6539
5765
6933
167
6729
6840
178
297
6965
116
6084
376
293
683
6362
2752
4973
7027
6585
4929
2692
6213
1936
4135
595
229
1427
5789
5795
3097
6392
3662
2166
5146
5797
2165
2143
6841
2630
3622
4922
4134
4978
4923
4926
7060
5345
7056
5800
4481
3079
4444
5823
4206
6002
2979
5074
5098
2049
3442
957
2042
959
3447
6630
5113
3448
2920
2924
5116
5121
2929
976
4281
6960
5143
5214
6912
6902
1038
1951
2104
6222
2765
5269
2766
2767
2770
3401
3575
4178
1941
5872
6891
2083
1047
1046
3419
923
5243
3433
5239
7001
6998
4413
6717
5796
6414
3759
6443
3362
6101
6092
5629
768
4761
3162
773
1460
6415
3139
3946
681
3750
3266
7143
4590
182
5740
1547
1806
2373
1542
6471
4720
5571
5563
461
6122
5552
6155
6507
5691
3815
3340
5526
6553
4736
4654
6498
3898
6195
1195
630
5471
2525
2308
6476
1901
2503
3247
2484
6060
3922
32
6149
5777
1912
4080
2554
3892
4790
6812
305
4813
2206
2579
38
1843
2293
2502
4334
1845
5141
5063
194
6158
1811
5144
3305
104
5065
6922
5124
5110
1325
3265
2957
5106
1197
6924
3209
5989
4684
5102
4683
522
3215
2971
3207
5997
4627
4678
5974
4490
5021
188
4950
3390
1930
6041
6207
4791
6044
4792
494
176
4538
4470
491
4473
4535
1127
4532
4826
6722
3894
6834
3096
3119
4779
6211
1932
502
4711
4715
187
3423
3201
6749
1875
3409
1796
5032
4568
4357
215
232
3078
4760
6012
4976
3083
3084
6014
1934
4957
6734
6218
6482
6983
