5769
7127
4878
3075
6857
5747
5079
4870
6465
1818
4877
4876
6357
6028
5495
5768
1811
1814
1122
4761
4766
2815
1478
1147
6481
779
5174
3504
4871
1781
3073
5007
1384
6911
6910
6485
4999
6877
5760
5766
1988
949
907
4872
3983
943
777
6479
1041
5499
5653
5628
2959
1121
3078
6341
4203
5001
6326
2102
4809
4764
5151
65
901
2480
2580
3092
3225
2954
1460
1188
4392
4995
4017
3822
6878
3556
3951
3810
5179
2874
1841
5314
5005
3878
4942
6084
6484
2972
6214
6504
5623
3390
6486
6971
4996
934
2040
6500
730
947
773
6693
942
5903
732
1152
3076
354
3077
5237
588
6390
6672
5087
5200
7011
6081
3863
2302
3046
1180
6490
1123
867
269
6435
6128
4163
501
6872
2184
5763
6021
1597
2876
4181
2671
6475
6695
2598
5991
7164
4254
4932
4012
3074
4404
4958
7144
6661
803
3071
2509
2179
4196
6965
2370
5319
6706
2173
3561
2880
6892
738
6894
5445
2105
5456
3436
2109
2976
2212
2926
4607
2955
6942
1618
6962
5765
5767
3604
1151
3090
2506
7034
6745
5891
3096
6996
1616
5213
5238
4745
5671
764
1838
3762
3692
4685
2528
739
2519
6397
2527
6342
6316
4411
4920
778
6460
2475
4806
1364
4509
2522
4848
1978
6384
1371
5157
2584
3757
3696
5289
1423
6839
2872
6860
5751
1245
2104
1434
5492
990
5699
5689
3172
2176
1144
3100
7005
1599
7028
3079
3070
5627
5666
6961
1570
3694
3940
2697
2352
5954
4029
4054
6546
1738
5177
6498
6732
6723
2363
3921
139
2638
3871
134
5992
3933
3985
5068
4997
2002
4756
5626
4965
5249
5622
698
5089
5106
6112
2252
410
5182
2299
4993
2046
6080
2058
5693
5493
2582
4712
6850
1575
118
2788
6783
2787
6777
130
6771
3899
3919
6733
1937
2703
6704
2699
3965
4026
4074
3605
1040
1652
6895
2
3060
8
3066
1154
3160
1125
2958
2956
2663
2944
2887
6916
1240
1619
3485
3519
6901
6900
6898
3312
860
5654
1815
754
267
794
4401
6405
771
6469
4532
774
2520
735
245
6228
1934
1875
1533
733
4334
6244
4450
1833
6488
3521
515
3526
2525
5421
4548
3488
4564
2877
4195
2256
3063
3108
3132
734
1126
1362
4600
5595
3228
2186
5571
3290
2521
2888
751
4879
1366
2523
1254
2265
1024
4991
2698
5162
2439
927
924
923
3981
3984
3989
5072
3996
2689
5062
2448
5009
4297
2664
4262
3955
1255
4987
3922
3661
3663
3668
2822
1009
5281
5271
4921
4500
5258
1336
4951
5235
4465
5202
3882
4449
2359
5188
4985
2704
0
5820
6927
399
6718
419
69
6746
6258
6417
6873
5862
5717
259
6350
1701
6853
6852
1839
5755
138
137
1817
133
114
1574
5895
6931
6941
6473
125
7039
1598
1548
6660
6991
6594
6982
6507
6979
6086
2003
5833
1780
2005
1612
7145
1594
7160
7130
350
1611
6508
4177
806
6482
4191
4192
4436
4433
1812
4364
4359
4212
232
2653
1540
2633
4183
807
5655
4469
6119
2477
4837
4841
4844
6087
4873
4875
6076
4927
6055
6038
4988
4989
5997
1963
6408
4805
2483
2530
6402
4519
6373
776
4150
266
1849
4603
4606
6287
726
4723
293
2489
4800
770
6701
4128
1593
6966
1590
3255
3304
2902
3178
3383
6909
3441
1061
1248
1045
3588
3392
97
1120
6974
3069
7139
7128
1605
3088
1189
1595
1156
7006
1146
6990
3019
3168
6975
7018
3603
3606
3615
6734
945
944
5012
6685
6639
6738
3988
1786
2695
6570
4052
2678
4082
6602
2710
3929
3926
2869
3651
1675
3655
1579
1020
2836
3747
3764
1269
132
3825
2740
6754
2724
6532
1380
4431
3044
420
5065
5080
5100
2257
5759
358
2440
5403
2047
5761
5346
5785
1186
2267
2278
546
5806
5164
5166
2041
5914
5192
5230
2358
5516
5706
1486
1457
5047
2150
5651
5590
5676
5588
1458
5657
2446
1465
4085
3038
2449
1806
2300
4035
1794
6576
6553
7036
4088
5701
6593
4013
5800
6603
5292
3974
1153
3964
1733
3956
5312
6707
1284
6712
4020
5809
556
551
805
3061
4434
4432
5231
4405
2570
4397
2573
6461
6467
5234
6470
5856
4155
2587
5855
4317
4316
4313
2615
4267
2354
5629
204
864
6492
6502
1723
1411
2589
7001
2708
1425
6855
6859
413
3602
6863
1436
3022
3579
415
3563
3552
6875
1586
6893
6896
3503
1243
2199
1592
1103
2943
3262
2913
5736
3003
3379
1589
2237
6908
5715
2882
3363
1433
5433
1596
2778
514
5599
2775
516
3896
2185
5392
5372
1704
3101
3931
5335
5579
2738
5781
994
1194
5429
6843
5593
5418
3665
3693
2798
5408
6813
3698
3699
425
3707
6812
3695
5399
5026
6581
6026
6110
6215
1350
5099
4840
4836
4710
4981
596
6003
2526
4835
5956
4992
5957
4543
4853
312
6083
5159
1367
5923
4668
1982
4924
4592
1980
5952
737
5917
2009
6222
4946
6220
6029
4705
6113
364
2435
4754
4771
796
1382
4466
5008
2008
1360
6403
4817
2004
6118
5977
2042
5912
241
4475
1834
2390
1832
6117
1830
781
4998
2827
1049
6869
3560
3559
4830
1438
6124
1247
3718
1390
6068
113
3522
5416
2238
2814
1578
6903
6811
1439
5951
2478
1655
1028
2823
5414
3506
1493
3669
1658
3608
5732
6847
3565
1965
3690
3691
502
5938
5470
4825
4834
5108
1003
3571
2472
5427
6919
4901
3098
5990
5621
4994
6999
3028
4990
5986
2000
3023
1198
4982
3170
1129
1127
6977
1142
6976
7032
7035
1185
3045
1
5959
6
3065
2007
3042
1606
5667
5670
7112
1613
1167
5037
2172
2452
6904
5585
5576
2903
1386
3371
3380
4935
5892
4933
3318
5497
2885
3446
2884
6059
1069
6905
6062
1369
4972
6924
2466
4969
5556
2971
1987
3195
475
6935
2233
2950
6933
2211
4957
6928
3267
2919
