6271
3459
3567
4281
1221
4632
3420
3457
1946
5852
3450
4294
6267
129
103
3456
5854
844
4398
6425
3451
3426
5817
6429
3259
2945
5731
1103
4377
4783
4392
6422
5680
1222
3899
1696
1948
416
6421
7133
120
6747
5636
6565
3427
4031
6279
3025
979
4786
3421
2849
5303
3213
121
3453
1182
4293
4391
3491
5788
4288
1572
6964
2088
4785
5551
1573
4278
6354
3565
4435
3849
2456
4122
3428
5760
6266
6818
224
4177
6694
3669
2885
7159
1223
2104
6441
3425
4170
6053
5800
6774
5635
2810
6420
3462
3228
3454
2102
1347
6788
728
3374
5375
6353
4439
6477
3578
4777
6367
7117
5782
1945
3507
3363
3898
4438
6967
6273
5818
6718
581
3907
5389
2022
4757
6087
5483
320
1578
4357
2048
3233
2793
2841
3458
3686
7095
1861
3005
6265
2636
3655
3670
4127
1614
4433
2609
3675
3676
3115
6253
1651
2908
4895
3689
3467
2105
2799
1052
1229
2796
4448
7011
6026
5624
4443
3016
137
4971
7057
2020
4339
977
4475
2164
2920
2924
3440
6703
3680
3455
5757
651
2813
3698
1181
4345
4737
7157
4134
1734
2581
6375
2618
1401
5328
2872
2538
786
1617
2541
6797
5643
4283
3778
316
886
317
5712
1209
128
6556
6553
4558
5798
4947
4973
6490
7061
3051
2755
4948
6810
6487
3050
3054
4773
3691
2236
3817
3572
6842
6899
2253
439
2139
2836
410
1183
3690
4390
5523
306
5496
1707
1619
1184
5959
3654
597
4659
475
1185
2061
1618
1662
1673
3697
6866
6865
4614
538
3666
3559
622
6480
3060
6488
5263
4235
108
1156
2797
113
4942
6508
6509
6076
2588
1820
135
1365
4074
1944
1943
3028
4172
1059
1892
2902
1045
2926
1886
5052
3999
5776
2957
2963
1918
7139
3007
7132
4976
1940
4132
1803
2477
7058
5400
1395
5847
5430
2452
2454
4758
3683
1472
6641
3423
6625
1092
2384
1481
2524
3424
2690
2979
3656
3452
6275
3369
437
1220
5478
3367
630
1224
3009
6264
3660
1051
2738
6717
3668
6444
6278
6263
5440
5211
4725
6427
6426
6352
4675
3674
3665
2536
2183
6032
3166
1350
4787
2226
3589
4788
2521
4865
5304
3227
5312
1378
4811
523
796
791
2566
2519
3609
1601
1544
4953
3527
2185
6021
6489
461
3087
2461
6498
2616
6356
5152
6742
742
3299
5336
6723
4903
6395
5762
6881
1143
2060
2798
2779
234
1716
2063
7025
5771
6978
127
4179
1925
2016
2064
4129
5878
2028
1829
7140
4321
109
1780
7143
1941
4284
3727
1981
6857
3866
7115
7010
4077
4173
5679
3699
301
4395
1664
7146
1131
1666
1135
2145
7109
5714
6360
3069
5520
5531
5256
3096
2739
5259
2085
4224
1332
6245
1719
5529
559
289
6493
4616
2279
1189
916
3895
1100
3894
5655
5671
6328
2769
5225
5694
6202
3201
6200
3204
1739
6346
3216
803
7015
4006
142
5711
807
4370
2368
6345
2050
3231
6682
2772
6205
5495
1988
6039
4909
2600
2303
1212
874
872
2091
3125
3893
4900
4893
5499
1825
6713
1085
3165
4711
1729
599
123
3062
3232
91
1632
5385
3929
2923
6901
695
3912
6606
1890
4441
5591
5914
6331
5586
6424
3636
6283
5584
3311
6373
5590
6882
4334
5623
6849
1895
5078
2170
2887
2173
7162
5190
1063
3924
3926
5063
2718
6827
3664
7040
5770
1638
7154
1198
5850
4119
473
1263
2406
4101
3603
2789
6772
4099
5547
2233
62
2975
4975
6761
3021
2030
2773
7131
3293
4103
3576
5814
6269
5898
2029
3618
1277
6484
4956
6276
1606
5700
2528
1404
2003
1792
720
4806
5315
2522
2453
6342
7073
4775
168
3937
4323
2526
166
4769
740
4809
2021
3955
6571
5707
5335
2009
4287
3254
2023
1984
3953
790
5942
4945
152
5066
1008
1913
1915
5212
6277
32
2978
2988
7138
976
5752
970
7129
6446
5036
26
5053
4171
1062
1228
7158
7155
5197
2711
4178
4138
2709
6389
2877
7152
6417
20
960
815
6473
5217
4940
3146
3159
131
2584
6544
1334
5809
2573
6551
3218
4004
2782
822
3208
2611
1322
7106
7121
4080
6483
5234
5239
3061
4223
5794
6494
913
2786
3076
3082
4226
2619
4210
5394
3503
6029
2340
2847
3795
3600
4379
3607
1693
3461
6998
487
3882
3554
6791
6792
3613
2373
1610
3447
2042
1612
2778
1685
3429
4347
5463
237
5461
1698
2059
2775
3840
543
3552
5662
3555
3546
4396
6024
1548
5402
285
5506
521
318
3416
5503
579
580
2234
279
6960
2307
3499
6712
6050
1583
6709
4656
1584
5879
3627
3612
4716
3385
2777
2419
4434
5095
1634
6879
4491
1640
6824
3910
377
697
3696
6864
5429
3693
3364
3921
3362
5957
3649
3648
2143
1564
3643
6912
2401
2189
2397
3568
2955
2672
6482
465
7111
3798
6481
944
4436
5065
1644
4222
4183
1056
5621
5221
5209
5198
3580
513
4148
5097
935
1661
3637
6856
5766
6840
3678
1571
3692
2637
3067
307
6244
3064
3564
4402
34
1575
1947
526
525
5761
5250
5093
6282
3799
5644
6917
7110
1237
1167
1000
6285
1035
3788
2109
6272
5012
335
7142
6274
3644
4112
2181
2129
5213
3651
21
7144
6932
3772
5117
5981
2966
2972
6442
2123
4404
5173
1600
467
457
1585
4969
6401
2177
1942
1879
7128
5201
1613
2231
4566
1939
1595
1040
4201
3010
500
3008
4561
2223
2915
3601
3792
6255
79
3352
7013
6648
4805
4289
3971
770
230
3278
4801
3405
3902
6091
1410
5826
1197
1466
7072
1147
782
1141
3884
2547
1108
5322
6186
3250
3251
3252
5685
794
2780
6180
3889
1390
165
2393
5260
2517
5448
4328
4329
3368
6102
202
7048
6607
2436
5084
718
3360
4743
2026
714
5848
6369
4731
3321
3317
3382
5444
4738
2506
5442
6363
3305
688
4770
3908
2812
741
4741
