6370
4377
2437
5788
5787
2472
5873
5308
1947
62
5030
873
5879
3904
3964
2436
2422
5465
5802
3906
6940
2303
3908
6970
5816
2889
2438
5210
716
6046
2434
2427
728
2432
6909
6899
2881
5870
5817
3903
5502
5785
5874
714
448
1783
396
919
2534
2435
1526
5812
2430
6386
5850
2705
5470
2659
479
1653
3028
2703
5749
7064
4475
725
2533
2706
4703
2451
4395
707
3665
719
706
6065
329
5782
2423
6881
5498
5153
3442
3440
4323
1098
4839
3969
5878
118
5511
6716
5531
718
5479
5584
3658
5158
3909
6580
600
6484
6574
6901
655
3654
3924
3096
470
4370
836
3114
2880
6268
6087
1949
3447
4281
2421
4349
3464
357
2433
5713
2300
5552
5550
4138
3567
2479
2538
3461
6507
6137
1337
6715
1645
5211
6026
5784
2009
6583
5771
5463
5777
1701
5208
4288
5197
5057
3307
3418
3414
5906
6511
5770
5767
7103
2884
3900
3664
916
5515
5613
5672
1332
6882
5857
5858
5808
5801
1944
5324
6255
3902
6532
6685
3849
3568
3519
6396
3618
4289
2428
2426
474
7159
727
5959
3066
5497
5343
6996
7048
465
3781
1789
3875
6433
6030
1200
6500
1075
401
6883
3068
2383
6364
5440
3846
6718
4294
5570
2006
2988
2945
602
2701
1528
5813
3259
4903
2983
2308
1334
939
2301
49
704
4283
7152
5366
5349
3079
5975
4721
3663
1226
2883
7143
6447
2536
3991
2821
4623
3840
4285
5336
3061
510
2610
211
2097
3997
6088
2838
3905
6426
6483
1510
5819
5047
930
2742
935
3787
5164
6373
3845
1546
5792
6888
3008
5056
5761
3113
463
2741
337
3543
2996
5190
6425
6570
3565
2424
5216
702
874
6686
6932
6383
2406
5877
3844
2927
4571
993
3999
4357
1007
3998
1206
2895
4601
2613
5573
6515
4609
2537
2310
2539
3446
5852
5319
4271
3119
500
2531
4857
764
1304
2530
7044
902
4336
4872
2309
1643
3782
5315
1724
1901
6693
5168
3789
5673
5612
5472
1772
1542
903
1565
5394
3072
1805
5647
374
3359
5652
443
5399
2003
3785
3961
5611
936
354
6490
1250
6502
2541
6964
2882
2503
6489
3661
3863
221
6948
7105
2425
237
4339
3416
2401
3668
2630
6441
1095
119
721
3874
3166
1079
2614
708
4379
145
6000
3172
6473
3469
6082
2702
4787
1047
4835
3016
2204
6893
2120
2103
7057
5039
3443
315
5781
2985
5815
3444
2190
4863
5740
5856
4852
6378
2194
7146
3629
3467
6714
5654
1389
1295
711
6289
6412
3410
3920
6072
1167
819
1091
729
1137
6456
5657
6481
3463
1056
1293
5577
3449
5554
950
1033
1338
3826
6516
619
1609
6509
6575
611
6085
6506
3458
5914
6573
1651
6488
1223
6369
6485
1654
3960
1549
6439
3616
2456
2471
2452
2420
4776
4851
261
6918
4859
2324
2323
2321
4886
4101
2244
4972
6868
333
3780
5088
3296
2061
2007
6811
2000
5199
202
4678
4638
6975
3060
3027
7128
4309
44
2928
3692
67
7101
7100
2885
4378
5203
4412
2828
2817
2816
142
2636
2604
2596
6997
6994
4626
2574
4627
7065
1948
843
3352
1940
397
6772
5314
3346
5444
1927
1883
5859
2697
4858
6037
631
1876
5306
5311
1607
5514
6542
4855
3518
7109
4836
1076
5818
3946
5823
6557
3439
4883
2286
4878
4418
7042
3521
2302
2307
488
5846
985
786
4530
1209
1848
1046
6498
5392
5977
1780
3613
3462
3990
3611
3871
5352
1077
4143
3235
77
2888
3254
3656
4120
2837
651
5510
2886
1276
2459
4190
4730
1809
4399
6322
4553
2707
4100
910
5165
4422
3415
5712
2031
5160
1157
6023
3162
720
5752
3994
127
5764
5126
568
2019
5187
3593
390
5219
3077
5575
2800
2764
1143
1993
2798
3482
3921
369
2822
1990
26
7081
3025
4510
5799
1693
46
2174
47
932
5807
4515
2191
4960
2195
6375
4951
3995
2738
6581
338
3112
931
2101
2102
6365
6022
1721
2104
5783
6229
2108
39
1674
2833
1093
4398
6039
4402
2858
1815
3872
1097
6075
1121
1820
2834
1946
1071
2973
934
5404
3533
3010
3536
4282
4280
3110
4327
4272
3967
6269
6272
6276
3062
3069
6284
3075
4250
4261
1074
4328
4333
4198
4376
1054
4374
1048
1041
1785
6135
4368
6205
4364
999
997
6173
1684
992
2923
4338
3847
6200
3965
6038
4620
1132
5051
5041
5551
5031
3281
5793
4070
4975
5810
4075
2105
4950
2246
3441
4876
4875
2295
2315
1331
5517
1622
4854
4934
2368
1909
3294
1942
5209
5205
1983
3390
5196
5648
5195
1939
5665
5780
5171
5129
1437
5108
5559
5089
5766
1918
5768
5553
5075
5710
1661
3233
4791
2606
4139
5974
2633
5363
2637
2639
3179
4566
4550
5973
2677
6001
6004
6008
6014
2739
2759
2769
4473
2780
2812
4545
3232
5356
1655
5875
5512
1703
5507
4128
3209
1269
3204
3201
5907
1221
5316
4632
2571
5920
5922
5941
5342
5944
1231
4132
5583
4635
1707
7169
394
6916
6833
257
6493
7168
6700
117
6930
687
6938
43
6480
6942
227
6399
717
213
6586
3615
6496
6508
7080
6541
3769
639
299
320
7068
7095
6562
330
110
6856
68
113
6844
6898
3740
6497
545
308
726
3788
6973
3669
746
6733
3744
3823
136
766
513
7162
473
512
3746
6694
6701
763
159
4917
6066
3487
4145
2314
1311
4135
5903
6069
748
6886
4947
2269
2261
5876
2254
3448
4598
4904
4907
5872
4098
6073
4908
4922
751
263
4110
2576
3659
2439
709
6003
2442
3822
1181
2445
3228
6470
2455
2460
6032
2463
6960
723
3218
4685
2584
3468
6963
4737
5942
6979
6050
4674
3234
252
2392
6487
685
4786
4677
4775
1205
2417
6941
1313
229
5217
5033
2183
5637
5371
5370
438
429
5312
1868
3411
5307
5669
5381
1889
5290
3331
6775
