2834
5333
6374
4627
5479
66
5153
1912
1956
15
3641
7026
2202
11
3394
3622
3247
2837
3240
5505
6496
2501
2424
3391
4123
6583
5786
3393
2204
516
4718
344
1516
3248
14
5502
6876
2161
6379
1461
2724
3481
5334
5531
3249
5339
5442
4374
3395
5780
2659
18
3422
3396
6784
6409
2679
2763
6377
2822
6065
140
2340
3600
5618
5783
1913
1981
4121
4088
2083
4126
1419
6010
6011
1351
5335
1431
1466
5256
3241
6856
6968
1464
5158
3246
5319
5250
1196
3283
5044
5476
3297
1193
4620
5792
3398
465
513
750
6014
6027
622
6818
6015
3584
19
16
62
5471
5394
2798
5804
7145
5478
5781
5383
6389
5774
262
2838
1468
3245
3964
1863
2765
2243
3006
1917
1076
6023
1914
5210
6893
1057
5879
6494
3585
2205
1511
2883
5470
2733
2925
2817
1540
4837
2956
2781
2201
4621
6012
2790
6004
4467
5857
5538
5537
2884
5987
6230
3709
4779
2827
1947
213
1453
3090
930
5089
4122
5090
5225
6474
1465
6459
10
5921
1342
2836
6858
281
5040
2500
7017
5884
3568
2833
7126
5697
3072
5691
1079
6009
1984
6006
1989
919
4461
6859
7121
5788
7129
4464
5795
2060
5979
2675
5796
3444
3289
3980
1784
1985
2731
631
3197
5472
1542
7146
7147
3374
5042
2831
5390
2415
1469
12
6476
2983
1460
5070
3484
3477
3474
7016
3472
2502
6326
565
2829
4703
3864
2618
5534
4774
628
2785
686
299
2905
4253
6580
682
2472
3288
2677
6493
1958
3410
6041
53
6505
6525
3008
3854
56
3818
6234
3606
3603
600
2396
3877
2672
2321
4127
2248
2683
4180
6729
3031
6411
2244
3792
6013
6537
5672
2742
4517
2746
4570
7029
4619
1059
1559
3098
1081
136
4684
6907
5623
13
4741
5377
4743
6917
1953
4760
4763
2797
2828
5507
3137
5496
6870
5760
1199
2971
4356
1861
5824
111
5124
3253
7021
5785
1864
3001
1000
1343
4353
5253
4378
4468
5829
7037
5392
3575
6477
6378
2924
4979
5048
2395
5447
3586
4954
6520
5440
5207
5135
5085
6491
1455
5119
1459
5212
3476
2985
1348
2459
3524
6444
6441
2442
2432
6499
5337
3566
2414
6392
1941
3795
6322
1078
6026
5718
3948
4493
3985
4478
3996
5968
4035
46
5787
4422
4153
4197
1865
1870
5813
4371
7122
5878
4680
1195
6037
2199
3648
3660
3665
5503
5508
4836
602
3750
4769
6179
5561
2245
5562
3827
2208
2206
6073
5607
6066
5630
5162
4687
5798
5161
7064
2730
6719
2821
2819
7027
6941
2585
314
6743
3079
2774
2839
3257
2782
3292
2864
3287
3379
2792
6560
6717
2702
2736
2754
3417
6677
6960
6978
2830
3319
5023
5414
4125
1462
4026
5500
6938
4124
7141
5314
5525
6661
5516
2826
811
3790
2198
5012
4271
5255
3824
2592
2596
5262
5075
130
3588
4255
6969
1142
3608
6925
5529
4021
1141
4868
6248
3705
3890
2820
6025
3764
3849
626
2271
5475
2823
4573
1482
727
2832
6030
2266
2263
2270
3083
2881
353
5497
6716
2241
5450
1531
5985
17
2835
1190
2673
2671
6990
6221
5342
3928
2670
2617
729
3587
3502
2483
4423
2906
1711
2471
6468
5806
5808
3505
935
1884
6901
5641
3067
2946
5790
6831
1714
3399
5155
1388
3460
4622
5195
1056
6865
6506
5203
4460
988
4453
5130
1719
4427
2867
500
6072
2996
517
874
5092
4749
5248
2418
5080
5233
4700
1938
1903
4354
2196
5708
2732
2706
719
1545
1982
4767
721
3874
2692
4454
6693
4438
4645
229
5595
6923
3009
6981
1226
1754
689
5443
1235
6967
3841
1781
4279
5696
5704
5743
6795
6045
5703
1526
2708
4484
5771
4764
3842
237
4363
1070
4186
4709
1084
1876
5977
4011
938
5926
5811
4661
4014
4823
2066
5827
5932
802
4372
804
3077
4843
7120
5807
2687
948
2723
5002
1901
4717
219
5912
4399
2762
743
1560
3915
36
5494
5800
1915
2766
4771
1194
3942
5873
5620
2674
3982
2886
4286
4572
2619
2451
585
5330
6991
2570
1280
5115
6240
3507
6238
2616
6260
3504
360
5336
2468
3503
2311
6217
5349
7014
612
2307
3483
5217
3699
3696
1286
5252
3581
2964
3583
2607
6397
5071
3563
2614
2920
5237
6660
510
2433
2979
7011
2434
1463
5313
2438
2842
2346
2341
3541
1467
2298
3482
2405
5029
2240
5152
1391
651
354
5189
3815
1398
2503
5165
3793
7148
6182
3087
5429
6546
1504
6088
3397
5125
5046
3822
3419
5230
2780
2972
1048
6874
1787
909
1646
1789
875
3285
1959
1689
917
5079
1797
2539
2575
4359
5114
2431
5621
2788
6533
1944
5244
3561
4742
1930
1651
3183
2944
884
2422
1667
4373
4615
282
6877
3000
3392
3267
5839
6532
116
3547
4638
5805
266
3066
7013
2869
5134
1725
118
956
2759
6552
3486
6846
6848
5665
6850
1860
3480
3244
1849
2865
5793
1713
6845
1012
2885
946
922
2739
4683
5222
1071
2509
4376
95
2737
929
6832
6799
3528
6448
6888
1819
4626
5810
3215
6586
4462
5201
944
1873
3078
2900
6383
3106
5981
1567
3988
6662
635
3346
2260
5495
1186
1185
2825
2631
5961
4867
2807
1541
714
3855
4846
6289
3007
806
153
5982
5986
770
6609
5388
621
5473
3760
5484
2818
5465
7054
2305
7111
3296
711
6184
2267
1549
1197
3875
6731
3932
3713
144
3945
5993
3710
5493
1537
3014
2364
3812
3176
1979
2207
2613
6108
2197
5907
7139
6930
6102
7024
3817
7096
5257
3312
553
6783
687
4172
3370
1986
6965
4838
3286
196
368
3851
6986
5400
3315
5521
6772
346
5018
4154
3810
4956
4831
6691
1350
151
2978
5131
5200
1399
1512
1046
4936
2753
5420
7020
6879
4629
5695
5033
7134
5193
5384
5681
5441
4752
2813
1347
1683
5103
1163
3164
4832
5624
3094
1601
7137
