5788
6370
5787
4377
5802
5848
2307
2945
1947
6940
5879
1783
2301
1944
1653
5465
136
4370
3007
5852
2472
6882
5858
5444
1651
5785
4281
5712
3567
5815
873
3461
4475
2401
2060
5873
5030
2533
6716
2437
6909
5078
3908
6932
7128
5479
2424
1654
3900
6087
7159
3863
2261
4294
3440
4951
2308
2204
939
5816
2451
4339
5312
2889
754
2452
5158
930
803
5808
3008
2454
5850
5529
6780
2817
2959
3096
6973
1948
4128
5710
1510
4378
5649
5022
2300
4458
5812
5813
2439
5782
3964
5526
5771
5799
2706
3369
5818
5197
2883
6378
2587
6960
4530
2810
2535
3340
2309
5515
1044
2537
2007
3909
727
6997
2816
2631
6899
1231
3781
3074
2304
4659
3692
500
2530
4338
3903
1100
5129
3788
3410
1048
4755
2659
5870
2422
3845
2368
117
5944
118
62
4616
5502
1345
2739
2613
3998
5708
5704
3904
4379
2798
4129
5669
3443
5878
1781
901
3367
651
6728
1949
6088
5715
602
5807
6787
6428
4371
5039
4098
1101
919
6473
5781
2346
5315
2697
3172
4903
5066
5713
5463
6329
5212
5210
4293
4947
967
6709
3469
4138
1645
7064
3348
1840
2062
4433
1142
5047
5761
935
2705
3176
7132
4336
604
1437
3855
3067
2303
6975
3414
5531
2743
3027
6996
5974
843
3163
7019
5981
2957
3028
3677
7013
844
6840
5792
5772
3533
6226
110
3294
5930
5259
4333
333
1431
5819
962
1789
4315
176
1946
3780
4122
6539
7004
6084
4975
600
2734
5100
5584
4048
4310
4074
1674
1230
6511
4875
4373
5041
6481
6898
3647
6901
2769
1886
3311
1825
3753
486
2932
6223
3441
3851
6484
2947
6509
4319
5817
4041
2129
903
2911
989
4449
960
6022
5842
5085
429
4077
4438
3447
4685
354
6045
1941
4049
5924
4773
357
4703
5947
2003
2484
6544
5800
6490
4291
109
1347
719
5509
7012
4011
1313
5211
5514
4477
728
3474
2302
4288
4623
660
1780
1563
6397
6388
5278
7152
3966
5303
5308
38
1755
2708
6483
5429
6487
6325
5449
5570
4481
4422
1902
5743
4654
4630
2534
5718
3400
1882
3070
5126
2796
4040
487
6162
2811
5664
3063
4777
4815
4878
4313
4046
4316
4208
3005
2430
607
4532
2633
1632
814
807
811
5986
4658
3506
627
806
6532
3458
502
3060
4632
3471
2939
763
6584
4638
2069
3044
2456
6283
2488
2895
4435
5164
6094
872
3640
6641
3565
6323
3156
5577
5512
7003
6999
5516
147
3790
1293
6977
155
2305
3360
4938
1332
5554
2884
4932
2297
6939
5641
2788
3366
6919
3945
223
1189
4872
6965
3232
2742
5475
5224
3
1719
5043
5262
4255
5265
3867
3924
5314
4271
5316
2596
2693
2696
5343
3853
1571
7100
5448
2331
1388
7068
3799
3999
2323
5474
3902
6904
6411
5877
6701
6772
4402
1940
306
964
6697
4075
1072
966
4376
320
3115
5922
963
1012
5075
2881
6761
5780
1942
4417
4700
6267
5067
5443
2006
1384
6046
2853
5468
6033
5440
2985
2004
5714
5413
5956
1717
3648
3874
1526
931
6395
5042
932
3994
5036
5295
5024
3643
3665
4737
5336
2702
2102
1572
937
846
1334
1337
815
4923
1076
4904
1630
1848
5789
5652
2479
1868
1829
2935
5784
1901
5764
4865
4639
772
5733
1155
6137
4650
1098
2744
751
3785
709
5717
716
4775
3795
4945
5809
6065
2009
725
3611
1621
6231
2654
2837
6083
1046
6222
3610
5161
5552
1051
4120
4100
1561
4375
2427
4287
3417
395
3174
515
2341
2419
3487
2383
4510
3104
2432
505
7061
4349
6820
3442
4283
3291
3258
6557
6715
2227
4491
360
3290
6507
2247
3259
4372
544
6797
503
3468
7157
4434
6970
3359
7137
158
6583
3077
152
151
32
2435
3364
4472
3061
6926
1424
4282
3854
1010
6710
5829
5874
6102
818
6727
6558
6725
1430
7139
4459
5171
375
6574
1000
7111
6570
4183
6580
981
4452
6696
6012
4272
883
6038
5987
2699
2885
5089
3457
1609
1983
6039
3849
3449
6699
6687
2703
3463
5318
5317
3906
5013
5010
3671
5907
5376
2908
35
1481
6648
5020
916
3154
4196
4899
1578
1206
6922
2547
106
6917
3370
7044
2797
224
4870
6906
2324
6905
3390
5201
4018
7048
4901
3231
3224
3352
4944
1300
4942
7023
2760
5523
2317
7031
3787
5551
171
5559
5573
4934
5497
4956
1787
5716
246
6782
5801
308
5803
3316
4776
2241
1045
2238
3844
1034
1032
328
5814
332
6741
337
3826
4810
5793
2531
3179
4868
2733
5749
4289
6861
5460
5198
1943
2814
2818
7065
3165
6827
5196
2389
1091
2827
266
2925
5884
5511
3951
2936
2362
3878
3569
3936
1625
6541
4633
2105
5057
6425
2109
6500
6537
2
5037
4132
1629
6383
1713
7150
522
3949
6508
2686
4261
1622
6245
4544
1623
3479
2996
3862
2952
479
5218
1531
548
3278
3467
3960
3130
20
6703
5447
3128
7115
4358
2857
1715
4244
6838
4317
982
3494
4392
1191
6311
3602
5394
6513
3445
1759
5146
396
393
3555
7129
2704
7042
5370
4721
4842
4249
2707
659
7084
3866
6693
3166
1360
4158
7121
5234
1866
1604
541
5099
1079
2838
1077
1398
1905
5795
2103
2536
4811
6853
2455
1047
6788
2541
4204
1574
6278
4572
5763
1135
3152
3135
6718
2467
7158
3379
5774
1396
2229
4769
1516
3546
4771
1383
5399
5832
5174
1543
2265
2108
3864
5794
6902
2842
3990
5
338
5840
4314
6037
841
448
3462
156
3969
3024
4443
1794
2897
3025
6032
2120
5550
3921
6024
579
2771
5217
870
6967
3091
3092
6964
4940
1678
3635
3227
786
131
783
4651
1316
2614
3068
7146
2754
4656
2415
3095
2918
3794
3789
5311
6555
5313
3796
5294
2127
6542
2019
3464
6416
1637
661
2882
6447
409
3016
4907
3203
3362
5349
2886
