6717
5787
3079
5818
5785
5802
5308
5775
3444
5782
5336
6901
2884
5817
512
5875
2437
6439
5502
1927
3461
6322
4721
2340
5510
6715
3668
1191
728
4475
5991
5792
2885
4779
6374
1901
6718
716
4973
5328
2851
6447
3440
3072
5472
4777
3665
5153
1611
1549
3465
5089
4776
729
7110
6580
6379
6383
4627
6448
5858
4833
1940
2833
2659
2683
2472
3664
5414
1947
2880
2895
2902
136
281
3068
960
3259
2183
6941
1783
4947
5812
5692
1517
5679
6550
1956
901
2083
6018
3464
1009
2988
676
1949
2019
3621
1993
6320
5879
5611
1829
6846
3390
5475
6511
5772
457
1651
6515
4128
465
4492
671
2531
639
2981
2936
5339
5493
5880
5966
727
6015
5018
4435
4949
1958
2814
6199
6496
513
6999
600
5323
6772
3618
5759
4684
4711
66
130
63
4638
3654
62
3446
13
5816
5815
685
1583
5988
5330
3611
5813
501
2736
2798
1066
6441
1337
2985
6471
2984
6810
2983
2935
2829
3240
4703
4349
871
931
3659
2882
5187
5788
5781
5070
64
6553
421
6078
69
5774
651
3969
768
4717
2697
3468
4395
6557
6514
6998
2528
3166
5494
5771
2707
5189
3162
1128
5233
1944
3008
2029
299
2996
655
1946
5075
293
1959
1957
2927
916
3658
6301
16
6995
5470
2537
473
3676
2685
2477
964
463
462
5163
6025
1003
4125
439
3686
5080
1063
1065
5973
2181
7044
1092
2832
2211
7035
2436
2825
2241
4944
1189
2807
2362
5166
2422
1072
6899
6716
231
5801
6370
3471
3786
1789
5824
110
3855
6554
6818
122
3441
5857
4626
70
713
3878
6669
1431
3244
3096
714
5850
5716
5168
3663
5210
5719
3662
6813
2269
1306
3656
6241
2220
2830
2831
3245
344
721
4438
6603
5885
6464
7011
6046
440
1560
6029
433
6065
1544
430
5505
5756
5783
3466
6764
5315
5795
6502
6082
769
5800
6101
4736
5804
4472
15
4710
1060
2461
2745
6583
5615
1305
5492
5612
221
2886
237
2889
6719
3622
3916
1278
5899
6389
3614
3171
7057
2003
3612
2837
6377
1990
5304
2997
5873
1143
3076
3077
5399
936
2121
4839
5882
2854
673
4285
1567
474
682
6714
918
1688
6909
470
1684
1937
1206
1632
5487
6072
5238
674
4749
1025
1942
1004
6694
678
4748
4122
6713
993
5479
1953
4473
1825
5317
2266
2263
6947
6234
1307
2238
711
6731
6940
1928
4620
726
5396
869
6279
6741
2187
2161
718
2267
1221
4741
5175
6108
754
2001
5318
688
1453
4632
4901
2456
4361
1064
2015
6631
5442
6973
2372
4624
2055
2068
5176
6868
7169
6990
5980
5810
3312
5805
7114
5803
3849
202
379
135
132
3432
118
113
2742
7141
3414
4941
5829
2816
2932
4975
3028
3044
3069
3075
3949
2836
2835
3945
239
2828
5852
230
5531
3902
2818
3780
5711
2868
6027
5683
420
3743
3616
3670
410
5156
432
6014
17
5640
3569
2705
3669
5636
6013
5667
3628
5497
3651
1076
689
6432
3228
3661
3739
1840
229
3904
4420
1848
5085
6390
4408
219
6893
6664
3915
2060
618
315
4014
5185
2020
2016
5942
2011
4974
1062
3717
1950
961
3674
659
4709
4842
1929
5878
5595
7084
969
719
725
6436
1601
5647
1576
1561
1542
1514
119
6556
3469
1449
1188
3563
4773
5258
5731
1334
6640
5717
3782
1303
7145
7146
5053
4432
138
790
723
3247
4631
5121
3248
6444
3287
3627
1780
5811
140
3623
6867
5807
919
1140
5681
3841
5311
152
4330
3401
5809
1637
3882
5447
5471
5977
4293
2747
2682
4321
2283
360
4951
4945
514
2763
6258
6948
511
406
4142
5420
7050
405
2782
6970
4904
2373
2822
5394
6967
2810
354
2360
4903
1531
5262
6539
1540
1386
6834
6821
4531
2424
1499
500
2741
6559
4932
111
5515
1424
4772
3418
3810
7111
5981
6482
172
5439
3318
6493
2788
5628
5793
5314
2375
1541
1655
5780
1638
2780
6974
1620
3821
5997
1608
6522
2724
803
1546
3825
1346
5511
6638
935
3747
6085
2688
417
4700
1074
5507
2670
5158
19
424
431
2593
3671
4735
3678
962
963
4712
966
1028
5499
3702
3704
3
1001
4729
1
6733
6087
6729
3626
6639
3783
4172
3781
1302
4619
4621
5467
4151
397
1231
1225
1200
3568
3788
5641
902
1186
1158
5236
1150
6710
5648
5676
2699
5672
922
7017
4074
3624
5644
4227
2085
2820
2980
6932
6900
235
2815
6938
359
2217
213
2271
308
3160
2923
5341
680
1845
4847
1849
3066
4289
3071
646
267
5930
3903
4846
3906
5848
2992
4972
290
6253
3908
2214
2858
6895
2812
6924
5884
6462
3851
4336
611
6876
6919
6205
5959
4841
2834
3853
3854
6918
6916
4436
5342
7037
6283
2058
368
3877
5808
2188
1229
1235
1155
5701
3061
2536
5887
4286
6689
3554
2701
6693
1163
4668
4665
2706
2533
6364
2838
6703
2535
3757
2174
1743
3964
6069
1057
6277
4339
6033
6063
2861
3679
5381
5662
5660
1024
1022
6767
1008
2862
5486
4324
2864
6326
5911
2924
1068
4288
2145
5673
4291
3610
3619
1126
2990
3749
3974
3976
6742
6267
5952
2117
2021
2679
3657
6758
5369
5704
2503
5708
2286
1617
5441
5443
6222
3243
2277
1604
4206
2401
2767
2619
1564
3229
2762
3811
3226
5840
3448
4422
2255
1630
5846
5778
3873
1755
6179
5429
2346
1722
1765
2341
6489
6490
1781
6494
3852
3331
5799
6188
1683
1681
6498
3858
3859
3871
5421
5883
3804
2755
3483
1347
3794
6375
3785
3917
1335
2475
1328
2510
6247
6010
6113
1919
1284
5713
6656
3942
4153
5634
6666
6630
4195
1371
5746
3803
6555
6414
2240
2821
4405
6384
4539
4541
4543
1471
4548
3472
6137
2469
5278
6240
2229
3800
2224
2221
1900
6049
6409
5022
7105
7059
