5794
3509
6495
3370
4011
5798
5251
5253
3377
3375
5792
4463
3507
2978
3378
5297
1909
4711
5101
5803
6410
3373
5818
3372
5294
3009
3374
5293
3379
6419
3508
5334
3500
5767
3502
5813
1981
4618
5809
5804
2459
3259
7146
5620
5258
4015
4467
5791
6411
2501
2972
770
5179
5105
3399
6219
627
3391
4934
5012
6412
4014
1239
1905
2408
6477
2405
1468
3444
3462
5298
4016
5256
5299
1867
1864
5858
3410
3395
3505
4469
5802
6210
5790
6474
5625
5623
5698
3093
4464
6417
6784
6491
6011
2589
4258
1980
5331
5842
5795
5296
1868
1191
4281
7126
4759
5149
1193
5622
5626
5810
5814
6008
777
157
1946
1861
2509
3928
4253
3371
5627
2889
4293
3600
5787
4200
5696
2682
158
5295
1351
5336
6978
1702
3487
3136
504
6499
1900
876
3376
1865
5335
4466
3433
6695
5339
6943
6574
3463
1192
3465
3179
1167
2659
6865
1947
6924
5806
7141
5760
2769
5772
6279
6272
3398
5852
1943
5018
2504
4975
4956
4462
2407
4566
4021
4627
4124
1940
6413
2829
5799
1681
6893
5812
3468
1949
4637
6498
779
3287
4921
3006
4474
1866
5797
1985
1902
6329
3135
3396
6428
4764
3004
3621
5304
2782
5372
5398
4013
1195
4088
2687
4138
5691
5695
4155
6797
4284
5808
3926
6369
5785
5551
3311
1231
3090
4019
5523
5519
2001
5516
3189
5434
4018
1624
1928
3616
3618
2652
5776
5801
3753
2907
2926
5749
1083
3467
953
4460
2742
5851
5255
3460
5959
3441
4927
6012
2790
5259
4388
1651
3752
4289
6027
3584
7133
6921
6994
3964
3419
6262
6567
2766
3415
5157
3394
5816
3393
1257
6414
5127
3696
5505
5872
4718
939
7062
5290
3443
4283
1514
4472
4481
4413
2839
6325
2209
5983
2121
5491
4360
3464
1545
831
5782
3612
3614
5733
6934
2064
6277
1118
2896
1106
901
6944
6812
5024
2585
6472
4813
1086
932
3186
1686
1888
2594
6478
4924
4928
1385
5844
4007
6998
1047
6948
5859
309
3092
1103
6863
4001
270
937
6049
5378
1882
4312
153
5391
599
1190
6905
4006
4337
2244
620
4972
2826
1201
2500
7100
6488
978
2823
2235
2596
5272
940
5332
3756
945
6541
2420
5819
2418
3692
3689
7132
5512
5817
5454
2402
5886
1393
2759
5310
5515
2631
7111
159
6938
2605
2788
1237
1466
563
5981
6925
1085
2981
6782
5628
3000
1835
1040
5203
5190
5148
5766
7162
4638
3390
1682
4776
801
1948
5107
4743
1944
1623
5761
1908
3342
3134
6265
1631
5989
5021
3177
3175
3182
3960
6840
5613
5584
4939
3457
6915
2965
4473
844
3183
4932
6716
2171
4768
4974
4047
6494
6065
4029
5022
1863
6122
1685
6032
6470
6471
4936
2479
5042
772
4017
1691
2453
4454
1604
1945
4291
5207
4294
5946
1547
6271
2103
6267
6275
2234
4399
5212
6321
2144
6358
2164
2120
5321
1463
2060
1419
1954
802
4655
7042
4651
5146
4251
1984
1427
4631
2003
1583
5303
4612
5992
4636
5383
6051
3290
1209
7106
975
334
5471
5472
1136
3450
5637
3094
393
5624
2763
3416
2708
6926
3442
1030
3340
5807
5771
6788
3461
336
1082
6914
1181
3922
5734
5578
1080
2913
7147
7130
2579
3627
38
3472
5514
3642
5569
5800
7137
7163
3866
3133
1335
7157
6225
2013
4621
2025
2030
6749
3014
6496
5631
5232
2919
836
3471
6694
5987
1173
2105
3458
5621
35
2974
3446
34
5204
3007
3184
19
6004
3285
4796
1041
1838
1833
1825
290
1796
265
1089
774
3156
1045
1081
6818
5040
4943
276
3180
3181
7167
194
6995
4779
1986
3027
113
1021
332
1609
1614
5644
18
4669
10
3341
797
1629
794
6973
3315
1108
5106
3310
3098
3413
6909
1183
569
4127
3816
7091
6939
5517
231
6469
5414
1453
3865
2320
3626
2315
7093
491
1464
3786
843
2489
2760
1421
5493
2426
4073
3754
947
949
251
6429
2409
888
2403
1307
2454
5341
5344
5507
2739
5427
6586
1225
6892
2588
6482
6969
499
1496
4003
974
5241
6351
245
5850
397
6906
3927
622
2592
5805
5257
6604
2279
918
2270
2267
4012
600
4327
6609
6607
2825
604
2239
6947
5855
5412
1361
1366
1088
5702
198
1391
1384
5071
229
5036
5390
5494
973
6967
5208
5252
977
832
1202
5971
5210
849
1522
5788
1526
5796
5239
1224
1572
1469
6891
1119
5320
6970
5762
5647
5646
5764
5085
5815
5305
156
5147
5526
871
1460
5811
1022
3185
6270
6991
3923
4426
2909
2911
2800
3910
262
3904
2576
6326
4521
3452
6582
493
2124
6278
4530
7117
3447
3445
4558
4562
2072
32
2419
3417
2125
2194
4392
7098
2837
2404
83
4123
6427
568
4046
4126
2378
4027
2859
2822
4163
4024
4023
2340
4217
7061
4277
4285
2293
4288
2882
6384
4320
4363
6585
6261
7145
3643
438
3313
4947
3785
4940
6092
3011
7160
2736
6531
3751
301
2657
1880
2732
4783
6155
1844
3130
5
294
3198
3174
3729
1906
4926
4732
3314
2021
2020
6232
7149
1995
3397
1982
7020
2764
4948
1913
329
6204
4661
4666
3367
3363
3344
3343
3828
317
3815
448
3188
2832
2712
7110
3677
3697
3606
2818
3686
3624
1233
1234
3671
1238
3670
2783
3603
2833
2905
2836
3420
1142
3414
3392
3381
17
5665
3316
3312
5685
3110
3115
3119
3267
6922
2
3176
3178
5705
1
5716
3451
186
1158
2956
5554
3601
5560
7125
3569
1200
1197
6933
3561
3511
1222
3506
2900
1186
3485
1184
1269
2908
3475
2915
2932
2952
3489
5502
2524
3762
5124
1605
1973
5129
5144
1988
1999
4622
5195
5196
2033
5123
4596
5205
2109
4532
4531
5216
2128
2129
7023
4468
102
1523
4581
4667
1953
1937
4949
4941
1719
5044
5056
4935
1785
5075
1692
4891
1688
1687
4881
1680
5086
