1462
3393
1463
1199
5796
3395
1461
1982
3397
1195
1989
1467
1196
1342
5806
6533
5250
1469
1984
5390
3006
628
4764
5805
3399
1466
1465
1464
5256
3394
2503
4769
1468
1863
3390
3392
1789
1191
1985
1913
5392
623
6011
1190
5790
5255
770
5248
5697
3076
6491
3073
5798
5807
5998
1351
5992
1912
7054
2981
1193
3090
2781
5257
5997
7145
3009
3400
3396
1460
1869
4761
625
1914
3503
2688
4743
4763
946
629
3391
2659
2958
943
2784
621
620
5804
4464
4121
2983
4123
6863
7146
6476
5696
5809
4612
3070
3077
2785
1545
1347
5618
3827
2909
1542
2284
2198
3098
6591
1600
1605
945
3074
1541
2472
3505
1063
1304
4943
4619
1875
7006
62
2783
5623
2832
3824
2509
3002
5334
5792
6862
6893
3079
1915
588
162
650
1917
1919
160
3696
3657
1513
6477
1194
2984
6316
6494
7098
2979
46
1350
2501
5253
5896
5531
3071
2906
2901
3414
7104
3405
1862
7093
2780
3398
1430
2925
2733
5621
2695
6866
949
5171
4253
2575
7156
5132
3608
3078
4252
1983
2267
5114
5411
622
734
1298
7158
6784
6664
15
3415
2479
6666
4631
942
631
2526
3600
5844
2570
2502
1434
204
6555
5952
6546
5627
5169
6499
1519
374
4405
5719
5293
1781
4767
5720
5748
324
1436
2882
5335
4289
1602
4576
1927
5414
1540
4861
4741
6532
1438
1291
5166
1435
3664
4566
4361
1132
1515
4128
3906
4534
1874
4003
6622
1877
1879
5018
4620
6680
1696
6210
4506
5387
6221
1673
4469
3807
4941
4638
4122
3651
206
196
3371
5507
2173
3249
5551
3236
3148
266
3069
5628
3066
3018
3007
117
2996
2992
108
2391
5726
5765
5785
7108
2734
2537
18
635
3436
1987
3603
626
6733
5637
4548
6155
2831
6597
6864
3240
4088
5979
7057
5125
2459
6751
5509
2475
6390
2888
4543
6204
4379
124
831
5633
4363
3068
3609
4360
5702
6988
6689
7002
5177
1103
4474
5506
3247
5680
5786
6261
5800
6660
3801
2540
937
1910
4771
7121
3440
4671
6667
5840
3464
6762
5505
2573
721
1911
6342
5415
2927
4746
4402
1296
6996
5709
2349
2556
100
2617
2317
5897
3606
2926
4462
427
4467
6975
281
2613
4932
944
44
2488
2717
3666
4628
4942
3669
947
4667
6379
2471
2760
1197
4669
2923
1356
777
2694
4565
3617
4683
4869
5760
6401
4691
1946
4545
4713
5089
1149
5852
7141
3753
1537
5325
1069
3467
203
6865
5973
4125
322
5482
729
4101
4094
5332
3569
3568
1689
1815
5502
3878
2150
1023
3944
5314
371
2156
6842
1705
3386
6027
1695
2179
2157
1861
6799
4177
3458
3060
3441
3747
1137
3740
6694
5163
6539
3067
4365
6080
1566
5573
5991
638
1609
6869
884
3404
1619
1611
3075
6662
1798
3137
5470
2238
3083
164
5975
4865
987
939
5494
5795
5329
5252
5449
5899
5691
5398
849
5399
961
684
5612
5611
5609
6141
6149
5251
5878
5751
5873
1068
6046
5769
825
5781
4974
6197
1022
5168
1294
1297
3417
2072
3468
3504
3563
3566
3592
3602
3607
3619
3620
1981
3653
3665
1929
1926
1921
3724
3751
1872
309
1870
1858
3804
1792
3905
3915
3996
344
6778
2107
199
2133
2549
2528
2682
2687
2505
39
2496
7105
2762
2767
2851
2978
6981
6978
1702
2989
2293
3061
3063
134
2274
3072
3131
3166
3213
3225
3248
3259
3287
193
2306
1699
3661
1694
4542
4593
6441
4283
378
4629
390
4540
6417
1378
1361
1576
1335
4126
393
4695
4080
6435
4367
6598
1299
401
4085
6388
1411
1679
6270
4546
1544
4564
4950
4621
4956
5676
5693
2310
3019
2304
5670
4993
5648
4587
4570
3064
1432
2263
3005
2972
5723
5716
2596
2598
2572
2552
2545
2539
5803
4726
2683
2696
2504
2489
2965
1380
2817
2818
2827
2836
2850
4627
2869
2399
2885
5722
2895
2956
4633
3084
2171
4549
1948
3705
5424
966
1606
1928
3716
1085
4181
5249
983
3755
1632
4127
1860
1654
1000
5341
1849
3810
3818
3856
3951
1061
5310
5300
1692
3685
3115
4282
3626
3168
5583
4547
5555
4544
1056
3283
5027
3309
3377
5059
3380
918
5079
5475
3408
929
1161
5460
5097
3418
4404
2051
4401
4374
1133
2000
1292
727
7169
6433
6374
5969
6968
6682
110
655
6535
7021
6193
5941
7051
6479
6198
6386
6199
6205
6387
679
5898
6951
687
6907
5980
6752
6757
230
6439
6780
6338
6729
6811
6580
253
6714
6087
6846
599
6706
6704
6871
5984
6887
6901
5877
6681
11
5826
349
7162
714
17
346
5842
5099
279
3087
277
6890
4002
4349
4335
3128
743
6358
2990
5421
4317
163
2618
3169
4313
3197
3699
4705
5412
4541
4116
3081
651
3750
3715
6970
7149
6683
3739
3735
6304
114
1901
6550
6551
3731
4001
3730
5978
5085
1920
6693
936
138
140
7151
1159
438
6896
5131
2254
128
4294
4674
2104
1628
3585
2099
1051
2601
6026
221
6748
2094
6750
2028
1349
4197
4233
4042
1704
6758
1066
723
6052
3484
6063
6064
5234
234
3507
6790
6867
1612
3406
3684
2186
740
4290
4661
6854
4007
2176
6000
1971
1368
1366
5160
5328
1364
6576
6715
4138
4142
3622
4775
5186
6812
720
372
6023
5193
1098
1724
5237
4585
3822
1685
75
1414
5717
846
847
355
2714
3803
2415
1840
3813
3964
1210
1305
5620
4878
2889
5954
4403
4979
686
2819
2536
6457
7106
5681
4931
2736
7087
3815
2458
2541
2735
4907
2775
1681
7143
2731
7059
3916
2486
69
5900
5956
3800
2894
3759
2679
1865
4866
6523
1806
315
2930
5002
5861
6278
4718
404
4505
5563
885
2968
3840
2697
5604
3969
6260
2529
1851
2666
4995
4817
6991
3895
3519
3908
3817
6727
4766
257
4018
5178
4165
3872
1108
327
1618
