5071
2833
915
5215
2837
4839
513
910
5210
516
6025
2244
2161
2835
5977
6507
5219
4836
4777
5217
5002
2838
5749
5216
4772
2163
6731
73
1524
1506
5988
6419
3444
7016
5599
6177
5146
4349
4472
2891
6767
5211
354
6508
532
3065
4837
1094
542
5814
5767
311
1033
6245
547
4779
2836
4776
6496
4362
1624
6482
1955
2736
1951
6114
2763
4832
5472
685
6970
2985
4716
1513
515
4774
541
2510
1284
1095
5592
5212
3227
5774
1922
4322
865
4475
2427
365
913
3378
6158
5201
3066
3561
869
3764
3470
56
1189
7111
1515
5047
5232
5698
5173
6766
4972
478
5966
4712
5921
6412
6515
6714
1282
5005
1623
5134
5625
3383
2478
4028
6463
4563
67
1089
549
6015
6734
4601
5783
5229
2830
4097
6825
2432
2879
4463
1900
2166
3061
565
7124
6182
5816
3262
5208
5764
6240
4752
14
2938
4585
3447
4025
1334
6470
4710
2133
1066
6718
5074
5614
274
5443
5170
5580
4618
3068
5187
751
5186
5881
3933
3443
5081
1481
4861
2477
5144
6713
310
2950
1973
2365
2834
6374
6673
483
6486
1841
5017
5205
2489
213
6480
6503
371
2426
6510
6516
5102
5333
540
3176
1049
5967
1625
5549
5981
5547
5959
6818
1074
4272
5537
1611
727
6012
7017
7037
1039
2246
3377
13
5779
4513
875
1696
863
860
2167
5830
3241
5711
2151
824
5672
5909
2241
3373
5500
701
1620
5475
6848
1271
569
5244
6225
3057
3058
2757
4228
6153
153
6935
6076
2058
3951
1156
1158
5381
3226
3931
3349
5276
511
5428
6232
2014
864
5822
911
709
3011
344
706
1415
3258
3476
5813
5787
5812
919
4979
903
6489
835
598
6436
1068
6070
5548
649
1363
5369
3509
1956
3562
419
6137
1077
6461
5177
779
2423
5624
5077
5420
5202
1226
5643
3091
995
6336
6204
5336
5189
4298
2730
234
2857
4195
2747
2522
302
2732
2859
4047
6881
6991
4011
1621
7085
2523
4908
1664
103
6945
4363
2764
1517
2813
6813
4296
7147
4754
1586
4321
7060
4685
4297
4442
4784
107
4882
4060
1861
6900
2422
2743
2483
741
5716
2162
1365
5989
726
2932
1938
417
169
2936
2420
2976
6733
66
767
5213
6337
1300
1627
1507
1626
2574
5645
545
548
6418
4778
2132
474
2981
1540
4828
4759
558
560
2236
1332
4834
2742
5180
410
671
1091
5339
29
4713
866
6559
2169
898
2759
6519
682
16
4393
5032
3481
2858
303
4757
5490
6506
6079
299
3508
1128
1903
19
6089
3252
3069
6108
3924
6484
5504
5323
6475
116
5829
916
5520
6469
2070
5299
6058
5427
3490
4886
322
4152
7104
6083
6063
5962
1588
2117
4100
5447
544
1136
2805
2811
1981
3020
5968
5413
4113
2343
4292
4775
5296
5361
708
1547
3124
3611
2750
1084
4736
5269
1090
5505
6195
2748
2749
721
5534
2786
2866
2282
4123
1073
2340
2738
4720
1194
3117
5237
5239
5998
3627
5242
5243
699
6110
704
6115
2083
4773
5983
3563
5818
369
1362
937
6447
5859
3822
3228
5778
5121
2851
4848
2433
360
263
1668
4004
357
7087
52
5782
6491
1037
2839
3345
6498
4537
3247
3922
6476
6495
6690
2469
5070
6703
5748
2165
2594
4360
406
2465
7099
3235
411
5098
413
415
4029
998
4020
1442
5647
485
2886
1443
229
5947
2988
6550
4299
3938
1022
4937
5939
4951
3374
6342
5440
5804
5181
2381
514
510
897
5799
2136
6377
3728
3185
5650
1504
6378
1030
237
6788
5942
1726
4714
4531
3338
4711
3471
902
5817
918
6027
1139
3115
2281
5819
2181
4419
5467
6034
674
2248
5843
4532
5670
1622
2739
811
2734
5906
2113
1661
756
5676
5918
5969
2128
1655
1629
3175
3380
7068
1651
70
62
1605
3370
5683
4452
4538
4550
6016
111
5831
6013
4328
966
997
43
4577
3391
4581
5871
1071
1667
2577
5693
5984
6004
1021
2870
6351
5198
6361
489
230
231
5182
6749
3103
470
6744
463
1847
5158
5156
2399
2952
467
5148
6347
1510
5218
1532
2345
6289
6834
2356
1281
4824
6306
6814
4820
1518
512
2508
3713
6777
6318
1852
2937
1482
1909
376
4896
5019
367
5012
353
3928
2436
6570
2437
1416
2895
6534
4975
6538
6511
4021
6679
6481
2934
3810
5107
3850
1478
3856
6459
276
414
5090
6710
5084
4880
281
2472
6474
4022
2520
5220
5149
5233
5284
1578
6200
6942
1807
2324
3604
6194
4758
2305
6084
4719
3060
6921
5297
6940
6938
611
4722
6107
6925
4735
1198
4239
619
5341
2784
6150
2783
6211
4150
3608
5266
5261
4253
4119
6895
1167
3052
1585
3500
3036
3034
1580
1170
3037
1419
3979
4539
1754
5054
4260
1155
5498
4027
1119
5349
4562
5743
3964
3959
5794
1720
4443
1582
4694
1414
5375
3994
1902
1411
5781
5015
5786
5367
4017
1708
3474
4432
4474
1694
5773
4530
5789
3980
1691
923
1911
4892
4251
3469
2152
4675
3714
2018
4269
4589
5630
1514
5207
1980
1617
1544
4821
4636
1289
1288
2012
4819
4811
4290
4279
1283
3613
4631
1070
5252
5595
5214
3621
3635
4790
1657
5733
1306
1018
969
5113
5131
4582
2154
1990
5714
5305
1483
1484
3354
5143
4668
2143
4663
1337
4064
5680
3442
5533
1962
5165
1224
1663
1228
3727
4655
3372
5188
2130
3494
862
6320
518
2486
3016
768
762
2344
2342
2566
6260
6259
2503
3128
112
3050
3123
2245
6325
6737
72
6413
816
6707
813
464
2475
2709
6238
5904
484
5919
7077
6719
2480
2484
5946
5797
119
6810
2755
634
6875
6098
2527
6941
6908
2286
6873
6049
6050
3102
6053
152
2306
657
650
6934
287
6029
6111
6010
723
125
719
6824
199
6019
6100
2538
3118
697
6023
137
2765
6948
691
