5807
5805
1466
1463
3393
3827
1342
1190
1199
5390
1462
5796
3468
1467
3461
4769
4619
5248
5858
2782
1191
3464
3396
4291
5809
5818
1985
5697
3399
2781
2780
635
5806
5785
4122
4293
3397
5798
1984
1351
3469
5859
1468
1944
4659
1461
5256
2783
5792
3824
6011
5811
1915
5782
5799
3400
3415
4612
3009
7146
1989
3390
4646
6574
3391
1946
3027
1464
5852
3002
5815
4281
1869
5696
3006
1912
4287
1914
4288
5804
5787
4644
4294
7161
3462
1545
3660
3664
3467
6609
1012
5397
3463
5507
3395
4763
5444
1193
4641
4643
2456
5850
3823
1196
2503
4286
3614
3600
2732
4283
3795
1917
989
5800
3394
1348
4767
5691
6217
1913
631
1542
5695
4647
5257
5941
5854
5448
6932
6522
5434
3465
4648
6533
6532
6535
2372
4003
4045
6782
6780
4125
6729
1162
1943
5802
5551
629
3090
3007
3414
2902
2906
117
2742
3005
3020
6784
6785
4405
5211
3228
6967
3259
1910
651
3829
1400
6278
4296
1195
2914
1604
6577
6494
6499
6441
3503
1981
110
5851
2310
7162
1942
1609
2915
4289
3666
6919
1940
1651
2150
266
2501
1161
1345
6564
5253
3441
5250
1010
3044
3459
5790
4031
4642
4272
1785
4649
5023
843
2270
2789
1948
6606
3398
5166
2174
2961
4138
3794
5447
5449
6563
6864
2911
3828
4630
4292
4284
2819
7000
6444
4639
7002
625
4123
6557
5197
1949
1022
3668
5649
1103
6923
5781
6926
1916
5786
5788
5795
6937
448
5840
1919
6960
435
4475
1911
6597
6491
2984
728
2979
1194
2785
4104
4409
4101
2768
2746
5097
2081
1553
6102
4075
3458
1541
7006
3787
5808
5810
3460
1695
6493
4932
2168
4615
1540
434
1231
5531
3505
2170
3786
2637
2832
2073
718
2769
5659
2331
2925
1465
2596
3000
4402
1069
1054
5648
3449
2362
196
6642
116
1015
4566
1356
2452
6121
3606
1025
6598
2755
4510
4371
6596
4285
1792
2764
1863
1783
2762
4392
6592
4640
4613
4600
6677
4634
6556
4042
1229
5812
2475
3976
6063
1460
3026
1349
1347
5771
5441
6267
725
3679
2983
1188
6222
2502
5816
4080
5212
4088
4145
6471
5873
5872
5998
5855
4121
2666
6760
4126
1637
4100
5846
1603
3696
1630
5765
1918
1005
3008
6039
5623
5870
6210
3153
3420
1928
1108
6604
3426
33
945
759
1927
4909
3215
4943
1654
1653
536
4711
6525
4969
86
6539
5148
1531
6387
5195
5198
5597
5201
1428
4632
2958
679
1825
2963
6272
6565
6570
4838
1222
1197
2981
1192
2926
6968
5955
2241
6866
6637
3781
2077
4261
4106
6901
6905
2633
3568
4048
2472
2617
4128
6682
4282
3451
4172
2606
6922
4202
186
2760
4043
3615
4445
3820
2683
6626
111
3945
6845
6621
3791
6858
6818
5707
4260
3699
5618
1140
6476
1368
3444
6477
786
4931
5308
1950
2528
2533
1106
1702
3240
2164
4787
5392
4774
1434
5700
3369
4764
5268
4040
4946
2749
1288
628
2744
2909
5491
5494
5509
2264
6261
6778
131
3778
5533
6420
3777
1224
720
6449
5451
324
1341
4970
2982
2479
588
3750
1335
3225
1334
3774
721
3985
4477
3662
1836
3416
6649
4297
15
1832
828
2647
5813
2082
4298
3417
4608
3108
2076
6651
393
2072
5823
3527
4391
2657
6603
3095
4407
3076
2714
2763
1945
5878
5946
395
3440
1378
6530
6656
7057
6110
7149
180
2601
7069
5794
3024
6544
6934
4276
4290
4268
7145
4671
7155
4266
3790
6276
2659
6015
6176
3821
3098
1293
5963
3826
5839
5826
6274
918
3817
7113
2694
7111
2688
3
1340
5874
3244
2600
1339
5414
5853
3181
5417
2740
5710
5411
1141
5490
3752
6904
6940
7156
2733
6907
3740
6938
3137
6221
1168
5803
746
3196
5801
18
5640
3677
1173
5819
993
6900
3103
943
5511
3533
1000
5516
714
6030
206
3543
1085
6200
770
5675
1223
5814
5772
1221
6930
3625
5259
2172
6591
473
2230
1608
5387
5003
4103
1602
5056
4357
2244
1883
4837
463
1549
4082
2253
3410
4627
6584
1631
6580
1835
4620
4939
2091
6673
4941
4295
6648
6566
2085
6721
4127
118
1692
6448
4949
486
7048
6645
6761
320
574
7019
7054
4278
4430
62
2320
6701
2323
2919
4435
2827
299
3902
6521
3849
6511
5286
5327
4455
2741
5376
3249
4006
5249
6370
4401
5190
4404
4201
5199
6607
2828
7093
5209
2179
5227
4743
4741
6623
6622
5228
4654
2120
3609
2122
3443
4269
3585
2614
4645
4650
2589
1858
3157
4458
3091
5900
5879
5954
5876
1941
4491
3082
2679
1982
4408
2674
3029
3514
2009
2021
4375
4358
5821
4515
4299
2585
3566
1830
2083
1829
3152
4403
2584
3248
3454
5187
4067
3785
2269
2748
3087
1241
5193
3784
1560
1561
1564
5066
5008
2445
5000
4087
4991
5471
4039
1364
1363
1436
2736
3907
2935
2340
1289
2404
2314
5440
1305
4007
4008
4035
3789
2917
4677
2226
2463
1098
3665
4827
4817
2540
4783
1077
2176
4773
5718
3661
5719
4736
1051
3453
1767
5715
2221
2538
2536
1181
1175
4960
1165
3732
1650
1164
1111
2200
3680
1145
4940
5633
4936
3673
1681
4143
2795
1544
6774
6767
6805
7005
6032
6031
6762
6520
487
6863
5957
6216
7010
6946
6862
7158
279
589
6526
151
6270
6546
6115
6548
543
404
446
6527
6551
7157
821
6043
148
719
443
6213
6635
160
441
6715
433
6693
6957
6810
6689
6640
41
7126
6593
6212
6675
26
204
5992
6924
5530
2375
5483
4772
408
4005
2604
5665
3408
6631
283
3851
1947
2951
1242
1102
4388
5554
3201
1265
4398
4041
1100
5496
3843
5497
1670
5515
4826
2784
3457
6627
4419
1705
1160
2593
5596
427
3216
4431
5602
3949
5608
2347
7125
4854
575
1177
3967
754
6969
6616
5559
3900
3456
185
2324
729
6234
