1468
3377
3090
3399
5256
3093
5620
7146
7126
1985
3375
5390
3396
5798
5809
1981
4015
3502
1466
1196
5790
1197
3373
3394
5696
1463
1467
5794
6784
1865
2585
3509
3098
3370
1886
5297
1864
1193
5334
5253
3372
5296
1191
3393
3374
6495
503
5695
3507
1868
3600
3395
5803
777
5765
5806
3505
1909
7125
1702
6011
7129
5258
5290
1195
5293
5294
3376
5807
5691
6494
4011
3135
6210
3391
5021
4122
4124
3500
770
4467
1183
1462
6499
2589
4769
6477
3378
3009
3696
1542
2200
4155
3660
5011
5796
1913
1460
4014
3136
3752
507
5248
3606
5018
2452
4079
1190
6865
4934
5298
3371
2588
1545
6478
5157
5335
3006
3094
4767
4285
5624
4931
4463
5804
6863
4926
6812
4258
1351
4924
5795
4618
4612
2459
3987
901
3750
3609
393
6206
5346
4619
6411
5339
5791
3134
5792
5012
5625
6219
754
774
776
5623
4127
4016
5622
3756
5299
3753
5397
1355
2694
2699
1465
2171
7141
1797
2238
2900
2270
6818
6861
1571
1861
1469
3503
1905
6216
6213
5627
4925
3668
588
4921
3751
1984
5016
3827
4613
4611
2628
4017
4088
4126
4464
5800
4200
1377
4408
4793
3397
4405
2909
3379
1679
6491
7123
1080
3130
504
3095
1792
6546
6531
5767
2605
5257
4003
2593
266
2501
3283
5698
4700
3816
6924
2688
1766
1541
3215
2407
5377
4435
157
2276
1380
5805
3084
6782
2331
6761
1566
2230
1670
6905
2179
1342
2170
6695
4502
4503
4743
2696
6125
2907
1199
1461
2781
4932
5628
5626
1988
1464
3508
5199
194
3479
3506
2905
2739
6474
3459
2974
5250
6943
627
2926
6142
3000
4943
5573
2906
3664
1937
5230
5810
1888
1863
1912
6988
1378
7098
5337
1601
5295
5331
4764
5697
4645
2028
4923
5649
4438
1915
4598
4592
5223
6908
1400
6893
4600
1989
3082
5818
5992
3225
6003
4007
3989
3462
3319
6043
2978
6122
3673
247
6148
3661
3642
2782
1239
4085
3004
3487
6397
4123
4257
6395
6428
779
5946
4145
4147
3133
5956
4138
6413
6441
5954
5097
1198
1063
3398
2908
1867
5347
3410
4956
3441
4944
1903
3457
3460
3044
4942
1700
5190
3137
3007
1540
1736
1760
3249
1108
5255
3310
1768
3315
5332
1646
2956
1185
2951
5195
3390
3265
3628
2827
2029
4615
2631
1424
2109
2500
4596
4071
4469
2400
2375
1393
2372
4455
4446
1579
4253
4255
4278
4312
4401
3983
4622
3928
4657
1237
1007
4933
3547
3603
609
4927
4404
3666
3669
3465
950
947
637
2695
4763
4759
2693
3762
2683
3818
3824
4831
3584
1573
5516
5490
5760
6368
5851
6346
5493
5793
5687
192
5484
6272
5659
5640
5772
6121
6466
6920
5551
5621
6574
6900
5819
6921
6479
4332
4501
2896
5797
2754
4437
1241
4415
723
4321
724
4163
5762
2176
2193
2208
5578
4947
1368
4928
2322
4920
5763
1348
4817
2405
1335
6732
356
4686
5699
5720
6715
4865
2579
6472
6549
190
876
3864
193
3832
6278
3450
6086
3759
6316
3758
3715
3527
3546
989
3592
6160
3663
3662
6149
3468
3948
269
4008
6520
1181
6465
6444
3025
3081
4144
4141
3091
4136
3097
3104
3131
831
4024
4023
1106
5995
1103
3268
4013
4277
1427
1257
5251
1914
5200
1480
1900
5436
1547
1880
1513
5303
5306
1708
5320
1866
6970
5372
5478
7161
726
6622
5529
5228
4462
1881
5802
2760
2824
2780
1085
6591
3705
3798
5808
4402
1651
3316
1485
4559
4581
1907
6721
2621
2622
4627
1475
4620
5729
4506
5341
6035
5766
2633
4599
2659
3568
2669
2673
2625
2867
1705
2869
798
1739
1654
5496
1527
1142
1662
6120
282
4083
3754
3177
4048
5300
4006
4021
3426
3436
3451
7128
4012
3747
4148
2887
5236
1875
2902
224
1609
2919
5507
7054
6221
6226
2971
2972
6469
3002
3999
5259
6429
1161
3743
4309
1061
4938
5123
1412
2399
604
5631
92
5027
1600
4837
4838
1343
5106
5105
1986
5179
5013
1441
610
4939
1353
6895
1967
5010
2201
576
1357
6906
6147
2157
5114
2279
4741
5101
599
5684
526
949
7153
3641
6928
4941
635
380
4711
6729
6471
55
6404
4940
7122
3665
1372
4133
3127
160
4945
3504
4142
4146
5492
1022
4140
1767
2254
5283
2273
1385
3050
3741
4948
6419
3648
1685
4080
3981
3976
6332
2035
865
3343
6325
5085
3916
6314
3892
1701
262
3866
5087
5345
7143
5348
198
5062
3314
6152
3795
1434
3464
4077
2185
4044
7145
1730
4029
6349
3139
1107
6065
5022
5330
5025
6007
1686
2164
4009
6344
3653
5899
524
4195
4528
109
5191
3699
5787
6666
1260
3659
5208
4843
6750
4454
1894
6597
317
1243
1350
1180
1449
107
4580
2682
4784
4718
651
2614
2578
2528
1317
2479
5197
1902
721
3585
4608
4768
2408
4595
1276
4773
4585
3698
4582
1917
2810
2328
506
4281
5842
3621
5449
1869
6563
5845
4259
5131
2913
4283
5398
6523
1194
6217
4936
5868
1188
768
3583
772
773
6530
1367
1885
2877
3708
2326
728
6577
6155
5816
4403
1360
734
2843
3514
4293
1364
3608
3463
6265
203
992
1012
1675
205
968
3569
1000
6274
1632
3615
6236
3651
3413
1025
3626
3420
3605
1002
1591
6922
196
6741
6734
6968
2586
2596
6996
2665
1274
6694
2733
6584
1234
1884
1231
1222
1918
1878
1928
6783
2041
2046
2150
2173
2180
2215
6892
2235
2252
1373
6939
2319
1365
1969
1946
6780
197
6565
6536
3236
3244
3267
3281
7133
3286
7136
1092
3311
7139
3347
10
6315
7142
191
1732
58
176
1121
1192
2955
1849
7111
3049
1160
7127
3083
3089
1750
3096
167
1141
1138
3156
3178
3655
1006
3658
5096
5079
5044
729
4010
848
5538
5040
5031
5023
4028
5577
4045
5003
4018
4989
6034
3934
3786
5204
5203
3814
260
