1808
6083
4757
5261
6186
371
6354
6089
315
1499
5893
1803
6087
2058
3263
1801
3578
5340
6724
4621
3418
6519
5373
5356
3951
7135
3976
6046
6359
550
892
2929
1208
1187
1586
3416
6082
519
893
6630
6592
2466
2923
5322
2921
375
4699
3066
4626
1356
5891
1186
5081
6493
1627
1631
3402
1259
3356
6633
6637
775
4864
2598
3601
4765
4101
5898
3083
7104
1477
13
4960
2920
6891
6737
6736
5371
1848
1344
1361
5085
899
3938
6585
4951
6836
518
5736
6646
1256
4437
2988
2982
6751
6375
5683
6632
1654
1138
2151
2051
2218
1774
2233
6085
2958
3405
1329
3269
5089
727
2710
6995
3773
6147
5507
6623
5346
3414
1726
6999
2582
4436
6084
3168
3383
5093
4524
3209
5964
2713
1775
4766
2244
2652
2832
4239
1623
3543
6844
803
6639
3879
7033
5503
6367
1633
5082
3359
1636
4720
4574
5167
64
3087
4367
4537
1251
6644
6385
6021
809
6651
2549
1894
6353
6649
6388
6635
438
3354
5348
3933
3126
1576
3266
5978
3011
3682
6435
6628
377
2118
6739
2116
6603
1347
360
932
4629
6069
652
4061
3684
1474
133
906
4625
2144
6624
3262
1805
5015
5393
5899
6382
5268
6617
2467
1249
2154
3406
4395
556
3635
6631
4693
6599
6952
1862
5347
2517
5357
5730
1687
6374
6590
1324
6600
5824
5108
3692
3042
3909
6604
5475
4993
3899
6607
1258
807
3572
2902
4506
1587
5996
96
2834
2835
6383
2113
5586
1928
6741
3967
3763
4425
3490
3971
3493
6185
1979
2703
6730
1133
5382
123
1629
6757
1638
1472
11
3943
3111
2271
5432
5266
194
2539
5051
1293
5377
3089
3088
3120
4452
1482
4976
1903
6901
1359
6732
933
2711
4651
3553
2111
5737
4768
6961
2133
2108
372
5962
2153
6608
6629
5998
4698
3140
1921
3073
3142
6657
6264
2986
3673
822
3319
6263
3118
5231
2184
3146
3248
4660
1971
6806
3974
900
5014
5988
1802
3966
3043
5436
4448
5278
6640
2985
4066
2984
7105
1328
5002
1341
1157
5375
1746
6982
1152
7098
1254
1145
1143
2626
1367
995
5611
181
1630
3415
2476
2896
5689
162
163
5058
4422
1538
2897
4560
2922
6416
1245
5421
324
7045
5544
209
2970
2839
318
1772
5713
2983
6071
2541
5431
207
4729
1581
6840
5465
5644
3479
5997
5641
750
5379
6245
4473
5655
197
6508
1304
6655
6868
3934
6888
6510
6650
4538
6136
191
1618
187
5201
1240
5084
1578
3265
5973
6433
2119
5244
108
4972
2115
2659
6789
1183
2112
2026
1189
6211
5531
2688
6373
3549
5263
1296
6180
3522
6725
164
6682
5277
6343
1579
4119
3960
4534
5896
6834
1575
6157
2155
6687
3762
2617
1139
4860
1972
3565
1132
2545
5260
5682
3380
7131
6591
6627
2384
7132
2320
2998
6929
2316
3912
3069
2487
366
2718
2787
6610
2994
6605
6602
310
6932
907
904
5759
6984
6609
303
6956
3906
4620
6980
3409
6620
224
1804
4289
3861
6584
17
3408
2973
3015
326
3446
6638
358
6907
2431
3927
6601
62
5659
1048
2980
1061
3467
5735
4581
3318
4873
4891
2992
6916
3920
4728
6597
6067
3694
2004
2076
4038
3240
6598
3503
4981
4501
6596
970
4475
5252
2765
1182
3213
1194
656
4977
6188
4971
2052
3210
976
6414
6594
3208
980
1637
885
3495
6384
1255
6659
6138
6052
781
786
6106
789
6656
6501
3925
4866
5154
6571
6026
1029
6507
3931
6118
6029
1246
1077
3809
3803
5177
1853
7143
6267
2761
5128
3759
1257
1735
7160
3693
896
3866
2753
1572
3911
6060
6141
3261
3264
6583
3362
3361
6260
1724
6473
5505
1584
6483
6103
6145
876
804
6748
4580
5646
2995
2175
3100
7077
160
374
2213
504
4584
6366
2879
1294
7042
2877
314
6791
6764
312
4323
3674
2532
2220
2152
4358
6862
5712
4539
6350
501
1366
5701
4251
3172
195
193
2990
2465
5381
2117
2610
5402
7118
2293
5692
3024
5422
3130
85
1348
83
5528
6768
515
4185
3068
3194
430
6765
4623
2830
4564
103
128
3076
2185
399
5345
6839
309
5775
4767
5418
107
6931
7102
6595
328
3404
5341
4899
4282
962
327
964
5709
2760
2454
5474
4627
3878
5694
5693
2773
972
353
1762
902
4682
4215
3027
6616
6618
3045
2784
3666
2331
3060
5802
3360
3667
5502
1799
2368
1789
7136
331
950
949
1770
5725
945
1771
330
4254
6965
352
3636
5332
6606
3014
6953
4886
5342
6763
4446
4531
5400
5078
2621
2887
1571
4393
7127
7095
3771
6156
6
3485
7070
2903
4949
6142
6140
4387
2636
1149
1345
1481
6203
1219
78
1216
4982
79
80
3725
4431
4430
91
6187
1185
105
4966
2651
1346
122
5651
192
6134
6503
1690
3848
5665
6109
6918
1253
3428
5351
6102
4587
5684
2950
1725
4609
5343
3640
6586
6986
290
7031
3407
7034
5088
1620
203
2556
6509
1625
6351
2550
1632
1067
5529
3808
4547
6121
2926
3826
6248
3460
3836
3456
1682
4711
3382
2700
1940
7141
1998
5849
5287
2235
2109
6028
4000
806
5288
3675
3148
3173
4450
1416
6884
6747
3932
658
5019
2252
2105
6899
5886
6643
1402
2110
4750
1273
2128
6673
3677
6847
6727
517
5969
5967
2015
4130
3121
6658
6017
3676
6268
3143
2024
5438
6837
1897
600
2030
6861
1999
5190
2219
6654
6642
5982
2129
655
4755
5990
5300
3204
2137
3078
3201
1852
4183
2073
5218
4107
3075
4108
3924
6759
845
2295
1967
2075
6634
2148
1960
3588
5445
5222
439
3189
1365
43
570
2093
6909
6827
4187
2095
5163
2733
2056
826
4758
4068
44
5985
4062
6502
200
1589
6728
3174
217
3474
198
5642
5383
2130
2580
3247
1997
7073
182
208
6514
3980
5650
5016
4472
2762
1628
4848
2559
