5859
3469
5799
5815
3027
5811
3774
5858
5782
4296
5818
2740
2742
3020
3461
4291
4292
3468
4272
1944
3465
4290
3985
3464
4298
5850
6780
5434
6923
4299
4605
5852
5801
6522
2746
4276
6520
6527
4269
4454
2748
5807
3444
5805
4295
5810
6932
5785
1942
6930
4260
3026
4297
5787
2782
3414
5802
2734
6621
6564
5228
3428
5814
6877
4293
5813
5812
2749
1783
7145
6883
955
4774
973
977
2935
2732
953
1631
6521
3244
1651
3771
2362
3666
6878
2927
5249
1841
4711
4274
5892
1303
2638
5771
5800
2611
1348
3003
719
3225
2736
6785
4266
3466
1191
3777
4960
5789
3259
5792
4261
5227
5439
2759
2769
3902
3945
2780
3773
4273
3988
3762
5874
4825
4125
1940
1837
1785
2258
6901
3824
764
3467
3463
954
6782
6562
731
5772
5690
6729
1302
2745
464
2764
3454
5855
4054
6117
6179
3778
3442
1243
3555
5533
5328
5809
6011
6111
6278
6813
5781
723
3108
5419
1344
2554
3193
3660
2528
739
3022
4287
4286
1630
6873
5748
1934
5445
5448
1307
4830
5851
6173
3346
1938
853
4828
5288
2936
6268
1641
3764
5951
2646
2639
2637
3814
5986
1045
5435
2722
2483
2250
951
2741
2452
306
3903
2939
2315
2789
6940
1190
4430
6014
5272
4820
4254
7080
3196
3686
7093
6818
3615
5808
7083
733
714
3008
3664
4988
178
1838
3023
5266
3029
3462
2458
4267
6712
3776
3940
2766
6557
2327
3784
4268
6115
4612
6114
4613
1514
3668
2654
5957
2684
7000
126
2632
5971
3102
1637
2747
958
3679
6875
2525
2730
5795
4281
4981
3219
2461
1229
2533
6528
6110
3729
1818
1949
2121
5856
5816
7149
5649
1306
5187
6926
1278
4205
4823
3415
4610
4214
2021
5840
3024
6563
3421
7060
6876
1308
2520
5173
6907
5999
4209
1231
3847
1345
3826
6466
2642
6323
635
729
6745
983
6609
1833
1825
1005
2609
6965
6370
843
2608
6727
4104
1223
6561
6992
6933
1431
4006
814
2187
6620
1300
6673
6679
6680
2141
4365
943
6772
4101
2477
1553
6918
6721
6200
6607
4045
6566
4616
5395
5192
1301
467
4619
5263
3511
136
4982
2919
5803
5511
3408
3409
3216
3052
5572
4826
117
2788
3251
2783
5817
5490
5819
3446
5555
347
2915
4932
2751
5706
5683
5779
3823
3821
58
4146
41
2392
3789
3921
6596
4827
4947
1387
1471
5492
6635
2146
6322
3228
1205
2767
1511
3597
1840
7161
1188
2752
3429
2186
4821
3425
5669
3563
4822
6936
6123
3989
2280
6934
6267
3727
3354
1279
6548
3984
6270
2240
721
5872
2213
2306
2314
6810
2786
6113
1245
1305
4420
2120
2425
4458
2997
6689
5443
5234
3652
4294
5223
2536
5998
2580
685
4985
5562
344
3661
7099
1038
3832
4644
732
4973
4769
3665
990
3827
3101
957
5503
4655
6375
2497
651
2735
1181
2744
1832
5821
441
6376
1564
2738
4203
2029
4975
818
4327
6525
702
4643
1682
4895
2025
5793
4606
4338
5314
3103
5100
718
717
1389
2902
3129
715
6584
2910
3088
1835
6916
5184
5854
735
7068
1639
746
7142
4359
1947
4683
1946
5512
3173
1475
5716
1453
1466
1930
6493
3195
4378
5196
6276
3683
4325
1430
1707
6535
600
4122
1495
7095
1883
118
3044
3028
3252
647
3220
4393
6399
3427
3791
3849
3481
10
3906
473
474
6039
1207
6645
3788
3533
7164
486
2602
3963
4471
5980
4939
466
2787
307
5991
4776
420
5415
4487
2733
23
6670
1161
4938
2456
5437
6650
34
3441
1356
5397
3900
2565
1201
2757
4433
424
2305
379
5886
2640
3760
6623
5959
2681
3818
2852
547
5606
1339
265
2870
3587
3295
2652
6814
1354
4525
3390
2246
5648
1033
3
3489
2267
1025
2287
3786
966
6938
5612
4940
5565
979
6471
4510
751
4484
6464
4477
737
3512
1073
1087
5579
725
734
1047
4885
728
1024
3663
4515
3131
5607
5697
4340
6489
3254
3257
1283
1288
1289
3258
1433
7146
1294
871
3614
1244
5188
3351
821
4582
3612
6577
4600
1341
1349
6603
3292
3610
5550
4475
889
1239
5563
6678
1574
1572
4541
1145
1563
3198
1561
927
1164
4439
1545
1203
3227
1204
4358
37
1224
1470
4558
1460
1228
6636
5133
4585
5956
720
6927
5058
3673
543
6128
3994
4038
5054
2264
2269
2286
6937
6118
2301
2829
3980
5861
259
234
6277
6912
6914
6261
2917
5472
2020
6222
5320
4059
4057
4053
2899
584
7057
3978
294
3797
2532
2714
6967
5440
4773
2522
3846
3813
2615
2620
2689
5947
6991
4771
6946
7010
5024
2325
2329
980
3959
5366
5393
2484
6046
301
461
2427
3887
2460
446
5394
2938
2209
5822
661
5258
5498
657
4277
707
6449
1839
2984
4279
5820
5494
3682
1829
1813
4195
156
1830
716
3095
1834
4265
1802
3510
4835
7085
7084
3880
5166
2478
3883
1178
5414
6654
4252
4361
2454
2781
3163
3919
1222
2402
6396
6035
5955
2424
1623
6410
2436
4455
3889
3156
5416
3886
3153
2447
6442
2506
1653
3676
1032
2629
3667
2633
2634
2635
6756
1015
1006
2636
2688
2685
2683
4532
2650
2695
1654
2600
2597
3862
5806
1128
3688
6637
6001
1109
1102
5417
2531
3853
3851
5990
3848
5148
2703
1675
3845
5997
5363
2323
3000
6214
6210
6574
2081
1877
1402
6338
6588
2123
3222
5857
2958
6606
5323
1530
2173
6171
1493
6234
1488
2026
3236
2951
3625
2934
5487
2928
1478
6279
5465
2926
6274
6269
1892
5710
6539
6327
3267
6255
5265
3165
2181
3294
3779
1807
3557
4431
1575
6627
6506
4435
1247
6112
5839
6387
5358
1788
6633
2331
2336
6119
6124
2815
3381
6611
6166
3296
4028
5869
2218
5182
1549
2971
1331
3215
3628
2251
5725
3769
2816
1304
2262
5180
4533
6015
978
4648
713
726
754
