5820
6671
5827
2506
5828
6676
6870
3476
5822
5823
3422
1812
6876
5607
3191
6568
4491
1048
3847
6999
4495
5049
5414
1810
2910
2565
5249
3843
731
2189
3980
6795
2186
5931
5821
2498
6993
3257
732
640
1471
2493
5993
3511
4747
1352
3410
6969
6954
4742
5921
1453
3181
6874
3588
4378
6878
5829
2255
955
4422
2542
7140
6677
2485
3411
6873
3989
1455
4454
5042
3068
2544
150
4029
734
3589
4497
4499
2302
4774
5048
3985
2501
3246
4254
5430
4476
6276
6966
3771
4189
5432
3988
5531
1934
3814
6124
4691
3810
1819
7049
5826
1353
4760
2563
3195
3580
2617
4986
3251
4125
7013
3256
4988
3031
5501
5419
4027
4952
3039
1870
1009
4277
3190
2564
3030
6128
937
4058
1834
6235
2491
6890
7120
4987
2265
4054
6123
3819
3885
3198
7022
3245
7010
5876
4024
5534
7016
2094
3581
3258
4981
5562
5923
3510
6957
6464
3212
6088
1341
5045
3412
2560
6234
1247
4969
4427
3413
4376
3173
6796
5388
3899
5343
2086
5319
2627
6468
3330
956
5555
4180
4713
668
6992
2881
4570
3587
4021
4745
4746
7017
4022
5986
4910
56
7048
5824
4763
4028
3560
7089
4872
5158
3255
5155
7141
7142
1619
60
3986
4673
6173
6085
3977
3763
5363
4622
3773
3762
3769
3242
6877
3478
1214
5630
5634
938
5718
3472
3562
2566
6378
2731
4985
3521
3186
3151
3187
1140
3518
4411
3517
3038
384
2569
4960
572
1633
4488
5539
3757
958
2680
6050
2682
4922
1188
6409
6321
519
3585
4496
2904
1813
4650
6113
2778
2704
5533
3072
5392
5399
5150
4025
3898
2479
4258
4346
1698
4372
4371
2480
2213
7088
4379
6875
2534
6855
6853
5054
3219
6835
5301
5305
52
1349
5162
6693
2505
139
6672
2084
3243
4217
6692
2160
1694
477
5572
3250
4270
2187
6858
5557
4209
2305
1343
5991
5869
1816
4212
3818
2828
1811
1346
4525
949
1428
1891
6288
4498
733
2700
2733
3764
3312
5180
2880
3297
3766
6116
5495
4128
5925
6997
3770
1290
1786
5465
3604
7003
7004
5456
3772
2481
7015
4708
3489
2900
136
4748
1338
5192
5435
5566
4658
2884
3224
6990
2885
5999
6770
3338
4876
4834
3180
5139
4370
4470
5665
5641
1248
4450
6673
5625
4429
2613
4082
988
6462
5395
1841
7144
4393
4982
5698
2567
5040
753
7086
2057
972
5825
1355
2198
1356
6798
2672
4963
5027
1358
2561
7068
5793
6569
5166
1626
4766
2285
3066
5780
1874
7082
3176
4776
980
2872
5703
5947
5699
3987
4053
2184
4213
3076
7122
4156
2339
4210
3681
7149
4051
4038
4856
4878
2268
5567
5170
5172
1359
1817
3575
5133
2282
1871
2269
7014
7009
3254
3586
5660
4020
5642
6998
998
4057
2883
5189
4002
5935
5937
3003
4871
4055
4855
2986
5029
3240
4349
4474
6775
6388
344
2533
6790
4360
1180
3174
2529
3841
5408
2528
3840
4484
6372
2518
5409
1452
6326
5119
4326
1436
2005
1279
6390
338
6392
334
4396
4395
2549
3887
2562
262
6678
772
5386
3891
2059
6528
2708
4983
1211
2570
2089
4424
1203
6724
2611
6726
4458
2031
2626
2538
4420
2720
623
6891
2557
3776
932
5151
4929
2385
2443
151
4921
6889
2819
2490
4637
5085
6927
3974
1297
3477
6081
3124
5076
931
3979
2736
3417
812
6857
6872
3813
1561
3966
3162
3793
952
927
2822
6883
3078
951
3298
5088
3342
945
1695
3479
771
5222
5530
1835
4868
946
5654
5411
5080
3196
5576
5175
5130
3334
922
5314
5171
735
5068
5438
4965
4877
1624
5132
5403
5246
5075
1808
971
3252
3177
3253
5086
1833
974
1787
5537
3088
4620
6918
2734
4519
3826
1503
3835
1623
4492
4482
6379
2424
3967
6898
349
2639
394
346
130
2368
6119
1117
2772
4624
4329
3998
4621
6178
6951
4605
6194
2361
2365
2742
4573
6221
6996
1186
333
6679
2085
6685
6850
3893
3963
2545
6826
1252
1259
2537
4365
6780
213
2507
4271
2629
4398
6566
2624
326
4451
6466
4425
1478
2568
6524
6894
6562
2482
3883
2483
1473
282
169
4652
4150
2902
1369
1032
4765
2953
2952
4762
2939
2957
2925
4759
4757
5884
7078
4653
5922
5929
5857
576
577
21
5671
3037
4859
5705
5710
603
4854
4851
4032
999
2250
1004
3529
4052
5726
4841
2959
5940
500
6811
2826
1085
469
475
5948
3688
2827
1354
2297
1072
474
1345
6004
2833
1059
4715
7071
7007
4706
2832
6080
7024
7031
2814
4088
3995
4185
4176
1433
3968
1347
4056
1361
5073
1360
3975
1364
1366
1683
4233
4257
4219
3982
4218
1387
4067
3299
4030
856
982
1244
936
3768
4651
1542
4680
4681
1547
3698
4689
4696
1076
1563
4623
1070
1062
1042
1038
4913
3573
3566
4787
3554
4842
4843
1612
4850
3633
1246
4618
3777
3896
4391
4397
1224
4413
1218
4418
4426
3876
4475
4478
4480
3775
4967
1506
3416
4954
1512
3797
1143
3419
4937
3795
3794
3778
3444
4486
4493
1383
2767
2439
6896
1802
6364
190
5563
5600
2497
493
1818
652
6377
2502
5975
643
2429
686
6320
6319
3158
1982
2366
6290
6002
131
2395
5957
1782
5486
287
378
137
138
1384
2008
1933
6950
5652
6791
6689
6651
2083
5748
2080
2553
2558
6594
6513
1872
1887
1876
5781
5783
5786
5864
248
5885
6461
5939
6787
2638
6389
5924
5691
5692
6385
6398
2541
3012
6414
2618
2897
6719
6712
2097
2352
5492
3164
2755
5237
5245
2753
6111
7064
7063
2280
1951
5330
7060
1971
5429
778
57
2194
3210
7039
3225
6115
425
5165
1710
5174
7160
3248
5153
3226
7121
815
1956
1721
2762
24
6118
3229
2774
7038
2786
6009
5402
743
740
3171
2185
6032
99
2748
5367
7011
5366
6961
6960
6086
7020
751
1936
721
7001
