5827
5823
5821
6676
5828
4495
5820
4497
5822
5825
5986
4213
3771
5829
1703
2567
2560
3476
2904
4746
5793
5826
2265
3102
5448
6876
4270
4427
1089
5314
5824
3252
4492
3256
7016
6963
4496
5895
3524
6678
2264
5443
1708
6851
6946
2564
2542
4499
1793
4027
7013
2163
3587
5445
5107
3786
2636
2483
5004
4274
2266
3288
4476
2788
5675
3242
1456
7086
4498
3413
5191
5595
3581
2269
1506
6560
958
2735
150
2268
2876
5174
2731
4002
4491
156
2632
5912
6671
6388
3982
2080
7010
4024
2767
4197
5048
2491
2872
2267
6102
5479
4154
3078
6394
5993
1282
4022
3580
4742
5698
4570
4021
5972
7164
4201
1938
2633
6929
563
6781
3690
6966
2639
2086
3246
5665
6126
3538
953
2561
1142
3181
2517
7024
6176
5414
6302
4028
1930
5625
6539
5222
6853
6398
5813
2559
4579
6677
1088
4029
3254
661
5784
3038
6739
3681
6787
6177
6795
4047
4618
5797
3589
3258
6923
6280
6033
937
5605
3336
20
3339
5042
6427
5939
443
2084
6002
4835
3187
4258
5931
1455
1701
4992
2498
3422
6392
4987
3190
2744
2004
6037
158
2194
151
4195
2579
6409
2190
5539
6113
6914
955
2160
952
3192
3080
4100
4494
3985
6934
2485
2544
7140
2339
1970
7088
6289
2365
2563
3941
1540
5641
3033
635
3215
261
2588
4470
4471
1032
5606
2975
5610
2568
3008
2565
2305
2597
2262
6921
5909
5905
4760
86
6039
4128
3342
3545
6935
2168
1370
2181
1503
6910
4745
4131
5005
3129
4934
3412
5989
2824
5948
863
2501
4150
6004
4250
1453
4990
7083
7082
2081
5198
6904
1352
6900
5388
3615
4605
2239
136
1627
1546
4622
5316
2637
1114
3180
710
6858
5249
2934
6670
6396
3251
1357
6119
5432
5749
5225
1626
3980
5947
4025
6006
4422
4007
2493
6009
3989
3024
6118
1119
1070
5704
5708
6073
6123
6141
6032
5904
6146
6019
1806
2558
442
5660
3326
3562
957
772
1363
2189
2191
2732
148
2704
1738
3191
6855
5305
2232
180
182
6790
3257
5402
5406
5162
703
2166
6945
2800
4931
4954
12
7122
4960
4985
1454
2763
7060
4836
830
2856
3344
4815
3527
6960
2873
5099
2747
6950
5146
5412
6872
2254
287
5528
5589
4516
3210
5592
2318
4543
4481
3229
2935
6501
4479
2938
6594
6651
1009
3966
2623
6452
3011
6693
1790
5043
1707
4830
5034
1807
2802
1052
1788
3103
1808
4765
4957
5006
4996
611
5656
4857
5653
4986
2827
4838
4972
2768
5943
860
2807
4999
637
5869
5476
2681
2906
2617
3034
2551
986
4616
3042
4393
5456
2663
1015
1624
1097
1004
3036
5284
945
1739
4738
5536
4594
1719
3088
5158
569
4273
5531
2742
951
646
2586
655
767
1810
5497
5495
756
5963
2806
3107
2403
6930
110
6309
6296
1374
2167
6600
362
4005
6604
6283
3843
3604
6279
6234
6221
90
1388
3534
3820
6796
3232
3529
6609
3176
3231
2169
2260
6925
6874
6535
3894
6870
3928
159
1354
3195
153
2331
6878
6566
1358
2333
2192
3588
6418
6905
6911
2368
1343
3572
2393
6374
6590
3220
3988
6962
6990
6178
7089
7070
7072
35
6038
2085
2488
6679
6030
1932
23
6028
6015
21
4106
6014
244
3780
2263
6673
2007
1846
1431
3764
4180
3772
5982
5974
5969
447
7052
3207
1186
6999
3481
1324
7007
2457
7019
3163
53
6633
2454
7017
6708
6697
6116
4090
3760
5447
982
2196
5301
1349
2913
3672
3674
2929
2245
2195
4593
189
1348
4623
6808
6692
5431
1341
6675
985
2684
1633
4582
5370
4595
6674
6820
704
3284
6724
6926
4650
2754
3512
2861
925
4821
2847
5008
4832
1459
2082
4998
2078
2065
7094
4981
4978
1668
7120
7121
862
1452
2006
867
7157
7160
3411
1446
6964
5281
5054
5071
2687
5252
3582
2892
751
2891
2730
6879
1730
6908
769
3575
2736
3563
2185
112
5172
5161
5159
948
1377
3537
1387
1471
2748
6957
5073
1391
6672
5453
4574
6122
2338
2337
5652
3940
4098
5650
4326
5637
5630
2329
2566
2325
4276
1795
5799
5607
5859
612
6527
6531
2569
430
4477
2439
4472
3186
6149
6164
1547
5786
2433
4381
2432
4397
6220
4020
1111
2302
4418
561
1542
4424
1224
6319
2435
6659
350
1229
3987
2395
6144
3874
4121
6563
1512
1140
1784
4883
4134
448
3797
670
6629
4251
4219
2510
247
5505
3784
4156
3100
641
1783
2578
2301
6568
476
5562
2543
3213
2282
672
631
4540
5534
1516
3175
1444
3383
3371
4881
4189
3489
2815
2818
2816
1406
4869
4376
1110
4216
1653
4382
3065
4766
4845
1662
4271
4122
3441
4837
4130
2836
4107
3456
1458
4353
1428
2820
4261
4254
1192
3165
4831
3424
2828
3167
3347
3173
1581
3120
4359
1402
4429
1099
3744
4535
1608
3709
3701
4506
3753
1041
4604
3000
3217
2910
2908
3878
4601
4638
1507
3253
4209
3250
2928
3773
1012
3779
2957
3763
4545
3762
3781
3788
1623
3792
2919
4387
3879
3893
4450
4425
1227
3549
949
4416
954
3329
4412
4747
4400
4041
4748
940
3330
4642
956
3983
2902
2900
4683
3929
3196
4713
1231
1355
1252
1356
2881
3945
3297
3967
4714
3584
2667
6711
5515
5520
227
5530
5535
1787
235
6650
5568
5587
2592
1934
242
6639
6638
1804
6634
5668
2270
575
2287
6605
5597
5710
5504
6722
155
2662
2640
6861
701
700
6850
5417
5430
5438
2253
2631
678
6807
6804
2621
6798
6783
6779
6770
6733
1947
5452
144
562
6599
5906
6284
6276
1873
2418
1837
2431
2507
6219
6173
498
394
5990
5999
6001
2452
6124
6005
6012
444
2489
6112
5980
1812
5871
5851
2292
2297
6562
6537
6536
1907
5791
6503
5803
1897
5854
5814
5819
6399
2548
333
1884
346
6369
2402
2546
6307
2362
