4495
4497
4496
5823
4499
5827
4498
5821
4494
4491
3523
5825
6566
1703
5606
2080
5662
3192
4492
5993
5869
5572
3256
6626
2493
6676
5822
5828
760
2542
6964
2560
5710
953
6966
5826
769
5660
2564
2559
4213
5152
1708
2191
958
5820
4548
5634
4543
3198
2445
5854
2567
3242
776
5667
1431
7013
2639
4544
21
5171
2551
5319
3165
4493
5718
4840
1547
138
5931
4020
3228
4546
4024
762
4542
5566
4545
3220
5175
2068
3033
5557
3528
4490
4152
3786
6670
4376
4365
5698
6826
5495
767
5411
7086
5130
5139
2263
4570
2555
3330
2672
4744
4540
2160
5539
20
2283
2764
6319
2755
3190
2498
4027
640
1701
761
2892
3797
4371
1617
3254
6280
1404
3794
3422
5719
6946
2917
768
5699
7025
2566
3229
3227
3527
3299
2491
5717
5571
1341
3524
6113
2262
2260
3163
2546
4714
2814
2561
235
4760
271
2287
5793
5602
4746
6969
3424
635
6990
3103
4830
3489
4938
2568
5555
6292
6673
416
2884
6539
2088
2086
2163
2085
1458
6713
3791
456
3814
3818
3744
3615
3010
1406
1110
5556
4022
6569
23
7049
4619
773
4340
5552
4344
2543
1454
5162
5550
3411
1460
1683
4086
4342
1709
3989
3887
25
5652
2767
3987
6672
24
2557
5174
5252
4345
4217
22
4937
5172
6002
4023
1471
4372
5865
2166
959
2289
2286
2188
2282
5800
984
2269
6854
7002
2264
2190
4675
2735
2193
4671
3162
2195
543
4348
2754
2584
84
7014
2569
3510
3517
2904
2873
114
595
4518
5789
5440
3532
6795
5624
4516
6992
6994
463
7024
2599
5656
4649
2548
4547
3780
1343
3792
1352
1355
1358
6725
3820
3824
1439
1456
3849
4573
5875
5884
1873
4216
5986
5901
6565
3986
1619
3988
4125
1788
4028
1705
3883
2197
4599
3604
3334
6955
710
3371
4935
4934
4933
766
3413
5729
2406
3451
6894
6126
6119
6878
3534
2305
3538
2292
4704
2266
1004
1012
6107
1032
4648
4646
1049
2550
343
5766
5456
3034
2722
2816
7083
3013
5314
2900
5249
5625
7072
27
5388
5511
5564
2544
3376
418
7027
2185
1336
3225
1409
4347
2738
980
4346
3548
2280
2183
2861
6817
740
6810
305
3985
6009
2186
341
6719
2442
6417
3161
7079
1400
2930
461
7120
1876
2730
2261
4674
6003
5864
5399
1840
2623
2189
2268
4842
6671
7064
5150
2911
5518
2006
4381
5026
1090
3796
4930
2558
1363
4613
5885
3039
5366
2308
3681
3841
3698
5492
4064
4067
1698
661
4618
5783
6333
2967
5443
6790
5441
1452
3521
1459
210
1455
3525
1721
2968
6073
4047
2679
3038
4411
957
5856
2872
3150
948
3152
4341
3332
4033
5949
6950
4953
4029
2616
3102
3280
4647
5406
6581
2084
5604
6178
293
1435
2586
6102
2597
2222
4622
4620
4616
3282
599
2742
3036
646
2509
5711
6781
3154
2504
3683
6463
2499
5448
3335
5445
2885
3338
2494
1227
687
678
3156
6771
2061
3329
4357
3398
1389
3799
6818
2563
4369
90
4591
2912
1353
2910
5814
2908
2780
1330
3781
3320
5426
3760
597
7006
4278
7008
5918
3560
6386
4838
4683
4172
6301
2726
3511
6900
1846
5990
2640
3456
4212
4849
951
5515
1546
6380
4201
2636
5909
4731
857
956
5178
29
5176
6307
2658
4708
4128
2602
33
4005
417
2670
5770
3167
4021
6898
2285
3223
3215
5138
4003
5222
4271
346
917
2928
4273
5553
5221
5232
1706
6702
7162
349
3423
2613
6331
7052
1500
3181
169
1714
5999
475
922
6001
921
4673
920
5668
1021
2402
5499
5610
340
4642
2622
5639
2609
2296
2325
3337
134
6074
2302
5601
910
3339
2329
2484
1214
6392
3515
928
5781
5782
2876
6461
6128
952
2199
2254
2782
6822
2857
5740
3575
1038
5614
3433
6825
6146
3429
5607
684
4644
3581
1062
2224
229
6247
2803
6164
6852
2194
3632
3374
724
6897
2463
2288
3476
2458
1163
3620
734
6857
6809
5748
982
3080
4931
5398
6853
2385
2265
2196
2886
2534
3336
5077
421
6991
1408
7060
4156
1980
6258
6726
4145
428
6568
1633
7081
6692
3795
4135
4004
7129
5471
270
3789
4375
1818
7000
3980
5883
1885
1872
6006
3009
4257
4258
2648
5258
2618
1506
1504
505
6703
7016
4277
4515
6707
3011
2732
3978
6563
1950
2756
1663
6513
6000
3199
6273
1751
1715
119
6325
112
3197
3157
3187
2065
2690
6963
2089
5713
5578
3191
4998
4418
3326
5245
612
7085
2103
1337
1666
3212
1669
1335
617
6472
4025
12
5215
2031
4514
3530
3967
5551
4180
5991
6669
1874
3529
6401
5930
5976
3949
3928
177
4127
4175
5791
4713
4130
6570
950
929
2957
1803
2953
4702
5530
5943
988
6276
1609
6661
2281
2278
5537
5906
5905
6564
1728
914
4745
3977
1812
2971
6535
1015
3769
4400
3631
2906
6440
5817
3624
4431
2168
2907
4576
3787
6511
3790
5473
1357
100
1183
5851
2874
3690
3035
1252
4519
1261
3702
6072
3705
6076
1206
6085
5577
1193
4468
6770
4446
6796
2007
4250
1117
155
5497
4641
3862
4643
1938
4274
2239
5805
4270
5403
4658
4256
2253
1020
6005
3561
4653
3843
1448
5867
86
4368
5863
2198
3810
4603
4605
2915
3821
2916
3603
4614
1432
6521
4329
5866
5808
154
6874
5801
5929
6132
4872
5665
3317
2806
2511
2728
6205
6972
3441
5155
5005
5158
2507
5256
6369
5657
2365
3426
432
7029
6977
3391
6997
5004
741
5726
6910
6198
4868
2403
7004
5117
500
5671
7003
494
4996
426
6193
7068
3249
4845
4844
482
3458
4990
758
5334
474
469
3251
3224
7030
763
4961
6363
2545
3298
7041
3173
592
5300
6224
5204
5722
3196
3195
2812
2556
359
2743
5638
5721
342
3134
7035
6958
756
4972
2357
688
5173
3222
4939
4895
5180
