5827
5821
5823
5820
2564
5825
2560
5822
6900
5829
5828
6676
2080
6539
4495
2567
2086
2563
4497
7016
6946
2194
3242
136
1703
6905
3288
5443
3985
2542
2196
6914
6908
6923
6853
2788
6910
2633
5445
5452
5456
6921
4746
5180
5606
6001
7164
5824
7010
1119
2084
6934
6568
3989
4029
958
6926
5654
5439
635
6930
2802
6119
5653
6005
3820
7013
6904
6566
4028
6876
5499
4603
3256
6120
2782
5446
4027
4025
2195
6531
6963
2544
5539
4496
2579
2491
6851
1459
2089
6927
1701
6945
2191
2193
1506
2160
2679
2325
6009
6003
6006
955
6033
2551
3220
2740
3764
5557
646
3316
4492
4476
3511
5314
6962
4605
3246
4616
1546
6911
6916
6939
2681
6938
2678
6925
235
5698
776
6929
3120
2168
1431
5555
5989
2192
3988
5986
6807
5610
90
7024
5556
5625
5479
1455
2675
2264
3086
5660
4213
721
5939
5895
4002
6037
2566
1708
5048
4835
6948
3254
1454
6822
1446
131
6122
6002
4197
2190
6931
217
3102
2803
6944
3101
3319
5652
6872
4978
6258
2329
5872
3091
5658
3008
6922
227
6919
6396
4934
2266
2262
2928
4128
3760
4745
444
4274
3821
2085
4427
2501
5993
4498
1938
6877
1937
3078
5826
3165
3983
4597
6030
4609
4021
4622
4131
1032
4648
4022
4972
6924
2742
1282
5448
2820
678
3334
5665
5388
6947
169
1507
1142
2686
2807
637
144
6940
3312
3523
5530
1653
5004
1456
5536
5018
5284
6933
5414
6935
5845
3524
4422
1409
4516
4475
2786
6873
5413
6560
3537
837
3100
6867
670
4326
3385
4100
2269
2904
3157
5534
2872
3422
4153
4195
139
725
3982
3980
751
5637
5650
2185
6000
3476
762
3828
2199
6671
4219
2736
6949
4744
5782
7117
6280
1784
3681
2623
5162
5071
1604
3003
3024
5042
3280
1111
6409
772
7085
5781
2732
4608
980
6530
1460
2731
2549
4180
726
5045
2081
4172
2197
4935
5516
5520
4154
6537
1458
5749
5037
5710
5535
1439
5006
5943
5553
1934
5948
5005
4999
5869
5249
5490
1503
5810
4607
1015
6503
5434
6234
2305
4641
447
5793
5792
5222
5319
6670
2163
6008
4216
5656
6569
1812
2181
5779
5667
953
5244
4834
5457
5495
4975
5969
6928
3814
3818
6858
2586
3690
2824
3489
2636
2639
6932
2431
2806
3222
218
2663
53
3042
7019
3252
86
7072
2934
2733
2546
299
7086
3088
3000
2548
2884
2561
3282
6901
110
2481
3786
2667
6878
4003
7141
6804
2672
3195
6783
6943
3154
4005
3129
2743
3529
2734
4613
734
2322
2876
6902
5008
4618
5533
4636
625
1547
2861
2570
5174
2886
5552
1171
2721
3562
3563
640
5595
3575
650
1512
1514
5580
4582
1516
6527
1910
2558
5161
1818
6366
2745
4954
6941
6220
6398
4970
2682
1349
2805
2763
4992
5398
5384
2800
4998
2935
2857
5441
2684
672
5150
3151
6461
3462
5492
6447
661
4821
3472
5453
1449
5447
4836
4848
2632
1542
287
5818
3221
6820
6672
2166
2164
3226
3229
6031
3079
4251
2448
5816
4276
4277
4286
4297
4320
5813
3336
3080
5840
2395
889
3159
5931
7161
3123
4024
3186
3190
4157
3109
24
6787
3192
2204
2200
3987
6795
3976
835
3046
5799
1471
5669
778
3011
768
3797
4499
3284
5783
6113
3038
4539
2019
5786
2083
4491
2493
5696
2757
2915
2787
3001
2900
2908
5668
1185
5659
6004
5851
2925
3251
3318
5963
6126
5944
2936
3329
6302
6968
6296
3163
1453
917
6969
922
3173
6289
950
2739
3180
954
3181
5892
5655
6999
2789
5532
3481
6214
2818
5814
6034
5531
5454
5442
1048
3441
3471
5458
5476
122
715
3044
1285
116
5322
3049
6219
5671
3215
2804
5537
3223
687
7003
7004
3036
5675
3502
6108
1116
6221
1110
818
1089
5819
3224
756
4075
6965
2068
4429
4450
4455
4471
2483
307
2517
2520
4531
6966
4570
3771
1932
1930
6536
6535
282
6525
4619
3755
6907
4658
4700
4713
4715
3745
6909
3709
2070
4748
3824
2457
2287
2331
6759
2263
6770
4106
2260
4122
2250
4150
6711
2207
2198
3977
3941
3928
3878
2413
6818
4202
6673
2424
6826
2446
4270
4271
4272
2456
4359
456
4759
4538
3580
4990
2631
1611
2677
4957
3587
213
1656
6954
224
1707
2662
4845
4760
4830
5117
5155
4833
2621
6920
1651
4996
1436
3871
3068
3081
5054
5281
3610
2748
3469
2445
2480
5370
5795
4995
1404
5812
3047
2455
3833
5001
5029
4258
3082
2767
5968
2443
2392
5152
5099
2265
3135
2268
2339
5912
5252
2344
2282
3155
5207
2301
2302
4053
5965
2286
928
5873
1511
1452
5859
3198
4392
957
4176
4004
3187
4020
2738
3185
2735
5172
3581
5189
970
1037
3022
1391
5550
2557
1738
1911
1919
5562
4600
5571
4968
2543
1936
2938
3337
4580
1929
2559
3758
2883
1793
5455
1817
3442
4832
2822
4661
5528
3672
2866
4840
3757
4879
2873
4611
1950
5436
3332
4543
4477
2485
2023
4474
1371
3622
4454
5695
5392
3258
3257
4428
4426
4414
1650
2011
4397
2004
2503
4974
3774
1970
3327
3326
3668
2983
4530
3662
3314
3290
5662
4985
2510
5666
2498
5119
3150
6179
421
285
6046
6678
6073
6854
862
316
6066
6864
6998
6808
6693
430
6957
436
50
6449
6556
6123
6790
724
634
6800
446
309
156
6843
613
7005
6724
871
6719
6471
59
6523
6464
204
114
6215
6322
305
248
112
12
2597
3744
6124
245
6918
1700
6129
1186
2606
5657
4963
4876
5651
6438
4849
3697
5641
4837
2613
4841
4844
1714
7083
1719
4933
575
2625
5970
3753
2545
3023
4712
1838
4711
3765
3255
4704
1099
1097
1849
4684
6874
4669
3253
4659
3780
4719
6102
1825
283
767
70
2577
2575
4795
3007
1787
4976
3286
6903
3281
7110
2568
1807
5690
3456
