5835
5831
5830
1620
2247
6406
1077
2246
2241
1621
2242
2248
1070
1625
4513
1622
1629
1782
152
5834
1627
5836
2245
2240
3175
1073
2243
1626
4517
153
1079
5832
5773
5833
5839
1624
2244
5033
5154
6223
1076
5926
5837
1382
1623
3478
5672
2677
2835
2817
1071
4511
4518
3345
5070
155
5838
5218
1955
3473
3298
2879
4554
3476
1628
151
5978
2938
5509
1381
6509
4707
202
4621
3479
3486
1998
3626
6505
5217
4512
4279
2485
5312
393
6010
5214
6018
2706
6487
3980
2439
565
1783
5074
5658
4041
2000
2575
3788
1566
1787
5318
1074
1779
5156
3176
3765
5124
6845
1173
5596
1712
7165
196
3617
2700
5047
308
5056
5370
3759
4514
6032
919
6220
3623
141
1361
6045
69
1919
6803
2010
5900
6453
4709
4955
1517
2707
4775
2813
5617
6805
1809
6970
3966
6787
6234
4638
2481
2483
6072
5309
2912
2804
5317
1987
4628
2291
6696
4749
2937
368
4485
1554
4337
603
5091
3120
70
332
5469
5206
1016
4897
5981
143
5076
2232
3612
2647
61
5030
2341
369
5348
3991
1155
5646
602
937
222
2414
6556
6557
1362
6555
6513
2701
6019
145
1844
5304
1042
5311
2844
6735
825
3112
2060
2082
6238
5958
5349
5947
429
4705
3144
7021
4758
6381
4700
5347
5203
4704
4896
1578
1369
1552
1718
2249
431
1807
6731
1567
1656
2163
4776
6538
6537
6536
1388
6570
5213
2379
3886
3880
6828
5653
3823
5675
177
172
3772
3754
67
68
653
2916
3889
7168
6899
6038
3001
5006
5982
6874
5974
3307
5896
3088
5117
5969
3110
3232
5019
6121
6866
4112
4128
3960
2537
533
2547
2574
5123
203
6187
5356
6230
5517
2703
4222
2398
2705
4048
194
4036
3474
511
1640
4442
3299
1657
4917
4443
5478
5399
1172
5234
510
1055
5612
5016
4322
3829
1511
5582
4836
3171
1536
1068
373
5035
5581
5451
1387
4098
4367
4879
5755
3583
3581
518
6530
4507
5954
2017
3158
5313
2064
6760
2811
6762
2800
985
2160
6099
6311
6305
6767
2003
448
2675
6824
2540
262
217
4630
5115
2455
2450
2294
2307
2390
6232
2343
2692
443
840
5202
4752
6755
1882
315
1911
5174
1916
2935
6739
1925
4739
2883
3128
5002
4737
4773
3061
7106
1950
131
512
5005
1035
1019
1065
520
6793
798
4999
6973
823
1072
687
6951
4993
1010
878
6759
861
6940
827
1075
712
2119
1154
3497
3493
4417
4425
4446
3293
3170
3125
3543
3040
6039
6068
2834
2832
2827
2824
2816
2806
4520
2801
3551
4388
4221
5475
5512
4154
5541
4107
4103
4278
3576
5473
5616
5619
5460
3844
4336
3752
3745
4353
3965
4575
2652
6142
1816
1815
1744
1731
1706
4795
5284
1606
1824
1537
4845
6541
6559
6574
4874
4875
1330
1253
1509
1827
5302
6434
6166
2571
2488
2396
2394
2266
2262
2260
2231
2218
2211
4708
4237
2081
2001
1965
6394
6421
6433
1100
4672
4239
7034
375
93
7144
5110
7136
303
206
7141
300
146
5201
7032
5059
201
482
500
446
6293
3888
2216
195
5014
2702
995
3882
5846
3881
2084
5840
7155
5402
6800
2074
3857
6490
5420
1564
2268
5071
5828
1289
2810
7077
2103
1250
3961
3621
2125
32
406
6768
1256
6320
5461
2771
3982
2805
1267
6765
5642
5876
3348
3349
6875
6902
4321
3907
2765
2763
5883
5714
4418
372
6825
3526
3728
2397
3573
3582
2410
2411
72
6544
1479
3091
6576
2542
810
2433
815
6177
6551
1425
220
4639
388
2498
6192
3629
3619
3734
2674
1347
5783
1548
4894
4422
2071
6864
5669
2306
2314
3785
751
7135
5677
1328
248
5447
5428
2337
6243
6808
2363
3758
6809
207
4979
1514
5446
6820
1512
5888
360
6460
5073
4777
5046
1910
7053
4133
561
1062
6457
5935
566
4269
1920
4262
2066
5077
430
1053
6400
6398
1174
1175
3212
433
1956
6040
1717
1715
1924
2914
1901
5200
506
1813
5301
5965
1104
3072
3063
516
1805
5303
5289
3056
6449
150
5983
3041
5957
4516
3127
4176
1871
5510
1772
7124
1078
3146
3151
2997
1856
6057
835
6378
2027
2838
6945
2009
1991
1996
6931
2889
2008
2004
5912
442
441
437
6941
6060
4797
3303
7102
7158
6675
5381
4286
1971
5281
6949
2837
302
4868
895
3580
1389
6766
2621
875
4607
7095
3571
3138
1222
1365
4876
3121
3231
3588
3042
6763
2482
6203
6714
3315
5889
7101
7100
4382
2508
3071
4986
213
444
6178
179
6833
4626
71
2820
1099
5780
5886
2807
5984
1129
2512
1081
4601
1346
456
6730
4893
2669
2670
3449
5078
2678
6109
2739
5871
2663
2931
5216
3402
6134
6047
7132
6133
5921
4550
191
197
4482
5925
986
2661
5930
1017
2631
3007
4567
5898
447
7023
2875
2653
3275
3269
922
6013
6087
1819
2772
2658
4536
3471
5910
3470
6781
6782
1170
4568
445
6015
5040
4102
3860
4272
5655
1961
5654
4104
1569
1719
5209
3883
3884
2217
6289
6525
5659
3848
6274
310
756
6532
3780
4125
6459
1747
5003
1540
473
2297
3826
4114
1553
1943
1964
6309
1707
2173
6482
2086
3992
4045
6922
1654
2070
2067
6935
2040
1667
5590
5587
1676
5205
3988
2362
6335
2110
7043
2161
6315
2151
1705
1608
1613
3941
608
34
33
3963
5084
5577
6942
6503
2364
5585
1770
2418
2372
321
1771
5515
2375
5513
4652
817
1852
240
6539
4374
562
4356
1788
1778
4757
4180
4361
2428
6225
6424
4183
5716
6984
4994
807
6455
5685
6211
1515
7029
1510
6534
1810
3755
6558
4209
775
6849
2456
6535
2368
6411
330
4234
766
6438
2365
2886
6063
139
1831
5280
2006
6676
7042
1853
133
1794
1806
5283
1217
2961
6053
6388
1176
149
6416
1889
1933
1926
7109
4530
1921
