5510
3781
5512
5318
4836
5312
3782
5840
3785
1901
5611
1056
3618
5511
6782
118
6539
2451
2917
3789
3612
2708
5315
3788
2652
3628
5080
5848
4536
1054
6781
5479
2912
3787
309
936
5308
3619
6867
4951
2883
3614
5259
5555
5802
2324
2703
5515
2304
4616
3615
2919
3410
5316
2816
5785
3780
3786
6899
4128
235
1497
5314
4843
6555
140
2782
2005
3784
2455
5669
4590
4968
2185
2811
2183
4611
2707
6031
5022
6088
2619
5301
1783
5612
3419
231
6846
2884
6653
5613
6969
3616
5047
5233
2454
2788
3849
6999
5516
3473
6990
3008
2915
3856
6419
5712
5146
7057
650
2525
2392
2618
145
229
5440
2798
2294
150
661
960
3613
1840
2913
2445
221
931
4244
4397
779
4650
4249
4339
5846
2911
4668
5662
2787
1431
3626
4594
2783
1653
2705
6827
5155
1437
1186
4547
333
245
2351
1540
6219
2492
4125
4253
2181
5041
6780
5667
5847
5852
6387
4659
4638
3941
1688
5084
1947
4957
3252
2068
2969
143
949
7162
5791
3253
2817
2421
5311
938
939
1511
919
373
370
5660
932
5214
4661
2935
448
4709
4663
2527
3858
2484
5252
3004
2395
979
6322
7016
2813
149
148
1143
4277
141
2261
2003
5157
2675
5882
6652
618
2857
6478
2453
5634
2186
2701
2188
2019
948
1051
2889
4746
6479
3756
6935
6625
2488
934
4934
3005
3267
308
6535
4596
6894
394
3617
5055
2885
2881
4641
5078
5089
6327
1149
2818
4577
4601
4591
2814
1032
3744
6225
2677
6729
3407
328
2972
2547
2956
5262
4678
2613
4669
3441
2936
6383
5213
2670
6783
359
2537
2362
1654
5838
2291
1927
5930
239
7044
2173
2424
2309
223
1789
4370
5991
3877
1613
8
6997
5959
5808
3851
3855
1803
5981
2348
70
3878
1656
2303
1983
146
2
5477
5476
4083
5668
3
4180
6977
5858
3623
7027
3610
4651
3611
1621
485
4928
2886
1950
2326
2853
2855
5033
5873
5029
6776
5074
5077
2343
6567
2882
2346
1239
6413
2945
5046
5174
5842
4595
5443
2256
4771
4262
7046
6787
6326
5935
5133
2300
1057
5518
3072
728
2786
4321
4323
1781
6270
2307
5152
4572
6329
5165
6542
3174
4011
783
5552
6678
6415
5782
4203
5304
3239
3238
2522
5713
6490
325
1514
5786
2533
3947
5002
1517
5629
3095
6065
6991
6019
5666
666
5664
3025
1893
5313
2459
3009
6032
1882
4399
2450
5652
6487
6705
1422
3829
6886
7106
5070
4790
1829
2954
5988
5215
6213
2632
6191
1262
372
5345
6746
2589
2964
7014
225
692
1583
3629
3411
6416
344
5596
6532
3342
4672
4016
5749
1890
6488
5817
4167
512
5857
803
4236
2916
5824
4932
4026
4227
1015
5803
2931
838
7083
3398
3134
5839
5780
2955
2939
7150
5792
3000
7089
814
5317
4271
5997
5255
4467
5996
2602
6995
4791
6607
6199
5286
4833
6643
3646
6868
1549
2663
6645
5475
7015
4844
6202
3624
5339
3237
5319
4378
6038
6955
6930
6918
6966
3820
6972
4362
1430
4117
1421
2436
310
1402
6085
6016
2428
5299
2483
6570
2672
3170
4873
1142
3511
1651
6821
5395
2241
776
1655
2285
144
5450
4614
6323
5465
6324
777
6655
1116
2850
5474
2323
1225
2472
4532
1622
7037
3601
2315
5171
2007
3173
6268
3560
3180
5714
1920
1924
4878
6476
4797
3199
6527
6619
3091
6514
3102
6513
812
4931
2009
3197
835
4840
6557
685
5673
2240
6472
2376
5212
5381
2682
5392
5200
2702
5399
2328
1610
1224
2709
2314
2732
5947
6215
5946
5217
2648
2462
6037
1460
1470
1471
5335
1425
2433
5303
2425
2523
2419
2587
5243
5219
6204
6273
2302
2301
976
959
5795
5617
5788
2983
2985
5781
5775
927
5774
3024
3048
4960
6471
1802
5024
5818
1780
2296
2293
5463
5085
1101
2229
2213
871
1721
1727
2204
1047
1042
5841
5833
5832
5481
6629
5718
3622
4464
4279
6659
3567
4204
6854
3997
6891
6805
6657
6784
6698
238
3474
292
6941
112
3583
83
3349
7084
6649
441
443
3956
430
6970
6726
4647
4488
605
3396
4655
3684
656
7010
6775
7147
4332
7028
3088
1507
6014
6511
817
4765
6992
2430
5056
2361
6975
6973
4333
6030
2452
4662
5148
5342
4757
4935
5980
3853
6503
1553
1562
213
6772
5986
1184
5974
5343
1578
5969
839
1541
4763
3850
6996
5158
5967
1534
1531
4571
5023
5178
1473
5205
5265
4993
6166
6168
2678
4700
3002
1253
6882
963
1261
6223
6631
3697
2991
562
3692
6214
3686
2658
2635
4492
3409
5216
2974
1314
4455
5291
6744
1472
4731
872
6248
5140
4376
6039
1448
4956
1439
6466
5180
299
3769
1428
3042
3761
6898
6061
6062
2495
2501
6845
1395
3028
6094
1233
1475
187
608
1158
4045
2852
5045
6601
1847
1035
6599
1100
4021
1825
2115
4838
4018
5583
5577
1799
76
5005
6574
78
79
6569
81
5519
6648
6604
6650
4048
1091
5711
1958
4649
4798
3260
5705
4643
5735
677
4796
2001
2002
6621
5745
5747
1044
5760
27
4075
5766
5768
1883
6610
1040
6351
2075
4599
1787
4255
5896
5897
2925
2244
3298
5831
6285
4578
3163
147
1661
1658
2928
7052
1154
3912
2299
2932
3889
7031
1631
7029
4329
6279
1620
6515
2321
185
1614
439
2233
136
6210
5884
6289
757
756
5870
3176
5038
105
5487
3983
5473
4872
6540
6777
5104
488
5115
2715
5113
2879
6212
6267
2666
2888
4644
5167
3525
2810
440
6216
393
3621
2706
1191
2745
1103
5202
2744
3600
6325
5094
3627
5103
5071
378
2763
1080
5181
1076
2785
5211
2674
6993
1280
75
1776
4007
1769
5835
4257
3973
2189
3969
3964
2209
4268
5885
1686
5899
1664
3933
152
4291
158
3915
5812
7050
4013
5595
5715
5708
1989
1954
1951
5704
