5845
220
226
4594
5517
5398
2802
227
2457
222
5581
3613
225
1226
2322
112
221
5519
223
5583
1929
4590
2805
5970
5972
5610
1116
5477
563
5587
5615
5617
2264
650
2329
2455
2800
373
5422
6542
2824
5457
5221
3821
5018
1788
5514
2654
5589
6817
4858
6549
4850
3612
4835
4134
444
2403
5512
3281
3616
1507
2402
3820
7067
3316
2606
1089
308
4079
5989
2262
2324
1546
2628
4593
5637
2578
5612
2164
3621
4856
832
4636
5582
4007
1088
1922
1509
3745
3862
1785
3286
2718
6166
5896
2641
154
7019
1439
4312
2321
449
78
5511
6190
2806
5454
6547
6540
4446
7153
3333
1192
6033
1086
4097
5120
837
5455
2459
4091
3828
617
2503
3117
2977
4385
5350
6372
5361
4510
4047
2458
2135
6988
566
2918
1769
831
1171
4133
3442
3989
2404
2268
3632
485
5518
1176
4138
2803
1924
703
4855
2023
1923
6744
6061
917
6807
3746
6418
5458
2572
4072
2167
1225
4201
4697
2807
1314
4070
4131
4225
6030
4699
2870
3787
4854
4851
3865
5286
2818
5553
3869
2347
6233
155
4536
4315
2260
7108
4943
2100
224
7156
3786
5362
2086
6017
2453
229
1082
318
6216
5614
3289
3785
3749
5669
2408
2381
5304
3331
6531
440
2913
4244
5252
1501
1672
4979
7124
4918
3614
2889
6426
3610
4093
3602
4095
6822
5122
1899
2857
2876
1882
4954
503
595
2866
5841
4276
3684
6512
5412
2929
5384
2131
2610
897
5073
3674
5783
1403
1407
1443
4853
5022
2674
2917
816
813
1480
1997
5832
3857
1637
2916
575
6015
2768
4117
953
6176
3120
2670
2418
2681
5619
432
5849
4246
447
757
756
478
482
5973
680
313
1112
7169
3285
1287
1230
5300
4597
1760
2029
3473
3626
6536
113
4603
3508
6670
2163
3628
5004
6980
3644
3309
4857
228
5485
5003
5452
4859
2002
6533
1909
6545
3564
5107
1534
3618
1554
3242
5585
3237
6296
1134
1138
81
6368
1370
5199
1631
5322
6517
1632
86
6515
1418
4972
6410
6815
1732
6160
404
1888
3384
6447
2071
2014
3863
1887
1905
663
5796
4516
3991
4285
2809
720
1535
88
5965
3619
6122
3611
6567
1921
745
5219
4208
6409
101
1950
4230
1993
1992
5844
1991
3629
1989
1996
2714
438
1506
4930
1920
1951
4232
654
2072
5958
2392
1008
5480
5574
6271
2451
2450
1022
6325
2326
6163
20
5524
1037
6031
2269
3292
6879
1737
1078
6560
4595
6278
6280
5611
1693
1286
5603
2221
4784
887
3349
5348
889
2378
4341
1119
5127
4507
2579
301
3135
928
2166
4978
6471
2892
2893
5580
5451
5578
5453
882
162
5969
5057
5140
4934
567
1878
5980
2858
4997
4999
611
1676
2915
679
5102
4933
590
5194
5196
4075
5031
569
5055
1638
818
718
6722
4657
4441
5459
4453
5469
2470
5484
2454
2447
1032
2440
1035
2428
2181
2420
6924
5504
1054
1219
5613
2315
2316
5546
5598
1081
5547
6034
2399
7054
2266
5417
5709
2547
2804
2801
1532
6757
1942
1953
4236
4241
1493
7100
5870
785
7095
5825
5586
2024
1432
2563
2158
2588
5391
2597
2138
717
5342
2073
854
2662
2665
833
5318
2642
6035
7078
4032
3341
6272
3783
6876
6058
6429
3740
175
3677
87
106
3988
3792
3760
3294
157
481
483
100
3256
6438
245
6126
3288
6832
3311
6503
6866
4005
3490
6309
3000
3282
6230
423
6337
3861
6270
272
3726
3194
324
6231
5544
1155
6705
309
5594
1107
3741
1203
4518
4528
1111
4585
4582
3238
3239
3730
6037
4494
3116
868
2648
7079
5789
5797
835
5821
2626
2687
430
436
5882
443
446
448
4233
3053
7090
3784
2623
2614
2414
6212
3789
2443
2445
6204
2448
5649
2616
3809
3829
4415
4414
6851
5720
5734
388
900
2485
4598
5478
4600
4955
5169
1898
4936
1576
1911
3598
5191
1865
6423
1543
5214
1968
6400
114
121
6393
125
1926
1476
4962
3464
1738
1723
5061
5067
5024
1783
5008
3488
1630
3487
3484
1671
4995
3563
4971
4968
3468
1634
5000
3291
131
2017
6365
3344
6544
1320
1317
3679
4690
4660
6950
3323
1280
4623
6698
4612
4211
6329
4608
2265
2226
1459
2145
4752
3378
4852
1446
7152
3652
145
1411
156
7148
4788
2080
5345
2089
4783
4775
3348
5369
5370
2074
461
1734
4053
636
3982
2964
4066
4153
3003
3987
2909
584
3948
5942
2911
660
661
6106
541
725
724
4002
487
3006
4039
4078
464
6019
4042
2899
4096
5995
7115
2813
568
6070
6867
6027
5606
4919
2560
5209
3615
3766
2934
4956
3617
3761
4916
310
2511
2568
6178
5584
6255
4525
1960
3233
7072
1958
6249
3743
3747
6237
1530
82
5232
1937
1928
1883
4425
4427
367
2488
5678
532
4447
4409
4459
5670
6539
2466
5180
353
4389
5184
578
1927
4382
4383
5203
79
335
7070
3788
1044
5195
4387
1875
5963
2446
2820
3601
4114
2358
2075
159
507
4638
2905
637
1282
5332
638
4616
4614
3317
4106
6939
2057
3701
1416
2871
5439
2077
6955
621
4758
6953
1356
177
2980
6354
6369
4706
5407
4090
7150
3675
4083
1310
1379
6699
4604
6959
3725
122
5549
3249
6826
5556
668
4036
5558
2577
1150
1496
2345
2348
6059
4535
1979
1998
6282
2313
3296
3654
653
1231
4591
2025
603
1448
3377
4588
4587
7104
1457
5285
4566
3636
1999
3736
5730
5376
4071
4333
4245
3844
414
2669
559
4319
445
6781
766
2667
4311
836
5943
3903
4229
4234
1639
6569
6782
5129
4328
6538
4310
5105
2677
42
4220
3549
850
5006
6975
5106
3119
6984
875
3529
3121
7164
7165
7101
4318
776
3845
5109
729
6047
4231
3523
3129
3568
4256
4041
6159
5735
5941
1736
3055
1665
1777
2605
4996
907
3125
