2654
756
5973
4636
1162
5958
4097
5612
814
5586
6050
2977
223
5581
5369
5398
812
5323
2650
6456
746
747
2312
1493
3821
972
6338
1161
4094
2475
815
3611
5840
2647
2478
679
902
818
311
2447
533
758
5166
3228
5957
221
5614
4971
3693
2882
438
5952
2479
4349
1783
2213
5329
4438
485
309
5199
5970
4114
5180
5824
4063
4633
1953
2313
755
6519
1619
434
6999
2925
4036
4859
2571
6337
3626
6054
5845
4852
5731
6114
5844
2714
325
4631
4856
6705
6423
406
388
131
1226
4630
1169
4612
190
5311
813
5054
4771
5956
6278
2659
753
811
6331
414
431
5316
213
4445
2719
2718
5238
2641
918
5583
6058
1014
4234
974
7067
2424
687
759
4003
3686
4032
1416
4943
2802
6339
6869
1695
5951
4969
1927
1840
248
5301
5320
5781
5882
7120
1848
2674
5872
810
3727
4047
831
867
2979
889
5048
5856
4967
1491
1164
5378
3614
373
1693
5514
4396
2800
403
4855
6098
318
2803
480
1603
3991
4835
1583
4035
2918
4428
5392
4434
623
3003
650
4439
748
5217
126
1155
6422
2732
5615
112
5181
1968
1279
979
4057
973
4385
970
6945
2888
942
155
6234
4854
4957
1785
6035
4638
5233
2520
3862
1975
5553
6533
5555
2652
7095
5322
1225
5473
4436
2481
4354
3988
2912
5920
2814
313
569
914
2037
5173
4431
281
4435
1058
4975
4976
424
1587
3945
806
2539
978
3772
1696
6866
2572
227
3624
4325
946
5517
5513
6539
3927
6510
1825
7133
838
3691
1198
4083
2681
4333
5108
5106
5969
5959
136
4850
3989
1672
4414
4095
6550
1163
5120
404
2491
2020
1697
5965
401
1698
2532
433
3389
435
436
393
4399
1912
1612
1989
2027
2023
6970
505
4973
4974
1022
3166
4710
1434
6843
4787
5968
5082
5237
2311
4156
5786
4777
977
1914
3442
3313
3314
1885
958
4528
1901
725
1800
5186
6204
509
1209
2453
1570
6372
6280
3068
2433
1544
3829
4908
3117
3474
1224
5894
939
6366
4954
1517
4955
3846
6364
4038
5177
1051
2798
301
125
2570
75
6502
316
2675
6490
2679
329
5637
2805
220
4536
4252
845
3471
2501
2246
563
6360
1531
5966
4274
6738
2512
4851
5084
5640
907
1618
5097
917
6481
2457
3163
817
6190
500
5317
5314
6782
3688
5745
6296
70
308
5018
6858
2470
6108
483
6575
1585
2305
6455
1439
3847
2963
2598
3294
3744
3252
265
5765
6493
6276
1222
4965
611
4635
953
4393
135
5182
603
2895
1048
1789
1648
6176
7156
1787
2824
2827
3675
5749
2057
1113
2887
6708
6085
2430
1108
4390
402
5693
7093
417
4712
5613
1206
6827
6807
4236
4117
6562
2524
2642
423
5839
4619
2880
5981
1781
7022
1524
4970
4040
5888
1526
2392
262
7105
2390
4042
1829
1516
2382
3639
4176
7109
6471
2648
4962
1794
5649
3698
4978
4979
4449
5660
5381
3482
256
3364
2175
1220
4067
174
5611
6336
133
5189
3673
6333
3674
955
4639
5594
138
139
2021
1057
5174
3393
1123
1079
6083
4660
6923
1037
5111
4133
5977
6758
743
751
1856
4773
6748
2314
6115
6308
5859
4051
6476
4516
83
210
6885
870
5579
1922
6352
1929
1931
4061
5235
2749
5234
2747
3857
4004
1414
4858
390
2441
6388
2458
2485
6528
6277
3985
1542
1615
2782
411
5946
3612
2448
3980
378
413
419
418
6271
370
4377
4946
7090
1645
2439
4426
5486
3613
1671
506
1589
3987
5518
6995
3944
4421
4062
3766
407
729
5045
2477
1435
5556
6335
5483
6503
731
257
1988
5198
7112
2266
4621
4615
1000
4189
6876
5203
1432
833
5886
6844
4614
4628
6878
2215
7071
5326
3434
1838
744
2850
2310
3315
2816
481
4563
6119
6744
6975
5572
4566
6178
330
1891
1356
6954
2746
5277
5232
1342
4555
6898
7070
420
105
5585
2606
2656
956
4632
2482
6223
71
1855
1223
4334
776
951
1230
1386
4577
4857
943
6868
3683
3147
5631
6028
5792
3481
2801
1168
5994
5395
2923
6196
547
1122
2446
542
3676
33
861
5963
4433
2640
5678
375
1651
6828
1056
5829
3460
2393
1129
5499
4961
4430
5069
321
4383
5417
6380
2244
5164
6500
2625
4658
5705
3810
5654
2440
1788
1117
592
1602
4427
1507
4425
4429
2235
4820
629
635
4707
655
5511
1552
1457
5512
2456
2537
3970
668
4641
1154
1033
1646
6930
2357
2356
1903
5576
844
4513
6109
4984
5638
3844
7108
3473
1146
4972
5896
5261
5641
2788
5670
5741
7017
3475
5679
6787
5073
2986
7075
2748
5697
2984
1262
2518
911
1924
6021
15
4059
446
887
3348
7161
4023
2234
2232
5580
900
94
199
6875
5719
6678
3609
3417
134
3610
163
3384
4640
1152
2102
3101
1046
1047
2540
3923
2893
355
1068
6384
1076
145
5169
5168
4009
2886
6426
4670
4002
5154
149
6128
5680
3621
3422
1256
5624
3767
4138
103
932
4290
7135
6447
2521
2736
3607
957
421
5712
1214
6322
2697
5714
3367
3227
7140
1610
4397
6941
1191
4113
1637
4716
3627
2166
6785
148
5632
2473
1576
1839
2610
255
3863
2615
2383
1471
1411
5312
2450
3776
5552
3171
2449
628
5384
625
745
2655
3964
752
2948
1738
1859
2484
7069
3589
6860
3840
6264
6568
4277
1568
1826
1446
6110
5443
5361
1572
2469
3526
511
64
1919
4832
5365
3290
2360
6458
3164
2462
1574
661
5777
5328
302
656
5887
1433
3696
7011
816
6206
6867
6365
4945
4530
6164
216
5950
5658
2808
484
3596
1782
3141
3566
2917
6822
4521
2425
4947
1780
1894
835
3552
6367
4341
561
6864
5677
1916
1297
5471
1492
1494
4055
4054
315
596
1737
1734
855
2444
6162
1769
568
5789
1730
