6964
6969
3025
4271
3410
3418
5817
3527
2068
3424
4972
5667
2329
3663
3422
3236
6966
3028
3872
2323
1947
5155
2327
2630
660
2328
140
3413
6561
6994
5854
764
3511
5450
2606
2324
3669
5577
714
4377
4379
4141
4493
1683
2062
5664
2798
3525
5662
5660
2326
7002
728
5652
149
1548
5492
5862
760
3416
5959
347
5808
5557
1652
4492
2613
4072
1183
3282
3451
5023
1655
6955
4132
4953
5252
2886
5855
4516
4491
5152
3521
4144
4147
2183
2184
6893
6262
2983
5634
1084
1708
3665
5633
5712
7014
3815
6961
4843
4840
936
5550
3452
5656
3565
3423
6265
3281
3664
5659
6827
1546
4844
6565
2617
3211
776
3426
3316
6901
2885
4599
4000
2971
4079
5573
3658
1230
3654
359
3926
1358
144
5994
1700
3877
3651
5850
3233
5079
1149
6226
6626
2452
2924
2188
7145
4085
5740
2189
5861
3087
1145
5552
2392
1704
1723
4921
1459
4918
3698
46
1545
4494
6325
5161
115
2618
3819
1180
2585
769
6543
4146
1181
3455
3622
2584
3104
6322
5571
5666
6694
2077
3744
3927
1056
6729
6030
1054
4830
3928
6990
3267
5388
6355
6685
4652
3459
5877
4495
3862
6540
3523
4659
3867
1651
763
2758
3083
1591
6269
6725
2884
1777
6193
7139
4083
2928
4278
5089
410
5572
2634
86
3346
463
1928
6566
1940
3528
444
2887
146
2582
2881
4338
5473
1355
1233
554
2981
2973
5857
5555
1116
950
5732
5875
3949
929
3283
3412
1659
3092
314
4600
3024
719
721
5713
5952
6415
2579
4661
4978
4595
1954
2019
5239
5782
3081
1880
3082
1887
3450
1681
2099
6726
4499
4129
5878
6145
3864
2008
5669
3048
3921
4645
3925
4143
141
6817
6413
2674
3656
3737
3166
5575
6026
4335
2190
5856
4277
976
1062
5578
5472
5873
3668
6273
1538
6270
3419
3193
6231
6371
2401
4836
7123
6854
1479
2185
5026
2496
1043
5650
3828
3411
938
6382
3130
1286
5643
928
3291
6267
2442
761
1047
4160
6385
2261
4249
3417
3694
3813
2228
1596
5544
1594
4294
3157
948
2953
5286
3692
1206
1343
1044
1273
6383
3414
5496
1952
5495
4700
1005
3358
5487
1927
5263
2908
6323
4614
5482
5551
7054
1353
1045
1219
3733
6894
3792
6224
1075
3090
5395
5566
1595
5665
4402
1654
3814
3865
1653
4658
767
766
6997
6996
3137
718
3818
5657
6237
729
6239
6573
5973
2545
3945
3441
4826
1775
914
4719
5452
1234
2321
3930
603
1549
4374
5608
3040
7013
2472
3755
4669
3427
63
2552
2550
3420
3740
6992
7019
6248
6721
4139
416
5171
6134
5852
4149
228
6545
5233
5848
3457
2197
3458
4172
5785
6909
266
6289
1186
192
5012
1185
4596
2270
2067
1141
2588
6255
5801
7131
4334
5203
4136
3870
2708
3482
75
1126
2497
3108
5680
4904
3133
3567
3135
2060
4420
5008
4422
3524
1685
768
4903
3563
6546
2076
2108
1677
324
2538
6577
2766
309
6712
6033
732
2519
1701
640
3095
5816
5800
6031
651
724
3099
3093
4598
812
1586
3268
4496
4717
6365
919
1411
3280
4497
5928
204
5024
4257
2458
3466
190
2415
4454
173
5153
984
5868
133
6174
3620
4323
1029
5510
5927
959
779
1427
5094
790
791
3161
5399
6275
5103
5629
4218
2191
1191
5627
2193
2194
2204
6023
6970
3225
2200
6967
1476
5611
3239
1460
5605
1447
3730
5595
3259
3199
374
6065
5787
2300
6326
4625
2930
4962
1865
4960
501
5956
530
1882
5281
6498
1888
510
4086
5733
5717
5774
2889
1103
5524
6502
4930
4355
6495
378
5719
6204
5775
6409
568
6319
1800
4968
4609
6279
775
4255
4253
2951
5584
6904
4180
1380
4074
6328
1048
4570
7153
5725
3096
5476
2975
2517
7037
6876
4154
5259
1184
4622
2972
1125
4490
5993
2902
5105
4167
3826
6157
4873
2699
4354
5948
4741
2693
3568
6276
1590
2670
4364
2672
6895
3753
4239
235
4838
6017
7055
4019
2315
1485
494
5613
27
2923
5851
3736
5961
224
2673
6230
6324
1151
2667
6844
1918
3286
6368
6401
5636
1875
5387
4682
2980
5142
1127
3160
2661
6826
4547
4201
6227
4544
5282
3165
5457
6935
4075
6952
3173
6351
2179
930
2007
2603
3560
6745
4628
1684
5343
1147
1028
6038
1689
560
4626
3869
1975
3375
1282
6218
7004
2740
5766
5314
6001
2073
3373
383
3906
2079
6488
5346
1314
3366
1705
5230
5084
349
3005
3920
4508
447
3449
6569
3924
5869
600
5075
110
2722
143
5920
313
177
5052
5814
6525
179
7023
1943
4108
4148
6034
4975
6899
4370
2827
5710
2287
6199
7029
170
597
5479
1948
3849
4122
2061
2597
4997
1670
7143
2872
4332
138
2920
4827
6364
908
5604
4242
3488
2888
1284
2006
2273
1442
3379
1024
1257
441
1443
3734
3732
1440
4244
3254
6179
6138
1455
6384
4316
3343
3661
1949
4608
1981
2227
1344
6514
4804
1159
1349
4817
5029
2581
461
1350
5579
1901
5157
960
6264
4592
2280
2451
1384
5022
3344
4954
3372
4610
6191
4314
4703
2619
1925
4458
4251
6567
3514
6367
2256
2274
1400
5085
4066
6435
3287
7161
6011
2221
3659
448
5074
3829
5818
5115
2536
602
4145
7105
2986
5812
689
3091
1663
4651
2822
1076
6812
4347
2735
315
5718
6785
3516
6581
6960
6329
3097
3487
6141
2985
5001
5000
2066
4372
550
716
6037
6795
2101
6728
1721
6341
1235
5695
5795
633
3046
2074
3916
5345
4350
3922
2322
7147
1709
1144
6743
2988
3868
4135
2752
1818
341
657
648
1784
5879
3080
643
2601
2821
3429
2970
6528
4166
2702
3440
3197
2195
4725
1511
5846
6020
4848
831
1526
6353
3174
3172
6271
503
1772
3750
5942
3229
1471
5609
1057
4465
3741
3748
4007
2463
26
229
5280
6751
