5856
764
5575
2447
3422
763
5075
2442
2441
5572
5553
5579
2444
3415
6961
2440
2446
2449
2300
3526
6672
3774
4384
4271
5450
5573
4378
218
2448
1704
2074
2630
5781
4530
4377
5574
3964
5660
3525
4189
5874
3769
2639
2547
6214
5576
3413
1705
1707
6959
3412
3088
3522
2910
6566
1794
3524
2616
1968
2533
4379
5550
1772
5571
1738
6923
2540
5552
4057
2684
1701
4647
4872
4578
934
3847
2323
1641
2613
4642
6969
144
1706
5556
2531
3163
4370
1731
5638
3424
6338
4547
2068
4374
4545
936
761
2423
4345
6957
5652
4542
2329
3521
2443
4053
3417
1966
2886
2983
5570
5712
3161
5859
4548
1612
5029
2261
2076
4543
6677
5446
6308
760
2917
7090
661
3261
5413
3898
5654
2037
1048
1700
6796
4633
6361
5577
6337
2079
6223
6685
2073
4646
3113
6076
6952
3771
3770
5710
4989
5994
5735
3772
5850
6878
6877
2634
2973
758
500
800
2309
3930
4986
3423
4376
731
1775
6954
1475
2525
1047
3776
2445
1249
4546
3416
6088
2116
488
5026
3698
4290
1095
1471
3313
7000
2697
1055
4279
6217
5903
565
7160
4033
6073
4372
2327
5666
6007
6791
6128
6883
5104
1570
5115
3411
5152
765
4449
1657
6927
2479
6213
3789
2265
4497
1663
5952
7020
4156
4496
5767
5318
747
5201
4412
5216
2653
766
5716
759
4436
817
5656
2915
6090
2694
5653
950
4830
3028
5993
4602
1988
2695
4841
930
5117
4881
5675
5678
472
2622
5051
2636
5825
2816
4498
845
2481
2815
1953
1056
754
6481
7006
215
3626
5608
1619
1689
6997
3861
4311
5515
682
62
3624
6990
1248
3766
76
1247
2703
3779
3848
5445
6935
4280
213
1618
67
3895
6856
2426
2699
3414
6500
1161
7132
3410
3479
1269
3224
4201
3216
2305
5555
1695
3988
2075
1682
3528
1368
3038
5399
6797
3840
5370
1885
938
2302
4055
2101
6021
6022
2982
4644
6802
4054
3891
3980
1809
633
5782
7025
7028
5211
3527
5217
3518
1848
3514
5518
5717
3469
2205
5713
2654
2189
2186
5120
5119
5111
514
1793
5669
2615
6941
1950
3784
5872
1800
4840
2554
4981
3775
5680
5046
3673
841
2708
2638
5855
3043
6050
3122
4358
4214
1697
2527
4218
4219
6263
5627
6567
1057
4348
4266
1188
6572
1169
4342
4505
329
3108
6568
2164
2484
4501
5629
5440
4087
6333
1683
315
2421
4458
1733
6280
6774
1708
705
4572
4176
1709
4145
1164
5614
2535
1737
6220
6422
2032
1042
6472
2939
1207
1820
223
5711
3458
5060
756
6992
1819
4476
3691
1553
2633
4495
6493
5047
838
1160
6564
3692
4492
492
6966
4490
3519
2470
2881
5204
3513
702
5244
3561
5192
4433
5554
547
2834
803
5158
5287
3603
5557
2033
2700
3616
4450
5808
4451
2207
3641
5435
6402
4460
5817
4984
2336
5854
3927
4212
6075
6673
1665
3252
2530
956
954
953
6035
2377
6276
6956
5667
136
3967
2574
1736
5641
2552
1014
4622
1655
1301
4072
1058
6789
1002
4643
1975
4565
2312
4184
400
1285
4544
120
6909
1085
2671
2705
2617
2670
5870
1797
5999
6331
883
3781
6953
5857
6955
479
6335
4957
3787
6942
3265
1216
4508
3823
1212
1791
4875
3791
473
2263
4884
6929
740
5320
5514
5349
704
5481
5436
706
708
1871
751
719
5329
4499
2872
3982
3989
3219
4030
4059
1283
4182
3961
1669
4249
1211
4313
1195
3151
1165
1163
1246
4371
3921
1384
3461
1572
1543
3476
3510
3365
3364
3229
3607
1479
1470
3660
3785
3794
1615
3842
3611
4375
4394
4396
958
4783
955
4804
939
4878
4882
4775
906
900
4904
4906
1813
1817
1840
796
4889
2986
4737
2989
1126
3118
4434
4438
4475
5522
1079
4516
4540
3048
3041
4612
3024
3003
4650
4685
4690
2838
1894
2889
2451
5769
6857
6367
2286
5718
5715
6945
5714
6950
6336
6991
2536
6212
7001
7002
5637
2534
46
2698
126
5787
418
5800
429
6502
404
211
5924
6476
2078
6450
6785
6314
493
497
1978
151
149
6817
6420
511
6835
138
6099
5593
2427
7046
2521
2704
2232
2522
2523
7097
6278
7022
2208
1268
6786
5010
1263
6287
5006
490
1812
1648
4108
2077
1651
4209
6782
1944
1141
6781
6780
6289
4183
4658
470
3002
4958
2718
5437
4648
6408
5108
5438
6832
5089
2916
7095
3986
6831
146
1332
4070
3220
4032
2919
2637
1075
5559
4036
6440
2635
155
2333
993
5511
7136
1147
2950
2963
4846
4289
2040
2517
6569
4366
1168
4310
1173
6562
6559
2959
941
4820
2740
6538
1690
6525
424
2424
2430
1774
1177
6515
1696
3156
6475
2603
5525
823
4942
6686
3195
6479
5892
2070
1766
6087
6480
2746
4373
922
5940
4700
909
4264
6575
4876
1236
4873
1234
1156
5981
4278
3173
6485
1005
5106
5487
738
3716
1032
2678
3744
3765
6975
1437
1732
2836
6972
6968
3282
6962
2222
2658
3780
562
6313
1054
2912
3792
4591
2478
3798
2250
2865
5346
5363
6226
701
359
5434
1587
7023
6315
5628
1505
2506
2814
2235
4555
1049
4502
6996
5655
5397
591
3676
2827
687
5657
3686
3311
2230
3799
2733
3045
5760
5768
5465
1841
3511
3894
2642
1838
1837
5477
1530
3251
3249
3236
5792
2641
6129
3929
2520
5801
5805
4455
6858
2215
3115
5249
2471
5456
6895
3844
5726
5228
1389
3386
3849
5729
6870
4392
6385
3101
6349
270
6419
1103
6473
2004
3150
4507
1077
6388
2493
2031
1180
4422
6382
4391
6321
2433
1144
3102
4397
4491
4493
3087
4510
1721
6446
4465
6490
6491
4454
314
4500
2496
6378
1155
4477
4056
6520
1474
1596
3680
3682
3695
3303
3299
1610
3767
1433
1427
6964
6944
3272
2106
3795
2104
6914
1396
3846
6875
1387
1382
3314
3876
3649
7005
7163
