5866
2727
5919
5933
5864
710
6431
2728
6259
5860
5867
5908
5918
2729
2726
460
5916
1090
6442
2499
2725
1094
5868
6257
5932
649
340
343
5134
342
5139
646
5909
5901
345
5936
5865
6240
912
644
6251
5130
2724
4887
4152
5135
5136
645
5937
3035
3036
683
6819
2287
2281
5172
2289
2280
4064
5911
648
5902
5568
6713
2162
5138
6463
5934
6256
5939
453
5904
341
4888
6443
5639
348
1097
715
5137
5869
2507
2722
641
5931
6810
5917
3039
6241
724
84
6445
5863
4151
2492
4886
5254
5906
5905
468
6814
6242
5131
1096
5170
28
6446
3030
642
643
6719
6258
647
6249
3034
469
6244
4172
4159
2494
1093
3814
6462
2495
7113
5862
5861
640
5133
2288
6254
2283
3813
2720
6437
681
454
6247
685
1099
4150
5913
4880
5560
2597
3037
1091
6255
450
6712
6432
4885
2273
4065
6444
3811
2497
5783
5935
6252
4882
5566
682
2285
5564
3032
6250
6253
466
6440
349
2763
2493
722
4889
2286
7123
5881
5569
5539
816
5900
3241
3818
6246
6815
6816
4884
5938
5638
674
456
5537
5602
5476
4760
3033
467
2716
1956
5561
4687
461
6436
2114
684
495
4330
7060
2152
2282
4171
3586
970
703
344
1104
452
5269
5636
2673
16
3880
346
3834
4062
2087
4154
688
3480
6434
677
5907
620
3223
66
5682
5504
717
5910
4934
462
463
1503
1485
711
713
4714
1726
704
705
2676
6320
4113
3187
440
5245
5784
451
2034
6093
2559
3881
2084
3199
493
4109
4694
7099
2591
4504
6449
3240
25
14
4158
4157
6453
3245
3226
4774
2490
2721
4069
5185
3350
6813
3354
3622
6474
3766
2167
4498
6714
5993
3224
2161
2592
1680
6468
1212
712
6569
29
1930
23
21
19
1019
4352
5459
4818
4824
498
4487
3297
2609
293
4719
3883
5175
2033
4935
3489
898
1808
416
1878
3683
6894
7024
1448
6363
726
1405
1617
5235
3499
676
5152
5406
3438
6464
5364
505
480
2566
5447
6365
497
3017
2529
3555
4883
1550
6243
5600
7062
1916
3284
1328
4496
1924
5635
5883
4823
7016
1851
2083
7009
3188
6829
2723
1962
1257
2311
1241
3885
168
6095
2754
813
5567
784
1751
3387
20
719
5949
3819
3235
1060
1062
708
690
4574
4964
2849
721
3511
914
5921
3246
4734
525
465
2047
3244
1166
3884
4749
5826
2319
2037
527
2055
2151
13
7004
972
3220
97
964
3810
2119
3085
2113
4728
5358
2093
2085
5914
1010
574
3010
2258
7071
3762
3040
4441
228
675
622
626
1453
5485
3103
4063
1841
5132
5333
4812
6207
5606
6781
782
3383
1987
5535
5497
680
3934
700
1725
2487
347
4778
1482
5415
6379
1409
3833
787
790
6020
5455
3623
3575
6441
4033
5927
2968
5928
672
709
5885
3838
716
6010
791
5778
6195
4093
910
6073
3517
2730
1144
3887
4105
613
2779
1165
598
2756
3714
2890
6389
6385
3674
2863
2792
3515
938
793
3980
2771
932
3968
805
6415
931
5453
5661
6414
6049
3952
4067
1506
6409
5443
1404
3247
384
6674
4666
1699
389
3439
4634
2340
5157
3192
3300
6526
2188
2039
2042
2544
4515
26
22
2557
6886
2296
2498
1735
4827
2130
4346
1911
1910
7063
2145
1876
2118
15
4806
1805
2373
3264
2462
2465
6838
2476
4218
1741
4953
12
4350
528
1564
1565
4590
531
3243
2072
1555
524
1568
2569
1252
4237
4386
4798
1508
313
2077
5017
2466
1534
1259
1961
6448
1967
1763
5683
4713
944
671
130
2759
5742
1207
5102
1215
11
513
5711
3872
4228
2661
1760
3222
1370
78
4250
4868
1353
6818
7154
2925
6770
1290
808
800
4820
5619
4845
2230
532
3276
4829
5610
2710
3357
1556
1063
1803
1031
1958
1807
6015
2583
1274
6823
1277
5996
6248
2428
4895
1282
6245
1539
5990
6673
4779
7017
2187
6094
3889
6966
2271
45
4102
3486
4106
890
489
5173
2088
2884
940
3549
3712
2520
5484
490
5930
1151
2561
2563
3879
6405
3177
2875
6072
1015
4626
459
483
2043
1049
4177
4729
1486
2599
4624
2045
2511
3106
2773
499
5457
6328
3256
1026
5140
6663
492
2646
2645
2351
4060
6466
3481
2182
6111
1284
1145
2065
1140
7046
6993
4733
1288
1993
1210
4822
4486
2059
1111
6982
6817
928
1929
4411
1299
1303
5855
3724
2074
3174
1095
3680
936
1260
2778
5681
6104
2099
5890
6169
4463
2089
3672
6145
1251
3152
2765
4790
891
4489
3917
219
2066
2786
3727
6978
2117
114
2035
6860
3937
5702
6022
4782
959
2762
1038
57
2527
4195
5174
3484
1447
1055
1442
413
3550
6567
3477
5146
5145
5912
3466
3229
6671
2967
670
673
3842
4211
1720
3141
3225
1723
4213
3081
4663
4217
624
3542
543
550
4166
514
7152
5307
2564
484
5370
1516
4595
6423
4527
3839
1504
464
458
437
6377
2543
1483
4179
7120
7118
1474
3541
617
3048
2554
689
2082
2657
2153
2080
4979
4030
1823
4931
4928
5903
2433
5995
1863
3362
3266
1888
6767
5580
2674
3268
1344
5604
3619
5614
250
1917
781
1322
4001
5632
4842
980
305
4962
4230
5524
6717
5070
5053
4040
699
3777
5503
3595
7077
6726
1755
4039
7087
1400
312
1784
5505
1776
2480
2112
3836
2241
2156
1039
5889
4684
2250
2123
4599
5884
4683
2253
5880
1058
2091
2292
1116
3843
2110
4563
4667
5896
1552
2070
1639
1644
1473
4188
4104
5182
1658
1444
5148
2508
5221
5454
5124
5118
2506
5487
2504
5112
5107
5493
5086
4229
1429
4108
1635
5236
1551
5334
5341
1559
5355
1569
2574
4169
1575
2598
2600
4131
2603
5389
2560
2605
5277
2555
2608
1500
5270
5411
2550
4043
4722
1762
5532
4389
1973
