5172
2499
348
469
5133
2497
5867
5139
2285
5869
5860
5865
2726
2728
3814
5863
2494
5864
2282
345
340
28
3039
2490
2729
342
347
6463
2495
2722
2492
640
2280
3813
649
343
5130
5170
2283
2288
3819
2720
5933
346
1094
5866
5931
6712
341
5932
2289
2493
5936
5900
3035
5137
5138
4152
710
4760
3033
3034
2507
2529
26
5919
5937
5135
2498
2281
3223
5175
646
6816
5132
2725
3037
6462
3036
3032
724
5131
722
5868
5861
1090
715
5415
3489
5639
2727
466
5908
3818
6814
5567
2721
6810
5935
912
5916
3031
349
3810
6468
6819
5909
467
4935
4749
5939
6813
3515
3517
4687
3585
84
648
6719
6259
2724
5918
921
23
4172
4887
5901
6811
2597
6442
5134
6818
2258
4496
4515
5904
5364
2491
6240
3192
344
3030
5911
5934
1564
4686
4891
450
5537
5606
6399
465
1015
2162
6431
6713
5902
2022
2025
1019
1274
2538
959
3350
5245
461
643
5885
641
4411
25
229
5783
5634
2557
6170
4744
5235
1841
5473
5913
4487
5148
7086
1221
1453
5171
5487
4365
4837
5566
3686
335
3812
3678
647
2287
4747
5564
2967
5883
2968
493
690
613
4979
453
497
1104
3674
1722
1633
4937
3351
1617
721
3081
645
6095
989
3387
2711
5185
5215
982
6257
3226
4033
4171
2255
2240
2553
22
2496
5562
5660
2059
5367
2484
5862
7014
4493
4645
7123
3835
6552
4895
1847
1166
3762
475
6566
2944
6440
492
6521
4570
986
4569
498
2371
5568
4125
3297
3298
1500
6958
4748
981
463
3766
726
21
4599
1273
6669
4151
2024
2090
5254
3604
2033
4742
4591
6626
2026
505
3354
1103
4157
2034
3619
5136
4065
6241
6258
4528
2018
495
6415
2114
1455
2099
138
3491
471
5600
2774
2775
1298
418
4064
5580
6817
496
1956
1320
3240
41
628
2536
4878
4420
184
2569
910
2558
5890
5903
2591
3227
2273
3583
5406
3579
5181
1057
6619
399
809
2542
6443
4590
4634
3575
5565
5561
3225
1206
7093
3631
3220
5427
417
416
2061
712
4831
4150
6255
3689
4586
3195
1291
1200
3977
6618
3013
2172
4756
2163
6405
4633
6466
2158
6496
6504
45
491
2353
2137
5355
4003
5351
3089
4746
6738
5602
842
6611
4944
3317
456
4519
785
6826
1151
5183
6173
1849
4498
2645
2646
3820
290
2658
3872
3719
6131
5993
1878
3884
3480
6244
4495
2477
5682
1503
322
4369
2504
5722
2500
2560
5905
6894
2609
2606
2608
5826
6202
6193
6226
1747
5886
7024
5638
3299
1699
644
2178
5186
2286
4484
3887
7046
1060
3292
670
3199
7011
2311
1096
7009
4504
4681
6423
1079
4217
4945
6432
1751
72
2188
2676
6464
258
4088
6640
4017
3422
3135
6726
3455
6603
5917
856
6647
2534
6652
3429
1871
931
4913
5219
24
980
3038
5881
4483
4782
2200
4774
760
6010
1568
1630
7010
4293
1471
2735
415
4710
7081
464
5152
1294
1278
101
1460
5618
4518
1400
2863
2421
3679
2020
4211
4360
1202
2763
1204
1239
4680
1447
1950
4740
4061
1299
1165
5328
4210
2052
4491
4197
5366
1318
7088
7087
2145
488
4158
3495
484
6875
1119
4358
2404
2462
476
412
413
2561
2279
4402
6682
682
2598
675
1680
5914
6610
3676
6602
6599
2086
843
2319
2603
6625
5484
6655
3685
3177
3683
1304
851
4844
2077
2565
2236
5875
6632
5884
5806
1253
5906
5149
5414
2029
6663
5706
4877
2737
1014
1566
5608
4441
3883
4939
4430
5326
6061
1049
5671
1128
2710
1010
5747
1507
4368
1115
1505
5358
3970
2511
1097
1099
6107
2170
5684
2161
3816
2971
2416
2673
3666
2550
2548
1838
2546
5056
3834
5938
890
1212
6565
3744
4250
926
4252
4912
5045
4919
1600
5173
5560
6482
5558
3702
4875
5551
5213
5610
1875
2746
3670
1196
2013
6249
1785
4649
4667
3338
490
499
3236
6992
7054
3467
78
4191
4074
6823
3424
6995
4228
432
3222
4683
7008
183
187
188
4779
3451
3381
29
6714
6966
3211
27
4159
6815
3241
3112
2755
3827
181
1427
3264
1880
2765
948
5162
1888
855
134
3989
3833
4922
4330
2779
5774
970
2543
6144
2544
1839
2753
3839
5782
4794
4494
6145
1889
3087
2012
1404
2480
1262
1409
1257
897
4170
6571
7063
6567
581
6743
3917
3254
936
4516
3726
2465
6290
1912
4424
6736
3477
2461
924
4885
864
6088
5731
3729
4890
3596
6688
3841
6822
2679
2674
4701
480
6103
3871
487
5956
6829
5946
3411
509
2984
3421
1144
2682
1583
6365
1511
1516
6964
2716
5014
6073
1535
6991
312
1163
5187
5188
305
6319
1572
3881
1547
514
6106
5247
3025
534
1018
2891
3291
2890
5269
4936
5174
6465
4230
5811
4178
3595
3905
3842
5833
2559
6461
6890
4948
3714
2618
519
1214
4091
339
6889
3979
3300
4093
6445
1042
6446
7005
1734
4940
6886
429
3623
6718
3187
5604
2111
699
3190
5605
6671
2118
2083
3611
2080
4232
4346
1384
2272
5624
5154
2425
4205
2120
4610
5569
7122
3169
3627
3586
4637
419
624
5146
5370
2165
1361
5361
3152
4489
4736
2130
3151
6703
6683
2373
5340
3198
5157
2296
6191
3499
5630
6689
6596
2062
6247
119
2306
816
6692
3428
6072
6430
253
3427
5140
718
6796
5410
4198
6239
3423
3334
2231
2898
1534
5055
4470
6684
1682
4614
2292
4949
42
4404
4482
5476
3296
3590
4938
532
1032
6085
1296
7013
7007
2734
3528
7006
3200
3330
2357
6685
4529
4154
1725
626
6953
3224
4511
6313
7004
4684
4941
5041
3889
4741
4567
3760
4829
1168
5990
7144
1125
5991
298
16
478
3617
2672
6951
3346
6386
6680
300
5493
6383
4734
4380
4702
4386
2278
4026
1573
5201
1141
3399
4524
683
