5083
3126
517
2045
2040
3121
318
6731
6515
6830
4118
6053
2054
516
1640
6436
6435
3991
775
3120
6730
513
1329
31
1226
6703
1809
2702
6881
360
6502
5375
5014
3831
2921
7153
1149
6685
6835
5353
5219
1754
514
3308
3979
2989
4863
6071
3112
354
2809
910
2052
3124
357
1029
2110
6180
6361
6503
5173
6089
3531
1977
782
6383
6833
727
5019
1458
6248
3944
916
5047
2436
3879
2670
4328
1327
101
315
4754
4752
6304
2049
119
339
6843
6838
4903
3122
893
787
5599
7124
933
5016
5015
3700
3544
1746
64
4904
2890
2879
430
2853
1694
6732
3127
2140
6511
6733
2138
1481
6055
6157
7092
3497
6493
6047
5467
3160
838
6245
2939
1020
7032
3075
7114
3742
5938
3114
4750
5322
3125
271
874
1332
3644
3640
5379
861
6246
5597
4366
2041
1799
1667
1525
4552
5656
6203
1635
4453
5645
2842
6447
4323
4862
6082
454
3874
2798
3025
4802
1152
3975
6247
1204
1208
5524
4110
6137
1334
396
6081
1818
3051
3439
3491
3359
1751
3331
3542
3553
6050
837
4558
862
864
4509
5615
557
4507
3123
6450
4871
911
913
3116
931
1337
515
6078
209
4968
2135
2133
5461
2116
5051
4115
5043
6984
5967
5034
1156
33
3304
3305
3703
4222
6136
368
6079
2043
2137
5052
6508
2055
7034
6834
5670
905
5238
2858
4068
2119
6484
6849
2056
29
866
6684
6249
4901
3111
3110
6496
5676
2980
1644
1340
2090
2303
4958
5400
2046
3877
147
1034
6828
3352
655
2260
3382
5644
5641
6386
7068
2840
7067
465
4723
6486
2838
3838
69
5885
433
452
2709
6088
1210
4840
2131
5468
2697
1784
915
4410
399
2174
4238
5120
1452
5703
1636
84
1135
6717
5699
4815
1157
3061
4817
1951
3957
5862
6101
4493
5200
1030
2178
1143
5595
3996
6350
5239
2857
1698
6543
1286
3234
1693
1759
237
6195
3524
6514
274
1526
788
612
263
5774
5002
1322
1504
6146
5371
6817
7056
4537
6825
3448
4322
1415
3694
7135
233
3302
4403
5420
3665
2535
3202
4733
892
6837
754
1752
1014
1023
674
1035
2867
3836
73
3473
7017
3432
6662
6643
1052
675
1039
4997
457
66
6282
3538
6899
2976
1803
4519
6058
529
1725
5080
935
3129
6602
3710
2058
6185
1684
6505
6832
3626
1646
7107
5017
3549
479
5976
2994
6669
5613
6156
3052
3055
3059
3060
3301
3066
7116
3543
2865
6085
91
1122
7136
299
2284
5356
231
2598
308
375
3932
4062
5750
5655
4364
1602
4758
6547
1438
1206
6744
5359
2705
5233
5857
6439
7154
3943
4734
1133
4609
6985
5829
1277
6328
214
2841
5407
4697
1907
4119
4735
5693
4111
4405
4554
4061
5673
6258
103
6446
1781
3205
1211
277
314
2442
4226
534
4527
1320
4340
6167
6982
1318
6138
7151
1434
3541
312
4064
3574
1267
1755
6333
4516
7109
4736
2553
5724
1335
2118
3162
4892
6145
3995
5717
3634
4551
4556
7097
886
5281
5679
5977
6056
248
556
2381
6192
1528
3535
4324
3729
6359
6382
6353
3809
2145
676
2053
1633
2265
6002
1126
6000
6139
2282
3802
1131
4478
1659
3871
5161
6583
3858
1078
3445
2855
6281
1414
3822
7014
1411
406
4839
440
3483
6086
3870
3429
476
4223
2175
2776
6737
2800
3955
3332
1735
3068
3072
3959
3532
148
5594
4497
3455
938
3339
1155
5368
1854
2136
2325
4345
663
6665
661
6664
2795
6263
2988
764
5969
750
6935
6966
5362
1346
1729
2236
711
763
5636
5808
2112
3307
2321
5404
2304
6284
2606
5037
2957
1134
1137
6716
5907
6713
1146
2790
2998
5114
1605
1643
1150
5097
1947
1021
2806
1128
1028
6904
2869
2875
5460
1071
5747
5457
6738
2885
1058
5158
7026
2927
1611
6300
1942
2898
7058
6301
5929
1689
6686
1760
3200
3204
1271
3206
6331
5057
5678
1431
824
3260
5038
2413
5285
5284
3148
878
1647
5089
1976
1658
5086
2179
3105
3067
5527
5668
914
2659
2860
5270
6338
1527
5945
6313
4550
6132
583
366
3951
353
3631
4765
321
600
4070
4079
4905
6207
6545
4094
276
246
236
4175
3564
6517
6516
6041
4224
3536
4227
4231
6154
187
4673
367
170
3920
3890
4870
6072
500
3716
6080
3713
3712
3711
4861
3709
4846
3790
474
472
3697
6084
3806
560
456
444
6087
3854
570
410
408
3869
3658
4900
394
3908
4271
4867
680
4357
683
43
48
678
4603
3523
4402
4404
4571
4473
79
3490
3493
4594
4353
4351
6178
4329
3530
4545
6202
4632
6448
4620
2845
3749
2851
4866
3857
3024
2844
4543
1082
2866
3837
4542
4488
5574
2830
4448
3833
395
2813
4443
1123
4816
1734
3904
3077
369
6736
4595
2777
1898
429
2891
6188
36
1769
994
7121
1679
3029
1672
1664
6718
3800
5128
3801
46
3803
1024
4500
7117
4865
2894
6897
2899
6242
441
435
6728
5658
1037
49
458
6723
461
1046
2117
3954
1159
5408
5398
2300
4363
2329
2044
238
5418
5366
241
2042
4725
4737
5352
272
2417
2366
1311
5422
2237
162
4306
2134
4668
6513
2154
6949
4346
2108
2183
4341
2188
2190
4344
6144
4211
141
112
5329
2465
4035
4775
2698
2704
4415
4784
2711
2668
5229
6755
5202
6746
1583
5720
1978
2775
2721
1990
1997
2003
6437
1284
2484
6794
4098
518
4091
4089
2019
2012
4077
2595
4076
2628
2630
6768
6764
364
6640
5630
6603
3546
3537
3323
3190
5082
3325
769
897
781
762
903
748
3706
6666
3525
4951
3118
7073
6026
3548
5952
789
585
3635
3632
3627
3619
3264
815
3613
812
4907
3595
5954
804
5030
3150
7062
3145
3303
7064
4954
6630
581
3715
3447
4995
3117
673
3384
928
6007
684
3496
6009
