5870
5211
5209
6574
5206
6032
2837
6544
5444
5216
5212
5783
5210
5208
2562
5204
6378
3964
3843
6509
5205
5537
2321
5878
3795
6542
2838
6483
2164
4288
5030
2082
4283
6541
2768
2088
5201
6677
5202
1701
6037
5446
5217
3785
5661
2763
2451
2760
5477
4289
2817
2253
3269
3710
5511
5158
5764
4284
1894
5440
4285
4377
4287
6970
6549
6978
5652
1941
2762
2006
2891
3709
2320
2324
408
6370
7030
930
4772
4282
3787
2547
118
3799
4627
2567
3241
2833
5218
5517
1510
5531
6039
5655
5497
17
2865
2868
1332
5761
2521
2083
2084
2089
2883
5788
2630
5784
703
3234
5595
2329
2340
1226
2432
3152
5873
4418
6603
3904
226
2830
3238
5443
5449
5193
2004
112
5215
3713
2869
3783
2323
1054
6480
6831
4370
4601
3214
5653
6540
5654
5657
6701
5874
3705
5213
2457
4571
3960
4508
5675
6075
6845
2561
337
3848
1760
5770
2041
7142
3564
6030
2087
1525
3932
3756
7019
2974
62
2086
3930
5507
2115
7003
2112
1541
2007
1554
6911
2073
6410
3256
5479
2079
5718
5491
2044
4562
6656
4281
4372
2864
2479
6949
3840
5436
3961
2861
5307
4415
1082
2541
225
5384
2616
3303
220
6031
873
6490
2892
2328
3087
2326
2165
2166
751
1467
3025
3248
4244
5582
2301
1124
720
5441
5617
2434
3514
3518
5650
2160
2438
443
6739
2003
6785
5879
5876
2435
5447
4275
6772
4072
4270
6766
6832
4278
6840
2163
6663
1948
5129
5195
926
934
5246
5356
1654
1632
5445
5078
1056
5527
5587
1156
5608
1431
5914
1192
1200
5710
5767
1093
6289
2043
2075
4374
4378
517
2605
2563
6604
4559
2471
6559
2428
2422
2400
2365
4659
6484
6482
694
2238
776
4927
6369
4942
2085
2659
4016
5802
3060
284
3615
3519
7150
19
3246
6959
227
7101
3341
3719
3088
6986
3242
3967
3908
3701
3096
3903
5386
393
1106
2116
5977
3054
3266
2853
5306
5304
4890
1694
6790
2702
5599
2863
3124
4925
3750
3396
3715
1637
924
7064
3681
515
2766
2619
1051
2071
7097
229
2459
5413
1780
2533
4219
7042
2813
6728
3462
6981
4344
5763
2899
4775
5691
2911
6450
5752
2427
5663
5841
2300
2302
6489
6487
3611
2918
1335
3593
2913
2442
12
4737
6886
5807
659
6567
4839
4171
1241
4865
3789
4623
921
7048
5309
3792
5316
5203
1762
5318
3718
3716
2407
5228
3380
5221
4678
2642
4731
2637
3781
3711
4357
6984
2636
6947
2634
6500
4602
2633
3356
3790
4867
1884
2244
6120
6565
6601
6599
4550
147
7004
6570
3265
3772
3189
4872
2233
4569
6584
4838
2452
4868
3766
2309
5004
2077
2602
2303
108
3849
2424
878
2565
5088
1979
2013
5057
5047
5041
702
5031
3317
202
223
2045
3282
1947
4934
5333
3533
56
1587
3083
13
2912
1369
6034
1365
6730
1207
4183
2916
6038
5854
1614
5450
16
5502
3456
1546
5584
5583
5559
6781
5519
6811
3513
1530
5448
2834
5515
2832
6508
6816
397
6909
5512
6004
1531
3418
11
3414
1653
5843
5853
6696
1661
4280
3571
1329
3110
3901
3113
7159
1004
3703
1705
1707
5768
4271
5943
1032
1031
1643
4108
2919
3090
6716
5442
6989
5855
5629
4858
5787
5912
5633
5915
6400
6473
3613
1463
3567
651
3239
5712
4783
5845
3245
2256
5686
1334
4773
1232
4819
5762
3526
7002
4730
1239
7157
6498
3525
2322
3524
5856
7152
984
4879
1926
3722
5453
107
1888
915
6048
1630
923
3717
1636
7057
5429
6066
3393
6070
5214
5422
3708
6182
5219
1666
5303
1693
5375
995
1754
5127
6232
7098
114
772
5570
3629
4928
4931
5975
4936
1528
4951
3280
809
2080
3464
2189
2076
1558
5033
1080
3452
6280
119
5073
6267
3450
5085
3643
5464
1968
5505
6333
4590
4501
6652
2503
6948
510
2429
614
4518
6709
2614
3797
2423
2889
2890
3841
6812
2857
2855
4371
4258
3091
448
4276
2782
4279
3104
3186
2795
4346
3192
6596
6767
2851
6660
2417
3796
6927
4087
2917
4458
2964
3213
4504
2566
4007
6838
4497
2401
4020
4600
2896
6836
4138
6285
5059
1766
1736
7076
1785
5362
1002
2703
6127
1955
3121
224
4446
3318
6699
6700
838
4273
6616
3089
3690
6940
6079
6178
5241
1946
1942
111
6246
2568
5123
4417
5190
6955
1883
3338
6205
4619
513
3335
5075
1994
3163
2002
3368
6654
2639
6185
113
116
6626
3845
1879
6168
67
1389
3529
18
1402
3528
5877
4005
3999
3522
5651
5641
5906
5616
2867
1441
5682
5687
343
299
5792
4031
3570
3008
4073
1242
4075
5597
2958
4090
6856
3543
5849
1338
6848
5709
1310
3616
3618
5588
6014
5493
6744
4222
3311
5469
6035
3924
5459
5457
5456
2781
3658
3420
2769
1045
3647
3085
6008
3069
6789
1472
2858
5564
5553
1508
3628
2827
5969
1523
2841
3941
5981
3467
1100
3066
1117
2790
6899
2161
2271
4810
4877
6609
2402
3232
3761
3788
6973
3288
6610
7031
6607
6331
6504
3755
7015
2169
6337
3780
4010
2470
4750
2406
3760
4779
179
4745
6532
3183
3195
4503
2067
2258
4776
2426
4876
2514
6547
5018
6968
2420
3305
4875
819
2110
6373
2308
1398
2752
3679
6719
5658
6543
2183
4564
3794
2764
6835
6398
3700
3094
2473
5370
1710
5372
2327
6987
998
2697
1698
3227
2701
6963
1645
2708
1008
3261
7012
3907
3775
1664
690
3778
6988
4921
4920
4904
4294
6470
6551
2307
5594
5514
4813
6419
5518
1468
4190
5979
5942
1529
6776
1526
2439
3469
3822
1520
4786
3632
4185
5960
6428
4802
5534
3487
5575
2264
2255
4199
4754
3931
425
1610
4232
3521
6912
745
2879
6467
2785
4176
2453
6735
1589
4835
7138
3041
7105
2798
2237
3454
5604
5603
2862
2809
2445
3047
5510
6723
180
338
