5873
5877
118
6039
2472
2006
5879
2007
5479
2009
5878
6037
1061
6038
1670
202
1654
5765
4139
2821
4007
4143
6546
6065
5651
201
5470
6575
3106
6570
1441
6901
6532
6725
5768
6584
635
2424
2003
6577
4135
6579
208
2945
200
4145
6583
7161
5443
602
1401
6765
5788
2435
1786
6588
4003
3105
6899
6909
2817
1402
6763
6127
110
1653
6940
203
4132
5763
5846
6854
443
6853
1053
1316
1449
1313
4703
5664
3047
6229
2392
2390
6768
779
210
6030
6904
5483
1811
205
2942
5780
2677
6858
7
2321
4148
3441
2884
6782
6289
4659
5142
6721
7029
3983
6762
140
6587
6031
3462
6033
6767
6769
5440
5816
2883
773
4144
4098
3091
2434
6231
1319
1334
2004
6447
2438
6326
1311
2812
6930
3967
2880
206
5021
902
4099
1075
1056
1054
6919
5248
3049
5314
4704
6574
3568
3085
4658
5870
3781
6573
1310
1656
2574
33
2575
5659
1431
1437
4022
5761
3098
5531
4006
5516
7044
6558
3040
1918
5444
3044
5529
2452
1815
1814
197
1789
3820
5495
5502
5476
6498
2401
6543
207
216
6572
3280
4709
2432
6578
6970
2340
4080
3940
6867
1232
3828
2782
1286
5912
5505
4140
6893
3079
1317
65
3046
4141
3082
3086
1677
3093
1666
1650
4147
1400
3102
1460
5786
3567
1868
1280
5208
4330
4323
4926
5033
5200
109
5211
6758
6137
1111
6551
5313
4136
1901
2005
7050
1910
6942
6866
299
4172
2678
6766
6850
6848
687
4180
4149
447
2974
4177
4101
6720
4075
6780
4255
3042
6869
2663
3849
117
6034
6102
5319
2671
142
1115
1100
5300
5299
157
5253
5232
5158
5974
5473
5493
5907
1507
5785
5766
3644
1430
3733
5631
5047
3753
5853
1332
62
5559
1314
5520
5511
1658
2244
6121
2430
6370
2407
6482
776
2436
4715
4731
2324
2323
3949
4005
192
2583
750
4021
2428
4601
2303
6412
774
6582
1315
3080
6415
5550
1337
4923
5872
5612
6476
5637
5661
5812
5807
1447
2679
6855
388
5781
1678
5633
3051
4475
6693
2301
5066
6222
6316
2307
1076
2314
4339
2948
6728
2811
2796
2326
1284
2383
5392
1171
485
2762
1920
1919
6032
5441
650
5447
5449
1830
4920
1817
1949
2585
5777
4146
3393
3841
3739
247
3132
3759
6941
211
4142
4029
3981
3984
3989
7077
7121
370
7155
75
3863
148
3417
6872
3447
115
3443
6706
5875
5584
5577
2673
18
1444
4576
714
6545
718
6916
6539
6529
1714
746
3282
4575
4125
2686
1439
6701
5810
1432
7150
5819
5657
4315
4333
3196
6643
1591
4356
19
4357
2815
3755
6921
1655
1674
1692
940
2478
2539
2251
5973
5023
2207
3383
3924
5089
2169
5149
5164
3908
1059
6147
1067
2069
5298
1116
6068
5388
1947
5339
5448
5450
5458
943
2530
1295
5497
5496
1282
4000
16
2456
4772
5920
5554
6405
5490
215
5488
2398
2396
212
3823
3508
6318
2304
1787
4234
1953
463
1472
3134
1546
3090
4202
4131
6905
3045
5801
2996
3008
3028
6903
359
4183
3651
3023
5760
6861
1540
3228
6336
3100
3104
4836
209
4514
1660
5446
6571
686
5876
3748
689
6365
5030
6949
4951
4928
3095
3663
4929
6589
3025
2308
6785
3829
3348
3758
660
195
3782
4903
5595
204
4478
5471
4925
5489
1710
3795
4685
6902
4631
4677
4671
4020
5508
4023
3290
2538
6487
77
3284
2573
5524
2570
6507
778
2584
4610
4608
2614
6553
2675
2204
873
6549
2427
3340
2433
6885
1784
4137
6413
2458
441
3789
2479
832
4595
725
728
3048
6378
5833
248
3482
3737
6043
2891
5658
5290
3659
6141
6046
5308
1411
6764
3135
6138
5429
1440
1911
1547
4268
3732
3904
5212
374
1077
5669
3003
1601
1604
372
6145
4285
4286
2082
1914
1941
3009
5226
2983
4350
4173
112
5330
3662
6864
2853
1565
3665
6914
3440
6778
6857
2837
6011
2964
5433
2165
5749
3315
2547
1983
4649
3456
1927
5233
2437
5347
3286
5343
3066
3792
4641
5914
6130
2537
1948
3449
6136
4700
6062
1944
1481
6459
5395
2501
3519
6900
1300
5259
1281
4712
4684
3446
1167
6143
136
444
3390
394
5465
1886
3115
3370
935
1879
3096
945
5767
3543
4927
6218
362
5101
2312
7024
414
5445
6008
2179
3377
5012
3655
7159
5976
5442
5079
3848
6230
3669
5967
7052
7018
1196
3867
218
431
6369
6845
2391
1052
2081
3089
5482
5938
5209
4860
2365
2317
5204
1812
7162
1816
5201
3825
5953
5955
2105
917
3962
5196
194
921
3945
5203
502
3799
2571
6789
1609
5817
3005
3736
4028
6911
2906
2908
6710
6711
4273
4271
6722
2633
1549
6922
3183
260
2885
6917
4074
5655
5745
2793
3232
1652
1651
1667
2827
3744
655
6641
5831
5874
6932
6648
5653
4338
1406
2693
6786
679
4602
2667
5848
1718
2586
2991
6511
3569
1958
2588
1566
4632
2596
1445
3790
1711
6968
3791
2561
70
5802
1980
3024
960
5349
6760
2160
1989
1542
4087
5841
6215
6018
1950
5143
3130
1408
5160
1657
5712
5162
6926
3185
5337
4377
3213
2247
5348
2240
6280
2795
5011
4153
2808
6937
5632
5634
107
5771
5650
1866
503
5074
2194
3840
3921
1869
5800
6000
3109
5099
504
1589
1905
2062
2060
1433
1926
6718
1078
1079
1080
3128
4244
1583
5252
3870
1923
6723
6912
3431
5294
5296
6726
1506
4262
15
1098
2016
5304
528
4258
2941
6715
2930
4171
5197
152
2102
3397
5823
139
2985
5312
2982
1912
5207
3400
3735
1915
1050
2979
3442
3484
5773
1055
3004
1057
5453
373
1544
4281
3474
145
6148
5165
2888
3544
7145
3672
3076
4775
2439
5917
6416
3077
3157
3041
3987
707
5882
6400
3982
6805
2429
262
7124
2395
5746
6557
354
6556
7010
7123
6304
2408
4822
2415
4179
