5884
5474
5883
807
2125
450
840
2129
5857
6990
6716
6726
5153
3369
2765
2060
4703
2127
6230
4614
4846
5922
3360
2885
7132
3367
6717
7084
3364
804
2183
1328
4954
5879
488
1079
3484
4953
3368
6713
5531
3294
2884
472
474
794
6108
5572
2833
801
2422
2062
3942
6088
4680
6712
5885
3363
5664
2122
3164
1577
2619
2618
6389
5833
5152
938
2188
1956
5315
5756
5472
5440
6211
5442
5204
2182
2724
2672
2356
680
4620
808
479
5045
845
7021
5233
1958
4841
2598
844
3398
5259
2123
6253
5319
462
463
6996
2834
2061
6999
1437
3860
6085
2678
5875
5079
3899
5155
6354
6401
2424
4120
2882
1583
6896
7145
2764
6258
2189
7130
2126
1993
3966
378
2120
4515
3169
6703
5661
3306
3248
579
3274
6137
3811
6802
939
3455
2538
6322
6435
1169
2553
5775
6273
6514
5076
4718
2838
6854
2505
3162
15
6873
6805
1889
4347
802
6890
7062
145
3841
4705
3699
6216
3365
5632
3979
516
3842
141
1055
3174
848
3293
843
6826
3211
1259
2069
6870
4627
5636
1059
7017
6076
3338
6025
4423
4573
2241
5996
1860
3986
3877
3571
800
3690
7080
2788
1874
1878
5920
66
4912
63
92
3298
18
5874
2430
5130
4519
5683
2612
5886
5475
2617
6245
1953
5676
6992
750
5889
2737
729
6898
143
470
1559
7114
1075
811
3769
5399
805
4913
2204
2607
1165
3400
4701
4696
5595
505
4341
4915
3240
4345
2735
3887
6978
4293
318
6392
6677
2849
849
3482
3203
2234
6709
2432
6991
6377
2475
3212
3362
2762
812
2480
3145
5861
3980
461
2209
2766
4286
5441
151
6810
4171
2065
2066
487
2340
4489
5713
4035
2945
2283
437
915
5635
6875
815
4839
1077
138
7158
6257
810
2888
5771
846
6023
7011
6824
5614
1570
5478
6813
936
2676
5937
6293
2300
6825
6439
4376
1711
3872
375
19
4435
10
2852
6570
5938
2870
597
6496
439
1812
981
4487
456
4421
5959
1019
455
6641
1015
6442
5027
4468
3002
4445
5863
5507
2768
5929
5953
5504
3458
6448
2263
5880
500
5993
6997
688
4708
682
155
5760
4849
1611
1613
3849
5333
4778
5780
5479
6328
3209
4576
6285
4329
1947
3949
4084
3352
814
2128
6899
3346
6983
2606
4235
1943
6248
6877
6876
3847
5227
917
922
2583
5670
4676
6226
6973
6731
5613
1438
4547
293
5597
3862
7083
1680
1439
3644
6087
1873
6379
3603
3103
3536
67
6387
2760
3241
941
874
3977
947
803
7037
6761
2198
7031
5173
6084
6348
1156
806
5175
349
4464
4774
6049
6499
4692
783
6065
887
6489
3579
1018
4790
4767
4625
4466
1893
4914
643
3245
6417
3247
2256
2255
6365
984
3863
1995
3829
1872
3483
2237
1870
3185
1898
4917
2272
4645
2134
4840
6262
2136
1913
4483
4709
2121
689
6447
2277
6443
681
1901
862
660
4493
4848
6326
685
5381
3933
5366
2674
3635
4276
2421
5085
5611
6581
2595
5719
1476
1163
2679
5878
94
3292
841
4349
5788
229
4283
5072
7027
7025
6718
5312
3030
4323
5837
6688
5135
5660
4330
3448
2664
4331
2484
7014
3717
140
3732
4288
3634
5165
5714
5245
2535
4067
6806
2566
7137
2830
4377
5550
238
5210
5764
458
484
5219
1759
7147
1617
4156
4442
3004
2866
2541
452
7157
6544
3656
3881
6808
3287
4164
3948
64
5443
5070
3975
2386
3172
1076
5449
5447
2360
5270
4081
3356
3409
4791
683
3712
4082
6894
3920
3718
6878
235
3357
2814
920
2596
5512
1593
4643
3618
1595
4847
926
1578
907
2608
5921
1277
6246
1458
4704
5400
2705
79
1325
68
3402
2033
7116
5551
2739
5590
818
3810
5547
1987
1354
3669
1358
5537
17
2944
5502
11
7159
7139
4779
2956
4683
4649
6244
741
3845
2650
3204
1948
2659
2093
2085
756
144
5596
6228
1608
4673
1959
7023
5338
7026
7029
2067
3561
3114
6194
3067
136
5759
6558
2161
1862
599
1083
3890
6541
4370
1128
6463
5148
2235
3897
3181
2233
536
4307
6516
2474
6714
4916
6374
328
3869
6015
4333
5848
3296
6431
2271
407
5969
410
4919
3478
6412
6643
423
3301
4910
1718
2431
2253
5075
426
590
1744
4619
368
2380
5877
3276
1168
465
6016
6804
1803
6324
6823
6827
1166
1619
2180
3760
5772
4851
2912
675
5023
4427
2320
1162
1762
1651
1819
1016
6474
2880
4289
3497
5065
2881
4282
1877
6488
6766
4544
1149
1652
5378
5029
5077
5927
5505
5561
4926
5067
1433
3003
5887
4928
2771
5565
1767
5062
6100
5949
5928
5471
5095
5865
6020
5169
6026
910
911
5717
3611
4842
5185
1634
3622
5226
5783
1594
1596
3567
4856
1598
928
1599
1607
931
5200
1564
6018
4835
990
5864
1286
5353
987
1721
4903
3158
3016
1504
3188
5331
1950
1516
5992
1949
1871
3025
5666
5154
1251
6010
5162
5083
1615
3095
2006
4284
6371
6502
4543
6367
4548
2328
4564
4572
6993
4064
2648
6998
2346
6344
6336
493
699
7033
6280
4422
2468
3898
3864
7022
134
686
676
672
4424
7012
7020
190
6378
3466
6860
4463
6857
3422
4496
6437
3477
6441
2302
6446
2562
6836
3472
6471
6444
2675
4510
2311
4346
2240
2892
602
2839
2616
4143
598
4514
585
6809
4129
233
3433
6491
6263
691
4480
3839
2709
2711
6170
3987
3985
2754
3982
761
3299
3302
2857
2745
7081
2392
7042
7099
4681
4372
3968
6213
2425
2423
3973
4695
3840
7135
796
4674
3989
6162
7121
2451
7057
728
2011
2767
3406
2401
2706
7152
2442
370
2680
4379
464
2687
4644
2114
2018
6241
3888
2690
2433
12
6625
3616
1184
5078
3037
5088
2832
3297
2550
6580
5084
6818
6574
6691
3034
2452
3893
6699
348
359
