5889
5887
3435
2373
4069
456
687
457
4067
5745
535
3431
673
5885
6449
458
6432
70
7112
4060
6434
450
677
1102
678
6829
6708
455
452
6445
5881
248
707
676
5636
4063
451
672
6447
6242
3442
681
4065
4064
5635
725
74
6253
674
671
5557
679
1019
321
6442
670
6446
4694
685
5888
3438
453
6252
6061
1015
3432
712
6076
78
713
1435
922
1439
680
5882
6443
3448
6241
2386
1604
4968
460
5632
5883
431
135
257
4062
326
688
1953
2599
6250
2182
1016
5559
1608
2312
1963
6440
6438
2310
6249
79
3434
6514
461
684
3145
3447
4962
5550
6247
6437
531
1851
530
4234
130
366
1611
5839
5553
2870
3437
6296
6714
463
5598
5750
5407
468
3565
4697
2510
1617
4516
2390
3973
6512
370
4076
5471
805
1111
3537
5077
436
3443
6550
705
6444
454
6810
252
4330
4671
706
1656
4384
6990
1609
6108
1658
483
2372
2197
4901
4235
6456
1539
3034
2678
2875
5668
3430
806
3530
7113
3120
4845
4846
3010
683
1113
3760
6517
2885
549
3123
1950
5928
5927
3532
4721
7084
5420
2188
6742
543
3937
5861
5580
5840
2888
1284
1809
709
973
3767
5312
2350
3072
485
3727
7025
5360
4548
1401
2535
5168
1408
2016
704
6137
6717
3023
6731
5819
5801
5638
3148
4273
6702
7017
3042
1616
1026
298
538
2871
536
6935
6942
1438
5277
6516
6058
3742
462
3654
701
2606
6439
5411
3551
1307
1302
1285
2705
3449
5884
6448
5520
5880
5568
926
1314
1619
5546
4884
4571
267
2123
213
7114
1959
4453
6244
6328
5441
3829
3539
2286
3857
3535
781
1318
1404
217
598
4832
6251
5812
2042
3768
3202
740
4541
5070
2960
5757
4953
1214
924
4940
3439
6946
6258
4888
4771
3445
4634
4883
835
2701
3952
6074
6256
4670
6243
1669
2017
446
3499
6803
6254
435
2505
1303
6229
7016
2395
4262
4554
7027
4777
2122
6885
3016
644
4775
138
1800
305
3109
3102
4322
2566
4848
4249
4542
3141
139
5666
6712
2600
3536
695
4847
935
1112
1301
4824
214
7132
1230
1712
6025
929
3523
2814
547
2456
3625
169
2590
4309
2719
3428
136
486
6842
869
1987
5490
479
1728
474
545
6849
5910
7032
1680
6814
1613
6940
890
820
817
7029
3862
675
542
880
6711
1432
4538
4609
5314
6001
253
3603
647
368
4700
5417
6917
7021
6396
5423
4704
3761
1014
4189
5999
2937
1154
1150
6132
6203
1339
2192
5941
2612
4239
4575
2884
7139
5389
3549
1309
3545
4614
97
2180
2474
2262
3820
3704
660
6518
6000
75
521
4543
719
4557
3980
2503
2421
2559
790
99
2595
3620
5406
5328
728
3440
3573
6026
2533
2674
2676
2442
5219
3714
6873
2668
6556
7099
544
6557
1717
541
3540
3567
2523
3650
4510
4515
1447
5275
1313
739
2679
4882
3483
1337
708
5202
6057
5661
4952
1869
1773
3280
4680
250
961
960
3287
5833
3122
255
6293
256
1210
7163
4705
925
1603
5702
6069
5862
4644
1755
1542
1544
4967
4381
6215
2196
5637
4703
2049
365
3203
3205
5781
1024
2194
6426
5786
7057
2193
5816
6117
3235
5612
1657
6453
5752
6175
6146
6436
6326
6813
6352
3068
2009
6719
886
4889
1749
4665
1107
292
1104
1893
1101
4308
3022
7118
3406
4572
4350
1087
5152
4790
1784
3991
4674
4265
441
6222
4061
5733
2721
6280
1925
5552
6240
4047
5890
5879
3369
1068
4906
2723
480
1017
4849
4606
4604
1091
4841
6754
4597
702
1115
1054
3644
3651
1052
5754
1345
6317
715
6538
6539
21
6310
1714
4727
1718
4643
1012
914
803
4622
1236
5555
5554
907
2677
902
6255
5547
5474
5475
5541
883
4820
3481
3402
3403
872
3408
3409
844
1731
4642
5454
5452
5857
5847
738
5619
1331
3224
746
33
750
6300
759
3260
4693
3267
733
2650
966
964
6648
3286
95
3298
4679
4825
2820
2818
3321
794
3275
6783
4336
4563
363
4966
5255
4376
2481
5270
6431
5273
2332
594
2394
4221
5284
4070
4881
2388
6922
5156
6920
3769
5148
2402
5249
231
6121
3939
527
7083
2431
3920
3037
1444
2250
5184
1695
6515
6027
2246
2424
560
4880
6034
3883
2241
1655
6017
1983
6933
3765
4225
4112
5966
295
2002
7071
291
2571
6904
4353
5980
5027
6900
2347
5953
299
4356
1661
3712
4359
2155
3740
1600
4436
4361
4333
2181
5140
5319
459
4561
6901
467
6228
2128
5996
6136
7023
2168
3744
4045
2345
5872
2855
958
2265
2764
2762
403
2269
5828
2261
7124
4908
399
3362
6095
437
5835
1235
1660
2776
3339
4432
3336
429
428
7134
2341
2809
440
422
418
3327
3326
3323
2318
942
4438
6081
4677
4414
219
6083
2844
6078
2240
969
7158
1628
2183
2184
5669
1772
1119
4233
6698
4230
2979
1037
4799
2185
5746
2074
302
1066
5002
1095
1794
4299
4297
5719
4267
1615
7028
1078
4285
263
6320
1805
2130
4811
2190
4709
4136
5611
6778
4135
4123
6987
381
4692
4121
4120
2883
6665
6461
221
977
4211
6776
4955
2195
1022
5067
7151
5076
2930
4903
4176
1858
4964
2929
2918
373
6769
6441
198
2008
3873
615
1297
4539
4608
5315
6936
812
7090
3938
1289
5226
174
528
1384
1280
2425
586
5492
6908
6548
5895
723
4540
5418
3888
4879
769
6560
6867
3548
6007
6864
3544
6860
1306
6923
1419
2632
784
1422
6018
5923
2010
3782
606
5447
1433
4514
1966
6546
721
6502
5174
119
663
6359
6054
64
2584
484
5952
4551
6822
4023
5384
693
3400
471
134
6063
6066
2005
3385
5365
4349
1885
1924
5165
4827
4645
661
505
3981
148
6490
511
2404
4835
716
5392
6257
