5086
4861
3952
5088
359
4527
2516
6243
3904
2147
3144
2460
5121
3978
6709
2171
554
6433
675
6439
374
6435
1854
1202
6064
2144
6088
2149
1851
1438
4337
489
4901
5272
1692
1017
6847
2865
2864
471
4360
3415
2595
451
3496
5085
5719
6689
5717
4493
1528
2146
2576
2066
2518
1201
1028
1023
87
2095
2598
2700
1293
6248
3058
6412
888
2867
711
3944
426
472
5359
712
7113
829
6109
6887
6684
5426
1490
672
1522
1520
1529
2216
4238
6737
250
264
1299
4034
2862
1257
3123
2296
5383
5421
3433
3911
6498
6889
1294
5428
134
2861
158
1036
3043
1029
2591
6290
2538
2534
2468
4540
4525
827
3703
3704
5354
3705
4529
3060
2869
3309
478
1132
4544
5945
5458
6187
1016
3711
6626
2981
2140
1644
5080
1609
304
5034
881
5096
6047
4473
6687
239
4130
940
4417
2148
1523
4874
4873
6669
1973
6830
73
6685
2705
5051
89
3059
3906
5741
1019
3903
4369
3900
5656
4567
4735
3183
3308
3657
6414
3300
2986
4283
2268
1607
1659
7061
3158
3905
3715
4014
4194
4655
49
6101
1279
1030
4363
138
4863
454
4904
84
6046
3444
6883
5978
4499
3594
676
6981
899
6688
2052
3815
7087
2890
4730
3416
4344
6530
1298
931
1993
1809
6736
2702
1018
5569
4346
336
6531
3950
7094
847
2397
6597
5451
6582
2097
3724
4232
3973
5472
2851
2125
3411
5748
1275
5673
5881
853
6686
879
3230
2825
5063
6085
330
331
5723
5722
674
5090
677
6072
363
368
5803
5149
1556
2539
5179
3909
4114
771
6157
1021
3712
5380
5423
5955
3716
499
1369
2727
5465
536
3719
1302
2710
1295
6193
583
474
6153
3902
611
5891
3875
843
6014
6246
6012
836
1496
3685
1200
5644
5266
3590
450
1237
3341
3709
470
1026
6132
3528
3713
4460
4673
2137
4364
4860
4545
4243
6990
2138
7030
7101
1969
4520
2132
4406
4626
1798
6992
242
1744
2868
4798
62
3114
6880
6918
186
3173
4280
3107
1747
44
3554
5267
1251
2434
409
1305
2438
1526
1038
2473
1372
3527
2096
6262
413
241
4067
3401
3112
2065
2094
2386
4840
5321
4665
1211
6358
484
3118
3361
5368
5367
644
5366
1218
5703
119
2405
5771
5713
3384
3063
2134
6314
6843
1440
5336
2099
5429
5646
4865
6841
6416
6303
3852
6195
4817
1208
1992
5002
3959
2176
7118
6715
3961
938
4968
6113
2720
3700
1323
828
2174
5125
2809
936
6043
856
2889
2982
4343
3627
6732
2535
1645
3954
6092
6053
4424
4477
6726
4479
550
339
2821
405
4174
40
6931
4907
3030
534
531
5952
4924
4546
2899
1802
399
7102
4542
4813
1335
3706
5185
2711
5491
1679
377
980
6192
2893
586
1271
2098
3913
4749
3908
3105
5626
3901
6984
1290
1291
6995
3877
5641
6430
2712
5645
1855
2093
1270
1127
6347
3725
4549
1940
3723
6186
2593
7092
7100
5966
5967
7104
6135
6133
48
1934
3710
43
7110
1964
1976
3014
850
857
4471
4470
4469
909
6075
3626
3625
2047
2400
2599
4586
5688
3490
5705
3493
5721
1883
5744
4380
6312
4386
7041
3497
5770
6301
4400
4622
1094
1093
5880
1072
5908
744
3052
4389
2474
3551
1034
1031
7066
1908
1109
4792
5298
3148
6888
5435
3992
376
6700
5144
5032
249
1499
2728
4825
382
2260
383
1647
375
6884
5137
2266
1432
4175
5341
2860
2284
1445
3129
5228
6716
3121
1413
2141
6663
5134
3381
3189
2807
253
462
2257
2332
313
1559
5504
1343
6682
1525
1325
5467
2725
1355
4327
4887
1690
558
1725
4875
5037
458
4522
4629
5774
41
2269
4637
4526
69
2589
5949
6705
4136
234
5727
4061
5936
4523
692
5135
360
6304
6773
2859
787
3261
1710
4556
433
4153
5971
810
7060
3731
1024
1722
752
5919
3050
384
385
2843
1037
1906
7099
252
2469
6007
4595
4793
1720
5210
5150
4871
5859
1088
779
1082
77
976
3726
3737
378
5237
4608
248
7053
2716
3351
3438
5083
4819
4710
5614
3443
2529
6750
4696
4694
618
6103
6104
3076
3349
5453
3979
6585
3990
1633
2533
3087
3419
4463
5053
551
1297
6546
4454
3968
3969
2707
5642
4321
3916
4465
4448
585
4811
530
6948
3976
4444
2985
1375
7014
2594
3472
296
840
2863
6614
2136
1980
6853
6594
5098
5702
6342
2404
7119
5681
4668
5699
645
7135
1882
5087
4242
2676
5720
7025
3466
5649
5652
496
2509
5107
4247
5057
5106
5158
2512
2545
2170
5019
2207
5059
1605
6044
1649
5084
4423
4159
1600
6058
3631
5089
2037
5092
3701
5081
4440
1642
4961
4966
1680
3764
4547
5454
3879
2092
3878
2317
4362
4844
4845
2391
1215
2394
2396
5403
5395
4667
2303
1874
5690
5363
4830
2371
5457
4702
1308
1788
1300
5551
3962
1296
1803
4353
4357
2403
1811
4729
4715
4712
2364
5459
4818
5602
4706
1259
1277
5938
4366
2081
2069
5898
3736
5902
4604
5236
2262
5918
5925
1039
1508
5222
1527
2057
1928
4289
1711
1013
4905
2263
4621
5857
1102
5357
1173
1435
5725
1437
5747
1453
5325
4867
4368
1139
1137
1133
2070
2271
5793
2142
5806
5808
3783
890
4228
5254
2887
3508
3485
6625
71
2833
246
67
477
2832
538
539
3085
6584
6973
7004
3591
230
6386
321
749
6980
6846
251
678
6819
6641
6680
455
6996
410
569
782
2645
6474
3561
552
2726
6203
3342
6330
3075
261
420
6131
6199
7108
6969
851
3013
323
431
371
491
333
3386
7141
6892
6661
327
2722
2769
3618
7111
3019
3106
6287
2987
6105
6924
157
4815
6299
418
189
2779
4322
1144
4804
6264
3287
5764
1303
566
4797
2120
2265
4275
3811
428
6886
5794
2630
2628
1751
5813
422
721
