2132
2138
6186
2136
5355
2134
892
5081
4447
1499
2154
2879
1997
3495
1323
2135
6737
5359
353
3490
2151
371
5266
2316
5893
5849
532
893
1524
5894
1208
4892
2878
6188
4448
6158
5356
4828
879
6183
2488
6508
4222
6984
3493
7104
5685
2155
657
7138
5015
4091
1992
896
3492
4862
3595
5229
357
6736
7135
5422
7097
2131
4238
5375
3553
2143
1647
5052
1726
3129
310
3382
895
6559
5898
3383
7034
5093
6747
2539
5261
6089
4231
2113
7047
4693
3935
3052
1258
2058
7136
3572
4864
5357
1139
3059
6515
5351
3264
6755
430
5098
2133
4866
4537
377
1130
4631
1136
3558
5352
585
581
6195
7056
1720
7124
5428
6106
5371
556
5890
3578
6053
899
5239
822
6070
6177
319
1133
4535
2737
2115
6686
5382
4119
1325
4765
6684
744
3497
6827
2137
35
5964
824
6537
375
6759
6749
89
87
3934
872
6505
376
826
3951
489
2139
6189
4829
1847
6536
2284
4861
1271
4362
361
2345
6060
4584
2012
1990
654
5978
5724
5971
6724
5223
4720
6342
897
1011
5071
5283
1036
6182
6167
355
514
515
4802
6152
6359
2049
4784
534
537
2124
3061
2392
2130
5421
6101
557
1187
5237
3385
4095
1362
3550
7098
4232
4061
3359
1538
3635
1678
7077
4
3155
3117
6764
5379
4780
5373
4239
829
2090
4753
6847
6837
6105
6834
4723
2159
2128
2399
6157
1790
2466
1515
5201
1518
1532
4899
898
6929
2112
5322
3636
7058
1114
6187
323
1132
2784
5358
1333
307
1842
1661
5693
2236
4380
610
4387
4538
5688
4552
6789
5984
6744
3107
2982
7045
4832
1724
1030
3653
2473
1664
2938
4343
1746
3496
3051
2116
3053
3054
3384
3056
1922
5269
5267
4092
107
4432
923
1487
2510
3938
915
103
372
3946
3954
3262
6982
101
2486
3726
6523
354
5899
1519
1588
1582
2144
1628
1131
5615
32
40
6836
4321
580
6104
3494
5592
2259
6067
5480
2767
809
1996
5658
1995
36
2149
2381
6678
3491
6416
1405
5110
741
5244
7111
3357
5090
6109
2932
775
6345
546
5467
6
552
2024
5485
104
2934
5682
905
7082
2860
80
6194
5825
1665
478
5668
5325
7139
67
7067
3631
6180
6185
5263
513
583
1938
2670
5380
96
3428
1939
3576
3380
890
6135
1644
472
7091
7089
5619
6418
5967
1481
5032
1035
6730
5019
4524
2218
1490
4525
4533
6633
4724
1324
1450
1189
4699
367
2384
4729
4734
4327
4688
4820
4364
3060
4824
1374
2098
4393
4825
4115
6888
4758
214
1277
1365
4296
4275
7075
3118
6103
3627
314
3354
5464
3123
1634
1361
5401
1366
2813
518
4733
1157
4233
2848
6426
2809
6040
2660
2014
4449
5841
3433
6765
2005
2018
6742
650
4444
6746
3109
5977
5942
1672
4472
1663
6732
6083
5533
5540
6071
318
6069
1326
255
3080
31
2753
1321
1320
5646
586
1254
1660
6824
1414
3574
2152
987
4410
3308
5001
5128
5143
2891
391
5186
4034
3258
995
3261
1735
3978
5212
3026
1935
4908
5350
5242
5217
5014
5002
6376
6912
6470
409
1415
1584
5321
3273
855
3896
1513
4821
4822
1570
1586
3639
2468
339
1900
4325
2980
5063
5017
5216
3405
4531
5220
4534
5230
3409
3106
1510
1496
4446
2950
5038
2936
2015
5096
5891
5205
5730
5037
5034
1270
5183
1999
5896
4492
4440
4549
1128
1932
1771
3533
875
4728
4114
1948
4735
3356
3559
1156
5407
4757
2850
1509
4117
3352
851
1416
4225
3591
4220
3055
4826
4727
1635
1799
1740
1488
4942
3075
1979
4927
5549
1207
1846
1974
4891
3498
3027
4874
782
3725
3721
3719
1445
1178
3033
3042
1873
4578
3113
4831
6014
6741
6830
512
2092
6601
6833
358
2163
105
2148
6907
2489
423
6763
6939
6731
424
6203
236
7043
6058
79
6181
2651
56
582
6211
7116
6679
6307
2140
6626
410
2233
13
6516
2635
522
6534
320
6918
2336
5990
2095
275
474
6928
2249
619
2051
802
4267
933
4298
1344
181
4803
804
6113
4752
6843
1408
6551
6571
6100
3213
3194
6891
550
2518
4816
2165
3126
442
162
4815
1375
3150
4299
1371
4806
5429
6862
1364
2117
3151
1337
209
1334
1251
6336
5243
6612
868
2146
4539
252
4754
476
919
1936
908
6316
1843
1844
263
891
1848
6668
6657
2573
3081
415
2859
1256
2052
2118
3112
6801
5365
2153
1933
4363
207
835
858
4415
6748
2632
1283
6740
1272
847
6735
6191
4474
4479
5353
4137
5522
4118
64
3351
2427
3592
3325
2010
7060
2995
1577
1576
5167
3700
3720
5215
3302
703
2929
1526
3020
1708
5125
1037
6483
5965
634
3389
1906
3421
1668
5979
2028
5983
5686
1659
1657
7134
30
659
1027
3499
1636
2455
1633
3361
2643
699
2553
3996
2738
6931
6949
4044
1480
6945
5612
1754
2752
1474
593
4863
3235
5208
3959
2411
6063
3976
6937
6066
3933
3029
2339
1447
4110
3837
3226
6052
369
6056
365
584
2770
1082
3931
3904
4096
1501
2026
352
6618
6547
4833
1903
6620
5088
1850
6621
4860
332
331
6623
6455
5092
2418
298
3023
2119
6600
6506
1137
1138
6509
4989
1061
4993
3058
3014
2998
6503
4772
303
1049
2431
6486
300
6482
1023
6611
4309
4682
3655
3310
7044
1540
3301
106
1525
7030
1523
81
3275
3271
118
3267
1752
6962
3932
6940
1472
3967
2334
6935
1575
1587
1689
7166
3427
2231
3437
3470
2235
2252
7108
1578
43
3522
1627
1625
7095
2278
3569
3353
1714
3587
44
1186
4036
4099
6734
4473
6727
6721
3089
3088
4532
6697
4550
6745
3085
4563
4567
4577
253
257
4587
261
4667
1201
3084
4090
3110
4328
3223
1770
4130
4148
3214
4180
3204
6887
4224
4359
161
1369
2371
