5892
2524
5843
2786
2522
5898
2787
2527
3974
1538
3650
2525
2361
5233
1092
5671
5234
5231
2521
4611
5899
5997
3559
3603
1841
3653
657
4439
83
5800
2785
1847
639
1569
1562
2520
3572
3651
7036
976
3573
2225
3558
2523
5694
3405
5084
328
1056
2362
2068
6869
4965
5847
4932
3849
5382
5690
2278
3669
6351
4719
2276
6204
4978
3979
5243
2877
1051
2462
6366
3950
3550
5992
555
633
4321
5947
5895
3555
2526
2888
1840
5696
2256
4974
1582
3095
3384
1560
5697
1743
3554
6458
2213
2455
6011
4698
7134
2270
3655
3762
6842
4693
5487
5730
5586
5759
5465
5893
3557
5961
6493
2919
2936
379
6361
4462
3977
2789
6119
3055
1458
7166
323
3576
3
105
4605
100
1558
2528
3668
7145
2573
4178
2810
3684
783
355
6843
1411
2935
3947
2383
4784
5237
1211
6867
6553
1050
994
970
835
1572
3575
1745
4631
1854
723
5390
5840
1780
4908
4002
5968
5781
1992
6128
7098
3774
5782
1844
3471
3008
5314
2670
3556
3170
4938
5395
6985
5396
5387
3409
5430
236
5316
5317
2816
5499
6892
231
2903
5485
2923
2934
3404
2783
5445
494
2733
4976
5254
5244
2681
5448
1541
600
5760
5772
6539
5805
1537
5874
764
869
142
1532
108
6012
806
4431
1825
6738
3971
4436
6679
1774
4711
3788
1533
502
992
5555
2454
3628
1567
1025
2368
6844
6741
1575
559
2304
5670
777
4746
1058
5676
2252
4524
2313
500
5275
2505
1391
1344
6359
6376
6382
5235
1213
3051
6555
6563
3056
325
1024
6671
1145
2782
1545
5548
5599
2385
2381
551
5674
2274
5695
2587
6801
634
1997
2675
389
656
5956
5393
1901
1893
6758
2732
6742
5998
6732
6724
6123
1574
1548
5425
309
4339
7130
3552
148
221
4598
4091
4093
4399
4696
3553
3956
3131
5054
4098
128
233
4129
4195
4613
4096
3566
4076
3682
4971
3659
4017
3577
4540
3406
4303
3972
4186
160
6749
2673
655
4972
4969
3945
3949
3951
2688
102
1897
1789
3408
3962
5397
1821
3963
6782
1845
1890
2742
4956
1860
6907
2002
582
2500
3773
2477
7055
570
3615
2299
5657
517
5628
3664
5597
2377
538
7047
3929
3786
5521
5432
2650
122
4616
7015
5849
3878
2058
5475
6895
5793
6804
2577
4895
5732
2210
268
6992
2393
771
5274
2895
6547
2898
4274
5100
1540
4177
6374
6999
6210
1499
5230
6248
4430
4440
6283
6291
4435
1333
2887
4068
5236
5300
1052
949
2815
7162
1001
974
1644
1011
913
858
2186
140
915
6597
1057
3662
3660
923
6356
3809
2136
3652
4675
6362
977
3789
2229
4725
3708
4300
3757
4297
4302
2293
5689
4434
2298
3775
3777
906
6451
3784
1187
4266
1243
6413
4260
7160
1727
6341
4521
1866
1588
1640
4050
762
699
1828
761
3649
6117
5988
4011
6113
6023
6099
728
72
1757
6063
1749
4541
739
1741
1801
4095
786
4475
5818
6326
6316
4438
6290
1724
1463
6672
2005
1526
4612
7148
1535
4173
4465
5935
5946
5952
1926
1922
103
4155
5962
3954
1899
4665
2038
942
5312
4985
387
3263
3258
3578
5301
238
2484
4951
5217
5421
5419
3354
2465
2689
3510
378
2893
5463
927
2611
5480
2933
234
5440
2589
4903
3279
3483
3494
3319
5494
2897
2811
2808
364
3091
3396
413
4960
2720
6862
314
3132
3166
2392
3627
3620
324
5406
7057
2798
1549
1796
2906
6014
2908
82
4492
3399
785
2912
713
4128
4469
3407
2784
5003
81
1814
6068
6731
2799
731
1703
750
5010
4547
1786
1674
757
5286
4982
6729
410
1654
7133
2885
6151
4989
380
5323
1578
2788
2391
358
4180
863
6383
3049
5080
1219
1216
3180
1161
1156
6643
6503
6505
6519
5178
5176
6562
5173
1
3115
307
2
918
4334
4254
4325
1020
1023
4315
4305
1040
5171
3147
4252
5079
854
826
1466
1481
5256
1493
1495
5047
5260
1527
5019
4183
4181
803
2932
4581
2927
1462
5253
852
3224
6354
4433
3251
3253
6966
5238
1395
1402
6294
2975
349
6289
1390
2781
729
5785
3941
5802
3690
4941
2115
3686
2683
3697
3601
104
5414
1918
7111
5668
4678
2267
6928
5897
622
4741
5857
2637
2297
3919
4632
5880
5434
2663
6786
1999
2466
2636
4642
2303
167
5839
3939
439
3816
2452
3958
5980
6847
2367
5693
2571
4713
2773
6747
1855
2537
2379
2746
1850
5525
224
91
203
245
5577
4833
2233
6771
1903
1846
2389
5400
244
5590
6846
1892
5613
3563
4771
3707
2983
3546
1316
6372
1372
3022
4740
3614
3016
2475
5692
3208
5691
2513
3029
1255
4269
4262
2325
5115
2445
5637
3665
3622
6577
3663
3101
3108
5162
5595
3643
990
3656
5161
2382
5611
3123
4301
1245
5177
4291
6423
2458
5087
4267
1210
1194
3185
4268
2308
6471
3785
5664
6494
6501
5662
6514
2318
4290
5191
5658
1399
5331
2978
4542
5315
1742
5409
6069
1730
4977
1708
5936
1679
2682
1672
1671
3444
6118
5278
4981
5429
6122
4546
4059
1748
2796
1843
4589
4585
4584
1831
1848
1826
3400
4004
2736
1857
1858
1800
5381
4968
3419
1783
5328
2714
5965
5699
2882
1993
5481
3474
5039
1513
3976
1489
1484
5769
5492
1480
2949
1468
1467
4710
5702
4866
5701
2232
4203
6206
1985
5809
2063
3472
6164
3925
1586
3322
3921
1576
2654
5872
5868
1563
5862
1561
2913
2918
2036
1544
1542
2929
2616
3841
0
6822
7124
768
7038
7027
7158
830
508
141
571
107
421
6993
372
163
94
867
737
6737
6797
652
6806
121
292
6982
296
550
615
6748
779
862
7061
666
6666
114
6891
2319
2321
5641
43
3772
1233
2334
5656
3383
4450
3779
2207
2215
5709
4467
592
5698
1273
590
3807
587
3806
