5909
5901
5904
5905
5902
5916
5906
645
5908
2725
644
5934
912
1099
5134
4880
1090
6259
1096
5933
4887
5913
4159
642
4884
2727
5568
1093
5569
709
708
6254
5560
5907
1097
5918
700
646
4888
4885
5917
643
5912
5911
5932
641
5937
703
5866
701
4151
6819
2281
4883
5936
258
5868
648
5919
5136
705
4886
5130
2728
2162
1091
5564
2729
704
4889
5939
4882
2287
2592
5910
1094
4152
5566
2726
2724
710
343
345
6445
2720
649
264
1057
1095
6256
6240
4153
5135
3176
930
711
6431
6302
4498
6300
261
702
6815
1370
531
6303
1506
7118
4093
5370
816
1443
5903
4157
2280
5931
7046
2289
2311
2771
263
6251
3555
3811
2286
4064
4136
5743
3037
4881
5254
4586
6044
5137
6442
2319
6882
3934
940
1448
1508
5484
3591
489
3013
5559
6309
715
2167
340
3034
1376
2314
5283
5307
2576
1659
5784
6197
3876
344
719
5860
5727
460
2723
3946
84
3047
3036
5930
3049
4250
1282
4905
361
6418
4154
6711
2092
342
2474
4150
5993
251
5476
6814
6276
3528
6306
6189
4400
819
1058
1714
5914
3879
1445
1444
2499
914
3449
7113
5867
7004
5864
5652
1650
256
2777
1565
2716
5306
4092
3104
2034
5773
1098
1229
6258
4340
530
3596
864
1163
2084
3351
3597
4494
4496
752
3384
2288
4347
4931
634
5915
6292
1227
5638
73
5619
6283
2315
4495
3105
2037
7049
5090
890
2356
539
674
5465
491
6816
6307
6313
5351
4482
4569
6034
2312
499
5227
3256
6166
468
5358
6269
3490
5651
4525
5938
3818
563
1258
6700
569
242
4934
6702
5941
1006
349
6296
3179
1265
6257
2243
1220
1699
1724
443
4342
4173
3284
2967
2968
2842
534
5455
3017
5491
663
6037
1710
1027
6104
6048
3433
5014
2964
6277
385
5443
4937
6450
537
4348
2301
5384
4008
5947
1405
3174
3039
1440
1564
2591
243
2080
5865
3857
156
891
1882
743
772
2328
5364
46
1267
3952
4623
4610
3350
3539
3607
1910
1401
5406
2473
4158
4140
1854
699
77
2065
4135
5783
7000
1447
3030
2779
158
3499
3558
5604
706
3383
5138
6845
1017
7066
2361
5450
5448
5144
811
2353
898
5869
5041
554
4798
1413
6193
466
4760
2722
90
459
3704
5656
3106
2409
3826
1496
1500
5639
2310
4935
5863
1503
175
2402
5742
1160
4933
4271
6153
3288
4487
4188
2367
1878
249
3498
3522
525
3035
1116
2081
267
3599
6673
5107
5389
4561
3513
5102
5690
4563
1807
4139
1102
3032
4602
6704
6266
6107
179
5602
5444
6265
2597
6706
1441
3590
4229
5921
2069
5355
5224
1785
2155
5963
4897
1788
4604
1753
1012
6192
1363
896
1442
3131
2282
2419
939
528
5481
4346
1446
4572
868
617
4655
6095
4497
6093
4499
3046
615
4608
2245
725
724
4906
722
716
6049
4595
612
4493
3187
555
4413
1030
6182
2404
948
565
3080
4733
1502
2977
4890
5900
5614
4694
1375
6146
3102
6243
1344
4027
4143
4142
6543
6314
5279
5449
6298
6398
5453
5264
2326
2578
3954
272
3520
250
6275
1164
6838
2749
2538
4218
3554
6414
3492
2134
2730
1805
2721
336
5146
3477
1323
6453
4171
3455
2745
4262
1165
3964
5170
2704
20
2099
2763
6785
216
1224
3990
7161
2306
510
4341
4039
4343
4033
1888
6715
4213
28
6709
4047
1709
3438
834
1808
5326
331
153
159
677
2561
327
3875
322
1505
6012
6584
5945
1168
1895
6440
1142
352
353
4063
2605
5309
1287
3825
368
1261
337
4043
683
6014
713
797
4898
6713
3353
1268
5092
5610
2323
6558
750
2572
3945
717
6663
5362
6540
4617
759
4149
1166
3019
5359
4022
4575
4896
1559
696
1266
1525
2773
5139
5086
2095
6394
416
881
6143
486
3702
7040
1456
6133
6317
2514
5149
6126
67
5300
6132
6202
7111
1739
1719
6185
2061
6272
5228
447
2067
2925
1052
574
5457
6288
4028
2070
483
1626
5047
3230
1253
102
4221
1485
950
3000
1355
2840
4224
4356
632
507
4369
527
498
4868
1089
532
3721
2488
4256
616
6368
3723
619
6274
6102
2659
4009
1155
2153
6817
2674
5350
7084
1280
1521
2421
932
2096
5601
938
4025
2702
1911
2595
3235
6829
3524
893
3123
830
1470
1476
5147
2744
7012
1480
3247
5778
2735
119
5827
1260
2135
1171
109
6987
847
1169
2144
7036
5890
3622
3956
3623
1208
899
2054
2338
151
6851
5172
894
2114
1449
1241
2283
3953
3158
3950
6886
5728
4736
6242
3349
1749
4483
4486
605
2990
613
2857
1082
2849
5074
2843
6137
1377
1902
1607
6392
4208
2296
6073
3496
1802
6436
4530
3369
384
5524
4479
4472
6241
4345
2948
497
2960
488
4371
3280
6262
5489
1051
1708
2941
2940
6273
566
1720
453
3443
6169
4283
2985
6304
3385
5447
3011
4551
4914
338
1851
4091
720
4344
5383
5378
984
341
5988
5131
3041
6581
5570
5971
3043
1885
1283
6719
5582
4894
1400
5942
4892
210
5975
3509
1880
1104
2559
1584
6042
324
6461
685
989
6031
1105
5567
4147
4144
4069
697
5409
5327
5341
2351
5316
1031
5430
3317
3173
1184
5488
5531
1325
5485
2365
5483
5221
5010
1264
5356
5482
3163
1324
4938
1115
5232
5019
1379
5380
2403
5537
1158
3244
1015
3242
1114
2292
5417
5452
5454
1412
5545
1369
5504
5209
2334
3286
2393
3216
2309
1054
5459
610
1223
2942
1713
6935
4307
1718
3900
1726
449
481
445
6289
6880
2151
3451
6301
2608
4273
6848
6887
2743
2212
3865
6996
6181
3820
3824
6186
105
1884
2507
540
538
536
106
2951
2511
6984
3432
6250
3549
6255
4264
1658
154
4875
4114
6569
4103
1855
4072
268
265
6691
1907
