5900
5935
2726
5932
2720
5133
5869
345
4628
5931
2729
340
2724
5867
3814
2289
5911
2282
2280
5933
912
3819
3884
346
3880
4150
2494
5566
5130
2728
4152
5863
3881
3813
5135
5860
1062
5936
5939
5137
5918
5171
6315
4125
2725
465
2727
2281
3298
5908
3883
1094
84
5926
4491
5903
5131
2475
5934
648
5937
1070
649
3980
1090
5956
5868
6259
5561
5672
2499
512
347
3812
2492
5139
3886
3889
3035
343
3810
4159
5415
5901
2810
5919
506
5783
2311
5865
3039
1104
640
26
1096
5904
4885
2591
722
341
3030
5830
1063
2287
5866
2722
2285
342
4770
348
5905
2241
6819
5134
6223
3031
710
249
469
5132
4760
2156
3244
5930
982
1060
1381
6240
2288
6712
5864
3258
28
4494
5567
2497
5172
642
643
4645
4687
3888
3585
5916
1077
7087
4773
2674
760
743
393
4774
1141
6811
1841
2162
4151
2157
6466
3951
5909
5729
1626
3032
2242
6226
4935
3818
6214
2673
4742
466
646
5201
3036
4641
5910
349
5902
2246
5913
2496
5174
5154
2493
5016
514
5275
4133
2490
269
724
4740
6320
821
825
2755
4686
344
7053
4496
4411
2314
4931
1101
1079
1368
5923
1459
3596
5912
1782
1387
134
1382
5862
5861
3440
5835
3864
5781
1460
1708
914
5951
4525
4517
6966
4513
4482
5568
4988
4756
6552
5638
4369
1747
2898
6714
2734
1875
3723
4570
1206
767
5493
2653
3013
5914
4837
5726
4633
63
6521
715
1788
4887
2574
6184
2248
5138
1881
5907
6463
1075
5173
6814
6462
1097
6411
3236
1102
6816
1071
1849
6399
5826
4172
5175
5319
3297
3223
3827
510
5773
6073
5581
4937
2679
3517
4518
6342
2774
5727
4929
4922
899
3299
894
6217
4613
3661
3657
61
4878
7050
4515
5601
4157
248
2261
5077
1073
277
7123
3554
1564
2153
3811
1057
5714
6170
5832
3393
1344
628
4158
1722
3476
641
1699
5614
2240
5954
1776
2118
4499
5968
3887
2736
565
6086
3498
756
2477
1461
3019
73
5236
4857
726
5148
5254
3074
3215
33
1553
5993
5056
3207
3449
5966
2406
463
2507
4950
1508
3170
6766
2575
4895
7074
6679
6224
1606
1196
4748
4624
6173
1389
2159
5560
7144
130
1380
2781
6156
4529
1847
6468
4492
3913
7037
2119
981
2319
3824
4373
5836
5671
4329
7034
1787
5896
2951
113
4726
4074
4104
4114
5721
1878
1212
4722
2150
820
1453
1785
6327
6431
361
4653
4673
4642
6524
2746
3328
5136
1633
3254
543
6247
3076
1145
5181
3351
3957
5235
3978
1105
1213
3350
4008
3345
3225
1214
4171
5162
3885
645
1042
2968
3491
3494
721
1781
1203
1989
4647
4889
4842
815
3575
769
3555
6528
1467
4767
1463
816
2721
3720
6299
4347
1751
4371
5073
4372
1919
1361
6378
4754
2938
4457
7081
4981
3726
6767
4514
2570
4945
3724
3063
495
7063
5811
411
5370
436
2283
5361
5885
6829
480
5927
5498
5928
5715
5718
5988
5833
2154
190
7122
6795
6172
149
5728
2390
5569
2152
2243
5947
6074
419
5047
4228
2155
5925
2171
4222
6713
6823
5690
759
1215
1091
4741
5938
67
603
68
6535
2884
6533
1099
5417
7125
6738
1770
6887
3556
2597
4646
2367
5020
7080
2179
1162
4122
3678
1879
6505
4702
4704
823
5723
2375
6733
3721
4934
2937
1369
1955
1998
359
6845
3790
203
4177
4652
97
5010
5906
5108
1431
2971
647
5385
3771
6522
2552
4891
3624
2151
6996
1505
5839
3283
3286
4506
5227
533
3293
5473
1012
2110
1620
6953
4520
6109
4353
3835
2500
1967
4831
2158
5233
6087
1264
6084
986
4404
177
3224
1010
5608
2050
6815
2495
4495
3103
6951
4498
991
5585
1200
5476
2349
3037
1600
6554
1964
1074
4599
3034
450
3033
2456
5834
3479
5424
5410
4747
594
1540
5432
6193
1551
2506
7052
266
5583
3820
4749
23
5831
4753
322
2827
3937
4775
6319
2655
4777
2082
4035
4054
3989
369
7129
1865
4017
4752
4769
378
1856
2819
788
4050
2675
5267
812
5563
4297
6385
910
911
2749
7033
1911
6174
4527
4526
2744
1915
4367
263
4516
4500
5634
2732
5624
994
989
6349
4405
6358
985
4456
2327
296
1924
5649
4574
6397
259
1174
4705
6836
4703
4701
5720
5717
221
6743
1140
2785
1887
1888
6415
4644
4784
6406
2352
2273
2771
2714
2359
7027
4067
4618
6810
1098
2099
4630
4631
2776
4260
4211
3822
5451
6550
5960
2460
1513
5116
7088
443
2529
6530
77
5786
5917
440
5340
2245
1446
94
5014
2421
644
3619
3623
6982
429
3635
114
5882
5399
5026
4955
6555
5995
3171
501
3126
5247
3218
5243
3226
5279
3240
5283
3108
519
3245
5978
5234
5231
531
6042
2498
3300
5306
1607
6010
3073
1574
464
1565
1741
2200
2967
2735
720
418
140
5807
6991
2930
3882
1840
2647
1384
6762
4888
2879
4832
2074
1985
3809
5405
2255
2611
751
3852
6220
1275
4940
6989
3911
6791
4793
4936
2176
6311
3821
6566
3928
6379
268
1903
3334
6116
3346
6821
4419
3826
4336
6956
1566
3383
3137
3071
4431
1573
3330
992
3204
3241
1273
3120
5793
5806
1004
1845
4376
6080
3220
4359
3934
1271
4370
1015
1016
3296
4368
2832
3847
3843
3078
3090
3307
6496
6559
3762
5921
1456
92
1355
4063
6701
3590
1779
1432
1142
5710
4154
1108
5711
6442
6430
110
6729
4081
4124
3626
4107
1412
5875
1170
6895
1395
3617
4295
6826
3560
3423
3817
1064
1065
1069
2170
2817
5969
2284
5964
3807
1515
4278
1462
2814
1503
5688
1762
244
1763
2172
1340
5266
2173
1486
71
1771
3766
2244
4236
4253
1695
861
4643
6245
5192
2055
5499
839
4683
6745
833
5497
4700
817
467
814
5221
811
6335
