5904
5909
5902
5901
912
5913
1090
2725
645
5934
5908
5936
2720
5933
2727
5134
5905
1099
5939
5932
5919
5916
1097
1094
641
5911
5918
5906
2724
4887
6819
1096
2729
5931
5937
343
2728
4159
5866
646
2592
6259
648
644
5135
4885
5912
4152
5907
1503
2281
2162
5568
6431
3037
345
340
5130
649
2280
5860
84
5868
816
2167
5254
242
2726
2499
715
4151
2287
4880
700
2319
5569
2289
643
5170
6240
5867
249
5564
710
3035
4886
5137
4884
1093
342
5560
2722
5915
4157
4888
4889
1104
5136
4153
4883
642
5917
703
5864
705
724
2314
708
709
2591
701
6302
5910
5476
4172
5914
6814
4150
3036
4760
5938
499
5123
5784
2421
5900
3876
5949
2721
4882
344
5903
3030
2779
6414
5783
73
1370
4154
6880
5963
3513
819
6815
6816
5930
261
4935
2095
6313
6258
5131
5865
704
1442
5370
5582
6254
2288
4158
1565
6290
2286
5172
1095
6457
2465
384
6450
1502
7118
5743
258
4586
4933
4905
1895
881
349
6309
3723
4525
6521
6442
1508
4498
6193
6462
6463
2646
1725
677
5566
268
6696
5139
6394
1412
6368
2597
2773
2420
4749
6529
489
491
453
5614
341
3350
6795
243
488
1699
2569
247
5702
2771
5567
5361
496
2433
3990
5189
6048
4092
6095
3499
4178
3187
6037
6104
2099
2967
2968
6197
2084
2080
7046
6106
3219
2144
5264
531
4931
1275
5267
4936
5935
3039
4937
3707
832
3158
868
3047
2283
3591
6153
6173
3034
6811
6711
711
5688
4934
2157
5537
6459
2113
300
2155
3013
7078
1505
4891
1013
5638
940
5462
2315
898
1015
5309
2488
5358
5362
1788
1216
4748
4369
3216
3207
6706
1091
7004
260
2007
4245
1626
1017
6697
2565
5430
1726
2561
6702
3170
722
915
2777
584
5968
5947
4136
4232
4213
4413
534
5561
3300
1574
487
460
1506
3952
5773
4260
5821
4173
6445
6513
3973
4093
6256
1443
5601
1564
1136
613
4496
3520
241
2282
4639
5364
5384
5406
1659
5455
3575
3811
2429
6820
264
3555
5133
3554
3597
2473
3839
3701
2402
4778
3196
5741
1445
7008
3182
3181
1456
5140
278
6704
4706
5138
3179
3176
4818
1006
5684
267
1089
6107
5749
4423
2494
4712
4713
532
1282
3721
5351
3256
5272
1879
1258
5869
2508
1897
3242
2514
5863
3704
2840
492
5993
6679
4207
2426
154
466
6882
702
6798
2313
1507
361
6288
2285
7111
3049
6283
5465
3032
4529
2156
914
6418
986
3042
6296
7066
5485
3062
3590
2349
4495
3528
6307
2713
348
1496
2090
331
3599
2710
6189
6306
4346
4347
4348
2863
858
899
2859
3104
2434
3595
891
2438
1267
2245
581
5965
3384
3714
4155
1205
5283
6981
6398
26
28
1887
873
4343
4930
6987
1057
7010
1050
6241
5058
663
3011
720
4064
666
2964
672
3509
6461
1030
1027
2034
4211
5099
7009
4174
2311
2306
4340
3210
2890
6989
2893
3123
4297
617
7000
4342
2153
6257
2412
6073
6251
4171
4262
4027
640
7075
1962
5235
3594
5307
2674
2595
4504
1520
6797
5827
2542
480
1751
1498
1749
2716
3080
6792
409
1405
2578
4483
263
5728
2576
451
425
5306
4630
3306
1709
1720
4480
6790
269
1802
1323
5890
3724
4595
5881
1795
3980
3857
5581
336
3383
7043
5107
1448
4247
5102
3818
3820
431
6166
5672
2055
5545
2367
3183
4860
3934
5090
4898
5144
2037
330
4938
6317
3386
2568
2257
3814
674
2015
4229
2574
346
1031
2391
5690
4575
1026
4861
2577
6126
4536
3608
4188
4506
7076
2151
2304
4604
5477
2161
2163
757
4881
6266
7100
2673
2169
2651
2671
3561
5484
319
6289
3628
1523
322
100
6286
2081
2086
857
6178
2608
4063
6721
7049
1500
327
6725
2563
6209
3913
2137
3825
2312
6391
2092
3636
4583
4250
4482
1271
4417
465
1264
1116
6999
575
3712
6995
6044
470
4328
1395
2428
4022
1891
554
3710
3241
558
4734
6637
563
3217
5945
1907
1227
490
3231
478
6669
611
3189
2560
2396
5327
450
2495
5721
6699
2403
533
4487
3498
6884
2507
2398
4274
5742
1058
5171
1441
6558
4694
5245
3046
2301
1320
4526
4385
2296
2516
2676
1220
2518
1213
4585
1899
4733
830
5350
2273
4418
2203
6303
4894
6297
2476
864
2664
1650
2460
870
1888
5580
4716
5014
1633
5367
1854
5489
5378
2432
4516
1748
1741
6042
1124
4481
1107
1480
1105
4494
2427
1409
4634
5122
2763
2404
1082
6086
2723
1985
1467
2395
5720
4623
1993
6098
4489
5428
6100
5727
5828
4458
4344
5962
1202
4675
1929
4674
2534
4360
2147
2146
2706
5208
6103
5453
6191
1691
2579
6232
2118
4179
4358
5823
6206
1757
2114
2541
5071
2096
1501
2134
1038
4300
3116
752
4020
751
3672
7036
6712
716
3135
3385
156
3472
6889
6791
659
3349
443
3632
3376
6719
158
3348
388
6409
3239
3238
3550
389
3345
772
3354
20
3258
372
528
497
6428
22
3978
7062
312
4140
7016
3635
6453
3284
254
634
3174
493
476
38
74
6543
3596
3726
3188
222
7123
495
4025
6676
385
3813
3722
615
302
3715
4133
277
259
508
6886
5921
2025
5896
540
2393
5129
4810
507
525
526
3678
2013
6663
2807
1527
4400
2093
5084
89
4315
1128
4307
7065
1115
4864
1109
1102
4295
620
3201
3200
2925
3195
2321
2316
6540
653
6584
4005
4352
6008
552
553
5941
5943
4837
2361
5951
569
1215
3232
3230
2069
3655
1201
2353
582
4365
7051
5984
2858
3214
1166
7015
1444
498
5452
4617
5458
1682
5459
6888
311
6793
3824
1878
5497
333
337
4581
3709
4569
5261
2457
5487
5282
1855
2567
5354
5355
2512
6844
240
5380
4676
244
4648
251
