5094
6199
6451
6363
81
2015
3912
975
6664
1775
4807
5722
235
6366
4977
2236
4808
6662
6334
4202
6667
6191
856
75
4625
6740
4803
3828
4970
3800
238
2462
4862
6262
4677
7138
2371
2582
854
1692
7041
4115
2068
6355
4805
382
6757
2513
4232
3728
7079
564
6356
6427
1823
585
6195
2443
1723
7059
1254
1724
5615
3915
3916
2296
5979
3809
4978
2094
1745
4670
970
5720
3805
231
5725
4662
6296
2928
1682
1661
5590
6749
4679
6573
4801
801
3806
4591
1796
3388
3807
3808
4798
1225
1238
3687
6561
4796
4614
3309
857
374
5098
5095
4974
3146
4661
4397
6773
316
6384
4444
273
3684
3598
3911
6040
3803
3804
5949
822
2298
2293
3595
2225
2228
855
1663
4178
4782
4802
4806
6099
2878
6322
2121
4
6275
617
3657
618
3918
6204
2988
4667
1496
1497
1537
2210
2222
5735
5521
2217
6821
3971
5729
4669
4672
4963
3895
2466
5118
4440
583
639
439
432
5055
1770
6190
4237
2661
3825
303
4599
2291
2279
1779
5324
4369
5613
2812
7131
2965
96
1687
4682
3954
377
6314
7155
5103
2031
792
4890
4971
4442
897
6502
1683
2039
5540
7053
3917
942
2221
3639
2564
5942
5087
2425
4160
5361
4804
437
6666
1143
6067
2133
6064
1722
2014
2648
6060
4414
4674
6271
6267
4979
6743
3910
140
882
1992
3802
7075
979
976
2354
4668
3801
3669
5929
1390
1261
4791
2436
1774
2962
4191
2966
6972
4729
4552
7054
5385
353
6059
4568
6089
6625
4236
2981
6008
4533
7091
2895
1486
3725
3013
2898
4792
310
4961
4311
1223
2447
4235
4473
5576
5766
5685
5114
4833
4441
4364
2214
6312
4684
3878
1644
230
6
1556
1740
6331
4664
6343
4365
5667
7030
2233
5897
494
5485
5063
6077
2142
6279
4519
2148
4368
2546
2590
6291
5596
909
4676
6868
592
3389
1433
6458
115
1436
4363
2543
1685
2997
5271
4562
615
6273
1681
2873
2453
128
1262
6293
3681
7039
1925
5104
1924
6303
1922
4809
85
2468
4300
384
7069
4242
124
6106
4541
6270
141
4173
216
4666
4665
4598
3213
2294
3308
849
6824
3290
1776
7135
1741
1773
233
1669
1772
4174
2924
1103
3363
5518
3914
5844
4744
1664
908
4171
4170
3972
309
6775
4399
4050
6841
2036
5592
4110
1672
2350
145
2664
5680
7098
1538
2135
2023
4962
4794
5163
3927
2860
5631
6386
5738
4149
2086
5636
922
2509
1647
6315
5732
6346
5553
4362
4132
6351
6354
5572
6339
2474
3618
4734
4361
2994
6357
3637
5726
5644
5166
8
3745
7047
6201
5943
6193
82
79
76
5332
1976
3821
6135
698
2313
808
2316
4708
5997
4800
3787
2345
758
4224
3733
6055
662
582
1963
829
5232
590
2235
904
6287
7051
5851
4861
5896
5898
5920
2446
6266
1953
2440
845
2048
5286
842
1156
2903
6225
3856
3849
1331
3106
3059
2667
1696
4844
1457
3282
6747
5109
5105
5060
4524
2551
3407
2718
6771
122
6488
3358
1439
2815
1525
6844
1373
444
3293
6827
3405
2560
3001
2596
4446
383
2758
4976
2665
1778
311
4597
1402
307
6694
2681
4864
4966
6984
1394
4834
1895
3195
4409
6752
1417
4975
6974
6973
4972
1690
1504
1492
1403
1491
2392
4921
2949
4768
2083
3730
6619
6993
1822
6192
4553
3708
4739
2948
3199
88
5510
4660
3841
1634
2415
1126
2089
2410
924
83
6585
5756
911
4251
4701
4157
1980
3741
2064
4592
2978
5927
1181
2977
1175
840
793
5928
1174
1698
1157
4797
802
302
3323
7130
2318
305
2038
3846
2967
148
762
761
3274
2272
6751
3053
65
2259
1447
2011
732
5486
272
6063
1577
6097
3362
3361
2016
1693
5405
2017
871
6052
6051
6748
5422
5899
5398
6576
3325
5692
4514
4037
2460
5646
1727
5239
3466
1594
2459
5595
5643
4332
5116
4515
2130
5070
4324
6277
1686
6893
3149
581
1717
3976
4004
5666
4671
2553
6473
557
5662
2542
3515
2557
5185
4483
4001
3602
1921
6350
4484
4116
2220
2188
6452
6548
2594
485
3612
504
1743
4144
630
4141
6567
2449
959
5548
7002
6571
3169
2493
6264
2441
2099
640
4385
1519
6426
3662
5612
1399
4866
2794
6822
5611
4320
6817
614
3656
2519
6382
6417
4313
4101
3285
2285
4012
1541
5616
6738
5606
6976
1150
1549
4094
2295
6892
5584
5639
293
833
5598
1025
2157
7132
4060
4071
848
827
1
5925
1777
3170
275
1567
1495
907
6956
1703
5825
3919
1764
4748
1499
4162
7154
4688
1643
3207
1711
5770
5768
236
5741
5759
2223
5744
5525
1656
5723
1665
1646
215
5668
3052
1649
6849
6848
5473
5892
5891
4112
2057
6846
2780
1002
271
4117
5709
1134
5488
5721
5556
1127
2249
1771
212
1712
898
5487
4390
2348
4305
3418
3409
3688
104
567
6184
3689
6313
1821
7035
4549
6159
3697
2406
1233
3704
6150
714
371
1221
5065
1580
6618
6196
6616
4241
5176
5003
5355
553
5004
7070
2552
6198
5955
3654
4520
423
3010
7052
2599
3460
4325
5246
1689
6265
2991
1952
2852
587
1268
2867
4545
89
6586
5090
2567
6301
570
1927
6227
4485
1264
3664
2608
3658
1838
3616
6105
5171
4383
2347
1437
1184
4220
6028
2504
143
4216
4594
785
3571
2972
1676
1333
6681
5991
5990
7108
1688
3559
3818
5142
5980
6684
4596
319
1330
4965
2996
146
5140
770
766
3368
2649
3608
6348
5110
1999
2489
1585
3534
2653
3599
1684
120
2980
749
6285
6047
1890
757
4704
111
5219
1526
5552
1893
4733
1319
1913
4140
1316
1901
5235
4817
1053
1315
5082
1586
1929
4087
4129
5151
1535
5593
5150
4827
4521
1668
4230
2010
4590
2012
1449
1677
5401
5480
2019
5421
4186
1454
1187
4584
