5908
5916
5934
343
2725
4887
1090
5866
4880
6819
5905
5902
342
5254
1094
2726
2727
5918
6719
5933
4888
5936
5919
5136
648
6259
5901
345
4152
2162
2728
5909
1093
1096
2729
6240
5932
5170
912
5868
645
644
642
641
1099
700
6816
5568
646
5134
5867
250
4153
5904
3385
5569
5911
722
5906
2724
2281
5130
2722
710
1097
4884
6462
7116
6463
349
6814
5860
3433
22
3188
84
703
1095
649
5917
1392
5135
416
2499
2287
340
5086
701
675
5560
6431
5881
5150
6258
1993
4883
5865
690
5864
2288
5172
2280
3327
1564
3532
5778
2566
3811
709
4064
28
705
5139
4151
3036
4022
4159
4935
474
1485
6713
3818
2474
7030
1091
4886
95
5863
3320
6711
3814
6668
1854
5235
1851
643
2289
5245
6303
6342
3892
3537
3030
6445
1565
412
1659
5937
6859
7036
6498
3389
704
708
7118
6103
2273
6254
264
3326
454
3039
3187
1323
1371
460
4882
3976
3965
470
6132
3962
4400
489
4172
4934
2334
1016
3321
5656
6700
407
261
348
4749
6663
3184
3944
4972
3183
6126
6661
3335
358
3037
2586
853
7113
4150
5869
711
3223
1453
3035
2495
5138
5880
5427
3489
5564
715
5137
3034
2598
4453
5914
5913
3332
5580
3917
3185
6251
2208
2941
4025
6718
1377
1375
6742
697
6543
6003
3972
5064
4692
3871
453
5
4551
3539
4020
6461
5784
3813
816
5384
3548
2878
3123
5386
1962
1679
2538
344
4889
3554
1396
7123
452
3387
4710
6414
3555
2863
3630
2283
4155
2794
2720
4194
3448
3225
4666
5567
3896
2188
5328
5931
2711
640
551
2286
6715
258
3186
5236
844
6189
4760
4860
2048
527
3631
4169
4028
848
5487
5671
6669
4012
594
3704
6102
5747
29
5088
688
414
268
3049
1258
5907
3383
417
5232
2868
1895
2180
3032
3570
2812
3655
5537
5112
6456
5182
16
702
6249
3189
420
2201
6044
2759
469
2353
2494
4719
4221
4136
613
6336
391
615
4158
605
6453
2166
4733
4879
405
398
399
6820
3158
4178
3229
6241
2205
692
508
3226
699
2282
6257
3325
2721
471
4170
3323
5188
4761
524
6712
1547
2203
4157
2125
5185
3152
2676
4885
2847
2328
4806
422
2723
3363
1098
2628
2591
2080
3595
3950
4029
3952
138
124
2084
1344
7064
5862
2089
5131
2518
4027
7016
4675
3439
3996
5971
5960
5942
2861
5939
2019
5098
4499
2595
2864
4205
2779
1378
5443
5406
7120
5152
2534
1398
1399
24
1391
20
5383
1119
7087
6843
205
2169
6990
1259
5175
2597
4525
2315
3044
1252
4849
4198
569
807
2037
525
526
265
1435
539
3330
5545
6440
253
3329
4192
5476
246
801
553
554
4569
3810
4669
176
5741
5566
674
4833
5639
1986
5638
4831
7111
3230
4250
5141
3241
695
4830
5843
1370
4905
1390
1458
1807
1569
171
3222
2900
1295
27
1878
3530
4586
2592
647
4841
6516
843
520
7024
7035
7041
3220
6245
2312
6442
293
1128
3381
1841
6744
4063
3106
6108
6150
424
3932
5063
1680
4060
4273
2086
6161
2645
335
478
6752
5690
2396
6756
462
3165
472
466
5180
4062
2391
353
6135
6823
2946
4490
1718
6830
3934
3182
6785
4610
6182
672
125
2730
6460
4135
5783
1455
681
3948
871
773
3157
3355
6495
1145
1163
4701
6444
4232
4
464
6883
12
799
1528
5748
5014
654
7033
657
7060
6753
781
3492
1404
4182
5366
1442
5367
724
415
847
413
4840
3793
6111
1584
2529
411
3553
1126
1513
719
7099
1087
3047
341
5861
6436
377
3151
6464
4974
4486
5522
1376
4979
5145
403
1970
4432
421
1502
3046
1419
2480
514
173
1036
4414
1257
4186
1710
2326
6256
1251
4195
2335
3453
4171
3915
6981
3081
3337
3707
1535
252
5935
6709
6264
3627
3653
2023
3104
6689
3080
3322
4344
5539
229
2701
6007
3978
4670
970
480
2716
984
263
3642
1558
523
4504
4163
4463
4113
2706
3916
2468
4527
4677
5074
1202
1211
4024
2296
6889
6982
3336
6341
6908
531
4199
5642
6248
1539
5163
1028
794
5079
834
842
2047
3181
3935
5155
1113
5183
5722
5625
1110
4881
5238
6255
1212
4874
6005
3052
1017
1964
5776
1932
4021
2791
860
2025
5930
5228
4253
890
5132
6340
5753
3013
5380
5898
3071
3928
1532
5910
6244
1307
1508
1302
6034
1301
1559
1290
1291
914
6346
940
881
6368
2202
1395
3246
6109
3180
1237
1394
5222
4356
5938
3055
1969
3242
2793
5825
2163
1373
4386
6153
3897
1353
5651
6380
1040
2167
951
950
3057
1308
6540
5610
2942
236
627
4524
251
4191
3432
3304
4188
4679
3641
4684
5554
1713
6632
4673
6962
6966
4667
7017
2901
5454
4202
6558
4460
2466
3309
664
5462
212
4664
662
218
2285
5325
2603
161
1712
6887
426
6815
5521
3709
513
6725
3358
2336
463
499
465
3721
468
475
5527
3334
1855
540
6826
5263
2624
4470
4495
4712
4798
351
4693
359
4714
3705
6701
6708
4492
1652
2651
4713
683
5273
4845
42
122
5426
4606
2504
3528
4148
5351
102
717
6504
3783
2869
5597
4545
3501
2250
4846
6545
2577
7074
2686
3799
21
2673
3812
3538
2563
2492
3534
712
3587
2
694
5189
7097
4493
2535
5306
2107
2382
1514
5147
437
5777
2745
1699
2940
5491
6104
6101
3715
3507
2395
334
3918
6841
7130
3535
2877
2544
1522
5159
5186
5798
1443
4173
3150
419
3351
461
6146
4971
3050
4491
6855
3365
2536
386
384
2120
6838
378
1401
6195
1400
6164
3051
1405
4340
5307
7056
6964
127
1935
5429
5133
1459
4197
134
7045
3586
5116
4655
2016
4526
1476
3620
4206
3597
3594
1298
4001
2594
6946
4631
180
