5913
5901
5904
5909
5902
2725
912
2720
5919
5916
5905
5907
2724
1090
5910
2319
5939
5934
645
2727
5908
5932
5936
2721
642
644
5931
6259
6431
3030
5903
2771
5911
2728
1094
5134
5130
258
5933
5917
5135
6450
6254
5915
2779
5912
4157
1267
5918
5938
4887
1097
6819
5568
5476
4151
6838
2421
4888
3876
2729
4885
641
453
5743
3049
2162
5866
260
340
345
6313
3037
4159
1503
646
2281
242
1057
2280
2084
241
2289
4136
1096
243
1104
1095
724
3047
5937
6290
84
710
2597
268
1508
4880
5906
715
2722
5137
73
2155
2574
5914
5867
5564
2499
3035
2840
2773
4152
5860
2286
6095
5170
2591
4158
709
6258
4889
4882
5968
2777
816
3042
5309
6368
1441
4280
1412
1099
1058
6302
4172
7004
701
249
2772
5944
700
267
6309
819
4886
914
3062
6090
4150
2561
2494
6292
648
1751
4937
2473
705
1659
4186
643
6240
4883
2842
6461
263
6432
3582
3219
3499
2153
2080
2314
254
1124
4173
5783
5773
5900
6543
2055
6697
5123
3207
2398
4905
3230
6702
2287
6679
2156
3105
4188
4712
5362
6814
3934
6126
3034
132
940
1015
2726
4028
3036
6127
3587
1268
6107
6132
6442
3513
1395
5477
3834
6153
3608
2514
5537
6463
6637
708
6093
1038
910
6445
6037
6457
262
1018
264
4411
269
385
534
649
5014
5136
4936
4931
1443
1442
780
451
460
5569
6311
508
4716
515
4639
4634
5868
1677
899
2054
6298
149
2716
3046
2674
2770
2776
2578
2668
2412
3104
6936
3782
3767
3135
3706
4178
3768
4153
248
2283
247
3210
5102
7071
5520
349
4884
5945
3820
5228
5948
2563
343
342
1017
5560
3580
5566
1879
6704
4139
1658
1406
2799
1010
5462
5254
1725
5351
5984
5993
6459
1518
1505
1752
3718
5963
1788
5430
611
1019
1448
4183
6880
3528
6091
6094
1445
5389
6706
4845
6529
2167
6315
4041
5863
2207
2090
3242
4575
491
5741
6283
6558
6288
5742
3256
6307
498
6798
4498
3216
6317
4604
6306
251
6816
4778
4731
5651
4748
5656
6300
3196
4022
240
4635
1266
2043
3089
653
501
5949
1027
3707
4030
4039
5864
5784
5307
2862
516
5580
4020
5599
2576
1326
5601
2723
3931
2566
5652
3952
2778
1105
7000
1255
5895
488
1440
6908
5727
5926
495
1214
5935
4093
5370
6436
384
6241
3539
2964
6795
3109
6794
3258
4297
6100
3439
873
2427
3350
3039
2311
2395
344
341
4232
6179
3116
1871
6775
7118
28
751
4955
7050
6304
1650
704
3581
7036
6897
773
5133
6719
5131
5122
3575
4179
722
4025
4744
1741
6033
6257
274
3541
1755
4182
6073
994
26
6269
1102
3330
746
3588
2653
677
6284
730
2627
711
3214
6301
7164
702
1120
6289
3044
6193
1020
1013
3599
3710
7019
6047
3713
3761
916
6394
6391
3001
2818
2817
6221
558
6143
6173
6180
6434
3900
3901
3902
3903
6347
3908
6185
3085
1093
2671
3019
1151
3584
5830
5144
2507
5182
4648
4641
1605
2037
5139
5354
2312
2086
431
5450
2110
6584
6919
5358
2488
4329
4749
2424
4893
4902
6845
4875
4938
1807
6882
5838
4181
1750
4780
1739
5047
1726
1955
4175
2151
4063
2315
5527
2560
5638
6929
4369
1265
1264
4452
1261
1247
6811
244
499
4048
5749
1200
2257
6815
1332
466
6699
2565
5559
2567
2285
6793
2052
2111
3345
4432
1924
3187
2118
1923
1920
4539
3387
1887
4516
3284
1870
4262
2414
2282
830
835
3043
3041
2245
3082
2308
2306
4630
4499
2325
6256
2328
769
4497
4339
4496
4694
3086
4494
789
6297
4710
6197
2425
4457
743
4346
742
6281
3280
1933
2208
4981
868
5567
3857
3839
3811
4064
4065
3776
2542
4092
1449
5384
2847
3715
1502
3714
1080
2516
2569
2702
5862
5828
5789
5865
1220
3959
1232
5890
2664
5607
3933
1320
1322
3914
5594
5582
2429
5367
5352
6054
1805
4951
4185
1822
4914
3524
4907
3472
2438
891
6104
2434
6111
2433
6048
4133
948
1746
4135
5283
5264
5245
5947
3597
5189
5185
3589
5172
5160
2493
4170
2465
5074
2930
2273
5219
6409
158
7140
429
6802
72
386
476
204
672
7053
217
272
493
6299
6707
496
6937
454
505
6414
6790
46
141
514
6692
6773
441
436
418
6829
7046
145
497
685
222
7013
1432
6089
5930
333
4874
898
4841
347
337
5458
6096
4860
6696
4868
465
4818
2092
463
2085
5572
2070
3013
3825
2056
3816
3449
3814
4642
1056
5484
4649
450
2002
1986
4745
1052
4747
322
3485
4760
3769
7008
5488
4810
5521
3723
1824
7018
1728
7144
3286
1718
6440
3631
2962
397
5999
5140
5346
1655
7052
1652
6623
1626
986
988
5192
1608
5224
1006
5227
5967
1554
5284
5164
3134
5021
6669
6075
1837
4916
6072
4919
2974
3549
1032
4933
4934
4935
1456
366
3712
1458
5439
5438
71
4982
2869
3704
3269
3702
3701
1026
5432
1758
1444
853
6421
2113
179
757
6268
1108
6894
1216
4184
1219
662
2428
6249
4148
7113
6942
2416
7112
6786
2391
4240
486
6506
6237
3088
5657
774
753
2492
1212
4021
2608
1125
6296
2603
146
6521
2592
147
2635
157
6286
2555
2550
2548
2646
1115
1206
4094
674
744
2650
2512
171
5745
4307
2321
213
2304
265
3217
547
1290
5597
6339
5639
6789
3329
4453
1329
1074
3170
540
4492
6166
2180
2179
2169
2757
5606
6983
3879
2157
4536
478
4404
6826
467
842
5655
6202
2137
554
1282
4531
3831
6986
4538
1547
2949
5350
1204
5861
5353
3004
5349
5821
1153
3054
1155
1163
5313
1501
3376
5539
3542
1210
1494
1262
3389
1260
6582
1447
3509
38
1425
7099
5702
5704
5708
1452
1284
1328
5447
1420
1286
