5909
5933
5908
2725
6259
1090
912
5901
2729
5866
345
5134
340
646
5904
2280
5868
5919
2728
2727
2281
5130
1099
2499
5902
643
5860
649
5934
5916
5932
5931
5911
2726
710
6431
5568
6819
2287
4887
645
6240
648
5136
5864
5906
5918
1094
5867
5905
343
5135
5939
5936
5172
2289
2720
641
1096
5137
2592
5913
1097
3037
3036
5566
342
4152
2288
644
5937
5560
4760
3035
2285
5869
6816
2597
4159
4151
642
3039
5865
4888
5569
341
2162
5564
6442
4172
2507
3032
5139
2722
5863
6251
4885
5917
5133
4064
3030
6257
6814
2724
4880
5254
3034
6463
3818
4154
715
3814
2494
816
2282
2591
5170
5567
6719
5131
3813
84
2286
2493
5907
6462
348
349
6713
7113
724
6445
4093
4157
460
640
2273
7123
5639
1091
4884
6711
700
4498
6126
2167
5138
4150
4250
466
2609
5245
4883
5783
4882
344
3819
5935
4153
1098
2034
4158
4171
4496
2497
4494
708
703
704
705
4495
4719
2495
346
4487
4245
6815
468
499
4934
4886
914
6818
3033
683
5132
6399
1093
4748
3528
453
1699
5861
497
28
2283
2529
699
6810
6432
5728
709
5601
3187
3811
6256
6258
1565
5561
6712
2964
722
3555
2099
5900
4889
2061
3489
4935
5504
4749
1453
1878
469
940
5415
2487
1370
6255
7024
713
2608
4586
7004
347
6725
3256
701
5910
2627
5606
493
4499
5165
4493
1723
2195
721
1564
461
5634
3199
510
5912
26
1095
5784
2721
6197
3586
3351
3622
6241
7046
1405
3350
6254
2311
948
1057
2723
613
5487
19
159
4247
6249
726
3766
6102
3890
2319
5476
5144
5537
647
2037
682
4684
491
490
1448
5148
2492
5432
1496
2759
467
5149
5914
3013
456
1503
5638
2967
6389
772
1104
6073
2536
2538
2968
6446
2576
617
5235
1018
2779
1249
3517
6443
6726
2763
3585
2756
2754
3300
6095
4687
2730
3080
3499
496
495
1447
4623
1455
5146
3038
5384
3387
719
2731
1443
6437
5604
20
22
2404
263
6993
4213
3961
5773
5778
1784
4497
5797
3978
5903
5821
14
4515
2498
2496
4096
4347
4092
1910
6468
261
1682
492
1445
3297
2402
4891
3704
4972
2033
1015
2925
2403
6418
465
463
1908
6811
3317
6466
470
1252
242
1253
5814
7111
6253
5107
3451
4713
638
2258
66
3424
5175
563
2155
3590
2751
5543
2599
2351
5171
2356
6193
702
4453
5930
3031
3241
6189
2560
3762
2067
4895
2504
3872
2561
2593
3179
3812
4911
3893
5993
416
322
6569
3220
6006
6093
6195
4210
4740
4670
3047
2065
2735
4744
3192
5862
505
2714
6057
3355
1442
2084
5455
2191
634
690
2985
6009
4197
4173
6242
3017
4178
3419
6247
3975
6750
2792
2490
2559
3596
1376
3011
6398
3554
5890
1088
5264
2314
543
5406
4033
1400
1401
4677
158
258
4142
3515
4091
464
5185
3344
1232
6444
6436
3135
454
3235
4480
25
4326
1709
6817
2594
336
5370
4937
3477
5472
6964
2462
1506
716
7016
5949
4136
4065
1863
5743
3349
5503
720
2080
156
3188
1459
5307
5505
6302
1116
4005
7054
2161
1206
154
5826
1115
5619
6072
5602
3449
3480
4714
1895
3820
6250
2515
3825
3224
3457
102
4043
4741
3456
6013
7049
2271
1290
2971
171
6368
711
2197
6283
4400
5221
108
1258
921
6015
5430
4779
898
6379
2600
554
2091
4667
3381
1058
2088
983
986
5004
21
6586
23
1508
3928
1569
5351
1444
5341
6440
5500
10
3702
5742
1726
950
2586
5389
5990
4482
6626
4253
3195
1379
1353
2157
1591
2773
930
6744
1788
3816
7008
2757
4252
228
2093
4933
6958
4452
6561
4188
3880
857
1395
3152
5827
5630
1911
970
1163
4134
4931
4232
5609
4343
4842
1916
832
15
2199
706
4936
7087
3247
910
5076
5727
924
6518
5661
3453
5099
769
4186
2120
2042
4276
2107
784
938
83
6671
2186
3378
6567
4135
4979
891
4774
5074
3185
5748
3280
6365
3081
1051
3372
4913
3104
4981
4518
2930
6111
2749
2595
2752
229
3595
3707
3728
6743
2764
1363
5542
2771
409
2774
5364
6163
1344
4422
4001
6718
4004
4717
6252
5489
3623
2744
6164
6795
6820
4634
4610
5508
487
6989
5152
3948
3674
3672
5306
6179
4590
5928
5927
4454
4674
4675
1685
1409
531
534
1404
4489
6104
5524
1547
2328
1876
6813
2873
1235
1617
3510
4483
3841
3507
4510
2544
1220
2255
1888
1202
5160
6037
6023
4516
681
124
685
1880
7060
5413
2863
3777
6978
4551
2578
2296
4039
168
615
3793
1710
4047
372
1568
4539
624
3876
6275
1260
5361
6020
3724
6859
2569
264
5358
1703
6474
1493
4950
5484
5488
5984
4938
5722
3223
5721
6521
6014
1608
2555
2565
1566
2474
4939
6510
3183
3181
3176
1539
5459
2603
3163
5380
1518
6132
2583
1714
2371
2075
1807
5558
2799
6391
5636
2315
2292
5810
1293
1291
6265
1151
1282
2187
5222
1248
2192
5140
5610
6309
2898
1221
6288
2169
1227
5184
1233
1234
1877
1862
2279
2198
1961
2334
1357
5326
5741
5710
2024
5333
5334
6166
2409
2025
5342
1010
2026
1006
2077
1013
2030
1031
2713
1358
2156
1785
1089
1389
1081
5938
6196
1059
1763
2086
6173
3085
3103
2358
6266
5684
498
3242
4181
3683
3678
834
4881
313
3967
4177
4531
6984
3824
622
361
620
67
851
6882
695
3703
4221
4893
7150
268
3773
3383
6706
680
123
3508
3490
4538
3511
4831
4099
3513
3935
4830
3792
3685
3485
811
4747
462
3934
6871
489
4745
819
4090
6848
4864
4471
4365
4368
3298
3470
6770
3570
4898
6714
11
881
574
3599
4148
4243
6670
4683
6669
153
4022
335
4003
333
4241
4605
6673
4679
271
611
7029
4738
