5918
5933
2727
5908
5866
5901
1090
6259
5919
2724
5909
5932
2729
5860
2725
2728
5911
5916
912
5934
2726
5867
1094
1097
343
5902
2162
5134
5936
5939
5864
5868
641
4887
4886
345
5906
4152
5568
710
646
2281
645
648
1096
460
649
5904
6431
5130
4150
4159
6819
643
642
6240
340
342
2287
2499
6719
2720
6251
2289
5560
4880
3036
3241
5139
4151
4888
4885
5136
5135
644
4882
4889
5937
1093
1091
5905
6713
3035
2494
1099
5476
6442
5913
6463
5900
3811
3039
6257
2280
5865
6256
5931
84
5917
4172
4778
6814
5907
3030
5783
453
5447
5569
4064
2288
5561
6258
705
704
5935
709
5172
4157
3814
16
5137
2167
6462
5254
5910
683
2507
3037
5566
715
4884
5869
4171
6445
4883
2538
722
2763
5133
344
5170
708
1095
7016
703
640
2283
5406
3034
261
5171
2592
2161
5672
5163
2391
5138
2722
3879
6379
4154
5930
7113
5938
4063
5863
1987
1503
5912
724
341
4504
1565
5131
6195
6241
2591
6242
6810
6247
263
6254
6414
3554
6712
6409
5881
6443
6567
2282
6569
3723
620
346
349
2492
6816
3032
2156
2085
647
711
3246
5638
468
5564
3071
463
3810
416
3885
2493
4330
5174
5784
6243
816
5185
250
28
3240
5269
3243
2152
4173
3199
5160
1506
3245
1851
1924
4832
5862
685
4663
6432
6436
3813
3077
6073
516
5333
6766
6249
1353
6253
2319
1227
469
5558
465
6255
2705
6781
462
6245
626
1151
1508
2285
5495
5671
2495
6072
2007
512
6894
916
1808
2597
701
1552
5914
1841
6244
700
4760
4934
2884
4935
5175
6670
7004
5221
702
3105
19
4487
3590
898
674
3480
11
4177
1699
3350
6446
5491
2433
5988
6829
3707
1805
5443
5455
1062
2985
4774
2340
3596
3439
2286
681
5915
3623
3438
5014
514
5928
911
3158
3387
3041
5927
2721
5604
22
2084
2083
2080
4069
2779
5235
4067
12
663
4931
1098
1404
7046
4153
6320
1440
5903
1055
531
7123
1504
2529
4120
6860
6886
2559
1956
2723
2536
3244
450
2088
7049
2055
5896
6706
6669
3383
6711
5826
3357
2056
6984
3683
4719
713
3883
1464
3934
3944
4250
4062
3850
6815
4243
4074
4227
18
6283
1212
1200
1370
4749
6135
3818
466
677
6846
1846
3608
4624
5921
63
4604
4569
4563
3701
4498
6434
4482
6094
4586
622
2609
3069
5497
348
2875
2520
3168
4972
5502
5004
5319
6558
5341
2832
368
3074
2574
2349
5537
359
5017
5182
7024
2241
2506
5602
2673
5606
268
5173
3176
281
2119
5721
3224
5459
2925
5169
541
6182
1617
1442
6082
2899
931
6093
6743
2566
3917
3881
6111
2890
2557
3858
2879
2521
1564
3822
528
1520
716
233
5384
2118
4343
4136
14
2674
1280
6415
2676
2701
264
2704
2716
6365
6377
277
6385
4170
6389
1202
3952
5307
4213
3980
4262
5186
5189
7152
2462
4065
20
2771
25
1104
6982
1111
2660
6252
258
5328
4494
5152
1863
3355
3164
2273
3397
378
4979
451
454
124
370
3076
7077
7027
721
4716
3171
6717
6703
5614
2099
413
5702
7050
3226
3247
2072
623
399
3248
3187
1993
1060
5828
2216
773
6718
5861
5071
7009
2117
6736
4574
7010
2990
3672
4694
5926
910
3656
4623
5505
3724
899
4516
5453
480
4670
5165
510
4687
360
3619
6437
6466
6474
817
717
956
727
6580
1063
6554
1074
1026
6533
6714
726
914
6440
6663
6496
2087
1264
3486
4748
4824
3330
4861
3307
3297
4881
4895
3256
4734
3253
3177
3160
3103
5005
3060
3033
3015
3013
3010
5086
4911
5132
4728
4712
4245
4060
4252
3971
4400
4416
3893
3889
3880
3872
4714
4436
4495
4519
4525
3704
4626
3617
4684
3561
4702
3528
4485
5184
5206
5236
1930
5877
1881
1878
1855
1807
1725
6034
1658
1595
5742
6102
6168
1486
1485
1448
1435
1395
6239
6246
6248
6250
1500
2110
2113
2163
2773
5272
2671
2662
5344
2603
2600
2598
2583
2577
2575
5430
2457
5465
5484
2353
2351
2312
2292
2244
5608
5610
5639
1215
2375
4175
574
66
533
553
7144
621
7150
6744
7035
554
513
525
6999
230
6811
29
467
228
6882
456
7029
682
414
6986
478
251
6741
239
638
653
130
7017
146
8
271
7108
1922
5279
2792
3063
1659
4589
1650
2534
2005
3264
3070
3073
4582
3072
515
915
5539
4346
1163
336
6767
3017
5058
2421
5053
5600
6392
1405
4486
4608
3047
4339
3979
3978
1911
3974
1145
1144
3300
3916
1916
3284
2009
3046
1910
2544
2153
4395
1962
2166
617
1498
4937
6444
1982
3819
273
4928
7120
6742
3192
628
4499
6465
4497
1536
5673
1042
2497
4496
6464
69
4491
2498
2503
6498
3079
524
3852
443
1929
440
2461
936
2786
938
543
4866
5634
2465
1996
948
1460
2467
1607
6097
3864
612
3722
4962
613
2749
5264
970
6513
3726
6110
3635
252
5580
4777
2863
5751
4113
5146
505
6978
6689
4218
4705
5181
1328
1336
5099
3555
783
452
5960
5962
5728
372
2967
2968
666
6795
5383
2034
3520
2306
5370
1843
1286
238
484
690
6303
5743
4158
719
720
1267
723
4754
5367
3499
4142
1822
5168
1857
2311
1305
5167
4717
418
1802
2569
7087
6146
3622
2395
4666
4259
6342
287
5074
3630
2838
5567
3354
6232
5968
7099
1722
1720
7074
4763
2710
1406
2169
1490
6374
299
6153
594
6157
3329
4621
539
4529
3511
1148
540
5411
242
3449
6368
1253
1150
2713
97
4864
4750
4868
2069
3189
4875
1290
286
1158
73
2550
5711
1052
2508
4745
2077
4628
6292
3655
4506
3498
5682
1291
1482
7054
417
5332
1453
3249
3398
2115
2659
4910
6189
108
2112
6199
4905
2565
427
