699
5380
4060
898
4136
537
264
531
2960
5359
4722
619
6189
4861
616
6191
6303
618
713
3590
6157
2159
5093
3856
1440
2096
3351
1323
5279
124
3707
551
3978
6182
1011
3495
6322
613
3385
7099
4560
615
6341
5882
644
3353
3935
6127
1895
536
5651
5092
5351
1099
610
674
361
4728
6153
3591
2092
1266
4798
6296
6558
896
5942
676
458
891
3954
4661
617
1375
2130
5268
4069
3952
4694
1584
6069
3953
1724
3046
6188
5103
1723
2513
7118
530
4140
4144
4135
1650
1659
781
4604
4368
1374
4898
353
2310
6199
5475
5953
5387
679
1652
4149
4487
2710
295
688
1413
4139
1444
538
2965
4972
1485
6159
1532
6248
6253
358
2155
494
1379
2177
90
5374
834
1851
4486
4610
5740
5239
6197
3946
1893
2296
1098
4153
1854
1720
3972
2314
6195
2990
5934
4666
1378
1401
3104
1405
250
2745
4625
783
5916
6873
2985
6546
2386
3956
555
2463
3858
7085
6982
1446
7084
6946
7147
460
3013
1441
4791
3382
3825
671
6711
677
267
2058
3358
230
7113
352
1258
4753
6584
698
1488
4561
7041
6181
1753
2999
3403
5490
6474
757
6186
3934
1091
1796
4669
3044
1416
6250
3357
6158
4130
489
5357
1325
6771
3309
6456
5739
5098
2747
6362
2038
7161
501
3918
828
296
2995
4141
1449
1208
3915
4608
4147
4143
1582
2716
6452
1721
4600
3384
6445
3494
5169
4799
6243
2519
3047
3811
6192
3169
3354
2121
4035
3401
5421
4888
897
4892
77
1376
3284
109
2381
4970
2873
4962
5264
6256
4940
3081
681
3957
5540
4761
598
596
3262
1036
5746
385
499
4891
2981
410
4724
6309
1026
2992
4899
545
3018
1102
1115
5929
4729
4738
5961
6340
6198
2998
319
5955
6279
4664
2991
1611
4693
582
539
4880
3721
4667
6351
5163
2372
5598
3105
785
3432
680
1331
5358
5355
4250
102
5344
890
1729
4485
1373
6708
2093
1497
5656
5220
746
701
4356
5693
161
178
3490
4563
1261
2113
5096
3383
1227
6505
4624
307
824
27
7096
1714
2725
826
646
6448
34
3551
5902
1445
2312
6204
3630
4067
6860
4978
5727
7124
4914
4883
6092
5275
5501
6773
5269
1671
4397
3274
2117
4142
1672
3264
3355
5328
550
1476
3350
7056
4095
5394
4906
1660
1443
788
3419
1408
2967
2153
1447
1087
2298
4259
5647
894
1377
6164
4091
6872
451
6366
2111
1577
5928
5927
4767
3959
960
4483
3829
210
689
3123
684
3499
4584
1603
6583
3108
3857
6543
1727
612
672
976
667
2764
2691
5167
3885
656
605
2723
2847
4472
3976
6241
6242
1318
1317
1316
1576
6740
707
6413
2039
6726
3592
6252
6359
6251
6254
987
6262
6261
6259
5136
292
586
2735
4665
2016
5810
1658
5901
1655
3010
5166
5905
1937
3356
3019
5596
3465
5941
3049
5722
4099
5964
950
5227
3638
909
5325
5090
5326
553
695
683
3437
5730
678
5377
3106
535
532
1021
554
1938
3820
1496
327
2515
4026
2511
4362
363
6848
379
6274
1370
122
6900
104
1490
96
4243
4826
1412
2332
326
323
322
321
6537
240
242
249
251
3951
257
261
4453
2330
4445
293
298
6741
6745
4400
1575
2742
2743
165
290
6190
235
6185
1428
6133
2962
2993
4148
2958
6102
7051
7111
468
6151
445
6
4169
6180
1963
1093
7089
7083
6183
502
1097
5486
6736
5229
1858
2293
3359
174
4408
716
3482
822
709
1311
4137
3144
4098
4512
6548
1545
6577
1544
5491
6585
4494
685
4145
3109
6589
216
4489
1286
3139
3973
1535
7134
4442
5226
2203
3466
6769
166
2136
6908
2392
5569
3287
3433
2382
1489
1422
6949
1400
3431
83
2350
74
5601
2338
789
2328
1414
1420
5650
722
2327
1426
1793
5544
6775
4161
1514
5481
5271
2510
3263
6829
5480
5283
6841
5689
4347
4064
4164
4076
6867
6063
7045
6896
6060
3955
673
6247
3597
584
4794
3594
1163
5072
3080
4782
5946
2005
1027
3082
4721
355
5911
1588
1586
614
2749
1029
324
5947
835
6097
3681
6103
6104
3016
6011
4908
2986
3662
2893
2984
1925
5995
3699
6163
5975
452
4977
5009
3620
2968
2031
4790
624
6441
6437
642
2731
5128
263
3950
3496
634
2042
1229
5099
5165
984
247
3917
256
663
5168
4551
241
5095
5448
4094
3409
4884
1063
4881
4905
4860
4887
5004
4471
4830
3818
1654
3625
4603
5410
4602
4482
5452
5483
3685
5482
1651
3687
4150
4569
1116
1726
4605
1728
978
3388
4975
853
1448
3644
3971
3944
4825
4607
5230
1608
1355
5323
996
1600
4351
918
1343
5277
1023
3890
1339
5273
5272
1006
1016
1585
3912
1740
1333
4766
5134
1712
4524
4207
4662
1150
3615
5373
4440
4245
3599
4248
5055
3426
4796
4256
5063
4614
1158
5341
4271
1380
1310
1160
1314
3435
5487
4910
6184
5729
5891
2051
2292
265
6999
2287
2884
2898
6516
2900
5908
6442
2683
611
741
6193
5683
231
2612
5659
213
7040
5910
205
6706
2671
1855
73
2724
1892
3085
367
6306
6312
7082
3098
5880
5779
63
2759
2315
3138
1897
6272
696
2740
2739
7070
5741
2737
632
5889
2334
7112
2870
5732
3277
2582
5847
6920
3
6120
3320
6907
6904
6901
3055
6089
2487
2150
5918
549
3021
2474
6044
5591
533
3352
132
6983
483
6868
1903
2157
105
559
3285
6721
2158
3286
6156
5547
6930
3283
3282
2577
5631
3288
5625
5640
2842
4971
2845
6267
2175
4771
2821
1169
6277
4754
377
3043
534
1066
4974
6162
1096
2848
6165
453
437
1604
1634
3732
6152
101
476
6100
7036
406
4797
1997
6257
2997
506
6066
4917
6054
6264
4953
4157
1164
5489
1228
370
1337
6768
1520
