5923
3768
4052
1247
1248
4988
4983
3765
3844
735
4050
3767
1246
5876
4985
4450
3766
6117
3191
4185
4981
5249
3769
4189
4056
4987
3840
4980
4857
6796
731
3760
3843
5999
5432
3346
4982
6118
4055
4514
4051
952
3775
2615
4176
739
6129
4986
4451
3761
4984
2250
730
3771
983
6953
5073
5162
6568
1245
3846
737
6235
3556
591
6124
3519
3178
5437
5438
3770
2482
5921
4184
3773
2565
4708
5192
3038
2186
3292
3864
1243
2684
4054
1889
5076
631
3072
3757
2255
2611
793
3847
2905
4212
4704
4859
6524
6112
2506
5319
576
733
4615
326
4519
4511
1389
2187
6956
567
6954
1820
1931
3299
6896
5607
7149
4089
369
572
3546
6220
4929
2689
4086
1782
2449
5433
5663
3291
3164
825
791
736
5419
2406
3298
1240
1242
6348
4378
4513
1591
1486
3294
3835
4851
5343
4183
6230
3867
1075
1934
5558
3251
2447
823
833
5648
383
6562
2401
3776
6791
6957
4214
5954
3245
2819
805
3257
2443
5900
6299
1914
2196
2680
4926
6795
4515
1254
2190
3476
1255
4085
3512
4855
1471
3439
796
3968
6479
6109
6343
4502
5038
5435
1778
482
3478
535
4508
3195
4726
1779
4254
3763
3860
5672
3963
4517
6223
3848
7142
2629
7021
1357
68
4750
954
2507
1788
3810
2161
5091
946
749
5925
1110
941
6952
1606
1646
1816
60
51
2251
3296
3745
594
738
4597
5993
4652
2198
1732
3560
1423
3350
2199
6280
1382
4059
2191
506
4121
6081
4053
4331
317
1483
6231
6305
3243
5119
4257
7143
425
3778
4057
5888
2354
5116
1368
4510
5673
1733
4217
2485
4852
5349
4488
3980
3981
4858
1070
168
6528
3695
5431
4158
6875
4210
625
2493
3162
564
6377
139
4024
3198
1244
6002
4922
3193
2009
1232
5271
799
3575
6332
6123
3517
4850
5050
5048
1071
4747
5834
4702
2574
2501
3999
3075
1067
5940
4847
671
6877
2625
776
431
1252
838
2380
5576
797
795
4255
2653
560
2963
4175
3256
2966
806
4081
2295
2440
6951
1016
4237
3293
4723
4181
603
6183
3120
4830
1352
2672
6035
5395
7168
5631
5023
2040
2150
169
5123
167
5045
2050
6561
3605
1810
3481
5726
1812
1814
7141
5721
286
5411
213
4333
175
1786
5416
5069
7164
1412
3772
1571
1998
7156
4368
1771
3894
5140
5075
4203
217
503
4654
4500
4705
5567
5067
5563
6890
1084
3639
751
3554
3552
1489
1078
732
2329
6314
3822
4518
3957
2441
6885
6886
5783
6222
3012
6160
3482
151
628
4885
3994
3995
640
2195
6740
624
3518
623
6672
6671
1211
660
6174
3076
2390
3510
3989
5429
3842
1209
4894
5903
672
5926
2541
1598
4853
1250
5832
4645
5122
1840
4793
1387
4411
4582
6000
5026
2626
1381
870
2226
2873
5115
6457
6010
2247
2638
57
6855
6009
856
4422
6128
1794
52
4794
5025
2943
1776
6074
5534
6835
5029
1887
1885
2194
4556
5561
2193
4456
2614
4399
2213
1027
2277
4030
3680
4122
4653
4791
5922
5500
6811
2710
3779
3564
7165
3762
2688
2717
5430
874
3992
2712
621
5342
6355
6184
1764
4425
3747
6878
172
5410
5678
4476
5982
4812
97
1676
6882
142
4187
2974
774
3688
5156
6394
2600
5414
6874
6480
4071
4707
2624
3744
1005
664
6173
839
5326
2908
2910
2561
2912
7144
2627
820
6381
4384
5097
4846
4841
155
6396
922
6317
3255
5238
6202
1215
4570
2119
281
2231
3173
6318
6996
1428
5874
3862
4338
6237
7031
2400
2291
2246
2285
3485
3241
3307
1353
1231
5377
5027
5766
6302
1473
2358
321
6541
5059
5836
5346
4642
1551
3958
3897
3960
2192
6538
6224
1270
4263
5839
6221
6228
1503
382
562
5830
2320
380
3366
4498
4174
7120
4528
1640
3003
1865
5159
7140
3881
3425
5550
7009
5949
7016
5413
5275
2096
6398
5320
99
6406
1073
2099
4527
743
1297
6774
3258
1869
1991
5601
1832
387
2855
6450
5151
384
2849
4554
2838
2837
1772
2707
4301
3898
958
955
3369
3372
5533
6829
4116
4428
4560
2792
2774
2720
4585
985
1376
2623
1460
3728
69
6293
5820
7022
828
1720
1722
5822
3349
6290
4322
7038
6006
2240
2154
6254
3914
1793
1738
2232
2679
3328
1621
6311
6390
5769
2498
2044
6172
3172
5501
4921
6563
5503
6961
1592
233
3577
4889
2540
3597
4856
3484
686
561
6991
4670
663
2031
4223
4226
3997
3094
2513
6743
4681
1589
4689
3514
1588
2505
652
2417
5912
5924
656
2518
5878
3077
3589
3574
4377
6993
3127
7118
5935
1101
505
6349
2363
4211
1548
3868
2562
3029
1501
3961
5895
5786
3984
3563
4335
3126
5072
5446
511
189
2008
4008
4516
3124
6321
7088
2062
2740
1585
4429
5309
4125
2446
1967
4568
6347
2703
1728
4222
6798
2170
1756
4559
4124
6198
2000
1424
4658
6328
4676
953
1747
2182
4743
6335
2483
4673
6454
4742
2700
1963
2239
6714
5465
4364
6201
6284
2248
2157
1102
2297
2604
4177
6236
1048
1100
1656
2560
2588
4389
1649
2586
1478
1908
6233
4706
4520
1623
4622
1625
2086
2568
4606
6770
2088
1072
1266
1069
6399
1264
2567
2159
1883
2284
1004
1006
5385
4353
4421
5469
4417
6131
2396
1230
1355
2520
6292
6301
1346
1236
1819
4731
4376
2051
5314
1855
4404
2556
4374
5504
1837
2622
1827
6171
1824
4529
5499
1768
7055
5889
3511
3798
6992
246
5951
275
7083
3967
3182
3181
3177
547
3014
3685
3480
5110
3479
5871
6005
3428
5028
4063
86
6856
7071
5549
7139
3242
794
291
5980
3869
727
2887
5944
6887
5572
3845
599
7103
3125
4895
3138
4881
5166
3993
5910
3110
177
3988
154
668
206
3143
4834
6892
4018
3167
3977
6898
3160
3814
4854
3849
4902
