2097
2716
5380
1895
3636
3382
6106
3264
897
3630
892
3599
699
4862
614
822
537
534
6830
909
5096
5357
5093
6189
5943
3324
6668
6103
6100
6188
1699
6191
3274
4344
1723
1323
2096
896
893
4527
6983
2092
2090
6986
2139
6107
89
5373
5355
616
619
4445
3631
4898
5375
3261
1735
891
3632
780
1720
1321
4448
6104
1164
617
613
496
6989
2118
2861
1326
556
2155
2958
2710
4440
351
6105
6187
1207
1324
3357
1266
4270
2514
4369
552
5964
539
857
2603
898
5925
5351
1499
6209
5377
5450
3356
5359
6984
2646
2869
2867
2137
5753
6193
2651
5267
690
339
6982
3322
1524
5384
2468
2111
1320
3327
4666
2463
2053
6740
3262
2879
2031
1163
3355
6182
1746
781
1165
2131
3593
3524
6192
5015
6736
4782
3707
1970
3684
4907
4213
775
2015
4864
3490
2276
7083
361
2113
3497
3705
3320
6183
6184
6185
6186
4446
5230
5358
6669
5693
3934
6837
1587
2868
2151
3591
1525
696
1329
353
7082
1977
5090
1274
1325
6089
6135
5269
3266
3706
40
6303
6732
3127
7085
899
2012
788
518
1208
784
7073
3837
3350
2134
2846
3272
3194
1169
1751
3053
2756
1520
3326
984
5728
3911
2753
3354
2516
5103
3539
2099
5649
5353
3956
5352
2643
6054
6314
3273
1724
6109
95
532
2950
2713
698
1166
2112
4271
3590
3353
1736
4569
3352
6433
1264
2138
5261
972
7030
1133
1168
3330
2093
5227
3277
410
3276
2140
3278
3334
6833
6547
4667
610
5092
4861
6312
2737
3570
694
1726
4525
4529
2751
826
6730
4368
695
890
2998
590
2511
6132
6180
6540
1766
5354
4905
3358
244
4506
3321
7043
2098
2768
5902
1161
2962
6980
3493
7086
5640
6157
693
3537
3708
4232
2044
5746
4507
385
1634
550
1008
3722
5009
3495
585
5594
2754
4526
6836
3499
2114
4522
4497
4521
3726
7084
5614
3384
618
4509
2848
1894
2863
2711
3104
4504
5689
4866
612
3332
1498
2146
1801
787
792
3694
2465
4883
124
2154
3595
1036
2035
7135
2578
5371
5229
3592
3953
5361
6660
5936
85
3594
2094
906
3634
7046
1721
6981
2476
6665
4035
4720
3219
1188
2595
4890
4754
6299
6802
5386
3323
6880
7041
4520
1687
2119
3113
782
5333
2057
4724
6302
1775
1271
2840
1270
3265
1160
6525
1847
7076
3930
2095
3033
4383
6952
4812
5266
4387
4563
4036
5088
5273
10
852
3666
611
4380
829
5004
1790
1964
4115
489
4524
6721
483
2275
3498
5938
2115
3059
3725
5019
4328
5730
1370
45
3713
974
5102
1581
80
2649
5379
3690
3534
4662
1559
749
5739
4753
319
1725
1258
2218
2317
3701
5201
4756
6090
3702
3335
2903
5052
2319
2422
5684
3380
2725
5041
7096
6058
1892
5682
4354
2865
1485
1762
2132
1201
2147
1535
2117
4574
3954
3946
5381
5420
6950
858
2581
557
5058
2493
5569
1009
1568
5264
5399
6583
2715
6775
2674
3635
3715
7033
697
4850
847
6385
3959
812
813
663
894
5320
6353
4681
2152
1584
933
598
5098
2750
982
1037
6336
6543
580
6392
6523
2469
3955
1615
889
5283
4761
4752
995
1376
1487
2519
3976
4528
1254
1011
64
2018
4979
1951
5595
3263
5899
4908
6074
6838
6073
5904
2864
4518
4992
2964
2311
480
4363
6046
4879
4141
4937
3345
2011
3351
5615
4358
3270
3073
2892
5752
1761
2328
6146
6367
7097
1275
5841
2326
4888
3359
3248
4551
4444
2866
4137
3140
5942
3210
7118
6099
312
3279
4863
3257
3328
47
1537
5955
5287
2973
1797
3903
1527
4684
4682
5286
4683
7035
2976
1635
4427
310
3309
6203
1740
2024
290
1750
5849
2635
6929
2634
6391
3269
6661
4874
3932
5356
6798
2955
1770
4570
224
785
2965
5338
4880
3812
1799
3216
6779
1438
6584
3710
3709
4758
2489
48
4220
3088
5108
3085
4800
3078
2552
3089
4748
3712
981
6770
3723
6153
6133
1013
5137
6537
6953
2515
3121
3718
4795
986
1891
13
4747
6072
3764
5246
4723
1237
6171
3214
4386
3909
6663
4393
5270
3013
6823
3638
1804
6759
3207
6047
3060
6811
4352
6381
1477
1482
2568
4728
96
6816
104
907
1048
1852
1490
4808
6684
6361
3271
3413
2305
2726
5656
5709
2056
7091
3513
1149
5003
582
2758
5742
4664
5537
701
5741
4993
499
2841
498
494
1277
3405
5726
2834
5694
470
5706
472
477
2142
3423
478
5387
1137
1374
6832
517
2670
553
2712
3522
1094
4561
4869
3823
6521
3424
1728
5382
1729
5568
343
4889
6261
1494
107
2720
2579
103
3389
3197
1730
5605
3918
149
3672
2721
2429
7001
885
4190
2427
2425
4385
4951
3056
2845
3521
3029
5094
2116
145
7088
6382
1677
5652
7053
6060
6960
3099
2765
1888
5167
5011
6115
4853
2767
1018
3494
1896
4303
1131
3126
5589
1347
5008
5582
1135
2296
1636
1272
4095
2106
6676
5231
2745
2747
4906
4523
5604
4197
84
1153
2337
488
2752
3830
2216
4342
3496
1659
504
3422
959
1262
510
6098
1480
1822
2327
5919
6987
1582
703
6304
6305
1722
4998
705
3931
3858
4454
6751
3532
809
1536
5924
5931
5364
5000
4680
5935
2153
4661
6800
692
5349
7045
2042
1180
3553
2960
3548
2891
3811
3337
2038
7119
1759
369
3344
789
5737
5337
1096
6563
2666
7099
1194
1734
1733
4505
6683
4871
5276
7098
5699
2922
4407
1992
430
1226
643
859
3822
3905
1561
6450
1564
3300
2273
1795
3526
4144
2135
2990
2274
5692
2282
4690
2360
6393
2286
1727
1392
1521
4857
2258
3935
3927
3875
1413
1373
4834
2436
2253
2321
5006
2323
6985
4798
4958
1147
3900
1216
3901
4899
6994
4884
1369
3951
3818
2348
6369
4887
3936
6781
1162
4891
6777
1230
