1341
519
1142
4766
1356
1344
772
5791
6411
4498
1345
1352
3179
3887
3369
5252
1348
1506
5998
4762
4763
6136
2925
4765
3560
5619
3989
5073
4960
1144
4496
1349
364
5634
4768
5018
326
3762
3604
1355
5583
6228
2487
649
648
5136
3174
5823
5348
4244
932
3095
6885
4065
2462
654
6739
4767
3885
3362
5937
5275
6083
4257
797
3692
4935
2129
2358
4624
2361
3773
1486
2380
6387
1507
5909
4159
2454
3078
4616
808
4239
323
2918
2003
939
1830
2623
5151
3039
1359
3038
2704
5072
1350
4208
2122
4623
5912
650
3774
6853
652
2929
4067
2352
3364
4931
1920
5157
4761
6815
4151
4152
6211
1815
679
4679
4933
1357
2824
6999
6995
5373
801
2586
4965
3449
1552
5010
4254
2285
6466
6539
1808
1253
5332
6142
3371
2007
5610
2971
3879
1102
3506
3872
2167
3178
5259
1185
1287
4028
3883
1007
1100
5568
5900
6372
6385
487
2378
3092
6829
5401
4259
5294
849
6390
796
7060
3933
1805
5882
4888
541
6023
4769
561
2510
1460
6839
5933
1446
641
642
643
6872
645
3442
6117
5279
1776
99
3596
5409
3130
656
2350
5447
4027
3931
5936
901
2954
2254
3864
4029
3132
4422
4670
5147
5947
2725
3441
3820
5970
2596
348
5908
3037
3770
1500
4128
343
4245
6133
1439
2212
5343
949
1358
4887
3880
3983
1015
3366
3781
992
5254
1343
2051
7125
3181
983
1481
6214
3771
157
4617
574
5314
5918
6084
7024
6536
6085
2919
4760
7031
3402
6140
3015
1353
1340
700
328
6166
3241
3951
5869
3196
1069
92
3134
2123
807
4495
817
5020
98
2128
7049
2316
1248
6977
3786
2281
5444
2652
3224
6734
2952
713
2403
2402
4934
3177
3847
1575
4237
245
2367
2955
5930
2356
5754
1282
5560
4654
5935
497
5311
1818
5756
4674
531
6765
1839
3367
1836
5992
1232
5312
480
1832
3789
5773
1104
4764
1915
3938
793
2120
4981
5864
3385
1385
2125
3863
1384
5016
5154
5152
5026
1362
1361
1360
4023
6231
4024
5345
5885
6216
3328
995
5111
5840
1073
5340
778
550
6555
5797
595
6530
2078
2082
1882
2485
1887
644
5331
3881
6031
3349
3291
4889
5827
5405
1101
1426
1090
1088
6145
2114
6413
2354
5162
5172
6341
832
2720
5717
1577
5569
7005
3777
7148
2909
7038
3406
4582
6896
3445
139
341
2805
2930
6890
3661
1572
1592
4629
3162
2755
2762
5542
3438
61
7163
3135
4494
1626
578
2091
2150
5586
1444
3538
653
4124
3170
1021
1778
1099
4621
4880
333
6198
1138
570
5347
3826
7068
5344
2105
1623
91
97
2499
3928
671
2957
3176
3342
5341
2784
4857
6130
4074
2951
1703
1862
2100
5819
78
1616
3844
4433
5516
4252
4253
1369
1370
5874
4247
794
6296
5531
1379
814
3561
3576
6975
5013
6340
4060
6343
206
6348
5866
203
4988
5545
5512
2939
178
175
3766
1006
5826
5112
267
993
6474
5107
1429
5566
2816
3383
2827
6236
1726
5507
2379
945
2369
6434
756
940
2900
6418
242
177
340
2287
345
3780
4729
3889
3074
1837
5980
3045
6814
5974
1242
416
5438
2726
3360
5288
4672
3040
3498
6028
5319
5274
6012
5925
5277
4726
6039
1505
6819
6741
7128
5921
3036
2728
5224
3057
1838
7166
5914
6804
1999
5940
2597
2703
5465
2605
158
1427
2911
4205
5865
4936
4985
812
4937
6235
2732
4465
1902
736
5505
6240
3563
2383
948
5939
5076
5995
5077
676
1773
6365
2810
3378
5733
684
1893
1511
4918
4316
6979
5931
4926
3239
4695
2922
28
6464
2917
976
6449
6478
2729
2280
1923
6319
4518
5695
4515
5876
5372
6404
4047
3562
1381
6259
5393
5025
4656
1921
2006
6316
1604
2261
5868
3448
6397
5873
5370
6760
5978
6445
2376
168
195
4650
4251
2311
2363
7001
4671
5833
5011
6803
4481
193
6416
1383
2273
931
2229
2234
773
3419
2721
7099
7016
5895
3611
94
3248
3940
6557
2126
3363
2490
5923
5443
350
5581
4618
7129
315
2610
1119
317
7087
3400
3097
2121
4842
302
1070
74
3361
1096
6141
309
6549
5919
72
572
1547
5946
1702
5904
7123
5903
5777
4008
83
1105
7063
4885
602
2614
6172
3822
3443
4754
5821
5917
3813
4158
4025
657
6114
3076
2450
3520
356
4020
4883
1140
1565
1980
3376
5315
3108
1781
5642
5887
5177
5715
2152
5713
4418
6715
3622
579
544
6306
4338
5951
7112
5948
6994
6134
5651
1158
4022
3005
4021
5201
6327
201
3168
5625
5973
5910
3189
194
6087
5555
3347
3434
3315
6346
2
5300
3924
5019
3744
2069
6080
1631
5602
5028
6226
159
7132
3035
1032
153
7037
4419
3329
146
4005
3143
5346
5997
1192
6015
6196
7015
997
5638
3543
7035
4425
7141
7032
3508
6027
1012
4430
5139
6996
7008
5893
7074
1094
4312
1091
5291
2242
2112
6147
1365
1170
4451
1651
96
3513
6245
4450
7004
3878
6158
2024
3019
3565
2026
1184
3432
6237
1186
5144
4177
5990
1624
1273
2629
2409
6710
349
6706
2751
5779
1571
6711
4588
6699
3626
6696
4753
6673
5825
342
3814
4884
2627
715
4939
2650
5830
738
463
733
4938
4102
4713
4719
4581
6725
2400
4723
5473
6898
2389
6438
2592
4881
4851
2495
576
6533
2545
1461
1881
313
2507
1785
3605
3988
1867
4107
4103
1788
4117
3403
2551
300
4622
3678
1562
545
6876
547
322
3835
5482
4216
5793
563
3960
3601
1883
3958
4620
5831
1875
2700
1591
449
5395
4000
1928
2742
447
5749
6821
4167
3204
2324
4961
4678
2673
439
5851
3856
3237
4673
1819
376
3437
1600
1833
5863
6763
6903
5698
2727
6972
1904
5867
806
3849
2355
771
6766
3788
1812
1581
3463
1908
4154
2303
4657
5491
