5956
190
5951
2475
269
5957
2827
2465
815
810
814
1108
5958
811
5173
5954
1372
2179
2650
2172
5789
5936
1104
2173
2673
2141
6458
388
2647
4528
5950
5614
2314
1203
5900
818
5684
1747
223
756
2642
2313
4404
4309
1270
5171
588
1107
3496
4074
97
4628
1033
4401
2646
2007
4334
914
755
4901
5415
2057
5955
5759
3819
1046
1038
4405
133
3720
816
813
1217
4038
2311
2882
4908
2476
2146
3063
5932
751
1725
2109
6880
6109
1100
5233
1212
6459
2651
197
3058
2170
1575
6519
313
1216
1551
2726
1841
224
5641
6315
5959
2091
5154
5275
3614
3166
3612
5903
1806
4449
2059
6297
5952
4521
4885
1978
1180
821
5372
2178
723
3077
5649
4740
393
5634
3076
5174
6172
2720
2469
2798
3225
6204
6139
3560
6738
1845
7031
6343
6895
2142
244
2140
249
330
3669
869
1162
266
192
6729
349
3506
5230
5945
4529
3624
5236
553
1797
1842
1689
5973
978
775
5760
4151
820
2656
5395
826
2046
5785
4382
4325
1579
4435
6180
2652
414
6156
747
6205
3338
2713
800
1206
3872
4900
2424
5493
4402
785
753
2461
5815
995
4945
1749
4044
5340
4040
5157
4651
5345
2027
4035
3611
5073
1434
4129
2147
1971
6115
5799
6728
4095
5133
5781
2888
586
4377
4381
1284
6712
4948
3663
3665
2591
4385
1751
4017
2854
2053
2654
2484
4793
4787
2689
1214
5399
3813
5024
3421
501
181
4771
2497
4769
3846
4526
199
3957
510
1840
4612
5181
7145
1781
3039
1543
3959
1545
3291
1560
1561
1570
3974
1321
6174
1042
480
4590
4873
5914
1097
2098
1964
1875
2105
6861
3134
5869
1903
3418
2056
502
5858
6383
972
3366
1032
340
4818
3147
3346
5874
6876
333
465
2026
4726
533
1045
5791
2712
1667
308
2722
1508
3855
4383
5274
2734
7037
839
5583
1493
3826
6087
1185
1499
191
1215
6094
87
4032
1273
6080
7095
3998
5302
2598
5299
2454
1573
113
1581
3949
3934
5512
1571
6999
6135
5377
3670
587
2902
5920
5108
5670
2951
1779
754
2969
6899
6226
6223
757
1355
3568
304
6894
3027
245
242
746
2295
6255
2477
6995
1732
3723
6159
1413
5178
4031
2275
5164
6706
1740
6704
2587
5375
994
719
5331
6812
4928
5774
2458
5788
990
6457
5025
5306
5054
5689
551
932
2968
5704
889
5187
3095
5708
6477
3127
858
2318
2111
2108
3131
5303
812
2674
6528
6614
2383
476
5728
5548
2729
2732
5252
496
5243
2714
2076
5418
1218
1232
4437
1583
3613
4754
4434
4432
1780
1865
1563
3995
5939
6329
1047
5861
1773
1279
195
4814
1645
4737
160
1101
309
6891
3546
1098
3866
1205
1210
5911
3911
4725
4448
3839
1801
6365
1792
1843
4050
5862
5935
1734
6145
6148
6423
4853
3696
4296
419
4290
15
1757
1145
4878
3262
3659
248
3668
3303
5809
1105
4835
5811
403
6138
5934
4085
1024
6141
5182
4599
2757
3850
6330
1744
7034
2315
6338
6996
4886
5938
5254
1684
838
3686
5213
2324
1736
5586
853
5944
5176
3677
5227
2276
851
5585
3692
5241
4520
1739
852
3671
3856
4041
717
4386
4380
2464
726
4125
1438
5376
4150
4152
4159
5460
777
4295
744
6187
770
1386
6193
6201
7165
2514
73
80
5487
6084
2728
1207
5543
1658
6207
2688
3919
3924
824
1142
4445
3854
1219
5997
2406
3945
1600
3958
4431
4430
806
1553
92
1540
1652
594
4236
6870
1031
4719
6887
2037
5839
2171
3569
3177
1039
3013
5805
3423
3298
6799
5041
5045
4659
1787
4935
4723
328
331
6771
362
6866
5902
1846
4966
2524
2112
347
6844
4976
346
3096
3479
5706
479
1141
3090
332
6360
3294
410
991
6826
2972
902
3267
1766
2898
6348
5134
2912
5137
583
5648
3233
4633
1988
2887
5139
3236
3651
2919
3427
5676
6827
5097
3626
1774
1770
2958
1975
6488
5667
2925
2006
5782
5860
1966
5492
1528
5468
779
1381
5865
6164
1384
5842
1985
977
1027
6100
2042
793
6097
1276
2467
5769
2496
1387
1326
2028
6093
2036
5787
5933
2097
841
5561
2354
2176
1800
2184
1783
5947
1782
5680
5679
1776
870
1733
2294
901
2288
6341
2273
1742
5617
5632
5931
1144
894
1194
6420
2175
1805
1896
1572
5899
1079
1586
1844
6054
4238
6031
5712
1640
1818
2149
5699
5518
5524
1211
6375
5697
6523
5695
927
1672
925
1103
1681
2003
1344
3789
2856
4116
5160
4349
584
6715
2516
4783
4784
2961
4794
2967
3384
4097
550
3461
3378
344
3916
301
3881
6893
2764
4173
7148
640
5237
5234
4323
312
3542
628
149
4141
339
5247
3376
4439
4399
433
3240
3235
6767
3234
4426
4403
3228
6775
4904
3989
4923
4925
3990
4968
544
430
3132
3029
6740
5016
4821
3954
3956
4850
411
3091
7102
112
506
503
3128
3130
3135
4663
7135
6557
5398
5337
3727
2664
3726
4595
5381
4637
4645
4259
4265
4260
3840
4292
5348
229
5296
3698
3673
4564
4631
4660
6896
259
666
243
7039
3774
4269
3661
657
4527
3610
3784
4630
3619
184
3864
1025
4834
1034
3675
1690
3943
6966
1585
5843
240
3689
1928
3373
1955
423
117
4932
1554
3204
1556
1557
6323
3771
4536
4555
3814
1562
3305
6331
3746
4591
3725
1987
4601
3977
3971
1014
6830
4436
5961
7032
3375
1109
4487
351
3920
348
4933
345
1200
1775
5907
1092
1201
6869
3903
319
4459
1675
3884
6898
3591
6892
1796
4467
1102
6368
1798
3880
3875
297
5966
1852
3930
3446
6038
1753
4440
167
1049
3655
5867
1626
1764
4772
1056
1058
3436
1606
1897
4770
1892
1886
1648
3637
1069
361
136
5891
1074
5964
5892
3441
6411
463
3428
4944
850
2336
5577
647
