358
5962
5968
505
3597
5965
3594
7166
5238
4586
3384
6197
5966
6552
3575
3482
1506
4728
898
2092
2095
3014
4702
2710
2937
3685
352
3590
4519
2575
1275
2896
1105
355
5231
805
5699
3354
899
1720
5540
3596
4589
7067
5993
3018
1161
4898
6559
3951
4255
5963
4617
696
6706
4563
4520
3884
1355
3386
3847
2157
2349
3495
4290
4133
3158
2147
506
1520
1188
6615
2570
3350
1722
796
6182
572
6563
6358
7099
2984
2516
7000
2967
296
317
4059
2981
2512
1523
7013
4006
6411
7111
3436
3556
6198
2155
2128
1505
5909
7132
297
3844
5351
4861
6519
6894
5940
353
5395
1065
3886
6738
1726
953
483
1611
5558
3638
6466
1852
2556
3001
2319
2487
5628
2460
2485
2063
792
3487
870
4777
5727
2144
2118
309
3809
5581
2226
356
3774
4428
4432
3724
3722
4458
4298
515
4505
6739
3593
6737
2153
613
618
3300
631
4580
3914
2143
2130
691
693
699
6981
5352
3952
1917
2968
2960
1387
2954
5111
1524
6117
6104
6092
1577
1582
2540
5237
5859
5264
5271
1859
5904
5276
77
2580
5279
5311
5320
5923
1328
137
3171
1968
1217
1066
1123
160
6378
1102
4886
489
2712
4386
3224
3333
5964
3357
5908
1988
2215
5355
5969
2364
4378
5910
300
2583
5921
311
1058
3826
331
5925
3807
3806
5791
1063
2646
2653
1064
2297
5739
6880
2725
3465
653
4583
6714
6190
1930
1412
3074
5499
808
698
2380
2987
6673
6379
5380
4581
6716
6185
1928
2530
1623
888
582
2061
5688
5184
554
2252
6107
5382
1006
1500
6153
1495
3412
1551
4857
5602
4005
4149
167
4196
4325
3880
3935
4220
4036
73
4981
3888
1914
61
2549
7012
3483
6809
1195
2578
3726
1856
2559
3092
3087
3707
2062
5350
3882
3226
2066
384
7130
4885
802
6473
6450
6465
1992
2467
6464
793
4411
7118
5386
5384
4144
503
3994
72
4009
4585
3367
596
4582
4214
3550
6106
1460
6728
4560
3911
1489
1522
1517
1498
1502
2918
584
6191
2736
258
3038
6320
3017
3012
1320
2986
2985
5313
3635
550
4044
5988
1366
1668
1659
6243
4528
2983
7134
2554
4878
3264
896
6937
1060
3881
5649
1046
3351
6526
1042
2124
4771
849
168
3324
7161
2149
2335
6572
370
2247
5601
5594
2099
5607
5272
3019
2159
5922
5010
3013
869
3930
5967
330
992
1824
319
2669
6975
1005
1814
6977
6309
1270
2150
1271
512
6338
1766
2151
4624
1758
4621
1264
5326
3511
4722
1790
7091
1796
2598
7096
4982
881
3626
5093
2898
4333
1552
3941
3551
2834
1482
3358
4561
1490
2257
619
6124
6971
4565
635
1508
3366
3353
3591
5090
5631
978
5687
678
6959
5043
3493
2713
884
5249
1346
2727
2734
1627
576
4529
6704
1622
1413
6189
6186
5047
2142
6972
3889
1158
1160
267
6871
2520
4436
2025
1168
1177
3808
5358
1120
3560
5438
5435
3723
807
251
3241
1121
797
3168
5758
6618
1099
3147
5810
803
3490
5377
3875
3143
1943
814
2132
5848
2137
4368
6877
7004
4159
2356
5901
4451
5485
5902
56
4068
5722
3083
5721
2139
3485
6907
6984
1017
854
1877
3934
4881
5896
5726
4447
2098
3480
835
3433
893
1483
163
1057
3376
939
5087
841
6724
6723
6179
1470
4754
3440
1068
1070
6571
6628
1090
4694
4277
162
3937
901
1062
6987
4001
791
1182
6647
3512
3985
4852
6314
6666
4720
752
1205
6305
3047
1249
3262
3933
6657
3496
6982
3261
3494
6989
3070
4983
1405
4639
3469
789
1403
6206
6568
6520
3248
4761
6235
3328
3166
3472
4940
3145
1155
1363
1360
4218
6261
6550
3308
3140
3003
3149
4705
6736
4210
6839
2513
2510
2505
5811
5809
4147
5796
5405
2473
5421
6857
6860
5425
5428
5128
2038
2528
4443
5947
5946
514
243
4297
4057
1792
495
5919
4158
5900
6802
5894
3699
5868
5856
2643
2042
3776
14
3827
2341
315
6914
3840
2176
4116
2311
2306
5633
4335
4120
3857
5604
2152
2065
325
4110
378
5720
7137
3800
3801
2378
5509
3802
2111
2117
2122
3804
3805
2134
2136
2146
7090
6594
1699
3577
1704
5162
4551
1558
598
5268
1691
3639
2689
3622
5186
5188
1584
4195
2730
2749
4034
5181
84
579
4054
2851
615
1529
1723
1721
2123
4867
2368
1496
4864
2113
2223
3244
2358
2292
6505
3249
4859
5182
6129
4103
2312
4876
1056
2067
6590
5228
2769
6076
2081
1069
5500
5084
2784
1591
6584
6184
2379
5199
164
5598
1587
7139
1525
2212
3352
172
4780
1527
6554
6999
4776
6558
1475
5545
5683
6562
5549
1531
956
3945
4762
6564
5648
2129
1466
986
1562
2353
6569
1015
6533
5096
5102
1074
1557
6109
2161
3265
996
5572
5640
3301
5535
1462
3027
6486
5444
5913
63
144
4063
4183
58
1855
146
1860
1329
3088
5898
1705
4975
135
5893
1201
1198
4192
5918
1242
5274
4191
2650
1731
5951
6315
2641
5948
4988
1762
6330
3107
1725
5943
5318
3042
2621
1261
4052
6292
1786
5333
1768
2051
2555
5858
2962
5780
4094
1113
5411
1658
2958
3967
5765
5423
5426
4899
1091
2024
5432
6306
1085
1626
2430
5257
1979
2482
4240
2545
6434
7104
1918
3129
3134
1345
1166
5981
2673
5266
1151
1150
1682
6253
4148
5803
3160
2695
1967
1154
4150
1266
230
806
547
4506
539
533
820
6626
4707
834
6623
570
494
851
3413
3702
6831
4727
431
4433
3740
6866
6609
845
3604
3603
6741
3489
6655
6658
3497
726
6679
695
694
687
6700
6702
3458
4587
3913
6720
6721
637
4569
621
611
794
3599
578
6868
3770
826
3771
3939
3371
327
3824
333
323
361
322
291
4362
6920
6916
4369
4319
281
6929
3773
3845
7046
5634
6174
1516
