5974
2309
5429
2397
6885
1902
1253
2398
5356
7055
5761
4041
3005
989
2439
5978
6457
6513
5583
6509
2824
3780
4536
6887
5316
2304
1554
2621
5021
5479
372
5030
5589
5421
5960
1780
796
72
3166
1256
1027
2395
6549
2390
748
631
5347
1510
1515
5460
368
5914
5462
1787
5427
2394
3231
4731
1674
6503
5849
3615
1983
2816
2818
3110
6225
5300
6236
5216
2455
3610
1678
2302
3782
2813
5157
654
6222
4650
5307
799
3578
4042
262
2473
5422
3629
4418
6891
5033
5348
2918
1906
7061
3556
5765
608
4446
246
6147
194
6142
604
5205
5793
6136
6140
3547
754
3788
6613
3119
5343
2817
6840
842
5984
434
3655
947
3559
362
1138
2934
653
5317
5123
2050
1100
2814
3506
361
5511
5613
4083
5513
1987
2488
4122
1533
4130
8
4128
838
2337
5846
7056
4725
5842
2896
5304
6614
5345
2307
5617
4014
4135
5773
6652
442
1679
5214
2417
393
3567
791
3213
2913
5788
3552
2451
5306
395
2435
4892
1070
4089
4158
6483
4339
3139
5998
4593
148
602
2811
1885
152
5234
3063
503
3132
5873
2808
661
1806
2573
5154
5311
1487
6490
258
6169
595
4596
6975
6977
6309
945
5101
2932
4616
6411
5259
268
2772
328
1481
5877
1001
3781
2163
4256
2947
4048
6289
6291
2916
2396
2969
4239
1932
3604
529
3752
2974
5102
2693
4635
2685
2400
5831
1083
2850
795
244
2640
394
2571
6125
2931
3307
2330
5496
5298
2333
4417
1786
3371
594
3967
1428
2574
1431
6845
159
4388
408
155
1884
860
3
1788
3626
1886
1035
1566
2069
5485
6134
375
240
4132
4575
7052
794
627
6699
3960
4198
4532
2364
1675
332
1879
1670
2652
4928
6325
5115
7124
6950
830
2063
4098
2778
2929
5879
5335
2935
5406
6329
1232
3369
1997
6349
3758
7042
3612
2071
1783
5947
3759
3611
5975
3527
360
390
4244
5370
4923
6507
5832
6032
1971
6737
3496
6137
4086
6141
790
6705
1155
3554
2301
3946
628
6690
1935
5022
3494
195
5211
2006
2579
145
2891
5743
158
2009
2774
3650
3550
4415
181
1053
3994
6758
623
589
2660
5191
247
3051
2414
982
2503
6594
2914
3117
4268
1795
5143
3582
2945
3784
5312
1480
6416
3852
3082
867
3234
4611
1868
5303
1079
1080
2078
6660
3573
633
6657
4134
4190
5835
3866
7050
1154
3617
6014
3618
5038
5059
2912
527
5081
6154
1562
5203
839
567
3074
6131
2115
6068
3067
6109
597
5250
5260
610
3019
6203
5616
6055
5623
4181
5105
6296
7127
5318
6038
5078
2959
3580
1007
7136
525
5310
4114
3568
2156
6012
5512
5641
3934
3237
797
3232
1465
3230
6673
260
261
5515
2677
3901
106
1352
6643
1714
2509
1310
2474
104
6620
4693
3341
4700
4726
6599
5847
5445
4638
4315
1457
3498
6861
4337
1450
4356
895
146
147
2353
153
3486
4390
1424
6869
5766
6882
4018
3301
192
1402
4473
6752
3965
6888
3256
214
5791
3963
3962
118
3817
5255
5839
1192
1613
6504
5519
2407
5423
1998
5905
2409
940
5690
2780
4749
4073
376
4956
4896
1955
3437
2802
1518
7043
3763
6515
5341
6418
3786
3176
4780
5657
3783
5651
6410
6541
6570
6539
6535
3787
331
4043
1184
5516
1739
6532
326
2004
5296
3362
5764
772
773
901
1905
5763
3492
1941
3546
3433
666
5582
5510
3542
5612
5924
3438
832
5841
5840
5313
1900
5463
5464
5425
6019
5827
3155
5813
3537
1926
3238
5797
2003
3443
5394
3442
5481
2027
3280
1996
6065
5971
1920
4126
605
4636
3874
6659
2675
256
254
1347
3933
241
3937
4572
226
2306
4518
6746
2648
3990
2690
2623
3868
606
2779
356
354
6501
1255
2247
2771
3785
2261
3789
6582
6592
6593
6597
3828
4689
4686
4675
364
3996
2338
1514
1519
4085
2486
7059
4193
46
1526
7087
7122
4153
4121
2433
7148
7155
9
4123
2404
1420
1502
4208
6801
6803
1425
168
6812
4377
4008
151
150
2578
6863
2559
115
4294
4029
2502
6970
6978
369
2697
4878
430
3659
6138
3585
6413
3555
2845
3054
6149
6406
1870
6162
5024
5026
5212
1082
5167
3627
6367
6336
6220
5074
3607
528
3577
5113
6281
5120
3586
1101
2135
2821
3583
6470
4894
418
1773
6122
4879
4922
6461
4925
6460
1046
391
4929
4955
4926
411
4931
1051
2810
1625
890
1456
5291
5149
4022
3549
4015
4327
1629
4333
1626
5218
1578
5232
4187
1860
3375
861
4191
5209
4192
4090
3370
1508
1552
5545
4103
5543
4159
3368
5297
4227
5610
4231
3557
3538
5324
4364
5469
4615
5338
1907
3900
1332
1189
1789
3820
3816
3531
5018
4810
4831
1258
3754
1231
3519
3744
4872
4875
1237
946
4876
4897
1441
4587
1177
1846
3587
4005
4000
5112
902
3605
4412
5497
1771
5091
5473
4451
3993
1662
4498
1386
4511
4517
986
4535
3943
5474
4570
1149
4958
3584
5716
2957
245
5967
5972
251
5973
2659
5980
6658
2696
655
6610
6595
2267
2678
2656
3134
223
3189
142
3175
157
3170
5893
175
177
5910
197
2641
201
2651
6729
5938
2737
733
323
6537
6401
6143
459
6161
2919
6317
3059
481
6300
2936
6292
2148
6283
6223
6302
3060
6120
2110
6533
3075
2246
622
620
6506
359
371
6075
6079
6479
2783
607
2788
2812
635
5830
6233
7054
6959
6955
798
5749
2393
5760
6940
2489
5675
3298
7144
5619
2470
757
6
108
5671
2477
110
7166
750
2406
5802
2
6898
3347
412
6426
4163
421
2234
2479
4160
7126
357
355
3694
3665
6420
2224
2459
2227
7109
6476
378
6472
385
6417
2226
3734
3732
3731
4918
6487
7081
4924
7121
1543
4332
3656
4136
6316
6304
7152
4133
3602
2166
7143
