2641
5091
864
5975
4732
895
5127
6197
4730
2651
6330
5362
2473
3990
31
1372
5350
2092
3059
6844
747
4753
2642
361
5357
866
5741
5092
3591
3110
5583
6332
586
438
870
1376
5120
6737
4415
1487
6048
7065
2898
5513
610
5031
3125
4400
619
5469
746
863
215
1413
758
331
5460
5645
3993
2656
3967
6884
3599
655
4892
868
5306
894
751
4894
3054
1205
3496
4044
294
1668
3629
4733
4363
1724
5276
2655
584
3053
2640
4473
108
2156
3119
2470
755
3901
5081
753
4114
582
2309
5467
834
741
757
4635
5974
2850
5742
5260
7091
73
5216
860
1499
391
1501
3597
3995
1046
5464
7124
4413
5128
5428
3700
3607
2479
2136
6457
5528
5217
2339
5320
862
2856
4442
867
1502
329
4925
6152
743
7097
5658
5035
274
3624
1200
3963
489
481
4393
1266
7104
6187
4325
281
3508
311
5203
1333
330
3497
6207
5110
4364
6339
408
4485
744
1035
3309
2239
5047
756
3307
905
6519
576
1156
992
5616
7095
3825
5316
3114
2986
2982
748
2990
745
2414
897
1521
873
4457
865
2154
4479
2647
1491
241
822
1528
892
6578
5030
3957
6420
4589
3082
572
6388
4813
5977
3611
4411
1640
2491
6100
3720
3595
3593
2314
2417
4914
336
2411
2097
2859
5304
5329
2838
5186
190
7105
6012
5298
6312
6183
3058
5404
3493
5651
6710
1450
2858
5363
5059
2040
5359
5358
3992
6706
5749
3685
5377
6509
2992
5690
2895
332
6459
6911
6127
5726
2159
2155
6888
6300
2177
3690
771
5914
7048
1416
56
3485
5462
4587
1412
212
164
2140
4616
3134
2835
5123
6345
4621
7101
3019
3723
6157
861
397
2316
1661
67
838
997
5351
3113
616
242
6338
1988
5056
4911
89
7092
2413
2834
7086
3615
1201
4139
6547
6186
1527
4529
4446
1646
5516
4905
6331
5433
411
5098
3706
1375
812
2938
5283
393
5463
1130
399
4582
4814
392
3994
3376
1588
163
162
1645
3938
1720
580
5601
2254
4418
3124
3627
1693
602
7109
7056
1260
3126
3991
537
5305
787
3592
6299
2469
6304
5679
6881
4736
4238
3169
1335
3959
6018
736
6316
6040
6436
3011
1256
6970
6261
364
7102
5352
2800
5942
933
893
2964
913
1036
6614
1506
2643
1992
5846
256
5122
4030
2096
3802
6582
1517
899
5773
5353
1027
6513
2027
3785
896
2032
1990
5952
2654
5421
269
5950
2968
5371
5656
6386
6575
6194
491
3175
1605
5976
6880
2371
6306
132
775
80
902
4390
4706
1049
7100
1518
6848
2646
3780
5356
972
6044
1031
4638
4735
4328
4898
5158
6209
6347
5063
2955
6411
4780
6700
3543
1508
5041
4417
5302
5631
4810
304
1039
4220
7051
4916
240
6337
4357
2524
4581
3939
5410
3305
2659
1014
826
4891
5097
3998
2098
3371
869
87
3018
5693
13
2539
4010
4727
5124
5955
4876
2110
6370
1481
4412
4697
5721
394
375
5093
2959
5403
6120
7068
2471
2379
2919
1139
4228
2477
2478
5685
2482
4380
4416
5688
4389
1074
1236
3121
2095
879
1271
2150
4406
2969
333
4699
798
5347
5205
2993
337
6180
5032
6748
6049
5720
6054
4233
982
6060
4629
1694
1691
6064
1244
3118
3907
5589
6067
5167
4432
2308
5899
3871
3727
5686
5728
2809
5727
5267
5724
1124
4480
2149
876
3634
2147
5947
5290
3698
828
4483
2134
61
2131
6483
4489
4486
4819
1136
2174
3355
2175
2010
4613
4908
6739
4449
128
5777
4865
3662
6728
937
6043
5036
4767
740
6188
119
4456
7098
77
4458
2194
772
3803
2178
2176
5029
4135
6074
995
5103
1434
312
5126
6333
496
2830
6113
3017
388
2455
2610
571
2854
2977
395
5340
5321
211
160
5212
5481
1524
5399
4034
7039
5501
6104
3954
2580
3056
1321
3961
4725
5211
4346
5169
6260
534
6851
1526
1401
5210
6305
484
5125
1672
5466
1368
247
4403
3100
5548
1582
5085
2967
2460
4410
6195
5050
4407
5082
3996
4095
272
4710
430
589
6204
6298
3594
4724
4482
5951
5108
1410
1374
3375
367
2921
6505
1541
2148
5948
4094
4691
5096
5722
836
2530
400
402
407
2681
2685
2138
4369
3564
6131
6147
1554
2514
3999
824
3010
2142
819
6929
3826
1083
2963
874
6202
1496
5793
3318
3755
267
5802
268
2974
5341
275
6994
213
6541
2635
6200
218
2644
232
1974
6193
4309
4893
4315
245
246
4897
978
1488
4713
4899
2645
4900
3781
5114
2976
2981
7037
2583
5325
202
201
3549
5117
5938
5395
2090
4036
877
2998
352
2994
1879
1067
5921
1510
6616
5373
2058
1515
6980
4861
5374
4860
1056
5257
6181
1061
319
7103
1505
2827
4119
2818
6704
6701
4452
6870
5021
3900
5019
157
167
6380
3644
4627
3626
5628
3960
5300
5299
3088
5984
5314
1231
2207
1756
5502
583
6734
2252
533
2688
3470
532
2418
2420
1752
4607
2426
1626
1744
5511
6716
4401
6711
6058
1747
5057
2739
2737
5129
4470
6887
6834
1820
577
5323
3490
2171
2950
6684
2713
2957
7107
2958
6833
1258
434
1207
1128
2151
5619
5297
546
3875
3920
3935
494
1665
5209
5586
5038
639
3084
5515
3049
5477
6786
1816
7044
6072
6307
1647
6350
3443
6352
1709
4862
5894
3623
7161
1922
3378
4739
1480
1678
6071
3308
1250
5844
6069
1685
3759
1664
6382
1009
4754
1275
1660
6378
1011
40
1279
1936
4537
1698
4879
1452
6046
1037
1853
4811
5956
1806
5958
1105
3384
4816
4580
6278
4815
1344
1336
5208
3499
1140
2851
6122
6295
1377
2811
6128
3492
1584
5177
4585
6118
6426
4784
6101
6052
1038
3621
1051
5912
5215
3546
2891
1057
6325
4554
2892
3612
6319
4558
1745
5939
3550
2855
3558
4821
1322
