5719
5717
7025
4023
2260
2266
2269
4540
4542
4546
4544
4543
3888
4548
2263
2262
5317
2261
5716
4545
2268
5711
4773
134
729
4840
3886
2816
682
4547
4770
4541
1993
2264
3880
2814
349
6439
3798
2885
773
684
138
4372
721
5252
2755
3881
2340
3882
1358
3884
6474
726
5086
463
1113
3626
2456
5233
4599
1020
1940
2884
936
5882
4705
2535
2395
4839
3162
5714
4257
1051
5315
2810
5611
3887
2930
6731
2197
5222
688
6895
712
3530
2678
6826
3560
1023
3849
4549
21
3883
6514
2510
3532
3095
5634
6715
5311
373
6342
4701
6435
2589
4592
4288
3544
4047
1898
5471
595
3289
1558
5885
4375
3656
6991
4135
1102
4376
2586
474
1150
462
1021
455
6818
1028
1063
4130
1890
6580
4255
2880
4365
6714
3949
1141
164
5218
5597
5204
7113
5475
1611
5175
5277
678
3718
6990
3889
5554
136
5444
4620
910
5243
1459
2193
6531
5247
2882
1906
4953
198
6813
1544
2195
5570
4371
6817
1923
5633
3730
3280
2265
5366
5718
5539
3621
163
1607
5152
6719
4968
2286
5782
6007
1980
3484
2995
2283
6015
5507
1567
2833
6076
5470
457
4531
6025
3747
7021
1019
3168
1883
5158
6584
1075
3057
3058
2305
359
2267
7131
3878
5262
6248
6246
1927
2906
2900
6516
6522
4370
1352
4934
1897
3820
1356
63
3163
4152
3249
3386
5018
4755
6995
1788
1785
5875
4436
6846
3414
592
5805
2639
5201
4074
1655
5770
4495
2598
1680
5710
5698
4139
5897
5802
228
1803
6996
3321
4972
3108
3741
5614
3299
530
1060
5595
1924
3225
505
5381
3527
3620
681
1536
5637
5713
4907
3537
4283
676
1018
5699
6003
5695
5290
3602
6417
5978
1341
3466
1359
3336
5887
3327
3979
1029
4954
4974
516
4136
5548
4134
5472
3980
3326
5429
1547
3828
5862
1901
5650
1588
3748
5085
3322
3130
5421
5492
976
3829
5800
1617
3948
4740
4761
6960
2620
2442
7087
162
2196
2190
112
210
148
7050
6444
2566
6446
6709
6464
6717
2165
6461
221
2628
234
4539
2289
6555
2308
1103
6883
6810
2003
6623
4149
87
2509
5178
4373
3160
267
3215
4830
95
1026
3241
2070
450
2068
2198
3733
6997
6661
6085
5545
750
3705
6721
5638
538
5889
2705
2659
5808
3418
545
3346
3398
4435
3383
4125
1777
4741
4132
4453
1849
5112
3522
674
3260
671
5980
1230
5973
1007
3296
2746
3538
4021
1439
161
3330
3334
5793
2207
2981
764
1569
4916
4256
914
1937
2422
1355
3103
5427
7078
5415
5414
1537
845
1532
3850
2007
2980
7167
3928
6412
1083
6396
5458
6434
13
17
7110
3862
5256
6346
3951
4844
5551
777
6184
4638
1353
1585
4000
4236
4535
795
1909
7023
2881
3717
5781
779
5393
5789
2191
5775
3749
4610
4024
5756
3715
3376
160
5399
5774
3734
5367
566
1601
1452
2675
5223
7145
4120
3389
3739
1404
3415
586
1408
4001
2469
20
5330
3973
3737
3863
4491
3468
5715
2146
722
2174
691
4496
5447
61
2194
4020
64
4497
5451
685
5245
2496
724
796
4014
6981
114
799
716
4515
2229
4510
1701
5174
4623
911
3842
6927
649
3541
2570
7073
4618
7062
7057
5251
7036
913
3548
5441
5660
3708
2166
1442
4629
5242
672
2404
3585
4029
4195
1337
5979
6489
4918
6243
2019
2745
4258
6447
4768
2738
4913
6316
369
3332
524
4908
6443
5899
2917
2913
6530
1101
4774
6660
458
1024
451
6665
6668
2830
4211
1956
2842
2808
6582
6009
1118
4147
6144
6146
1896
6164
6023
4903
454
3043
2679
4285
4284
5883
4138
6778
4140
2682
543
2006
1084
5878
5895
4892
6441
1086
6130
1357
3740
5314
1903
1295
4573
4006
3033
3742
3743
4289
6151
78
3745
7029
16
3738
3736
754
4336
3704
1500
4519
3711
5553
7141
5299
1233
2828
6626
5300
6084
3181
2477
4525
2281
3167
4591
1114
4221
2313
1110
6586
6532
358
5238
5442
820
6448
823
3810
323
4604
3090
2403
1549
2364
6347
5424
7072
3854
4280
1541
4909
3085
4901
3083
4362
1071
3106
3756
3044
1934
5479
5473
1340
7041
3120
794
4919
1581
5332
5333
3783
3788
29
1485
4624
5454
806
6466
5273
2424
917
563
814
4845
1094
4131
6929
165
5765
5759
5920
3533
4022
4702
638
6918
4700
5953
512
2588
6725
3320
647
5967
2583
3317
4697
3311
5683
3545
5667
1692
4969
2163
525
3335
3528
2622
3377
4128
6814
4746
4124
3357
3391
5884
6847
5826
547
2665
5817
5656
4759
2650
1747
4079
4714
4596
6887
2629
5896
6899
6754
4334
6907
1432
3436
3285
5572
713
683
1652
6669
113
465
1845
467
3605
687
230
1651
6713
6962
5993
2759
5625
950
5176
3625
1654
4498
470
3617
2169
1017
2192
6001
940
675
2751
1010
3223
5173
4492
5163
249
132
5994
6641
5588
1012
6027
5011
4744
5187
896
1449
4332
1407
1483
1401
1414
4754
4665
1195
4437
5275
4349
4297
1165
1400
903
1152
5002
1383
1460
4363
1119
4694
1104
4011
1055
1336
5153
1011
4926
4377
5240
5162
4920
4936
1476
4493
4647
3974
4420
4067
3978
1107
1105
4494
1218
4141
4381
4145
4259
4692
4767
4703
4146
5219
2296
4595
452
1868
6065
6946
131
3164
2554
3161
2579
1893
3157
6152
6155
3151
6170
6179
6182
3128
3123
3942
6213
1866
6216
6948
461
3339
541
5890
3337
531
3328
6970
6593
3325
2185
3291
2183
6964
488
6002
6006
3248
1851
3247
1854
3240
6950
6988
1922
166
199
324
2687
2106
309
6751
2920
6520
2893
6542
2892
2889
2888
2732
220
222
229
2083
2864
2764
247
6413
6241
193
190
1929
6257
6259
3093
2630
3087
1951
6319
2125
364
6336
3080
357
2654
2674
3050
