5991
945
949
6992
941
5997
6451
3786
3173
6210
4311
2173
4612
1738
6892
6539
1040
5100
6784
5840
6993
4547
1041
2780
3391
2267
4616
6729
2919
2916
5079
1543
5821
3784
6011
4970
6867
4978
6891
1460
2979
5510
2528
6783
2788
5249
2652
4202
4957
4201
5996
6999
1258
635
1787
2187
2887
4844
6028
2180
6535
2972
3608
6119
3825
5250
3628
3780
5892
4935
943
2956
3006
3091
1806
2188
5992
5804
942
4977
734
3614
3174
1047
927
1542
5998
6326
5565
5578
5331
3968
1195
4484
936
3512
4313
5842
5823
3662
5398
3757
4181
3962
3963
1197
2915
3180
3178
4253
3170
2955
3618
4622
4641
3090
6296
1248
5623
1402
6782
1662
4310
1190
5397
5849
3601
2926
6850
5253
1562
4757
5109
5106
1465
1252
3878
1540
1537
2936
5314
733
3399
3781
2663
5805
3927
7162
100
4965
4932
5806
1875
4845
5696
4464
6803
5335
2935
6812
5150
5844
1257
3785
5480
6523
6021
6851
3782
2459
6885
2664
4123
1191
4636
2189
1463
1913
3921
906
2186
4267
5200
2185
3038
1545
6758
3789
1469
650
2682
6893
5157
6458
5818
723
5809
6499
1901
939
2913
6215
4251
5751
2909
1984
6113
1619
3960
4122
2182
1464
907
3926
5155
6990
3744
2068
5760
3255
5732
432
3616
5318
4026
3788
3615
5192
6595
3002
5675
806
6214
1541
904
6974
2881
6008
4128
4467
2613
1466
4963
4961
2934
5980
3000
2501
1938
3398
599
2483
6995
102
1595
5012
1877
2452
5767
5519
6869
1567
1789
105
4743
5981
1430
2895
3395
3005
1798
3407
3762
2912
4972
240
245
6221
5512
3007
118
4317
2714
1780
448
6213
1869
2335
3600
3290
772
5798
4316
6724
6675
1912
3842
5669
6678
628
3610
5611
2104
5390
633
977
6398
344
5372
2573
1594
2616
6366
2618
3696
1436
7149
5518
85
4257
2911
6560
4764
5697
5666
3923
2525
1364
3397
3396
4088
4827
5094
3393
3969
3622
1366
5085
1511
2767
2882
1306
3009
1254
5660
4671
5494
83
2929
6452
3602
75
1400
6563
2445
1985
6805
1538
2983
3947
2277
2343
5861
2475
5429
4541
4809
5827
3520
6216
4611
2938
4968
5769
4876
5316
4742
6387
4117
2694
6533
922
3
6405
2171
2852
2278
2818
3821
1196
4596
6547
5515
1461
6613
3824
1199
5332
3316
777
1515
1533
5897
3769
6996
3557
2263
3787
5792
2488
2781
6219
6799
1838
2148
6283
3919
3752
4643
4318
5511
1849
3765
2504
4319
5499
2262
1804
104
2509
5986
2670
3436
1731
4648
2659
1167
235
755
2478
5117
2658
3408
2672
5759
6201
3409
3529
5590
6749
1431
5668
5621
6653
6354
3333
4682
1439
2489
988
6994
5667
6639
4075
5735
3250
770
2215
5825
620
6918
3098
1054
3856
3771
2944
3849
1958
3559
4125
346
6670
7015
5411
130
1927
5826
622
5765
2348
2917
732
2657
1360
6212
3985
6220
5392
3751
5942
6384
6365
6356
1433
768
6349
6344
2978
1244
4332
1245
1425
5954
5618
5425
4542
1229
5960
3668
3653
4276
4548
5506
1384
2084
5505
2666
3665
5637
2984
4593
6471
5252
5883
5807
229
5104
6863
3394
107
1924
2570
5757
2209
3146
2676
2259
4466
1831
3048
7027
6660
221
6872
5589
3550
1599
4355
1596
5039
3172
3197
1174
6753
6978
4817
4266
3828
1187
1795
6998
6672
4134
2782
4644
7057
7145
1103
2458
6531
6822
4878
6896
4260
2708
3004
1893
4677
4085
6477
2455
4871
3650
4392
5212
4840
6732
5042
4219
72
2221
5855
1702
6801
2272
2503
6577
5794
4465
4217
7122
5579
4268
2862
3254
5077
32
2589
3176
2506
1703
6876
2508
2304
2653
5089
5576
2925
6035
5974
5973
5847
2677
6878
3179
3783
2769
4749
1825
5802
1342
86
1085
2266
2474
7078
2270
5766
4215
1874
5790
1259
2279
5531
4746
4745
4976
2355
4982
2906
6218
2109
1365
5990
4830
6930
6933
2388
3405
5839
1774
2492
4679
2299
6208
4570
7003
2669
1803
1808
2681
2928
6285
1680
1193
1553
434
2582
926
575
1192
5256
2695
5255
1566
3760
4601
1969
1457
3606
1571
3603
921
920
6620
6621
2621
439
444
1549
3823
6466
3651
2703
5596
6481
3638
3983
4289
2824
5300
3818
4272
814
6566
2181
6570
2816
5339
3031
1530
2330
2815
929
3617
3988
4263
918
983
4766
5414
2789
4329
3519
3766
4763
2217
1656
1015
5430
5248
5863
5434
5176
2783
6468
4619
2673
671
5166
2718
5969
1675
3501
4536
5875
3561
2321
6638
6014
5557
1963
4274
5555
1590
6357
1186
5232
1618
1593
4356
2572
3568
2571
5407
1428
6679
3565
4469
1613
4700
5951
420
2405
2103
1143
5995
1181
2786
5872
3863
3966
2038
5692
5695
2376
4650
4687
2392
5822
3940
5763
5796
5795
4675
5782
4640
5895
2078
979
1256
2687
1251
5617
1249
900
4002
5627
924
5607
928
1217
4287
5662
4631
5932
5663
3819
1194
970
931
6023
555
5781
3621
3026
4098
3619
6567
5275
6592
6957
3194
3193
2684
425
1560
422
1971
1568
404
3598
6946
5293
6640
4095
3022
3659
5315
1708
3657
5313
6476
5312
6491
6494
2175
6501
1783
2176
1773
6527
1512
1982
4500
1981
1517
5245
3586
2318
5174
5172
1730
1664
6800
3454
5113
4138
3477
269
4265
262
2544
6860
4258
3468
3466
248
4454
3503
1657
5177
1733
5234
6657
4804
1929
6671
3567
3186
6914
3563
150
5072
5074
5076
1954
5188
4428
309
3517
3514
5087
1628
3400
2232
138
2924
1385
4921
7094
140
2674
2648
1391
2930
2269
812
1997
672
4042
2933
2346
6082
3343
2654
769
2889
1870
2005
1351
4013
739
773
6206
1361
728
725
1362
2914
5486
6086
2668
2444
4543
5562
2619
114
2970
588
6392
3681
3261
7160
1467
2414
2614
3768
