5990
5996
6991
4848
4844
4830
2188
4849
922
4845
3173
2182
5152
4547
5994
3968
5666
4841
2718
5080
5995
5660
6896
1637
4840
927
5486
6992
6892
5886
941
5891
4252
5991
2181
3883
1632
1251
6113
932
4543
812
4548
2714
2887
5249
6196
78
2180
1575
3878
1458
4250
6770
5155
6990
3760
1273
949
4622
6085
1638
814
1248
5379
121
1630
1254
2185
2052
2186
908
2184
3526
3429
5861
5681
6518
1722
948
124
2008
4540
5328
2183
3011
2272
2189
3689
4834
4820
122
4847
2926
3810
2670
5993
1252
2187
6772
3168
2285
5475
7108
3889
3963
592
4545
1117
3281
2649
1631
3675
3676
2026
929
4765
3911
5153
2031
4251
1414
2191
3495
7014
3448
977
5159
1062
919
5882
4692
613
2463
745
6891
2442
657
5663
1471
3887
684
5070
4660
3885
2767
1152
2145
3873
2899
3674
5268
4066
3016
1721
3679
1407
6841
2005
907
3848
3861
2740
966
964
2148
5265
6995
2751
5576
5555
2875
6999
326
5156
951
921
3845
1304
97
5326
4876
3771
2002
2262
2710
3670
4450
6539
1453
3409
2278
1147
756
3316
5997
5668
6463
5079
1269
1493
1258
5322
6680
3766
3010
3687
1571
3761
6028
6779
164
2966
2024
1808
3871
2747
4690
1245
2196
732
2469
3362
938
5076
5992
2687
3859
6423
1633
969
6427
3621
2121
3969
4782
3978
5177
3684
805
4061
3682
4799
900
2616
6026
1303
341
5151
2269
1723
5713
1244
1298
924
2125
5714
2497
2708
5865
2021
7149
3767
5223
5252
4542
28
979
7025
4560
6993
5283
4574
2897
41
3757
6167
5492
3174
5885
1433
3012
3225
2613
4032
2287
3853
5287
6997
3851
5857
4846
3769
86
4549
6996
1825
5730
3320
3686
5684
800
6834
3847
5683
4587
6846
5407
104
3685
5051
4393
2158
749
2703
5117
5970
2517
3909
2266
5711
2624
1729
6183
6184
2634
5999
457
1692
5483
4189
2029
758
3798
2971
755
5716
1680
2001
427
4766
417
2582
4544
7030
5314
6519
3856
4729
4949
3260
5493
1365
4697
3211
2871
4368
298
5745
3986
5747
950
5759
1495
2109
275
1934
713
1259
710
968
291
4714
3489
730
733
5087
5073
6257
6471
7084
2213
1773
2997
2995
1375
7147
6002
3846
1256
2638
1299
3987
847
3972
2744
7145
5883
3696
452
4095
5398
1603
734
4980
464
126
2894
2190
6672
6155
3355
4257
2107
4842
2256
2536
6688
6689
4259
2240
967
2094
5731
514
2259
2591
6021
2265
3454
6242
1305
961
2754
2519
2518
3452
5098
3693
4945
2392
6356
2404
2933
2462
617
4195
3385
936
312
2120
4546
7120
2449
4275
5271
1341
2175
931
2711
3102
5422
4954
229
925
5157
2461
5876
1249
4541
4030
4764
2680
1279
162
5717
4277
6822
6117
6514
1278
5740
2689
5824
4877
7127
5415
3058
6493
3034
3935
5088
2357
2351
4864
2250
2251
3178
3678
1290
7112
92
5665
5100
5869
4365
4389
1151
5653
2483
4891
1499
1979
753
6474
1274
6517
5092
6119
2487
4374
6124
2263
1247
6510
2292
5825
4944
726
2515
5867
750
2267
1938
3318
1110
1063
3654
3317
7154
2295
972
4746
5184
5572
1354
2759
904
5260
1161
2903
3490
5266
2923
3849
5277
2741
6818
1222
1200
2713
2037
7017
2944
4757
7031
6777
420
167
424
6255
1358
335
333
6244
5929
962
1379
6901
1177
954
5222
6894
6935
4682
293
6061
161
5547
945
2806
4691
2870
4124
5495
3571
6951
1847
2884
6953
3818
3843
297
2030
3459
4060
4524
5487
6685
6687
1573
2022
3021
1154
5980
845
512
1892
2239
5114
2238
1416
123
2603
4180
811
6351
4254
2639
2192
4532
1439
2965
444
2652
6157
3013
1206
848
5320
1257
1255
5431
5237
3578
1043
2096
939
5301
942
1047
5329
3607
5099
955
1880
965
2325
2004
6083
6060
1866
5634
3940
813
1829
1159
1818
3574
6191
4065
3910
5340
1029
6320
2193
868
6114
3620
5371
1202
2032
5172
6326
3914
1208
778
4096
1187
5085
816
6342
5630
821
928
1060
5575
822
6071
6098
903
769
5150
2147
2296
3961
561
4698
2594
263
3524
4804
3768
384
519
3017
2559
7060
4666
2732
4871
2979
5887
2736
2535
3041
3673
3048
5822
2750
446
277
7085
2831
6836
3979
2735
6812
3832
2960
3985
2648
5751
2872
2873
3698
441
2666
6961
3976
4629
1699
6776
2920
3694
4055
4233
1409
5727
4037
4050
4794
2610
6726
318
6724
1344
5952
163
6557
3774
1306
3264
685
2764
2766
1294
1476
2458
6893
4998
4717
3966
640
618
2444
6432
6867
648
6464
4397
7119
6443
1368
4971
1470
4973
3081
5002
1376
2755
65
3775
2513
1378
2752
2753
314
1377
3314
4695
1459
4422
681
6437
1364
3778
6512
4197
2491
7099
4710
2756
2493
257
5201
6876
3821
4633
4693
5500
935
956
3825
4669
3836
4667
953
963
271
3944
6907
6898
3834
5930
2815
2814
6248
5744
943
2105
974
6058
307
6918
1261
1609
1967
3103
4273
3929
3511
4271
60
3088
6120
7089
3926
1149
6129
1150
1064
4090
44
1903
4400
1121
5866
3427
4334
1115
5863
3428
7083
1129
4387
3426
5874
3423
3430
5875
6102
6089
1627
5332
3045
2927
6974
2925
3814
6198
4577
5263
5261
3920
1402
6954
4099
1606
6230
4609
2048
3403
1158
2936
1546
3522
96
3033
1045
3028
4026
4453
5316
3015
3765
3762
6185
5299
1585
165
1430
6994
6253
322
1307
3683
6661
4874
4875
3677
1122
2260
563
1230
2530
3671
570
2514
775
1799
2556
5112
801
827
1812
486
1803
2609
4796
494
1779
6720
2599
319
2236
808
6345
6708
4808
6714
6554
6380
1302
4943
4151
6462
3330
6454
4957
4972
2299
671
688
3651
5656
1762
2372
