5996
3173
5990
3968
2188
1251
4848
2182
2180
6896
4845
922
4849
2008
6992
6892
4844
6990
5997
1259
949
941
927
5666
6326
5151
5155
6999
1254
5152
3174
5076
5991
1248
1258
4846
5157
6891
2185
7014
2184
2005
6427
5070
6995
5079
4547
5332
2887
945
2183
1256
5159
1257
4840
3885
932
2687
6991
5475
2926
4830
6997
1252
4250
2002
5993
5995
5252
2186
936
942
5660
919
2711
6432
3448
2933
1244
1802
5080
6211
3877
6772
2703
5156
929
3760
4252
2267
5994
4841
6993
1255
2536
6812
948
5153
3969
2004
5087
6242
5268
5085
6258
3016
732
5861
1029
2591
6889
1633
3961
3362
5072
452
938
5891
2331
1808
3879
6253
92
4622
6680
1273
2944
4713
5555
3960
2670
2672
5249
3409
2251
78
6539
2925
5668
2170
3963
6846
4847
5982
5176
5379
6996
5117
3986
3890
2148
2613
3211
2001
136
6714
2901
4864
814
5051
204
2259
1471
6822
924
2754
6290
6523
2052
6026
1202
6998
5283
2753
928
6257
5150
2189
5992
6113
1278
1152
783
4259
5372
805
6518
4542
4066
3873
4065
2145
1042
5713
1187
3966
4698
5865
2125
5611
1659
384
2707
2831
750
4060
5346
3608
6401
257
4673
801
4693
5857
6901
326
4676
5759
6383
3825
6442
2852
1575
2483
4965
2556
5225
4757
6210
7154
2661
2718
122
2713
6102
2285
7139
5884
1790
7132
5980
1903
104
6687
6183
2612
1803
4180
2187
2669
1798
3878
6157
2582
2881
3902
5314
2758
1216
1458
3178
3883
966
5667
2683
1402
6244
1847
2652
2740
6443
6437
422
4560
6746
312
2419
1628
6451
4548
1876
1630
5702
3287
6514
2461
4611
5681
3197
5486
4629
4095
6499
649
344
657
341
6477
5002
4540
2486
2392
1773
2897
3695
5510
1901
3693
684
5885
3048
4394
7130
2573
2532
6000
2618
5883
2680
900
7099
4478
5887
2702
5895
3081
2610
5177
2103
4842
2107
4422
1596
961
969
5245
3072
2736
6241
5935
2528
6356
3012
5223
2240
4277
6023
1519
6021
6020
1245
5371
2265
816
4505
831
2256
2666
840
3263
6867
769
6011
4741
5964
2631
456
1343
1354
457
6027
2599
5636
2705
4957
3181
1097
1253
1307
1186
1138
3676
512
2663
4576
3962
2903
1846
3909
6218
6481
6474
3926
4691
6466
808
688
1638
6463
4679
800
6387
2489
6399
1571
1632
5791
710
4877
5780
1590
3267
845
6493
6354
6248
6250
968
1444
951
4603
2875
5675
1448
1456
1365
921
6537
5886
1864
6519
1477
3195
5875
1495
5711
1692
6282
4365
6534
4450
3848
2123
2351
4462
333
2299
3015
239
3690
3691
5339
2198
420
3179
5415
5114
4187
6918
6783
97
319
2173
5178
5495
2168
4131
4531
4151
2955
6876
4201
6826
1873
5424
4549
5265
2093
5263
427
5259
6827
4374
6994
1366
6800
5714
6217
2882
847
5340
2587
1364
5704
6453
3833
5662
5663
1754
5840
3622
121
2888
3650
2541
5312
1360
1966
835
2766
2318
3619
2767
5842
1637
5949
1970
2744
1433
5708
3583
5876
666
6471
3476
229
2839
939
1699
5328
7025
4251
605
6333
5042
3887
640
6240
2335
5237
6252
6946
5240
868
1721
4539
931
2535
4903
1735
2738
1055
5418
1174
6885
6404
1594
3172
4392
6893
4675
2924
6732
2668
7120
6393
4350
3102
3261
5393
65
2920
6082
5172
1843
4674
3609
3985
762
3363
2935
3914
1204
745
7158
742
458
28
7151
7149
2269
2213
428
3767
6750
2929
4977
2272
2765
3940
1303
1305
3385
1306
4968
2616
3782
3516
401
3367
1098
3004
4543
2899
2708
3842
2021
413
5962
6435
5630
4195
1348
4574
3659
1062
3213
1299
309
4258
2508
3919
3580
6874
4714
6871
3214
3818
3836
2051
3360
5866
5808
3168
3013
6894
807
6951
2537
3000
2043
811
6952
2515
2330
3834
819
1537
5802
2026
5889
6119
2275
2677
7108
1293
4401
6150
1117
1301
1302
5175
2278
4356
6171
2700
5986
100
2172
3935
7112
4398
2621
1151
2253
7165
4760
10
4177
4362
2230
1247
3769
6193
2659
4271
6012
6084
1266
1269
6089
3111
1277
3763
3967
5190
1052
1356
964
963
962
1439
5897
2113
2109
6279
7023
3810
944
2105
3744
3571
2100
3814
6285
3033
3572
5084
943
6307
2129
4834
2593
123
6205
2592
5213
130
5227
6219
2722
3930
2724
6228
2141
4254
7049
3489
143
1412
6418
5110
5951
6870
4766
1825
3666
3851
2431
6695
5520
5638
1631
1892
5631
1627
6711
6713
5622
4570
4648
1731
1624
5041
6554
2871
4239
2452
1680
1791
6685
335
671
5499
1662
2482
5665
1647
2487
3872
3651
6770
2481
380
6626
2885
2971
3899
5487
3646
4534
4544
3436
340
1726
5656
3430
3398
1845
1711
2499
2934
733
2932
3180
450
1595
2500
1593
462
5683
2501
6431
358
2816
753
4609
2494
3432
5572
4535
4616
3404
1842
2936
6741
426
3889
444
1938
127
5492
1363
977
124
5926
1933
6273
2301
6029
2889
2714
967
4740
2559
3188
980
3639
4342
2735
6254
7046
6256
2293
1407
5933
6557
2873
4345
4257
1391
3254
1733
4806
3495
6805
4907
6803
5917
4030
1378
4804
1741
2729
5784
7085
4219
41
476
4391
7145
6101
2209
3679
7147
1159
4954
2401
6726
4953
4396
6724
2619
7137
1143
3116
32
2938
4120
2648
6019
1208
448
436
6768
5561
3123
453
454
2657
6765
6057
6060
1249
2894
4951
3097
6784
6177
4940
7084
3757
2175
6674
2701
2607
6671
1341
1776
5119
4541
5503
5652
3871
2676
1090
3996
1294
1298
3185
514
6155
1111
5174
1322
2692
3387
7098
3146
6689
3149
94
4262
1793
2463
4203
2338
4324
6836
1474
6371
6457
3578
4717
5048
1599
2325
2761
6320
5315
1547
3815
3369
6890
3574
3225
1679
1592
