4547
5994
5990
6991
4548
3883
4845
2182
4543
4849
5711
4830
5572
4544
5714
5660
5152
2188
4545
5996
4844
3889
2535
2185
2442
4541
5993
4374
2180
5117
5249
4841
1302
6990
5991
936
4840
4848
2261
4540
6931
5861
5717
5856
2230
6992
1290
3769
3845
941
3409
7025
2638
2189
1738
1306
2616
3842
2186
5666
6998
1433
2979
1062
2755
5883
4542
2184
6809
4546
6805
3429
4384
3408
4846
1307
3878
4622
3848
5886
5080
3173
5638
800
5636
5716
5155
5995
3888
3887
5575
6914
5574
5781
3840
3041
3526
4372
2008
4340
3881
4342
2265
4345
139
2122
685
1303
1305
452
2816
3930
2633
3988
5997
3760
808
811
2740
130
4450
7082
4549
6997
1248
1222
5075
1177
5079
2211
6729
1161
3798
5225
4189
2181
5396
1023
3407
5653
3821
4570
3424
3886
1063
3885
1800
487
6007
1228
1577
4940
1187
1169
5104
1055
927
5677
6449
1733
6802
6445
1229
5862
1476
4379
4375
684
644
5679
5719
6320
2449
2933
94
3454
2851
3555
2854
7057
138
7084
2125
2484
1871
3212
3524
3422
2684
3048
2668
3361
1458
2305
6818
6935
3626
6933
5397
486
6826
1559
2262
3572
2661
3528
6780
6566
7132
326
3403
2815
6564
1430
426
1435
1437
1438
5889
2002
5314
2440
2001
2447
2377
2219
6276
1967
4860
922
729
730
945
1803
1812
2669
6919
6387
3880
4989
2887
2885
3823
3884
6714
1301
3317
1300
4273
4271
4263
5675
2814
1641
4181
1680
2506
2639
5999
1846
3244
4209
1164
2373
3102
5002
2562
6395
5855
6672
3261
5840
2441
2392
41
885
847
846
2458
6471
939
2448
840
6499
948
5715
5119
977
5443
2528
5751
2444
1057
1060
815
6546
5315
5312
2536
5223
5718
1224
3367
6689
6806
2607
661
2785
2708
4348
1966
1596
1612
1730
204
6927
2127
4061
3717
606
3968
6923
6177
3767
6242
6252
6254
6908
3882
1851
6857
6800
3620
7085
3385
3406
4773
5887
2767
4761
2183
4692
4690
2196
721
4574
4572
6993
6785
1297
1423
3362
5876
845
6119
5880
5874
603
733
6085
848
738
536
806
764
2828
688
2733
814
2718
2613
2881
817
5884
5805
2695
5825
2631
2634
2617
6028
1862
5656
4373
3628
4508
3625
3571
3551
3522
3501
2123
3427
3423
4577
4578
4770
2187
1571
2192
1963
4125
3856
3847
1842
3810
3780
3772
3899
1804
1798
1766
3986
3761
4063
1731
4122
1692
2901
4847
4869
3001
1048
5407
5439
5448
5450
5475
949
943
5553
2452
5576
2926
2925
2481
1064
2214
5287
5263
1259
3281
2250
4957
2263
1190
5069
3224
2331
3849
3088
5173
5192
3045
3021
5270
5086
4820
6995
320
6892
6930
7006
6996
6442
6968
97
457
6842
177
7083
6850
7113
6918
6834
6947
6401
6906
6975
6823
6831
6539
1511
5115
6557
3314
4422
5159
719
324
3322
2204
692
3980
5077
1165
6118
1794
1251
6088
7118
4907
1470
1471
1474
6011
441
3417
3415
1211
5046
4507
5958
5070
657
5942
4497
4381
5085
2917
3306
2232
2983
1910
3778
849
1880
7011
3225
7014
5674
942
5663
938
7016
3174
2021
5652
6472
5580
3146
1592
2327
5614
841
837
6437
3775
2989
446
5828
1051
5818
5393
780
4371
1633
3029
5328
5800
1630
1029
1544
5431
3768
5769
810
813
6427
2386
3270
579
3144
2005
514
2619
6277
4042
1759
3966
7145
3696
4721
3453
4822
561
476
3973
4777
2618
2687
4823
2689
4065
3985
4650
6803
6290
1737
571
4671
6808
1294
6719
3610
6293
2632
4767
4771
3575
4774
6862
3516
2666
6907
1265
6274
7030
4576
4370
3765
1632
3028
3766
3042
2238
512
3676
1059
4235
5227
92
3333
1654
3513
5866
735
4825
6980
7139
1054
7055
3853
3312
450
6554
4378
5850
4252
4376
758
2431
6939
6901
4026
1012
1016
2367
2678
6517
4278
964
5678
3216
5671
3215
3824
3103
359
3251
3603
3107
5557
929
2037
3113
3168
6782
4673
5640
1590
462
907
6493
1627
3580
5487
807
6418
3265
2609
2635
1549
4765
1874
5759
3771
5445
78
4746
4019
167
5735
4353
6932
5474
2266
1619
2267
6434
1616
3260
218
5456
1845
2212
1696
6954
6680
7112
3405
3459
236
3404
2746
2852
1198
6876
1197
2841
1196
3398
2085
3391
4498
3386
6223
5930
6661
3712
1168
4490
1166
1808
6224
3414
6001
4884
6124
1258
570
1965
2781
4524
1961
1466
1456
6157
6929
1972
2787
6062
3428
1969
2547
4969
6035
1453
6351
2820
3420
6847
3967
6076
6878
3716
2173
7133
687
105
1304
6345
424
2931
2483
5178
6894
4183
4445
710
5176
711
3479
1309
5201
2936
1308
1162
2912
1160
5100
321
5198
6577
4521
5498
5510
4341
4339
2209
2126
4397
3425
1564
6692
3581
960
1516
4804
6945
3621
4889
3619
2121
137
5579
2191
3158
6801
1962
5226
4842
4906
1255
3504
2200
2124
6829
4710
3327
4904
1249
3193
3421
5177
6514
4613
2004
6683
2213
5072
1997
1545
4500
3660
6926
1024
1181
3663
4769
1298
6677
3289
4474
906
1950
1299
314
2237
6824
1047
4488
1163
5390
2065
4882
1191
6941
1978
5153
5486
987
3578
3455
4806
2269
3699
3313
1220
1194
1217
2145
4865
3774
1931
5449
3400
5441
3758
3363
5335
3476
5150
1772
3622
2325
1659
705
6367
6364
6896
697
2475
2930
418
681
1818
7090
4164
5947
5952
6841
4156
4145
2893
2525
415
1856
2390
6422
812
805
3046
1628
3043
4262
734
7028
3024
3022
3020
3017
3846
2443
7046
413
788
1701
3937
2533
6258
6259
3974
453
6280
4029
2698
3978
6257
6299
2674
2648
3984
1765
6867
464
1767
460
1761
3972
7138
1783
437
6002
6003
2819
4120
3940
4085
6113
4069
566
6853
2747
2745
6217
6222
6860
