5002
5270
5967
3148
1903
3141
2133
2380
2151
6502
516
3262
3142
5730
4729
1644
5475
3952
6498
2879
6359
1328
5942
5071
310
6157
320
321
2058
323
3754
2236
1955
376
366
6287
6731
3490
6803
4720
4836
4840
5781
4363
1029
2314
6742
1858
598
1334
1098
3361
5727
365
370
515
324
514
5599
2016
7135
3120
5047
3951
6089
5092
5711
1855
4861
2958
6834
6942
6847
353
6744
352
5745
3878
6087
3551
354
5381
5978
4375
1657
3921
7099
1854
4668
5001
1857
6071
5846
437
2125
903
1699
5046
3123
7138
2386
4754
6435
2893
1513
5899
1284
5968
1809
6182
4721
6083
791
5894
4262
3158
2878
1704
5098
5882
4297
3805
6748
5070
3857
4694
5952
3045
1850
6747
826
2925
6156
3143
513
6337
6749
6515
756
2635
750
375
5450
6245
1578
996
512
5969
3753
96
5964
4366
5966
4547
1325
6935
3590
4607
6832
6984
2015
1928
7034
4726
3856
2075
3790
4068
1684
3126
3956
786
5633
309
2674
892
4367
4371
1681
7033
3140
3611
550
5720
5718
650
5680
411
5977
3146
840
3149
6988
3145
656
263
4290
5662
1921
5715
3974
6931
6507
5681
314
2042
4904
751
2839
6336
6063
4623
3491
4908
3063
6243
5451
3802
4752
1708
7147
565
4843
1772
6019
1577
919
1077
3332
4474
325
7038
1690
6211
3798
3075
4060
1532
1189
3121
653
3877
7127
3939
3014
5577
7139
767
763
33
5400
2539
3105
2634
1587
298
297
785
5284
1687
6318
1958
5597
3066
3935
744
798
800
5645
803
3930
1540
2070
2710
3756
2841
5482
6714
470
1658
1072
6741
553
1091
3320
914
5741
1852
206
474
4373
3528
4844
3435
4728
6827
1973
6828
983
1023
4723
2833
4765
3383
6830
6831
2835
5808
1700
202
6532
6940
1481
536
5896
3267
67
1170
1148
6533
2317
5183
4239
6537
3716
2881
479
4336
4351
5898
5893
267
2284
1611
6510
5594
2979
6031
697
3022
6145
5958
5652
5699
1686
429
5734
6078
476
1694
676
6088
672
579
471
419
440
6070
5703
556
5595
2711
377
2847
1628
256
6991
5077
6941
5083
4761
64
3751
1415
5076
3389
5121
1483
849
4061
1286
3144
6449
2343
6739
2261
6571
6746
948
1440
3363
6908
706
1859
3700
3323
4372
4347
209
6764
3268
2108
1922
6881
3978
4541
1208
1538
4600
7098
6333
2175
3870
2570
3931
5428
2591
1257
3043
5461
3029
3809
1754
3804
2382
318
3933
3124
3122
1950
3128
6824
6800
5239
804
5283
2475
792
787
6342
802
3953
4563
558
4545
3530
3028
2717
4513
1346
4327
4295
3712
4094
2783
1655
3971
1682
517
3932
3927
3875
4524
5831
929
1028
5683
845
5184
5671
1499
2901
5233
811
807
2865
806
5346
1537
5374
753
5380
5382
727
5591
5470
3083
1482
5108
5096
4722
997
1653
2815
3366
5785
4873
5750
5747
3335
1627
909
905
5735
3269
5034
5038
5723
5079
5086
5093
1654
1979
1261
6185
7037
6012
2431
472
2244
2045
295
6025
6348
6038
6997
6990
1937
6686
5997
6058
2061
322
326
327
2515
358
359
91
2157
6132
1726
2150
2670
2128
6733
5996
2705
6511
6439
2422
7112
7104
5989
1696
6508
7141
2713
6503
1689
6519
27
6493
6505
5984
1018
2265
3020
2360
6836
3448
5181
248
4674
4696
139
2183
2184
3041
6825
995
994
5152
1024
372
4647
4537
5646
6177
3553
1068
6885
3541
2145
4548
5177
2154
6862
2638
1043
6843
378
3525
3521
3516
3422
3011
3495
4564
6262
3385
6263
871
1856
5313
6530
2496
788
3308
5237
5016
6390
6660
793
908
6384
5278
207
3289
3266
5939
217
6375
3100
3099
6703
3336
6806
3050
344
3108
3384
4777
5375
4839
168
3362
5429
5200
762
5371
4903
315
5210
5650
1442
312
1773
4951
3068
2933
5946
435
557
3950
6936
2846
1226
3937
5883
615
6981
2851
4322
2116
2785
1280
3622
7036
3800
4265
3694
1289
1195
4035
6949
2706
2702
4020
3794
5737
6046
4251
3979
3976
1211
5835
5728
2014
2848
3595
1685
518
657
4475
5658
7137
654
2127
399
4437
1250
2005
2899
405
6914
6982
413
99
530
94
5689
6137
6559
249
3147
6662
1478
5010
2013
5005
1285
4026
1273
3792
4028
2324
1448
6713
2241
4957
3808
5080
6536
3806
7
5052
7054
6516
2336
1964
1281
2260
5037
6626
3276
3286
2051
1282
7067
1269
7111
5017
7030
5134
907
7131
2000
3970
1841
5084
1081
3781
1116
1388
2119
4362
4361
1338
3470
1020
1019
1017
1016
2159
4353
2113
3646
93
1139
95
4602
4531
2138
6901
4538
1067
6907
4544
105
2148
4453
4549
1370
6911
1343
4601
4376
6826
6929
3432
963
2218
2233
4235
1355
66
3718
4860
2235
1862
4128
1437
3755
2238
6966
4250
964
3368
3380
78
1147
991
1149
4272
6816
4271
6980
2210
6783
3687
6782
2215
4264
4820
4824
2212
5173
6538
5485
6301
2784
1647
6310
749
402
6331
5805
328
1729
1539
758
759
538
6047
6335
5990
3069
533
450
417
1774
1775
1695
5322
1620
6062
782
6133
616
539
5659
5596
3000
2357
3013
371
3018
5830
677
5566
5541
5520
363
674
5407
3023
473
2659
2598
2807
3042
5644
6027
6159
6225
5655
5657
5424
2667
362
1779
3848
5930
5266
6433
1496
1624
2396
6072
6084
827
834
1713
1718
5725
2384
1688
2424
6380
5201
5274
2379
2387
1515
6079
844
6351
5938
2700
5907
1815
6354
2708
6945
4499
1717
670
1070
3563
114
4530
3972
5647
1073
4507
69
3715
5774
4296
7016
384
5614
6188
4562
119
3959
3532
4551
2065
2842
3758
5632
3537
3966
5764
3539
6069
4546
388
2970
61
1929
2960
3750
3574
649
1926
